1.049414
0.288781
-1.151203
-1.023189
-1.407519
-1.753023
-1.035737
-1.033376
0.168461
-0.160144
-0.267161
0.517380
0.541223
0.417659
0.196468
-0.121601
0.135257
-0.185293
-0.296416
-0.133760
0.399908
1.075303
1.706466
1.745744
1.544273
1.011558
-0.756039
-1.341510
-2.339433
-1.692294
-0.681458
0.555156
0.781744
1.043234
1.936536
1.940338
1.755848
0.333714
-0.554267
0.117143
0.042121
-0.390635
0.374618
-0.178308
-0.883102
-0.395944
0.570296
1.228429
2.478249
2.760322
2.087740
1.615406
1.416570
1.196900
0.581231
-1.242333
-1.059020
-2.218054
-3.603653
-2.178246
-0.626077
-0.288204
0.145242
0.622747
-0.023345
-0.115185
0.692060
0.858869
0.337161
1.169907
1.632284
1.035911
1.194469
0.114453
-0.578351
-0.202899
-0.739415
-1.666623
-1.097657
-1.612265
-2.100849
-1.072735
-0.304286
0.247401
0.847681
1.196713
1.726683
0.529114
0.000330
1.063251
1.074701
1.451823
1.084432
0.859698
1.037081
-0.403412
-1.063423
-1.320623
-1.265673
-0.624511
-0.047017
-0.104622
0.879434
1.494226
1.043549
1.124353
0.800113
0.531393
0.634767
-0.179636
0.009920
-0.059748
0.686752
1.031127
0.601053
0.286502
0.644518
1.377594
2.032252
1.442723
0.942682
0.705973
0.241403
0.339092
0.416410
-0.161215
-0.610362
-0.511472
-0.252010
-0.123725
-0.662688
-1.172225
-1.278744
-1.296867
-0.760133
-1.705737
-1.976781
-1.687920
-1.512203
-1.090668
-0.222657
-0.198454
0.311626
1.311907
1.684545
1.373333
0.503478
-0.962193
-0.672130
-0.966539
-1.591450
-0.679072
1.050994
0.885209
0.500272
1.158172
1.228931
0.726583
0.919340
-0.345748
-0.438720
0.818102
0.635332
0.326677
-0.157447
-0.094171
-0.485911
-0.563709
0.486217
0.172024
0.690852
1.176035
2.018274
2.058241
1.444873
0.503476
-0.169114
-0.579868
-1.024242
-1.615582
-2.320475
-2.404826
-1.166281
-1.207835
-1.357915
-0.518843
-0.726207
-0.658482
0.005143
-0.139815
0.149047
1.243053
0.387115
-0.527868
-1.281438
-1.116250
-2.406531
-3.174870
-1.870169
-0.299762
-0.052228
-0.350835
-0.273587
-0.205375
-0.269275
1.128521
1.265060
1.416323
0.915408
0.927032
0.931882
-0.148024
-0.627803
-0.656795
-0.303833
-0.562555
-1.307851
-0.070861
0.558029
0.724106
1.710386
1.164857
1.184616
2.135427
2.112196
1.357667
0.685552
0.588990
1.397452
0.957405
-1.237107
-1.450387
-0.072760
1.034175
0.996774
-0.774818
-1.007270
-0.292878
-0.735967
-0.275479
-0.633136
-0.240511
0.103407
-2.189133
-3.044014
-0.709528
-0.712836
-0.544224
-0.370690
-0.709127
-1.172663
-0.608629
-0.253464
-0.834045
-1.390051
0.461510
-0.030080
1.073791
1.812072
0.636505
0.467066
0.651827
1.241100
1.219398
0.425500
-0.312012
-0.465363
-1.061558
-0.968344
0.062658
0.438264
0.423417
-0.139179
-0.247858
1.212906
0.544661
-0.722507
-0.001397
-0.186097
-1.069848
-0.804930
0.520645
-0.267550
-0.246118
-0.185460
-0.325537
1.670475
0.800672
-1.267750
-0.404294
-0.124759
0.425202
0.167711
-0.932074
0.426199
1.741515
1.438939
1.337067
1.520956
1.006263
0.298586
0.151886
-0.431357
-0.847413
0.035343
-0.208335
-0.299700
0.364598
0.520343
0.252228
0.781728
0.512777
-0.403536
1.098599
1.382558
1.025392
0.595460
0.778571
0.311070
-1.421264
-1.633854
-0.573731
0.617364
0.589754
1.455242
0.624226
0.099163
0.556527
0.290025
-0.402422
0.334110
0.508902
0.478659
-0.193088
-0.817250
-0.524609
-0.286834
-0.230569
-0.310107
-0.020836
0.484403
-0.160477
-0.699504
-0.284559
-0.001773
-0.187514
0.872316
0.464956
-0.718799
-0.364600
-0.359489
0.219238
1.462132
1.080926
0.909193
0.884670
0.946772
-0.624071
-0.809021
0.137185
-0.963552
-0.484470
0.841207
1.162715
1.058364
0.547621
-0.050898
0.831295
0.306365
-0.844569
-1.816969
-1.863181
-1.303261
0.098336
-0.425684
-0.686728
0.592123
0.108432
-0.396303
0.183911
0.203098
-1.353824
-2.140105
-2.337748
-2.591974
-2.945679
-2.215078
-0.605044
-0.826346
-1.078600
-0.151173
0.381016
-0.026130
-1.603499
-1.348624
-0.771130
-0.644974
-1.256523
-2.363139
-1.564220
0.023086
-0.018794
1.020074
0.826693
0.666847
0.825580
-0.205068
-0.150298
0.315903
-0.280285
-0.284151
0.449537
1.163191
-0.400674
-1.095636
-1.415997
-1.238290
-1.103436
-1.169743
0.391768
0.342626
-0.095681
-0.308283
-1.038644
0.198531
1.069291
2.381484
2.203035
1.966724
2.398693
1.761305
0.943617
0.415561
-1.367968
-1.607370
-0.428549
0.676512
2.080567
0.962058
1.082819
0.578742
0.184935
-0.071649
-0.611828
-0.635499
-0.102613
-0.825946
-1.684425
-0.660548
-0.476850
-0.379233
0.455941
-0.387121
0.526721
0.021690
0.306011
0.589017
0.602044
1.267251
0.727128
0.422844
0.517747
0.414670
1.117933
0.717100
1.071589
1.450958
0.316720
-0.144528
0.485254
-0.851274
-1.370181
-1.915794
-1.455201
-0.449247
0.771266
1.559763
2.133837
0.611627
-0.232173
0.474685
-0.383308
-0.613483
-0.283724
0.210820
0.403155
0.346595
0.340552
0.207834
-0.029410
-1.209988
-2.306174
-1.768629
-1.287855
-0.769187
0.256990
0.461188
-0.361404
-0.571506
-0.124684
-0.471702
-0.648128
-0.854524
-0.196344
-0.034920
0.739835
1.226421
1.044786
0.776618
-0.531677
-0.432752
-0.463643
0.890825
1.149731
-0.210855
-0.033977
-0.127657
-0.680983
0.264655
0.180123
-0.306421
0.325766
0.512578
-0.271340
-0.771866
-0.798012
-0.709253
-0.319580
0.761515
0.704788
0.834888
0.856172
0.898644
-0.873696
-0.969477
1.051307
1.008974
1.754507
0.909140
0.248289
0.452134
0.983789
1.510131
-0.010890
-1.645641
-1.657063
-1.203128
-0.756153
0.250463
0.097888
0.048863
-0.296258
0.276745
-0.103751
-0.408503
0.810094
-0.018706
-1.159726
-1.097297
-0.267398
0.357441
0.504625
0.075055
-0.941559
-0.125340
1.346392
1.280952
1.128109
1.293707
1.050388
0.632911
0.349569
-0.244230
0.184399
0.370338
1.153999
0.893467
0.348921
0.042362
0.442852
0.722388
1.569102
2.401063
1.275742
0.958255
1.056779
1.380556
1.404700
1.126747
1.247329
1.211389
0.227428
-0.937646
-0.796508
-1.010369
-1.182810
-1.810024
-2.345094
-2.006543
-1.413794
-0.709014
-1.282669
-0.955871
-1.014056
-0.482035
-1.005269
-0.633660
-0.364949
-0.453370
-0.360286
-0.177866
-0.491334
-0.108624
-0.553986
-1.350581
-1.799443
-1.347347
-0.062532
0.624489
1.011442
-0.552669
-1.460708
-0.677282
-0.556706
-0.675052
0.111070
0.356008
0.591955
0.384359
0.885254
1.141155
0.369126
0.190579
0.627386
1.498598
1.173384
0.618215
0.367457
-0.609347
-0.866415
-0.613559
0.029556
-0.559758
-0.720164
-0.054596
0.137490
0.184008
-0.596942
-0.040118
-0.013202
-1.191583
-1.963450
-1.703817
-0.986256
0.443883
0.618427
-0.489992
-0.678717
-0.159303
0.541789
0.718762
-0.695821
-1.169871
-0.744707
0.886683
0.036522
-1.343180
-1.326479
-0.915084
0.527395
0.070731
0.880519
1.651388
0.833283
0.061374
-0.201208
-1.040909
-2.038585
-1.955559
-0.847378
0.340505
1.781013
2.251155
1.681666
1.168349
1.002172
1.227150
1.029189
1.304528
0.369593
0.501291
1.663680
0.848868
0.129210
-0.100701
-0.470671
-1.056907
-1.077540
-0.710976
-0.354174
-0.085955
-0.012776
-0.010209
-0.067564
-0.233397
-0.004185
-0.000610
-0.337289
-0.550466
-0.173935
0.469437
0.054968
0.001239
0.119024
0.118800
0.115171
0.564871
1.088714
0.508433
0.918887
0.190253
-1.217781
-0.799074
-0.140451
0.042516
0.331659
0.461214
0.458730
1.079350
2.392897
1.990933
1.181033
0.436744
-0.099833
-1.610610
-1.408081
-0.675824
-0.824563
-1.130445
-0.706551
-1.000743
-0.478916
-0.941037
-0.734505
0.249403
-0.306033
-0.394118
-0.921389
-0.321419
-0.501860
0.300155
1.029506
0.853530
0.514956
0.966587
1.043663
0.033275
-0.885718
-0.636635
-0.238768
0.928395
0.851252
-0.178433
-0.509055
-0.464332
0.003213
0.664926
0.559558
0.138589
0.074629
-0.104100
0.061589
-0.190918
-0.880294
-0.925026
-0.548661
-1.196224
-0.790020
-0.510717
-1.225374
-0.669802
0.269977
0.563451
0.681599
0.689247
1.039577
-0.004374
-1.586809
-0.861316
-0.433077
-0.570755
0.207927
0.559707
-0.922884
-1.617773
-1.131753
-0.263621
0.606764
0.757630
-0.247845
-0.980120
-0.096461
0.021137
-0.340002
0.346723
0.699975
1.543458
1.831903
0.231593
-0.259155
-0.147571
-0.385464
0.757894
0.550239
-1.510796
-1.397008
-0.043301
0.228029
0.946539
-0.587473
-1.865418
-1.222653
0.322548
0.942305
1.276280
1.700170
0.940982
0.165015
0.144693
0.483349
0.535717
0.232457
0.465589
0.844279
1.212216
0.629131
0.351726
-0.302493
-0.407712
-0.101785
-0.462865
-0.208518
0.404588
1.010889
0.673071
1.562379
0.808449
-0.456482
0.218637
0.015017
-0.311386
-0.913080
-1.138743
-0.233599
-0.535902
-1.302608
-1.316684
-1.192484
-0.752876
-0.456287
-0.339791
-0.980069
-0.802866
-1.133722
-1.833809
-1.264118
-1.307703
-1.513665
-0.478277
0.303016
1.043960
1.707650
0.290640
-0.141475
1.352348
0.876948
0.542421
0.915632
0.099262
-0.629993
-0.065537
-0.648663
-2.292263
-2.859205
-1.353742
-1.655931
-0.944853
0.731083
1.469637
1.247060
1.514808
1.883532
1.692595
1.742897
0.880818
-0.024444
-0.187494
-0.030551
0.703626
1.632954
0.148933
-0.278655
0.570048
0.382975
-0.237442
-0.086548
0.194290
-0.313879
0.773188
-0.054523
-1.113044
-0.684015
-0.711249
-1.746974
-1.991766
-1.906699
-1.957260
-1.176362
-0.223221
0.204970
-0.050441
-0.831229
-0.995739
-0.561409
-0.165967
0.414983
1.362209
1.594506
1.138408
1.024485
0.965796
0.399050
-0.544060
-1.026020
-1.571751
-0.747955
-0.516353
-0.694612
0.007162
0.923109
0.952096
-0.028756
0.729665
1.564587
0.180619
-1.276865
-1.222424
-0.711941
-0.598702
-0.121138
0.288083
1.227529
0.989912
1.726343
2.446686
1.773849
0.522773
-1.158607
-1.799420
-1.711055
-0.898122
-0.776180
0.038574
-0.275889
-1.269296
-0.466405
1.087427
2.449495
2.342822
2.317421
1.723206
0.796694
0.040818
-0.276986
-0.204233
-0.185610
-1.118750
0.480384
0.809801
-0.837507
-0.283797
0.018937
-0.175658
0.254462
-0.794859
-1.691290
-0.925538
0.651775
-1.035156
-1.240746
-0.404109
-1.450062
-1.200156
0.751364
1.772515
1.909583
1.060097
0.468320
0.647768
0.431619
-0.417768
-0.216792
0.845492
1.006411
1.332319
1.459314
-1.302361
-2.619903
-1.715695
-1.258673
-1.587716
-1.638070
0.461608
0.718905
-0.544333
0.151339
1.755939
1.753712
0.495522
0.289815
0.640896
0.037125
-1.054447
-0.911913
