-0.147287
-0.480256
-1.065443
-0.929152
-0.419910
-0.627163
-1.092435
-1.244514
-1.504884
-1.546521
-0.762131
-0.404125
-0.677249
-0.658675
-0.133072
0.145323
0.712372
0.833675
1.620309
1.488179
-0.520577
-0.877405
-0.077254
0.266343
1.108513
0.707313
0.832178
1.583502
1.311069
0.633090
1.682752
1.315311
0.643042
0.912475
1.377813
1.231652
0.440120
2.125618
2.257707
0.554201
0.480020
1.223559
1.258919
-1.117312
-2.146868
-1.044935
-0.949242
0.484007
1.331433
2.083663
2.600201
1.513801
1.312167
0.927623
0.879103
0.636366
0.075460
-0.816054
-1.207343
-0.939825
0.213233
0.567031
-0.030018
-1.181505
-0.798339
0.313119
0.851583
0.421334
0.325435
-0.021115
-0.298612
-0.313750
-0.004133
0.520822
-0.050162
0.022994
-0.530024
-1.035239
-0.291462
-1.413405
-1.148131
0.224303
0.121647
-0.815118
-0.341050
-0.432519
-0.042999
0.378505
-0.011943
0.483037
1.391456
0.276270
-0.706783
-0.482956
0.747163
0.298457
-0.540620
-1.245029
0.163715
1.420367
1.274362
0.770210
0.886723
2.122267
1.954996
-0.369071
-1.757385
-1.290250
-0.731605
0.232510
0.733441
1.711430
-0.067888
-0.460148
0.299325
0.729362
0.642919
1.393053
1.467153
-0.342540
-0.718187
-0.369825
0.349123
0.148855
0.678239
0.843592
0.684465
-0.256351
0.167649
1.355102
-0.103504
-0.789365
-0.295938
0.131051
0.072859
0.440503
0.761619
0.169776
0.508280
-0.257943
-1.316071
-1.292903
-1.659610
-1.088740
-1.164226
-0.587261
0.022977
-0.737067
-0.881554
1.371180
0.288287
-1.015010
-0.885393
-0.312673
0.337376
1.169847
0.645597
0.130501
0.321414
1.264003
1.323335
0.215405
0.019657
0.146852
-0.203404
0.169683
0.070686
0.443983
0.631661
1.210030
0.695797
0.601136
0.871617
0.756766
-0.187964
-0.573198
-0.668208
-0.047390
-0.658458
-1.721516
-1.543534
-0.574299
-0.496002
-0.687460
0.060560
-0.422955
-1.390765
-1.328581
-0.059446
-0.206686
-0.054352
-0.723682
-0.392584
1.073299
0.745545
-0.737326
-2.216727
-2.562221
-2.116339
-1.999528
-0.545813
-0.849747
-1.519529
-1.445910
-1.349621
-0.053527
0.689990
1.144279
0.628497
0.486157
0.939465
0.722573
0.970851
0.933930
1.599494
1.036977
0.569956
1.854299
2.504154
1.472566
0.087867
-0.916307
0.307675
0.839786
0.367226
-0.414123
0.983965
1.180938
-0.394369
0.050065
0.785408
0.714384
-0.253934
-0.761605
0.552632
0.072794
-0.768959
-0.643292
-0.659048
-0.642567
0.338414
1.648224
-0.086941
-0.341976
0.427402
-1.368933
-0.767478
0.013985
-1.608140
-2.408440
-1.094473
0.386009
0.139895
0.589510
-2.077138
-3.310757
-0.962097
0.929181
1.395414
-0.414221
-0.291376
0.202364
1.402450
1.971388
0.552770
-0.054062
0.540404
0.375262
-0.282177
0.022698
0.716278
-0.350207
0.274874
1.662459
-0.731136
-1.857162
-1.217115
-0.784111
-0.829564
-0.386285
-0.263369
0.202000
-0.014059
0.611101
1.275161
1.285167
1.542990
1.241534
1.210277
0.902427
0.879616
0.384962
-0.476579
-0.396506
1.164978
1.774127
-0.640200
-2.102510
-1.468168
-1.245593
0.426447
-0.168828
-1.369199
-0.753892
0.905828
1.549350
0.707313
-0.107151
1.263561
0.691292
-0.122957
0.948809
1.808411
1.862513
1.104538
0.430274
-0.026472
0.156594
-0.472213
-2.101115
-1.873294
-0.776321
-0.588776
-0.167274
0.569202
0.612931
-0.667876
-0.347841
-0.472395
-1.190937
-0.578557
-0.238824
0.623747
0.370737
-0.876813
-0.576952
-0.029876
0.477256
0.548474
1.001507
0.479618
-0.180329
-0.594634
-0.923933
-1.237095
-0.674367
0.415757
1.792911
2.217992
0.791667
0.507699
0.360837
0.439389
0.945398
-0.287558
-0.617886
-1.005436
-1.129305
-1.024897
-0.800060
-1.634930
-1.137634
0.082911
-0.189771
0.453873
0.084499
0.963474
1.119127
0.730487
0.891799
0.489406
0.136382
-0.336986
-0.383768
0.729901
0.458750
-0.330237
-0.379770
-0.601457
-0.450868
0.617976
-1.288533
-1.359038
-1.267908
-3.335711
-2.955418
-2.351458
-2.184373
-0.908208
-0.267177
-0.510222
-0.412040
0.375763
-0.951639
-1.437609
-0.543545
-0.259129
-0.135721
1.427603
1.047827
-2.257685
-2.899785
-0.785110
0.818383
2.757200
1.119669
0.053560
-0.034855
1.495521
2.379064
0.116516
-1.528288
-0.493795
0.140251
-0.578712
-1.640761
-0.549597
-1.604968
-0.314482
0.389190
1.234153
0.479309
-1.547137
-0.804008
0.621947
0.926649
1.236570
1.950508
0.056031
-0.853740
-0.313638
-0.110122
1.597727
-0.091356
-1.384292
-0.467610
1.124643
1.369829
0.514091
0.936438
1.916562
1.066848
0.959235
0.243467
-0.096888
0.454557
0.151896
0.014554
1.073652
1.718452
0.019137
-1.671726
-1.488286
0.519571
1.653137
-0.305528
-1.654045
-1.340118
0.398566
1.643337
-1.373259
-2.035488
-0.951151
0.820883
0.264161
0.019504
1.754802
1.333039
1.454986
0.301906
0.871599
0.643880
-0.665003
-1.081254
-0.487103
1.234794
1.903757
0.089632
-1.043006
0.027360
0.447587
0.019238
-0.217418
0.267090
0.332364
1.282237
0.924937
0.318067
1.082087
-0.965764
-2.941773
-2.422752
-1.570581
-0.325232
-1.276883
-1.562325
-1.655312
-1.156725
0.729530
0.736083
-1.126440
-0.553969
0.585496
-0.089625
-0.072905
0.879755
1.687350
0.008935
-0.713569
-0.255700
0.448460
0.113631
-0.450362
0.564859
-0.396341
0.071636
1.022379
1.804984
1.126196
0.287089
0.537067
1.644980
1.094351
1.346296
0.391422
-0.987216
-0.589594
-0.346931
-1.791260
-1.552554
0.526693
1.299650
2.260218
1.189999
-0.113562
0.165891
-0.637851
-0.183697
-0.161490
-0.540149
-0.483445
0.972074
2.423927
1.005368
0.366373
0.959378
0.240104
0.716964
0.552416
-0.366760
-1.325482
-0.942727
-0.656101
-0.608512
-0.472851
-0.265205
-0.064682
0.563984
1.530231
0.738962
-0.108089
1.092596
0.349069
-0.402077
-1.068385
-0.902501
-0.816631
-0.824291
-0.500760
1.814227
2.136465
0.192679
-1.016582
-1.474980
-0.392663
-0.936389
-0.299659
0.635844
0.464972
-0.018652
0.267503
0.385898
-0.104997
-0.060419
-0.229626
-0.433287
-0.849297
-0.521547
-0.355640
-0.233757
-0.271390
0.060403
0.352690
0.343795
0.111099
-0.228304
-0.421613
-0.072350
-0.322746
-0.306978
0.424466
0.439608
-0.423619
-1.237400
0.211746
0.427647
0.816770
0.797876
2.656962
-0.544076
-2.757361
-1.279679
0.759453
-0.009357
-1.132830
0.203125
-0.080683
-0.399905
1.209372
0.557048
-0.299490
-0.486479
-1.028337
-0.308095
0.470976
0.678311
-0.272832
-1.078887
0.061487
1.330102
0.843019
0.047725
-0.432943
0.477027
0.166369
-0.167601
-0.289783
-0.857009
0.383072
0.710109
0.067459
-1.369719
-0.774805
-0.337862
-0.091331
-0.192638
-0.600900
-0.952950
-0.524386
-0.352624
-0.816210
-1.615718
-0.599728
0.295231
-0.326582
-0.150369
0.209966
-0.733930
-0.198788
0.374284
0.400717
-0.758404
-1.394017
-1.257823
0.269801
-0.150420
-1.273026
-1.399124
-0.067525
1.418897
0.037725
-0.783280
-1.042346
-0.532479
1.226846
1.700267
0.681885
0.400929
-0.412929
-1.217375
-0.591527
0.146526
0.936887
0.503767
1.028195
2.057482
0.491408
0.288492
1.775697
1.558296
-0.558000
-0.866263
0.391204
0.699487
-0.289743
-1.129737
-0.829690
-0.540090
-0.012679
0.210797
0.039094
-0.177991
1.326030
1.718559
1.235899
0.561990
-1.690643
-2.334759
-1.197981
-0.953846
-0.586979
-0.566207
0.128201
-0.203238
-0.503744
0.247503
0.563879
0.048370
-0.552698
-0.440666
0.310828
0.061541
0.040837
0.869701
1.664056
1.516381
1.351772
0.452734
0.939363
0.647994
-0.519161
0.745575
0.579856
0.170313
-1.098285
-1.793581
-1.338006
-0.445006
-0.911071
0.281286
0.125541
-0.239754
-0.856291
-0.187460
0.229181
0.396042
-0.150959
-0.095998
0.817147
0.038673
-1.382260
-0.929800
-0.504727
-0.556792
-0.993426
-0.462317
0.755727
0.722603
-0.374234
0.192512
0.198260
-0.639768
-0.653924
-0.247262
0.086708
-0.333245
0.348720
0.843290
0.406856
0.492205
0.912132
0.482912
0.225064
1.026342
0.390004
-0.728308
-0.507760
-2.208255
-1.780951
-1.321666
-1.344819
0.370211
0.377387
1.699898
-0.085029
-0.322964
-0.051855
0.123329
-0.030901
-0.189558
-0.329364
0.022506
-0.074798
-0.848225
-1.114524
-1.212713
-0.610472
0.144239
2.245161
2.413033
0.155890
-0.729151
-1.047701
-0.968889
0.180960
-0.217302
-0.245741
0.506707
0.365035
-0.594865
0.570723
0.025724
-0.596117
-0.970245
0.353053
0.017444
1.110711
1.237987
-0.420387
-0.046598
0.449601
-0.219742
-0.729903
0.047386
0.390545
-0.521177
-1.004941
-1.055892
1.320603
0.476344
-0.219489
-0.382549
0.005157
1.143611
0.462590
0.161111
-0.275144
0.095112
-0.015066
-0.895788
-0.364339
-0.400452
-0.211039
-0.028745
0.231157
1.301594
1.271534
0.260384
0.344916
1.624216
1.887364
-0.387552
-2.268777
-0.881492
0.455610
0.571053
0.704260
-1.117424
-2.017047
-0.814402
0.199642
0.593273
-0.866128
-0.603297
-0.276637
-0.739839
0.561357
-0.252675
-0.236888
-0.926684
-0.768781
-1.890694
-2.891445
-0.935153
-1.342412
0.124700
1.136552
0.019455
-0.217374
1.425515
1.553055
2.461330
0.468324
-1.620122
-1.123102
-0.386380
-0.257579
-1.827488
-1.809186
-0.381969
1.399730
2.838953
1.135491
-0.324112
-0.023556
-0.064132
0.063208
-0.220654
-0.511553
-0.743885
-0.319866
0.135386
0.560577
-0.238037
-1.331553
-0.281488
0.158354
0.078813
-0.904393
-1.164110
-0.905966
-1.364072
-0.935632
-0.651470
-1.053573
-0.966670
0.026981
1.440752
2.132009
0.926765
0.659315
1.203906
-0.010600
-1.200732
-1.245789
-1.094430
0.330395
0.717195
-0.508874
-1.376640
-0.393720
0.979865
1.659115
0.105646
-0.761701
-1.113266
-1.617052
-1.198793
-0.474878
0.170862
1.104185
0.843085
0.727717
2.343954
1.823934
1.074719
-0.369645
-0.448854
0.857738
1.945295
2.813194
2.439102
1.596379
0.711692
0.852399
1.807985
1.113785
0.421586
0.053021
-0.761804
-0.976793
-0.707714
-1.971689
-2.890629
-0.747458
0.543683
0.645369
0.102466
0.898076
2.222672
3.108285
1.844500
0.754875
1.325150
1.103183
0.522141
-0.885694
-2.087822
-1.151044
-1.191737
-0.479279
-0.471294
-2.174212
-1.138581
0.482580
-1.041378
-2.356714
-0.874929
-0.199814
0.046161
-0.294056
-1.217372
-1.105831
-0.742194
0.605521
1.950117
1.230406
0.460607
-0.256668
-0.028223
0.303088
1.259845
0.400774
-1.389039
-0.751845
-0.623242
-0.616688
0.573436
0.147313
-0.590560
-0.193189
1.259739
0.884340
0.100596
0.605660
0.122133
-0.180001
-0.029993
0.016811
-0.046267
0.016729
0.002535
0.378331
0.231691
