1.440610
1.837185
1.966225
1.082442
0.149056
-0.325433
-1.099507
-1.404352
-1.512390
-1.625839
-1.518164
-1.472944
-1.030816
-0.446765
0.151292
0.298641
0.035836
0.455033
1.043902
1.306640
1.118348
0.592680
-0.185937
-0.760010
-1.196250
-1.634329
-1.735989
-1.643750
-0.981201
0.169028
1.126044
1.511227
1.885423
2.293820
1.982288
1.461171
1.267574
1.138844
0.613428
0.366223
1.109525
1.832637
1.564758
0.389106
-0.458852
-0.682893
-0.721449
-0.440746
-0.274015
0.470658
1.123271
0.595894
-0.028048
-0.399622
-0.771898
-1.498807
-2.104784
-2.362902
-2.462981
-2.773026
-2.734481
-1.438216
0.205614
1.084287
1.627045
1.945243
1.827439
1.359637
0.737596
0.203791
-0.360017
-0.639652
-0.349270
-0.468026
-0.676770
-0.241649
0.606133
1.149817
0.991513
1.097436
1.231122
0.925974
0.851036
0.661183
0.275615
0.131500
0.005827
-0.019812
-0.012295
-0.034816
-0.148779
-0.093131
0.146483
0.116348
-0.118416
-0.350930
-0.572224
-0.810792
-0.744011
-0.250571
-0.170940
-0.070094
0.203799
0.043967
-0.436144
-0.666092
-0.141560
0.545375
0.481358
-0.065353
-0.453214
-0.634732
-0.900661
-1.219935
-1.298280
-0.934185
-0.486329
-0.019452
0.251137
0.321195
-0.063857
0.346971
0.058048
-1.002246
-1.645997
-1.310394
-0.483053
-0.124622
0.195891
0.549555
0.291195
-0.031355
-0.137013
-0.677698
-1.299721
-0.944473
-0.413612
0.598052
1.006090
0.568174
0.464246
0.137321
0.413864
0.588181
0.372116
-0.067628
-0.552386
-0.645946
-0.122076
0.089835
0.037486
-0.063652
-0.143177
0.337721
0.006060
-0.294526
-0.402479
-0.408202
-0.326671
0.263772
0.901643
0.375315
-0.268535
-0.332079
-0.626663
-0.616505
-0.367990
-0.543965
-0.938527
-0.863497
-1.321161
-1.677683
-1.310844
-0.116344
0.633802
1.060147
1.387728
1.555807
1.243819
0.631701
-0.042211
-1.047984
-1.504735
-1.623852
-1.471726
-1.241344
-1.399908
-1.206808
-0.657232
-0.086106
0.988455
2.027835
2.373963
2.096729
2.045403
2.172273
1.931993
1.575200
0.919020
0.318484
-0.054625
-0.221242
0.333587
0.514930
0.389325
-0.206750
-0.583303
-0.382945
-0.291256
-0.412728
-0.287653
-0.584564
-0.957717
-0.918020
-0.816849
-0.378415
-0.270257
-0.288865
-0.112089
-0.005753
0.107599
0.528366
0.611539
-0.048018
-0.361905
0.009044
-0.008732
-0.262240
-0.233437
0.051331
0.084783
0.526677
0.855571
0.656485
0.464382
0.160582
-0.264564
-0.241487
-0.213155
0.033239
0.181904
-0.061461
-0.831767
-1.565507
-0.821652
-0.072339
0.097704
0.203925
0.820120
1.275683
1.281768
1.340481
1.065327
0.654898
0.185368
-0.658681
-1.150656
-1.406075
-1.282083
-1.205495
-0.388594
0.776436
1.479020
1.805286
1.392483
1.064015
0.885063
0.887292
0.582704
0.006364
-0.557037
-1.163471
-2.064453
-2.450001
-2.033868
-1.516690
-0.938900
0.460385
1.683171
2.048896
1.430038
1.138198
1.178980
1.356068
1.368129
0.745759
0.340616
0.031423
-0.476529
-0.563168
-0.895314
-0.849986
-0.028353
0.385389
0.216706
0.195702
0.617523
0.567694
0.403254
0.406236
0.496757
0.426821
0.299859
0.401464
0.273745
-0.230125
-0.584911
-0.733541
-0.479780
-0.331479
0.243444
0.455089
0.338431
0.289979
-0.149166
0.326015
0.632383
0.573842
0.844702
0.924760
0.767863
0.144405
-0.652939
-0.859451
-1.094895
-1.376661
-0.653146
0.065411
0.506600
0.516636
-0.071591
-0.184174
-0.105970
-0.103953
-0.333111
-0.643169
-1.091627
-1.378257
-1.281342
-1.438444
-1.611776
-1.096495
-0.493330
0.262596
1.066163
1.174395
1.196793
1.099835
1.016329
1.098164
1.134064
1.102172
0.887202
0.403188
0.305913
-0.061045
-0.773766
-0.399582
-0.356704
-0.461583
-0.428020
-0.252643
0.121492
0.155741
-0.261115
-0.695031
-0.680938
-0.657902
-0.471474
-0.238890
-0.309651
-0.319256
-0.166041
0.199249
0.619098
0.762316
0.550511
0.484513
0.446917
0.097531
0.301181
0.432128
-0.182859
-0.560841
-0.049494
0.317313
0.260926
0.107722
-0.051331
-0.042453
-0.299683
-0.725217
-0.591987
-0.276232
0.141923
0.617579
1.069004
1.277331
0.596514
0.115664
0.399115
0.148163
-0.128309
-0.284652
-0.380374
-0.603542
-0.277846
0.087216
0.163456
0.354930
0.188998
0.062843
-0.263289
-0.179900
-0.104094
-0.374610
-0.504217
-0.209890
0.230284
0.797209
0.907104
0.733064
0.824098
0.746427
0.478157
-0.017683
-0.632350
-0.696785
-0.496999
-0.018540
0.249780
0.326024
0.552511
0.564914
0.315807
0.451936
0.810523
1.142979
0.693342
0.025382
-0.473253
-0.409721
0.218821
0.616521
-0.013509
-0.622991
-0.930227
-1.280735
-1.078564
-0.673550
-0.744323
-0.833430
-0.717509
-0.512511
-0.359259
-0.240195
-0.369264
0.029882
0.303412
0.166100
0.025646
0.065396
0.130399
0.163334
0.172262
-0.518642
-1.803195
-2.006621
-1.450500
-1.010798
-0.450379
-0.074547
-0.103108
-0.132148
-0.021619
-0.504975
-1.092667
-0.877866
-0.447189
-0.464857
-0.354208
0.032641
0.153821
-0.107354
-0.309101
-0.062666
0.326774
0.739216
0.094800
-0.687894
-0.726901
-0.741629
-0.540853
0.159479
0.739081
1.128525
1.092318
0.917625
0.793073
0.370792
-0.318841
-0.916536
-0.804750
0.030318
0.636566
0.445302
0.258675
0.231719
0.306295
0.457233
0.663850
1.184245
1.138916
1.590546
2.079773
1.721938
0.936529
-0.185277
-0.901581
-1.619096
-1.815155
-0.961190
0.050676
0.807461
0.673726
0.352403
-0.300394
-1.053834
-1.030338
-0.883769
-0.772675
-0.084445
0.551603
1.276475
1.461846
0.774843
0.152499
-0.685503
-0.882229
-0.919715
-0.789567
-0.703756
-0.113785
0.370929
-0.383923
-1.206604
-1.151887
-0.577731
-0.031881
0.448216
0.674872
1.025227
1.177934
0.535962
0.066385
-0.393825
-0.624436
-0.430229
-0.212046
0.029863
0.356798
0.297412
0.264970
0.456481
0.208408
-0.451064
-0.733837
-1.192849
-1.202381
-1.068138
-0.959341
-0.768779
-0.356370
-0.002723
0.065429
-0.021718
-0.113198
-0.142381
-0.059553
-0.219262
-0.370126
-0.958630
-1.411816
-1.218452
-0.778331
-0.727949
-0.479987
0.119256
0.538751
0.742997
0.835929
0.795569
0.568775
0.606153
0.928245
1.039365
0.729870
-0.066490
-0.180665
-0.152735
-0.131030
0.057847
0.350085
0.759635
0.672163
0.176425
0.095787
0.504762
1.249801
1.939343
1.946891
1.453644
1.223880
1.455476
1.382880
0.981519
0.590156
0.004199
-0.479684
-0.487626
-0.236662
-0.794193
-1.083281
-0.875449
-0.173861
0.385156
0.936206
0.501015
-0.437639
-0.691337
-0.661497
-0.112256
0.349829
-0.112020
-0.385250
-0.001295
-0.230700
-0.040971
0.555998
0.431639
0.212877
-0.016136
-0.316093
-0.659778
-0.850208
-1.078464
-1.646754
-1.663397
-1.089030
-0.713953
-0.487967
-0.459936
0.164338
0.505437
0.208968
-0.027810
-0.645901
-1.316794
-1.416670
-0.934226
-0.713749
-1.042405
-0.760668
-0.355802
-0.350572
-0.299729
-0.345160
-0.108241
-0.322561
-0.562882
-0.305496
0.199365
0.798491
0.711302
0.625192
0.403917
0.329442
0.673932
0.456937
-0.009699
-0.441892
-0.379782
0.089975
0.515680
0.661866
-0.004226
-0.374933
0.343819
0.321264
-0.288598
-0.389641
-0.194207
-0.354705
-1.117117
-1.139015
-0.664112
-0.162512
0.214768
0.235369
0.001210
-0.206001
-0.519784
-0.701364
-0.663078
-0.619430
-0.555283
-0.113108
-0.408209
-0.699999
-1.248025
-1.383058
-2.133856
-3.478090
-3.563054
-2.638742
-1.965718
-1.274471
-1.228797
-1.610275
-1.503091
-0.658328
0.172244
0.623932
0.709108
0.540153
0.415159
0.106081
0.450258
0.851825
0.374476
-0.034163
-0.274446
0.364033
1.842960
3.313301
4.032165
4.583850
4.815650
4.639546
3.995456
3.600653
3.130318
2.589674
1.579333
0.461019
-0.365729
-0.466707
-0.326214
-0.716474
-0.629401
-0.025977
0.513528
0.981375
1.183280
1.385149
1.514174
1.481312
1.190922
0.765440
0.093663
-0.294740
-0.547114
-0.331713
0.161336
0.690361
1.568923
1.271719
0.655891
0.507324
0.312840
-0.109070
-0.691142
-1.065464
-1.224354
-0.969994
-0.546320
0.137140
0.811396
0.584807
0.299712
0.368496
0.430559
-0.012067
-0.276767
-0.230918
-0.247649
-0.185628
-0.157043
-0.566229
-1.105278
-1.531131
-2.037391
-2.669835
-2.911949
-3.078702
-2.735381
-2.548413
-2.322615
-2.014292
-2.259021
-2.737121
-3.212016
-3.044894
-2.547618
-1.646156
-0.819882
-0.318855
-0.235368
-0.134091
0.037811
0.476795
0.695953
1.137804
1.822020
2.138137
2.518021
2.941720
2.549184
1.663732
0.725983
0.466391
0.517050
0.615436
1.080704
1.543941
2.212606
2.477397
2.305598
2.106800
1.531699
1.639477
2.462876
2.092016
1.212046
0.951848
1.342632
1.481354
1.352923
1.018757
0.864150
0.826639
0.551405
0.151582
-0.096585
0.116816
0.325234
0.565399
0.967613
1.216217
1.410299
1.268032
1.091452
1.033899
1.334150
1.238028
0.356278
-0.230345
-0.909318
-0.970212
-1.093651
-1.664001
-1.791788
-1.042919
0.595011
1.334447
0.918311
0.748931
0.600269
0.668970
0.807827
0.668615
0.433991
0.381767
0.529788
-0.046389
-0.837736
-0.726545
-0.102827
0.014556
-0.401929
-0.737528
-0.821029
-0.471776
-0.138112
-0.659854
-1.096786
-1.183274
-0.784386
-0.103269
0.230573
0.149779
-0.244632
0.069579
0.720658
0.832069
0.842294
0.686802
0.413384
0.285170
0.278656
0.151702
-0.367538
-1.009021
-1.380989
-2.078503
-2.447294
-2.080715
-1.435445
-1.235889
-1.154863
-1.001021
-0.741039
-0.315002
-0.148951
-0.031830
0.373651
0.942722
1.304867
1.170187
0.807825
0.054373
-1.191322
-1.944148
-2.187098
-1.967256
-1.504965
-0.997360
-0.424434
0.314001
0.643714
0.731067
0.278806
-0.356724
-1.191925
-1.648186
-1.608457
-1.310837
-0.758800
-0.354020
-0.717837
-0.870390
0.077425
0.151435
-0.262834
-0.809072
-1.358139
-1.461254
-1.043026
-1.107544
-1.134554
-1.006944
-0.534608
0.134945
0.388954
0.393589
1.032547
0.611398
-0.575643
-0.428993
0.156581
0.082586
-0.478461
-0.877425
-0.501201
0.101113
0.613518
1.126094
1.123159
0.739526
0.547796
0.921572
0.891017
0.770084
0.852023
0.532932
0.197046
-0.220897
-0.420980
-0.077213
0.358918
0.159189
0.031044
0.337231
0.303898
-0.051099
-0.541021
-0.809527
-0.819027
-0.511490
0.072992
0.151081
-0.004136
-0.073211
-0.610366
-0.675740
-0.388246
-0.266480
0.143061
0.301679
0.154508
0.284232
0.307643
0.573972
0.541568
0.086524
-0.243738
0.027506
0.444377
0.589290
0.461529
0.247706
-0.032109
-0.153883
-0.024734
-0.217791
-0.141201
-0.034205
0.269095
0.298917
0.217404
0.100624
0.546750
0.902669
0.645798
