0.921166
0.657834
0.486508
0.231494
-1.188780
-1.168037
-1.175849
-1.691292
-1.411342
-0.642121
0.108967
0.823088
0.684486
0.275286
-0.468779
-0.776437
-0.328446
0.602614
0.795039
0.406267
0.740728
-0.203643
-1.389223
-0.291513
1.082723
0.239022
-0.513627
-0.265069
-0.326997
-0.601150
-0.052689
0.361045
0.824257
-1.460240
-0.346619
1.230493
1.368702
-0.332519
-0.187631
-0.087659
-2.189451
-1.868526
0.058522
0.816202
1.364567
0.101500
-0.221623
-0.557152
-0.906028
-0.574229
0.941669
2.270488
-0.019148
-0.679780
0.100973
0.815486
1.452051
1.154939
0.356022
-2.288434
-1.922940
-0.976280
-0.270024
1.368859
1.577407
0.473878
0.600832
-0.805083
-0.420308
-0.076346
0.187074
1.010661
-0.055111
0.515717
0.001996
-0.338833
-0.988845
-0.083599
1.157390
0.480530
0.558656
-0.261690
0.133028
-1.262247
-1.284747
0.560407
0.245585
0.529374
0.238100
-2.194128
-0.624596
0.687974
0.185209
1.159829
0.526184
-0.793873
-2.356591
-1.702939
-0.278885
-0.635928
-0.091947
0.451405
-1.618308
-2.145845
-0.400770
1.537340
1.049096
0.502335
0.561862
-1.184460
-0.423157
1.991778
2.187647
1.512933
1.019073
-0.550726
0.057397
1.117150
0.686289
-1.836531
-2.456856
-1.285723
-0.415982
0.747993
1.219905
-0.215851
-0.184093
0.711713
1.437157
1.890758
1.690909
-0.272140
0.366090
0.294909
0.527361
-0.201032
-0.777325
-1.882194
-1.599393
0.479271
1.057872
0.767570
0.477632
0.723477
-1.718659
-1.722600
-0.069044
-0.074994
1.006601
0.085276
-0.782494
0.353493
0.014833
-1.787586
-0.448368
0.766034
-0.480374
-1.517715
-0.586097
0.196886
0.861541
0.167918
-1.479897
0.011099
0.830401
-1.090911
-1.197167
0.681358
0.596568
0.095427
0.422032
0.461247
-0.017191
-0.222429
-0.385506
-0.088746
1.436335
0.650210
0.216029
-0.635697
-1.021114
-0.418589
0.010097
0.928479
1.211800
0.803868
0.619920
0.187988
0.015929
-0.782256
-0.606380
0.530000
0.078595
0.608703
1.125416
-0.039600
-0.377299
-0.043425
0.714823
-0.521799
0.594949
1.738096
1.176159
0.348878
-1.451445
-1.303721
-1.169375
-0.122218
1.599546
1.627114
0.719880
-1.230037
-1.151611
0.018572
-1.206968
-1.598114
-0.891182
-0.360746
-0.311709
0.538803
-0.484443
-0.587965
0.401013
-0.032624
0.030817
0.737647
0.232361
-0.108598
-0.390588
-1.909518
-0.207512
1.385399
0.587043
0.229068
-1.601950
-2.178261
-0.408290
1.033916
0.904718
-0.435019
0.190535
0.842149
0.890760
1.257216
-2.706469
-1.583443
2.315883
1.631458
0.954127
1.026972
0.935294
0.423343
-0.278368
-0.856001
-1.028493
-0.628894
0.222734
0.767319
0.055593
0.348180
-0.278506
-0.896945
-0.042401
0.442188
0.399325
0.900972
1.099022
0.602966
0.326061
0.683928
-0.432833
-1.365269
-0.899291
-0.035804
0.301700
-0.043984
0.338949
0.892038
1.007611
-0.701543
-0.861687
0.205341
0.672918
0.092243
0.000346
-0.015014
-0.399893
-0.777440
0.217450
0.017931
0.125305
-1.230711
-0.762766
0.218085
0.611686
0.457956
0.553950
0.668806
-1.105615
-0.306141
0.630589
-0.599159
-0.566257
-1.791581
-1.864903
-0.022624
0.359626
0.071289
-0.772631
0.001564
0.186736
-0.140814
1.174661
1.889153
1.091354
0.034775
0.211835
0.032529
0.140708
0.583324
0.195062
-0.262481
0.122783
-1.336298
-0.978542
0.679640
1.237824
-0.071808
0.135360
0.389364
0.497108
0.236282
-0.756848
0.184565
0.302535
-0.273037
0.118743
-0.348264
-0.402499
-0.742899
-0.347735
0.195683
0.199431
0.981302
-0.582612
-0.514712
0.043979
0.235720
0.040813
-0.896617
-0.230118
0.001438
-0.823346
0.717022
1.299369
0.350041
-0.550450
-1.977680
0.123333
1.299490
0.824112
0.976779
-0.084351
-0.755412
-0.059995
0.486788
-0.493428
-0.382990
0.468634
-0.287890
-1.020772
0.647587
1.081061
0.355582
0.403894
0.337209
-0.229735
-1.454414
-0.096791
0.790085
0.466450
-0.003633
-0.205240
-0.324262
-0.623155
-1.201072
0.444976
0.898140
0.410585
0.816991
0.027407
-0.077751
-1.486113
-0.464307
1.554566
0.941227
0.560289
-0.404691
-0.150673
-0.675951
-0.363804
0.426697
0.210920
1.156081
-0.479087
-0.356307
1.265086
-0.057997
-0.700255
0.890624
0.747592
-0.509895
-0.803280
-0.066709
0.868697
0.520878
-0.386582
-1.555897
-0.071153
0.365523
-0.366256
0.168922
-0.175021
0.573642
0.916288
-0.012556
0.127424
0.336955
0.549327
-0.166809
-0.752771
-1.244788
-1.952515
-0.661000
0.379546
-0.088291
-1.058793
-0.323797
0.740959
0.105754
-0.772423
-1.428968
0.069747
1.433010
0.971701
-0.560641
-0.735363
-0.343584
0.021797
-1.924648
-2.950299
-0.081453
0.828802
-0.143706
-0.013527
-1.030716
-0.113035
0.069517
-0.416109
-0.899093
-0.387150
1.025037
1.553654
1.377700
0.788138
0.683026
0.539395
-1.059653
-1.085510
0.006722
1.171146
1.339068
0.828308
0.219315
-1.305604
-0.400397
1.088024
1.160805
0.670056
-0.030559
0.379413
0.646673
-0.118163
-0.366152
0.010054
0.354053
0.778669
0.181561
-0.140444
0.590301
-0.571065
-0.430604
0.278214
0.635551
0.917193
0.247102
-0.262314
0.031234
-0.292823
-0.094941
0.692966
0.101216
0.659949
0.400584
-0.733834
-1.187550
-0.402054
-0.119711
0.320523
0.706845
-0.608262
-0.259410
0.911088
0.525315
0.896717
-0.447397
0.039862
0.285741
-0.171700
0.246213
-0.263789
-0.506798
-0.169769
0.016546
-0.603351
-1.478084
-1.751211
-0.112270
0.047805
0.627708
0.789696
-0.741082
-0.871678
-0.007370
0.744186
-0.149426
-1.052138
-0.390216
-0.212185
-0.636953
-0.364047
-0.014056
-1.007499
-0.927228
0.415415
0.238184
0.219926
0.553495
0.034394
-1.869368
-0.014415
0.881029
0.175744
1.086675
1.412177
1.390955
0.567846
-1.346151
-0.721913
0.360824
0.991118
1.211293
-0.284869
-2.895880
-1.407549
0.337010
-0.270990
0.207195
-1.133487
-0.856111
-0.903539
0.286169
2.155691
1.619012
-0.173360
-0.617930
1.260607
0.846218
0.848178
0.312969
-1.058024
-0.063068
-1.060016
-1.493177
-0.108661
0.015213
0.007413
0.301620
0.298248
1.207963
-1.014073
-1.084920
1.505980
1.872880
0.928121
0.546967
0.019683
-0.685729
-2.283411
-0.630369
0.467559
-0.364606
0.147920
-0.160182
-1.442255
-0.338083
0.944974
0.734572
0.222256
-1.065104
-0.610755
0.096259
1.050474
0.199553
-0.674059
-1.496220
-2.364982
-0.722430
-0.116636
-0.813092
-0.424871
-0.258753
-0.921152
0.388387
0.788071
0.804826
-0.762362
-0.315704
1.863338
1.861544
1.233772
1.897421
1.916154
1.408756
0.519756
-0.940675
-0.525876
0.573783
-0.326782
-0.200703
-0.620667
-1.345505
1.098018
1.341302
-0.148832
0.311753
0.773641
1.008250
0.198525
-0.131275
-0.048668
-0.517288
0.244032
0.828078
0.359691
-1.309815
-0.975058
-0.074158
0.216765
0.445278
0.817563
0.332965
-0.789858
0.378506
0.726403
0.514087
-0.249571
-0.809662
0.446079
-0.581505
-0.530309
-0.334206
-0.037224
0.302561
0.048323
1.106805
-0.268733
-0.412750
1.396569
2.462167
1.427834
-0.861066
-0.842952
0.884006
0.427510
-0.301158
-1.405006
-1.394750
0.173147
-0.126409
-0.526686
-0.559436
-0.952606
-1.195032
0.371874
0.838678
0.489847
1.506381
0.980605
0.400228
0.131468
0.003125
-0.105097
-1.022880
-1.986961
-2.047123
-1.195420
-0.722755
-2.027132
-3.068833
-3.445505
-1.610301
-0.506959
-0.309762
-0.466894
-1.368669
-1.264059
0.689694
0.321094
-0.599061
-0.117962
0.061625
-0.271222
-2.800186
-2.204384
-0.155764
-0.294854
-1.237578
-1.108719
-1.484588
0.404113
2.489420
1.666060
1.427889
0.254419
-0.662888
0.652542
2.317086
2.951229
2.285904
0.824180
0.799315
0.142035
0.303143
1.383344
1.349800
1.482812
1.116922
0.456273
1.398761
-1.357449
0.038435
2.232280
0.673248
-0.342663
0.321109
0.890700
0.080845
-1.152893
-0.799224
0.409023
1.057614
0.744190
0.048346
-1.378308
-0.480073
-0.451585
0.426235
1.080278
-0.173039
-0.910262
0.043205
0.127291
-0.457536
1.122556
0.916259
-0.323047
-0.279583
0.480328
0.072721
0.605619
0.540732
0.138768
-0.260053
-0.777819
-0.630043
-1.386885
-0.883234
-0.085379
1.231820
1.287290
0.008333
-2.282567
-2.361075
0.124378
-0.169868
-1.891906
-2.647350
-3.359415
-2.266944
-0.714044
-0.545385
-1.097140
-0.718417
-0.257967
-0.235256
-0.875792
0.297454
1.183177
0.692621
1.393021
2.011398
-1.045508
-0.295994
2.655167
2.077734
1.578033
1.347038
0.194562
0.693237
0.497630
2.153731
1.713770
1.043094
2.003423
1.003979
0.418186
0.271042
0.208818
1.758780
2.163554
1.455981
0.899425
0.538652
-0.498055
-0.609460
1.096630
0.967925
0.777888
0.394416
-2.043531
-1.509457
-0.159650
0.184523
0.792589
0.470961
-0.317204
0.753042
0.647541
1.052075
0.676295
-0.654252
-0.633410
-0.613586
-1.516161
-1.482228
0.450558
1.092141
0.367646
0.794086
-0.079081
-2.674820
-1.203659
1.915221
1.997124
0.925300
0.035459
-0.640894
-0.255483
-0.228006
-0.853804
-0.491388
0.713993
0.007475
-0.575541
-0.042278
0.710810
-0.221764
-1.037500
1.046344
1.001507
0.511062
0.661715
-3.543750
-1.616405
1.588609
1.790590
1.278871
1.075126
0.033402
0.132060
-0.388499
-0.402372
0.760004
0.721808
0.378461
0.192695
-1.590118
-0.762250
0.067071
-1.496967
-0.160723
0.460603
-0.004181
-0.259757
-1.066270
-1.941177
0.407142
1.463693
0.575131
-1.022503
-1.465030
-1.470355
-1.719404
1.212400
1.739969
-0.252870
-0.637989
-0.021936
1.899399
0.127177
-0.051480
1.388941
0.553818
1.027351
1.741649
1.145766
-0.005447
-2.251094
-0.676146
1.898805
1.092778
0.429472
-1.234049
-1.542189
0.058323
0.227576
-0.985642
-1.838188
-0.117285
0.436461
0.832241
0.427843
-2.624331
-1.401430
1.543742
0.690827
-1.342660
-0.146340
0.528153
-0.339536
-1.001992
-2.145558
-0.910600
1.211677
0.391433
0.053173
0.409394
-1.238904
-0.609616
0.583375
0.999310
-0.119167
-0.536516
-0.729362
-1.474134
-2.014282
-0.581948
0.621944
-1.571470
-1.798340
1.444495
2.857727
1.472384
-0.983199
-3.443374
-0.272719
1.929214
0.691417
1.971387
1.210302
-0.628844
-1.485946
-2.194794
0.763405
2.602991
1.009929
-0.231267
-2.817191
-1.536785
1.370042
2.159931
0.538507
0.084197
0.193740
-0.676101
0.094958
0.084507
0.318603
0.382334
-0.579375
-0.711372
-1.340053
-0.862621
-0.194525
-1.373424
0.110486
0.495688
0.085046
0.750914
-0.858326
-1.861073
0.494040
1.803264
0.753959
-0.035534
-0.917751
0.638656
2.139754
-0.031925
-0.188630
-0.128188
0.322486
0.626441
