-1.087033
-1.512388
-1.491752
-0.712723
-0.368982
-0.167088
-0.179852
0.024718
-0.006403
-0.461907
-0.769172
-0.434881
-0.568445
-1.300760
-1.354164
-1.155457
-0.803596
-0.340115
0.300686
0.530443
0.865412
1.316668
1.451887
1.269381
1.218303
0.916580
0.756863
0.418072
0.011082
-0.287623
-0.112892
0.282934
0.561841
0.336366
-0.158694
-0.445872
-0.552219
-0.683605
-0.778582
-0.634013
-0.519522
-0.565379
0.047268
1.198906
0.979607
0.552073
0.321483
-0.200448
-0.071586
-0.009122
-0.252433
-0.527628
-0.793458
-1.331541
-1.331585
-1.394357
-1.126086
-0.973917
-0.838715
-0.743140
-0.392383
-0.092674
-0.269917
-0.389966
-0.627788
-0.399140
-0.102949
0.109192
0.315119
0.318910
0.266299
-0.093680
-0.507209
-0.312846
-0.750114
-1.147280
-1.453018
-1.343813
-1.632138
-1.701864
-0.855046
-0.186254
0.383986
0.548810
0.361543
0.296375
0.747527
0.608284
0.509447
0.437940
-0.084527
-0.503551
-0.589994
-0.199063
0.481822
0.800199
1.127809
1.281543
1.205105
1.139569
1.207807
1.140648
0.603377
0.325676
0.407910
0.013829
-0.440412
-0.207721
-0.248034
-0.217140
-0.007809
0.128868
0.041642
0.285342
0.007143
-0.240274
-0.321592
-0.254362
0.091329
0.280674
0.042230
-0.624497
-1.015153
-1.281098
-1.247282
-1.037350
-0.847596
-0.661375
-0.703390
-0.981750
-1.105837
-1.209872
-1.565633
-1.387883
-1.029584
-0.932319
-0.630705
-0.142125
0.067094
0.132192
0.430574
0.927826
1.058519
1.274460
1.173108
0.990461
0.752983
0.009991
-0.292646
-0.372360
-0.624784
-0.065208
0.479511
0.849141
1.069990
0.704658
0.476749
0.459650
0.030537
0.030060
0.356857
0.144140
0.088676
0.491334
0.813435
0.864168
0.663580
0.054824
-0.318463
-0.193121
0.320505
0.853604
1.065624
1.322360
1.639559
1.922281
1.994608
1.670124
1.839956
1.795495
1.505304
0.903964
0.329681
0.133534
0.389483
0.436597
0.570598
0.876830
0.989746
0.877564
0.981384
1.268102
1.380888
1.344017
1.493613
1.495069
0.789849
0.487036
0.367935
0.099229
-0.115803
0.055083
-0.231551
-0.670891
-0.581775
-0.676847
-0.513387
-0.342330
-0.134955
-0.352049
-0.509895
-0.417103
-0.315546
-0.065042
-0.048808
-0.130597
0.020085
-0.302301
-0.625041
-0.891046
-0.914803
-1.079599
-1.105039
-1.093215
-0.736582
-0.597188
-0.433495
-0.024298
0.354740
0.487123
0.328374
0.172134
0.164149
0.278551
0.344228
0.174283
-0.006898
0.217836
0.162472
-0.042991
-0.309206
-0.414234
-0.394640
-0.205233
-0.356568
-0.290432
-0.665263
-0.965133
-0.808316
-0.260326
0.381418
0.117066
-0.089982
-0.285552
-0.672635
-0.907963
-0.999497
-0.853007
-0.905124
-1.232337
-1.328833
-1.032791
-0.933806
-0.626483
-0.443307
-0.325455
-0.304956
-0.120514
0.385951
0.857625
1.039460
1.363941
1.498064
1.044007
0.708756
0.402041
-0.338311
-0.809851
-1.150777
-1.381869
-1.409027
-1.459207
-1.235292
-1.174347
-1.190049
-1.028503
-0.846519
-1.050273
-1.217443
-1.187166
-1.154120
-0.875679
-0.284433
0.609959
1.160815
1.478562
1.531911
1.749732
1.522671
1.309357
1.308067
0.708208
0.174055
-0.106258
-0.122461
0.150413
0.037892
-0.136160
0.109190
0.311643
0.385326
0.654060
1.183431
1.205301
0.764309
0.542834
0.651596
0.588076
0.204716
-0.239999
-0.750978
-1.215727
-1.113047
-1.096562
-1.005112
-0.662149
-0.209539
0.468752
0.577420
0.411798
0.488624
0.527025
0.512927
0.762414
0.921467
1.218177
0.825955
0.365975
0.062727
0.077823
-0.022843
-0.069416
-0.033164
-0.340162
-0.597596
-0.815150
-0.731724
-0.535987
-0.583489
-0.541331
-0.172982
0.190200
0.136461
0.052547
-0.272775
-0.349625
-0.499929
-0.873430
-0.945984
-1.175086
-1.821155
-1.789325
-1.330954
-0.952411
-0.537711
-0.153221
0.419703
0.964746
1.486463
1.665659
1.482659
1.299508
1.065526
0.724260
0.283275
-0.264842
-0.427968
-0.374459
-0.421411
-0.081019
0.281259
0.455952
0.479576
0.397531
0.110659
-0.275335
-0.207982
-0.339444
-0.610358
-0.680284
-0.656812
-0.173802
0.415326
0.674090
0.621780
0.925251
0.958900
0.564600
0.228239
-0.470209
-0.985016
-0.973500
-0.861551
-0.761708
-0.568531
0.100376
0.462684
0.698109
1.498758
2.031360
2.307974
2.641636
2.655467
2.409538
2.438883
2.293855
1.887007
1.156882
0.436204
-0.141497
-0.834454
-1.286770
-1.583468
-1.553774
-1.341956
-1.229893
-0.883749
-0.461183
-0.148603
0.145827
0.209732
0.203242
0.310905
0.546564
0.658712
0.522552
0.332650
0.195815
-0.058294
-0.292397
-0.526811
-1.068757
-1.427038
-1.337653
-1.513784
-1.317848
-0.952175
-0.535246
0.162794
0.998592
1.636209
1.897606
1.748488
1.479823
0.859090
0.160266
-0.471897
-0.664810
-0.375255
0.076008
0.467160
0.720051
0.478716
0.256312
0.261376
0.101843
0.046254
0.135820
0.178414
0.046317
-0.097128
-0.087254
-0.009233
0.131009
0.293704
0.208275
0.692697
0.642748
0.206318
-0.050140
-0.154967
-0.216016
-0.211043
0.103353
0.468782
0.712725
0.737328
0.351265
0.232409
0.021090
-0.263728
-0.179458
-0.078650
-0.364983
-0.168311
0.198910
0.216158
0.357995
0.413712
0.051242
-0.755176
-1.228988
-1.646194
-1.878522
-2.016100
-1.871498
-1.374734
-0.808096
-0.375989
-0.331660
-0.274727
-0.105524
0.354680
0.809024
1.263137
1.081729
0.690035
0.526903
-0.207338
-0.561073
-0.783729
-1.090165
-1.109533
-0.766738
-0.471785
-0.117974
-0.087122
-0.210267
-0.615331
-0.575430
-0.127777
0.077820
-0.074468
0.006952
0.017425
-0.038794
-0.083606
-0.322789
-0.116574
0.203553
0.351003
0.462449
0.772595
1.127444
1.340841
1.193292
0.686879
0.497251
0.155893
-0.101551
-0.244331
-0.197796
0.036262
0.276368
0.314785
-0.033981
-0.153964
0.006602
-0.066549
-0.199176
-0.311608
-0.880770
-1.213726
-0.537998
-0.664720
-0.866529
-0.573705
-0.177660
-0.107161
-0.049315
-0.245752
-0.521587
-0.439958
-0.370470
-1.002827
-1.545485
-1.374984
-0.813039
-0.485071
-0.171566
0.125606
0.666858
1.251856
1.359678
1.903889
1.904398
1.179446
0.708123
0.576186
0.499634
0.404590
0.883401
1.344145
1.561728
1.806089
1.863389
1.383360
1.137885
1.044211
1.181124
0.649757
-0.172909
-0.406298
-0.211007
-0.063445
0.218670
0.659688
1.024220
1.432288
1.391929
0.750642
0.003238
-0.401144
-0.759742
-1.462187
-1.884158
-1.761791
-1.236142
-0.679921
-0.175467
0.059711
0.263314
0.711303
1.083237
1.098852
0.711851
0.654745
0.397251
-0.365290
-0.521293
-0.047984
0.125798
0.213775
-0.332497
-0.597131
-0.921372
-1.228144
-0.934373
-0.823829
-1.375672
-1.495345
-0.928744
-0.539584
0.170389
0.984995
1.935038
1.996706
1.874166
2.284275
1.657738
0.843322
0.093955
-0.702817
-1.157192
-1.523314
-1.688184
-1.515721
-1.496516
-1.452093
-0.840961
-0.091742
0.766292
1.274119
0.911331
0.593389
0.546896
0.349268
0.231667
0.262541
0.312975
0.647049
0.574845
0.095581
-0.344206
-0.217534
0.018263
-0.623588
-0.587687
-0.833101
-1.077259
-1.077319
-1.004183
-0.715993
-0.675990
-0.284337
0.786033
1.460377
1.334478
1.157363
1.587341
1.474060
1.261811
0.886672
0.297754
0.118569
-0.138103
-0.312517
-0.459967
-0.613125
-0.709819
-1.207518
-1.611729
-1.199185
-0.855751
-0.286560
0.057304
0.126603
0.570876
0.929920
1.082341
0.833191
0.575964
0.290755
-0.038523
-0.111134
0.007049
-0.268996
-0.231784
-0.531548
-0.780333
-0.358879
-0.145137
-0.165386
0.309994
0.589817
0.648848
0.567237
0.531853
0.747143
0.950551
0.728545
0.490828
0.355573
0.062199
-0.310158
-0.867801
-1.276868
-1.188024
-0.637341
-0.207256
0.019368
0.245714
0.747872
0.937714
0.484492
-0.220547
-0.596025
-0.552361
-0.100123
0.160436
-0.068580
-0.211364
-0.153853
-0.088666
0.153536
0.204515
-0.029274
-0.547762
-0.485944
-0.552302
-0.768155
-0.604500
-0.623597
-0.482225
0.019557
-0.205066
0.238864
0.857390
1.379738
1.727635
1.695746
1.384338
1.401124
1.306598
0.653516
-0.441811
-1.551554
-1.975222
-2.266971
-2.639072
-2.573238
-2.013670
-1.095093
-0.247126
0.100676
0.429636
1.031801
1.238781
1.133381
1.008172
1.062815
0.462314
0.269184
0.259417
-0.022653
-0.302209
-0.437975
-0.524241
-0.711123
-1.133514
-0.904388
-0.743500
-0.890635
-1.203144
-0.925512
-1.189342
-1.309292
-0.973682
-0.840307
-0.526622
-0.224346
-0.104027
-0.126640
0.126382
0.022128
-0.696159
-1.136631
-1.702803
-2.330706
-2.343751
-2.511369
-2.493764
-2.441216
-1.863846
-0.811648
-0.112796
0.273116
0.798215
0.861388
1.093125
0.800148
0.071785
-0.680216
-1.362713
-1.685342
-1.542721
-1.189402
-0.742375
-0.352657
0.554855
1.611025
2.269868
2.538117
2.620578
2.447470
1.450842
0.919920
0.974225
0.962134
1.065047
1.317509
1.678550
2.014352
1.968871
1.772528
1.371505
1.130266
0.790893
0.591656
0.305292
0.419142
1.196414
1.786925
1.926829
1.511521
0.931144
0.654895
0.062464
-0.839008
-1.272805
-1.680965
-1.884417
-1.285495
-0.674567
-0.146814
0.389015
0.779315
0.974816
1.239031
0.969514
0.843928
0.949404
0.976848
0.853420
1.071440
1.248876
1.188404
1.104503
1.223513
0.648255
-0.136209
-0.671978
-1.427171
-2.013430
-2.479323
-2.790551
-2.376187
-2.124410
-1.466231
-0.289989
0.586833
1.044401
1.376006
1.585419
1.753652
2.004204
2.483336
2.618129
2.035734
1.657000
0.984799
1.025648
0.780460
0.251834
0.188434
0.553065
0.530609
-0.184758
-0.583773
-0.954596
-1.718497
-1.911027
-1.410661
-0.636998
0.185815
1.186703
1.742720
1.789399
1.044501
-0.321589
-1.399767
-2.060079
-1.815114
-1.388955
-1.486449
-0.734878
0.323458
1.084727
1.540980
1.474239
1.272811
1.360358
0.483849
-1.059474
-1.349430
-1.946915
-2.607520
-2.404125
-2.613841
-2.803087
-2.169188
-1.519006
-1.342247
-0.825067
-0.610947
-1.790390
-1.915030
-1.970731
-1.949503
-1.006993
-1.336760
-1.133350
-0.771769
-0.072215
0.728378
1.220325
1.873541
1.852470
2.204877
1.550511
0.417839
0.332662
0.554701
0.690348
0.731306
1.408792
1.377866
1.398729
1.807950
2.148813
2.447647
1.829108
1.182904
0.683631
0.543663
0.443832
0.548617
0.402992
0.398818
0.417238
0.973485
0.766046
0.839985
1.078001
0.890045
0.664006
-0.213985
-0.052404
-0.435175
-1.368298
-0.908209
-0.812736
-1.650119
-2.257680
-2.908854
-2.150471
-1.895351
-2.080924
-1.457075
-1.694263
-1.245910
-1.789745
-1.242968
-0.666274
-0.677993
-0.561197
-0.137897
0.245340
0.148760
-0.573294
-0.421506
-0.570328
0.679696
2.202731
