-1.529678
-1.983881
-2.208345
-1.789037
-1.917164
-2.116125
-1.963622
-1.163689
-0.530595
-0.518449
-0.349825
0.422996
0.613707
0.247442
0.025979
0.072381
0.117463
0.701264
1.225213
1.057538
0.918500
0.986043
1.048206
0.772612
0.468505
-0.025526
-0.284019
-0.230865
-0.084309
-0.067969
0.289240
1.044112
1.340585
0.929363
0.310317
-0.246967
-0.776875
-1.168120
-1.355991
-1.284591
-1.075123
-0.871194
-0.045743
1.102999
0.951919
0.911230
1.246632
1.104504
1.074155
0.807599
0.212799
-0.334101
-0.705627
-1.198041
-1.195683
-1.342902
-1.138873
-1.225523
-0.997958
-0.646470
-0.100926
0.472934
0.532817
0.320612
0.148983
0.309246
0.372116
0.097375
-0.433610
-0.848556
-0.822704
-1.041004
-1.315629
-0.773771
-0.324781
-0.162963
0.179759
0.964743
1.157514
1.002857
1.161281
1.211903
1.407819
1.169307
0.720919
0.484526
0.632954
0.317612
0.042991
-0.120726
-0.851597
-1.469902
-1.231323
-0.483966
0.492124
1.002368
1.523996
1.693451
1.282794
0.964233
1.121167
1.133015
0.556497
0.338398
0.425260
0.084776
-0.488383
-0.493195
-0.789797
-1.175754
-1.370043
-1.391314
-1.569379
-1.226135
-1.270594
-1.365013
-1.031130
-0.451474
0.340650
1.044829
0.872650
0.158081
-0.345700
-0.549646
-0.931759
-1.126181
-1.341309
-1.393264
-1.355363
-1.402399
-1.287417
-1.316388
-1.361657
-0.667422
0.302759
0.741045
1.398044
1.921099
1.893715
1.463773
1.117170
0.981807
0.703690
0.347961
0.067430
-0.048571
-0.058389
-0.604518
-1.260246
-1.178264
-1.107817
-0.250675
0.418927
0.731789
1.053022
0.579364
0.248202
0.221261
-0.249612
-0.343095
-0.164084
-0.224723
-0.200323
0.063446
0.157151
0.212003
-0.001780
-0.736437
-1.134278
-0.997566
-0.440518
0.218958
0.282785
0.395027
0.818954
1.036798
1.028817
1.181443
1.697131
1.982052
1.668796
0.942034
0.329975
0.371347
0.897730
1.120447
1.098745
0.840776
0.292548
-0.078237
-0.382582
-0.158086
0.044026
0.002342
-0.004370
0.248362
0.081890
0.597879
1.307199
1.689441
1.794922
2.060476
1.752729
0.779680
-0.046004
-0.734810
-1.063820
-1.049248
-1.164504
-1.652667
-1.820897
-1.633740
-1.438075
-1.000959
-0.481235
-0.233711
0.010353
-0.087598
-0.352057
-0.721425
-0.831013
-0.674352
-0.533715
-0.434470
0.033033
0.350956
0.276632
0.128400
-0.219672
-0.666032
-1.258196
-1.510561
-1.433970
-0.892326
-0.067110
0.586493
0.810715
1.304686
1.332249
1.030625
0.743721
0.461686
0.396722
0.594603
0.263990
-0.168748
-0.742292
-1.315552
-1.230283
-0.809190
-0.371691
-0.655776
-1.128458
-1.420406
-1.499855
-1.585286
-1.348183
-0.689590
0.005289
-0.094602
-0.033720
0.114111
0.052651
0.050271
0.165995
0.128610
-0.095987
-0.230122
-0.269087
-0.346710
-0.652923
-0.722899
-0.579207
-0.563860
-0.505371
-0.334619
-0.462246
-0.552210
-0.334433
-0.165788
0.221062
0.586515
1.161494
1.230363
1.046690
0.966076
0.493065
-0.395032
-0.994487
-1.298527
-1.682346
-2.048570
-1.660861
-0.780801
0.144937
1.073424
1.889536
2.878509
3.218410
2.985509
2.645482
1.830457
1.087084
0.366992
-0.068431
-0.193374
-0.731425
-1.003598
-0.740529
-0.356987
-0.276904
0.014274
0.502195
0.697980
0.731226
0.998430
1.531650
1.378094
0.796935
0.399344
0.097226
-0.068175
0.126326
0.228953
0.326419
0.358047
0.256918
0.314431
-0.235943
-0.578609
-0.578610
-0.621152
-0.718067
-0.532487
-0.194369
0.373850
0.287318
-0.040752
-0.117504
-0.020322
-0.296155
-0.595410
-0.890668
-1.304533
-1.749763
-1.815557
-1.303628
-0.588657
-0.051834
0.081332
0.396042
0.533444
0.057304
-0.536140
-0.808178
-0.725515
-0.720356
-0.705038
-0.616216
-0.696652
-1.472622
-1.607286
-1.369128
-0.965684
-0.355204
0.059369
0.674755
1.095858
1.576411
1.684663
1.405417
0.790424
0.035451
-0.666161
-0.805444
-0.725777
-0.401187
-0.094524
-0.064315
-0.119617
0.103460
0.795260
1.575674
1.915180
1.951206
1.625678
1.365147
0.387913
-0.740203
-1.404667
-1.968728
-2.038274
-1.744271
-1.468485
-0.939160
0.223009
1.348022
1.844341
2.150467
1.902976
1.599921
1.444422
1.311790
0.916543
0.537326
0.499774
0.304788
-0.022249
0.004273
0.159338
0.039925
-0.017861
0.164653
0.151397
0.267716
0.445472
0.588233
0.386402
-0.054143
-0.258844
-0.417092
-0.484106
-0.470481
-0.437183
-0.538955
-0.666783
-1.042768
-1.172741
-1.338845
-1.521869
-1.620700
-1.630004
-1.433422
-0.598748
0.186975
0.789134
1.164690
1.266088
0.993695
0.738571
0.317049
-0.265321
-0.651163
-0.971639
-1.323082
-1.358285
-1.047383
-0.683243
-0.014829
0.966580
1.402111
1.184575
0.606722
-0.100948
-0.684651
-1.101062
-1.278750
-1.148887
-0.336260
0.815648
1.322381
1.677790
1.585869
1.181089
0.851862
0.344728
-0.050001
-0.122284
-0.077682
-0.053111
0.045223
0.308542
0.392494
0.460081
0.805226
0.882678
0.986351
0.599238
0.295570
0.101658
-0.014041
0.167343
0.421471
0.841615
1.236682
1.667525
1.778847
1.783912
1.825825
1.516312
0.707931
0.211072
-0.264203
-0.739504
-0.948048
-0.972457
-1.208432
-1.229048
-0.838089
-0.890525
-1.083016
-0.751678
-0.529311
-0.443860
-0.257427
-0.517465
-0.485671
-0.377038
-0.497632
-0.870937
-1.311890
-1.549695
-1.143477
-0.573407
0.167348
0.224430
0.137679
0.129968
-0.239977
-0.454804
-0.614974
-1.029856
-1.385156
-1.353690
-1.207142
-1.163934
-1.131052
-1.178785
-1.191629
-0.727632
0.004607
0.144225
-0.182632
-0.426573
-0.500469
-0.562774
-0.362495
-0.281936
0.277294
1.039845
1.198583
1.236304
1.485682
1.700147
1.847281
1.774320
1.233727
0.945769
0.411024
-0.201191
-0.607730
-0.810139
-0.478014
-0.054368
0.238582
0.366118
0.323266
0.326692
0.078605
-0.399020
-0.686594
-1.045948
-1.317337
-0.676652
-0.727446
-1.022827
-0.791823
-0.452406
-0.374881
-0.227330
-0.521825
-0.819755
-0.817020
-0.579197
-1.257923
-1.757504
-1.494012
-0.642262
0.208117
0.708424
0.943232
1.192561
1.154614
1.020710
1.356648
1.609221
0.749102
-0.258017
-0.736460
-1.071669
-1.006858
-0.159462
0.835610
1.403787
1.584746
1.561504
1.212887
0.781140
0.590674
0.482173
-0.088913
-0.385358
0.116300
0.830936
1.496967
2.136267
2.363074
2.257106
1.860536
1.149680
0.212545
-0.592709
-1.034815
-1.511609
-2.186298
-2.306923
-1.842629
-0.942969
-0.257099
0.290059
0.462796
0.683768
1.084919
1.317592
1.167990
0.835051
0.768642
0.072081
-0.995023
-1.414066
-0.826952
-0.474799
-0.131417
-0.382081
-0.496386
-0.509727
-0.674446
-0.447206
-0.078245
-0.246619
-0.287466
0.321155
0.321736
0.500463
0.627691
1.144967
0.628038
0.162718
0.513106
0.257180
-0.030455
-0.000750
-0.104240
0.072931
0.178767
0.169166
0.270329
0.044348
-0.072025
0.496602
0.715559
0.885938
0.846843
-0.123357
-0.715781
-0.849610
-1.061818
-1.106062
-0.822706
-0.349247
0.510813
0.938703
0.761790
0.458364
0.674485
0.754852
-0.185953
-1.067437
-2.333136
-2.765789
-2.682426
-2.431958
-1.701084
-0.818955
0.021354
1.335410
2.143963
1.931131
1.493475
1.452485
0.995617
0.844064
0.437894
-0.359931
-0.387906
-0.162208
0.482649
0.656208
0.824483
0.969493
-0.060225
-0.657174
-0.298575
-0.345938
-0.322028
-0.621737
-1.129803
-0.990158
-0.272047
0.059732
-0.121506
-0.063421
-0.035058
0.193532
0.784724
1.331987
1.203133
0.991595
0.333486
-0.274283
-0.075523
0.155440
0.218917
0.733519
0.786940
0.686040
0.510817
0.219512
0.114279
-0.172952
-0.413565
-0.670087
-0.731559
-0.459903
0.057485
0.461603
0.775311
1.124426
1.385391
1.513057
1.167873
0.323164
-0.141768
-0.686703
-1.753981
-2.343294
-2.326827
-1.861408
-1.211641
-0.852852
-0.847314
-0.581336
-0.186946
-0.115093
0.394261
0.448594
0.031676
-0.441416
-0.459800
-0.697470
-0.847265
-0.754621
-1.023872
-1.207078
-0.837639
-1.158970
-0.849609
-0.436758
-0.292692
-0.087260
-0.039323
0.126398
0.141900
-0.044684
-0.328170
-0.999488
-1.273487
-1.310932
-1.287996
-1.100228
-0.277233
0.575916
1.393621
1.806023
1.681468
1.617855
1.680857
1.236041
0.870913
0.486321
0.464258
0.406936
0.614498
0.519100
0.553915
0.425340
0.280643
0.439848
0.408394
0.040862
0.032265
0.200611
-0.044473
-0.299608
-0.000553
0.056142
0.096828
0.623911
0.850266
1.268879
1.339025
1.049087
0.689521
0.454350
-0.080488
-1.105192
-2.334587
-3.278303
-3.705827
-3.138612
-2.395925
-1.369800
-0.554636
0.073483
0.705885
0.705864
0.450969
0.093948
-0.174186
-0.345311
-0.829317
-1.362302
-1.587453
-1.653428
-1.498026
-1.011364
-0.631574
-0.400766
-0.477535
-0.341075
-0.046191
0.161555
0.199342
0.201441
0.175933
-0.560372
-1.045128
-1.154189
-1.252923
-0.811664
-0.124485
0.261053
0.371748
0.073657
0.031337
-0.063768
-0.068844
0.152121
0.020869
-0.618209
-0.828326
-0.495245
-0.111506
0.126616
-0.313615
-0.765229
-0.561208
-0.531970
-0.585672
-0.218806
0.261987
0.713671
1.356765
1.511074
1.577475
1.981613
2.068458
1.943688
1.724467
0.853699
0.215833
0.077830
0.356707
0.478757
1.049793
1.326320
1.261089
1.004730
1.301719
1.104361
1.180945
1.191866
0.798806
0.335338
0.168701
0.167665
0.610154
0.630472
0.675243
0.855667
1.044455
0.950224
1.137397
1.025146
0.787923
0.557266
1.068783
1.378514
1.168775
0.927404
0.622725
0.747377
0.653807
0.422696
0.603164
0.829608
1.223065
1.453523
1.522739
0.872332
-0.534056
-1.159783
-1.293477
-1.466648
-1.252691
-0.761542
-0.158619
0.145523
0.182360
0.058003
-0.176876
-0.051425
0.295501
0.333884
0.136150
0.265411
0.314592
0.377882
0.034177
-0.703963
-1.006070
-0.990685
-0.675103
-0.743481
-0.715526
-1.188500
-1.232714
-1.431740
-2.163273
-2.281456
-1.928624
-1.733276
-1.626841
-1.570884
-1.675809
-2.357258
-2.321596
-2.043819
-1.521186
-0.593784
-0.449945
-0.489937
-0.523577
-0.271704
-0.075055
-0.212165
-0.011259
0.216701
0.347412
0.057859
-0.325730
-0.087389
0.235121
0.300980
0.513969
1.410899
1.792177
1.730066
1.922170
1.789413
1.779584
1.450241
1.500044
1.549090
1.492924
1.884998
1.910819
1.426512
1.589784
1.693623
2.294447
2.068587
1.733213
1.656914
1.203104
1.129135
0.687000
0.440258
0.527629
0.273220
0.599057
0.446391
-0.296638
-0.866259
-1.231165
-0.997588
-0.798087
-0.498998
-0.244282
-0.578189
-0.597210
-0.940743
-1.108415
-0.983491
-0.917330
-0.957367
-0.666009
-0.089034
0.226196
-0.133145
0.031814
-0.050464
0.454985
1.508209
