-0.659731
-1.073845
-1.035661
-0.319341
-1.200352
-1.361623
-1.200153
-1.254741
-0.078454
-0.278669
-0.272610
-0.203625
0.246206
0.291323
0.620808
1.298990
0.711316
0.336411
0.889120
0.763588
0.573856
0.459872
0.589705
0.986805
1.103423
1.139170
1.591256
1.758784
2.058709
1.948719
1.149648
0.829941
0.490451
1.146804
0.783021
-0.078160
-0.890579
-0.534338
0.001305
-0.398030
-0.098596
-0.134227
0.030987
0.116221
-0.212292
0.118043
0.285154
0.352324
-0.274691
-0.017067
0.418402
-0.009326
-0.110085
0.451190
0.512909
1.049827
0.085031
-0.041376
-0.287996
0.015990
0.313336
0.054666
0.911038
1.333158
1.111110
1.173327
0.572682
0.316272
0.415576
-0.200323
-0.507629
-0.985126
-1.458447
-1.012803
-0.463462
-0.105228
-0.058309
0.337019
0.727255
0.780393
0.726482
0.185232
0.280219
0.493477
0.344863
-0.023327
-0.615691
0.065335
-0.159727
-0.061784
-1.377291
-1.628265
-1.259105
-1.415895
-1.143446
-1.349591
-0.759969
-0.881880
-0.924700
-1.012103
-0.651844
-0.478928
-0.397698
-0.221186
-0.337121
-0.533746
-0.625229
-1.396642
-1.049187
-1.185859
-1.726309
-0.700852
-1.313734
-1.807917
-0.868740
-0.506837
0.039575
-0.267426
-0.962072
-0.600592
-1.315112
-0.916808
-0.831470
-0.205159
0.324083
0.002825
-0.086267
0.112119
0.025559
0.862660
0.516471
0.055071
1.379319
1.753828
1.696278
0.976903
0.100181
-0.251541
0.366484
0.417774
0.423329
0.249888
0.051179
0.330543
1.028110
0.853824
0.935493
0.391842
0.428682
0.650789
0.233500
1.030816
1.534617
1.632426
1.493512
1.968404
1.608900
1.767755
1.444575
0.510050
0.778442
0.898270
0.788193
0.325029
0.427508
1.180171
1.260589
1.152793
1.554058
1.280390
0.768077
0.216862
-0.695924
-1.108134
-1.360062
-0.977762
-1.237072
-1.556933
-1.474129
-0.308428
-0.662456
-0.230093
-1.125196
-1.591165
-2.110319
-1.543548
-0.547747
-0.531325
-0.475132
0.136396
-0.096109
0.379493
0.033763
-0.071790
0.537796
0.276703
-0.257658
-1.512519
-1.108130
-0.977137
-0.175850
-0.204282
-0.291208
-0.947882
-0.645620
-0.437261
-0.098898
0.166461
0.206235
-0.091118
0.553683
1.288739
1.094424
1.335769
1.453114
1.286743
1.565356
1.203467
0.405782
0.263587
-0.067943
-0.005876
-0.006136
-0.262277
-0.740297
-0.811879
-1.178141
-0.777265
-0.721230
-1.120331
-0.426317
-0.848068
0.059820
0.554240
1.373529
0.865605
0.326021
-0.352587
-0.390067
-0.558409
-0.887988
-0.196587
-0.149846
0.527377
0.237056
-0.052518
-0.783286
-0.168905
-0.428130
-0.903593
-1.104135
-1.460542
-1.033013
-1.004673
-1.131247
-0.863024
0.052934
-0.096688
0.537238
0.720874
0.945994
1.462817
1.943637
1.932492
1.722369
0.595477
0.169458
-0.300737
-0.418795
-1.585791
-3.061843
-3.425402
-2.885450
-2.421355
-2.125000
-1.124607
-1.069346
-0.798067
-0.265524
0.136221
0.027176
0.481417
0.291161
0.035530
0.272375
-0.313773
-0.335629
-0.162596
-0.530433
-0.417637
-0.219185
0.010079
0.086495
0.462885
0.964613
0.401122
0.629219
0.580862
0.719218
0.811455
1.436185
1.452402
1.209356
0.930028
1.137802
1.073859
0.249178
0.437069
-0.313639
-0.118319
-0.304247
-0.150120
0.356064
0.934537
0.616631
-0.296217
-0.873758
-0.133750
0.076239
-0.432747
-0.364356
-0.202724
-0.585979
-0.326508
-0.688135
-2.048996
-0.518752
0.859652
2.223655
2.764508
2.222589
2.403318
1.853472
1.052501
1.086369
0.516048
0.544949
0.761962
0.091920
-0.007507
0.565438
1.133008
0.865000
0.642569
0.331550
0.224112
-0.364298
-0.112811
-0.055163
0.281665
0.970999
1.654934
0.989008
-0.372908
-1.398199
-2.005199
-1.466600
-1.388904
-1.119635
-1.400866
-1.471891
-1.491326
-0.503337
-0.620775
-0.523191
-0.707232
-1.018812
-1.171167
-1.119095
-1.502852
-0.930564
0.653605
-0.033190
-0.072148
0.322777
-0.252453
0.027262
-0.225637
-1.752705
-2.067332
-1.762638
-1.030669
-0.529325
-0.245580
1.179962
0.916180
0.688756
0.344858
0.529999
0.963443
1.238419
0.981004
1.076325
0.419370
-0.478612
-1.589692
-1.567350
-1.890890
-0.856108
-0.192319
-0.250522
0.410059
0.359023
1.160589
1.646528
1.610717
1.859963
2.456788
2.413640
2.302338
1.782434
1.004003
-0.092510
-0.579947
-1.674718
-2.245553
-1.340280
-1.710378
-2.032925
-1.805897
-1.162582
-0.609273
-0.017785
-0.597818
0.194909
-0.076831
-0.119749
-0.264557
0.251086
0.250576
-0.068056
-0.579018
-0.492672
-0.144462
0.520173
0.946425
0.485391
0.654843
0.459028
0.360824
0.104495
0.244966
0.176624
-0.557850
-0.482092
0.041086
0.662030
0.793476
0.814684
-0.177875
0.108206
-0.446593
-1.363900
-0.872793
-0.629946
-0.703195
0.227324
-0.233492
-0.004377
-0.171403
0.164719
0.674629
0.544201
0.225395
-1.222895
-1.377225
-1.230757
-0.201426
0.993162
1.389042
1.468424
1.774093
2.305903
2.223924
2.069918
1.120562
0.478776
-0.122276
-1.065980
-0.539334
-0.233315
0.038355
0.314432
0.255398
0.100553
-0.209774
-0.620422
-1.377237
-0.850767
0.090371
-0.275285
0.109502
-0.210183
-0.830770
-0.067226
-0.941984
-1.517744
-1.018512
-0.190368
0.450536
0.812039
1.050251
0.697027
0.998539
0.998254
1.439791
1.589382
1.412196
0.761680
0.435142
0.252440
-0.707143
-0.651492
-1.149030
-0.767053
-1.004738
-1.271053
-1.318205
-0.845409
0.090099
0.307940
1.104479
1.573286
0.654404
0.354763
0.618953
-0.311392
-1.015535
-0.897215
-0.396088
-0.499658
-1.171400
-1.664734
-0.381373
-0.212240
-0.444626
-0.107534
0.632183
1.002037
1.777105
0.923099
1.045536
0.730314
-0.378873
-0.603355
-1.204137
-0.307885
-0.137632
-0.153586
0.375358
0.247279
0.317389
0.991475
1.017272
0.523873
-0.284312
-0.373688
0.334553
0.124287
0.892064
1.508469
2.164900
2.092852
2.030610
1.390740
1.344496
0.562957
-0.904014
-1.609980
-1.812762
-2.030073
-2.340917
-1.349384
-0.002036
0.682708
1.329977
1.548942
1.128402
2.038307
1.838282
1.528163
1.219043
1.214848
0.397327
-0.082471
-0.828083
-1.657490
-2.199209
-2.433594
-2.822913
-2.996724
-2.134504
-1.395940
-1.195391
-1.002100
-0.709001
-0.388505
0.096603
0.482991
0.638459
0.681042
0.873047
-0.199423
-0.528309
-0.976393
-2.151198
-2.096571
-1.301730
-1.389262
-0.813043
0.199331
0.578164
0.829756
0.953756
0.671975
0.510280
0.917712
0.401250
0.118266
-0.701006
-0.555593
-0.083529
0.194573
1.170737
-0.232314
-0.590782
-0.809518
-1.425343
-1.661712
-1.179541
-1.713911
-1.122993
-0.321636
0.150853
-0.000096
0.158793
0.105371
0.115109
-0.043082
0.053446
-0.334489
-0.751422
-0.614088
-0.859853
-0.595305
-0.265408
-0.273673
0.126320
0.293528
0.780981
1.705232
1.456905
1.539095
1.428954
1.040844
1.558557
1.292102
1.534063
1.003840
0.351582
0.446703
0.945094
0.710133
0.797483
0.917885
1.273300
1.045644
0.517300
0.009389
0.271260
-0.270111
-0.813244
-0.479800
-0.423767
-0.172699
-0.113468
0.251512
0.280260
0.411276
1.341212
1.328917
0.476049
0.950450
1.469027
1.901527
1.288847
1.118054
1.176658
1.391258
0.855312
0.103846
-0.292247
-0.898145
-1.086242
-1.015389
-1.038796
-1.212529
-0.834412
-1.640381
-1.940794
-1.128464
-1.135472
-1.125874
-1.066543
-0.739932
-0.205788
-0.181006
0.110584
-0.828459
-2.081675
-1.401477
-1.531348
-0.834364
-0.148451
-0.393415
-0.929073
-1.347355
-1.608311
-1.003753
-1.188234
-0.989295
0.013481
0.503303
0.503339
0.220020
0.824495
0.429184
0.820233
0.641474
1.286714
1.579233
1.115110
1.150769
1.019863
0.922556
0.036143
0.155723
-0.227155
-0.368473
-0.858217
-1.415189
-1.369674
-0.267277
0.223504
1.125190
0.709980
0.209414
0.852558
1.359916
1.479766
1.002842
0.767250
0.111296
-0.472867
-1.507373
-1.824526
-2.490241
-2.560386
-2.065793
-0.752549
-0.760660
0.313617
0.666297
1.119440
1.016521
1.202535
0.802532
-0.286157
-0.299966
-1.140214
-0.394428
-0.045498
-0.325892
-0.687728
-1.564457
-1.621398
-1.540229
-1.604458
-1.133856
-0.325346
0.798143
1.466319
0.679380
0.702903
1.432145
1.854548
1.160117
1.267719
0.697715
0.492521
0.618699
0.313259
0.436651
-0.600876
-0.905911
-0.219483
-0.100657
0.649213
0.736819
0.367688
0.985204
0.787086
1.127843
1.632068
1.012873
1.172978
1.185597
0.828207
0.931455
0.635444
0.440428
-0.568889
-0.556384
-0.136975
-0.202652
-0.601955
-0.494095
0.178234
-0.203648
0.327826
0.354788
0.294452
0.223081
0.379120
0.865211
0.170027
-0.895411
-0.860739
-1.057238
-0.760031
-0.019316
-0.338368
-0.540440
-0.844020
-0.089143
-0.451103
-0.694100
-0.285901
-0.217894
0.265546
-0.416114
-0.260597
0.027006
-0.277163
-0.809290
-1.367558
-1.708701
-2.172429
-1.915810
-1.803500
-1.412164
0.210437
-0.484725
0.257576
0.224689
0.632362
0.655168
0.391695
0.286109
-0.122012
0.197773
0.381552
0.515363
0.347808
0.317827
-0.000088
-0.303589
-0.517509
-0.800884
-0.516771
-0.219913
-0.086651
0.126720
0.066847
0.197431
0.301577
0.240145
0.342821
0.004644
0.422858
0.966076
1.255567
0.832726
0.743787
1.489144
1.883257
1.401542
1.710704
1.678982
1.227182
0.407088
-0.816967
-0.927181
-0.631379
-0.452644
0.359142
0.518474
0.636297
0.709780
0.592742
0.174050
-1.034162
-0.851985
-0.463050
-0.149922
-0.163868
-0.272621
-0.343448
0.197026
0.114953
-0.721695
-0.196371
-0.912714
-0.622538
-0.855728
-0.197814
-0.249930
-0.722508
-0.276960
0.500110
0.656474
0.808576
0.397053
-0.108123
-0.024810
-0.115591
-0.609229
-0.503986
-0.809874
-1.153887
-0.773023
-1.831737
-1.874276
-2.516624
-1.697256
-1.443304
-0.702086
0.114810
1.022721
1.850514
1.932597
2.551310
2.044424
1.543502
1.210448
1.041442
0.344711
-0.314930
-0.962603
-1.222929
-1.670561
-1.775156
-1.554535
-1.559031
-1.167513
-1.334152
-1.057566
-1.453123
-1.055240
0.005782
1.146148
1.779308
2.310378
2.130120
2.150000
2.067964
1.664832
0.322773
0.039117
-0.450421
-0.929429
-1.062452
-1.036585
-0.340747
0.353054
0.472249
0.920459
0.908897
0.217426
0.372866
0.146483
0.563156
0.279334
-0.784579
-0.531152
-0.370047
-0.107858
0.591994
0.582590
1.385173
0.834254
0.689757
1.065442
1.147004
1.325031
1.459345
1.039491
1.042632
1.374413
1.570852
1.149519
0.389659
-0.030869
-0.795063
-0.467920
-0.669454
-1.092548
-0.873573
-0.711569
-0.390418
-0.318852
-0.638131
-0.407063
0.087826
-0.019480
0.171819
0.046483
0.019096
-0.449127
-0.534353
-1.156439
-2.113217
-1.609447
-1.712488
