0.051349
-0.516817
-1.268893
-0.593606
-1.570456
-0.718561
-1.004275
-1.751890
-1.476073
-0.786351
-1.346699
-0.819859
-0.433953
0.527790
0.779690
0.956885
0.767737
0.581072
1.196117
0.258632
-0.290349
0.039126
0.183083
-0.179319
1.649396
0.662323
0.131368
1.343473
1.102312
1.206678
0.439087
-0.026336
0.058062
1.470287
1.070771
0.460545
-0.204047
-0.155363
-0.357551
0.451102
1.017624
0.745770
0.700490
0.907316
0.551316
0.805813
0.758239
1.405290
1.165924
1.795655
1.819903
2.138995
1.804848
1.736240
1.691242
1.938589
1.097863
-0.287057
-0.792301
-0.908901
-0.012124
-1.207401
-1.973940
-0.714171
-0.733499
-0.200446
0.154305
0.786680
-0.014936
0.446221
0.447932
0.374901
-0.597446
-0.108338
-0.526587
0.093043
-0.879509
-0.215443
-0.010146
-0.864043
-0.351792
-1.063751
0.294153
0.076956
-0.771675
-0.726761
-0.237313
0.279956
-0.094109
-0.322894
-0.975499
-1.595115
-1.756728
-1.355793
-1.392848
-2.303579
-0.855349
-0.531907
-1.039084
-0.680137
0.062847
-0.202922
-0.116176
0.764984
0.753699
0.077640
-1.281264
-1.341058
-0.956890
-1.331977
-1.815587
-1.022678
-1.472092
-0.528558
0.058988
0.342477
0.834368
0.154313
0.527615
0.817835
0.710950
0.239301
0.889927
1.580511
1.703146
1.234634
0.686642
1.129053
1.149793
1.271895
0.550043
0.150206
1.837078
1.221707
1.155230
0.139457
-0.247919
0.390543
-0.291772
-0.581214
-0.118105
0.373926
0.611664
1.147709
0.885010
0.011274
1.238691
-0.387536
-0.117115
-0.220496
-1.018964
-0.936493
-0.379646
-0.844732
0.258042
0.671860
0.840204
0.677837
0.884324
0.193220
0.039999
0.168399
0.049726
-0.117533
0.563157
1.399369
1.263352
1.252830
0.670966
0.936795
0.941344
1.014461
-0.564115
-1.134575
-1.184316
-0.073343
-0.015658
-0.713867
-1.081219
-1.617656
-1.548825
-0.041529
-0.340393
-1.534056
-1.198714
-1.254584
-1.070495
-0.715242
0.378858
0.367015
-0.235437
0.521493
0.139807
0.021670
0.584710
1.205273
-0.071008
-0.661864
-0.670445
0.156390
0.130369
-0.129649
-0.904934
-1.065339
-0.725805
-0.950692
-1.382558
-0.177187
0.095408
0.799649
0.709675
0.946620
1.195274
1.454625
1.591332
0.494594
-0.114252
0.522833
0.205988
0.391325
0.017135
0.425096
-0.026108
-0.316708
-0.614968
-1.262499
-1.329998
-1.564901
-1.618940
-2.744145
-1.748919
-1.421548
-0.294863
0.932716
1.043372
1.508095
1.714149
0.508618
1.382600
1.309388
0.714388
1.017441
0.384386
0.781699
0.582130
-1.446214
-1.917335
-1.923770
-1.637508
-3.413951
-2.833588
-2.769049
-2.182155
-1.922260
-1.830185
-0.508849
0.731985
0.797954
1.266769
0.555357
0.798903
1.711090
2.125170
2.334866
0.849746
-0.277381
-0.177702
0.671285
-0.257924
-0.971044
-2.027427
-1.628902
-0.572772
-0.406029
-0.534361
0.228034
-0.170480
-0.208888
0.372839
0.589250
0.585607
0.746260
1.215265
0.474847
0.276104
0.542320
0.521376
0.592604
-0.378954
0.091302
0.191339
0.786321
0.072209
0.263241
0.705588
0.539430
0.449322
0.280660
-0.134667
0.079363
0.543029
1.811831
1.086522
0.785058
1.702520
1.164776
0.824043
0.460918
-0.258613
-0.045353
0.215375
-0.067937
0.030287
0.102972
-1.959613
-2.392521
-1.088311
-0.503440
0.066880
-0.384060
0.260501
0.559720
0.025205
-0.369348
-0.546109
-1.142739
-0.473914
-0.443011
-0.078036
1.089835
-0.194244
0.344629
-1.173868
-1.601169
0.149734
-0.476109
-0.101059
0.364744
0.312738
0.086880
1.069013
0.552056
0.820321
0.806574
1.258376
1.023637
-0.198067
-0.263859
1.168685
0.631042
1.734452
2.036395
1.413091
1.057023
0.380539
0.514084
0.316129
0.054351
-0.100262
-0.982419
-2.092858
-0.061968
-0.338026
-1.039107
-0.132582
-0.795755
-1.373025
-1.774289
-2.061752
-2.257660
-2.312963
-0.330819
-0.523075
-1.937687
-1.041115
-1.439977
-0.336487
-0.381260
-1.610854
-1.389888
-1.733784
-1.606483
-0.259921
0.051938
1.176153
1.680884
1.317505
2.192014
1.138716
1.508107
1.690220
0.720473
-0.315680
-0.135245
-1.578431
-2.124378
-0.726517
-1.649578
-0.965235
-0.571688
-0.979774
0.092365
-0.646356
0.692757
0.204225
0.391907
1.115734
0.753636
2.074366
1.840925
1.155412
1.209531
0.346657
0.382574
-0.150283
0.354839
0.558008
0.490787
-0.893764
-0.525785
-1.641506
-0.576487
-0.261984
-0.681604
-0.489178
-1.249088
-0.950939
-0.885233
-0.433466
0.142365
0.132055
0.256465
0.012515
1.075791
1.584234
1.484280
0.404360
0.936897
1.399721
0.947834
0.436802
0.705412
0.625743
-0.184167
-0.322061
0.590523
0.600214
0.973897
0.311983
-0.442262
1.014577
0.972569
-0.499835
0.044150
0.081619
-0.231931
1.367941
0.517357
0.888107
0.242114
1.411935
2.213022
2.065045
1.030006
0.578078
0.515465
-0.343477
-0.005353
0.398665
0.604714
0.577118
1.034959
1.164351
0.613811
0.443567
0.191967
1.193147
-0.271615
-1.086178
-0.617309
-0.394733
-0.775085
-0.124340
-0.418263
-0.816774
-1.511022
-1.500565
-1.087743
-1.755417
-0.713553
-0.434104
-1.259457
-0.475881
-0.817669
-0.545311
-1.165025
-0.781635
-0.690567
-0.691182
1.273554
1.673831
1.139132
0.972649
0.739364
1.539542
1.114105
0.705172
-0.174552
-0.540686
0.125684
-1.097646
-1.697915
-0.955294
-1.056038
0.046309
-0.331743
0.737757
-0.108371
-0.725451
-0.383512
-1.052589
-0.289405
-0.109898
-0.101995
-0.540975
-0.931290
-0.359610
-1.136511
-1.347272
-1.363104
-0.791957
-0.164680
-0.825659
-0.434449
0.773249
-0.056990
0.309020
1.021343
0.855567
1.825495
1.221002
0.554592
-0.241836
-1.230607
-1.242201
-1.573070
-0.919567
-0.845820
-0.522749
0.402949
-0.538474
-0.689760
0.171064
1.448874
0.559903
0.121314
0.478621
1.032132
0.567712
0.157038
0.838897
1.334548
2.282616
2.215203
1.398879
1.349773
0.259687
-0.671512
-1.451092
-1.783138
-1.795100
-1.912372
-2.186545
-0.817114
-0.290780
-0.261836
0.663675
1.108536
2.225338
2.575666
2.456354
2.577271
2.461770
1.672620
1.147260
0.208236
0.095691
-1.528928
-3.274205
-3.130562
-2.637385
-1.573989
-1.099737
-0.881727
-1.006072
0.110676
0.687930
0.541480
1.077744
0.801465
1.072779
1.171141
0.447765
0.997577
0.275584
-0.569045
-0.505648
-0.649558
-1.538821
-1.242334
-0.354864
0.633203
0.218020
0.012526
0.039785
-0.714277
-0.379880
-0.498284
-1.152847
-1.831028
-1.333426
-1.267629
-1.303289
-1.135461
-1.765591
-1.472661
-1.597374
-2.046260
-1.963759
-1.311798
-1.217691
-1.246787
0.770320
1.069028
1.130147
1.075626
0.446575
0.568576
0.161413
0.387898
1.098503
-0.159870
-0.009801
-0.510240
-0.333629
0.485275
0.364338
1.372133
0.645848
1.298634
1.977636
1.473842
2.362693
1.556810
0.789009
1.245791
1.520719
1.332023
0.291588
0.255461
0.472685
1.137047
0.758193
-0.170578
0.413588
0.239109
0.326258
0.085698
0.556534
0.620055
0.594576
0.565481
0.255259
0.201773
0.248374
0.427459
0.484199
1.199817
-0.133677
-0.019792
0.192844
-0.294169
0.002246
0.004181
0.366960
-0.082332
0.415470
1.048615
1.852094
1.600793
1.234391
0.911930
1.499227
1.411805
1.039437
-0.020478
-1.360979
-1.622771
-1.829863
-3.650571
-2.756470
-2.074951
-2.636883
-2.799569
-3.358548
-2.765240
-2.274680
-1.832500
-1.731784
-1.981139
-0.534813
-0.221371
-0.132951
0.738266
0.357033
0.338417
-0.013007
-0.641386
0.140586
-0.407444
-0.071837
0.350751
0.772181
0.429789
0.230162
0.213857
1.258719
0.662233
1.031644
2.206777
2.074167
1.447798
1.256097
1.797485
0.884138
-0.093186
0.391733
0.187993
-0.192775
-0.618546
-1.345160
-0.501311
-0.077282
0.123354
0.659015
-0.029831
-0.014488
0.008217
-0.123004
-0.902847
-0.621788
-0.428802
-1.042704
-1.226306
-1.341608
-1.459811
-0.478052
-0.557428
-1.049604
-1.189002
0.171233
0.556367
0.258673
0.758337
0.638693
0.846542
0.976205
0.464474
1.014537
-0.144467
0.683017
0.501169
-0.258971
0.591794
-0.482713
-0.889506
-0.578076
-0.647674
-0.241475
0.534982
0.977969
1.483212
0.838589
1.094191
1.556436
1.909763
1.372155
0.807718
0.971634
0.288989
0.318203
0.091862
0.004045
-0.683893
-0.331717
0.083075
-0.358834
0.467651
0.564236
0.381785
1.177681
0.281929
-0.250308
0.415581
-0.831510
-1.234723
-0.879896
-0.131086
-0.240690
-0.905325
-0.897994
-0.533919
-0.517293
-0.173936
-0.589207
-0.002397
0.226164
0.626977
0.089023
-0.456331
0.942261
-0.034172
0.111310
-0.057006
-0.430856
-0.858664
-1.350712
-0.622426
-1.070978
-0.283928
0.307221
-0.391725
0.070217
-0.377604
0.223754
-0.744645
-1.469933
-0.106725
-0.032963
0.161172
-0.928898
-0.080312
0.813902
0.024081
-0.222398
-0.491248
0.274012
-0.240162
0.042062
0.393532
-0.318742
0.216211
0.014717
0.380269
0.002991
-0.463853
-0.446264
-0.160881
0.066683
-0.840574
-0.825147
-0.850413
-0.707557
-0.207337
-0.919971
-0.010050
0.450638
0.208488
-0.100753
0.207105
-0.144220
0.573370
0.121200
-0.288737
-0.031090
-0.140780
0.013532
0.929526
-0.020751
0.896042
1.275944
1.369540
1.243150
1.256310
1.507987
1.369483
1.289784
1.066510
1.601672
2.016316
0.083022
0.332312
0.443003
0.769317
0.509449
0.268252
0.889699
0.445560
-0.948388
-1.414007
-1.876090
-1.960415
-2.106932
-1.341541
-0.878630
-1.122547
0.011480
0.397093
0.768991
0.336639
0.223274
0.794156
-0.222580
-0.924257
0.183554
-0.114757
0.387374
-1.160650
-0.211885
0.991067
0.471844
1.099657
0.527719
0.310020
0.299476
-0.030203
-0.240051
-0.920566
-0.564944
-0.373734
0.049094
-1.345669
-0.707296
-1.303426
-0.966860
-0.344469
-0.895298
0.344734
0.433078
0.772301
1.657089
1.885665
0.864953
0.311354
0.855849
1.013752
0.586986
-0.366307
-0.169395
-0.111214
-0.259651
-0.717577
-0.024122
0.203793
0.177635
-1.382973
0.750991
-0.374130
-1.990951
-1.044083
-0.930858
-1.033867
0.459189
0.147494
-0.499486
0.668805
0.230015
0.002193
-0.082176
-0.960803
-0.694731
-0.726131
-0.926971
-0.618995
0.260952
0.276394
0.539915
-0.269548
0.221774
0.053326
0.486114
1.633546
0.976968
-0.540737
-0.494259
-0.539726
-0.937203
-0.743146
-1.317347
-0.887247
-0.700337
-0.402934
-1.132206
-0.128810
0.412065
1.012350
-0.354881
-0.124015
0.360572
1.032036
1.019092
0.638476
0.054917
0.811373
0.608124
-0.068987
0.150670
-0.066269
0.453585
0.239853
0.548227
0.536683
-0.461298
-0.144352
0.303185
-0.284106
0.264013
0.233096
-0.396715
-0.375047
-0.491751
-0.862715
-0.417036
-0.536709
