1.341006
1.477636
1.455748
1.554836
1.675910
1.902975
1.897034
1.321269
0.813567
0.538252
0.408654
0.162916
0.215527
0.069837
-0.022347
0.295794
0.522139
0.704311
0.978356
0.848694
0.686544
0.277509
-0.195062
-0.460836
-0.379291
-0.493720
-0.319387
0.027950
0.459084
0.726506
1.010083
1.439975
1.518259
1.307830
1.264842
1.177894
0.637301
0.194325
-0.063873
-0.091676
-0.308909
-0.515500
-0.592695
-0.730128
-1.192932
-1.755027
-2.109450
-2.128910
-1.669273
-1.455590
-1.069262
-0.942947
-0.628562
-0.000619
0.598380
1.149447
1.044428
0.325243
0.343856
0.667488
1.038715
1.475745
1.126096
0.048394
-0.628703
-0.837219
-0.913282
-0.394082
-0.031695
0.008551
0.105733
0.481713
0.634159
0.405169
-0.047017
-0.538484
-0.714817
-0.377980
-0.088005
-0.288164
-0.521571
-0.812538
-0.897249
-0.628745
-0.360724
0.108700
0.446333
0.121102
-0.701088
-1.144200
-1.283267
-1.361572
-0.964337
-0.645356
-0.392937
-0.129799
-0.108233
-0.327836
-0.368945
-0.039728
0.133831
-0.171034
-0.496302
-0.460514
-0.148069
0.105686
0.240173
0.331481
0.345986
0.337721
0.295008
0.320422
0.278464
0.334378
0.419287
0.165232
0.035572
0.238128
0.536960
0.739618
0.864894
0.802724
0.556661
0.520270
0.661179
0.578517
0.515184
0.162169
-0.428544
-0.908631
-0.672603
0.033213
0.714166
1.142125
1.377843
1.525438
1.397349
1.278754
1.192061
1.121431
0.852094
0.356083
-0.293108
-0.703040
-0.840848
-0.751893
-0.514135
-0.093291
0.208017
0.041608
-0.199541
-0.327139
-0.339035
-0.235728
-0.372004
-0.536425
-0.745110
-0.909976
-1.301120
-1.433302
-0.831841
-0.172984
0.095426
0.368945
0.617836
0.628528
0.341794
0.117498
-0.066192
-0.413717
-0.551251
-1.019345
-1.704718
-1.846265
-1.586841
-1.279016
-0.904570
-0.615424
-0.372195
-0.407841
-0.467932
-0.654195
-0.794017
-1.055746
-1.183231
-0.749864
-0.046398
0.290807
0.350055
0.283673
0.491144
0.967263
1.226718
0.693023
-0.394351
-1.056089
-1.419012
-1.353109
-1.237108
-1.188345
-0.954760
-0.470320
-0.002376
0.361915
0.798146
0.969358
0.804171
0.553702
0.195739
-0.017013
0.268122
0.371490
0.606028
0.607817
0.421287
0.495985
0.826049
1.044854
1.340727
1.335997
1.011446
0.566734
0.232874
-0.247230
-0.476900
-0.421880
-0.241275
-0.285582
-0.219748
-0.036358
0.071685
0.296775
0.709581
0.715723
0.693220
0.427746
0.306069
0.451667
1.089490
1.447532
1.678805
1.667267
1.444009
0.960059
0.607265
0.294901
-0.017530
0.044642
-0.028052
-0.625934
-1.011233
-0.895508
-0.524475
-0.287346
-0.455306
-0.662084
-0.241341
0.154390
0.313091
0.668545
0.791078
0.292644
-0.651701
-1.522998
-1.620914
-1.205981
-0.634125
-0.333292
0.133349
0.922157
1.510912
1.437527
0.972604
0.287104
-0.437242
-0.958766
-0.979643
-0.714975
-0.512195
-0.540980
-0.525819
-0.120966
0.130149
-0.052388
-0.187861
-0.399675
-0.734968
-0.544411
-0.079895
0.100411
0.579321
0.916576
0.920455
0.851963
0.775282
0.793331
0.570572
0.310591
-0.078073
-0.192402
-0.136263
-0.144521
0.137570
0.599494
0.918604
1.032214
1.150322
1.024683
0.754921
0.717397
0.588550
0.327162
0.141998
-0.062924
-0.456253
-0.805585
-1.009686
-0.735961
-0.248460
0.078027
0.039121
-0.128230
-0.551658
-0.703847
-0.973023
-1.117799
-0.982744
-0.978126
-0.535505
-0.305071
-0.369692
-0.608963
-0.511606
0.173829
0.995718
1.444749
1.423370
1.146688
0.589835
0.210650
-0.105675
-0.480603
-0.855755
-1.048782
-1.337508
-1.375111
-1.144467
-0.672950
-0.557706
-0.332472
0.239252
0.250631
-0.149660
-0.452141
-0.672580
-0.754379
-0.903007
-0.868787
-0.619083
-0.532019
-0.246209
-0.097725
-0.102776
0.151935
0.742953
0.997630
0.579108
0.065046
0.010969
-0.070778
-0.081718
-0.319844
-0.421385
-0.067737
0.595232
0.964007
1.272735
1.508178
1.493586
0.891873
0.260751
-0.496603
-1.129948
-1.521776
-1.463379
-1.056537
-0.533568
0.004865
0.522945
1.042307
1.372480
1.467110
1.458990
1.330907
1.238658
1.142393
0.568638
-0.123453
-0.350044
-0.276266
-0.069580
0.033358
0.359935
0.666667
0.935236
0.929735
0.531783
0.179854
0.628059
1.313075
1.560046
1.419710
1.084331
1.036040
0.993383
0.838093
0.484754
0.409868
0.449910
0.108934
-0.132585
-0.447000
-0.434439
-0.292048
-0.144496
-0.108700
0.200608
0.819181
1.199655
1.277003
1.036826
0.349000
-0.407183
-0.806577
-0.757274
-0.854030
-1.134367
-1.501715
-1.561515
-1.350733
-0.944176
-0.518459
0.049969
0.106523
-0.416499
-0.716702
-1.120613
-1.521009
-1.794899
-1.881162
-1.948007
-1.797539
-1.690783
-1.425582
-1.030082
-1.010322
-1.125720
-0.871262
-0.915310
-1.374786
-1.650436
-1.756231
-1.507991
-1.178914
-0.765119
-0.886294
-1.309654
-1.407813
-0.931778
-0.134872
0.335798
0.397421
0.285948
0.044165
-0.526015
-1.157661
-1.364247
-1.252070
-1.005130
-0.753403
-0.486103
0.021897
0.898613
1.649654
1.995161
1.839529
1.374322
0.831230
0.680138
0.883650
1.256808
1.440871
1.219152
0.724376
0.274242
0.060287
0.298220
0.713676
0.984682
1.291723
1.636670
2.221722
2.458892
2.751025
3.209048
3.172112
2.552148
1.985139
1.692735
1.709235
1.593963
1.352988
1.274173
1.312218
0.973026
0.380562
0.242042
0.370344
0.007377
-0.301989
-0.402859
-0.464446
-0.473219
-0.409809
-0.264478
-0.151588
0.012192
0.074862
0.230245
0.467569
0.854450
1.234481
1.677479
2.038887
1.913041
1.662703
1.494192
1.273203
1.061945
0.975242
0.744815
0.417040
0.103034
-0.153035
-0.101247
-0.291374
-0.643924
-0.471339
-0.463332
-0.536005
-0.488660
-0.252320
-0.128914
-0.193950
-0.441655
-0.541373
-0.440395
-0.498857
-0.985710
-1.182511
-1.130377
-1.281187
-1.365009
-1.135416
-1.386581
-1.492206
-1.331152
-1.199462
-1.184138
-1.314706
-1.675940
-1.961098
-2.396965
-2.721923
-2.747601
-2.024827
-1.648099
-1.377571
-1.159934
-1.052785
-1.148207
-1.298231
-1.401060
-1.575369
-1.697511
-1.396070
-1.112820
-0.712166
-0.426582
-0.255436
0.111160
0.438153
0.749184
1.046284
1.269076
1.345289
0.919279
0.732778
0.377267
0.046844
-0.416627
-0.687432
-0.419329
0.184554
0.578439
0.471194
0.429080
0.419227
0.409539
0.915659
1.799843
2.316995
2.104029
1.814225
1.981983
2.514052
2.360432
1.696602
0.987968
0.270937
-0.117784
-0.140719
-0.255479
-0.625869
-0.471846
-0.071411
0.000820
0.221924
0.447230
0.702502
0.652320
0.148570
-0.167026
-0.191652
-0.299089
-0.559719
-0.703025
-0.919135
-1.259720
-1.556587
-1.676030
-1.665011
-1.538825
-1.113217
-0.669483
-0.352175
-0.142223
-0.230738
-0.515594
-0.584446
-0.609794
-0.789068
-0.750432
-0.740324
-0.668508
-0.512584
-0.307988
-0.417228
-0.695402
-0.506025
-0.563087
-0.476153
-0.124151
-0.090908
-0.019114
-0.009578
0.091885
0.228050
0.325830
0.470679
0.523306
0.489276
0.638958
0.822246
0.846106
0.789001
0.668418
0.518101
0.189346
-0.009447
-0.173353
-0.284096
-0.116714
0.142766
0.454979
0.021158
-0.576426
-0.797852
-0.597919
-0.279572
-0.205048
-0.159450
0.053995
-0.020624
-0.481450
-0.967541
-1.053918
-0.830427
-0.977320
-1.320098
-1.546813
-1.241347
-0.957290
-0.929027
-1.224369
-1.696093
-1.856264
-1.783513
-1.562593
-1.047494
-0.530353
0.025998
0.572322
0.941900
0.963740
0.675130
-0.082672
-0.775861
-1.205156
-1.414481
-1.800732
-2.013018
-2.012277
-1.919718
-1.499950
-0.754504
-0.374461
0.046410
0.607449
1.149894
1.623575
1.560836
1.414520
1.233590
1.013549
0.995707
1.320194
1.188248
0.854293
0.875974
1.014985
1.016771
1.154529
1.224515
1.536212
1.975419
2.289478
2.081884
2.095706
1.980845
1.762508
1.760479
1.936257
1.834174
1.624483
1.324416
1.211510
0.739842
0.113518
-0.103984
0.183908
0.509062
0.691206
0.787804
0.910932
1.002919
1.026736
1.248204
1.341019
1.306713
1.414839
0.844579
-0.103395
-0.989855
-1.576097
-1.721472
-1.295384
-0.961463
-0.510324
-0.236391
-0.108103
-0.220171
0.071078
0.852725
0.894522
0.504040
-0.427653
-1.719637
-2.542844
-2.641498
-2.439241
-2.138900
-1.764888
-1.500675
-1.268553
-0.674893
-0.467555
-0.461428
-0.310296
-0.228720
-0.315175
-0.278432
-0.074828
0.065424
0.176812
0.244109
-0.033758
-0.360582
-0.626261
-0.758007
-0.710181
-0.445007
-0.344640
-0.222934
-0.119390
-0.478833
-0.452132
-0.401111
-0.791456
-0.979616
-0.652058
-0.330263
-0.019009
-0.073645
-0.317531
-0.180614
0.252309
0.415845
0.674970
1.216502
1.547543
1.172046
0.815831
0.618047
0.280417
-0.057804
-0.144749
-0.031357
0.458268
0.912860
0.890970
1.026797
1.576717
1.485885
1.308421
1.087766
0.683065
-0.090930
-0.445608
-0.419148
-0.368850
-0.250813
-0.571682
-0.814406
-0.932659
-0.803877
-0.884078
-0.765860
-0.642965
-0.567377
-0.648111
-0.706980
-0.997354
-0.761959
-0.184714
0.016781
0.266689
0.613606
0.840896
1.245687
1.307665
0.961165
0.079163
-0.601199
-0.905965
-0.887507
-0.280941
0.076818
0.054483
0.242984
0.767167
0.856478
0.464917
0.227506
0.139648
-0.080962
-0.703380
-1.423484
-1.715919
-1.406053
-1.019155
-0.454382
0.128154
0.165776
0.346644
0.469517
0.415733
0.299131
-0.129994
-1.049847
-1.932561
-2.647663
-2.804260
-2.328625
-1.768474
-1.137265
-0.007544
1.159422
1.646469
1.774958
1.754311
1.377376
0.710639
0.502447
0.593757
0.927025
1.343652
1.257371
0.856582
0.583952
0.489046
0.433403
0.460061
0.182783
-0.323657
-0.597320
-0.511783
-0.197435
0.564433
1.257446
1.299249
1.363301
1.699460
2.007530
1.860785
1.389858
0.630871
-0.136328
-0.428973
-0.255018
0.014445
0.260233
0.436646
0.733920
0.871244
1.194770
1.695909
1.538115
1.629244
1.673464
1.176372
0.215429
-0.601720
-0.823416
-1.018254
-1.143785
-1.019725
-0.653702
-0.209737
-0.035230
-0.118181
-0.440200
-0.452242
-0.605571
-0.735096
-0.238236
0.215974
0.557690
1.045107
1.232295
1.495248
2.218207
2.888421
2.993351
2.686151
2.040604
1.639382
1.375098
0.985184
0.267081
-0.455584
-0.715981
-0.845375
-1.019479
-1.120863
-1.152304
-0.882227
-0.589788
-0.393695
-0.633717
-0.668979
-0.255428
-0.021140
-0.292222
-0.641476
-0.928195
-1.176282
-1.046903
-0.895103
-0.885393
-1.545528
-1.895662
-1.648782
-1.532679
-1.488282
-1.565098
-1.821080
-2.180560
-2.409119
-2.602713
-2.501075
-2.028929
-1.388260
-0.935303
-0.626410
-0.467015
-0.269912
-0.191971
-0.287873
-0.255077
-0.264593
-0.113064
0.222800
0.266937
