0.018388
-0.033664
-0.050987
-0.213059
-0.277435
-0.418052
-0.262310
-0.157782
-0.320038
-0.297872
-0.480969
-0.515561
-0.473801
-0.428979
-0.341689
-0.490312
-0.711795
0.235089
0.773472
1.232133
1.183670
0.217205
-0.157877
-0.529272
-0.544810
-0.234475
-0.497231
-0.301768
-0.360716
-0.629774
-0.565154
-0.384437
-0.402506
-0.168418
0.359039
0.530721
0.502774
0.472087
0.267152
0.325315
0.152895
-0.251753
-0.553742
-0.983745
-0.789502
-0.433356
-0.393717
-0.328926
-0.365292
-0.516555
-0.450634
-0.189821
-0.100848
-0.003546
0.311435
0.347612
0.745677
0.896903
0.991913
0.927835
0.821379
0.526442
0.489634
0.677133
0.380428
0.375375
0.154555
0.005057
-0.028212
-0.878755
-0.962071
-0.422951
0.018935
0.559157
0.280533
0.371806
1.114312
1.141010
0.568903
0.410038
0.224784
-0.166609
-0.233851
-0.341643
-0.690495
-0.398135
-0.691734
-0.949880
-0.559513
-0.028693
0.743378
1.082374
1.076730
0.928805
0.487294
-0.025857
0.151716
0.137865
0.185471
-0.275267
-0.699092
-0.539931
-0.316747
-0.448793
-1.163523
-0.801657
-0.133292
0.099653
-0.049308
-0.537206
-0.571189
-0.470782
-0.022664
0.262343
0.008789
-0.032300
-0.536403
-0.616310
-1.261578
-1.662312
-1.562879
-1.933196
-1.968040
-1.355106
-0.601421
0.215443
0.887203
1.409281
2.224050
2.565049
2.591912
2.269635
1.686972
1.304639
0.769600
0.244995
-0.097339
-0.432195
-0.741681
-0.316378
0.512866
1.162058
0.967696
0.963220
0.853858
0.443099
-0.411127
-0.638658
-1.121582
-1.414136
-1.284630
-1.786981
-2.037191
-1.874876
-1.180838
-0.589292
-0.113116
0.397831
0.889695
0.945181
1.262098
1.544385
1.436493
1.172299
0.968745
0.816675
0.268229
-0.471378
-0.777590
-0.331424
-0.039494
0.230837
0.248460
-0.024352
-0.380102
-0.135755
0.402120
0.390967
0.343342
0.395245
0.106907
-0.040940
-0.151909
-0.520060
-0.621328
-0.838853
-0.761937
-0.815200
-0.848412
-0.580153
-0.415490
0.042637
0.409025
0.386528
0.646693
0.281869
-0.166576
-0.114351
-0.503618
-0.705542
-0.680617
-0.617003
-0.245617
0.204045
0.550201
0.926804
1.517741
1.720043
1.034767
1.186859
1.172463
0.692925
0.237268
-0.001989
-0.069805
-0.572105
-1.192610
-1.420126
-1.345689
-1.189020
-0.804791
-0.756661
-0.219347
0.442536
0.821844
0.865456
0.768151
0.492275
0.303875
-0.352859
-0.587977
-0.569729
-0.482793
-0.558154
-0.576015
-0.465810
-0.482163
-0.125951
-0.261510
-0.538904
-0.275063
-0.043593
-0.060321
0.036984
0.158046
0.391425
0.865552
1.235763
1.659393
1.425580
1.520906
1.291818
1.024703
0.410646
-0.123758
-0.368098
-0.675963
-1.003673
-0.717260
-0.354914
0.063246
0.309438
0.602883
1.194985
1.839232
1.847695
1.178399
0.374211
-0.458797
-1.036092
-1.691941
-1.349087
-1.076264
-0.898351
-0.751280
-0.443169
0.342536
0.873571
1.034508
0.610527
0.221402
-0.018838
-0.300883
-0.525998
-0.553295
-0.721380
-0.586403
-0.675868
-1.029143
-1.367436
-0.907102
-0.880090
-1.037484
-0.690671
-0.510832
-0.255871
-0.191999
-0.077443
-0.466156
-0.877804
-0.913503
-0.438668
-0.535635
-0.570169
-0.718038
-0.547655
-0.213161
-0.232658
-0.206165
-0.075455
-0.017265
0.015980
0.430522
0.508584
0.677758
0.641127
0.639635
0.696454
0.521755
0.058875
0.108224
0.055625
0.281122
0.240557
-0.133539
-0.569353
-1.023742
-0.779399
-0.829222
-0.967231
-0.617387
-0.005038
0.874535
1.338309
1.509308
1.705224
1.287155
0.826817
0.144195
-0.317223
-0.327606
-0.384513
-0.682273
-0.675006
-0.503069
-0.613151
-0.510300
0.104631
0.517037
0.695745
1.309981
1.479485
1.402441
1.322810
1.147836
0.601550
0.242939
0.189869
-0.253789
-0.425322
-0.439158
-0.882854
-0.967092
-0.604494
-0.616762
-0.254152
0.536848
1.091517
1.289298
1.384862
1.376138
1.026663
0.625230
0.584984
0.148479
-0.280886
-0.196304
-0.250089
-0.261682
0.063052
0.284133
0.405047
0.062814
-0.328377
-0.522737
-0.520771
-0.586942
-0.560774
-0.390249
-0.218731
-0.036857
0.278878
0.593380
0.732347
0.258070
-0.219495
-0.033077
-0.181269
-0.842503
-1.345477
-1.582562
-1.340428
-1.241663
-0.757505
-0.544374
-0.468503
0.098078
0.701270
1.137250
1.279850
1.315424
1.123777
0.937814
0.257673
-0.498223
-1.102897
-1.463498
-1.603089
-1.731864
-1.200215
-0.589634
-0.277580
-0.187415
0.166311
0.363579
0.712920
0.958436
0.967998
0.788645
0.208234
0.017645
-0.367863
-0.406467
-0.242115
-0.042523
0.121356
0.299984
0.971084
1.405041
1.090920
0.771804
0.869062
1.079509
1.204624
1.431337
1.353502
1.514285
1.597581
1.299956
0.509535
0.055310
0.335186
0.099055
0.149082
0.061884
-0.163135
0.146399
0.107654
0.072709
-0.131556
-0.591051
-0.434311
-0.317436
-0.537665
-1.011518
-0.866985
-0.801825
-0.398397
-0.100802
-0.431050
-0.298146
-0.329432
-0.016771
0.272676
0.381738
0.361715
0.197747
-0.675942
-1.442644
-1.724183
-1.832973
-1.911074
-1.455897
-0.699375
-0.344891
0.012928
0.125011
0.335825
0.857721
0.938931
0.272516
-0.704639
-1.682886
-2.075582
-2.192190
-2.201534
-1.932473
-1.522503
-1.307412
-1.143882
-0.388742
0.556955
1.467162
2.019976
1.902175
1.712385
1.380790
0.850514
0.297485
0.150190
0.379645
0.268619
0.125826
-0.245161
-0.033043
0.379236
0.590164
1.093165
1.206174
1.040876
0.720130
0.270147
-0.057705
-0.328323
-0.373446
-0.684946
-1.357153
-1.548205
-1.825894
-2.199177
-2.293227
-1.911355
-1.960920
-1.593831
-0.811278
-0.689026
-0.662334
-0.677228
-1.085648
-0.673053
-0.214158
-0.474340
-0.803797
-0.766330
-0.965853
-0.635504
-0.514142
-0.537632
0.030379
0.694663
0.732290
0.598937
0.135305
-0.156995
-0.514051
-0.673420
-0.352599
-0.078095
0.257526
0.983778
1.265892
1.306633
1.641196
1.502569
1.222950
0.978714
0.705394
0.489011
0.420938
0.317296
0.511970
0.446068
0.661710
0.885118
1.426312
1.518636
1.416514
1.310317
1.483078
1.808847
1.652860
1.614000
2.174164
1.634746
1.136626
1.054935
1.039100
0.955960
1.022212
0.596430
-0.315960
-0.698260
-1.333772
-1.579382
-1.562941
-1.743235
-1.519786
-1.427080
-1.388420
-1.570360
-1.296491
-0.949774
-0.736980
-0.819256
-1.228708
-1.474228
-1.267027
-1.435321
-1.523221
-1.602840
-2.024272
-1.934670
-1.542128
-1.371047
-1.157659
-0.815557
0.105475
0.781974
0.700864
0.693310
0.224362
0.045704
0.195301
0.061771
-0.457790
-0.861969
-1.446466
-1.431439
-0.691055
-0.408191
-0.127074
0.756676
1.468902
1.449315
1.684955
1.638589
1.605009
1.112593
0.922540
0.446261
-0.049684
-0.201436
-0.341926
-0.084363
0.107383
0.038325
-0.115938
0.455615
0.871295
1.217789
1.679007
1.697272
1.968557
1.976588
1.712650
1.435333
1.276775
1.270291
0.969257
0.477798
0.111602
0.341050
1.101757
0.646822
0.382900
0.631146
0.631457
0.659312
0.496235
-0.351511
-0.871359
-1.299485
-1.020184
-0.634013
-0.374440
0.061598
-0.194564
-0.233644
-0.093447
-0.171010
0.100030
0.172581
-0.175912
0.270716
0.358065
0.575321
0.662597
0.807763
0.725766
-0.144727
-0.486700
-0.771414
-1.083364
-0.901909
-0.545633
-0.048967
0.444099
0.621410
0.504861
-0.168320
0.133039
0.535971
0.600988
0.623396
0.388972
0.736651
0.288592
-0.135052
-0.601517
-1.075167
-1.547136
-1.827591
-2.116042
-1.983180
-1.003112
0.292172
0.653367
1.627469
2.008807
2.163470
2.498794
2.250065
2.009943
2.003171
1.694615
0.922372
0.582237
0.515118
0.479081
0.829386
0.884485
0.754453
0.558084
0.655106
0.721168
0.386061
0.242507
0.218017
0.033192
-0.110073
0.000260
0.081915
-0.209855
-0.314771
-0.147612
0.040598
0.129395
-0.276083
-0.987177
-1.318953
-1.732934
-1.894993
-1.675248
-1.274951
-1.040226
-0.074995
1.439848
1.867742
1.531106
1.679404
1.346274
-0.000138
-0.818266
-1.383463
-1.767049
-2.736949
-3.038992
-3.023602
-3.190728
-3.217956
-2.811189
-1.579086
-0.726931
0.494913
1.152798
1.438531
1.616287
1.480130
0.634834
-0.431390
-1.292242
-1.381191
-0.668604
-0.609888
-1.459168
-1.849366
-1.225007
0.156333
1.990012
2.713993
2.954680
2.631571
2.366770
2.175294
1.557330
1.065764
0.829237
0.513194
-0.249339
-0.665945
-1.055479
-1.668118
-1.747226
-1.234741
-0.584716
0.270932
0.210803
0.272314
0.542830
0.277796
0.395986
-0.035354
-0.356826
-0.260227
-0.980286
-1.265611
-1.164199
-0.963222
-0.791720
-1.101471
-0.921764
-0.265186
-0.098371
-0.462633
-0.014407
0.495393
-0.043475
-0.635682
-0.991601
-1.444254
-1.021057
-0.436637
0.403823
0.647966
0.460141
0.191718
0.202921
0.613892
0.761776
0.320304
-0.178407
-0.471701
-0.837519
-0.588658
-0.087702
0.940548
1.020435
0.887456
1.247798
1.429265
1.388934
1.241968
0.425685
-0.007676
0.058955
0.080942
-0.303652
-1.172497
-1.797001
-2.057871
-2.282423
-2.569858
-2.399146
-1.811211
-1.673979
-1.112908
-0.673870
-1.040289
-0.940150
-0.458399
-0.409199
-0.122676
0.140005
0.001124
-0.000088
0.495918
0.977312
1.341570
1.163377
1.312934
1.167433
0.275606
-0.516535
-0.865401
-1.015388
-1.511327
-1.443853
-1.052646
-0.803416
-0.878338
-0.731728
-0.684606
-0.462918
-0.192383
0.111630
0.048698
-0.234626
-0.246978
-0.587569
-1.237426
-0.895130
-0.259326
0.498903
1.036857
1.000057
1.180205
0.953715
0.435848
0.020136
0.282592
0.506831
0.047266
-0.080827
-0.165875
-0.414249
-0.711340
-0.701541
-0.208465
0.195460
-0.020929
-0.016027
0.340940
1.003908
1.586091
1.745684
1.448297
1.034785
0.161142
-1.400265
-1.812883
-2.020413
-1.969658
-1.542290
-0.575737
0.912287
1.501185
1.781293
2.455950
2.544645
2.281542
1.773402
1.246471
0.744623
0.178353
-0.113828
-0.258135
-0.983592
-0.627406
-0.635338
-0.439775
-0.112355
-0.233169
-0.079535
0.306110
0.632846
0.533219
0.471204
0.280357
0.151381
0.049203
0.224091
0.369603
0.440282
-0.082517
-0.666733
-0.673531
-0.714139
-0.844026
-0.537405
0.333214
0.702395
1.276212
1.727928
1.971685
2.048723
2.418786
2.501517
2.452226
2.463613
2.054124
1.480566
0.792508
0.689774
0.712077
0.551415
0.125332
0.018747
0.331086
0.887859
2.141414
2.193606
1.960327
1.584726
1.289313
0.610975
-0.017721
-0.054156
-0.111941
-0.954213
-1.427844
-1.630933
-1.587890
-1.873360
-1.861362
-1.826124
-1.165129
-1.127511
-1.172204
-1.032749
-0.303885
0.418596
0.472419
-0.061931
-0.264073
-0.259531
-0.213254
-0.297522
-0.556524
-0.552405
-0.526375
-0.694401
-0.814850
-1.270296
-1.877090
