0.311031
0.075198
0.543581
1.119954
1.121013
0.578688
-0.403824
-1.634287
-1.923760
-2.180595
-2.289100
-1.617292
-1.006419
-0.919434
-0.397192
0.320141
0.774050
1.326152
0.925111
0.525368
0.442509
-0.222080
-0.387017
-0.575789
-0.806460
-0.403907
0.349948
0.701855
0.943150
1.146571
0.796835
0.493377
-0.234661
-0.726224
-0.132375
0.035339
0.220657
-0.073684
-0.300174
-0.339828
-0.145227
0.186504
0.031654
-0.098332
-0.006508
-0.081069
-0.276099
-0.470236
-0.622842
-0.931818
-1.036693
-1.008316
-0.766203
0.026331
0.775049
1.253988
1.524998
1.373798
0.866649
0.073613
-0.501053
-0.889916
-0.495392
-0.206774
0.107275
0.424349
0.683505
0.956091
1.469744
1.626408
1.591640
1.556695
1.201695
0.987965
0.572843
0.029280
-0.371762
-0.301037
0.047525
0.190926
0.106971
0.007339
-0.158807
-0.213870
-0.329356
-0.929543
-1.258428
-2.016109
-1.878518
-1.421444
-0.416542
1.008846
1.569063
1.000241
-0.114945
-0.637032
-0.936671
-1.262097
-1.808128
-2.203223
-1.985056
-1.144629
-0.350702
0.132545
0.798453
1.490127
1.833471
1.943245
1.208915
0.581931
0.385528
0.424791
0.106197
0.149024
0.096476
-0.251449
-0.957115
-1.367668
-1.133910
-0.453946
0.718668
1.412280
1.502578
0.945816
0.081105
-0.679770
-1.601145
-1.950889
-1.544683
-1.022989
-1.241604
-1.696586
-1.040063
-0.023925
0.443023
0.401693
-0.168693
-0.841739
-1.030019
-0.538129
0.210698
0.490904
0.490982
0.483597
0.348593
0.387159
0.340279
0.672554
1.119331
1.404133
0.988379
0.998192
1.077736
1.339715
1.503153
1.292306
1.551786
1.886087
1.930265
1.740493
0.644766
-0.231092
-0.666319
-0.494202
-0.442525
-0.340918
-0.213394
-0.070355
-0.138084
0.110025
0.071705
-0.109686
-0.618441
-0.849468
-0.725847
-0.788410
-0.713206
-0.539800
-0.614171
-1.056311
-1.465057
-1.202984
-0.703413
-0.046294
0.342847
0.885684
1.418094
1.752442
1.886778
1.810143
1.090167
0.766176
0.344524
-0.676375
-1.698750
-1.911984
-1.606946
-0.967889
-0.150889
0.392278
0.399116
0.482372
0.928797
1.138519
1.001923
0.292614
-0.554820
-1.472355
-1.734530
-1.281795
-0.800987
-0.322721
-0.256903
0.198226
1.236926
1.945424
2.184457
2.409297
2.318108
1.787388
0.990030
-0.546072
-1.590896
-1.475901
-0.937626
-0.379319
0.050166
0.466551
1.164046
1.524141
1.338305
1.090164
1.102109
0.636545
-0.020904
-0.672983
-1.353607
-1.587347
-0.975402
-0.891687
-0.868333
-0.404845
-0.293988
-0.143758
0.301948
0.680899
0.676751
0.319380
0.221712
1.055075
1.075160
0.878916
0.512300
0.253277
0.136387
0.540090
0.424265
0.108422
0.351935
0.700006
0.926718
1.107644
0.989339
1.654456
1.961019
1.254574
-0.062436
-1.354153
-1.813130
-2.649932
-3.277150
-3.320292
-2.981683
-2.104106
-1.235448
-0.874675
-0.633427
-0.231439
0.094741
0.116889
0.446520
0.017815
-0.644628
-0.741651
-0.945407
-1.305166
-1.668779
-1.920657
-2.096246
-1.893543
-1.074416
-0.229796
0.297680
0.434119
0.492319
0.647262
0.809568
1.348266
1.519211
1.746202
1.771733
1.244471
0.736643
-0.185418
-0.924752
-1.127736
-0.905241
-0.291187
0.123150
0.086213
0.148320
0.652536
0.959849
0.873998
0.849151
1.114872
0.851143
0.383525
-0.410406
-1.285442
-1.895379
-2.025971
-1.347946
-0.633300
-0.111041
0.735714
0.773627
0.183618
-0.637517
-0.519972
-0.354545
-0.046954
0.299307
0.396949
0.465628
0.584758
0.217360
0.265611
0.293023
0.165893
0.082149
0.197615
0.027766
0.416802
1.005176
1.347814
1.314212
1.139802
0.912160
1.177407
1.065602
0.360176
-0.167169
-0.414937
-0.332633
-0.248179
-0.284281
-0.051269
0.003497
0.082167
0.554561
1.132940
1.139749
0.561565
-0.510822
-1.315279
-1.389756
-1.397422
-1.453635
-1.304567
-0.719949
-0.567327
-0.351717
-0.249190
0.287028
0.667078
0.109132
-1.016363
-1.525440
-1.320221
-1.050682
-1.064575
-1.109970
-1.087186
-1.570761
-1.305549
-0.445743
0.673760
1.630698
2.502740
2.784064
2.540328
2.326158
1.424752
0.766515
0.786389
0.767579
0.292852
-0.040711
-0.277306
-0.382213
-0.081938
0.265807
0.487946
0.707507
0.245528
-0.607404
-1.408234
-1.471886
-1.217710
-1.247356
-1.848299
-2.838883
-2.984540
-2.226148
-1.498532
-1.120238
-1.262795
-0.807503
-0.339664
0.287716
0.928970
0.933470
1.025639
1.335317
1.146300
0.852366
0.518241
0.298161
0.191199
0.224300
0.212061
0.360952
1.564042
2.358848
2.536485
3.025974
3.022651
1.966335
1.032980
0.133162
-0.433787
-0.865612
-1.141595
-1.443497
-1.672398
-0.871166
-0.077563
0.230716
0.056656
-0.191876
-0.471773
-0.245276
-0.704754
-1.336324
-1.684330
-1.535224
-1.195385
-0.552844
-0.145166
-0.154919
-0.285286
-0.270340
-0.443116
-0.858097
-0.773474
-0.063838
0.383561
0.587501
0.558125
0.618340
0.187313
0.178438
0.543406
0.387428
0.321313
0.439640
0.558153
0.541557
0.295786
0.431848
0.641469
0.808524
0.952763
0.574184
0.632317
0.636449
0.575809
0.028943
-0.853887
-1.725171
-1.986089
-2.196174
-2.206984
-1.809805
-1.386951
-0.215405
0.826140
1.158015
1.422353
1.248584
0.850524
0.269880
-0.628080
-1.451348
-1.586893
-1.549095
-1.324978
-0.901910
-0.244972
0.773941
1.304327
1.502934
1.356090
1.513235
1.160690
0.313853
-0.488650
-0.603993
-0.284669
0.104159
0.170037
-0.250225
-0.993102
-1.247597
-0.938022
-0.171168
0.662899
1.348919
1.400965
1.371659
0.856801
0.403376
0.132881
0.059663
-0.476329
-1.283895
-2.104812
-2.499213
-2.168624
-1.339720
-0.297345
0.897899
1.841001
1.900151
1.660629
1.336675
1.147451
1.411660
1.419588
1.061031
0.251355
-0.274681
-0.486652
-0.294615
0.137067
0.526777
0.949298
1.051972
0.689072
0.627049
0.602461
0.115383
-0.162539
-0.651787
-0.917495
-1.123788
-1.151011
-0.754362
-0.332977
0.267725
0.506838
0.311736
0.185391
0.470072
0.921737
1.102895
0.771229
0.765034
0.434655
-0.138912
-1.112031
-1.347142
-1.207490
-0.896845
-0.130866
0.171721
-0.070421
-0.138149
0.065025
0.409714
0.396699
0.200620
0.373013
0.616545
0.396850
0.108608
-0.089025
-0.020187
0.020289
-0.514640
-0.878484
-0.606785
-0.086001
0.126258
-0.153791
-1.152206
-1.549692
-1.350834
-0.929138
-0.142223
0.696293
1.536858
1.769808
1.533909
0.714159
0.286286
0.059159
0.142282
-0.130982
-0.337001
0.254418
0.113634
-0.149728
-0.542610
-0.633382
-0.408275
0.434655
0.791186
0.550985
0.507634
0.206059
-0.608810
-1.068067
-1.078693
-0.972877
-1.178168
-1.110441
-0.852951
-0.724172
-0.719814
-0.414505
0.013081
0.468022
0.646703
0.380086
-0.213058
-0.309478
-0.330510
-0.476090
-0.559799
-0.800307
-0.995022
-0.939085
-0.878998
-0.219927
0.044578
0.256204
0.615600
1.107114
1.208585
0.564655
-0.207523
-0.465652
-0.329119
0.351860
0.540980
0.457045
0.475981
0.826612
1.004281
0.884178
0.625997
0.631952
0.848535
0.967407
0.625515
0.370657
0.521262
0.886707
1.091176
0.712872
0.258445
0.276260
0.238357
0.225035
0.265642
0.602398
0.512011
0.336292
-0.012587
-0.330712
-0.802054
-0.648094
-0.481735
-0.594365
-1.115970
-1.836280
-2.454828
-2.061500
-1.232132
-0.288797
0.849092
1.450181
1.236957
0.624229
0.571966
0.971998
1.177424
0.748419
0.077336
-0.289061
-0.704596
-1.200827
-1.394181
-1.636949
-1.228873
-0.393813
0.204599
0.736770
1.074178
1.341262
1.247519
0.430992
-0.639286
-0.970327
-1.073426
-1.586170
-2.100028
-2.352182
-2.224313
-1.612465
-1.122215
0.020529
1.335125
1.425685
1.410760
1.714396
1.753437
2.019260
1.994237
1.401487
1.082834
0.760967
-0.076535
-0.893832
-1.430051
-1.294504
-1.024828
-0.580561
-0.289869
-0.290631
-0.493595
0.044885
0.359057
0.549265
0.707590
0.662755
0.468934
0.288157
0.225184
-0.100515
-0.078690
-0.110230
-0.278971
-0.475517
-0.505869
-0.264037
-0.226580
-0.254101
-0.218810
-0.317506
0.059440
0.815786
1.521947
1.747581
1.643079
0.825346
0.110901
-0.625312
-1.456573
-1.487291
-1.195173
-0.933443
-0.300977
0.017378
0.003990
-0.138841
0.437783
1.164417
1.217570
1.173023
0.562122
-0.193923
-0.884303
-1.420981
-1.593274
-1.542670
-0.596225
0.240395
0.834067
1.135150
1.155311
0.800712
0.940325
0.867712
0.378499
0.513521
1.011682
0.853193
0.701360
0.435999
0.169547
-0.070409
-0.037923
0.005510
-0.163164
-0.329726
-0.299622
-0.086151
0.146437
0.064027
0.178784
0.134844
-0.017792
-0.229380
-0.751124
-0.949996
-1.186015
-1.372400
-1.196901
-0.955436
-0.872823
-1.146614
-1.766518
-1.643853
-1.084768
-0.861296
-0.491656
0.040302
0.618372
0.693759
0.452940
0.089006
-0.417314
-0.379196
-0.356935
-0.161583
0.675928
1.492817
1.455167
1.402926
1.017470
0.116386
-0.292343
-0.124941
0.563971
1.170773
1.300754
1.231006
1.042464
0.946232
0.575335
-0.198228
-1.015768
-1.135511
-1.590483
-1.964724
-2.060085
-1.766108
-1.259935
-0.761152
-0.176576
0.405881
0.253227
0.407505
0.392548
-0.087683
-0.584860
-0.796942
-1.039255
-1.467651
-1.718170
-1.620797
-0.826420
0.261545
1.130829
1.499337
1.459810
1.650737
1.858279
1.723261
1.307969
1.257087
1.439363
0.766713
-0.231437
-0.323713
0.111991
0.449179
0.336484
0.018893
-0.156407
0.047848
-0.123892
-0.027914
0.295033
0.551095
0.483637
0.264283
0.309026
-0.181593
-0.900189
-1.590124
-1.959556
-2.154115
-2.422638
-2.212047
-1.372415
-0.442238
-0.170935
-0.324701
-0.672181
-0.641850
-0.351264
-0.251527
-0.488495
-0.397100
-0.102414
-0.366574
-0.260653
-0.151091
0.406157
1.044833
1.339171
1.087522
0.579931
0.557625
0.446436
0.197887
0.183055
0.289516
0.536318
0.416822
0.203865
0.090055
-0.126111
0.035882
0.147199
0.370198
1.282651
1.475740
0.894675
0.256429
-0.451865
-1.216396
-1.320666
-0.990506
-0.335710
0.516546
1.048003
0.953458
0.491006
0.360639
0.417088
0.883741
1.095434
0.892348
0.749185
0.152784
-0.126521
-0.319883
-0.772661
-0.924812
-0.880195
-0.227101
0.643384
1.077607
1.236993
1.224072
0.771652
0.135801
-0.776269
-1.200792
-1.110910
-0.424817
-0.214470
-0.177317
0.094860
0.194043
0.347407
0.341368
0.287595
0.660242
1.016917
1.031600
0.876372
0.710241
0.228086
-0.022200
-0.182444
-0.257198
-0.242216
-0.395613
-0.713384
-1.323396
-1.495029
-0.930030
-0.311260
0.345543
0.842601
1.348604
1.702602
1.398923
0.484646
-0.254634
-0.805980
-0.775879
-0.525984
-0.623582
-0.533066
-0.355426
-0.210471
-0.268935
