-0.910645
0.077899
0.676041
0.528421
0.398318
0.240877
0.293021
-0.497206
-1.856717
-1.492357
-0.933398
-1.475812
-1.706568
-2.693093
-2.694734
-1.460363
-0.638317
-0.525245
-0.226204
0.514045
1.126035
0.865731
1.075199
0.683596
-0.763090
0.211743
1.904200
1.899330
1.777591
2.191699
1.400084
-0.000209
-0.158809
0.763054
0.189297
-0.286087
-0.362906
-0.970873
-0.819659
-0.555788
-0.671595
-1.022815
-1.861687
-0.900202
0.272714
0.227618
-0.080851
-0.352069
0.975606
1.179985
0.795088
0.595865
0.840329
1.099748
1.568815
0.550827
0.373595
1.038715
1.640379
2.208727
1.656531
0.383587
0.587454
0.978025
1.474579
1.212856
-1.034034
-2.046577
-1.589584
-1.105863
-1.161432
-1.198695
-0.776411
0.022138
0.123022
0.005146
0.074163
-0.376485
-1.673819
-2.109457
-1.196155
-0.654467
0.346383
1.024356
0.086937
-0.126195
0.340968
1.026090
1.893774
1.699530
0.989408
-0.101044
-0.166134
0.526877
-0.245452
-0.489285
0.012570
0.938794
1.054261
-0.094344
-0.236001
-0.263656
-0.483426
-0.339457
-1.276532
-1.203333
-1.035332
-0.699671
-0.364757
-0.764869
-0.941472
-0.479938
-0.448686
-1.114294
-1.073944
-1.239800
-0.530199
0.187755
0.339245
1.303808
1.014160
1.578969
1.660725
1.775350
1.114990
-0.372080
-0.710292
-0.378850
-0.667065
-0.166206
-0.010984
-0.489620
-1.310577
-1.000114
-1.185910
-1.274714
-1.923087
-1.882901
-1.061219
-0.722722
-0.210956
0.521919
1.098458
0.936963
1.031399
1.547942
1.429651
0.619894
-0.116449
-0.856262
-1.025438
-0.822346
-0.204136
-0.234467
-0.555978
-0.714236
-0.818280
-0.064345
0.011183
-0.223296
0.300049
0.517049
0.000103
-0.568676
-0.880151
-0.564234
-1.669231
-1.990112
-1.197607
-0.887060
-0.736772
-1.218892
-1.923681
-1.727776
-0.878939
-0.390559
0.441329
0.822876
0.802159
0.099178
-0.023572
0.501798
-0.094825
0.535579
1.025666
1.370078
1.827741
1.567887
1.492568
1.900196
2.589765
3.037054
2.640665
2.044333
1.100179
0.922013
0.391968
0.443913
0.333633
-0.268668
-0.428697
0.253552
1.293865
1.844905
1.501909
0.618530
-0.198968
-1.503043
-1.567089
-0.921672
-0.539399
-0.548499
-0.677068
-0.725529
-0.541399
0.129471
0.382940
0.002521
-0.032057
-0.866531
-1.916625
-1.323471
-1.134242
-0.200256
-0.363186
-0.592187
-0.099749
-0.333381
0.405032
0.420357
0.108385
0.302282
-0.485881
-0.473402
-0.385600
-0.593544
-0.126480
0.297603
0.306178
0.588531
0.379260
-0.481000
-0.085005
0.505365
0.504582
-0.165736
-0.667623
-0.151605
0.104288
-0.373675
-0.777039
-0.126757
0.525846
0.874269
0.656089
1.013261
1.630122
1.526068
1.071920
0.849601
0.447988
0.710692
1.151877
0.956352
1.035036
0.471660
-0.240215
-0.004510
-0.671691
-1.918427
-2.466629
-1.947380
-0.632219
-0.654434
-0.900275
-0.191555
0.602123
0.799925
1.297113
1.292627
1.215050
1.419169
1.082036
-0.080770
-0.246927
-0.536086
-1.050490
-0.424486
-0.832123
-1.132431
-1.423673
-1.454900
-0.604166
0.182651
0.557914
-0.192497
0.067498
0.829614
-0.464764
-0.483983
0.662624
1.023340
0.977562
0.546151
0.152795
-0.377602
-0.141787
0.269133
0.381698
0.336647
-0.652947
-0.867068
-0.657119
0.282887
0.890430
0.441386
-0.251511
0.931043
1.891858
2.276316
1.999732
0.960337
0.867904
1.133391
0.486064
-0.078532
-0.590821
-1.240054
-1.590507
-0.937111
-0.127532
-0.141497
0.130315
-0.030583
-1.080719
-1.910943
-1.562363
-1.076103
-0.856522
-1.351886
-1.080019
0.076651
1.049624
0.866420
0.782001
0.785061
0.489485
0.361696
-0.579329
0.091188
0.166319
0.673264
0.038298
-0.104415
0.131198
0.316887
0.359383
-0.096753
-0.706713
-0.900016
-1.683722
-2.104557
-1.680974
-1.223396
-0.354857
0.267938
0.251767
0.496032
1.334610
0.650808
-0.013654
0.425708
-0.086959
-0.887642
-0.965027
-0.279488
0.050578
-0.018696
-0.009537
-0.268527
-0.095443
0.335884
0.005449
-1.236070
-1.992164
-0.941699
-0.876241
-1.044288
-0.895267
-0.914256
-1.156129
-0.803965
-0.477339
0.617166
1.330191
1.171233
0.879952
1.102450
1.532799
1.007834
1.044131
1.287382
1.381280
1.847541
2.520447
2.448302
2.064093
1.483604
1.333364
0.841160
-0.152982
-0.369465
-0.663342
-0.235264
-0.187372
-0.534179
-0.247143
0.282649
0.301675
-0.274499
-1.367458
-1.293966
-0.275450
0.890956
0.720775
-1.062494
-1.491216
0.201760
0.426728
-1.124587
-2.336143
-1.511775
-0.943772
-2.122509
-1.766887
-0.213343
-0.382533
-1.383585
-0.845635
0.545696
1.107736
0.975221
0.003096
-0.142989
-0.470150
-0.587783
-0.353755
0.270004
0.537934
0.888563
0.932471
1.847364
1.565749
1.326532
2.151947
1.598707
0.817518
0.407913
0.038822
0.219656
0.736341
0.061650
-0.434498
-0.652345
-0.547350
-0.158956
-0.180440
0.126185
0.676384
0.686321
0.841279
1.038885
1.632310
1.035162
0.570078
0.140449
-0.080118
-0.072347
-0.157934
0.286553
-0.472158
-0.824636
-0.898153
-1.185770
-0.742281
-0.473251
-0.604797
-0.546673
-0.390415
-0.652250
-0.419312
-0.346886
-0.017697
0.673821
1.074158
0.098137
-0.061752
-0.503942
-0.417833
-0.467277
0.120260
0.879274
1.249759
1.230937
1.576187
1.315558
0.235049
-0.652819
-0.514783
-0.010477
-0.528060
-1.738589
-2.574563
-1.557117
-1.343980
-0.343276
0.001361
-0.621686
-0.545867
-0.553538
-0.872752
-1.058280
-0.433391
-0.528554
-0.534207
-0.150770
-1.012137
-0.851868
-0.057025
0.458004
0.285146
-0.069932
0.852168
1.374871
1.720483
1.680168
0.474586
0.318299
-0.478476
-0.475837
-0.790322
-0.244380
0.534625
0.103392
-0.524809
-0.572907
-0.321130
0.809321
0.652337
0.805395
0.907955
0.458456
-0.006498
-0.348408
-0.000724
0.139728
0.176323
-0.538956
0.084126
0.971107
1.623690
0.709547
0.384276
0.557965
0.552882
0.045603
-0.047213
-0.335686
-0.018358
-0.000677
-0.452002
0.202534
0.157302
0.426998
1.012536
0.460830
-0.175030
-0.209929
0.051079
0.282543
0.790253
0.679483
0.212607
-0.160895
-0.028620
0.391022
0.865687
0.829316
1.349167
1.931499
1.366204
-0.158320
-1.168245
-1.408329
-1.020736
-0.878487
-1.497227
-1.873295
-1.074545
-0.085250
0.493681
0.436418
0.574389
0.688047
0.486877
-0.307666
-0.873495
-0.972089
-1.441432
-1.779594
-1.882087
-1.207591
-0.488162
-0.592909
-1.546854
-1.573627
-1.694965
-1.065679
0.173202
0.939935
1.868957
1.132772
1.408566
1.934042
1.457715
1.866459
1.296773
0.971786
0.990446
-0.008099
-0.441008
-0.650103
-1.165032
-1.558078
-1.330099
-0.256499
-0.528246
-1.173424
-1.048833
-0.423890
0.463374
0.364044
0.118868
1.548832
2.004931
1.427369
0.724720
1.061639
1.939545
1.826593
1.059851
0.475619
0.076797
-1.105769
-1.261027
-1.394658
-1.117762
-0.078450
0.143191
-0.472446
-0.045246
0.132949
-0.225798
-0.343099
-0.116300
-0.565803
-0.779666
-0.648025
-0.304465
0.269735
-0.094003
0.025785
0.014010
0.973492
0.978984
0.590288
-0.076370
-0.480817
0.416565
-0.156110
0.039757
0.104659
-0.406876
-0.437701
0.701347
1.162283
0.523875
-1.118466
-1.024176
-0.071546
0.497044
0.589158
-0.421222
-0.766824
0.723841
1.157248
0.475647
-0.594664
-1.297381
-0.794252
-0.656988
-0.623426
-0.587647
-0.754495
-1.103158
-0.462287
-0.412990
-0.841348
-1.404846
-2.020469
-1.918822
-2.224392
-1.898512
-1.424232
-1.015914
-0.243205
1.341040
1.486473
1.636274
2.300794
2.665066
2.081577
0.990253
-0.055262
-0.210165
-0.109182
1.121202
0.719436
-0.196260
-0.405254
-0.090340
0.010903
-0.324524
0.255190
-0.145099
-0.355710
-0.427114
-0.486995
-0.749679
-0.815379
-0.094190
-0.785816
-1.631557
-1.145751
-0.477669
0.116041
0.898668
0.499353
1.386450
2.158292
2.172290
1.145477
0.605142
1.018536
1.528970
1.052490
1.066219
1.088273
0.932268
0.436811
1.502405
2.110230
2.296697
1.578220
0.877313
1.668507
2.358731
2.098450
1.368607
0.519758
0.203440
-0.435247
-1.323367
-1.789557
-1.450282
-0.383444
-0.226129
-0.349682
-0.130882
0.393742
0.388502
-0.558964
-0.584904
-0.787781
0.101002
-0.208014
-1.203153
-2.267105
-2.165783
-0.482937
-0.197249
-0.733793
-0.762351
-0.693925
-1.890195
-2.579547
-2.545195
-1.370324
-0.886914
-1.746932
-1.526552
-0.103335
0.901014
1.290122
1.336063
1.961916
1.924878
1.101583
0.077979
-0.875420
-0.438240
-0.269794
-0.839832
-0.757166
-0.548913
-0.241639
0.810015
0.902581
-0.065715
-0.760582
-0.667933
-0.182997
-0.100717
-0.435340
-0.724875
-0.553817
-0.171518
0.189598
0.349302
-0.047441
-0.802140
-0.024837
-0.110198
-0.016813
0.053887
-0.352081
-0.136717
-0.127960
-0.625025
-0.651091
-0.885305
-0.754436
0.346298
0.579085
-0.346573
-0.331925
-0.129943
-0.250621
-0.489088
-1.650533
-1.211321
-1.668522
-1.896056
-1.978666
-2.215287
-1.496985
-0.169582
0.679855
0.826781
0.992315
1.687537
2.299865
2.179081
1.660725
0.614109
1.260659
1.244043
1.187333
1.063924
0.633267
0.057138
0.095856
0.353148
-0.045650
0.568936
0.506787
0.528722
0.525132
0.634446
0.751235
0.420122
-0.195059
-0.749458
0.587090
1.857809
1.591609
0.718753
0.300296
1.366156
1.787842
0.814233
-0.206740
-0.513217
0.168929
0.207745
-0.452970
-1.597301
-0.947193
-0.034617
0.614685
1.657356
1.381827
0.488182
-0.167717
0.163583
0.042448
0.267144
0.380259
-0.424627
0.125441
0.851798
0.049526
-0.540917
-0.522791
0.345407
0.436556
0.990184
1.398775
0.793293
0.348131
0.342286
0.840455
0.383985
0.704569
1.105143
0.803982
0.245437
0.598378
0.226879
-0.226374
-0.490734
-0.735176
-0.503846
-0.054449
-0.242175
-0.638830
-1.040305
-0.419301
-0.460735
-1.239782
-0.734239
-1.124420
-1.535200
-1.660638
-2.090438
-2.418529
-2.044339
-1.526459
-1.734266
-1.781842
-1.265589
-1.144441
-0.116880
0.120578
-0.207539
-0.644121
-1.566201
-1.995953
-1.029178
0.424323
0.189754
0.968427
1.899068
2.314640
1.878642
2.065386
1.966215
1.552231
1.178433
1.170219
1.320497
0.479450
-0.033550
-0.668817
-0.344251
0.342351
0.490014
0.622623
0.270021
-0.441037
-0.555575
-1.057075
-0.915087
-1.375031
-0.934062
-0.160223
-0.259045
-0.379239
-0.472898
-0.820373
-0.767442
-0.522563
-0.237122
-0.042051
-0.279739
0.109434
1.072912
0.605529
0.047643
0.618445
0.900088
1.404754
1.560197
0.779852
0.925378
0.267822
0.289175
0.009435
-0.351559
-0.090400
0.580672
0.992851
-0.315706
-1.058342
-1.306665
-0.876999
-0.681410
-0.867367
-1.116992
-0.997652
-0.476041
-0.857075
-0.329065
0.172470
