-0.242501
-0.233769
-0.729419
0.181304
0.850580
0.123338
0.287753
-0.220295
-0.214010
0.649645
1.258300
1.164729
0.390071
0.387501
0.762482
0.295402
1.072007
1.271021
-0.300024
-0.957665
-0.440456
-0.611454
-1.359973
-1.104323
0.232844
0.230263
-0.572818
-0.199796
1.232076
0.618458
-0.394872
0.342152
-0.134253
-0.420286
0.969233
1.543097
0.995133
0.103163
-2.566260
-1.768962
1.425432
1.200401
-0.345443
-0.359089
-0.356776
0.366326
0.419386
-0.382747
-0.664869
0.219769
0.226984
-0.151180
0.632421
0.039598
-0.919478
-1.192726
-0.426961
-0.882853
-0.621564
0.503700
-0.604974
-1.678383
1.223460
1.477573
0.161377
-1.011974
-0.815830
0.545957
-0.416021
-0.734138
-0.518526
-0.166513
0.860459
0.115992
-0.448839
-0.025659
0.268180
0.608976
0.660347
0.380773
-1.049023
-0.202410
0.687552
-0.257158
-0.481931
-0.365924
0.184511
-0.635834
-0.081311
0.800458
-0.408012
0.903439
-0.145071
-0.581720
0.183352
0.908465
-0.403080
-1.818420
-0.739735
0.406995
0.191920
0.176439
0.040209
0.005203
-0.220555
0.202998
0.816154
0.278772
0.871779
1.242865
-0.509177
0.419833
1.193588
0.763802
-0.467949
0.937769
1.771001
0.090155
0.304303
-0.211746
-0.148915
-0.541493
-1.491289
-1.165499
-0.078735
0.350520
0.257344
-0.285241
-0.217854
-1.655799
-0.672331
1.285639
0.383914
-0.798730
-0.160653
-1.349066
0.373149
1.030634
-0.327853
-0.367531
-1.048548
-1.708560
-0.336182
-1.189425
-0.372311
0.332232
-0.245081
-0.891572
-0.486622
0.549877
0.567325
-0.810627
-0.415186
-0.556956
-0.259560
1.524827
1.081274
-0.197664
-1.282072
-0.804957
1.170396
1.435473
-0.908228
-0.270215
1.793443
1.875969
0.792809
0.333450
0.213975
0.286858
-0.375419
0.823078
1.253285
0.500809
-0.087666
-1.032987
0.002767
0.371970
0.610137
0.285592
0.711698
0.297157
-0.214953
-0.438146
0.880646
0.219499
-0.240099
-0.032216
-1.337670
-0.699985
-0.512350
0.905838
0.657606
0.402082
-0.707571
-1.704699
0.720684
1.384514
0.183399
-0.579102
-0.052582
1.015717
0.173784
-0.481788
-0.452305
-1.271017
0.345335
1.020090
0.475470
0.385380
0.251904
0.248432
0.795348
-0.109289
0.890452
1.191803
0.597560
1.230533
-0.929052
-0.082077
1.001448
-0.881104
-0.132067
0.716989
-0.772187
-1.672768
-0.346373
0.506229
0.224772
0.237114
-0.089463
-1.601592
0.660269
1.548810
0.351493
-0.658818
-0.236673
1.415572
0.668777
0.095653
-1.171950
-1.472556
0.038112
0.542530
-0.461855
0.492637
-0.831374
-0.122295
-0.087246
0.861153
1.104337
-0.113499
-0.576302
0.524959
0.635263
0.108170
-0.753995
-1.075333
-0.613479
-0.756240
-1.641532
-0.090143
-1.312728
-0.679781
-0.753393
-1.239125
-0.059962
0.468819
-0.085337
-0.634974
1.279118
-0.017428
0.574023
1.811398
-0.483723
0.221906
0.478177
-1.031430
-0.590935
0.287870
0.237637
-0.637691
-0.602032
-1.221890
-0.696907
0.878161
0.801475
-0.180496
0.313940
-0.124801
0.315552
0.543252
-0.671769
-0.670313
0.197983
-0.408856
-1.372611
-1.639942
0.169574
0.157130
-0.615964
-0.005021
-0.033446
-1.061465
0.317877
0.229665
-0.500597
-0.740111
-0.668432
0.057126
0.802490
0.662630
-0.960070
-1.736330
-0.969171
0.884550
0.568966
-0.560645
0.308221
0.805093
-0.254528
-0.294960
0.271702
-1.440821
-0.468983
1.681250
0.217385
-0.196935
0.963455
0.001672
-0.105498
1.644068
0.811343
-0.048793
-0.094971
-0.125756
1.351696
0.910687
-0.327163
0.739407
1.414980
1.526515
0.390579
-0.603710
0.978102
1.606624
-0.344622
1.077277
1.729396
-0.479179
0.072619
-0.730008
-0.007837
0.776669
0.551829
0.547479
-0.428866
0.032933
0.774929
-0.355327
-0.986159
-0.121728
-0.978373
0.948391
1.753918
-0.992466
-0.370340
0.290990
-0.808561
-1.499304
-0.420060
-0.639935
-0.716676
-0.601327
-1.025159
-0.581257
0.637569
1.473226
0.595002
0.049935
-0.971306
-1.576216
1.104200
1.940369
0.073232
-0.508114
-0.211716
-0.321740
-1.108203
0.514756
0.863719
-0.795071
-0.459012
-0.640536
-0.188550
-1.296593
-0.349442
1.180737
0.576439
-0.138420
-0.368930
-0.340856
0.220674
0.141517
-0.685410
-1.361073
-0.353161
-0.225879
-1.952464
-0.753148
0.370235
-0.778670
-0.970179
-0.816361
0.097611
0.127053
0.184705
0.277389
-0.084007
0.425853
-1.029324
0.778107
1.683128
0.166907
-0.572234
-0.078320
0.525815
1.359545
0.876271
0.637427
0.991109
-0.488924
1.130663
1.878019
-0.159482
-1.425040
0.227688
1.595805
0.180603
0.573509
1.058376
0.593982
0.597096
-0.629604
-1.213937
0.473352
0.243882
-0.238811
0.312052
0.159282
-0.437591
0.027830
0.850578
0.315871
-0.540573
-0.895206
-0.642673
0.727394
0.866999
-0.522986
-0.817366
-0.245514
1.072126
1.058074
0.498337
-0.007345
-0.777207
-1.961181
-0.096597
0.787919
0.004097
-0.245321
-0.996813
-1.129467
0.459859
0.057090
-1.090830
-0.582637
-1.390372
0.027125
1.554571
0.952584
-0.476263
-0.534286
0.628546
0.675743
0.970360
0.377842
-1.531114
0.435263
1.084393
-0.754337
0.207479
-0.358349
-1.862613
-0.855685
0.047094
-0.989113
-0.051617
-0.332775
-1.718258
-0.606320
-0.241854
0.247924
-0.915899
-1.711099
-0.267537
1.176215
0.386319
-0.165209
-0.993807
0.369337
1.844259
1.113278
0.999709
0.381318
-1.535202
-0.048095
0.755729
-0.380123
0.547704
0.301774
-0.428109
1.141872
2.271462
2.014271
0.704167
-0.576953
-0.700947
0.884417
1.020334
-0.715378
-0.120716
0.338614
0.936142
-0.723970
-0.615580
-0.334545
0.411052
-0.841480
-0.918107
-0.066312
-0.072332
-0.344270
-0.239378
0.484207
-0.236930
-1.147475
-0.242815
-0.897241
-0.453466
0.763736
0.336884
-0.641684
-1.422862
-2.208840
-0.549849
0.629556
0.529861
0.469169
-1.503150
-1.585855
-0.286963
0.829380
0.067718
0.117818
0.436304
-0.753155
-0.926268
0.217288
1.689671
0.852020
0.068003
-0.516955
-1.398130
-0.239827
1.114340
0.840174
-0.502716
-0.984218
-0.907045
0.404904
1.364136
0.118409
-0.047523
-0.910321
0.146908
0.752296
0.203521
0.198405
0.088769
-1.641005
-0.277443
2.463859
2.714834
1.924077
-0.363460
-0.856109
0.915337
1.801486
0.285815
-0.505993
-2.050632
-0.967166
-0.717631
0.282246
0.546015
-0.400786
0.432263
-0.164071
-1.991542
0.453031
1.161993
-0.417776
-1.156397
-1.045518
0.514811
1.172646
0.834253
-0.311823
-0.847219
-0.186957
-0.008374
-0.551076
-0.232982
-0.975817
-1.466871
-0.167848
-0.277895
0.343136
0.822405
0.315719
0.235068
1.112656
-0.251600
0.058920
1.013856
0.725514
-0.703270
-0.680834
0.891495
1.331601
-0.457601
-0.927501
-1.135316
-0.870666
0.563641
1.278886
0.085087
-0.112626
-0.605468
-0.353601
0.775480
2.030920
1.173159
0.330692
-0.374178
-0.083434
0.812372
0.291604
-0.064375
-0.704928
0.072730
0.498711
0.266981
-0.524795
-1.669588
0.050909
0.399156
0.393598
0.034713
-1.400833
-0.149353
-0.161867
-0.284108
0.849101
0.042479
-0.970488
0.362890
2.131655
0.244682
-0.590167
0.967858
0.820905
-1.091607
-0.668566
-0.573934
-0.627425
-0.948611
-0.205972
0.160987
-1.161833
-1.306842
0.355000
0.935579
-0.669408
0.024989
0.972058
-0.107049
0.338462
-0.327399
-0.678167
0.855681
-0.511470
-0.482015
1.062638
0.211601
-0.065770
0.201954
-1.447300
0.630003
1.688749
0.138671
-1.697477
-0.556170
2.076466
2.083846
0.668585
-0.368940
-0.822870
0.418118
0.168604
-0.280458
-0.192990
0.085285
-0.729846
-0.319024
0.054632
1.230034
0.717341
-1.970631
0.736447
2.280230
-0.239892
-0.621243
-1.136219
0.701976
0.909948
0.114521
0.198985
0.030940
-0.916401
0.427652
0.615217
-0.718089
-2.224178
-1.093275
1.668260
1.234012
-0.030922
-0.019440
-0.797978
1.122447
2.136407
0.194163
-0.992463
-1.486735
-0.220623
0.301272
-0.646166
-2.477907
-1.836452
-0.709401
-0.666579
-1.746998
-1.868518
-1.550942
-0.711986
-1.430057
-0.212581
-0.032770
-1.444142
-0.375443
1.343840
1.940893
0.862117
-0.795881
-0.493722
1.029291
0.611849
1.111605
1.758409
0.988079
0.606327
0.418639
0.598341
0.965113
1.411982
1.725516
0.789179
-0.790523
-2.143059
0.106316
2.039826
1.020981
0.076379
0.097301
0.221874
0.911035
0.862166
0.625084
0.158097
0.680233
1.556258
0.451487
0.348715
-0.428781
-0.328087
0.019072
0.665688
0.695981
-0.958418
0.183151
-0.016111
0.492451
0.311619
-1.909051
-1.850334
-0.330406
0.230813
-1.219873
-1.285665
-1.609752
-0.942260
-0.497141
-0.763742
1.115407
0.467505
-1.064339
-0.943875
-1.303124
-1.939205
-1.238526
0.580563
0.875545
-1.274218
-0.884406
-0.370711
-0.559492
-0.200224
0.781429
1.245967
0.192815
-0.162045
0.123967
0.006443
1.143535
0.440098
-0.088032
1.058877
0.339344
1.052130
1.150278
0.844023
1.197529
-0.104480
0.238572
0.528510
-0.004074
-0.279123
-1.599725
-0.203004
0.480797
-1.608595
-0.270008
0.269575
-0.495912
-0.031892
0.513503
-0.768027
-1.638185
0.277364
1.324545
-0.565350
-0.924569
-0.964812
0.938663
1.439500
-0.626915
-1.301104
-0.255250
0.353939
0.374750
0.347519
-1.733769
-2.659593
-0.960638
0.530703
-0.165262
0.355768
-0.015854
-1.297385
-0.614103
1.961106
1.608849
-0.323511
-0.557697
-1.534998
-2.217783
-3.069801
-3.538915
-3.718522
-4.796756
-3.957496
-2.233538
-3.065313
-3.048111
-3.474360
-2.852591
-0.731716
-1.011170
-0.513452
-0.010387
-0.117147
0.449890
1.643451
1.747924
2.143150
2.763530
2.228454
2.727832
3.799103
2.622949
2.198001
1.325274
1.633427
3.032849
1.998592
0.630794
1.099341
1.184633
1.279115
2.057852
2.219357
1.594651
0.210538
1.334314
1.861029
1.962362
1.587403
1.908668
0.274681
0.138169
2.198991
1.164760
0.697157
1.191035
1.149010
0.511275
0.602572
1.564606
1.261981
1.288723
0.182166
-1.163653
0.821533
2.996704
1.587558
-1.191286
-0.136460
1.221150
-1.173902
-0.954702
0.318190
-0.590564
-0.970386
0.223290
0.079800
-0.661763
-0.161488
-1.072935
-0.982513
-0.181369
-0.211702
-0.126104
-0.562040
0.410450
0.244738
0.399854
0.443805
-0.509671
0.425926
0.769441
1.481568
0.377357
-2.022047
-0.204010
1.352155
0.544098
0.196961
-2.416441
-1.884116
0.439118
0.442066
-0.589924
-1.220884
-1.733995
-0.525928
-0.133652
-0.524847
-0.977509
-1.912192
-3.446848
-1.430350
0.802234
0.255676
-0.731984
-2.040405
0.242877
1.288800
-0.169522
-0.910147
0.012077
-0.967083
1.135051
2.168051
0.032943
-0.838570
-0.244256
0.960303
0.288056
1.428721
0.385666
-0.678128
