-0.735830
-0.903904
-0.431451
-0.481316
-0.094280
0.144586
0.652878
0.769898
0.537055
1.215680
0.574059
0.366280
0.419130
0.427328
0.813879
0.882847
0.721237
0.367440
0.525568
0.619119
1.028338
1.497333
1.461220
0.762004
-0.372146
-1.293773
-1.216582
-0.879065
-0.368252
0.215336
-0.185127
-1.039234
-2.019879
-1.829284
-0.384954
0.668624
1.489007
2.072888
1.831484
1.905209
1.689577
0.485900
0.126646
-0.215233
-0.159409
0.332031
0.114706
-0.249675
-0.507995
-1.185043
-1.555901
-1.559265
-1.438830
-0.477933
0.026817
0.271863
0.674553
0.584903
0.419485
0.279589
0.259707
0.061212
0.080795
0.190726
-0.202476
-0.353840
-0.115507
-0.466878
-0.866193
-1.202364
-1.095789
-0.148334
0.801989
0.849705
0.063889
-0.054213
0.209611
0.283981
0.277288
-0.115788
-0.657168
-0.368955
-0.128779
-0.824863
-0.991118
-1.093928
-0.958614
-0.546603
-0.378109
-0.624969
-0.775468
-0.226727
-0.004432
-0.365430
-0.689391
-0.891338
-1.579577
-1.731766
-1.199346
-0.464420
0.207447
0.612074
0.401483
0.686009
1.075356
0.794739
0.856084
1.161817
1.149464
1.847997
1.418299
0.704371
0.130650
0.133155
0.605433
0.126353
-0.130213
0.474476
0.468416
0.280440
0.072060
0.292847
0.291768
0.298692
0.013452
0.057350
-0.262051
-0.692228
-0.727315
-0.538514
-0.452908
-0.155569
0.120441
0.749602
1.083327
0.357530
-0.346291
-1.180434
-1.471288
-1.423104
-1.276463
-1.442195
-1.191378
-0.775664
-0.055076
0.462570
0.614572
0.801802
0.580301
0.673347
0.876626
1.107351
1.389816
1.263537
1.060311
1.004150
0.451836
-0.002853
0.258685
0.427302
0.319017
0.214757
-0.461855
-1.246732
-1.616562
-1.574816
-1.144222
-0.864245
-0.424762
-0.062549
0.231765
0.379326
0.151612
-0.007892
0.032108
0.473913
0.491973
-0.824126
-1.615523
-1.278979
-1.124545
-1.086096
-1.257394
-1.171843
-1.186248
-0.971106
-0.292132
-0.706619
-0.650893
0.268739
0.911089
0.745716
0.459677
0.270091
-0.027872
0.194278
0.334071
-0.689298
-1.501493
-0.964394
-0.692326
0.380139
0.599026
0.137741
0.082096
0.676260
0.592724
0.839080
0.864237
0.984311
1.088879
0.582552
-0.109284
-0.500889
0.002112
1.030799
1.024291
0.965465
1.203290
0.885238
0.532124
-0.881960
-1.686065
-1.238552
-0.029172
0.230141
0.013436
0.075003
0.027599
0.191891
0.133906
0.393605
0.347026
-0.119694
0.298241
0.538927
0.735542
1.192670
0.989215
0.914634
0.328088
0.225482
0.299245
0.479687
0.650013
0.604675
0.486549
-0.052043
-0.185245
-0.666526
-0.811318
-0.811288
-0.195212
-0.171480
-0.105618
-0.380127
-0.865414
-0.890419
-0.709271
-0.614164
-1.175693
-1.844171
-1.893129
-1.885834
-1.933063
-1.172183
-1.352541
-1.480542
-1.059565
-1.177694
-1.077339
-1.641032
-1.774026
-1.208005
-0.631842
-0.650048
0.025557
0.986374
1.309107
2.141278
2.760551
2.962249
3.020588
2.469112
1.609606
0.844857
0.550108
0.801964
0.312501
-0.318768
-0.335856
-0.437001
-0.703077
-0.449304
-0.278929
0.236269
0.843238
1.520545
1.743325
2.047225
2.164424
1.996549
1.363556
1.334553
1.000894
0.204256
-0.113973
-0.367663
-0.775788
-0.757411
-0.399395
0.041127
0.054686
0.267638
0.491183
0.178345
0.092821
0.887966
1.142141
1.235612
0.864126
0.749797
0.575451
0.639028
0.534717
0.589963
0.728496
0.256132
0.030470
-0.313362
-0.034035
-0.070986
0.480420
1.338962
0.612466
-0.236602
-0.771451
-1.464269
-2.158450
-1.781299
-1.373403
-0.819855
-0.053841
0.681999
0.951167
0.824503
0.110421
-0.334445
-1.264025
-1.245681
-1.427705
-1.772107
-2.101014
-1.975964
-1.360306
-1.286088
-0.950597
-1.469259
-2.473806
-2.241586
-1.803498
-1.659319
-1.492700
-0.805337
-0.440187
0.098756
0.692034
0.068090
-0.160536
-0.216971
-0.210457
-0.329924
-0.434368
-0.305447
-0.740795
-1.495571
-1.819375
-1.296757
-0.124150
1.626758
2.405443
1.805191
1.100005
0.358790
0.229493
0.539125
1.529067
1.209112
-0.319390
-1.431919
-2.079399
-1.282564
-0.767503
-0.384721
0.282243
1.068866
1.694772
1.982693
2.402940
2.051429
2.032399
2.677856
1.763816
0.864079
0.435037
-0.546055
-1.507313
-2.133021
-1.899117
-1.273955
-0.323022
0.253499
0.767990
1.873511
1.781715
1.585941
2.461718
2.298880
2.264591
2.386661
1.771405
0.483235
-1.247647
-2.001868
-1.766696
-1.474994
-0.668076
-0.763379
-1.175190
-1.713120
-1.743858
-1.814498
-1.621437
-0.545595
0.847251
1.425639
1.851261
2.528946
2.151447
1.654533
0.983884
-0.253767
-0.864082
-0.805270
-0.048253
-0.173418
-0.721932
-0.737140
-0.932749
-0.327265
-0.139020
-0.614193
-0.906110
-1.715706
-1.542194
-1.192835
-0.428819
-0.514631
-1.260431
-1.386465
-1.274170
-0.084202
0.753793
0.942975
1.114456
1.115787
1.825799
2.032187
1.869014
1.232952
0.627487
0.391989
0.662523
0.452425
-0.161981
-0.577992
-0.661573
-0.078068
0.247799
0.734403
0.668220
0.347626
0.565864
0.784981
0.823807
0.613346
0.321177
0.507469
0.693036
0.342386
0.289071
0.021771
-0.594184
-1.738621
-2.487470
-2.056819
-2.054081
-2.075337
-1.489797
-1.075618
-0.613709
0.008333
1.071228
1.118597
0.972220
0.731857
0.581261
0.787051
0.496886
-0.096025
0.232021
0.051409
0.093394
-0.016719
0.016958
0.569312
-0.096872
-1.212512
-2.262591
-2.566142
-1.764728
-0.647440
0.123455
0.436069
0.242199
0.142155
0.262847
0.147366
0.032990
-0.101503
-0.467725
0.132150
0.029164
-0.083882
-0.061447
-0.282816
-0.460355
-0.851328
-0.615576
-0.534153
-0.428450
-0.010706
-0.094860
-0.061150
-0.330648
-0.075044
0.170155
0.524846
0.518317
0.307606
0.049211
0.200752
-0.130500
-0.167508
-0.023407
0.083386
-0.238304
-0.356244
-0.129344
0.151505
0.437404
-0.048042
-0.329706
0.537098
0.874073
1.278653
1.614492
1.872897
2.056801
2.401785
2.181832
1.640907
1.048965
0.679237
0.677512
0.228786
0.057833
-0.406257
-1.475774
-2.083735
-1.933235
-1.191392
0.199437
0.700015
0.620767
1.194704
0.735344
0.584011
0.882942
0.917778
0.458091
0.299266
-0.716707
-1.611218
-1.806455
-1.833544
-2.140551
-2.894820
-2.976068
-2.016562
-1.155212
-0.745111
0.149978
1.261198
1.752658
1.794636
1.908917
1.833315
1.215514
1.145343
0.200111
-0.618804
-1.116727
-1.164444
-1.483856
-1.545207
-1.687376
-1.370807
-0.748140
-1.021989
-0.850923
-0.353348
-0.158966
0.231827
0.011306
-0.228127
-0.402459
0.181325
0.913229
1.059127
0.910690
0.172730
-0.888962
-0.746417
0.175438
0.287775
0.080890
0.260026
0.654012
0.288198
-0.537292
-0.804603
-0.857061
-0.911553
0.034854
1.193376
1.696708
1.947819
1.589549
1.915147
1.156152
-0.002740
-0.251549
-0.389385
-0.137376
0.204918
0.150521
-0.141053
-0.612755
-0.361621
-0.163062
-0.308810
-0.193685
-0.138937
0.117212
0.306838
0.298664
0.314207
0.183593
-0.131739
-0.588377
-0.153849
-0.758646
-1.566619
-1.920609
-2.429716
-1.932792
-1.803380
-1.539247
-0.910024
0.295745
0.242677
0.419444
0.663622
0.545965
0.880017
1.058675
1.063188
0.716704
0.501293
0.734944
0.961908
1.012544
0.454616
-0.150368
-0.177176
-0.070699
0.089242
0.236385
0.119582
0.680746
0.606368
0.673328
1.007291
1.039099
1.706900
1.680911
1.618788
0.973735
0.178149
-0.214857
-0.431449
-0.286131
-0.667921
-0.479694
-0.310896
-0.582526
-0.512796
-0.376767
-0.072315
0.503721
1.064301
1.084692
1.084802
0.603747
0.571827
0.989783
0.487112
0.106771
-0.848568
-1.534058
-1.415609
-1.387992
-1.556559
-1.538147
-1.267356
-0.870354
-0.451539
-0.271399
-0.232042
-0.273237
-0.589598
-0.897958
-0.694537
-0.156118
0.218166
-0.083211
-0.621573
-0.667819
-0.485504
-0.394251
-0.525236
-1.133435
-0.989098
-1.000901
-0.244372
0.645725
0.979842
1.314550
0.744213
0.425409
0.824970
0.824671
0.834905
0.095862
-0.298294
-0.374030
-0.249655
-0.169500
-0.332784
-0.286611
0.372209
0.570379
0.388672
0.400873
0.735229
0.777694
0.474639
0.206238
-0.194289
-0.733121
-0.814339
-0.578414
-0.693181
-0.573167
0.088597
0.813927
1.276748
0.901915
0.413500
0.351696
0.551089
1.023223
0.381257
-0.383225
-0.592339
-0.840139
-0.806299
-0.891651
-0.867451
-0.480178
0.115540
0.806331
1.254228
1.458200
1.601372
0.872937
0.629666
1.061950
1.530038
1.676506
0.709262
0.385845
-0.339247
-0.649567
-0.287718
-0.185790
-0.483938
-0.743480
-0.725505
-0.679646
-0.458720
0.239939
0.222711
0.437412
0.495193
0.743584
0.323596
-0.183265
-0.314174
0.128784
0.523160
0.906469
0.148224
-0.631919
-0.977903
-0.726452
-0.569395
-0.461009
0.218956
0.717353
0.975402
0.853535
0.950506
1.025511
0.348107
-0.338993
-0.330027
-0.381297
-1.230151
-1.727979
-1.763461
-1.745854
-1.434847
-0.770760
-0.260661
0.266320
0.074074
-0.330765
-0.245324
0.226241
1.078805
1.001489
0.072828
-0.112688
0.024815
-0.441149
-0.366549
-0.719323
-1.197150
-1.611230
-1.675216
-1.839901
-1.054338
-0.734880
0.002754
0.951431
1.539272
1.598149
1.304493
0.688808
0.189687
0.490477
0.858646
0.598362
-0.352370
-1.348131
-1.134932
-0.830094
-0.458218
-0.258524
-0.302538
-0.018990
0.670575
1.836206
2.024105
1.499208
1.276976
0.563860
-0.271414
-0.718939
-1.313947
-1.618659
-1.078181
-0.759863
-0.498569
-0.328757
0.209443
0.316979
0.365660
0.291516
0.688648
0.864830
0.741863
0.280625
0.259847
0.471141
-0.308861
-1.956443
-2.684267
-1.976310
-1.924705
-1.934132
-1.630971
-1.682652
-0.846112
0.320948
1.095494
1.061252
1.195521
1.089285
0.386587
0.198990
0.264747
0.628544
0.944637
1.104618
0.867638
0.649028
0.357181
-0.071207
-0.415278
-1.376436
-1.889572
-1.549866
-1.226794
-1.302331
-1.432928
-1.284429
-0.977810
-0.748594
-0.447190
-0.342779
-0.574337
-1.109861
-1.002540
-0.007391
0.958976
1.360399
1.236724
1.155291
0.912772
1.031678
0.979843
1.061070
1.106846
1.394316
1.466417
0.666881
-0.285874
-0.657645
-0.087473
-0.022928
-0.154019
-0.175493
0.466690
0.952800
1.184571
1.177229
1.090347
-0.009369
-0.747815
-0.180706
0.902527
1.651474
1.957028
1.974813
1.838543
1.355666
0.916350
0.412790
-0.266907
-0.195793
0.522025
0.844753
0.834091
0.055297
-0.158110
-0.259342
-0.339900
-0.152095
0.295692
0.247761
-0.294312
-0.456770
-0.492520
-0.340369
-0.203660
0.242550
-0.005700
-0.247533
-0.288224
-0.435610
-0.185765
-0.373643
-0.742084
-1.363995
-1.255205
-0.521411
-0.496681
0.154001
0.764920
1.138491
0.787399
