1.176268
0.009382
-0.700185
-0.347665
0.303364
-0.217043
0.340861
0.002303
0.235618
-0.620942
-1.962302
-3.194712
-3.139099
-2.534871
-0.883799
-0.401653
0.062409
0.816351
0.876631
0.074831
0.665508
0.916444
2.509558
3.189637
1.803946
1.313762
2.006675
1.911297
0.129466
-0.557215
-0.454181
0.389802
-0.341795
-0.291052
0.569765
-0.141400
-0.785100
-1.142888
-0.740621
0.107549
0.235419
-0.533624
-0.920060
-1.028494
-0.998455
-0.333713
0.076657
0.919943
1.025723
-0.004997
-0.151464
-1.439544
-1.458136
-0.138069
-0.746260
0.017373
0.713323
-0.280918
-1.339429
-1.264434
-1.238026
-1.059557
-1.227483
-2.117368
-2.594881
-1.160719
-1.052893
-1.703699
-1.476418
-0.202888
0.762716
1.338915
0.551724
0.133381
0.711126
1.414248
1.414903
0.422138
-0.216136
1.306934
1.886208
3.131172
1.882517
0.617294
0.053170
-0.076807
0.256858
0.465133
0.514629
-0.381873
-0.019952
0.132074
-0.528810
-0.354272
0.620706
1.061226
1.745398
-0.381348
-0.578938
0.682015
-0.560231
-0.471747
0.216268
0.547781
0.635369
-0.585726
-0.694070
0.087569
-0.028884
0.260606
-0.235533
-1.042864
-0.695446
-1.121419
-1.749479
-1.610848
-0.678229
-0.209200
-1.469521
-0.729731
-0.334037
-0.325799
-0.319773
-0.596587
-0.753901
-0.299226
-0.903380
-0.474930
0.776548
0.628727
0.093702
0.106832
0.782652
1.799128
1.832800
0.660783
1.054512
1.283400
1.525532
2.155677
2.796624
1.543997
0.454037
1.754612
0.425758
-0.324453
-0.344206
-0.848786
-0.984839
-0.512655
-0.927996
-0.756771
-0.236933
-0.944636
-1.553869
-1.222121
-0.533244
0.343223
0.967610
0.886966
1.140717
1.349516
0.114600
-0.263767
-0.103378
-0.995765
-1.051406
-0.447873
-0.657881
-1.333622
-1.844734
-2.038028
-1.130600
-0.728844
-0.342073
-0.522714
0.235554
0.976115
1.635769
1.826561
2.156475
1.394406
-0.614390
-1.205515
-0.763006
-0.692101
0.071395
-0.815548
-1.932427
-1.518586
-1.454370
-0.798989
-0.528207
-0.986210
-0.478764
0.004338
0.721227
0.242103
0.922591
1.338793
-0.340930
-0.976400
-0.310456
0.036810
-0.020270
-0.732189
-0.905720
-0.577640
0.138718
-0.891758
-0.961909
0.415413
1.183861
2.188675
2.253791
2.074052
1.995670
1.902002
2.235000
1.483974
0.284748
-0.370377
-0.301634
-0.094770
-1.565047
-1.711926
-0.472502
-0.173128
0.172751
0.627004
-0.773220
-2.106919
-2.006491
-1.556319
-0.490662
-1.019040
-1.515692
-1.787418
-1.701239
-0.619477
-0.754333
-1.175321
0.164725
1.092844
0.420865
0.240989
0.159478
-0.350733
-0.668387
0.628369
2.365278
2.510725
1.304167
1.368286
1.033084
-1.021279
-1.580531
-0.994436
-1.604387
-1.768862
-0.202159
0.598323
-0.272252
-0.380592
0.064402
-0.298263
0.571919
0.708588
-0.003403
-0.126887
0.000721
-0.680150
-0.963601
-0.711259
-0.932072
-0.724982
-0.235820
0.199501
-0.221387
-1.433543
-1.109543
0.052702
0.630323
0.965025
0.605087
0.672643
1.207802
0.348652
-0.580869
-0.268654
0.665997
1.629991
0.335779
-0.603815
-0.145548
0.749978
1.251472
2.521260
1.960312
1.228069
0.937598
0.699157
-0.009174
-0.512536
-0.156540
-1.322118
-1.704052
-1.277504
-1.467794
-0.482872
0.627584
0.819297
0.805872
1.569548
1.422235
0.015599
-1.407890
-0.984923
-0.606628
-0.311342
-0.520982
-1.056147
-0.796091
-0.138550
0.134320
-0.435806
0.222126
0.309609
0.174998
0.202973
0.406221
0.256713
0.147126
-0.382492
0.182097
-0.472092
-0.516027
-0.329424
0.015123
-1.222343
-1.441507
-0.192641
0.570209
-0.060743
-0.487683
0.754131
-0.579119
-1.026773
-0.170904
0.017864
0.238563
0.453522
0.145100
0.424524
-0.019701
-0.009386
0.439609
0.677965
1.055862
0.802469
1.181396
0.487394
-0.159292
0.592890
-0.313307
-0.553858
-0.056674
-0.455787
-1.435538
-0.520354
1.218106
0.855572
0.829273
1.721879
0.922671
-0.003895
-0.052848
1.030830
0.415022
0.826903
-0.553251
-0.883494
-0.171129
0.762950
0.151712
-0.465765
0.706874
1.206348
0.157235
-0.739444
-0.955777
0.303944
1.443144
1.824787
1.764313
1.380106
0.935885
1.383721
0.593952
-1.068138
-1.912996
-0.934201
0.304808
0.636941
-0.162799
-0.219850
0.015596
1.022662
0.591538
-0.479869
-0.186667
0.443027
0.335523
-0.379206
-1.200020
-1.229654
-1.864390
-1.045224
-0.100247
-0.076397
0.394605
0.274731
-1.286651
-1.490407
-0.170538
0.107486
0.229852
0.215373
-1.058095
-1.063743
-0.304532
-0.619759
-0.608021
0.589420
-0.237488
-0.760178
0.351750
0.269956
-0.272165
-0.274829
0.167150
-0.064809
-0.301756
0.139809
0.075499
0.365169
0.409736
-0.646494
-0.631334
0.087729
0.505049
0.118873
-0.548284
-0.266043
-0.262254
-1.799947
-1.982418
-1.223667
-0.059258
0.442320
0.067120
0.118901
-0.250146
0.313061
1.220209
0.547355
0.838669
0.780457
-0.562766
-1.121756
-1.437533
-1.024093
-0.631020
0.306866
-0.818735
-1.707831
-0.976861
-0.131556
0.441247
1.776055
2.833156
3.322171
2.715011
2.664691
2.920864
1.522946
0.408806
0.392320
-0.040632
-0.879846
-1.388699
-1.391449
-0.307442
0.271525
-0.509025
0.147907
1.592391
1.745696
1.454621
1.706736
1.202053
0.690123
0.543574
0.374702
-0.415227
-1.213530
-1.996855
-1.971534
-1.196736
-0.982518
-0.160610
0.422054
0.597754
0.646375
1.076166
1.923916
1.494940
0.289070
1.008740
0.350015
-0.191320
0.229972
0.770186
0.366913
-0.671496
-1.799107
-0.586249
-0.747370
-2.226729
-0.964446
0.517837
1.054696
0.499745
0.088895
-1.069518
-1.917621
-0.044331
0.063262
-0.759498
0.015598
-0.821298
-1.336087
-1.249429
-0.857935
-0.052340
1.269926
1.412599
0.773803
1.700235
1.154456
0.912539
1.041635
0.603306
0.930020
0.974170
0.745927
0.727527
-0.811128
-1.839794
-1.309097
-0.237331
-0.471395
-1.687456
-1.047431
-0.564970
0.480767
0.628962
-0.039084
-0.563898
-0.779848
-1.368563
-0.603646
0.417773
0.357692
-0.084514
-0.359950
0.080021
0.466996
0.774041
0.906758
2.406426
1.463537
1.153873
1.788925
2.263887
0.670139
0.460708
0.601166
-0.658572
-0.680496
-0.501528
0.471823
0.308138
-0.642934
-0.059705
-0.487397
-0.523485
0.452270
-0.646338
-1.036146
-1.158694
-1.248738
-0.655386
-0.631833
-0.800427
-0.063191
-0.447484
-0.244451
0.206316
-0.205383
-0.327949
-0.626573
-0.703140
-1.083318
-0.282105
0.730974
-0.397901
-0.534667
0.417915
0.250143
0.259660
0.037689
0.667698
0.888238
-0.031623
0.576839
1.213836
1.382086
1.765020
0.752158
-0.566014
0.038257
0.231567
0.116214
-0.290165
0.001524
-0.372929
-0.816034
-0.955507
0.293002
1.651963
1.856490
0.269377
-0.654796
-0.002556
1.006009
0.729172
-0.664141
-0.842556
-0.755900
-0.226169
-0.203390
-0.536333
-0.973253
-1.134176
-1.727165
-1.895570
-0.752685
-0.626961
-0.614649
-0.626253
-0.631946
-0.560950
-0.275848
0.209669
1.102994
1.289501
0.425991
-0.130381
0.393958
0.673584
0.239850
0.470811
0.884732
0.339419
1.290452
0.777963
0.058876
0.361052
1.011875
0.968191
0.390022
-0.176489
0.148671
0.227828
-0.099977
0.302835
0.334320
-0.719024
-0.952667
-1.115707
-1.041008
-1.314006
-1.454114
-0.624246
-0.884793
-1.138770
-0.757647
-0.478214
-0.442537
-0.718685
0.203115
0.434693
0.700319
0.474352
-0.497580
-0.239990
0.476136
0.550253
-0.641894
-0.460475
0.318469
1.943027
0.936096
0.206863
-0.140288
0.257173
1.289390
1.243696
1.740213
2.084893
2.153009
1.465468
0.659472
0.516362
0.790616
-0.680783
-2.079579
-1.250295
-1.027325
-1.235356
-1.526495
-0.248237
-1.696982
-2.673048
-1.897803
-1.085266
-0.308286
-0.633375
-1.123082
-1.929991
-1.835686
-0.467113
-0.995191
-0.547528
0.142047
0.302968
0.451798
0.810795
0.563429
-0.356541
-0.201427
-0.310764
-0.626945
0.670194
-0.488205
-1.242246
-0.960747
-1.062418
-0.145663
1.579267
-0.312048
-1.410359
-0.521403
-0.623196
-0.472572
-0.217871
0.537406
0.881009
0.781985
1.145311
1.620906
1.670013
0.969152
0.617525
0.642960
0.834073
1.618768
1.095496
1.482513
2.160457
1.125190
0.533124
-0.245577
-1.235759
-1.203934
-1.039579
-0.420823
-0.220253
0.756715
0.791387
1.580473
1.949378
1.293143
1.020902
0.592230
0.465836
0.520146
-0.080088
-0.268362
-0.106348
-0.382661
-0.123378
-0.814562
-1.263046
-0.387649
-0.658387
-0.325027
-0.028514
0.315936
0.999296
0.879651
0.092541
-0.035300
0.707413
1.307748
0.520710
-0.746675
-1.898284
-1.993969
-2.233142
-2.173264
-1.927619
-1.136017
-0.663050
-0.032800
-0.019577
-0.009912
0.669430
0.241009
2.071699
2.292061
0.936778
-0.013631
-0.228660
-0.684868
-1.039270
-1.585450
-0.117853
-1.003422
-1.730652
-2.472180
-2.353783
-0.581987
0.405094
0.845663
1.151499
1.263794
1.794330
2.195325
1.851377
1.575881
2.174590
1.669496
0.092550
-0.294192
-0.246850
0.590967
-0.142077
-1.113209
-0.872268
0.141998
0.478503
0.199026
1.481072
1.024199
0.528366
0.546840
1.490560
1.044494
-0.613297
-0.695518
-0.321802
-1.309889
-1.322894
-1.493583
-0.910361
-0.639153
0.091640
0.429765
-0.024969
0.376402
1.047168
1.593043
0.829364
0.625601
-0.066755
-0.924560
0.228212
-0.101218
-1.325008
-1.148830
-0.290674
-0.357573
-1.233356
-1.391407
0.115007
0.519496
1.048218
0.735697
0.398893
0.132217
-0.769001
-0.793563
-0.527835
-1.001633
-1.373125
-0.708763
-0.661025
-1.095442
-1.340968
-0.121102
-0.298786
-0.077124
0.805299
0.782877
0.085523
0.275317
0.654715
0.460211
0.229616
-0.403584
-0.346744
-0.273846
0.192011
0.508568
0.874387
0.500094
0.808919
0.406474
0.630612
1.450097
1.014631
0.639652
1.195366
1.535714
1.260521
-0.074040
-0.277263
0.620864
1.463088
0.451529
-0.933156
-0.433579
0.111967
-0.235039
-0.598799
-0.407835
-0.998696
-0.903628
-1.366506
-1.514383
-1.016661
-0.932120
-0.027218
-0.767283
-1.517372
-0.463350
0.119925
0.068533
0.582626
1.510304
1.476049
1.320189
1.227914
1.358682
1.140673
1.418307
0.982304
0.127083
0.473723
0.685422
1.188463
-0.122918
-1.563540
-1.010396
-0.530314
-0.019639
-0.005457
0.736435
0.359638
-0.044393
0.885465
0.751127
-0.325748
-0.524294
-0.133477
-0.716101
-0.501922
0.328199
-0.027679
-0.586945
-0.523919
0.451516
0.586449
-1.077499
-0.857811
-0.060816
-0.696014
-0.555500
-0.637139
-0.101078
0.165729
0.188506
0.395064
0.750365
0.302952
-0.028953
-0.802810
-1.064599
-1.187696
-1.444233
-1.184081
-0.798158
0.288504
0.912227
1.233020
0.634904
0.666996
0.981872
1.389273
1.449382
0.344987
-0.335273
