0.203302
1.229650
0.846571
0.760609
1.518842
1.737696
1.674719
-1.214807
-1.274137
0.338906
1.070069
0.477728
0.683006
1.119294
2.101523
1.131874
0.572597
0.854843
0.625106
-0.271756
0.433955
-1.463318
-3.370751
-1.734700
-1.338034
-0.084186
1.574496
1.760613
0.216293
-0.578077
-0.903377
-0.666953
-0.507706
0.246638
0.770162
-0.610138
-0.647937
0.005579
-0.337632
0.175391
0.151461
0.423480
0.199509
-0.330808
0.423168
2.187229
1.447378
0.543681
0.496264
-0.478173
-0.473055
0.010969
-0.728141
-0.912307
-2.345238
-2.049816
-0.818099
-1.617301
-0.047092
0.454585
0.332844
0.067395
0.628978
2.496930
1.620548
0.706483
0.800789
0.753600
0.114767
-0.391053
-0.471992
0.503687
-0.104118
-0.360661
-0.243621
1.133206
1.136531
0.062000
-0.113139
-0.519311
-0.684349
-0.209052
-0.678436
-0.886416
-0.716664
-1.130186
-1.236536
0.670690
-0.848369
-1.987373
-1.089127
-1.087677
-0.567712
-1.250594
-0.472178
0.376275
1.455867
-0.978895
-2.450149
-0.405201
-1.306673
-2.942479
-2.571473
-0.540546
0.116740
0.247109
0.144201
-0.111966
0.062414
0.624108
1.571150
1.371816
2.271354
0.451654
-1.849131
-1.716473
-1.257228
-0.110721
-0.312869
0.094479
-0.382418
-0.933610
-0.069225
1.658622
0.511342
0.652726
1.512074
1.208344
1.251628
2.251158
0.611443
-0.517141
-0.025973
0.083212
0.402425
0.287091
-0.910618
-0.974121
-0.889550
-0.149513
0.746986
0.413778
1.086256
0.174422
-0.376862
0.345556
0.754363
0.712675
0.450844
0.034811
-0.927048
-0.340570
0.142720
-0.382379
0.042155
0.349125
0.434680
0.837218
1.428020
0.926468
0.600029
-0.054798
-0.378268
-1.025998
-0.874274
-0.576836
-0.482479
1.939124
0.464330
-1.023822
-0.226472
0.020990
1.166082
1.548138
2.053179
2.171380
2.178216
1.454926
1.646066
1.964705
0.993436
-0.587892
-2.203942
-1.626753
-0.780499
0.136536
0.001772
0.593270
1.674634
1.358561
0.564117
0.893685
2.003553
0.149763
0.347388
1.653601
0.483483
-0.390322
0.251719
-0.353793
-0.095858
1.158726
1.224172
0.273215
-1.058183
-0.591530
1.669869
1.695295
0.945269
1.099713
0.319041
-0.800309
-2.778138
-2.111390
-3.198036
-3.651413
-2.017047
-0.254443
-1.358500
-1.069590
-0.202463
0.180424
0.815941
1.003148
-0.254555
-0.405805
-0.095774
1.475021
1.374673
-0.192255
-0.513339
-0.346131
0.313782
1.026057
-0.241658
-0.601368
-0.364266
-1.042318
-0.819088
0.347057
-0.203965
-0.604073
0.374162
0.538859
0.629187
-0.109209
0.096552
0.616632
1.176160
0.837282
0.772780
2.047056
0.331366
-1.320506
0.207451
-0.465144
-0.847022
-0.574235
-1.300779
-0.035882
-0.109547
0.509336
0.249353
0.571017
0.708757
0.797436
0.477781
1.037322
1.653143
0.399191
0.938018
0.436702
0.175021
1.268935
0.484027
-0.042146
-0.142459
0.985992
1.863881
0.580932
0.755813
-0.425434
-0.592043
0.002565
-0.051366
-1.119403
-0.895740
0.277973
-0.179728
-0.456777
0.434413
0.075186
-0.868185
-0.910699
-0.052412
-0.481225
-1.153287
-1.223137
-2.040618
-1.312240
-0.580704
-1.946476
-0.197221
-0.962160
-1.340597
-0.171942
1.032738
1.153169
1.266434
2.064966
1.546027
-0.138144
-0.580746
-1.427619
-1.282149
0.094607
-0.541311
-0.707750
-0.060068
-0.211908
0.164019
1.089412
1.193489
1.108559
2.079263
1.955843
0.437445
-1.043314
-1.318726
-0.721378
-0.380248
1.765352
1.380454
0.163621
-0.160333
-0.205249
1.453331
0.761423
-0.335852
-0.224922
-0.285227
0.469133
0.198092
-0.826185
-0.386720
-0.351162
-0.321877
0.529543
-0.518412
-0.338726
-0.404506
-1.487683
-1.646556
-0.664242
-0.652057
0.364204
0.083802
-0.965152
-0.031750
1.292128
1.503614
1.695397
2.078040
0.797265
0.221705
0.555103
-0.970233
-1.486845
0.014725
-0.832453
-2.043328
-2.528337
-1.691544
-2.127165
-0.608254
-1.348075
-0.540677
0.203978
0.477207
0.731768
1.278723
0.672025
0.066043
-0.184194
0.234416
0.221205
0.475447
0.375314
-1.194279
-2.619627
-2.247310
-2.038907
-0.531311
-0.461138
-0.669775
0.394405
0.409349
-0.454121
-0.632924
-0.498165
-0.590292
-0.086357
0.386102
-0.003841
-0.908295
-0.965844
-1.031357
-0.646122
0.082427
1.340724
0.473374
1.210257
1.539489
0.007980
0.234196
0.633716
0.309904
0.516309
0.129788
-0.135453
0.449935
-0.652752
-0.987917
0.245463
0.934781
1.771926
2.029081
2.863355
0.649411
-0.358388
0.642325
1.339813
-0.072216
-1.072629
-1.712264
-0.928437
0.554918
1.338286
0.684876
0.541296
0.531069
-0.404035
-0.912402
0.219188
-0.838164
-0.709047
-0.811050
-1.242380
-0.802220
-0.402098
0.987583
0.481726
0.717669
0.284972
0.420159
0.809889
0.633395
0.487384
-0.402897
-0.065585
-0.281682
-0.939930
-1.292696
-0.616818
0.108841
0.319095
-0.556773
-1.604424
-1.153037
0.028103
1.007227
1.120814
1.779574
2.376708
1.446286
0.034839
0.009312
-0.329600
-0.497991
-1.516171
-1.512707
-0.617386
-1.186613
-2.366596
-1.978416
-1.449558
-0.661342
-0.819248
-0.947040
0.960313
0.479162
0.198494
-0.341198
-0.653027
-0.402662
-1.063301
-0.542000
1.178078
0.192974
-0.281521
-0.046482
0.321376
0.312857
0.292885
0.263166
0.495533
1.322564
1.066835
0.948111
1.436525
1.509780
0.926036
0.375856
-0.009929
0.823024
0.632949
-0.768971
-1.770673
-0.379709
-0.580798
-1.371846
0.172130
0.258069
0.447038
1.740271
1.813136
1.677758
1.665095
0.976816
1.454824
0.150343
-1.485626
-1.015601
-0.548868
-0.362446
-0.737062
0.042481
-0.007207
-0.649775
-0.620296
0.309789
1.246146
1.899815
1.417675
-0.102033
-0.132127
-0.140797
-0.747821
-1.296897
-1.815356
-0.620486
0.071658
-0.058465
-0.024829
0.300075
0.506640
-0.225514
0.309813
0.472731
0.404536
-0.283599
-0.790641
-0.239075
-1.053932
-1.452195
-0.317132
0.395604
-0.382628
0.256730
-1.226324
-2.349439
-1.335170
-0.937819
-0.143589
-0.284141
0.019256
-0.133930
-0.332779
-0.184637
-1.195664
-1.340241
-1.807742
-2.099482
-1.634273
-0.753567
-1.268266
-2.037083
-1.611044
-0.384167
-0.125246
-0.677790
-0.613121
0.522148
0.474298
0.885435
0.479040
-0.836766
-0.053557
0.039717
-0.190081
0.272941
0.047421
-0.534458
0.195749
0.044488
-0.246507
0.379427
0.138403
0.135020
0.305267
-0.232900
-1.085358
-0.595605
-0.798642
-0.321510
0.633699
-0.579305
-1.282706
-0.666372
0.037759
0.475365
0.406987
1.004411
0.353811
-0.665923
0.769997
1.383506
1.400143
0.056679
-0.331301
-0.293303
0.845685
0.603682
0.210646
0.532338
0.945549
1.013659
0.303859
-0.680172
-0.498591
-1.354399
-0.866870
-1.374033
-1.536409
-0.916762
-0.390421
-0.365073
-0.111297
-0.285321
-0.061645
1.012889
1.323194
1.290498
1.721969
1.855967
2.146497
1.988613
1.079530
-0.222940
0.778905
0.774805
0.777621
1.120918
0.963596
1.002322
0.705741
0.038170
0.080590
0.408115
0.618872
0.590761
0.889538
0.958192
0.494316
0.407707
0.177429
-0.020886
1.292295
2.004250
1.762520
1.438053
0.179746
-0.643034
-1.054454
-1.411631
-2.155791
-0.914007
0.827519
0.257816
0.462005
1.166512
0.670852
-0.016476
-0.155968
0.200152
0.944765
0.416433
0.205320
2.047690
0.808676
-0.732191
-0.287146
0.354573
0.173571
-0.464230
-0.661886
-1.417476
-1.451505
-1.383373
-1.518890
-0.066856
-0.611747
-2.783970
-3.452584
-2.995435
-1.751304
-0.806228
-0.813894
-0.134964
1.187804
1.798483
2.009000
2.068583
0.300817
0.587150
0.840182
0.006069
0.528795
0.465151
0.255001
-0.364647
1.071701
0.718190
0.487229
1.269196
0.149765
-0.081477
0.223709
1.185969
0.713342
0.230780
-0.531478
-0.652304
-0.576298
-0.851154
-0.337626
0.951402
1.234745
1.005644
-1.084775
-1.959491
-0.674551
-0.638690
-0.364004
-0.413585
0.904229
0.191880
0.316064
0.937004
0.806199
1.297404
1.206393
0.594468
0.718472
0.486004
0.353194
0.876850
0.452224
-0.080288
0.250134
-0.117366
-1.087736
-0.611661
-0.701711
-0.465663
-0.162364
-0.976207
-0.665127
-0.307858
-0.369634
-0.431326
0.301938
0.456342
0.861763
-0.370446
-0.774710
-0.196010
0.390866
-0.121083
-0.614626
-0.582120
0.308297
0.237540
0.611364
1.206646
0.085809
-0.029978
0.874233
0.311498
0.139009
0.289546
0.301831
-0.323266
-1.124634
-1.406732
-0.862693
-0.972728
-0.936930
0.486003
-0.189511
0.031964
0.067672
0.173526
0.049599
0.337585
-0.374714
0.155770
0.524902
-0.273944
0.202041
0.105290
0.297173
1.813443
1.425562
0.161061
-0.808105
-1.076532
-0.774447
-0.836185
-0.106457
0.338754
-0.017633
0.270441
0.654582
0.731078
-0.123930
-0.315089
0.306925
0.985529
0.704713
0.155882
0.311199
-0.435115
-0.895657
0.463828
-0.128336
-1.266013
-1.014256
-1.937160
-2.837702
-3.584775
-2.987100
-1.982161
-0.612146
1.032220
0.955886
-0.289835
0.499730
0.671173
0.177193
-0.028293
-0.347145
0.684602
0.278773
-0.216352
-0.357081
0.025935
0.184333
-0.484191
-0.768083
0.076120
0.144177
-0.072501
-0.437236
0.116270
0.523287
0.781116
-0.106892
0.157743
0.625333
-0.376172
-0.997003
-0.790046
0.010726
0.438354
-0.033496
-1.120762
-1.649662
-0.840150
-0.866827
-1.038854
-0.876349
0.078782
0.154408
-0.528293
-0.089042
-0.080797
0.310687
0.251506
0.381590
0.344029
0.085904
0.649129
1.616386
2.005235
-0.013912
-1.509933
-0.884411
-1.273624
-1.257598
-1.055150
-1.033324
-1.058829
0.287123
-1.016805
-1.895118
-1.403945
-1.071374
-0.285667
0.675585
1.457791
1.713332
1.049073
0.547637
0.703609
1.289302
0.780374
-0.570328
0.298493
1.342775
1.263998
1.042047
-0.371472
-1.005204
-0.760943
0.412789
0.299912
-0.968893
-1.175684
0.234735
0.598394
-0.649813
-1.671187
-1.622058
-1.109239
-1.290776
-0.915507
0.260608
0.136694
0.225823
-0.212223
0.360002
1.266148
2.487574
2.481338
1.216411
-0.490656
-1.069322
-0.237598
-0.284445
-0.798197
-0.917406
-0.659206
-0.371234
-0.882351
-2.037636
-1.391443
0.293230
1.166439
1.354908
0.686898
1.035960
1.511573
2.262687
1.327218
0.425506
1.018050
0.505183
-0.192380
-0.499342
-0.139051
0.336808
1.070183
0.516936
0.214109
1.311251
1.963875
1.836844
1.609011
0.962865
0.621081
0.380282
0.592657
0.090898
-0.634538
-1.212356
-1.303482
-0.979538
-0.154711
1.542486
1.041339
-0.020202
-0.343888
-0.604713
0.024396
-0.351981
-1.201477
0.343135
0.754446
1.359572
1.381178
0.703811
-0.187695
-0.817544
-0.779543
-0.188012
-0.465174
-1.168357
-1.130113
-0.408962
-0.022950
-0.248753
-0.871754
-1.236848
