1.549690
0.259880
-0.357638
-0.173729
-0.394559
-0.850637
-0.118754
-0.551560
-0.737886
-1.748862
-2.784787
-2.805690
-1.957400
-1.554031
-0.777639
-0.357256
-0.084191
0.571799
0.491098
0.320380
0.841125
1.325742
2.064492
2.259932
1.309887
0.888845
0.447072
-0.039326
-1.467094
-1.806426
-1.580410
-0.571729
-0.161143
0.141208
0.756887
0.270917
0.104295
0.181709
0.522832
1.128818
1.238381
0.699760
0.229318
0.002399
-0.485713
-0.303383
-0.460628
-0.110938
-0.023054
-0.397200
-0.392469
-0.735112
0.030126
0.913410
0.378725
0.783524
1.527207
0.393302
-0.525408
-0.983390
-1.754281
-1.736513
-1.612210
-2.123909
-2.407404
-1.804015
-1.058407
-1.233692
-1.165872
-0.316658
0.398637
0.905593
0.607043
0.369862
1.004828
1.750945
1.885719
1.155675
0.467016
1.276592
2.045999
2.617035
1.129666
0.410560
0.435798
0.580245
0.876980
0.533244
0.314037
-0.080490
0.486559
0.751260
0.046763
-0.189501
0.266764
0.261053
0.600719
-0.465052
-0.376702
0.328690
-0.109665
-0.041786
-0.093810
-0.454865
-0.637324
-1.306904
-1.533743
-0.848745
-0.687551
-0.563306
-0.346186
-0.398790
-0.488970
-1.117802
-1.269612
-0.751893
0.067732
0.337573
-0.507738
0.395578
0.349768
-0.159816
-0.282503
-0.660380
-1.062619
-0.536852
-0.664183
-0.154859
0.806941
0.545884
0.083409
0.093536
0.547597
1.043604
1.207017
0.310287
0.519869
0.724521
0.934388
1.355188
1.393801
0.822471
0.522374
1.391310
0.881626
0.627721
0.873961
0.308699
-0.065065
0.340435
-0.153758
-0.006609
0.308511
-0.572020
-1.101322
-0.949222
-0.870112
-0.102924
0.311599
0.242969
0.467918
0.520952
-0.041478
-0.113563
0.290088
0.038327
-0.269501
-0.006014
-0.447645
-0.769966
-1.086307
-1.384271
-1.247394
-1.420904
-1.349055
-1.503118
-0.970056
-0.585275
-0.013525
0.807800
1.490046
1.871714
1.167777
0.779585
0.508484
-0.092283
-0.085171
-0.986877
-2.094041
-2.122972
-2.067314
-1.762545
-0.868253
-0.870162
-0.687453
-0.401661
0.228476
0.605822
1.331070
1.824764
0.878054
0.062651
0.518177
0.297458
-0.011617
-0.633680
-0.913281
-0.889775
-0.398051
-1.045412
-0.713660
0.621850
1.690478
2.438609
2.355725
2.331618
2.262427
1.653226
1.290966
1.031321
0.647797
-0.051709
-0.517615
-0.344583
-1.112264
-0.857039
0.088008
-0.171695
-0.001101
0.393873
0.097030
-0.670169
-0.586841
-0.191707
0.611582
0.147349
-0.291893
-0.523692
-0.712377
-0.292697
-0.538757
-1.172019
-0.399340
-0.115396
-0.295234
-0.056072
0.134154
-0.175155
-0.579654
0.292217
1.417853
1.542480
0.746281
0.535988
0.500043
-0.253475
-0.606522
-0.617690
-1.025877
-0.910004
0.206956
0.120690
-1.041447
-1.139048
-1.011804
-1.324867
-0.830265
-0.839731
-0.665466
-0.244500
0.121946
-0.604886
-1.110188
-1.152347
-1.614615
-1.574423
-1.272019
-0.887166
-1.260742
-2.051686
-1.495028
-0.480124
0.419326
1.364111
1.577606
1.775481
1.982253
1.223661
0.537156
0.676085
0.973229
1.431349
0.427414
0.124732
0.918226
1.706866
1.875748
2.074635
1.977110
1.860394
1.615080
1.274021
0.520983
0.077156
0.122353
-1.035894
-1.502393
-1.391033
-1.549700
-1.074756
-0.106011
0.443905
0.824836
1.227127
0.966497
0.395696
-0.587273
-0.741126
-0.669083
-0.677781
-0.725277
-0.791574
-0.563654
-0.510450
-0.534796
-0.385584
0.317615
0.265511
0.537620
0.563141
0.483456
0.491817
0.662639
0.196160
0.160024
-0.408243
-0.586811
-0.304677
-0.397325
-1.611514
-1.798967
-0.706577
-0.167058
-0.718939
-0.576013
0.246964
0.010656
0.271073
0.487402
0.258460
0.329341
-0.013587
-0.555466
-0.437521
-0.426256
-0.276851
0.254026
0.469453
0.674063
0.317621
0.513222
0.032082
-0.009225
0.123521
-0.935328
-0.758785
-0.325368
-0.407916
-1.126681
-0.329692
1.448006
1.658017
1.378129
1.633819
1.326127
1.037244
0.993560
1.023558
-0.172373
-0.332087
-1.274978
-1.309129
-0.815874
-0.388778
-0.528521
-0.672414
0.352742
0.786911
0.520985
0.256732
0.469301
1.583630
1.924105
1.725437
1.664312
1.331303
0.291635
0.151798
-0.540268
-1.205807
-1.554258
-0.825084
-0.256600
0.436279
0.522017
0.863871
0.671627
1.291056
0.516137
-0.427535
-0.570973
-0.679853
-0.770519
-1.264597
-2.108965
-1.739588
-1.775489
-1.321407
-0.361882
-0.212036
0.329156
0.363211
-0.473398
-0.781682
0.250675
0.366235
-0.317829
-0.336644
-0.671613
-0.813201
-0.546464
-0.691763
-0.285275
0.370069
-0.484573
-0.813470
-0.363905
-0.561469
-0.902187
-0.508185
0.140804
0.461464
0.781581
0.905954
0.323471
0.179479
-0.178204
-0.708649
-0.433402
0.068186
0.694532
0.490248
0.313315
0.176586
-0.225114
-0.918293
-0.949781
-0.162965
0.330815
0.774347
0.574565
0.624451
0.166631
0.528127
0.935618
0.734937
1.110354
0.800290
-0.494371
-0.324190
-0.472493
-0.762537
-0.811880
-0.786591
-1.251746
-1.634842
-1.000005
-0.128164
1.164704
2.462107
3.255330
3.424756
3.030185
2.861052
2.824864
1.470249
0.355269
-0.054082
-0.435628
-1.042607
-1.750792
-1.483528
-0.797309
0.231270
0.594407
1.300497
2.045740
2.319253
2.066966
2.286717
1.845589
1.000427
0.465797
0.052283
-0.633615
-1.603875
-2.419695
-2.524436
-2.370651
-2.050895
-1.061346
-0.415833
-0.002691
0.299052
1.069139
1.683435
1.309159
0.514850
1.010698
0.561406
0.093463
0.335706
0.678518
-0.200265
-1.506659
-2.229398
-1.564452
-1.839540
-3.002536
-2.033978
-0.737920
-0.143428
-0.103951
-0.330878
-0.816954
-1.163286
-0.047550
-0.356854
-1.082630
-0.923656
-1.248956
-1.173416
-1.095799
-1.278198
-0.839562
0.449482
1.363246
1.460478
2.006361
1.790407
1.709901
1.954727
1.571047
1.075401
0.453992
0.249885
0.099744
-0.722191
-1.624955
-1.556321
-1.007441
-0.949460
-1.229556
-0.271068
0.545916
1.595269
1.727474
1.271378
0.677273
0.491359
-0.020164
0.259051
0.626402
0.175506
0.045564
0.062673
0.052733
0.263959
0.927678
1.178148
2.229569
2.060806
2.054535
2.089396
2.113687
0.715944
0.268554
0.530747
0.084770
0.324142
0.471737
0.663205
0.132556
-0.701825
-0.848470
-0.960803
-0.728720
-0.004641
-0.576834
-0.920963
-1.283022
-1.359835
-0.844298
-0.695942
-0.704124
-0.051345
-0.526138
-0.748978
-0.488726
-0.594713
-0.697187
-0.695163
-0.768984
-1.483578
-0.910803
0.367351
-0.359017
-0.745931
0.087231
0.079781
-0.174082
-0.632354
-0.606777
-0.023090
-0.307415
-0.033368
0.270440
0.417501
0.624013
0.133644
-0.357968
0.168265
0.339595
0.107933
-0.121405
-0.002752
-0.598227
-0.991057
-0.715630
0.374026
1.163112
1.482098
0.881565
0.204685
0.645869
1.395854
1.155907
0.205358
0.044466
-0.275481
-0.598939
-0.707123
-1.000731
-1.260259
-1.268058
-1.526102
-1.672066
-1.195752
-0.687980
-0.420193
-0.687367
-0.816450
-0.894127
-1.039552
-1.003769
-0.092788
0.475221
0.251056
0.158833
0.616957
0.854391
0.472189
0.535680
0.765248
0.685158
1.262307
0.552304
-0.077225
0.317618
0.752561
0.979312
0.606109
0.372185
0.650253
0.320037
-0.104532
-0.141687
0.019790
-0.901941
-1.239910
-1.378718
-1.046853
-0.892169
-0.626064
0.229911
0.128204
-0.491859
-0.291971
-0.169005
0.134070
0.158082
1.096265
1.426179
1.522204
1.195916
0.091395
0.182958
0.678241
0.346167
-0.305861
0.114757
0.664495
1.685045
1.330250
1.094504
0.927818
0.748058
0.872570
0.446962
0.616419
0.785952
1.112050
0.508733
-0.072085
-0.334092
-0.231844
-0.739642
-1.178083
-0.710260
-0.641184
-0.423920
-0.676262
0.182097
-0.558169
-1.152085
-1.001856
-1.083939
-0.670114
-0.833992
-1.402695
-1.585422
-1.499986
-0.163144
-0.224556
-0.215278
-0.003884
-0.129041
0.264591
0.711209
0.095479
-0.449836
-0.052017
-0.413919
-0.686693
-0.074112
-0.699395
-1.226287
-1.111453
-1.064136
-0.658344
0.059164
-0.946786
-1.380729
-0.607767
-0.559302
-0.550405
-0.066270
0.726313
1.024129
0.802869
1.121531
1.014546
1.454678
0.976385
0.272794
-0.236915
-0.594252
0.220063
-0.108064
0.361567
1.094655
1.114136
0.598461
0.314830
-0.297607
-0.539649
-0.004660
0.537907
0.459674
1.188572
1.086922
1.251696
1.186384
0.610078
0.370335
-0.007479
0.148858
0.326358
0.069470
-0.089956
0.312495
0.060553
0.009372
-0.336371
-0.333810
0.695856
0.725803
0.495529
0.230806
0.264709
0.601185
-0.155941
-0.453131
0.222420
0.620351
1.015313
0.715622
-0.391655
-1.130195
-1.480249
-1.964654
-2.314166
-2.229237
-1.797546
-1.254672
-0.438863
-0.291962
0.119017
0.588682
-0.053549
0.753111
1.213734
0.558276
-0.140070
-0.201030
-0.859820
-1.563296
-1.910046
-1.150948
-1.673951
-2.181262
-2.301054
-2.069219
-1.046547
-0.579798
0.057925
0.323007
0.424076
1.019355
1.767015
1.866463
2.023993
2.162834
1.585910
0.472438
-0.124896
-0.618124
-0.546616
-1.046536
-1.634901
-1.166465
-0.144379
0.151044
0.302597
1.556781
1.294894
1.122333
1.532050
1.967668
1.836906
1.037044
0.704905
0.372906
-0.622734
-1.032807
-1.446638
-1.339853
-1.370899
-0.862677
-0.562173
-0.829643
-0.218376
0.894761
1.503328
1.108559
0.804030
0.325584
-0.031637
0.980058
0.296973
-0.257067
-0.106852
-0.013975
-0.207337
-0.838434
-0.959256
0.233555
0.858741
1.594337
1.714599
1.153153
0.519269
-0.408493
-0.699427
-0.734997
-1.153177
-1.614487
-1.299552
-1.264339
-1.512884
-1.720761
-0.778758
-0.143915
0.442018
0.948483
0.926563
0.327143
0.107868
0.307534
0.274409
0.207477
-0.609739
-0.828867
-0.765683
-0.489806
0.051688
0.634647
0.307705
0.320828
0.101145
0.950099
2.193492
2.071897
1.881053
2.106852
1.875124
1.244026
-0.060749
-0.383608
0.261883
0.729767
0.102664
-0.710124
-0.006157
0.863007
0.695175
0.120287
0.285804
-0.092134
-0.141415
-0.678072
-1.070857
-1.154903
-1.210817
-0.558180
-1.069205
-1.330543
-0.680337
-0.043108
0.176962
0.755483
2.093820
2.464207
2.071918
2.126331
2.111732
1.918830
1.896107
1.386524
0.639084
0.416549
0.475916
0.520580
-0.628602
-2.020207
-1.405342
-0.725862
-0.278211
-0.264665
0.505032
0.574761
0.487931
1.165958
0.654460
-0.415607
-0.718123
-0.641493
-1.285696
-0.969627
-0.381825
-0.302723
-0.525355
-0.460701
0.260587
0.248365
-0.680899
-0.501778
-0.465652
-1.283243
-1.294387
-1.230981
-0.632229
-0.536333
-0.645786
-0.459317
-0.148855
-0.275773
-0.296323
-0.837869
-1.068553
-1.048579
-1.279641
-1.313737
-0.842630
0.114291
0.924540
1.063369
0.149888
0.316925
0.720270
1.208821
1.131767
0.029036
-0.440174
