-0.057479
0.143583
0.201209
0.030056
-0.070706
0.147259
0.367098
0.414607
-0.748852
-1.348651
-0.597971
-0.077614
0.314248
0.361253
-0.022321
-0.396071
-0.199049
-0.094728
-0.446522
-1.245026
-1.899313
-1.992379
-1.613697
-1.184413
-1.037064
-0.949859
-0.432974
-0.019329
-0.253322
-0.231170
0.047481
0.182774
-0.188300
-0.666855
-0.986311
-0.804632
-0.852598
-0.156239
0.139131
0.023127
0.285927
0.742055
0.453954
0.140516
-0.279106
-0.512574
-0.351316
-0.155758
0.151013
0.112762
-0.196589
-0.085441
0.008422
0.204659
0.536726
1.258408
1.319925
0.897482
0.559341
0.544712
-0.103705
-0.690953
-0.548814
-0.140979
-0.024704
-0.173640
0.072037
0.412486
0.629126
0.714883
1.107582
1.582824
0.908380
0.503076
0.896497
1.019887
1.001742
0.719231
0.939700
1.247112
0.889431
0.601608
1.022559
1.116210
1.135328
0.894153
0.709184
0.283008
0.050692
-0.063910
-0.229462
-0.529145
-0.484824
-0.562121
-1.046021
-1.503030
-1.371938
-1.032417
-1.008275
-0.904206
-0.835149
-0.854541
-1.013164
-0.862504
-0.832340
-0.813145
-0.168326
-0.139130
0.046883
-0.021815
-0.680887
-0.610628
-0.154629
-0.137958
0.574301
1.388558
1.538663
1.326969
1.206804
0.767793
0.270912
-0.663992
-1.332099
-1.357079
-0.926313
-0.257582
-0.096079
0.232687
0.608622
0.773521
1.087322
1.016502
1.109169
1.686771
1.675349
1.175706
0.965951
1.023870
0.985016
0.663127
0.341585
0.742431
0.889978
0.233437
-0.039299
0.061627
0.599934
0.726616
0.299527
0.058656
0.336201
0.101840
0.166577
0.080096
0.100416
0.208628
0.438118
0.376702
0.453813
0.836420
0.415039
-0.404676
-0.821854
-0.650152
-0.784139
-0.911957
-0.875383
-0.433372
-0.494832
-0.573463
-0.474915
-0.238072
0.024305
0.424066
-0.277509
-1.240489
-1.957637
-1.502279
-0.992481
-0.693292
-0.410981
-0.232150
0.014213
-0.031085
0.207932
0.009446
-0.146805
-0.060182
-0.053247
0.119251
-0.541587
-1.017424
-1.326019
-1.778884
-1.929187
-1.893974
-1.843115
-1.816850
-1.648948
-1.368148
-1.042762
-0.705429
-1.153661
-0.654924
-0.113383
-0.174287
-0.122175
-0.141785
0.332914
0.612953
0.133085
0.091434
0.627446
0.730960
0.423679
-0.287885
-0.754513
-0.879894
-0.471817
-0.359338
-0.385306
0.045478
0.803856
1.252149
1.277082
1.399983
1.170199
0.975705
1.098478
1.251759
0.991860
0.819208
0.907326
0.521902
0.415374
0.529268
0.513662
0.935587
1.093344
0.379797
-0.463897
-0.631916
-0.343160
-0.030847
0.563877
1.206212
0.947363
0.563439
0.602018
0.989358
0.436126
-0.658298
-1.116388
-1.766950
-1.994969
-1.882442
-1.639079
-0.487927
0.241248
0.909791
1.263749
0.744989
0.380243
0.831482
1.098374
0.984775
-0.477007
-1.762740
-1.716590
-1.067052
-0.476992
0.164951
0.253348
0.368375
0.891680
0.597855
0.151943
0.528086
0.494575
0.117372
0.153798
0.663845
0.824281
0.578121
0.259590
0.565203
0.390347
-0.134665
-0.858825
-0.728266
0.066276
0.209548
-0.526115
-1.028989
-0.591173
0.334340
0.245604
0.126346
0.179370
0.246140
0.510259
0.580670
0.323782
-0.153086
0.003370
-0.536080
-0.964204
-1.356152
-0.888976
-0.529939
-0.666088
-0.505776
-0.440924
-0.555268
-0.204158
0.190158
0.502373
0.116976
-0.218773
-0.819413
-0.595064
0.092672
0.420831
0.579121
0.297685
0.579915
0.816104
1.053290
1.643421
0.564956
-0.479917
-0.640844
-0.259049
0.150213
0.415361
0.227314
-0.145597
0.329696
0.136131
-0.331335
-0.406274
-0.908067
-1.002432
-0.518112
-0.173534
-0.160855
0.216399
0.119371
0.435446
1.187171
1.517525
0.839477
0.768694
0.909400
0.541422
0.421017
-0.358032
-0.881033
-0.896505
-0.698003
-0.475211
-0.833137
-0.851695
-0.423828
-0.505178
-1.079399
-0.538489
0.861658
1.554461
1.555077
0.641811
-0.004030
0.668550
0.879991
0.496162
0.248263
0.061183
-0.298624
-1.087861
-1.688084
-0.611472
0.606724
1.140545
0.623205
-0.237021
-0.430816
0.181188
0.968696
0.748298
0.694237
0.645416
1.021172
0.575652
0.165495
-0.397637
-0.498499
-0.060304
0.339759
0.492547
0.355548
0.445878
0.414289
0.390223
0.011444
0.806698
0.741343
0.603406
0.523923
0.064336
0.324646
0.689029
0.276525
0.294337
-0.237766
-0.787479
-0.621429
0.113553
0.303996
0.547797
0.442189
0.535640
0.893865
0.321100
-0.233221
-0.399224
-0.234304
-0.409985
-0.929008
-0.870632
-0.486061
0.151211
0.195760
-0.928173
-1.749974
-1.493999
-0.857937
-0.254593
-0.315872
-0.289994
0.072229
0.742271
0.999140
1.147391
1.459254
1.789127
2.200071
2.179091
1.807427
1.288412
0.726964
0.391876
0.715767
1.039938
0.783711
0.288832
0.578214
0.841565
0.433408
-0.123404
0.088127
0.261911
0.249443
-0.263107
-1.010848
-1.002289
-0.947913
-0.684388
-0.387743
-0.106750
-0.036904
-0.491534
-1.376425
-1.456802
-1.628489
-1.176662
-0.747280
-0.988645
-1.652456
-2.502727
-2.399571
-1.664979
-0.764264
-0.222482
-0.547846
-0.977780
-1.125254
-0.302918
0.855853
0.699554
-0.527857
-1.738968
-2.336569
-1.976302
-1.576085
-1.484211
-0.953151
-0.193287
0.346463
0.718585
0.485618
0.138320
0.411808
0.575992
0.912355
0.920465
0.135298
-0.480787
-0.697065
-0.535069
0.138199
0.462704
0.815680
0.824882
1.060788
1.482698
2.046191
2.116126
2.316135
2.156314
1.840348
1.235204
0.956039
0.950825
0.846216
0.363889
0.774457
1.618324
2.173723
1.551752
0.964039
0.394885
0.021253
-0.271490
-0.688649
-0.275529
0.484951
1.151806
0.898803
-0.330477
-1.481314
-1.842970
-1.185720
0.137141
0.494092
0.203528
-0.251300
-0.531970
-1.046410
-1.481627
-1.669452
-2.137572
-2.573413
-2.663367
-2.501284
-1.944461
-1.438265
-1.498987
-1.902974
-2.101557
-2.124778
-2.255443
-2.361715
-2.767388
-3.437603
-3.372454
-2.642536
-1.619524
-0.586914
0.156649
0.895780
1.462744
1.693162
1.519886
1.573426
1.192652
1.023685
1.043728
1.080221
1.342612
1.171347
1.027861
1.404333
1.666215
1.655282
1.077214
0.746513
-0.039086
-0.065150
0.127513
-0.277982
-0.350396
-0.229604
-0.307077
0.650447
1.334966
1.397778
1.020330
0.685016
0.275372
-0.197685
-0.601742
-1.124277
-0.733810
-0.184340
-0.193754
-0.061281
0.727687
2.064154
2.597498
2.379835
2.132216
1.743999
1.597414
1.273734
0.556492
-0.155923
-0.643953
-0.570850
-0.647461
-0.674878
-0.155255
0.550563
1.232243
1.467319
1.074521
0.773251
0.746026
0.651446
0.387482
0.208050
0.274453
0.508031
0.235933
-0.906474
-1.726922
-1.485161
-0.452386
-0.144285
-0.399201
-1.170493
-1.440999
-1.027239
-0.620045
-0.492794
-0.455104
-0.205640
0.530726
1.080491
1.190225
0.857530
0.596084
0.183718
0.106324
-0.312752
-0.532059
-0.489322
-0.371860
-0.226180
-0.710380
-0.939018
-0.974711
-1.210706
-1.317563
-1.438766
-1.250010
-0.675178
0.396501
1.071682
1.627655
1.511978
1.194968
1.099875
0.767212
0.652740
0.754290
-0.176337
-1.057161
-1.160374
-1.716821
-2.211268
-1.801570
-0.651614
0.541710
1.200306
1.428305
2.024237
2.076739
1.639457
1.502096
1.503358
1.838524
2.197201
1.863858
1.195883
0.457045
0.148861
-0.365970
-1.326702
-1.428545
-1.115024
-0.356354
0.510089
0.780085
0.808274
0.265249
-0.042460
-0.950423
-1.839743
-1.147371
-0.090484
0.473199
0.799389
1.125649
1.551381
1.069984
0.628591
-0.023158
-0.773728
-1.008209
-1.520494
-2.510669
-2.535291
-2.058436
-0.794366
0.300052
1.018563
1.085267
0.818792
0.191896
-0.192894
-0.747587
-0.602594
-0.789849
-0.716367
0.061625
0.854352
1.103622
1.587617
1.902118
1.891624
1.342891
0.347562
-0.076924
-0.211573
-1.220831
-1.915076
-2.260330
-2.420114
-2.807581
-2.870945
-2.553480
-2.171431
-1.177994
-0.064262
0.262758
0.112776
0.682300
1.211595
0.371937
-0.257932
-0.520989
-0.756323
-1.429899
-1.631845
-1.299524
-0.817905
-0.583407
-0.023120
0.642003
0.674787
0.732528
0.572315
0.123746
-0.673989
-1.015164
-0.660754
0.140768
0.397215
0.187498
-0.284709
-0.403964
0.283228
0.908781
1.363993
1.293529
1.444892
1.798482
1.646656
1.752449
1.666740
0.964574
0.462106
0.379474
0.630633
0.704328
0.958032
0.896123
0.775821
1.171812
1.458406
1.597121
1.475080
1.168569
0.903802
0.929207
0.255343
-0.393480
-0.971413
-0.489833
0.686038
0.915686
0.767423
0.654263
1.050120
1.419449
1.062184
0.570191
0.594004
0.626395
0.093756
-0.630858
-0.961280
-0.869334
-0.833738
-0.990371
-1.498980
-1.382879
-0.835105
-0.707620
-1.004013
-1.491523
-1.587440
-1.414964
-1.515851
-2.029451
-1.892795
-1.203520
-0.646185
0.044544
0.560501
0.509043
0.053034
-0.909048
-1.508032
-1.601612
-1.348377
-0.944121
-0.485891
-0.125384
-0.097943
0.043776
0.464220
0.679322
0.975489
1.063613
0.167645
-0.534312
-1.128758
-1.232481
-1.187453
-0.986135
-0.336059
0.227840
0.218204
0.623628
0.231184
-0.250960
0.513216
1.245810
1.427048
1.291137
0.690193
0.415792
0.211137
0.453893
0.613841
0.135760
-0.079074
0.179745
0.198704
0.263116
0.240932
0.243261
-0.317825
-0.395866
0.111359
0.303376
0.335766
0.582699
0.931423
1.131705
1.507592
1.348597
1.353338
1.332961
1.106104
0.676236
0.694754
0.572985
0.189555
0.016845
0.869896
1.254824
1.120727
0.292736
-0.281362
-0.424742
-0.639915
-0.677478
-0.511609
-0.378799
-0.067184
-0.305745
-0.106351
-0.284514
-0.721648
-0.785052
-0.658433
-0.629128
-0.428413
-0.378850
-0.075685
0.262799
0.182437
-0.635976
-1.059314
-1.542372
-1.585581
-1.602891
-1.626598
-1.799236
-1.912163
-1.516324
-1.472472
-1.438490
-1.130354
-0.870613
-1.233346
-1.360847
-1.066393
-0.288251
0.067181
0.194789
0.699792
1.126946
0.842915
0.736583
0.327248
0.244484
-0.330175
-0.740094
-0.623325
-0.566359
-0.334179
-0.175998
-0.002373
0.360946
0.357425
0.427622
-0.034120
-0.755808
-0.976489
-0.020481
1.067382
1.639440
2.214372
2.850758
2.961074
2.648556
2.213818
1.502059
0.754698
0.016860
-0.092927
0.282631
0.220461
-0.638533
-1.333175
-1.442387
-0.085786
0.619224
0.965920
0.607625
0.675322
1.463215
2.157457
1.906413
1.118515
0.734757
0.675442
0.229634
0.097708
0.507858
0.269539
-0.132525
-0.574694
-0.860790
-0.851040
-0.439298
-0.164407
-0.060501
0.350756
1.070623
1.249867
0.851670
-0.003615
-0.848355
-1.116811
-1.113970
-1.039103
-0.553413
-0.539713
-0.544149
-0.541896
-0.581313
-0.553908
-0.324024
0.086483
-0.634084
-1.493583
-2.162106
-2.375275
-1.564448
-0.513756
