-0.452267
-0.307608
-0.007299
0.390125
1.227987
1.249508
0.619954
-0.001634
0.079112
-0.086328
-0.981091
-1.517393
-1.239094
-0.815067
-0.303977
0.340145
0.738117
1.071141
1.340744
1.944623
1.609966
1.154860
1.162731
0.948745
0.924504
1.251808
1.229097
1.523944
1.098820
0.463254
-0.118795
-0.677620
-1.202521
-1.410438
-0.595778
-0.597184
-0.370869
0.122066
0.462761
0.903867
0.963033
0.766569
0.822121
0.336289
0.298436
0.397327
0.384122
0.003796
-0.041208
0.318104
0.618713
0.569127
0.636162
1.032311
1.008821
0.223644
0.006823
0.355609
0.244876
0.104659
-0.225980
-0.122598
-0.021754
-0.510769
-0.685445
-0.922294
-0.877603
-0.896492
-0.744709
-0.159706
-0.401884
-0.717508
-0.805201
-0.705575
-0.427417
-0.208469
-0.222440
-0.554132
-0.917017
-1.218960
-1.212157
-1.417551
-1.118885
-0.925823
-0.911168
-0.815169
-0.557378
0.046221
0.526981
0.576654
0.591892
1.161718
1.195256
0.879940
0.924514
0.859220
1.212233
1.321402
1.468283
1.543728
1.332176
1.837159
1.982221
1.305495
1.202931
1.610086
0.898435
0.136572
-0.385446
-0.433576
-0.380519
-0.458755
-1.046458
-0.644916
-0.656932
-0.726141
-0.877169
-1.029226
-1.244696
-0.382571
0.427647
1.060945
1.103827
0.955115
0.743412
0.310997
-0.091933
-0.246438
-0.110500
0.529940
0.626125
0.316546
0.249051
0.267568
1.171868
1.467799
1.187214
0.315451
-0.231640
-0.199747
-0.690011
-1.446375
-2.381518
-2.196641
-1.605429
-1.009813
-0.756307
-0.403891
0.329036
1.067529
0.739622
0.444197
0.230877
0.035283
-0.864023
-1.830457
-2.189593
-1.575125
-1.127472
-1.248025
-0.763462
0.085543
1.222845
1.994331
2.288980
2.068307
1.963885
1.890003
1.584436
1.398225
1.077263
0.329714
0.123638
0.407515
0.949378
1.044408
0.926876
0.597320
0.308397
0.260614
-0.453843
-0.713441
-0.535796
-0.571311
-1.183667
-1.711386
-1.558353
-1.760169
-1.757737
-1.504408
-0.801531
-0.361393
-0.192817
-0.248923
0.037038
0.057838
-0.167696
-0.409189
-0.679042
-0.478397
-0.509113
-0.790186
-0.325631
-0.493568
-0.370296
-0.020546
-0.241451
-0.385157
-0.829834
-0.499884
-0.186255
-0.479164
-0.752184
-0.418479
-0.505059
-0.227584
-0.300889
0.131136
0.417044
0.889541
1.131268
0.785781
0.290012
-0.043221
0.102955
0.190322
0.546680
0.799042
0.756352
0.217752
-0.225585
-0.742761
-0.682282
-0.434982
-0.248410
-0.297321
-0.305739
-0.263699
-0.281892
0.379018
0.818790
1.215891
1.032089
0.601079
0.369179
0.046992
-0.266863
-0.539619
-0.768740
-0.488532
-0.227562
0.035295
0.484052
1.060475
0.636917
-0.067774
-0.155917
-0.110322
-0.496598
-0.801641
-0.806108
-0.394743
0.124433
0.706839
0.895023
0.812914
1.074577
0.808476
0.187235
-0.266197
-0.888761
-1.342475
-1.539164
-1.846030
-1.865508
-1.032850
-0.432975
-0.556825
-0.709012
-0.325972
-0.560383
-0.847820
-0.864123
-0.780445
-0.617491
-0.532080
-0.398444
-0.118967
-0.630116
-0.668610
0.028132
0.779593
1.425075
1.456302
1.896738
1.645582
0.934783
0.067686
-0.285065
-0.369512
-0.438089
-0.254999
0.603446
1.174035
0.890025
1.019323
0.844341
1.220815
0.508390
0.241317
0.410900
0.659495
0.057625
-0.019965
-0.158821
-0.272457
-0.054971
-0.200071
0.210738
0.299686
0.715558
0.558911
0.144040
-0.006251
-0.077255
-0.394337
-0.353773
-0.312513
-0.150213
0.385074
0.552683
0.826051
1.094808
1.254060
0.791304
0.269666
-0.386562
-0.702121
-0.317882
-0.393031
-0.060683
0.624982
1.081229
0.777028
0.111210
-0.136055
-0.389090
-0.457069
-0.490504
-0.346122
-0.762013
-0.463576
-0.515684
-0.680829
-0.816205
-1.295543
-0.802856
-0.780680
-1.313934
-1.823356
-2.183420
-2.305483
-2.057318
-1.751228
-1.288315
-0.918399
-0.660567
-0.572937
-0.207463
-0.074599
-0.075898
0.759884
0.581324
0.340822
0.065595
-0.366765
-0.756499
-0.627515
-0.277037
0.338419
0.194281
-0.110569
-0.122672
0.550801
1.110241
1.496815
1.540826
1.054066
1.290745
1.775337
2.125902
1.738123
1.554690
1.787247
2.168690
2.354087
1.880140
1.385640
0.974077
0.749398
0.686496
0.404430
-0.397272
-0.276535
-0.362883
0.113715
0.793099
0.996060
0.277866
-0.184542
-0.311567
-0.085759
-0.205777
-0.451138
-0.841322
-1.116105
-1.372162
-0.973762
-0.930385
-1.268089
-1.075180
-0.560487
-0.058321
0.063080
0.207968
0.326035
0.201688
-0.293176
-0.905931
-1.149972
-1.473214
-1.699418
-1.327265
-0.743420
-0.046715
0.405194
0.573026
0.530092
0.155790
-0.105248
-0.666697
-0.872840
-0.770231
-0.285462
0.215716
0.376105
0.226467
0.094660
-0.141498
-0.152502
0.521226
0.753162
0.204245
0.017223
0.706434
0.654337
0.450217
0.031715
-0.233470
-0.347720
-0.485897
-0.758348
-0.214015
0.295529
0.430247
-0.049019
0.009436
0.349769
0.294276
0.739410
0.545816
0.566836
0.634180
1.030009
0.956667
0.870091
0.571020
0.360889
0.928513
0.999539
1.129294
1.114389
0.847875
0.617426
0.833582
0.728880
0.401618
-0.337273
-0.055631
0.375248
0.946242
1.167285
0.899840
0.272922
-0.049932
-0.838736
-1.988443
-2.508666
-2.499041
-2.401096
-2.516919
-1.926603
-1.416554
-1.310858
-0.790424
-0.048440
0.420846
0.782889
0.895115
0.719517
0.821955
0.685653
0.302211
0.340058
0.643173
0.658168
1.233451
1.113621
0.864044
0.767548
0.989695
0.791587
0.399253
0.327287
0.505436
0.793089
0.741908
0.483847
0.167999
0.400981
0.125862
-0.269663
-0.217356
-0.513418
-0.871268
-0.588306
-0.629588
-0.546913
0.007560
0.485779
0.877247
0.691631
0.328875
0.194111
0.246680
-0.082073
-0.155098
-0.521757
-0.697958
-1.088188
-0.896373
-0.813051
-0.617572
-0.372627
-0.236209
-0.393830
-0.171390
0.060387
-0.082482
-0.098751
-0.062955
-0.272350
-0.434201
-0.522776
-0.217170
0.300602
0.376366
0.462579
0.733702
0.481852
-0.283017
-0.903943
-1.157816
-1.117786
-0.999714
-0.859421
-0.840341
-0.813513
-0.364691
-0.225995
0.060885
-0.064006
0.120720
0.895329
0.876485
0.118610
0.212988
-0.204017
-0.593926
-0.229474
-0.019015
0.326808
0.533723
0.174948
0.012282
0.321290
0.311711
0.330408
0.430772
0.221723
0.062289
0.213566
-0.160195
-1.069832
-1.337595
-1.368519
-1.589178
-2.334851
-3.252022
-3.536954
-2.801970
-2.294081
-1.883315
-2.116402
-1.842935
-1.441137
-1.140702
-0.960763
-0.498494
-0.125309
-0.273456
-0.941054
-1.624344
-1.970658
-1.467330
-0.902394
-0.922741
-0.726539
-0.261642
0.394992
0.700137
0.472640
0.666853
1.679722
2.135747
2.173864
1.864061
1.435188
1.385292
2.142029
2.732257
2.373648
2.014073
1.717117
1.353648
0.882357
0.491019
0.226413
0.695702
0.851291
0.664299
0.629010
0.706013
0.932255
0.906092
0.937254
1.279511
1.775205
2.080829
2.176710
2.018031
1.971294
2.286369
2.463798
1.947534
1.578053
1.165460
0.340108
-0.173814
-0.381047
-0.469380
-0.538498
-0.512946
-0.330655
0.000415
0.250559
0.663071
0.973103
1.095597
1.131468
1.291037
1.332057
1.273494
0.961533
0.597548
0.239098
0.019686
0.495560
0.789196
0.527720
0.116447
0.244180
0.269268
0.312297
0.561847
0.600808
0.496252
0.595363
0.130357
-0.297328
-1.319057
-1.612937
-1.160060
-1.009096
-1.005946
-0.965391
-0.176954
0.362130
0.334896
-0.080438
-0.459003
-0.878991
-0.776635
-1.251799
-1.594192
-1.783536
-1.337978
-0.310560
0.169944
0.193410
0.529176
0.640647
0.068855
-0.068876
-0.200512
-0.341894
-0.815029
-1.264167
-1.837076
-1.590644
-1.203275
-0.839237
-0.454354
-0.790241
-1.664687
-2.270069
-2.086623
-2.259917
-2.555569
-1.909347
-1.130473
-0.933124
-0.979447
-0.818903
0.026026
0.443070
0.847249
0.991378
1.099709
0.917872
1.135191
1.532830
1.200463
1.084956
0.800475
0.434187
-0.206450
-0.607835
-0.553944
-0.220412
-0.274801
-0.439681
-0.658005
-0.539531
-0.170383
-0.087900
-0.181009
-0.040816
0.302791
0.715649
0.886070
1.031237
1.622976
1.571277
1.325878
0.930713
0.591348
0.381120
0.231655
0.156973
0.205907
-0.213560
-0.286312
-0.093516
0.120775
0.621855
1.005733
1.555559
1.371045
1.047323
1.191155
0.704163
0.123895
-0.611154
-1.080651
-1.032867
-1.338695
-2.596517
-3.228742
-2.763016
-2.270851
-1.832721
-1.787535
-1.718166
-1.310479
-1.400256
-1.340024
-0.708997
-0.890188
-1.488443
-1.714877
-1.691252
-1.509367
-1.875547
-1.742976
-1.864563
-1.695758
-1.157946
-0.742831
0.047385
0.310666
0.725210
1.310744
1.336917
0.831004
0.854449
0.807070
-0.103689
-0.794107
-0.879409
-0.574978
-0.514783
-0.393943
0.057814
0.735114
1.358337
1.723910
2.123257
2.359859
2.205338
2.295421
2.486998
1.666511
0.980564
1.046348
0.961211
0.858411
0.797084
0.662278
0.554070
0.395953
0.568121
1.375012
1.457570
1.393109
1.670134
1.686823
1.912514
1.574912
0.952858
0.311598
-0.006452
0.008826
0.000817
-0.494937
-0.643703
-0.461647
-0.434746
0.216063
0.343043
0.897643
1.250036
1.573942
1.816666
1.984198
1.315221
0.845242
0.954660
0.491215
0.245826
-0.095153
-0.368111
-0.497703
-0.246031
-0.300708
-0.462683
-0.326877
-0.045524
0.135065
-0.132924
-0.251291
-0.247857
-0.104302
-0.620848
-1.286261
-1.190319
-1.364045
-1.217326
-0.784043
-0.797799
-1.311213
-1.873108
-1.465936
-1.303691
-1.241585
-0.607863
-0.189710
0.696734
0.799118
0.784116
0.617231
0.192029
-0.497502
-1.528797
-2.175963
-2.093560
-1.749326
-1.663159
-1.897485
-1.490681
-1.066068
-0.587407
0.044721
0.114554
0.438307
0.391542
0.571722
0.673922
-0.126865
-0.667095
-0.524363
-0.473514
-0.714844
-0.685314
-0.271616
-0.308068
0.141429
0.273401
0.438968
0.514056
0.546913
0.933470
1.285291
1.516722
1.691079
2.265627
2.182257
1.892912
1.052657
1.298589
0.875125
0.305856
0.088338
-0.001342
-0.017960
0.367405
0.754439
1.009375
1.187264
1.249868
1.513954
1.616781
1.389391
1.121935
0.752990
0.646085
0.317238
-0.516595
-1.130438
-1.047614
-0.771604
-0.785426
-0.795122
-0.748371
-0.215240
-0.125038
-0.084613
0.593360
0.904213
0.692555
0.281780
0.011123
0.022562
0.203777
-0.147748
-0.429804
-0.606936
-0.390486
-0.273192
-0.577241
-0.893361
-0.988324
-1.217042
-0.739228
-0.507371
-0.950902
-1.155099
-1.408229
-1.634572
-1.443184
-1.107998
-1.078491
-1.348909
-1.344479
-0.716226
-0.417054
-0.370415
-0.177494
0.474372
0.919206
0.356083
-0.019169
-0.413424
-0.149406
-0.305717
-0.935080
-1.679960
-1.914828
-1.913538
-1.749890
-1.317357
-0.684306
0.026298
0.123934
