-0.021943
0.047217
-0.076844
-0.004172
0.454258
0.645556
0.754592
0.582898
0.219850
0.515990
0.716033
0.562880
0.927580
0.686597
0.294248
0.454501
0.141679
0.313240
-0.007711
0.427135
0.327619
-0.228587
-0.235535
0.314643
0.396552
0.501102
0.023270
0.615482
0.732980
-0.288178
-0.427876
-0.254174
-0.591543
-0.119832
-0.007362
-0.074607
-0.304614
-0.619198
-0.594935
-0.404155
0.025372
-0.404776
-0.257999
-0.035878
-0.403237
0.262781
0.547603
0.448794
0.127374
0.160998
0.834211
0.641093
0.193336
0.735278
0.735848
0.945413
1.173813
1.528502
1.312271
1.007772
0.662323
0.551016
0.640052
-0.096728
-0.679478
-0.463120
-1.418343
-1.579304
-0.905424
-0.711398
-0.881762
-0.890670
-0.409819
-0.671279
-0.145668
0.205845
-0.199755
-0.250753
0.627495
1.119298
0.466991
0.372108
0.254618
-0.037110
-0.543370
-0.014964
-0.302328
-0.692069
-0.330610
-0.522832
-0.329146
0.353141
0.319609
0.469138
0.016255
-0.412187
-0.759510
-0.878927
-1.434637
-1.749099
-1.572083
-1.606477
-1.572513
-1.727565
-1.293870
-0.736933
-0.853462
-0.455782
0.125806
0.469873
0.663569
1.105761
0.935232
0.906071
0.847518
1.242212
1.613651
1.077546
0.824273
1.094849
1.074651
1.313601
1.355355
0.806520
0.195487
0.026259
0.168467
-0.538477
-0.782298
-1.348192
-1.453434
-1.689420
-1.240946
-0.876726
-1.050676
-1.179490
-1.264942
-1.202222
-0.538975
-0.460147
0.355128
1.168982
1.208892
1.008338
0.971737
1.001157
0.390521
-0.399411
-0.867671
-0.794039
-0.834151
-0.527086
0.280088
0.831489
0.895661
0.481254
0.387864
0.422078
0.096219
-0.290731
-0.856115
-1.442983
-1.193433
-1.208444
-1.652591
-2.233447
-1.917267
-1.582635
-1.133960
-1.134113
-0.943587
-1.146219
-0.608955
0.407838
0.586003
0.775153
1.538389
2.147645
3.018043
3.632277
3.788069
3.318035
3.288860
3.279180
3.214802
3.548624
3.063538
2.491405
2.261941
2.052928
1.734920
1.245148
0.629484
0.248773
-0.063529
-0.614798
-1.010138
-1.598288
-1.201593
-1.671966
-2.075496
-2.527695
-2.190468
-2.134074
-2.049454
-1.950500
-2.205129
-1.596109
-1.301908
-1.017869
-0.708732
-0.361577
-0.400856
-0.238487
-0.111813
0.059190
-0.903186
-1.844820
-2.185042
-2.004480
-1.435120
-1.306456
-1.271211
-0.634436
0.230923
1.097017
2.382760
3.916912
3.843172
3.072722
4.052165
3.818825
3.248253
2.891753
2.372600
1.943440
1.032625
-0.026708
-0.550320
-0.809279
-1.370276
-1.649747
-1.727556
-1.688106
-1.776497
-1.802014
-1.197987
-0.258188
0.004824
0.492057
0.492204
0.394438
-0.166021
0.599067
0.855774
1.173540
1.895359
1.744752
1.309445
0.788073
0.415043
-0.400067
-0.822141
-1.123127
-1.632290
-1.901940
-1.991988
-1.868707
-2.778041
-2.845459
-1.403121
-0.038300
0.494812
1.302253
1.688781
2.358334
3.087596
3.026305
2.965973
2.761887
2.027238
1.398739
1.452502
1.604896
0.809433
-0.610920
-1.246453
-2.003730
-2.521767
-3.063469
-3.098556
-3.233327
-3.243018
-2.826951
-2.432417
-1.712144
-0.620025
-0.699571
-0.298391
-0.081033
0.719758
1.012396
0.668483
1.093766
1.892910
1.891810
1.302251
1.501442
1.747054
1.491662
1.201806
0.123677
-0.629857
-1.136775
-1.449380
-1.423795
-1.639689
-1.991621
-2.018128
-1.465304
-0.655564
-0.573449
-0.402033
0.164430
0.783986
0.096242
-0.132702
0.244669
0.700914
0.491727
0.513600
0.772253
0.814392
0.432426
0.153312
-0.758119
-1.466500
-1.462252
-1.544890
-1.670553
-1.600578
-1.355507
-0.727552
-0.112925
0.553648
0.987177
0.829526
1.357585
1.267018
0.668022
0.467929
0.301914
0.207273
0.338040
-0.397222
-1.302004
-1.191096
-2.096815
-2.154120
-2.100085
-2.046707
-1.732367
-1.653936
-0.868720
0.038596
1.133981
1.254780
0.646254
0.813465
0.819387
0.708496
0.621460
0.254978
0.680592
0.276359
-0.341203
-0.422746
-0.400868
-0.652221
-0.622651
-0.470372
-0.469577
-0.527644
-0.079549
0.405316
0.340579
0.679148
1.118700
1.265822
1.101255
1.225817
0.465297
0.002494
-0.168463
-0.073002
-0.019808
0.089766
0.236785
-0.145147
-0.084947
-0.475233
-0.232396
0.426666
0.569631
0.266300
0.016916
0.527423
0.603609
0.515594
0.598163
-0.342581
-0.291943
0.805627
0.967319
0.662539
0.653671
0.559873
-0.145868
-0.563991
-0.467050
-0.377387
-0.862630
-1.471989
-1.447840
-1.171795
-1.058692
-1.131044
-1.337832
-1.117901
-0.285163
-0.025723
-0.077961
0.046346
0.597188
0.764384
0.568135
0.490225
0.416225
0.922614
1.192610
0.938545
0.846120
0.356654
0.335127
0.063845
-0.694421
-0.342194
-0.746380
-1.198166
-1.323203
-1.153697
-0.679421
-0.407136
-0.611400
0.067094
0.751355
0.767044
0.799842
2.008543
2.467602
2.227541
2.083238
1.196841
0.827044
0.105110
-0.354836
-0.511274
-1.053892
-1.615685
-1.557831
-1.535081
-1.280901
-1.136111
-0.507109
0.105283
0.238963
0.518623
0.945568
1.035120
1.023799
0.612016
0.284576
0.163488
-0.138562
-0.168671
-0.414817
-0.529502
-0.542386
-0.471686
-0.527267
-0.047119
-0.425888
-0.131010
0.395194
-0.014416
-0.485438
-0.808456
-1.064483
-0.466885
0.067846
0.181223
0.291901
0.074002
-0.298696
-0.123097
0.112167
-0.203202
0.156029
0.466667
0.296394
0.669318
1.018677
0.557745
0.197363
0.228299
0.053177
0.289609
-0.018779
-0.469883
-0.460699
-0.635595
-0.917051
-1.479184
-1.107403
0.068980
0.257840
0.437870
0.835414
1.061313
0.702511
0.429989
1.083076
-0.043514
-0.356693
-0.067764
-0.284129
-0.221929
-0.471762
-0.189033
0.506860
0.011673
0.060319
0.335572
0.341057
0.524138
0.205762
0.567567
0.303186
0.037182
-0.218567
0.264427
-0.391708
-0.866648
-0.911273
-0.852536
-0.871216
-1.227418
-1.161266
-0.221763
0.315761
0.106622
0.354821
0.812482
1.292632
0.957507
0.202452
-0.148677
-0.272647
-1.026727
-1.196636
-1.465351
-1.139356
-0.858536
-0.981960
-0.772265
0.014200
0.433370
1.175965
1.003235
0.509465
0.930358
1.123215
1.211391
0.338768
0.537627
-0.163977
-0.156491
-0.016692
-0.534383
-0.890186
-1.254036
-0.926794
-0.731015
-0.718998
-0.018217
0.732452
0.888000
1.052486
1.088249
1.229046
0.542612
1.152031
0.881257
-0.159507
-0.778212
-1.231012
-1.059109
-0.813910
-0.448434
-0.007666
-0.100796
-0.213699
0.191191
0.190150
-0.377965
-0.702786
-0.131698
0.111808
0.542112
0.860083
1.157042
0.858377
0.526411
0.281521
-0.039680
-0.097351
-0.019780
0.253120
-0.419529
-0.172290
-0.377190
0.047180
-0.639813
-0.477839
-0.033850
-0.478417
0.030149
0.521586
0.589665
0.133076
0.176878
0.408041
0.388341
0.315224
0.357401
0.108688
0.351660
0.694544
0.144379
-0.429179
-0.304191
-0.424397
-0.688257
-1.020899
-0.581753
-0.096029
-0.109983
0.050727
-0.012572
0.183433
0.280074
0.832249
0.583807
0.400057
0.133671
0.487381
0.505256
0.526941
0.631042
0.022126
0.047292
-0.208907
0.009084
0.316590
-0.431817
0.436105
1.097660
0.376846
0.007201
-0.292335
-0.451774
-0.810662
-0.526512
-0.454712
-0.883481
-0.663696
-0.717866
-0.885468
-0.897409
-0.415856
-0.189456
-0.340738
-0.467071
-0.238789
-0.006541
0.100207
0.517176
0.518153
0.953020
0.992303
0.529072
0.328864
0.128319
-0.097798
-0.341308
-0.647340
-0.584461
-0.775782
-0.588042
-0.472712
-0.101429
-0.507178
-0.756486
-0.215974
0.162144
-0.576328
-0.893913
-0.618098
-0.529319
-0.193834
-0.055722
0.009107
-0.307973
0.188445
0.498191
0.793773
1.123022
1.562581
1.394044
1.113544
0.818859
0.884382
0.272543
-0.218793
-0.243890
0.005990
-0.626015
-0.744277
-0.423536
-0.986756
-0.472844
0.066329
-0.308854
-0.475046
0.181239
0.020079
0.212465
0.600053
0.617346
0.419179
0.041194
-0.013232
-0.480739
-1.252829
-0.810092
-0.148681
0.037716
-0.202945
-0.183595
0.406872
0.261721
0.789126
0.974694
1.157460
1.007923
1.488931
2.106986
1.308233
1.029527
0.043645
-0.317110
-0.406794
-0.834931
-0.882432
-0.298344
0.030558
-0.142524
-0.405059
-0.138752
0.235309
0.968415
1.105159
1.154429
1.250732
1.095817
1.424780
1.474131
1.015849
0.369474
0.276427
0.391984
0.130182
0.108521
0.277858
-0.082393
-0.825188
-1.089396
-1.021422
-1.104664
-1.119988
-0.883888
-1.049825
-0.747859
-0.677540
-0.307828
-0.231033
-0.453507
-0.779819
-0.760203
-0.272811
-0.223865
-0.922401
-1.563390
-1.478744
-0.931358
-0.222988
-0.524973
-0.838488
-1.297321
-1.225388
-1.035033
-0.731618
-0.746094
-0.546204
-0.245067
0.441702
-0.022041
-0.361207
-0.434105
0.079594
0.725488
0.632844
0.389353
0.327602
0.522274
-0.035952
-0.328137
-0.144944
0.101511
-0.286426
-0.012613
0.324639
0.335081
0.536327
-0.245117
0.206708
0.785387
0.532878
0.299815
0.193878
0.160550
0.617566
0.589884
-0.076709
-0.079567
0.169882
0.240409
0.473298
0.441789
0.861382
1.076959
0.543854
0.700556
0.482925
0.103904
-0.484370
-1.103793
-0.470236
-0.185382
-0.565667
-0.453512
-0.074347
0.004464
-0.043434
0.037243
0.297614
-0.127382
0.231232
0.370883
0.139183
-0.350217
-0.242019
0.437715
0.146450
-0.245368
-0.386656
-0.680108
-0.766417
-0.008243
0.562260
0.436310
0.906918
1.014655
1.863457
2.006298
1.554577
1.123861
1.016360
1.200619
0.991437
1.319858
0.753440
0.434306
0.022726
-0.203595
-1.047002
-1.084306
-1.267230
-1.191646
-1.010614
-1.183777
-0.789016
0.189727
0.515117
0.027114
0.574274
0.674910
0.089619
-0.407658
-0.492274
-0.319923
-0.780571
-1.162139
-1.032104
-0.864149
-0.661264
-0.643198
-0.497992
-0.084097
-0.441097
-0.817014
-0.352462
-0.100952
-0.300328
0.122327
0.200869
0.092750
-0.255365
-0.598850
-0.533393
-0.367562
-0.362767
0.364986
0.716405
0.831878
1.198715
0.528712
0.567207
0.469769
-0.086622
0.038357
0.411550
0.007455
-0.271601
0.076849
-0.008255
-0.286586
-0.460247
-0.722063
-0.396332
-0.671996
-1.450876
-1.451737
-1.437164
-0.437586
-0.124386
-0.304340
0.070283
-0.303173
0.002003
0.154815
0.035201
0.191543
0.296280
0.111795
0.557068
0.873507
0.634695
0.079096
0.391321
0.552067
0.762209
0.636808
0.216842
0.138779
0.240701
0.623937
0.530188
0.244803
0.321845
0.384225
0.264356
0.332892
0.420819
0.894546
0.986809
0.874557
0.554074
0.863444
0.878646
1.095165
0.452817
-0.218893
-0.540088
-0.651802
-0.747610
-0.789015
-0.656436
-0.734273
-0.500909
-0.546677
-0.123376
-0.296450
-0.559121
-0.575624
-0.284798
0.204470
0.319780
0.158657
-0.186960
-0.073589
-0.643559
-1.144850
-1.227120
