1.488351
1.236302
1.320798
1.400404
1.351491
1.558211
1.349256
1.814118
1.744363
1.629379
1.518760
1.352200
0.874175
0.613763
0.300115
0.368229
-0.076982
-0.545161
-0.784812
-0.965310
-1.183181
-1.135936
-0.709498
-0.220021
0.195278
0.312476
-0.207048
-0.216435
-0.526581
-0.659211
-0.483387
-0.835748
-0.873532
-0.797749
-0.674106
-0.640653
-0.455255
-0.255135
-0.121764
-0.350591
-0.319329
-0.135908
-0.189483
-0.381295
-0.781441
-0.383234
-0.180507
-0.178003
-0.199610
-0.166440
-0.089351
0.357648
0.636630
0.572917
0.573534
0.689662
0.502529
0.133539
0.012291
-0.426082
-0.806662
-0.602331
-0.723600
-0.874673
-0.422154
-0.624423
-0.792999
-0.421616
-0.672652
-0.573326
-0.322437
-0.003150
0.519646
0.669978
0.700030
0.975881
0.968367
0.802925
0.883016
0.655845
0.381726
0.388473
-0.173496
-0.707302
-0.930755
-1.119437
-1.544568
-1.641064
-1.135854
-0.578620
-0.041469
0.484651
0.448415
0.064656
-0.211461
-0.241540
-0.618988
-0.745910
-0.699199
-1.259700
-1.177692
-0.997376
-1.180196
-0.917005
-0.553400
-0.164856
0.037058
0.034959
0.124431
0.171568
0.382990
0.861885
1.001222
1.078989
1.233221
0.792884
0.653104
0.179942
0.235163
1.511067
2.578818
2.731035
3.543103
3.492294
2.934949
1.987033
1.265453
0.820894
0.662483
0.262138
-0.508346
-1.637580
-2.237262
-2.166273
-1.045014
0.339356
1.223112
1.722741
1.682997
1.664165
1.463993
1.042651
0.758995
0.435143
-0.146616
-0.657030
-1.102528
-1.199648
-1.059484
-1.526312
-1.028537
-0.150320
0.510764
1.444002
2.168955
2.696250
2.372514
1.427050
0.964586
0.430829
0.142395
-0.275268
-0.770553
-1.005367
-1.377118
-1.574004
-1.888053
-2.072838
-1.910473
-1.255031
-0.937692
-0.723846
-0.572957
-0.119313
0.184606
0.833513
1.016307
1.136799
1.765304
1.893193
2.392653
2.430000
2.177808
1.947692
1.660708
0.931788
0.838392
1.408472
1.701639
1.796130
1.990590
2.217773
2.199725
2.109806
1.765975
1.165019
1.169654
1.291626
1.178095
1.098531
0.330296
-0.160377
-0.337093
-0.383236
-0.504159
-1.705318
-1.763059
-1.532602
-2.193927
-2.758062
-2.963037
-3.236144
-3.495032
-3.312201
-2.844330
-2.444095
-1.536034
-1.040566
-0.760920
-0.567918
0.378263
1.283341
1.865785
2.668486
2.743056
2.927665
3.138262
2.739779
2.659085
3.237651
3.430316
2.953243
2.331406
1.723260
0.829170
0.141588
-0.525339
-1.571406
-1.600280
-1.665804
-2.380233
-2.792568
-3.095298
-3.159752
-3.144959
-2.410715
-1.211594
-0.191793
0.745982
1.383893
1.602618
1.389800
0.780975
0.419393
0.264959
-0.150331
-0.559704
-0.502820
-1.190706
-1.535554
-1.618236
-1.642750
-2.108385
-1.783193
-1.356188
-1.541614
-1.966671
-2.269514
-2.609098
-2.903736
-2.532443
-2.356224
-1.884179
-1.979248
-1.659221
-1.580833
-1.981204
-2.042161
-1.888798
-1.891743
-1.927007
-1.412585
-0.812247
-0.648676
-0.756971
-0.561358
-0.605122
-0.454749
-0.045768
0.555180
1.384015
1.671306
1.332973
1.021910
0.365988
-0.588386
-0.812964
-0.566920
-0.449584
-0.315539
-0.312857
-0.428365
-0.368265
-0.336246
-0.338528
-0.451034
-0.222382
-0.224615
0.038648
0.301756
0.742881
0.875471
0.928025
0.815212
0.687577
0.821390
0.587014
0.422041
0.283076
0.448663
0.567144
0.655879
0.302134
0.270163
0.187383
0.094591
-0.153864
-0.504698
-0.225979
-0.126322
-0.100557
-0.040684
-0.107609
-0.197807
-0.287184
-0.078471
-0.088463
-0.412785
-0.610290
-0.748200
-0.673705
-0.511803
-0.260828
0.192183
0.920945
1.502918
1.548998
1.144530
0.174623
-0.038775
-0.582837
-0.545829
-0.324430
-0.292399
-0.656152
-1.096993
-1.413207
-1.202522
-0.941874
-0.774203
-0.605205
-0.372650
-0.180768
-0.195872
0.355921
1.113044
1.027141
0.800342
0.983140
0.333864
0.210863
0.225025
-0.171004
-0.249015
-0.362227
-0.487401
0.293450
0.421092
0.472006
0.176122
0.231400
0.341538
0.061306
0.006514
0.101806
0.252517
0.511210
0.334769
0.060824
-0.224139
-0.637016
-0.700230
-0.437503
-0.188286
0.024151
0.081633
0.311438
0.689932
0.709016
0.555544
0.452120
0.500197
0.886668
0.821545
1.040155
0.879944
0.892606
0.756365
0.658095
0.857653
0.487240
0.432682
0.317938
0.057648
0.489049
0.914467
0.917117
0.584195
0.347716
0.453548
0.440085
-0.301763
-0.965547
-1.375515
-1.725464
-2.255781
-2.551404
-2.339875
-2.212523
-2.068135
-1.563957
-1.075063
-0.832509
-0.669108
-0.813078
-1.244783
-1.331091
-1.413164
-1.296691
-1.108943
-1.492770
-1.484442
-1.256873
-0.627619
0.274982
0.646049
0.478115
0.361877
0.197204
0.278605
0.245258
0.214635
-0.249787
-0.361195
-0.384609
-0.508842
-0.491887
0.198177
0.974856
1.697839
2.202348
2.153607
2.056248
1.432836
0.644252
-0.075568
-0.353898
-0.402279
-0.684753
-1.382921
-1.685189
-1.736249
-1.472590
-0.679340
0.100136
0.143762
0.124504
0.154030
0.033307
-0.312144
-0.326301
-0.682245
-1.144103
-0.927268
-1.285537
-1.445409
-1.245756
-1.044212
-0.313224
-0.045448
0.371523
0.615775
0.717986
0.742324
0.731531
0.000806
-0.242146
-0.519889
-0.740941
-0.376381
-0.246471
-0.449409
-0.468445
-0.326912
-0.028930
0.331423
0.420363
0.593156
0.716608
0.862574
0.938801
1.097723
0.922203
0.965660
0.670198
0.696348
0.950785
0.723647
0.343335
0.238738
0.046483
-0.366877
-0.651848
-0.463364
-0.159756
-0.060735
-0.081582
-0.080635
-0.483820
-0.873588
-0.951674
-1.002398
-0.705779
-0.617644
-0.520819
-0.212443
-0.255560
-0.310147
0.104655
0.538313
0.979335
1.030850
1.115012
0.688045
0.237593
0.439967
0.289810
0.216333
-0.184619
-0.358048
-0.704019
-1.089439
-1.281160
-1.007874
-0.509412
-0.200686
-0.369198
0.029162
0.399241
0.227804
0.222524
0.277328
0.125800
-0.116127
0.277253
0.433209
0.483497
-0.201088
-0.370886
-0.556532
-0.849062
-0.821395
-0.190098
0.001139
0.338095
0.974673
1.759709
1.914935
1.623232
1.742169
1.438325
1.215875
0.768013
0.141282
-0.410899
-0.522891
-0.190122
-0.476136
-0.605829
-0.558510
-0.734166
-0.705266
-0.815178
-0.905153
-0.903341
-0.189859
0.418550
0.596296
0.959555
1.111703
0.906903
1.024335
0.836787
0.245841
-0.211613
-0.485475
-0.842994
-1.118050
-1.046723
-1.003322
-0.664740
-0.457832
-0.236752
-0.019319
-0.094224
0.099059
0.072119
0.122031
0.484087
0.611174
0.822751
0.712270
0.785370
0.515483
0.596004
0.421234
-0.038178
-0.613287
-0.474368
-0.531874
-0.535788
-0.509048
-0.492800
-0.096043
0.063290
0.235397
0.789233
0.670943
0.745498
0.572575
0.618844
0.867591
0.733863
0.435231
0.589035
0.860337
0.688940
0.734801
0.572121
0.168763
0.197719
-0.039352
0.112643
0.187140
0.447344
0.761097
0.857325
0.815636
0.312257
0.527290
0.744071
0.365808
0.311504
0.656311
0.800256
1.398913
1.521179
1.651730
1.651806
1.204978
0.905384
0.626416
0.102292
-0.319806
-1.132781
-0.842114
-0.551671
-0.355577
-0.107738
-0.217088
-0.176092
-0.788808
-1.136383
-1.061987
-0.987441
-0.749936
-0.589825
-0.445208
-0.461361
-0.805606
-0.665036
-0.499557
-0.198958
-0.165565
0.092801
0.535992
0.552632
0.333023
0.479323
0.523892
0.018033
0.127406
-0.089308
-0.662553
-1.257745
-0.829824
-0.654713
-0.208987
0.211483
0.558844
0.853955
0.738029
0.685141
0.291995
-0.056977
-0.314917
-0.660212
-0.903292
-0.589850
-0.443759
-0.402739
-0.221298
0.417477
0.519962
0.637172
0.636129
0.672520
0.391994
0.429525
0.447885
-0.200389
-0.785259
-0.691018
-0.685074
-0.606076
-0.228889
-0.264629
-0.936727
-1.023021
-0.544099
-0.527769
-0.378021
-0.240215
-0.204417
0.073991
0.557631
0.553342
0.539307
0.445477
0.336401
-0.077345
-0.467155
-0.538406
-0.398697
-0.248102
-0.183800
-0.201998
-0.353858
-0.327638
-0.116142
-0.272996
-0.022452
0.182267
0.602650
0.989470
1.080698
1.094879
0.875798
0.681819
0.480124
0.411815
0.203515
-0.260194
-0.200135
-0.214105
-0.180162
-0.149670
-0.436507
-0.039519
0.480409
0.951032
0.773069
0.827432
0.930378
0.759838
0.572063
0.187201
0.012483
0.176569
0.291420
0.962700
1.549749
1.416029
1.379427
1.421975
1.372632
1.188976
0.826389
0.627157
0.501318
0.102896
0.030776
-0.074832
-0.213068
-0.355778
-0.819176
-0.514289
-0.000056
0.130420
0.332495
-0.050620
-0.591307
-1.507774
-1.524508
-0.928733
-1.142464
-1.358576
-1.592300
-1.657326
-2.122853
-1.918159
-1.260406
-1.055385
-0.727927
-0.835440
-0.409501
0.067605
0.137159
0.381998
0.503166
0.225002
0.123834
0.187499
0.121820
-0.206825
-0.596772
-0.587836
-0.712448
-0.876904
-1.081778
-1.217730
-0.632590
0.137297
0.460877
0.698683
0.646866
0.948576
0.565376
0.532082
0.635112
0.819758
0.556059
0.306522
-0.529432
-0.748962
-0.583394
-0.503978
-0.359553
-0.286362
-0.050535
0.508221
0.798966
0.530132
0.617510
0.531542
0.219465
-0.454165
-0.635283
-0.325347
-0.525125
-0.619317
-0.749652
-0.879885
-0.278075
0.139061
0.424647
0.502295
0.889821
0.823226
0.681072
0.695442
0.377352
0.464658
0.369522
-0.382775
-0.751907
-0.309337
-0.404715
-0.450159
-0.483052
-0.073723
0.656520
0.449228
0.388270
0.652948
0.925596
1.106354
1.315918
0.969689
1.177577
1.430613
1.466777
1.008434
0.340881
-0.012965
-0.606033
-0.868072
-0.850300
-0.987215
-1.006998
-0.647725
-0.106575
0.305956
0.442180
0.780630
0.935841
1.370323
1.167577
0.843527
0.205693
-0.478161
-0.870858
-0.523520
0.054081
0.128448
-0.084162
0.156048
0.207912
-0.212737
-0.378895
-0.457281
-0.605677
-0.983214
-0.982234
-0.739895
-0.331351
-0.125624
-0.069964
0.315375
0.277882
0.238517
0.681880
0.604624
0.336082
0.138291
-0.547559
-0.622244
-0.583760
-0.583963
-0.319458
0.139215
0.431094
0.531320
0.553436
0.606309
0.402936
0.209406
-0.198976
-0.590104
-1.106017
-1.952397
-1.819116
-1.816798
-2.019587
-1.258823
-0.370829
0.305784
0.385930
0.309157
0.316378
0.156833
-0.080651
-0.450707
-0.440487
-0.313039
-0.269029
-0.254915
-0.514056
-0.682563
-0.562664
0.482109
1.144204
1.221976
1.090713
1.005303
0.898990
0.881284
1.000639
0.582967
0.450831
0.303905
0.068341
-0.399838
-0.409901
-0.765852
-0.665142
-0.788561
0.059830
0.504474
0.843385
0.748504
0.155246
-0.139834
-0.491155
-0.508926
-0.285673
-0.329363
-0.295375
-0.160928
-0.561255
-0.173597
-0.146958
0.099970
0.468642
0.557982
0.981534
1.080513
1.097946
0.703169
0.868698
0.772644
0.152454
-0.398762
-0.488673
