0.264106
-0.058445
0.499728
1.348125
1.019982
0.236525
1.023631
2.030472
1.777669
1.678004
1.582333
2.016296
2.373651
1.454016
0.382623
0.631069
0.220273
-0.878348
-0.122225
-0.382062
-1.062438
0.734870
1.220069
-0.285713
0.380998
1.158014
0.690514
0.584621
0.992829
1.463572
0.548816
0.223100
0.863819
-0.036796
-0.026477
0.107153
0.079619
1.044144
1.655640
1.159787
0.701988
-0.002674
0.131423
0.731117
1.054013
-0.535401
-0.358179
0.224997
0.786075
1.311468
0.898495
0.220827
-0.024208
-1.347318
0.112558
0.808390
0.737051
-0.199020
-1.586265
-0.817618
0.410145
-0.083618
0.391788
0.070214
-0.877168
-0.956673
0.256576
-0.095519
-0.019451
0.077251
-0.671420
-0.779389
-1.573632
-1.435880
-0.054855
0.283809
0.769055
1.498762
0.607797
0.305198
0.448867
0.938638
0.332104
0.043239
-0.061380
-1.298724
-1.379326
-1.273144
-0.438201
-1.114971
-1.701522
0.128405
0.484344
0.435956
-0.294952
-0.225227
-1.343690
-0.687388
0.236706
0.220927
-0.187518
-1.970851
-1.935270
-0.131805
0.192802
-0.043435
-0.158821
-0.941874
-0.184598
1.026054
0.338496
0.677180
1.196853
0.876116
-0.055572
0.127510
0.583163
-0.720303
-0.583806
0.559714
0.448037
0.679028
1.397519
1.445389
1.046254
0.100349
-0.048833
1.309294
1.853644
1.111889
0.133952
-1.656282
-2.881139
-2.140730
-2.211937
-1.160798
-0.064834
0.201253
0.551135
0.619786
1.017239
1.901595
2.231047
1.736965
1.206724
-0.133740
-1.022703
0.253148
0.779296
0.852205
0.530036
0.444935
0.063579
-0.088358
0.072475
0.552758
0.954240
0.402515
-0.599284
0.001722
-0.062300
-0.736872
-0.587061
-2.061278
-2.110015
-1.506474
-2.360804
-3.488768
-3.637641
-2.178482
-1.701719
-2.284075
-2.640725
-1.847275
-2.355698
-1.889670
-0.380086
-0.375518
0.166222
0.366442
-0.360445
-0.240213
1.096604
1.380770
0.050364
-0.402938
0.392735
1.212655
0.800282
0.411866
1.376765
2.658019
2.549826
1.989651
1.691642
1.155214
2.718911
3.122578
2.340377
1.695104
1.497547
1.540057
1.183548
0.943801
-0.345804
-0.253404
-0.600957
-1.863283
-1.384920
-1.401175
-1.400091
-1.458655
-1.404017
-1.450968
-1.039351
-0.669768
0.843296
1.205767
0.786640
0.871865
1.040800
-0.390281
0.524055
2.215339
2.172182
0.864982
-0.627295
-0.505986
0.882259
0.817206
0.799248
0.482146
0.413018
0.164748
-1.215477
-1.728284
-2.805962
-1.987622
-1.127181
-1.765281
-2.614422
-3.083906
-1.993440
-2.444578
-2.242169
-0.899769
0.087482
0.037712
1.955784
3.601899
3.602044
3.015098
1.784738
1.350431
1.984391
0.731094
-0.036019
-0.576160
-1.203636
-2.692771
-1.200548
0.553845
0.347356
-0.427719
-0.726025
0.082714
-0.103734
-1.053687
-0.472145
-0.144165
-1.174495
-1.402228
-0.300003
-0.404236
-0.723189
-0.760032
-2.105472
-1.299976
-0.873231
-0.781564
-1.108510
-0.548449
0.096086
-0.140372
-0.222474
-0.818687
-0.355261
-0.203238
0.283044
0.942322
1.893595
3.129719
2.633681
2.357107
1.853368
0.495302
1.062159
1.364992
0.574105
-0.198594
-0.301960
-0.118793
-0.060869
-0.532199
-1.118025
-0.920715
-1.392203
-1.002252
0.120262
1.437240
1.558102
1.098713
0.657584
0.353938
1.129658
1.549828
0.559615
0.314021
0.873346
0.341278
0.252378
0.722851
0.684876
-0.623387
-0.421622
0.366095
-0.442447
-0.566497
-0.705954
-1.590337
-1.280573
-0.438873
-0.877949
-0.468469
-0.247121
-1.329114
-1.332603
-0.645544
0.438228
1.095823
0.972397
0.133625
-0.331644
0.458363
0.130484
0.357665
0.691751
-1.038005
-1.909716
-1.037927
-0.749615
-0.812995
-1.385577
-1.547955
-1.389136
-1.003396
-1.187316
-0.310404
-0.065875
-0.887955
0.328520
0.636061
0.133715
0.600620
0.121962
0.312203
0.622642
0.323229
-0.098693
-0.773834
0.386739
1.469905
0.328702
-0.237775
-0.241375
-0.261630
-0.332969
0.865544
1.598916
1.044461
0.611524
0.612310
-0.225354
1.080774
1.351325
0.213246
0.350155
0.194177
-0.835149
0.068342
1.069108
-0.061804
-1.002751
-1.069098
-1.363726
-1.894790
-0.817167
-0.089746
-1.139534
-0.788063
-0.768461
-1.216518
-0.275832
0.937775
0.734701
0.487764
0.201807
0.179955
-0.387996
0.859334
0.917613
-0.588848
0.284578
0.635499
-0.047911
0.238918
0.933748
0.637233
1.201694
1.587688
0.121726
-0.360613
0.018287
0.624066
0.008657
-1.344307
-2.390685
-2.980810
-1.593761
-1.175259
-1.511483
-1.269467
-1.047212
0.364412
0.037909
-0.640989
-0.033364
0.578134
0.192729
-0.522215
0.296402
-0.085140
-0.943931
-0.375875
-1.022350
-0.779637
0.545727
1.131617
0.983566
1.058155
1.027599
0.616051
0.874394
1.742304
1.328914
0.236473
-0.526288
0.189082
0.966729
1.503466
2.240517
1.809626
1.150885
0.599536
0.580737
1.300277
0.853512
0.136703
0.364302
0.219576
-0.927318
-1.165791
-0.824125
-0.987093
-0.298447
-0.375695
-1.180177
-1.836992
-2.139339
-0.876500
0.089110
0.546946
0.627253
-0.152625
-0.380777
-0.229720
-0.043893
0.727293
0.507315
-0.326017
0.038972
0.056817
0.150474
-0.499691
-0.214875
-0.091905
-0.989855
-1.241522
-0.079178
0.635485
0.345438
-0.138076
-0.641953
0.062942
-0.539621
0.477277
1.442952
0.236358
-0.634781
-1.099002
0.241252
-0.482975
-0.929962
-0.501010
-0.663072
-0.149823
0.669894
0.564747
0.802840
1.210510
0.945623
1.153372
1.481754
0.673023
0.253102
0.529877
0.313349
-0.086329
-0.753332
-0.812923
-1.079055
-2.295827
-1.145601
-0.950462
-1.156445
0.193439
1.327107
0.015162
0.392404
-0.005623
0.295516
1.610312
1.289738
-0.074378
-0.003540
-1.194380
-1.040110
0.168707
0.010117
-1.010149
-1.613344
-1.477211
-1.255205
-0.023370
0.427679
-0.079110
0.058340
0.320377
0.745384
1.352375
1.044261
-0.081449
-1.201734
-0.441977
-0.270424
-0.413726
-0.261808
0.012114
-0.034799
-0.296503
-0.169712
-0.728086
-1.130997
-0.177498
0.806576
1.284053
1.399735
0.757977
1.455014
1.944581
0.988053
0.194819
-0.112596
-0.955996
-0.755322
-0.460259
-0.447181
0.177670
0.748396
-0.080938
0.241656
0.365418
0.353438
0.062213
0.155468
-0.970406
0.150911
1.481181
1.133034
0.105040
0.512466
0.328208
0.748620
1.297230
0.308560
-0.912419
-0.942449
-1.294620
-0.259235
0.656118
-0.218163
-0.623691
-1.588559
-1.395019
-0.095938
-0.511092
-1.328322
-1.485709
-1.751913
-2.024614
-0.660400
1.098172
0.778927
0.545800
0.439237
-0.876996
-0.319356
1.110803
0.654372
-0.760332
-0.280349
-0.161398
-0.343935
0.297249
0.431851
-0.002709
-0.479522
-1.560772
-0.327809
1.276255
0.932384
0.676713
-0.115447
0.495048
1.025135
-0.669139
0.441350
1.456251
0.920883
-0.032441
-0.400759
-1.009966
-1.076676
-0.427542
-0.778524
-1.089030
-0.231006
-0.077518
-0.922260
-0.928353
-0.060009
-0.501146
-1.809878
-1.013261
-0.392034
0.448386
0.769227
0.989028
0.805878
0.507970
1.698460
1.059388
-0.096203
-0.686094
-0.738627
-1.937317
-1.596654
0.331412
0.369583
-0.114072
-0.359836
-0.995764
-0.327148
0.527881
0.799317
0.335941
0.476874
0.509316
-1.053507
0.379326
1.080516
-0.141319
-0.460984
-0.536215
-1.486854
-0.310993
0.971846
1.073861
0.426768
0.753772
1.569197
1.763885
0.884301
1.051476
1.596134
0.526088
0.592096
0.602828
-0.084891
-0.270129
0.481031
0.769647
0.623903
0.564066
-0.047562
-0.086501
-1.078198
-0.133506
0.929168
0.673880
0.906039
0.188169
-0.900340
-0.025280
1.349714
1.142824
0.480918
-0.462823
-0.534284
-0.898053
-0.796865
-0.731985
-0.445360
0.544354
0.330575
0.581749
-0.515453
0.239274
0.743929
0.001057
-0.573402
-0.047031
-0.121026
-0.377245
-0.030541
0.292558
-0.111949
-0.124810
0.384372
-0.193479
0.025367
-0.412031
-0.674744
0.328861
0.475392
-0.046558
-0.249286
-0.388437
-0.281346
0.089951
-0.151063
-0.130306
-0.732408
-1.239893
-0.905347
-0.444043
0.650543
0.561365
-0.391825
-0.084530
0.153259
-1.293811
-0.742994
-0.015483
-1.207106
-1.476425
-1.645952
-0.830055
-0.663652
-0.304480
-0.270965
-0.820335
-0.870696
-0.578899
-1.310335
-1.087575
-0.550406
-1.380115
-1.318502
-0.432123
-0.025838
-0.180264
-0.199826
-0.127565
-0.085725
0.853321
1.675004
1.448580
1.074295
-0.205642
0.510881
1.225883
-0.722112
-0.562674
0.574155
0.358332
-0.541087
-0.072753
0.433094
-0.160069
-0.697154
0.175197
1.301083
0.312872
-0.514708
-0.598985
-1.289162
-1.008301
0.202510
0.754596
0.166647
-0.509581
-0.624911
-0.430780
1.027329
1.102963
0.653162
0.708356
1.519283
0.660278
0.897521
2.072455
1.541329
0.894568
0.393159
0.725400
0.830879
-0.261878
-0.418264
-0.697591
-0.435856
-0.494802
0.013231
0.607290
0.533322
0.191138
0.659325
1.189478
1.055993
0.271960
0.137909
-0.298304
0.746333
0.973189
-0.298180
-1.325321
-2.039386
-1.034306
-1.256257
-0.842741
0.055555
0.319125
0.865321
1.437521
0.583298
0.689337
1.056342
0.112074
-0.679783
-0.167591
0.618844
-0.184452
-0.987645
-0.350290
-0.176883
-0.510313
0.058666
0.511048
0.161009
0.128042
-0.253641
0.628036
1.383406
1.093029
0.220540
-1.868874
-1.274467
0.005865
-0.233201
-0.263341
-0.386094
-1.093240
-1.772411
-2.011527
-0.996339
-0.074052
0.002848
0.970297
1.540002
0.754793
0.580389
1.394687
1.475361
0.686212
-0.121613
0.324918
-0.387400
-1.827584
-1.460839
-0.411723
-0.096744
-0.201692
-0.126940
-0.880547
0.207876
1.817990
1.337640
0.965830
0.774729
-0.281925
-0.410682
0.891918
0.620687
1.333168
0.912024
0.422504
0.436645
0.767495
0.776895
-0.259494
-0.923587
-1.251291
-2.570121
-2.666525
-0.601667
0.553879
0.358881
0.120874
0.379520
-0.043988
-0.268927
0.998673
0.922197
-0.396887
-0.972973
-1.893289
-1.961723
-1.042333
-0.061102
-0.013303
-0.271188
-0.287048
0.010754
1.395895
1.733362
1.166393
0.797333
0.337228
-0.507611
-0.974705
-0.660131
-1.319082
-1.033676
-0.338242
-0.725518
-0.226475
0.281987
0.063564
0.473958
0.474884
0.620553
0.597515
-0.914717
-1.211452
-1.197688
-1.243218
-0.248867
-0.191617
-0.051316
-0.619612
-0.649388
-0.729403
-1.136014
-0.180457
0.327848
0.716866
0.697799
0.795783
1.096944
-0.097166
-0.334774
-0.459071
-0.204159
-0.027389
-0.250606
-2.106831
-2.019684
-1.350917
-0.657397
0.048083
0.167045
-0.843067
-1.107753
0.527473
1.401013
0.821579
0.486840
0.228967
-0.139971
-1.373792
0.137438
1.031751
0.087703
0.708843
0.404396
-0.572361
-0.295634
0.106640
0.631881
0.983828
0.804223
-0.141834
0.935354
1.536763
