-0.351499
0.047163
0.868422
1.569389
1.367092
0.896388
1.004336
0.958518
1.142369
1.484672
1.086137
0.450415
-0.128699
-0.089280
0.233625
-0.508241
-1.028472
-0.775969
-0.441933
-0.804484
-1.536751
-1.522176
-0.567933
0.221969
0.971083
1.082505
1.043815
1.205861
1.234024
1.369389
0.978008
0.089110
-0.542540
-0.142074
0.690698
0.962313
0.205280
0.142493
0.738036
1.152402
0.788005
0.025728
-0.000886
0.497890
0.302082
-0.017096
-0.114070
0.069587
-0.051761
-0.645671
-1.088274
-0.964140
-0.344232
-0.594652
-0.675991
-0.509435
-0.302020
0.203458
-0.007512
-0.178975
-0.198299
-0.853296
-1.520253
-1.241174
-1.031931
-0.967555
-0.095785
0.330604
0.571854
1.657763
1.937246
2.017840
1.829093
1.787648
2.087827
1.841190
0.970816
0.430383
0.297946
0.247412
0.294545
0.460287
0.823973
1.010358
0.686059
0.374544
0.546647
0.980673
1.415491
1.195254
0.965159
1.240034
1.389404
0.377338
-0.789130
-1.305911
-1.178191
-1.168723
-2.037733
-2.506376
-1.723941
-0.313869
0.500762
0.215568
-0.196603
0.449180
1.494762
1.911187
1.524214
0.347401
-0.572103
-0.126273
0.698159
0.669669
-0.161076
-1.116856
-1.648279
-0.983364
0.178559
0.701834
0.658311
0.334568
-0.291769
-0.695250
-0.517566
0.004744
-0.270468
-0.660840
-0.664759
-0.115705
0.048995
0.236248
0.097943
-0.187105
0.102543
0.317678
0.713623
0.686381
-0.202788
-0.786569
-1.269699
-0.900524
-0.571804
-1.210871
-1.796331
-1.986587
-1.552733
-1.023265
-0.739240
-0.845524
-1.126920
-0.324761
0.809525
1.991378
1.885929
0.762360
0.966165
1.199571
1.313992
1.271712
0.840717
0.494111
0.172450
0.300729
0.585379
0.733746
0.412279
-0.155731
-0.087695
0.314265
0.374620
0.567624
0.731985
1.407669
1.522743
1.184894
0.486062
-0.260884
-0.293902
-0.345922
-0.329156
-0.151974
-0.337675
0.143646
0.525947
0.099746
-0.535285
-0.795382
-0.244555
0.184731
-0.210296
-0.901713
-1.258346
-0.823183
-0.545108
-0.178030
-0.496095
-1.427566
-0.960384
-0.272883
0.080169
0.368687
-0.313568
-1.249682
-0.965815
-0.327995
0.154049
-0.385949
-1.755176
-2.547804
-2.210780
-1.369438
-0.568597
-0.348013
-0.569272
-0.446279
-0.274944
-0.001452
0.043089
-0.465286
-0.737809
-0.411242
-0.540315
-0.652932
-0.292652
-0.471682
-1.444736
-2.011228
-1.297234
-1.049717
-0.716421
-1.296286
-1.578352
-0.796453
-0.220461
0.177133
-0.107901
-0.842402
-1.245959
-0.446815
0.640705
0.790765
0.368266
-0.416916
-0.098720
1.191428
1.177111
0.252435
-0.323860
0.592655
1.922414
2.146078
1.371546
0.613617
0.775950
1.004786
0.937692
1.157629
1.030290
0.394805
0.570392
0.716087
1.191401
1.702432
1.250575
0.726833
0.276417
0.261972
0.870345
0.196603
-0.478569
-0.193902
-0.597383
-1.440928
-1.518840
-1.400450
-1.020724
-0.624962
-0.282817
-0.273655
-0.337135
-0.082539
-0.342794
-0.146971
0.114847
0.288187
1.107791
1.682984
1.430065
1.141013
1.310823
1.293345
0.818702
0.735046
1.437923
1.901324
1.690449
0.822252
-0.772339
-2.193509
-2.377386
-2.037143
-2.327724
-2.938510
-3.431181
-3.005272
-2.136485
-2.498110
-2.837986
-2.083507
-0.618097
0.339819
0.386911
0.257943
0.056032
0.368103
0.316796
-0.744514
-1.514819
-1.504319
-1.135263
-1.587012
-2.180371
-1.382434
-0.040181
0.598507
0.937836
1.277446
1.396711
1.889381
1.679907
1.098720
0.932892
0.878674
1.224525
0.515444
-0.222378
-0.483347
-0.217717
0.209139
-0.152265
-1.068543
-1.632612
-1.236934
-0.642897
-0.378254
-0.277619
-0.310150
-0.673825
-1.056894
-0.643239
0.168754
0.387775
-0.069888
-0.395554
-0.160638
-0.247685
-0.184296
-0.453425
-1.139891
-1.168684
-0.467693
-0.638186
-1.236581
-2.047558
-1.988212
-1.583622
-1.432870
-0.958799
-0.846931
-0.465866
0.564104
0.827980
0.469797
0.733750
1.191480
1.034446
1.470959
1.469035
1.245270
1.613287
1.533034
1.311445
1.081197
0.793236
0.933929
1.592197
1.618983
1.480317
1.537875
1.935115
2.585065
2.705999
2.151535
1.157945
0.653744
0.348547
0.097919
-0.431868
-0.367753
0.044372
-0.359787
-1.229886
-0.759171
0.246383
0.877172
0.962542
0.514874
0.050677
0.699734
0.416336
-0.082187
-0.053760
-0.649493
-0.553983
0.587487
1.220518
0.271766
-0.083599
0.351514
0.296406
-0.015134
0.031972
0.492203
1.046584
1.426496
1.143293
-0.094766
-0.825165
-1.147574
-0.725815
-0.647394
-1.465051
-1.801924
-1.121155
0.280607
1.476558
1.116201
-0.053927
-0.210772
0.575088
1.544943
1.263861
-0.600000
-0.894380
-0.051703
0.415309
0.145841
-0.413213
-0.419592
-0.125251
-0.067103
-0.334408
-0.416742
-0.003327
0.386366
0.142757
-0.510690
-0.638450
-0.266942
0.126622
0.164141
-0.374911
-0.677750
-0.306705
0.531512
1.130152
1.473630
1.018227
0.682553
1.078554
0.844064
-0.165335
-1.336265
-1.866625
-2.151543
-1.830402
-1.377038
-1.521529
-1.465968
-0.895940
-0.040750
0.772109
0.639892
0.432494
0.383180
0.731313
0.683138
0.369616
0.959469
1.217133
0.590262
0.306764
0.519197
0.978130
0.975195
1.409130
1.941988
1.786860
1.690859
1.511222
1.418694
0.574870
-0.360841
-0.580252
-0.779347
-0.655059
-0.457849
-0.587871
-0.914881
-1.000762
-1.384260
-1.535434
-1.214895
-0.657660
0.184949
0.325266
-0.085601
-0.224947
0.099194
0.124784
-0.657914
-1.760932
-2.810204
-2.890148
-1.594526
-0.101284
0.709014
0.732381
0.629172
0.457509
0.481565
0.775129
1.508991
1.565360
0.683327
-0.697529
-1.286924
-0.553936
0.221359
0.276187
-0.274791
-0.476638
-0.866082
-1.188066
-1.175336
-1.181826
-0.509888
0.312227
0.496863
-0.020117
-0.788821
-0.281722
-0.147867
-1.157103
-2.072805
-1.960929
-1.433176
-1.006294
-1.210253
-0.987890
-0.186154
0.004520
0.012216
0.197675
0.420808
0.354986
0.539253
0.963224
1.023860
0.581677
0.161601
0.144555
0.077509
0.543591
0.972137
0.601292
-0.135984
-0.437073
0.156641
0.479049
-0.207469
-1.155025
-0.800641
0.347293
1.137776
1.199817
1.227775
1.322601
1.027692
0.017530
-0.892641
-1.801184
-1.818394
-1.209795
-0.834035
-0.809588
-0.660813
0.024061
0.471809
0.638468
0.230074
-1.237820
-2.369318
-1.697410
-0.555169
0.507492
0.276731
-0.323298
-0.758523
-0.966902
-0.960089
-1.133693
-0.878347
-0.924281
-0.908526
-0.743311
-0.934872
-0.195473
0.026647
-0.377352
-0.042753
0.452999
-0.084414
-1.196042
-1.975484
-2.050649
-1.478865
-0.893885
-0.514061
-0.693320
-0.102015
0.897593
0.997927
0.507343
0.043524
-0.442621
-0.701434
-0.417520
-0.327231
-0.193181
-0.514750
-0.880602
-0.117345
0.612614
0.891488
1.119332
0.855454
0.555790
0.727173
0.902724
0.450131
-0.464876
-1.671422
-1.473947
-0.983706
-0.971080
-0.826850
-1.044003
-0.560487
0.462313
1.063813
0.830808
0.468491
0.884965
1.336166
1.202581
1.155672
0.308960
-0.604860
-0.843821
-0.358246
-0.218005
-0.806490
-0.914934
-0.448597
-0.029518
0.540028
0.996474
0.869413
1.169871
1.252597
1.041868
0.866227
-0.053895
-0.697298
-0.750504
-1.046237
-1.304368
-0.933177
-0.071206
0.338129
0.646020
1.022364
1.052539
0.735105
0.769147
0.871007
0.558659
0.479698
0.738489
0.970547
1.146874
0.221713
-0.186071
-0.469796
-0.980513
-1.088636
-0.442572
0.384820
0.373990
0.060225
-0.327491
-0.013497
-0.022890
-0.578580
-1.214113
-1.419693
-1.524579
-1.684057
-0.852552
-0.759988
-1.264457
-0.992113
-1.136506
-1.045058
0.083577
0.217415
-0.448989
-0.942702
-0.830603
0.248512
0.975505
0.690313
0.561428
0.124838
-0.316516
-0.555235
-0.423435
0.182374
0.762795
0.464378
0.114835
0.248643
0.456035
0.416744
-0.058660
0.624451
2.144256
2.361493
1.899456
1.439498
1.243699
1.043376
0.316661
-0.440991
-0.835326
-0.698258
-0.051844
-0.041473
-0.352050
0.429488
1.765632
1.869060
1.045798
0.854447
0.787844
0.816639
0.709979
0.199323
-0.317652
-0.530537
-0.585447
-0.694339
-1.187863
-1.003234
0.159822
0.807668
0.625172
1.172499
1.553163
1.411510
0.993919
-0.122793
-0.750978
-0.831907
-0.434535
-0.785508
-1.457112
-1.521969
-0.380473
0.212825
0.091496
-0.244301
-0.134092
0.876426
1.541371
0.833290
0.562242
0.814509
0.724011
0.408417
-0.563656
-1.165518
-0.749886
-0.487776
-0.419712
-0.802386
-1.982632
-2.141119
-0.767522
0.411360
0.127152
-0.235315
-0.184259
-0.141411
-0.462293
-0.339706
0.550139
1.141770
0.909211
0.197522
0.005652
0.710214
1.220518
1.112932
0.297757
-0.297244
-0.660774
-0.838474
-0.450796
-0.667951
-1.207390
-1.454500
-1.029222
-0.857039
-0.864060
-0.361586
0.051339
0.590468
1.108052
1.649010
1.556963
1.570092
1.789029
1.523012
1.238815
0.022627
-0.935742
-1.111453
-0.665890
-0.266824
0.037849
0.357883
0.338627
0.381508
0.736504
0.974150
0.399105
-0.336893
-0.959472
-1.084334
-0.889418
-1.093497
-1.276072
-1.453287
-1.172087
-0.933707
-1.015585
-0.877159
-0.511489
-0.047986
0.569342
0.516240
0.844845
1.030707
0.121804
-0.166444
-0.596791
-0.199034
0.731089
1.192808
0.874211
-0.028898
0.037535
0.978676
2.133315
2.640420
2.205660
1.164835
0.786835
0.137323
-0.967043
-1.566591
-1.640399
-1.139335
-0.821575
-0.898719
-1.451758
-1.742160
-1.214029
-0.216633
0.683568
0.636509
0.626844
1.045595
1.352272
1.469757
0.756230
-0.338619
-0.966985
-1.028740
-0.476635
0.013005
-0.274746
-0.390062
-0.696558
-0.834606
-0.623114
0.033461
0.520426
0.703591
1.141726
1.553778
0.978717
0.147518
-0.683326
-0.531641
0.387682
1.411450
1.729674
1.471033
1.167457
1.238950
1.055733
0.504376
0.645219
0.996049
0.878852
0.908313
0.566588
-0.193111
-1.275181
-1.836852
-0.556697
1.035635
1.711442
1.320315
0.379054
-0.349650
-1.012517
-1.523411
-1.699890
-1.758890
-1.558455
-1.114078
-0.536184
-0.298467
-0.594500
-0.485608
0.271040
1.035773
1.273328
0.627873
-0.159766
-0.553613
0.016046
0.038532
-0.676651
-0.887384
-0.840835
-0.801706
-0.933326
-1.338522
-1.676112
-1.340293
-1.410602
-1.459317
-1.783601
-1.428406
-0.656554
-0.250321
0.188678
0.575307
1.245583
1.680278
2.036152
2.016490
1.546567
1.602459
1.052060
0.370188
-0.695042
-1.359853
-1.307295
-1.039067
-1.116836
-1.325893
-0.951616
-0.485781
0.169773
0.572604
0.009833
-0.043765
0.562038
0.889664
0.735041
0.242773
0.274072
0.866097
1.027564
1.206245
1.034808
0.689560
0.657828
1.345884
1.795975
1.658613
0.814071
0.320759
0.918223
1.591226
1.626009
1.124544
