-1.077918
-1.631825
-1.144418
-0.539939
-0.749157
-0.269778
0.445856
0.277736
0.951072
1.184548
1.134525
1.563913
0.964665
0.643053
0.856383
1.055152
1.241642
0.657259
-0.567489
-1.425794
-1.458824
-0.960481
-0.093845
-0.484513
-0.554964
0.285139
0.607507
0.412783
0.562727
0.581959
0.297773
-0.017967
-0.792396
-0.982019
-0.482693
-0.805586
-1.347391
-1.654001
-1.641741
-1.816919
-0.986010
-0.687576
-0.956811
-1.286193
-1.126515
-0.731890
-0.349018
-0.521391
-0.888562
-0.657491
-0.269871
-0.141404
0.016813
-0.363095
-0.568064
-0.516519
-0.181110
-0.141264
0.002854
0.308635
0.409348
0.214895
-0.233628
0.175992
-0.453173
-0.748965
0.273897
0.111271
0.119157
0.638794
-0.159218
-1.042223
-1.479255
-1.038787
-0.003402
0.224498
-0.072036
-0.389655
-0.043490
0.025019
-0.167812
-0.237909
-0.223983
0.331303
0.720537
1.364603
1.180286
1.146196
1.716932
2.093063
1.975770
1.172860
1.085969
1.246711
0.522879
-0.132672
-0.362916
-0.715523
-0.648260
-0.650084
-0.202832
0.773067
0.770401
0.837696
0.531987
0.596225
0.470070
0.417879
0.863099
0.732473
0.022660
0.000692
0.008269
-0.262852
-0.760072
-0.782654
-0.486943
-0.161315
-0.046227
0.253637
0.450372
1.444131
1.641553
0.378417
-0.766553
-0.950893
-0.510852
-0.190001
-0.194037
-0.109119
0.423722
0.134279
-0.250447
0.179422
0.479133
0.218539
1.353048
1.445678
0.646398
0.767129
0.146438
-0.196285
0.022951
-0.396695
-0.519359
-0.232969
-0.025690
-1.169125
-1.841413
-1.347386
-1.397111
-0.808648
0.365073
0.380076
-0.333066
-0.529351
0.164754
0.406275
0.524674
0.239322
-0.085857
0.159494
0.793135
0.684197
-0.229270
-0.800562
-0.045984
0.574290
0.644691
0.094216
-0.084952
0.597978
0.647240
0.863173
1.223943
1.357517
0.875973
-0.380147
-1.018412
-0.468049
-0.209171
-0.146649
0.144418
0.400868
0.917255
0.959450
0.906359
1.120442
1.086402
0.684986
0.034619
-0.318431
-0.445839
0.125236
-0.070227
-0.656816
-1.227634
-1.466589
-0.258344
0.453065
0.335037
0.271405
0.531776
0.046325
-0.384759
0.637658
1.861194
1.906466
0.610475
-0.572171
-0.464973
-0.198408
-0.456946
-0.832698
-1.544863
-1.900819
-1.602708
-0.715701
-0.307208
-0.591655
-0.269627
0.793194
1.505206
1.147014
1.398907
1.092945
0.448502
0.224701
0.117909
-0.592380
0.114903
0.118890
-0.052181
0.032094
-0.338226
-0.289287
-0.342646
-0.619478
-0.795444
-0.572532
-0.413623
-0.137544
0.150094
0.787230
1.116581
0.880924
0.262289
0.151037
-0.686896
-0.584145
-0.174658
-0.184820
-0.261398
0.041553
0.451132
0.567122
-0.106311
-0.603535
-1.097724
-0.788873
-0.244778
-0.335618
-0.447789
0.080972
0.096667
0.642002
1.263064
0.281688
-0.900826
-1.235576
-1.692616
-1.156445
-0.969873
-1.118048
-1.561203
-1.800877
-0.683180
-0.032054
0.321985
1.056254
0.990678
0.529281
0.139140
0.341752
0.491852
0.308833
0.552925
0.302395
0.161614
0.345699
0.763016
0.503309
0.253767
1.133626
0.773715
0.407618
0.793417
1.223869
1.385879
0.640108
-0.395752
-1.614245
-2.277110
-2.546764
-2.814923
-2.374393
-2.200135
-3.057612
-2.926024
-2.024588
-1.112238
-0.120963
0.410971
2.210377
2.363776
2.203640
2.029711
1.535473
1.221573
0.749196
0.527169
0.422100
0.412156
1.237778
2.264230
1.958849
2.189063
2.781952
2.784822
2.811340
1.990578
1.026744
0.855132
0.436626
-0.171873
-1.026499
-2.514744
-2.543220
-1.301907
-1.222616
-1.596584
-1.457431
-1.316378
-0.665323
-0.050614
0.464826
0.810568
0.535285
-0.082617
0.004201
0.673852
0.910037
1.136617
1.871223
2.500645
2.260449
1.928698
1.511235
0.507849
-0.081663
-0.111401
0.009786
-1.133025
-1.873007
-2.470483
-2.771440
-2.956790
-2.680071
-1.102419
-1.711394
-2.887460
-1.942447
-1.065390
-0.348889
-0.317399
-0.689402
-0.247889
1.291030
1.772335
0.815967
0.351169
0.147324
0.763641
0.525386
-0.497399
-0.593428
-0.516324
-0.730149
-1.236131
-2.022200
-2.215045
-1.542498
-0.692645
0.183341
0.725624
0.083093
-0.474335
0.353553
0.530153
0.838102
1.022952
0.967146
0.670859
0.433094
-0.459250
-1.014562
-0.926206
-0.060623
0.908670
1.701098
1.166245
1.133614
1.042208
0.667368
0.886926
1.101744
0.911155
0.412625
0.528128
0.857567
0.679741
-0.609058
-1.164323
-0.325666
-0.355869
-0.808581
-1.101575
-1.174627
-0.843233
-1.176843
-1.344465
-1.142517
-1.142991
-0.525147
0.904135
1.992152
1.900886
2.011280
1.887702
1.604547
1.209715
1.005276
0.714421
-0.247866
-0.914847
-0.526134
0.440375
1.127912
1.032756
0.663659
0.001818
0.182794
0.268599
0.062583
-0.113635
0.168823
0.037527
-0.517836
-1.012423
-0.507217
0.020832
0.180457
-0.014932
0.154942
-0.427542
-0.285010
0.213512
0.448296
1.064253
0.837711
0.764312
0.884036
0.443545
-0.043283
-0.592060
-1.490909
-1.400131
-0.931006
-0.718283
-0.298275
0.170750
0.451668
-0.640061
-1.260097
-0.266656
0.165526
0.404943
0.113491
-0.090118
0.641050
0.666063
-0.345026
-0.759174
-0.297753
0.056336
1.019726
1.227107
0.932863
0.893180
0.914680
0.607885
0.512140
-0.240144
-0.362758
-0.106602
-0.433466
-0.667392
-1.187928
-1.201669
-1.056880
-0.904201
-0.576297
-0.249393
0.565438
1.262942
1.530802
1.675941
1.130007
0.261139
-0.249134
-0.826685
-1.032582
0.000568
0.485160
-0.322427
-0.793706
-0.456601
-0.222138
0.285248
1.024076
0.967248
0.750518
0.329481
0.484980
0.543123
-0.369574
-0.348748
0.249323
0.403843
0.843688
0.658968
0.330289
0.000624
-0.402367
-0.493935
-0.359962
-0.366770
-0.758608
-0.270315
0.524765
-0.010190
-1.168040
-1.609667
-1.833636
-2.032350
-2.134241
-1.656108
-1.593101
-1.393204
-0.033670
0.679536
0.422008
0.136101
0.264889
0.819181
1.170873
0.981961
0.206204
0.282522
0.466056
0.612519
0.419440
0.160208
-0.029989
0.210694
0.654150
0.632817
-0.130103
-0.441827
-0.310491
-0.339297
-0.808061
-0.701460
-0.455445
-0.475633
0.100692
0.889791
0.677062
-0.070426
-0.254786
-0.092035
-0.188239
-0.886823
-0.904519
-0.878823
-1.094099
-0.827125
0.051648
0.639512
0.619640
0.429690
0.007078
-0.062195
-0.145801
0.428647
0.885624
0.898185
0.296960
-0.082315
0.071342
0.338924
0.587593
0.528739
0.188955
-0.583402
-1.050304
-0.516923
0.009664
0.774769
0.763026
0.103354
0.087189
-0.124650
-0.439144
-0.864592
-1.308785
-1.507253
-0.915646
-0.189535
-0.158900
0.018005
1.113097
2.509805
2.371988
1.260342
0.659671
0.398245
0.371963
-0.059023
-0.569583
-0.793276
-0.763640
-0.175782
0.734811
1.611043
1.053910
0.564868
0.775021
1.431442
1.246267
0.823925
0.597203
0.737602
0.817959
0.418332
-0.282527
-1.115015
-1.569814
-1.311293
-0.327743
0.972219
1.353064
1.353525
1.341015
1.530365
1.151551
0.288514
-0.122300
-0.636100
-0.615261
-0.500145
-1.084899
-1.543789
-1.427913
-1.056933
-0.574385
0.221686
1.415058
1.525006
1.151962
1.583537
1.548226
1.451084
1.269336
0.679666
0.255590
-0.161981
-0.226380
-0.010274
0.011429
0.299349
0.239785
0.195902
0.464509
1.099759
1.133674
0.444090
0.307891
0.105503
0.023781
0.170765
0.652492
0.593360
0.240030
-0.423534
-1.200273
-1.366397
-1.599099
-1.776182
-1.403221
-1.414437
-1.255896
-0.932274
-0.003347
0.349345
0.136740
0.324665
-0.250466
-0.721495
-0.523946
-0.025937
-0.292689
-0.572963
-0.653574
-0.802986
-0.587568
-0.748518
-0.489225
-0.453972
-0.964849
-0.848872
-0.215501
-0.067184
-0.362291
-0.616456
-0.826624
-0.558513
0.040088
0.297279
0.440926
0.799934
0.491143
-0.232970
-0.336113
-0.121508
0.200246
0.674736
0.294366
0.175734
0.279741
-0.077484
0.050575
-0.152032
0.244576
0.821503
0.158311
-0.732938
-1.316024
-1.855075
-2.327568
-2.528085
-1.598593
-0.699184
-0.712998
-1.081751
-1.279680
-1.106978
-1.077181
-0.704343
0.216880
1.010839
0.790459
0.612848
1.224988
1.680772
1.750944
1.988007
1.692002
1.261541
0.861469
0.168061
-0.340772
-0.531337
-0.962063
-1.491286
-2.179127
-2.130196
-2.614395
-2.342789
-2.047348
-1.591123
-1.097981
-0.377918
0.482641
1.079887
1.642350
1.363946
0.389664
0.471615
0.128720
-0.569023
-0.412385
-0.451824
-0.712225
-1.127752
-2.064468
-1.994112
-1.544481
-1.557728
-2.084203
-1.991703
-1.496643
-1.669820
-1.924124
-1.750478
-0.860527
0.257068
1.108727
2.391893
1.796098
1.434727
1.060718
1.224488
1.712036
1.394490
1.041525
0.681103
0.427857
0.414092
0.350960
0.389768
0.285883
-0.513933
-1.373712
-1.416930
-1.238574
-1.125113
-0.726045
-0.057069
0.863226
1.277998
1.958569
2.104980
2.118399
2.345133
1.828228
1.050908
0.275636
-0.112038
-0.173037
-0.316009
-0.265491
0.412178
0.501754
0.119406
-0.198625
-0.072891
0.052290
0.181912
0.386829
0.105009
-0.144995
-0.064103
0.207965
0.260553
-0.164426
-0.114941
0.131689
-0.073911
0.069384
0.206164
0.323358
0.962167
1.390424
2.092838
2.285180
1.465482
0.563204
0.117894
0.167077
0.404729
0.278476
-0.534384
-1.831332
-2.004191
-1.271868
-0.681121
-0.035530
-0.002274
0.249531
1.428824
2.085573
2.150909
1.288803
0.246018
-0.081125
0.126844
-0.556914
-1.008416
-1.309007
-0.883205
0.028065
0.717960
0.065249
0.176040
-0.357060
-0.643654
-0.159754
-0.414883
-0.460575
-0.144367
0.154134
0.242222
0.628085
0.451137
0.573433
0.376990
-0.007367
0.453062
1.253275
1.032351
0.255454
-0.016003
0.289591
0.298545
0.525672
0.028354
-0.539497
-0.313021
0.383918
0.713205
0.566372
0.010641
-0.398586
-0.104966
0.411737
0.799078
1.162106
0.557630
0.225693
-0.611137
-1.397237
-1.912893
-1.527718
-0.323840
0.478242
0.573556
0.893565
0.886139
1.340058
1.862158
1.816726
1.513292
0.123371
-0.756363
-0.659090
-0.423470
-0.177508
0.120267
-0.250263
-0.675339
-0.729646
-0.604633
0.056305
0.690767
0.524979
1.356056
1.862530
2.330558
1.991641
1.194200
0.268260
-0.351085
-0.649641
-1.361390
-1.496989
-2.053208
-2.465983
-3.042959
-3.158712
-2.722412
-2.301981
-1.002166
-0.239694
-0.029318
0.058216
0.668102
1.614128
1.006974
0.460673
0.253635
0.393685
-0.104591
-0.913303
-0.617384
-0.218918
-0.178682
-0.394951
-0.249265
-0.129639
0.307029
0.844741
1.228833
1.777341
1.196212
0.689525
0.408819
0.261841
0.173426
0.182008
0.228290
-0.070024
-0.609751
-0.846201
-0.758309
-0.771139
-1.030301
-1.051600
-1.079876
-1.227897
-0.851283
-0.517268
0.001928
-0.033764
