0.699027
-0.093068
-0.240645
-0.149827
-0.730319
-1.276665
-1.862210
-2.772079
-3.518247
-3.111923
-2.583916
-2.250465
-2.500427
-2.247987
-2.103601
-1.070171
0.273427
0.809196
0.942831
0.935794
0.093752
-0.506842
-0.537345
-0.319320
-0.173867
-0.642145
-0.846627
-0.277470
0.118046
0.511827
0.407908
0.090781
0.157185
0.393683
0.550629
0.712076
0.650013
0.537274
0.862255
1.255797
1.284527
0.865954
0.768796
0.892400
1.277993
1.016015
1.197949
0.986072
0.073720
-0.415312
-0.053534
-0.354943
-0.288677
-0.114943
-0.046194
-0.927842
-1.718221
-1.180401
-0.702150
-1.059380
-1.260699
-1.655036
-1.534222
-1.801297
-0.889105
0.308923
1.270227
0.982687
0.698730
0.398059
-0.442387
-1.008468
-0.332852
0.232574
0.577421
0.709620
0.173557
-0.030034
-0.080617
-0.028295
-0.086840
-0.380906
-0.209563
0.390293
0.279622
-0.297736
-0.442945
-0.583806
0.149614
0.623343
0.924113
0.600558
0.167243
0.128594
-0.114988
-0.499900
-0.199441
-0.664607
-0.870785
-0.597574
-0.152540
0.036947
-0.341580
0.169661
0.061786
0.094697
0.070886
-0.440673
-0.036628
0.268523
-0.086630
-0.053366
0.218424
0.247934
0.004520
-0.069865
0.165766
0.177997
0.337914
0.396911
0.774496
0.947030
1.168027
1.128690
1.399389
1.053883
0.406831
-0.170348
-0.706999
-0.625535
-1.060796
-1.201196
-0.682811
-0.269632
0.792053
1.467036
1.364255
0.698591
0.214657
0.755139
1.009425
1.158873
1.121126
0.909963
0.775710
0.601313
0.408029
0.592998
0.917120
0.917893
0.735250
-0.155344
-0.337115
-0.059019
-0.601402
-0.718546
-0.838362
-0.453073
-0.686320
-0.736123
-0.207928
-0.291948
-0.423652
-0.917809
-1.305684
-1.000740
0.217609
0.681150
-0.080277
-0.970733
-0.617487
-0.281203
0.041372
0.568065
0.853153
0.961403
0.879427
0.680281
0.134585
-0.128340
-0.270256
-0.058768
0.001086
-0.044735
-0.193974
-0.449832
-1.047619
-1.434699
-1.070629
-0.568361
-0.708657
-0.643463
-0.045613
0.634140
-0.058681
-0.120755
-0.007891
-0.605416
-0.381401
0.014689
0.174692
0.123152
-0.289808
-0.816768
-0.777199
0.074085
0.368437
1.065914
0.819063
0.374662
-0.039501
-0.878322
-0.653059
-0.217952
0.175550
0.335463
0.276479
0.254244
-0.080576
-0.624702
-0.500528
-0.392312
-0.371832
0.197555
0.461296
0.092811
0.424792
0.788298
0.302697
0.012913
0.412712
0.096402
-0.056057
0.358111
1.076908
0.682149
0.632293
0.036845
0.180864
0.473747
0.325641
0.348775
0.704920
0.592232
0.450481
0.358804
-0.452399
-1.856447
-2.232133
-1.871069
-1.203012
-0.357397
-0.073427
-0.704977
-1.180946
-1.250559
-0.898786
-0.057684
0.236336
-0.056331
0.006734
-0.174724
-0.046288
0.719290
0.721478
0.357736
0.275629
0.176088
0.093687
-0.371916
-0.352087
0.176994
1.317030
1.206869
0.723896
0.409789
0.045206
-0.491724
-0.609281
-0.457593
-0.155079
-0.653422
-0.658469
-0.892644
-1.072045
-0.392581
-0.295969
0.041006
0.192443
-0.293951
-0.610947
-1.177002
-0.926494
-0.646972
-0.577316
-0.596952
-1.059959
-1.441774
-1.279523
-1.200205
-0.834281
-0.174155
0.491657
0.763560
0.742299
0.401278
0.065741
-0.270914
0.002429
0.046905
0.109932
0.340804
1.422838
1.807556
1.970443
2.638446
3.244655
3.656982
3.030547
1.999805
1.060422
0.587645
0.365461
0.153045
-0.192539
-0.126105
0.694123
1.080321
1.837572
2.352253
2.856757
2.927388
2.532089
1.283987
-0.446872
-1.049988
-1.300956
-1.724711
-1.733222
-1.939811
-2.172098
-2.427079
-1.953783
-1.517280
-1.325585
-1.534737
-1.128826
-0.433119
-0.180549
-0.405078
-0.615445
-0.080031
0.352435
0.808428
0.826234
0.048642
-0.529154
-0.154174
0.543001
0.451510
-0.118785
0.063413
0.723483
0.857373
0.046674
-0.186964
0.167271
0.500504
1.169745
1.372901
0.903274
0.172141
-0.845349
-1.673988
-1.513140
-0.965766
-0.582424
-0.758153
-0.900406
-1.123722
-1.207647
-0.237024
0.614857
0.840026
0.929786
1.221515
1.671365
1.265432
0.283555
-0.401236
-0.839368
-0.871452
-0.823299
-0.498966
0.152130
0.240480
0.158446
-0.175353
-0.071836
-0.334941
-0.162547
0.708661
0.995253
0.776009
-0.012350
-0.126337
-0.285358
-0.344111
-0.883209
-1.491682
-1.135936
-0.417399
-0.227541
-0.604607
-0.694569
-0.733245
-0.530769
-0.214493
0.223590
0.474408
0.938806
0.661956
0.784592
0.496889
-0.486488
-1.005812
-1.491929
-1.509635
-0.964098
0.240005
1.087927
1.005934
0.613723
-0.195792
-0.929028
-1.111219
-0.440603
0.591869
1.511978
1.450762
1.107101
0.805197
1.305061
1.646668
1.180285
0.785969
0.865823
1.586130
1.624305
1.114355
0.703289
-0.063814
0.036554
0.036937
-0.794061
-1.149775
-1.152243
-0.916098
-1.058828
-1.021283
-0.856415
-1.420534
-1.464552
-1.267442
-0.710740
-0.032075
0.244058
0.336876
0.195074
-0.050192
0.563231
0.850036
0.518226
-0.110628
-0.161027
0.216293
0.006137
0.134577
0.039538
-0.010266
0.051937
-0.221586
-0.604032
-1.028858
-1.716424
-2.574543
-2.727096
-2.202243
-1.220667
-0.524768
-0.270961
-0.557033
-0.376179
0.224113
-0.249148
-0.764072
-0.645248
-0.362242
-0.524199
-0.714989
-0.643287
-0.247685
0.470045
1.005054
1.234413
1.660802
2.159184
1.734853
0.876599
0.377919
0.097070
-0.364683
-0.454892
-0.575059
-0.140575
0.141652
0.442342
0.177631
-0.447050
-0.000138
0.525447
1.060913
1.896737
2.146888
1.836936
0.835165
0.310922
0.596906
0.481042
0.226640
0.387936
-0.049505
-0.535429
-0.593923
-0.108395
0.358059
-0.025805
-0.492941
0.516804
2.218275
3.520582
2.752042
1.573252
0.256641
-0.565140
-0.728529
-0.714282
-0.964910
-0.955114
-0.813261
-1.138941
-0.885846
-0.539899
-0.329456
-0.271047
-0.330240
-0.472243
-0.421346
-0.179128
0.691867
0.947937
0.805205
0.385833
0.202711
0.022098
0.124133
0.326718
0.293764
0.202473
0.528108
0.890631
0.939657
0.514260
0.109418
0.121208
0.116277
-0.235435
-0.936070
-1.413413
-1.728084
-1.740801
-1.182780
-0.867514
-0.696065
-0.849451
-1.779943
-2.417174
-2.093586
-1.363869
-1.110460
-1.345845
-1.242540
-1.059608
-1.028719
-0.621424
-0.297079
-0.007163
0.467948
0.728517
0.656266
0.585285
0.323250
0.358205
0.632147
0.368361
0.065010
0.266551
-0.071362
0.448522
0.928236
0.977428
0.866685
0.005853
-0.584919
-0.243918
0.547355
1.126204
1.004653
0.485443
0.769096
1.825173
1.377776
0.376498
-0.521896
-1.301499
-1.525426
-1.744824
-1.549259
-1.974970
-1.582176
-1.200899
-0.692370
-0.560614
-0.127851
0.126835
0.125279
-0.185232
-0.274300
-0.256037
0.149094
0.683609
1.331012
2.412462
3.392882
2.846269
2.260720
2.142320
2.187341
1.487898
0.677945
0.447742
0.681190
0.841531
0.887939
0.025530
-0.622892
-0.718181
-0.778817
-1.385582
-1.323441
-0.765957
-0.292023
0.568117
1.131488
0.700790
-0.230439
-0.337056
-0.750142
-1.449322
-1.886424
-1.439146
-0.939293
-0.623935
-0.289602
-0.867449
-1.251282
-1.240342
-0.885182
-0.481104
0.235912
0.822466
1.601072
2.009014
2.145250
2.793025
3.470662
2.940527
2.297926
0.750277
-0.163574
0.156745
0.305676
0.499843
0.340532
0.896463
1.148290
1.473460
1.301675
-0.033775
-1.177148
-1.413490
-0.896022
-0.477271
-0.490781
-0.449299
-0.519838
-0.502549
-0.432344
-0.289320
-0.401473
-0.778678
-0.665323
-0.361647
0.064142
0.528670
1.045366
1.329851
1.016432
0.581806
0.299124
-0.191292
-0.329282
-0.071642
0.303329
-0.061394
-0.570686
0.067197
0.603668
0.742574
0.318569
0.138234
0.039766
0.027917
-0.745680
-1.159844
-1.201167
-0.929019
-0.605339
-0.414262
-0.214877
0.071309
-0.432237
-1.113082
-1.522015
-1.393225
-0.906770
-0.995726
-1.638357
-2.273969
-2.590048
-2.328049
-1.959463
-1.381153
-1.233349
-1.172786
-1.244971
-0.503126
0.223456
0.062722
0.270153
-0.115027
0.066838
0.754701
1.372023
1.090675
0.297957
0.284534
0.115200
-1.120123
-1.941273
-1.262383
-0.077679
0.240012
0.037797
0.274154
0.346007
-0.046847
0.137186
0.713369
0.702164
0.457054
0.622472
0.117015
-0.526386
-0.423565
-0.034493
0.212321
0.006852
-0.029432
0.253599
0.691767
0.186802
-0.240373
-0.573100
-0.205315
0.461718
1.390839
0.975861
0.034664
-0.777773
-0.836359
-0.237183
0.094772
-0.236174
-0.173253
-0.570623
0.005029
0.835352
1.462923
1.442995
1.074625
0.898762
1.563952
1.648091
1.659246
1.719333
1.340764
0.904553
0.681268
0.292808
-0.111724
0.255034
-0.404155
-0.413040
-0.059792
-0.020862
0.124698
-0.060898
-0.091579
-0.121115
-0.432153
-0.807043
-0.396823
0.192084
0.012131
-0.404103
-1.177102
-1.318954
-0.990375
-0.977856
-1.107374
-0.712647
-0.383645
0.121120
1.420759
1.207451
0.396129
0.132490
1.224763
1.580042
1.619329
1.225174
0.498768
-0.096189
-0.472513
-0.265603
0.206792
0.693758
1.000091
0.817643
0.168377
-0.123704
0.101631
-0.374962
-1.043519
-1.456071
-1.716781
-1.250746
-0.510276
-0.325764
-0.515944
-0.567165
-0.648593
-0.535678
-0.553241
-0.837034
-1.474875
-1.635596
-1.210954
-0.566435
-0.029277
0.399774
0.937045
1.292560
1.718105
1.452404
1.362467
1.424382
1.292207
0.552371
0.176366
0.844157
1.844524
2.233665
2.278038
1.712569
0.597777
0.225858
-0.237928
-1.078968
-1.534503
-1.543611
-1.667009
-1.727483
-2.103263
-2.266393
-2.232622
-1.766230
-1.392518
-1.363674
-2.041912
-2.302685
-2.020718
-2.023097
-1.245135
-0.323694
0.001895
-0.676090
-1.211577
-1.160387
-0.756732
-0.155062
0.503352
0.477270
1.003303
1.648582
1.629150
1.118357
0.985079
0.436679
0.040321
-0.123390
0.371912
1.072433
1.379138
1.200632
0.715160
0.261552
-0.606166
-1.174784
-1.420741
-1.158476
-0.368761
0.389853
0.811469
0.529115
0.139034
0.086691
-0.069494
-0.238123
-0.354636
-0.476183
-0.567742
-0.892524
-0.317606
0.342315
0.211639
0.074147
0.458620
0.266861
0.215426
0.237574
0.123397
0.612264
1.346033
1.689657
1.755467
1.408898
0.541253
-0.286979
-0.347191
-0.590556
-0.422409
0.062922
-0.088152
-0.937777
-1.271765
-0.076426
-0.552966
-0.422053
-0.168632
-0.688441
-0.485648
0.013160
-0.098352
-0.141533
0.049238
0.255055
0.611544
0.267613
-0.070087
-0.071553
0.608860
1.248725
1.094602
0.826585
0.963539
1.445983
2.004058
3.423002
3.725229
2.762748
1.791550
0.506169
0.078695
0.168005
0.755957
1.257595
1.246821
0.809054
0.371598
0.298155
0.215831
0.151000
-0.084871
-0.315575
0.023052
0.002577
0.214370
-0.068010
-0.433186
-0.011704
-0.015754
0.383980
