0.592610
0.911544
0.981263
-0.140709
-0.807352
-0.949432
-1.382729
-1.943478
-2.562361
-2.585751
-1.977087
-1.590630
-1.380589
-1.825761
-1.662291
-0.713461
0.106189
0.236017
0.139890
-0.119062
-0.352179
-0.305700
0.395520
1.132404
1.050918
0.021927
-0.702947
-0.783199
-0.081630
0.864154
1.238371
1.611651
1.436964
0.969975
0.912231
0.607596
1.027563
0.898091
0.781261
0.746682
0.046841
0.303772
0.922456
1.063233
1.016009
0.467797
-0.057165
-0.549021
-1.356432
-1.425681
-1.005496
-0.863965
-0.548717
-1.087767
-0.760289
-0.795043
-1.461232
-1.333611
-0.540519
-0.703413
-0.693118
-0.903291
-1.008408
-1.311604
-0.994393
-0.596304
0.267350
0.430669
0.349604
0.488492
0.008664
-0.154902
0.629164
1.284471
1.191550
0.852153
0.724231
0.735432
0.921179
1.468965
1.397043
1.059333
0.524561
0.724582
0.593967
0.172415
-0.482017
-0.644957
-0.293902
0.012159
0.362256
0.722216
0.956128
0.908223
-0.108904
-0.552114
-0.690073
-0.491543
-0.492689
0.067251
0.336816
-0.175912
-0.607114
-0.023502
0.094106
-0.361658
-0.386659
-0.480580
-0.013056
0.337383
0.173358
0.209217
0.033645
0.067535
0.523056
0.933527
0.957948
0.478442
0.418246
0.734526
0.923116
1.121256
1.379767
1.086040
0.665379
0.758638
0.500884
-0.164274
-0.784089
-0.445528
-0.457689
-0.377431
-0.025947
-0.036804
-0.036785
-0.234651
-0.106632
0.104410
0.036353
-0.081519
-0.771899
-0.840617
-0.887468
-1.133425
-1.285335
-1.484428
-1.706398
-1.251328
-0.386698
-0.140802
0.138330
0.090931
0.861096
0.698630
-0.164571
-0.549981
0.045113
0.733791
0.220893
-0.327509
-0.457129
-1.041318
-0.947560
-1.274737
-1.226620
-0.630209
0.525113
0.572080
-0.549700
-1.333145
-0.678950
0.444643
1.063643
0.934598
0.034565
-1.063878
-1.158020
-0.656333
-0.796517
-0.609592
0.452525
0.942769
0.766472
0.462965
0.288087
-0.494615
-1.183467
-0.645589
0.512281
1.086722
1.169466
1.251360
1.447920
1.738514
1.190233
0.630075
0.758517
0.558839
0.816101
1.518329
1.706742
1.402670
1.166295
0.803818
0.361561
0.362616
1.191870
1.996378
1.716484
0.957501
0.232173
-0.246950
-0.235641
-0.712504
-0.748285
-0.562283
-0.632376
-0.411719
-0.060007
-0.199552
0.185731
0.314689
0.338208
0.255883
0.067554
0.382950
0.768915
0.944853
0.139803
-0.200009
-0.235594
-0.596530
-0.772762
-0.048585
0.292718
0.328218
0.512463
0.314014
0.233201
0.326862
0.408842
0.676902
0.349695
-0.269761
-1.168789
-1.520279
-1.474134
-1.627006
-1.323397
-0.410472
0.117560
0.350105
-0.305037
-0.785308
-0.844219
-0.434120
-0.270451
0.207783
0.055413
-0.774249
-1.439170
-1.648858
-1.495449
-0.606864
0.619590
1.179581
1.575306
1.212482
0.382798
-0.645455
-0.865373
-0.502780
0.571995
1.425545
0.863860
0.254610
-0.411461
-0.784243
-0.433867
-0.258519
0.338612
0.501364
0.255222
-0.013708
-0.224398
-0.176818
-0.058817
0.325801
-0.003199
-0.562978
-0.678469
-1.088215
-1.288202
-1.451377
-1.615246
-1.392787
-1.194122
-0.901067
-0.223521
0.116095
0.045137
0.313192
0.593634
0.664401
0.887338
0.734861
0.104507
0.209095
0.279154
0.081705
0.151742
0.421565
1.181179
1.379158
1.320013
2.336752
3.037772
3.024845
2.056861
0.621050
-0.464808
-0.277388
0.200160
0.445090
0.293226
-0.360819
-0.396600
-0.443128
-0.302683
-0.197072
-0.104018
-0.021748
0.257037
0.044005
-0.726865
-0.936490
-1.474402
-1.474572
-0.749269
-0.246744
-0.026989
-0.319813
-0.260454
-0.249203
-1.007980
-1.742879
-1.765596
-0.960777
-0.423342
0.302383
0.793517
0.678015
0.444302
0.477952
0.487826
-0.411032
-1.075753
-0.887811
-0.327486
0.303682
0.139950
-0.142015
-0.117873
0.279739
-0.163594
-0.678089
-0.513945
-0.373945
-0.094226
-0.350962
-0.397901
-0.749845
-0.948833
-1.170089
-0.983025
-0.352069
-0.399532
-0.352808
-0.027285
-0.039908
0.359590
0.991359
1.481971
1.245775
0.859960
0.710931
0.735056
0.513886
0.361683
0.547115
0.781370
1.236871
1.539626
1.668258
1.434675
0.804602
-0.023487
-0.410343
-0.537668
0.140265
0.828262
0.851053
0.688962
0.677508
-0.233723
-0.116079
-0.304559
-0.620583
-0.503440
-0.469536
-0.307149
-0.459713
-0.482024
-0.668845
-0.529493
-0.576228
-0.587565
-0.715564
-1.193748
-1.147223
-0.364153
0.057672
0.197339
-0.877568
-1.520238
-1.380489
-1.206019
-1.474955
-1.332584
-0.432761
0.303001
0.700057
0.733816
-0.200553
-0.550202
-0.268239
0.993121
1.939678
2.267101
1.460627
0.817410
0.467191
1.040059
1.437057
1.390328
0.688946
0.291795
0.138922
0.186304
0.339239
0.105140
0.197218
0.804870
0.804145
0.090129
-0.073344
-0.317688
-1.031254
-1.195167
-1.147361
-0.959222
-0.879019
-1.172235
-0.938840
-1.032221
-0.984370
-0.667254
-0.069471
0.011544
0.222239
0.445094
1.016925
0.876216
0.642878
-0.152398
0.034722
0.769939
0.920957
0.572640
0.269288
0.339526
0.759288
1.049274
0.314045
-0.479084
-0.738858
-0.424008
0.183411
0.581467
0.897653
0.699085
-0.362168
-1.133380
-0.689015
-0.258286
-0.121613
-0.226671
0.101861
-0.084133
-0.795608
-1.203309
-0.994003
-1.143977
-1.016092
-0.502962
0.233926
1.052711
1.051828
0.304171
-0.512382
-0.839599
-1.131907
-0.992813
-0.396936
-0.139461
-0.303045
-0.199248
-0.258211
-0.246412
0.021819
0.383890
1.249723
1.973937
1.529780
0.185458
-0.972022
-0.353689
1.199835
1.808886
1.026684
0.476866
0.220684
-0.338530
-0.410368
0.150725
0.196361
-0.494184
-1.520692
-1.577977
-1.332066
-0.817661
0.011283
0.862726
1.061137
0.603895
-0.073762
-0.553304
-1.334689
-1.812234
-1.894464
-2.022222
-1.485384
-0.353041
0.383375
0.697798
1.363700
1.199475
1.014063
1.295747
1.809482
2.100040
1.691116
0.722977
0.021461
0.057905
0.420092
1.143959
1.844759
2.474819
2.356447
1.796355
1.120994
0.631316
0.164046
-0.069768
-0.082464
-0.736097
-1.296854
-1.357343
-1.474878
-1.239785
-1.085476
-0.723420
-0.526525
-0.702676
-1.289425
-2.025944
-2.140833
-2.034352
-1.742160
-1.276255
-0.916101
-0.951029
-1.405598
-1.426752
-1.541968
-0.958115
-0.165130
0.137630
0.547044
0.957992
0.653449
0.197696
0.512295
0.454386
1.084918
1.809915
1.916507
1.775056
1.587372
1.401200
1.027840
0.771947
0.830903
0.983441
1.158296
1.087899
0.700929
0.594706
0.431586
0.175474
-0.828349
-1.740254
-1.800151
-1.718862
-0.994790
-1.251438
-1.520459
-1.274248
-1.064650
-1.355979
-1.508227
-1.603021
-1.345255
-0.807736
-0.563367
-0.678444
-0.536869
-0.513576
-0.537164
-0.407503
0.340673
0.853536
1.250196
0.620138
-0.057183
0.293501
0.830533
0.759991
0.806401
0.538490
0.562748
0.749230
0.807240
0.792211
0.531736
0.183131
0.359702
0.149386
0.219578
0.615963
1.164940
1.667366
2.321332
2.566708
2.227329
1.364180
0.886193
0.080891
-0.423443
-0.400973
-0.074316
-0.447204
-0.307088
-0.236816
-0.189916
0.312674
0.967889
0.946609
1.040849
0.736712
0.654330
0.630437
1.272238
1.530805
2.068787
1.706153
1.447574
0.887123
0.327687
0.455215
0.383570
0.361545
0.175074
0.570820
1.108549
1.727014
1.773570
0.721756
-0.354477
-0.623576
-0.518155
-0.774677
-1.275521
-1.229081
-1.311236
-1.042855
-0.224809
-0.059413
-0.433218
-1.110242
-1.473624
-1.367568
-1.366270
-1.074307
-0.969798
-0.641894
-0.756820
-1.259466
-1.588817
-1.904623
-1.825055
-1.287660
-0.853598
-1.028614
-1.122276
-0.875077
-0.501662
0.396438
1.133429
1.659053
2.032482
1.039960
-0.339642
-1.308831
-0.865096
-0.058998
1.051289
1.273171
0.769363
0.113247
-0.470893
-1.007776
-0.985012
-0.342376
-0.517630
-0.867141
-1.860706
-2.843763
-2.471853
-0.939989
-0.027803
0.147439
0.079204
-0.095082
-0.421842
-0.059932
0.046457
0.105705
-0.151958
-0.350440
-0.141585
0.161830
0.384254
0.057623
0.374705
1.345187
1.636102
0.700450
-0.244940
-0.197976
0.187157
0.057290
-0.176133
0.349714
0.677240
0.711426
0.920437
1.095607
0.593894
-0.176484
-0.236220
-0.085159
0.160716
0.770023
1.215656
0.759370
0.034536
-0.246281
0.323764
1.071971
0.978589
0.488016
-0.142618
-0.702680
-0.420833
0.163196
0.419321
0.312653
-0.130314
-0.198759
-0.245718
-0.596042
-0.736947
-0.913213
-1.614515
-1.193826
-0.234410
-0.245235
-0.268120
-0.689990
-0.643402
-0.129213
-0.281137
-0.515680
-0.689365
-0.630559
-0.153767
-0.165156
-0.362744
-0.339640
0.079213
-0.190109
-0.936545
-1.509759
-1.462733
-0.561675
-0.280098
-0.070299
-0.105416
-0.224590
-0.411282
-0.667051
-0.479588
-0.198550
0.548537
0.887133
0.231764
-0.129460
-0.607446
-0.759728
-0.059039
0.815867
1.401356
2.406206
2.161240
1.717181
2.148294
2.184842
1.612813
1.168958
1.203775
1.341544
1.633685
1.446518
0.956219
0.768208
0.592420
0.699208
0.735761
0.232927
-0.352226
-0.095767
-0.400431
-0.925547
-1.404013
-1.709277
-1.415568
-1.051728
-1.578453
-2.291564
-2.594198
-2.196420
-1.824209
-1.848966
-1.931015
-2.420932
-2.116507
-1.379121
-0.385859
0.232218
0.734313
1.107471
1.025703
0.781699
0.970100
1.110677
1.425617
1.516516
1.399575
1.458992
1.738193
2.402872
2.614185
2.660557
2.498635
1.461082
0.293052
-0.981625
-1.951004
-1.986448
-1.264225
-0.914722
-0.739136
-0.925678
-1.601865
-2.057864
-2.012220
-1.825759
-1.790265
-1.837627
-1.159385
-0.095822
0.394998
1.049273
1.133343
0.525893
-0.257377
-0.877051
-0.819411
-0.107315
0.337462
0.360861
0.337940
0.456715
0.946864
0.923405
1.075371
1.904821
2.255066
2.289901
2.101892
1.937869
2.008375
1.625700
1.416038
1.098836
0.818234
0.304764
-0.348245
-0.873396
-0.817217
-0.888039
-0.502176
-0.257142
-0.584926
-1.041131
-0.608828
-0.293479
-0.738013
-1.613954
-2.000766
-1.861032
-1.742673
-0.831636
0.663623
1.493639
0.851559
0.315351
-0.398412
-0.702490
-0.679415
-0.561986
-0.736800
-0.386532
-0.478411
-0.396973
-0.549969
-1.309555
-2.021611
-1.846922
-1.391302
-0.702296
-0.141411
-0.072227
-0.562616
0.277777
1.657543
1.600321
1.261777
0.816601
0.220802
0.454889
0.781521
1.142319
0.850076
0.827641
0.815480
0.489824
-0.396366
-1.273057
-1.028562
-0.493345
0.241485
0.066829
-0.236273
-0.083685
-0.514397
-0.850082
-0.194721
-0.090458
-0.955336
-1.588733
-1.849266
-1.115011
0.218434
1.633376
2.697148
2.687135
1.449345
0.209552
-0.608670
-0.947059
-1.509201
-1.533897
-0.574892
0.792881
1.995737
2.241282
1.669563
0.512782
0.021431
0.022641
0.724365
