-2.378426
-4.327612
-3.241465
-1.876878
-1.311142
-1.955500
-2.143067
-1.460515
-0.331028
0.653961
1.027819
-0.086198
-0.390434
-2.601457
-1.674212
-0.453462
-2.384354
-1.752670
-0.835663
-0.335812
0.171442
-1.045601
-1.585233
-0.067080
1.113755
0.307419
-0.688836
0.237347
0.956008
0.918090
-0.464470
-1.848090
-0.507686
1.785706
1.211713
-0.354148
-1.935672
-1.567426
-0.427991
-0.717271
-1.187870
-1.687391
-1.295938
-0.394572
0.063599
0.759096
0.722959
0.474808
-0.353364
-0.434637
-1.013948
-1.620815
-0.280576
0.431646
0.007549
0.720043
1.039997
1.679048
1.495247
1.570559
1.083855
1.119899
0.760029
-0.816407
0.513782
1.934910
0.310252
-0.286110
0.380877
1.285114
1.797893
2.133233
1.169910
-0.173020
-0.768837
-1.112771
0.010357
0.270651
0.211733
-0.225883
-0.541720
-0.891137
0.564325
1.024783
-0.358597
0.465555
0.541741
0.124448
-0.007283
-0.707074
-1.609980
0.269047
0.762175
0.719842
1.186115
0.227760
0.577549
0.027247
1.047353
0.617493
0.891578
0.860851
-1.099135
0.516349
0.642879
0.434468
0.152673
0.545621
0.017724
-0.372972
-0.291607
0.503633
0.824170
0.105931
-0.434376
-0.528774
0.756808
0.774953
-0.040634
-0.476346
0.474517
1.432809
1.188425
0.140883
-0.796568
-1.207107
-1.217842
-0.394673
0.980055
0.825749
0.059884
-0.103352
-0.492972
0.244250
0.244270
-2.225180
-2.348625
-1.628060
0.059193
1.458302
1.511768
0.680135
-0.365498
-0.110604
-0.272525
-0.480945
-0.208430
-0.237339
0.145408
1.903996
1.185987
1.388053
0.419972
-0.262389
-0.911656
0.210641
0.321760
0.276177
-0.503158
-0.058937
-0.434496
-0.034555
1.817729
1.737563
1.021966
1.132018
0.820798
0.111311
-0.288830
0.667893
-0.673670
-0.527575
-0.901178
-1.029872
0.566766
0.441888
0.344483
0.112678
-1.034327
-0.341168
0.243509
-0.511982
-1.445254
-0.991497
0.090276
-0.214954
-0.420655
-0.882991
-1.710682
-0.107116
1.736193
0.802064
-0.245252
-0.441940
-0.012092
-0.338166
-0.956123
-0.658124
-0.391944
0.327378
0.010519
-0.804006
-0.534209
-0.655750
0.393249
0.898973
0.494208
-0.438315
-1.739623
-1.008579
-0.240379
-0.728890
0.796657
1.310049
0.017538
0.205163
1.392954
0.109838
-0.038108
-0.428750
-0.027696
0.347178
0.371513
0.295986
0.108376
-0.835285
-1.198894
-1.272764
-0.089699
-0.426808
-0.198057
-1.078510
-1.760633
-1.523233
-0.172936
0.363575
0.056849
0.358534
-0.473544
0.625356
-0.060037
-0.028937
0.395451
0.261553
0.094313
-0.013407
-0.723797
0.380745
1.440938
0.606089
0.891674
2.151170
1.234281
0.734967
-0.832580
-0.413115
0.753382
0.997092
0.090968
-0.002076
1.079651
0.614142
-0.243672
0.656411
0.409120
0.481492
-0.118249
0.269276
-0.079733
-1.131557
-0.859318
0.522652
-0.142305
-0.775409
-0.588781
-0.707322
-0.384820
0.484961
-0.152100
-1.479666
0.632681
1.547136
0.531928
-0.499635
-0.959076
0.096978
-0.799836
-1.150338
-0.454961
0.223770
1.099012
1.686672
0.475371
-1.207282
-1.125729
0.106429
0.816561
1.873083
1.562481
0.899807
1.586924
1.869095
-0.107838
-1.043858
0.183970
0.789153
0.641568
0.240322
-0.942679
-0.384014
0.195483
1.469388
-0.014209
-1.064857
0.134262
0.169791
-0.872185
-2.645788
-2.130980
-0.335428
2.070964
2.267280
-0.003099
-0.254310
0.590554
-0.841878
-0.874075
-0.164082
-0.776902
0.080828
-0.076391
0.759604
0.041244
-1.185981
-0.221060
1.580505
1.287098
1.289374
2.032543
1.531194
1.509901
0.955822
0.507806
0.273161
0.248621
1.511520
1.490441
0.804492
0.348920
0.329620
0.584252
-0.793144
-1.539569
-1.248845
-0.714698
-0.377151
-0.811413
-1.623742
-1.302320
-0.910048
-1.086709
-1.120092
-0.336982
-0.427792
0.368995
-0.158510
-0.995488
-1.104137
-1.565605
-0.822030
-0.629169
-1.495493
-0.936021
1.097381
1.034975
0.176392
-0.877109
-1.089526
-1.257316
-0.517093
0.632663
-0.983298
-0.726781
0.298878
-0.600066
-0.510408
0.277485
-0.204855
0.642079
0.841163
0.569285
0.277643
-0.169746
-0.538835
-0.768392
0.086291
-0.263475
-1.409806
-1.034514
-2.100446
-2.146680
-1.616095
-0.772167
-0.274570
0.803467
0.413335
0.230394
0.666375
0.275696
-0.696011
-0.272092
-1.178351
-1.459815
0.099732
0.999650
0.453886
-0.060023
1.321390
2.847524
1.133167
1.177951
0.090904
0.237814
2.416551
2.507158
1.386718
1.062600
1.045151
1.938464
2.357625
1.600226
-0.758262
-0.213899
1.088884
-0.789141
-0.253559
0.793200
-0.245883
-1.167392
-0.485608
-0.137060
0.261106
0.605140
0.755166
0.202190
-0.513838
-0.420140
-1.321949
-1.531278
-1.638619
-0.111081
0.993413
1.110253
1.363024
0.129308
-0.795541
-0.048776
1.241029
0.318129
-0.395372
1.308307
1.649618
1.092709
-0.689056
-0.783273
-1.235968
0.598733
1.712195
0.791632
0.748879
-0.539288
-0.698439
-0.334569
0.174888
-0.133702
-0.437453
1.325214
0.720935
-0.151287
-0.962537
-0.636335
0.044230
-0.153092
-0.655471
0.037746
0.534323
0.604155
0.469694
0.123418
-0.563498
-0.764114
-0.353143
-0.641667
-0.430570
0.770776
-0.084923
-0.951758
-0.116889
-0.560428
-0.031426
-0.448435
-0.731654
0.115160
0.496182
-0.240473
-0.740771
-1.153916
-1.654638
-0.658438
-0.247814
-0.074511
0.388428
0.283639
1.648632
1.910208
1.740952
1.592421
-0.228682
0.290557
1.323774
1.693588
0.566146
0.043093
-0.416462
0.479051
0.300327
0.686593
1.026407
0.379325
0.579223
0.770879
1.505404
0.678126
-0.893146
-0.822058
-0.267806
-0.468010
-0.269789
0.168321
-1.332539
0.467210
1.566402
0.919039
0.363794
-1.362364
-1.054327
-1.282463
0.181016
1.698035
1.113305
1.227318
0.522452
0.682417
0.425482
-1.767412
-0.832147
0.255818
0.817268
-0.405106
-1.131445
-1.074693
-0.490981
0.764795
-0.204893
-0.418294
-0.045945
0.193533
-0.351417
-0.710993
-0.572743
-0.898881
-1.346556
-2.352906
-2.329343
-1.559620
0.952693
1.795068
0.712692
-0.354307
-0.475916
0.257458
0.414720
0.287120
-0.262448
-0.695803
-0.537536
-0.536602
-0.155719
-0.547753
-0.247826
0.224548
-1.155657
-0.687190
0.102797
1.087743
0.466337
-0.701772
-0.641828
-1.842392
-1.177358
-0.761920
-1.069669
-0.519938
-1.198820
-0.256762
0.388399
0.875350
0.217932
0.588180
-0.093690
0.464537
1.087450
1.824674
1.371365
0.012897
-0.303569
0.886439
0.744382
-0.123658
-0.541084
-0.542930
-0.823430
0.002813
0.450302
1.285266
0.766874
1.515391
1.249178
0.994436
0.453170
-0.355289
-0.252041
-0.345375
0.162838
0.465462
-0.541991
0.348128
0.243533
-0.490474
0.240803
-0.385575
0.127779
-0.099682
-1.451792
-1.094454
-0.530140
0.337310
0.897804
0.822391
1.872371
2.606836
1.125342
0.560180
-0.393861
-0.660515
-1.424975
-0.539824
0.140223
0.176145
-0.251016
0.159110
-0.035836
-0.274106
-0.616431
-2.639383
-2.234707
-1.350836
-1.586986
-0.406581
-0.923574
-0.390894
0.456546
0.580154
0.725128
0.290804
0.339330
1.356722
1.776332
1.247283
0.335552
-0.476489
-1.312605
-0.323273
0.596687
0.859385
1.157697
0.024363
0.778101
0.454150
1.125985
0.246292
-2.090133
-0.855006
-0.036332
-0.633650
-0.840215
-1.709329
-0.656772
0.275803
-0.069958
-1.608674
0.009394
2.267034
1.241796
0.790070
0.205281
-0.531097
-0.952256
0.220857
0.840882
0.893698
-0.223510
-0.367280
1.391754
1.437910
0.544082
0.378715
0.759591
1.502261
0.668962
-0.167254
-1.077286
0.739026
2.938660
2.004294
-0.359742
-0.108825
0.526239
-0.818904
-0.066019
0.224297
0.362005
1.099990
0.433099
-0.306507
-0.105727
-0.288141
-0.158252
0.317495
-1.707867
0.143578
-0.699840
-1.257734
-0.490573
-1.848907
-2.527618
-1.124299
-0.119384
-0.364016
-0.739589
-0.183216
0.507063
0.690811
0.105928
-0.576584
0.089720
0.217916
-0.934739
0.633156
0.634538
-0.826315
0.143064
0.203494
0.431209
0.351630
-1.094893
-1.116853
-0.559983
0.239280
0.772535
-0.934143
-0.033453
0.851040
0.360847
-2.381091
-1.040218
0.004380
-0.276740
-0.349000
-0.363527
-0.404883
0.298676
0.454975
-0.565421
-0.193367
1.274554
2.828123
2.833870
0.775972
-0.645414
-0.375880
0.785415
1.031119
0.639376
1.078787
0.358772
-0.302121
-0.290630
0.605822
0.895959
0.827559
1.288411
0.674839
0.538705
-0.136207
-1.110551
-0.933579
-0.204056
0.538027
0.514348
-0.677855
-1.392606
0.909169
1.263845
1.028417
1.097388
-0.862616
-0.876326
-0.137247
-0.351340
0.174771
-0.642528
-0.670078
0.576035
0.492407
-0.970354
-0.042885
0.233978
0.448625
-0.087490
-0.449850
-0.643013
-1.168382
0.283474
1.076462
-0.171428
-1.593343
-2.261671
-1.365458
-0.594870
1.012511
0.976930
-0.899216
-1.309845
-1.023465
-0.523619
0.523526
-0.792911
-0.757652
0.668911
-0.290032
-1.509493
-2.113013
-0.806331
-0.751303
-1.768140
-1.462757
-0.381925
-0.520139
-1.240427
-1.507163
-1.096145
-0.825987
-1.640979
-0.173116
1.852483
0.795424
0.843392
1.217392
0.184782
0.465758
0.905942
1.812356
1.697799
1.681808
1.345811
2.599143
3.162682
3.160173
2.410977
3.048055
1.288354
0.418963
-0.162998
0.340246
0.272021
0.166373
-0.009975
-0.415706
0.214189
-0.484895
-0.447124
0.484476
-0.569327
-0.260627
-0.679260
0.760730
1.078101
-0.470143
-0.963696
-1.753678
-1.259921
-0.905526
-0.977382
-1.172790
-0.363426
0.434753
1.240040
1.932798
1.211388
0.660204
1.357107
0.934065
0.174343
-0.916047
-0.580490
0.309776
0.513389
-0.369194
-0.558260
-0.333316
0.633893
1.664915
0.622339
0.740406
2.517514
2.746741
1.131805
-0.033372
-0.684994
-1.155957
-0.848276
-0.764351
-0.937679
-0.573245
-0.529337
-0.599162
-0.128965
1.107092
1.184729
-0.365413
-1.058170
-0.373312
-1.736594
-2.748213
-2.326818
-1.526396
-1.591016
-2.283630
-1.473575
-0.098228
-0.240281
-0.600123
-0.233967
-0.059026
-0.532807
-0.688080
-1.610746
-0.403021
0.879320
0.316019
-0.659663
-1.050019
-0.216831
1.410719
2.819823
1.887621
0.220325
0.453278
-1.027022
0.158109
1.626607
0.313825
0.635792
1.211991
0.709424
0.564888
1.475831
0.658491
-0.944854
-1.395813
-2.014665
-1.523807
-0.176624
0.947571
-0.361616
-1.142941
-0.141488
0.282101
-0.125375
-1.532212
-1.786270
-0.725470
0.285911
-0.150720
-1.980554
-0.557560
1.276001
0.931099
0.100161
0.456742
1.577905
1.185624
0.672312
0.164377
0.013383
0.456095
0.803455
0.286064
0.770284
0.252871
0.164424
0.818685
-0.265129
-0.797713
0.184866
1.090624
0.562903
0.058852
0.730133
0.047506
-0.963063
-1.476088
0.005697
