-0.448546
-1.157919
-0.818885
-0.447964
-1.937680
-2.865982
-3.062824
-3.916359
-3.010583
-1.733987
-0.048702
0.359251
-2.025070
-3.275031
-2.059169
-1.054473
-1.229120
-0.833477
-0.929652
-0.418639
0.109892
-0.884802
-1.701532
-0.655337
1.081483
1.287926
1.037723
0.435091
1.178839
1.400867
1.013914
0.366056
0.966931
1.516105
0.409124
1.126266
1.050353
0.132984
0.790426
0.752335
-0.251867
-1.023610
-0.103352
0.827311
1.299118
0.978565
0.681553
0.941900
0.864804
0.266430
0.189501
-0.439126
0.421378
0.374132
-0.321170
-0.880321
-0.808172
-0.409927
0.175283
-0.521645
-0.767977
-0.730860
-1.102657
-1.949071
-0.573097
0.373174
-0.009457
-0.621087
-0.189111
0.742038
0.493126
0.579898
0.627125
0.019928
-0.337516
-0.175787
-0.052257
-0.301369
-0.103464
0.220355
0.928170
0.048729
-0.261240
0.992361
0.856929
0.150468
-0.546804
-0.459362
-0.341379
-0.281353
0.086693
-0.049408
-0.059983
1.451571
1.153526
0.162928
0.010954
0.481018
1.267989
1.082636
0.847753
0.300212
-0.942383
-0.057025
1.110027
1.669894
1.121135
0.235398
-0.049640
0.063941
-0.370647
0.449504
0.522238
0.298548
-0.259116
-1.129555
-0.841212
-0.306650
-0.630585
-0.298605
0.942844
1.413752
1.164566
0.596809
0.148611
-0.274147
-1.325698
-0.992680
-0.350291
-0.770220
-1.562599
-1.214794
-0.840302
-1.114163
-0.334720
-0.548056
-1.193561
-0.968703
-0.001968
0.919159
1.749924
1.413163
0.847368
1.108599
0.684531
0.211331
0.494438
1.240372
1.117357
1.378117
0.894823
0.584523
1.401358
0.182762
-1.000489
-0.104588
0.008588
0.739849
0.714249
0.653311
0.520194
0.157578
0.775849
0.690800
-0.303396
0.069730
0.781056
0.049204
-0.103048
-0.413167
-0.500558
-0.608697
-1.253235
-0.868605
-0.259959
-0.127506
0.551611
0.567765
-0.359769
-0.421683
-1.114926
-1.375760
-1.302523
-0.579183
0.017660
-0.555231
-1.806302
-2.020130
-1.055006
-0.180666
0.427119
0.506880
0.199182
-0.268127
-1.375669
-0.412402
-0.274275
-0.745602
0.048124
0.013152
-0.830291
-0.373731
-0.099619
-0.484586
0.343253
0.865250
0.445994
0.519996
0.217952
-0.325811
-0.312953
-0.559903
0.235323
1.287339
0.469794
-0.373775
0.593289
0.566067
0.416211
0.010222
0.681785
0.554387
0.319648
0.496713
0.039991
-1.190305
-1.303694
-0.339288
-1.193306
-0.508629
0.240370
-0.666288
-0.593009
-0.605872
0.013836
-0.209388
-0.010577
-0.219537
0.216482
0.315024
-0.645608
0.421935
0.857711
0.460018
0.546382
0.174382
-0.298574
0.061917
0.121855
-0.735386
-0.177768
1.376542
1.464178
0.171797
-0.410594
-0.235946
-0.844741
-0.075403
0.284356
0.445876
0.782840
0.560811
0.198339
0.095872
0.098549
-0.606348
-0.447003
0.470453
-0.149997
-0.719692
-0.175822
0.731370
0.827260
0.692468
0.361317
0.236794
-0.209306
-0.086866
0.808541
0.994118
0.584858
0.234907
-0.031095
-0.577428
-1.316564
-0.744978
-1.666002
-2.033116
-0.029149
1.194348
0.546677
0.633479
-0.618846
-1.575872
-2.270092
-1.254870
-0.002730
0.829131
0.767862
0.605089
0.793032
1.081131
0.596764
0.669664
0.643649
0.486178
-0.444005
-0.076495
-0.521473
1.091791
2.208159
2.490641
2.255745
1.687260
1.366943
1.664572
1.107494
1.871758
2.404358
1.922521
1.552525
2.013261
1.741398
0.961865
0.279187
-0.159122
-0.194748
0.277800
0.424941
0.275153
-0.146556
-0.060149
-0.024182
-1.291640
-1.850655
-0.769979
-0.037813
0.223081
-0.306931
-0.299874
0.195325
-0.896101
-1.096404
-0.042679
-0.327764
-0.323865
0.432630
-0.015158
-0.745363
-0.760269
0.281363
0.936474
0.426414
-0.574483
-0.812521
-0.464928
-0.652289
-0.713092
-0.639458
-0.751389
-0.409980
-0.446838
-0.938245
-1.034229
-0.727134
-0.753186
-0.319774
-0.431658
-0.392177
-0.143598
-1.237853
-1.872661
-1.039182
-0.494223
-0.557237
0.372322
1.360999
0.106732
-0.846723
-1.379796
-1.482486
-1.593888
-0.811335
-0.016196
-0.166192
0.190901
0.741197
-0.275123
-0.437289
0.023837
0.007374
-0.551497
-0.752403
-1.394773
-1.377522
-1.269417
-0.590372
-1.258603
-1.131956
-1.194074
-1.502759
-0.696572
0.173738
0.165272
1.019299
0.360217
-0.094158
0.873174
0.733164
0.248441
0.164131
-0.515546
-0.283239
-0.744613
-0.594863
-0.382388
-0.134641
0.512177
1.308008
1.095283
1.143892
0.805141
1.474821
2.421821
1.738184
0.842947
1.027573
1.265722
0.374364
0.548671
0.287106
-0.073018
0.746123
0.275206
-0.881745
-0.325276
0.755108
0.979182
0.805971
0.731095
-0.209030
-0.058812
0.812615
0.970803
1.179565
1.736304
1.574214
1.935951
1.463064
1.098892
0.336103
0.436720
0.559513
0.300199
-0.456802
-0.892050
-0.895070
0.173297
-0.261145
0.304392
0.765921
0.075699
-0.497785
-1.815449
-1.913696
-1.343115
-0.745415
0.407376
0.493694
-0.326035
-0.094972
0.515649
-0.150148
-0.399983
-0.201853
0.000017
1.041908
0.939268
-0.216268
-0.536980
-0.460896
-0.275952
-0.224301
-0.484298
-0.546174
-1.076509
-0.743547
0.158439
0.580052
-0.127309
-0.336366
-0.426575
-1.504358
-1.549269
-0.309676
-0.420108
-1.054165
-1.227479
-0.646226
-0.360050
-0.532143
-0.307886
0.310506
0.185715
-0.832674
-1.090508
-0.220638
-0.220342
0.028555
-0.062028
-0.145846
0.588177
0.477826
1.110185
2.681063
2.766568
2.095268
0.991948
0.227595
0.254807
0.897908
1.033486
-0.022277
0.024104
0.164365
-0.281969
0.635417
0.985345
0.843575
0.792117
0.210038
-0.325194
-0.140343
-0.471714
-0.397261
-0.086312
-0.556021
-0.348180
0.107911
0.371152
1.704859
2.323327
1.140770
0.569000
-0.176713
-0.636443
-0.878809
0.113571
0.125557
0.299127
-0.099371
0.470111
0.633610
0.631308
-0.336472
0.110708
0.456594
0.259046
-0.224001
-0.457307
-0.143982
0.200996
-0.052344
-1.055833
-1.017004
-0.632357
-0.124677
-0.424798
-0.276701
-0.657680
-0.993524
-1.193471
-0.674625
0.388860
0.403312
0.657078
0.486526
0.408669
-0.695011
-0.560442
-0.576002
0.106786
-0.027082
-0.077097
-0.784403
-1.663117
-2.183027
-1.787089
-1.413839
-1.363568
-1.911409
-2.044777
-1.561146
-1.003726
-0.765190
-0.628150
-1.312617
-0.991091
-1.451683
-2.059712
-1.107344
-0.908343
-0.605774
-0.530380
-0.333521
0.594337
0.581126
-0.351938
0.284187
0.871143
0.931323
1.575268
1.821000
1.098148
0.735835
0.664917
0.593767
0.185213
-0.709885
-0.102984
1.189220
0.641789
0.196059
-0.123811
0.221349
-0.052663
-0.061301
0.437816
-0.083079
-0.901507
-0.954605
-0.332374
-0.171159
-0.940681
-0.369225
-0.630954
0.288128
1.218403
0.980941
1.476655
1.091460
1.363965
1.648131
1.029010
1.139630
1.462190
1.837076
2.671585
2.595177
2.383550
3.141097
2.907144
2.583711
2.120899
0.546025
-0.247361
-0.104158
-0.178352
-1.180582
-0.844748
-0.162616
-0.362138
-0.868525
-0.698949
-0.965931
-1.326141
-0.936836
-1.702109
-2.557629
-3.092453
-2.545168
-1.673755
-1.028087
-0.359175
-0.286801
-0.236831
0.036355
0.470924
0.445753
0.024040
-0.037710
-0.124236
0.115120
1.321037
2.373473
3.202732
1.255017
1.248024
1.692632
0.834262
0.186970
-0.410222
-0.692265
-0.367573
0.312659
-0.158631
-0.800004
-0.230776
-0.046149
-0.146121
-0.695105
-0.321735
0.190618
0.174087
0.224843
0.138559
-0.100139
-0.533833
-0.358830
-0.236261
-0.697794
-0.559106
-0.187530
0.593275
1.161650
1.274277
2.141994
2.278121
1.486493
0.361183
-0.758492
-0.667526
0.686940
1.405576
0.439682
-0.183482
0.077400
-0.565210
-1.434511
-0.134637
0.424135
0.563460
0.289135
-0.397604
0.134861
-0.175526
-0.621952
-0.745508
-0.771534
-1.306964
-0.956817
-0.793501
-1.106979
-1.867143
-2.488980
-2.413382
-2.002604
-0.450626
0.330491
0.463364
0.524117
0.715317
0.123857
-0.994311
-0.660397
-0.748733
-0.360642
-0.251027
0.591522
1.624781
-0.145567
0.336786
0.399015
0.634723
1.329716
0.619581
-0.176293
-0.643302
-0.595959
-0.041875
0.009411
-0.359683
0.288854
0.561051
-0.708607
-0.360873
-0.321952
-0.616385
-0.690796
-0.704506
-0.484824
0.237204
0.138356
-0.908712
0.256331
0.732412
1.294204
1.302609
-0.040834
-0.473943
0.062195
0.223747
-0.558738
-0.965859
0.263581
0.819940
0.917572
0.409792
0.297391
0.082724
0.790489
1.783432
0.890579
0.485620
0.822435
0.336219
-0.518292
-0.281740
0.486149
0.981390
0.790481
0.055673
1.908813
2.531389
1.765615
1.319514
0.856300
0.582367
-0.210450
-0.685766
-0.401352
0.826860
0.280081
0.009395
-0.337781
-1.329394
-0.891474
-1.118573
-0.376675
-0.412842
-1.313022
-0.472687
-0.750195
-1.068836
-1.029199
-0.759076
-1.185312
-2.138304
-1.736257
-0.941518
0.199052
0.162412
-0.214447
-0.636043
0.174759
0.173583
0.220052
0.417117
0.194875
-0.409658
-0.101788
0.454932
0.345640
0.916730
0.456265
-0.849407
-1.310638
-0.454993
-0.339966
-0.823142
-1.877255
-2.234653
-2.218735
-1.762651
-0.762053
-1.007033
-0.806410
-0.236175
-0.109593
-0.143598
0.143271
0.600248
-0.278837
-0.400500
-0.162110
-0.249531
0.269087
0.332257
0.851789
1.640373
1.258402
1.003951
1.921160
2.096365
2.097433
2.032123
1.662279
2.517459
2.615557
2.489713
1.769823
1.807502
2.252119
1.429139
1.483623
0.791477
0.726612
0.531334
-0.036122
-0.285787
-0.583377
-1.373971
-1.524933
-1.858753
-1.798930
-1.219084
-0.658192
-0.347318
-0.669471
-0.893949
-1.204237
-0.743893
-0.139072
-0.921406
-1.788153
-1.440127
-1.821174
-1.611501
-1.227495
-1.164833
-0.670925
0.584869
0.870873
0.059537
0.703212
2.272164
1.988589
0.843991
0.421088
0.269695
0.304313
-0.415599
-1.108599
-0.771208
-0.395928
0.165213
0.610442
0.834818
1.331960
1.155818
0.075445
-1.162496
-1.235456
-1.606282
-1.869808
-1.695670
-0.873950
-1.197794
-2.428148
-1.855031
-0.178952
-0.067878
-0.179908
-0.577280
-0.133615
-0.365391
-0.785110
-1.213143
-0.742705
-0.457726
-1.040258
-1.013175
-1.152880
-0.294894
1.122545
2.062625
1.883323
0.420044
-0.121973
-0.355966
0.089983
0.831425
0.517544
1.371215
1.705987
1.185991
1.037153
1.460526
-0.161812
-0.781056
-1.250389
-1.886438
-1.638277
-1.027967
-0.384974
-0.178000
-0.204373
0.047463
0.223844
-0.196997
-1.129800
-1.391420
-0.039249
1.003492
0.035475
-1.591486
-0.124892
1.244860
1.667883
2.364885
2.734550
2.336399
1.927502
1.653770
1.130716
0.200748
0.660350
2.053566
2.300214
1.504742
0.190036
-0.159626
0.259267
-0.599482
-1.147917
-1.170379
-0.236430
0.258158
-0.002319
0.431587
0.244575
-0.538766
-1.323144
-0.314411
