-1.204204
-1.054736
-1.455448
-1.474918
-0.853852
-0.160948
0.047668
-0.161599
-0.211523
-0.083437
-0.017299
0.036837
-0.154411
-0.189410
0.053773
0.134558
0.422571
0.689550
0.314038
-0.782526
-1.588121
-1.699709
-1.046281
0.187315
0.919413
1.142743
0.898402
0.802901
0.630668
0.760103
0.511430
0.241841
0.222087
0.096782
-0.055011
-0.576935
-0.685150
-0.712993
-0.633823
-0.528305
-0.049513
0.556102
0.956231
0.919586
1.176814
1.608216
1.867825
1.522378
1.235407
1.210864
1.453235
1.694624
1.858965
1.246365
-0.113995
-0.592468
-0.071320
0.558451
0.142402
-0.310591
-0.278107
-0.696929
-0.883857
-0.165879
-0.216888
-0.627589
-0.759017
-0.397983
0.199759
0.428172
0.534981
0.598618
1.026833
1.058626
0.872379
1.066826
0.987292
1.013575
0.524514
-0.249009
-0.488188
-0.616920
-0.424495
-0.139819
-0.314459
-1.014318
-1.130870
-0.932068
-0.620999
-0.578639
-0.389572
-0.554737
-0.891135
-0.172794
0.231840
-0.283056
-1.152326
-1.669271
-1.242824
-1.153654
-1.125968
-1.244861
-1.616112
-1.298180
-0.466212
0.535115
1.060519
1.019908
0.477232
1.034324
1.521661
1.497533
1.547414
1.128218
0.775735
0.790574
0.140649
-1.187197
-1.655154
-1.058475
-0.230860
0.364208
0.442950
0.709806
1.145090
0.614161
-0.026379
-0.830281
-0.824697
-0.317766
-0.052796
-0.419999
-1.201577
-1.325440
-1.315107
-1.216552
-0.830650
-0.834669
-0.054192
0.698606
0.378638
-0.299723
-0.948524
-0.795838
-0.618533
-0.222894
-0.210862
-0.414836
-0.321688
-0.177323
0.017251
-0.136344
-0.580360
-0.973580
-1.499758
-1.333657
-1.166619
-1.651393
-1.466741
-1.020559
-0.577518
0.379649
0.735150
0.412660
-0.062767
-0.265699
-0.446354
0.090591
0.638552
0.539600
0.384804
0.290935
-0.736824
-1.848430
-1.808292
-1.367214
-0.884233
-0.468391
-0.270871
0.110878
0.379450
0.896150
0.924944
1.203104
1.408219
1.485550
1.777115
1.842213
1.719275
1.258170
0.922908
0.986657
0.481182
-0.369345
-0.857059
-0.451809
0.654136
0.943299
0.717932
-0.223501
-1.072732
-0.664160
0.380735
1.160647
1.452529
0.987455
0.081694
-0.129366
-0.082967
0.263692
0.355198
-0.219250
-0.766979
-1.148667
-1.060453
-0.166943
0.032046
0.100866
0.265277
0.777863
1.096540
1.948974
2.768719
2.816135
2.420557
1.931555
1.860650
2.298144
1.501130
0.725493
0.333512
-0.090341
-0.320639
-0.799924
-1.644094
-1.706972
-0.661068
0.089276
0.362169
0.501424
0.395303
-0.136999
-0.467521
-1.046457
-1.426187
-1.512408
-1.724791
-1.816874
-1.659317
-1.641047
-1.090616
-0.652083
-0.640012
-0.654490
-0.082013
0.353905
0.487189
0.445888
0.146033
0.235192
0.633706
0.809774
1.640358
2.048354
2.011742
0.956146
-0.063637
0.383962
1.048146
1.718313
1.691470
0.927496
0.207540
-0.277289
0.535120
1.513565
1.555839
1.087676
0.191078
-0.315583
-0.348299
-0.288501
-0.140235
-0.320629
-1.125471
-1.611822
-1.378763
-0.791197
-0.296153
0.099343
0.146561
-0.408091
-1.604152
-2.380995
-1.944680
-1.940733
-1.443667
-0.472070
0.098373
0.180990
-0.203180
-0.510019
0.163375
1.087252
1.985710
2.237624
1.706364
1.419249
1.731530
2.045763
1.844345
1.650950
1.339389
0.908546
1.069429
1.133759
1.061374
0.731351
-0.173903
-0.377750
-0.253566
-0.042169
0.336994
0.241865
-0.326729
-1.017932
-1.354617
-1.638456
-2.040419
-2.362207
-2.603482
-3.039664
-3.181752
-3.408790
-3.319851
-2.701361
-1.721812
-1.095582
-0.877853
-0.387420
0.488029
1.456993
1.368276
0.832395
0.736497
0.832296
0.359081
0.110950
0.174497
0.424939
0.141804
0.265908
0.700226
1.341319
1.698951
1.966252
2.029948
2.066004
1.301191
0.162264
-0.471361
-0.881964
-1.195361
-0.874097
-0.962401
-1.060582
-0.888639
-0.773450
-0.855155
-0.845012
-0.888967
-0.430779
-0.563600
-0.944141
-0.938306
-0.755223
-0.123621
0.263176
0.389431
0.615228
0.953569
1.047426
1.085629
1.578642
1.491123
1.437071
1.301957
0.738652
0.799666
0.842055
1.082840
1.459622
1.027241
-0.138087
-0.490565
-0.305431
0.253064
0.284774
0.386592
-0.090916
-0.447231
-0.672373
-0.880593
-0.946870
-1.177153
-0.839743
-0.729932
-0.745722
-1.099436
-0.965759
-0.445393
0.057745
0.261859
0.290738
0.151424
0.419195
0.398121
-0.251468
-1.068617
-1.564992
-1.651316
-1.138193
-0.657053
-0.053291
0.503538
1.334745
1.683577
1.720881
1.092679
0.263230
-0.236384
-0.141422
0.146158
0.487531
0.321388
0.083749
0.748903
1.538194
2.258866
2.420920
1.897882
1.523498
1.305570
1.422428
1.508133
1.169647
0.509499
0.329884
-0.002401
-0.024844
0.413077
0.804490
0.591388
0.208032
-0.701345
-1.211368
-1.115570
-1.068737
-1.162956
-1.927298
-2.327973
-1.761241
-1.104328
-0.352695
0.422769
0.109024
-0.475627
-0.535146
-0.290814
0.174347
0.720358
0.972579
0.590099
-0.437927
-1.554482
-1.726748
-0.611066
0.862887
1.362137
1.136683
0.498082
-0.332019
-0.488075
-0.039747
0.192922
0.383095
0.100284
-0.704727
-1.517809
-1.927871
-1.144752
0.029614
0.850672
0.386701
0.109367
0.487188
0.467327
0.518752
0.021130
-1.027902
-2.159529
-2.230748
-1.799900
-1.377517
-0.853392
-0.241300
0.073726
0.355636
0.403158
0.899492
1.378595
1.511003
1.305965
0.805845
0.580579
-0.455490
-1.182763
-1.143687
-1.187562
-1.129193
-0.718649
-0.521334
-0.455954
-0.509246
-1.288999
-1.481508
-0.361515
0.782395
1.365342
1.813662
2.131605
1.454556
0.076629
-0.615875
0.029857
0.673588
0.713873
0.225786
-0.402482
-1.156586
-1.761251
-1.813516
-1.421651
-1.129057
-0.932366
0.057899
0.474226
0.481620
0.503217
0.705233
0.919020
1.056464
1.079347
0.856223
1.319936
1.861236
1.434670
0.610287
0.280243
0.751427
1.019743
0.429396
0.048881
-0.180647
-0.286405
0.545921
1.310451
1.844812
2.557961
2.160807
1.758046
1.654873
1.996673
1.844657
0.798912
-0.168334
-0.824646
-1.180287
-1.207973
-0.983796
-1.019498
-1.676587
-1.731605
-1.148551
-0.508682
-0.120015
0.215677
-0.015564
-0.031669
-0.119234
0.076483
0.646311
0.939471
0.981770
0.196996
-0.407140
-0.689864
-1.143389
-1.187857
-0.999966
-0.507556
-0.458255
-0.178345
0.391021
0.524640
0.215311
-0.250929
-0.449767
-0.470352
-0.218840
0.366602
1.076453
1.307770
0.977277
0.553238
0.597300
0.820436
0.298038
-0.580424
-1.015160
-0.755118
-0.296904
-0.126044
-0.434038
-0.534914
-0.516683
-0.509703
-0.721622
-0.607116
-0.789792
-0.978174
-1.331170
-1.864162
-1.819031
-1.065107
-0.295512
0.031320
0.759541
1.123638
1.285748
1.517282
0.820193
0.269608
0.434640
1.025905
0.944934
0.610142
0.291585
-0.196655
-0.230140
0.275146
0.105456
-1.040224
-1.685548
-1.552803
-0.811382
-0.608515
-0.952147
-1.733442
-1.467876
-0.393609
0.412128
0.687666
0.546026
-0.028142
-0.132280
0.102545
0.382481
0.921676
1.227933
1.879590
1.785835
1.018831
0.607346
0.378752
0.260576
0.090089
-0.370900
-0.558038
-0.795032
-0.181611
0.554120
0.542624
-0.283628
-0.362540
0.479718
0.905382
0.766210
0.042662
-0.586693
-0.230917
-0.285684
-0.827529
-1.142708
-1.593874
-1.814009
-1.585939
-1.538215
-1.541985
-1.124612
-0.442412
-0.563906
-0.364236
0.188815
0.261952
0.394322
0.724082
0.942991
1.444919
1.469718
1.756144
1.775815
1.808878
0.753813
-0.377931
-0.706465
-0.116355
0.644683
1.302061
0.980286
-0.354095
-1.559172
-2.216347
-2.525556
-1.983675
-1.010769
-0.494293
-0.517036
-0.825902
-0.634457
0.232815
1.131718
1.299966
0.630908
-0.548654
-1.245218
-1.223836
-0.659859
-0.758331
-0.892760
-1.177180
-1.529834
-1.164289
-1.027926
-0.786524
-0.334952
0.202696
0.347938
-0.151134
0.015838
0.256021
0.326564
-0.517450
-1.255673
-1.488961
-1.022573
-0.665611
-0.362005
-0.175640
0.145455
0.475268
1.048335
1.511691
1.920829
1.974177
1.643380
1.527879
1.607834
1.516040
1.203515
1.151400
1.271556
1.373299
1.185402
0.750678
0.635654
0.194435
-0.415610
-0.638384
-0.547839
-0.476138
-0.368587
-0.101405
-0.083318
-0.234669
0.047516
-0.152241
-0.186347
-0.223435
0.201517
0.691641
1.142475
1.208043
1.105871
0.528429
-0.116634
-0.131991
0.186228
0.212491
0.857378
1.538871
1.292980
0.557697
0.022396
0.421299
0.698727
0.947073
0.944566
0.839840
0.705726
-0.023903
-0.808521
-1.334337
-1.589490
-1.440325
-1.177787
-1.428285
-1.642046
-1.693393
-1.433592
-1.213511
-0.913215
-0.484493
0.051825
0.475311
0.758635
0.778733
0.786320
0.794382
0.663980
0.148700
-0.197288
-0.323255
-0.653985
-0.532710
-0.449831
-0.344110
-0.620902
-0.834311
-1.184292
-1.190365
-1.123919
-0.551246
-0.424510
-0.440765
-0.217641
0.093876
0.219764
0.362680
0.457462
0.547839
0.120535
-0.111421
-0.164667
-0.172170
-0.119539
-0.296447
-0.648176
-0.313043
0.040717
0.188109
0.356562
0.633469
0.863351
1.117007
1.436079
1.443473
1.034715
1.164792
1.573176
1.569440
1.608169
1.329118
0.949153
0.869663
0.912242
0.885306
0.733875
0.664769
0.878044
1.247191
1.184631
1.277359
1.444238
1.115112
0.801673
0.216158
-0.557683
-0.970129
-0.769601
-0.344606
-0.553536
-0.996385
-1.190192
-1.237236
-0.823548
-0.735473
-0.386480
-0.105808
-0.078240
-0.018598
0.432254
0.786176
0.725450
0.601775
0.740266
0.799452
0.657328
0.044390
-0.090977
-0.020626
-0.099049
-0.060263
-0.271860
-0.250741
-0.165532
-0.166799
0.290074
0.860587
0.863457
0.591808
0.618934
0.718027
0.667642
0.876517
0.369360
-0.124919
-0.419573
-0.967262
-1.339669
-1.695336
-1.609084
-1.123418
-1.343308
-1.239174
-1.239331
-1.576272
-1.552304
-0.771826
-0.715895
-0.466261
-0.596304
-0.612603
-0.574291
-0.477450
-0.631583
-0.897101
-1.375132
-1.418721
-1.127553
-1.261632
-1.481767
-1.843290
-1.733840
-1.354537
-0.766700
-0.446629
-0.144118
0.513723
0.819293
0.972575
0.558299
0.399982
0.832647
0.954187
0.421952
0.136714
0.044755
0.361415
0.644417
0.556773
0.948531
1.153030
1.036519
0.653231
0.458994
0.426007
0.382135
0.791854
1.213421
0.545842
-0.349034
-0.815509
-0.669521
-0.300390
-0.275542
-0.551436
-0.596973
-0.535302
-0.371164
-0.925810
-1.199173
-1.029201
-0.213046
0.617723
1.381966
1.737402
1.498413
0.789683
0.308184
0.420880
0.411961
0.347878
0.230510
0.211802
0.015511
-0.196010
-0.440736
-0.476627
-0.584164
-0.521257
-0.839769
-1.006608
-0.423294
-0.258244
-0.410364
-0.768043
-0.726378
-0.630473
-0.837247
-0.861450
-0.717611
-0.503574
-0.426545
