-0.250978
-0.282948
-0.469567
-0.165946
-0.109883
0.489839
0.512547
1.134588
0.771422
0.401497
0.455212
0.657912
0.334518
0.626372
0.513829
0.583896
0.032459
-0.383115
-0.549691
-0.694803
-0.748949
-1.007847
-0.925612
-1.302077
-1.468789
-1.917074
-1.806275
-1.727366
-1.557046
-1.285946
-1.020206
-0.774871
-0.791813
-0.739901
-0.871683
-0.520151
-0.453518
-0.317956
-0.571879
-0.481385
-0.709178
-0.825705
-0.959805
-0.831139
-1.250355
-1.516274
-1.450699
-1.268102
-0.875914
-0.896179
-0.685997
-0.636783
-0.332628
-0.541525
-0.115218
0.273659
0.563585
0.466190
0.427342
0.356028
0.543262
0.662213
1.142537
1.283268
1.401298
1.526315
1.569904
1.881086
1.437470
1.156741
0.767915
0.502190
-0.411051
-1.023638
-1.666163
-1.658792
-1.407452
-1.546687
-1.810662
-1.517785
-0.921233
0.089411
1.057570
0.983748
1.316002
1.674374
2.215118
2.544990
2.814089
2.212036
1.735246
0.791920
0.661274
0.320305
-0.614711
-0.257858
0.756021
1.591517
1.801073
2.680662
3.026357
3.086070
3.247403
3.842739
3.598385
3.660922
2.992987
2.798718
2.328571
2.006366
1.785248
1.443388
1.167450
1.606447
2.262752
2.436388
2.997042
2.972963
2.730291
1.963096
1.235283
0.626946
0.692842
-0.039234
-0.304226
-0.762615
-0.997894
-0.894350
-1.373174
-1.736846
-1.668977
-0.705747
-0.258002
0.116918
-0.033497
0.214223
0.547531
1.023778
0.897024
1.547327
1.591665
1.965355
2.365980
2.177392
2.009135
1.231251
0.922820
0.746320
0.667615
0.471892
0.319228
-0.295328
-0.197984
-0.378913
-0.514708
-1.013610
-0.869539
-0.966410
-1.445646
-1.700426
-1.960333
-2.256689
-2.429928
-1.743297
-1.509561
-1.203139
-1.040105
-0.417099
-0.104968
0.129705
-0.006188
-0.246850
-0.813415
-1.133923
-1.422138
-1.682927
-1.106986
-1.230143
-1.218552
-1.369233
-1.618626
-1.813727
-1.628058
-2.027882
-1.850374
-1.464583
-0.890979
-0.992237
-0.776585
-0.372812
0.139671
0.034183
-0.241496
0.307210
0.045959
-0.246343
-0.734588
-0.164710
-0.360344
0.108833
-0.142911
-0.270636
-0.490936
-0.458786
-0.527996
-0.608103
-0.589578
-0.771372
-0.730795
-0.590532
-0.669861
-0.684395
-0.836172
-1.006461
-0.770664
-1.122348
-1.429816
-1.210636
-0.428231
-0.626910
-0.672372
-0.576469
-0.828874
-0.466290
-0.486110
0.052412
0.151761
0.370775
0.644861
0.935157
0.114671
0.230859
0.031799
-0.062062
0.010066
-0.205585
-0.585966
-0.580738
-0.506077
-0.226490
0.002817
0.024428
0.218323
0.197604
0.350817
-0.044149
-0.227175
-0.147425
-0.172411
-0.637186
-0.321446
-0.421206
-0.889762
-1.541997
-2.007280
-1.950658
-1.834799
-1.869451
-1.967238
-1.889990
-2.026390
-1.393312
-1.479462
-0.966196
-1.158638
-0.788023
-0.065773
0.318097
0.090056
0.507683
0.645703
0.470149
0.489399
0.549438
0.768818
0.810245
1.006659
0.763793
1.111277
0.833009
0.644792
0.053088
0.179476
0.663834
0.771197
0.511930
0.553968
0.741527
0.847321
1.187289
1.069194
1.233349
0.841146
0.492189
-0.573431
0.068972
0.177986
-0.102774
-0.731530
-0.980995
-1.632333
-1.736111
-1.474993
-1.799082
-1.984060
-2.085145
-1.581410
-1.189331
-0.280877
-0.171544
-0.183407
-0.831343
-1.261023
-0.993758
-0.217482
-0.801379
-0.864225
-0.990237
-0.649409
-0.343772
-0.396644
-0.053619
0.434069
0.674372
0.664077
1.350924
1.862971
1.777335
1.427932
1.629399
1.580332
1.843688
1.560071
0.884163
0.640120
0.531515
0.256723
-0.322667
-0.292961
-0.349713
-0.236410
-1.163235
-1.080713
-0.904313
-0.825665
-0.422422
0.449876
0.396450
0.772835
0.669652
0.265105
-0.108155
-0.534117
-0.620251
-0.790177
-0.877332
-1.141421
-1.110499
-0.971146
-0.353280
-0.261542
0.344917
0.554282
0.832926
1.238438
0.993293
0.662632
0.441119
0.689795
0.378176
0.499855
0.573272
0.939055
0.769734
0.772436
0.608250
0.995288
0.852024
0.641553
0.036742
-0.151998
-0.233232
-0.359061
-0.251120
-0.326177
-0.373252
-0.652490
-0.661322
-0.769922
-0.252324
-0.046606
0.117155
0.547129
1.146944
1.004811
1.325361
0.845688
0.393958
0.002370
-0.409486
-0.236927
-0.112049
0.187502
0.127543
0.408955
0.219418
0.155767
-0.339033
-0.484563
-1.010538
-0.883012
-1.091428
-1.075750
-0.889207
-0.687598
-0.456387
-0.476026
-0.395628
-0.299541
-0.085341
0.159342
0.441586
0.216722
-0.063157
-0.701233
-0.621168
-0.799442
-0.766567
-0.828050
-0.425297
-0.538147
-0.777807
-0.371014
-0.558722
-0.701210
-0.906566
-1.133775
-1.574905
-1.753766
-2.094249
-2.065624
-2.230350
-2.257155
-2.797637
-2.565480
-2.057296
-1.346117
-1.340783
-1.464063
-1.320015
-1.580377
-1.079860
-0.300934
0.971147
2.107682
3.108572
3.350104
3.390268
3.467238
3.606964
3.263337
3.111928
2.556631
1.444201
1.153709
0.564284
0.219180
-0.472485
-0.262156
-0.022600
0.126904
-0.138048
-0.308247
-0.714915
-0.556805
-0.546687
-0.385261
-0.232888
-0.442237
-0.634808
-0.384829
0.021255
-0.273526
0.111754
0.309726
0.632982
0.229497
0.497704
0.437904
0.563518
0.115641
-0.150645
-1.042608
-0.322524
0.398228
-0.075405
0.868501
1.071211
1.282709
1.017433
1.164920
0.783523
0.833427
0.394877
-0.114959
-0.709497
-0.756571
-0.831215
-0.628730
-0.521046
-0.428122
-0.154409
-0.172447
0.515847
0.158577
0.227073
0.402625
0.916612
1.200823
1.253985
0.648260
0.338586
-0.085034
-0.291683
-0.483856
-0.648956
-0.963427
-1.258233
-1.236444
-1.331552
-1.057275
-0.681775
0.050614
0.253585
0.651139
0.886019
1.400261
0.977766
0.755361
0.744512
0.702494
0.496793
0.193846
0.767401
0.617370
-0.127957
0.231444
0.717479
0.095366
0.589718
0.935580
1.056559
1.236342
1.524728
1.445780
1.272412
1.223991
1.152049
1.025251
0.149646
-0.419469
-1.089041
-1.256788
-1.775439
-2.027116
-2.110171
-1.929596
-2.268143
-2.451921
-2.312770
-1.538690
-0.827099
-0.693405
-0.504176
-0.124476
0.482721
0.717514
0.730473
0.223931
0.257584
0.066805
-0.020151
-0.389273
-0.207151
-0.936522
-1.082886
-1.114475
-0.512062
-0.043045
0.042015
0.210650
-0.098313
0.315603
0.190937
0.792916
0.910741
1.147966
1.397346
2.001348
2.165526
1.951926
1.034040
0.635862
0.167112
0.123165
0.337521
0.895401
1.203896
1.345617
1.720693
1.585264
1.397221
0.634633
0.030012
-0.335955
-0.137224
-0.424816
-0.395445
-0.514449
-0.570109
-0.347859
-0.273653
-0.124764
-0.229533
0.002704
0.018340
0.508703
0.486334
0.744696
1.066938
1.385022
1.080766
1.261177
0.819422
0.669111
0.371313
-0.148401
-0.320753
-0.647564
-0.827285
-1.427894
-1.387497
-1.382333
-1.401725
-1.694606
-1.605556
-1.734026
-1.527499
-1.468099
-1.335136
-1.219760
-0.565297
0.047482
-0.027836
0.246948
0.565608
0.900535
0.763652
0.889704
0.797859
0.765308
0.499291
0.416848
0.294591
0.441239
0.352714
0.236890
0.159788
-0.176949
-0.558118
-0.960182
-0.717983
-0.896038
-0.610653
-0.491072
0.047433
0.059809
0.142580
-0.020249
-0.224284
-0.655235
-0.660991
-0.832558
-0.585688
-0.653364
-0.727134
-0.199583
-0.159563
0.336332
-0.045608
-0.057686
-0.425724
-0.252922
0.114355
0.847643
0.979165
1.334923
0.895377
0.733584
0.613390
0.400802
0.296606
-0.170455
-0.653966
-1.231862
-0.957410
-0.992567
-0.960346
-1.008757
-0.346854
-0.740246
-0.721773
-0.533259
-0.162370
-0.016552
-0.140504
-0.112537
0.224498
-0.009461
0.032593
1.284345
1.847798
2.241895
2.135366
1.641526
0.877424
0.682864
0.183667
0.077382
0.080628
0.187703
0.160161
-0.015081
0.050190
-0.007515
0.190424
0.206358
0.531495
0.285267
0.172379
0.408150
0.902564
0.416868
0.215098
0.264274
0.653885
0.158732
-0.195611
-0.308012
-0.004655
0.524002
0.425124
0.818475
0.500989
0.779776
0.700901
0.208596
-0.811497
-0.169654
-0.212240
0.233907
0.406631
0.165713
0.039308
-0.395415
-0.522925
-0.623517
-0.394803
-0.475863
-0.265765
-0.149518
0.277752
0.047026
-0.115684
-0.330691
0.051140
-0.329611
-0.214514
0.074124
0.153345
0.536724
0.149267
-0.421601
-0.406090
0.264118
0.025647
0.335595
-0.175700
-0.369234
-0.643855
-0.700071
-1.112670
-0.897062
-0.986223
-1.164267
-1.239362
-1.250962
-1.296804
-1.434439
-0.878250
-0.771145
-0.661707
-0.815728
-0.474020
-0.449893
-0.529931
-0.796688
-0.479254
-0.569068
-0.044235
0.445660
0.888380
0.593683
-0.107234
-0.138583
-0.233743
0.030301
0.006415
0.123256
-0.132074
-0.263646
-0.646726
-0.757170
-1.415254
-1.210556
-1.287205
-1.108978
-0.782153
-0.775239
-0.405044
-0.368834
-0.185864
-0.134523
0.381062
0.485070
0.397557
0.167906
0.569593
0.705336
0.885662
0.560903
0.776496
0.626996
0.255995
0.242823
-0.204890
-0.415852
-0.787582
-0.665015
-0.584511
-0.345274
-0.072669
0.528411
0.321801
0.155993
0.201130
0.850207
0.868072
0.996116
0.980754
0.147009
-0.189785
-0.591370
-0.393435
-0.336053
0.261027
0.428312
0.556661
0.030670
0.064494
0.060571
-0.064772
-0.624393
-0.952741
-1.181793
-0.985836
-0.528459
-0.178735
-0.398160
-0.694846
-0.377539
-0.271751
-0.190789
-0.368707
0.308365
0.357584
0.333576
-0.015258
0.427911
0.599887
0.806550
0.788311
0.887424
0.720443
0.678529
0.712996
0.467431
0.288610
-0.268355
-0.404871
-0.675591
-0.767840
-1.103328
-1.155408
-0.941205
-0.501349
-0.290430
-0.092001
0.340152
0.383434
0.605493
0.699181
0.734009
0.711134
0.890954
0.806225
0.644196
0.555558
0.729195
0.251965
-0.141934
-0.438988
-0.514163
-0.396431
-0.217296
-0.174119
-0.598806
-0.533526
-0.689190
-0.690591
-0.997905
-0.442738
-0.505130
-0.213235
0.196390
0.356412
0.386195
0.726335
0.919083
0.968602
0.863944
1.073504
1.220417
0.612688
0.535598
0.240899
0.492879
0.239947
0.202565
0.133526
0.499016
0.309440
0.157196
0.248727
0.574745
0.762536
1.039371
0.980061
0.426262
0.050040
-0.297426
-0.173024
-0.147857
0.386435
0.170352
0.031144
-0.377543
-0.457979
-0.666100
-0.903066
-0.979018
-1.281320
-1.585582
-1.848080
-1.218945
-1.386246
-1.092730
-1.129572
-1.095371
-1.053361
-0.668856
-0.319144
0.242536
0.527897
0.685096
0.706406
0.948702
0.908882
0.801612
0.623615
0.465919
0.230696
0.057718
0.442038
0.677182
0.857542
0.524055
0.959778
1.309726
1.694539
1.309878
0.981176
0.924666
0.822441
0.645455
0.476324
0.615239
0.083474
-0.109020
-0.041871
0.173792
-0.100924
0.076311
-0.058592
-0.074065
-0.045151
0.606682
0.801791
0.884041
0.864528
1.001595
1.286648
0.990534
0.896437
