-1.482851
-1.525529
-1.329760
-0.899443
-0.143927
0.468700
0.487934
1.136115
1.074491
0.548881
0.185009
-0.191425
-0.429700
0.204181
0.733742
0.831250
0.498581
-0.069471
-0.292532
-0.949040
-1.250833
-1.606766
-1.715535
-1.575990
-0.917179
-1.098069
-1.172497
-1.065415
-1.271381
-1.338764
-0.959792
-0.599937
-0.397146
-0.095279
0.176125
0.899287
0.995191
0.963127
0.610897
0.741143
0.643940
0.923828
0.727340
0.682106
-0.138470
-0.755103
-0.897868
-0.638327
-0.077196
0.117452
0.182794
0.019769
0.213647
0.150198
0.085595
0.180930
0.588197
0.675169
0.622619
0.753832
0.568964
0.285817
0.509431
0.925805
1.085597
1.269012
1.345056
1.786234
1.602096
1.191440
0.414580
-0.188373
-0.570710
-0.988032
-1.438425
-1.882168
-1.978107
-1.941221
-1.622840
-1.428671
-0.590166
0.386786
1.299181
1.189568
1.423931
1.248210
1.558671
1.806298
1.956441
1.774827
1.549431
0.439184
-0.423749
-0.911162
-1.318191
-1.265602
-1.650434
-2.054699
-1.993737
-1.890303
-2.314901
-2.011769
-1.331939
-0.719068
-0.609688
-0.750100
-0.562168
0.066738
0.091904
0.095583
0.011279
-0.470716
-0.186413
0.438845
0.919088
1.389310
1.504754
1.019368
1.354769
1.176001
0.596365
-0.038909
0.289835
0.392079
0.695499
0.276300
-0.496628
-0.558080
-0.542393
-0.377593
-0.279911
0.184300
-0.089916
-0.245134
-0.461624
-0.803281
-0.787921
-0.109145
0.159412
0.848171
0.684834
1.226019
1.799293
1.531201
1.750059
1.545795
1.329050
1.081718
0.737925
0.232383
0.015999
-0.166963
-0.935535
-1.636846
-1.818914
-1.384406
-1.180573
-0.865741
-0.419550
-0.559075
-0.695987
-0.661452
-0.229290
0.047516
-0.087193
-0.564863
-1.008394
-0.125074
0.317504
0.651900
0.696861
0.353823
-0.444931
-0.659119
-1.057295
-1.198699
-1.061252
-1.004563
-0.994699
-1.211570
-1.109442
-0.705337
0.009404
-0.108227
0.140534
0.465376
1.270758
1.796577
1.869792
1.759395
1.574947
1.653636
1.490703
1.131218
0.765242
0.354554
0.116201
0.241531
-0.030024
0.411402
0.055770
-0.128062
-0.441797
0.055465
0.640717
0.298250
0.331561
0.300423
0.128310
0.093025
0.653668
0.178423
-0.036694
-0.498965
-0.390078
-0.431884
-0.647265
-0.789469
-0.361587
0.037324
0.199061
-0.127273
-0.266739
-0.212584
-0.244449
0.296807
0.890788
1.646890
1.807667
1.547391
1.074596
1.007972
0.955320
0.599730
0.252554
-0.047815
-0.358098
-0.120059
0.214580
0.386471
0.709821
0.513755
0.568989
0.776384
1.220713
0.662262
0.402174
0.293120
0.260425
0.055826
0.042654
-0.338120
-0.554816
-1.029272
-1.926121
-2.305584
-2.145507
-1.744370
-1.657933
-1.550093
-1.292061
-0.851950
-0.514917
-0.247225
-0.063174
-0.214620
-0.324330
-0.226159
-0.323861
0.267208
0.686356
0.654039
0.458097
0.327304
0.639716
0.702679
0.982037
1.317348
1.586962
1.426963
0.932229
0.331169
0.743591
0.979691
1.130880
0.991573
0.591047
0.396636
0.776075
1.489223
1.543063
1.314986
0.312836
-0.637061
-1.465894
-1.456603
-1.533601
-1.944397
-2.612139
-2.737289
-2.979845
-2.447778
-1.627644
-1.409258
-0.997312
-0.922300
-0.437814
-0.331188
0.508629
0.669329
0.418403
0.411234
-0.193819
-0.487332
0.172256
0.020070
-0.067073
-0.238400
-0.208880
-0.006173
0.144905
0.401424
0.635639
0.740950
0.956646
1.698077
1.963919
1.620308
0.455848
-0.159519
-0.223485
0.155557
-0.242632
-1.201983
-1.546693
-1.696235
-1.640868
-1.789768
-1.757100
-1.387769
-1.224694
-1.629948
-1.734988
-1.474446
-0.459224
0.111141
0.444569
0.594849
0.896039
0.971371
0.853481
1.004457
0.625229
0.948908
1.151987
1.016435
0.863699
1.135333
0.888184
0.638274
0.325998
0.734500
0.808660
0.741977
0.857943
0.738963
0.490223
0.178056
0.081645
-0.360186
-0.185056
0.378297
0.670915
0.437234
0.223981
0.224864
0.534690
0.542314
0.466539
-0.170080
-0.892744
-1.226798
-1.411262
-1.045424
-0.926301
-1.217868
-1.603077
-1.599071
-1.067198
-0.108406
0.191019
0.881074
1.256057
1.641637
1.433727
1.657805
1.659032
1.466507
0.906287
0.550701
1.026213
0.754960
0.504573
0.431651
0.379000
0.109534
0.238420
-0.460381
-0.890315
-1.633987
-1.904744
-2.194722
-2.172157
-2.140790
-1.860704
-0.853101
-0.647513
-0.986149
-1.302180
-1.458276
-1.106106
-0.479382
-0.575850
-0.293831
-0.303507
0.018854
0.440385
0.938808
1.080830
0.758458
-0.072115
-1.088539
-1.187913
-1.448063
-1.425968
-1.714856
-1.811360
-1.981834
-2.012089
-2.041302
-1.769446
-1.538923
-1.353619
-1.209374
-0.871991
-0.147317
0.639127
1.101155
0.913728
0.877161
0.495725
0.284059
0.245909
1.365243
2.529855
3.272340
3.165481
3.223289
3.113761
2.640017
2.145441
2.154695
1.823053
0.465819
-0.409877
-1.024303
-1.734897
-2.489869
-2.190485
-2.072871
-1.630517
-1.316976
-1.555264
-1.900020
-2.126759
-1.651192
-0.744051
-0.087112
-0.388425
0.012577
0.596208
0.943483
0.525887
0.849901
0.914367
1.376259
1.256558
1.405392
1.092148
0.821953
0.875551
0.712785
0.347695
0.238227
0.811229
1.041556
1.925719
2.220815
2.067555
1.244751
0.765484
0.450394
0.525564
0.138258
-0.809362
-1.421177
-1.722761
-1.840258
-1.558840
-1.407191
-1.276788
-0.659022
-0.451131
0.078492
0.265861
0.133931
0.149409
0.651970
1.274849
1.792360
1.381578
0.484833
-0.572526
-1.090446
-1.133190
-1.143635
-0.687550
-0.427021
-0.622836
-0.071517
0.316565
0.402665
0.768583
0.606388
0.710849
1.042255
0.639864
-0.178733
-0.715970
-0.952064
-1.232942
-1.522467
-1.497490
-0.688604
0.004138
0.524944
0.577853
1.043547
1.297382
1.544506
1.801767
1.962535
2.672401
3.080629
3.187544
2.938019
2.647782
1.645646
0.794976
0.009112
-0.572788
-1.519823
-1.985071
-2.491240
-2.392398
-1.830317
-1.583657
-1.162244
-0.297646
0.350306
1.220511
1.549766
1.742190
1.556899
0.960910
0.916144
0.796389
0.591204
0.109356
-0.299895
-0.343964
-0.235275
-0.753165
-0.948729
-1.530819
-1.734778
-1.549799
-0.472204
0.182784
0.301878
0.541251
0.554235
0.682269
0.055189
-0.214270
-0.719509
-0.611930
-0.483516
0.592958
1.270346
0.729015
-0.121039
-0.690839
-0.226310
0.161426
0.463151
0.805258
0.791486
0.768288
1.308129
1.113208
1.069736
0.219410
-0.640795
-1.157510
-1.105337
-0.834393
-1.015962
-1.628213
-2.383146
-2.059927
-1.498795
-0.840169
-0.536634
-0.202380
-0.179875
0.044839
0.466994
1.289863
0.841619
0.611299
0.180019
-0.014674
-0.186137
0.051875
-0.142893
-0.423194
-0.216917
-0.453432
-0.939273
-1.566533
-1.284548
-1.046601
-0.613508
-0.794568
-0.890095
-1.298930
-1.235580
-1.604438
-1.423012
-1.033116
-0.558863
-0.137932
-0.019156
0.142485
0.140096
0.388293
0.425138
0.837077
0.935401
1.105685
1.180501
1.061842
0.889218
1.093609
1.190033
1.016652
0.898956
0.878686
0.583984
0.025333
-0.324272
-0.814402
-0.861336
-0.448694
0.543520
0.791849
0.456639
-0.222034
-0.512361
-0.220604
-0.232227
-0.469145
-0.791993
-0.662246
-0.317410
0.201356
0.713312
0.742176
0.653484
0.402248
-0.344624
-0.550263
-0.475975
-0.122127
0.287674
0.796347
0.400927
0.391877
0.673240
0.370596
0.220629
-0.221088
-0.228789
-0.592868
-0.431683
-0.258447
-0.228789
-0.067954
0.189833
-0.142515
0.104569
0.372555
0.448681
0.200865
-0.198036
-0.157783
-0.140376
-0.473771
-0.637081
-0.221854
0.121315
0.454867
-0.149564
-0.623172
-0.794175
-0.392675
-0.195806
0.108887
0.120236
0.271008
0.692396
0.670688
0.530777
-0.223760
-0.386525
-0.807923
-0.797625
-0.914778
-1.087343
-0.981857
-0.497430
-0.732092
-0.795344
-0.731244
-0.180496
-0.438834
-0.718323
-0.866722
-0.660618
0.537898
0.849941
0.500699
-0.397220
-0.226479
-0.109491
0.097299
-0.211656
0.013918
0.176466
0.574725
1.277651
1.615769
1.657671
1.269170
1.099028
0.960897
0.832420
0.498592
0.800983
0.961594
1.326011
0.990594
0.535929
0.005982
-0.363178
-0.673972
-0.738828
-0.557274
-0.222754
0.088507
0.219027
0.319442
0.341767
0.611505
0.732647
0.711043
0.219036
0.177678
-0.210902
-0.298490
-0.427966
-0.117645
-0.239323
-0.943230
-1.278487
-1.074685
-0.686338
-0.653920
-0.093913
0.284080
0.662065
0.674239
0.467836
0.499221
0.380685
0.003425
0.002611
0.327694
1.073038
1.323809
1.506658
1.095886
0.103759
-0.395690
-0.298799
0.077896
-0.410833
-0.476518
-0.844011
-1.026704
-1.337533
-1.269318
-1.524875
-1.688087
-1.340576
-0.863653
-0.399937
-0.162810
0.126137
0.178254
-0.019431
0.054463
0.332167
0.027522
-0.101777
0.028721
0.145832
0.114033
0.136373
-0.100534
-0.014062
0.238466
-0.288809
-0.311107
-0.948814
-1.025272
-1.553621
-1.377211
-0.803653
-0.015008
0.370659
0.313730
0.023048
0.238745
0.530890
0.994025
1.016424
0.746364
0.497102
-0.231873
-0.476085
-0.593051
-0.084325
0.001598
0.840910
1.075003
1.483571
1.180847
0.765186
0.535727
0.351960
-0.446816
-0.909386
-1.005202
-0.950316
-0.529238
-0.032562
0.336487
0.370500
0.369506
0.521764
0.631591
1.067059
1.573828
1.420856
1.159149
0.673774
0.402942
0.196113
0.486880
0.681127
0.820416
1.264949
0.984147
0.586089
-0.211667
-0.469042
-0.812982
-1.006129
-1.155265
-0.830348
-1.079429
-0.927211
-0.852694
-0.229608
0.070601
-0.331984
-0.398199
-0.335904
-0.026335
0.101831
0.145281
0.570046
1.046018
0.917392
0.918039
1.254808
1.718495
1.265524
0.478094
-0.169949
-0.274808
-0.339212
-0.762889
-1.155096
-1.990178
-1.892882
-1.869696
-1.868374
-2.300623
-2.196485
-1.828595
-1.645690
-1.062801
-0.608644
-0.565778
-0.306737
0.191162
0.028576
0.105114
0.396719
0.828738
0.648853
0.541214
0.130433
-0.195096
-0.776271
-0.830075
-0.475114
-0.186264
-0.001433
0.013305
0.382234
0.620950
1.108397
1.269626
1.184262
0.851578
0.767756
0.271014
0.443363
0.472908
1.225165
1.375189
0.954378
-0.068142
-0.177223
-0.242919
-0.577303
-0.683281
-0.660690
-0.864826
-1.002012
-1.011911
-1.022284
-0.613091
-0.669457
-0.854084
-0.790282
-0.467384
-0.425054
-0.321553
-0.141352
-0.142278
-0.111607
0.006612
0.406993
0.710288
0.908450
0.684817
0.576776
0.327811
0.640408
0.521180
0.994590
0.972297
1.131627
0.947285
1.043333
1.184673
0.948699
0.419691
-0.175114
-0.195994
0.245451
0.211530
-0.313305
-0.580316
-0.483669
0.043864
-0.117674
-0.323613
-0.527791
-0.332925
0.163041
0.636870
0.690512
0.808893
0.787463
0.537090
0.937371
0.745007
0.612909
