-0.564007
-0.609012
-0.646263
-0.218851
0.085530
0.704307
1.187005
1.611930
1.100696
0.354580
-0.246247
-0.411843
-0.416173
0.220133
0.738078
0.611254
0.060447
-0.524563
-0.984512
-1.639682
-1.941478
-1.854969
-1.739205
-1.141871
-0.474721
-0.654886
-0.949874
-0.613174
-0.148045
0.008219
-0.068749
-0.399692
-0.423542
-0.350465
-0.085014
0.184431
0.278232
0.018147
-0.564923
-0.662900
-0.307008
-0.020290
0.467148
0.648365
0.283665
-0.316201
-0.449303
-0.417647
-0.091016
0.105916
-0.049100
-0.205281
-0.228033
-0.747559
-0.823814
-0.501842
0.131745
0.220100
-0.060045
-0.160433
0.328599
0.270588
0.495829
1.144878
1.085480
1.036171
0.872002
1.310060
1.587385
1.192268
0.644866
0.270777
-0.112977
-0.749859
-1.203461
-1.193085
-1.290186
-2.162541
-2.759507
-3.023549
-2.409370
-1.212107
0.150762
0.723216
0.740042
1.019069
1.554731
2.019097
1.946973
1.776012
1.780926
1.129551
0.494723
0.465651
0.276704
-0.348237
-1.175540
-1.352036
-1.282593
-0.946167
-0.910559
-1.051911
-1.050304
-0.437815
-0.105238
-0.242570
0.169825
0.798044
1.038136
1.260891
1.175217
0.468379
0.305303
0.697920
1.621810
2.542568
2.655480
2.396218
2.505567
2.101903
1.302946
1.122681
0.764712
0.861287
0.713689
0.293935
-0.939080
-1.695083
-2.369245
-2.655596
-2.560056
-2.106027
-2.152058
-2.300675
-2.061454
-2.163675
-1.919882
-1.249533
-0.526157
0.163846
0.226262
-0.149519
-0.036470
0.148968
0.137568
-0.055661
-0.264386
-0.287390
-0.623642
-1.124621
-1.114071
-1.077335
-1.391219
-1.871281
-2.062464
-1.862853
-1.209309
-0.894713
-1.118609
-1.251670
-1.617545
-1.358401
-0.925922
-0.635600
0.144280
0.124742
-0.096671
0.329427
0.543366
0.422799
0.682415
0.569089
-0.003035
-0.454311
-0.859920
-0.776075
-0.416277
-0.589647
-0.347964
-0.109094
-0.009205
-0.058487
-0.022621
0.091052
0.340865
0.433123
1.015000
1.999792
2.303391
2.195415
1.564096
1.190166
1.027542
0.898134
0.530367
0.569804
0.558867
0.910179
1.311157
1.295250
0.940866
0.535609
0.450948
0.496205
0.624234
0.286011
0.086605
-0.620201
-1.013998
-0.816547
-0.251846
-0.497760
-0.711422
-0.951162
-1.070122
-0.888841
-0.870752
-0.336750
0.539217
1.161366
1.322826
1.457805
1.778845
1.612793
1.359434
1.215894
1.355657
1.438393
0.922534
0.429379
-0.049281
-0.336614
-0.391399
-0.748986
-0.872909
-0.951028
-1.261035
-0.802760
-0.246742
-0.078621
0.244179
0.725513
0.773009
0.743840
0.283145
-0.498311
-0.530502
-0.418168
-0.453548
-0.656857
-0.663140
-0.352749
-0.561425
-0.803282
-1.458267
-1.378490
-0.764480
-0.587777
-0.950892
-0.842148
-0.357786
0.082468
0.186651
0.458198
0.412823
-0.192725
-0.528752
0.011627
0.141526
0.503969
0.923720
1.127321
1.380016
1.464510
2.224205
2.733576
2.784613
2.893551
2.931885
2.540049
1.824246
1.216777
1.169237
1.174702
1.100378
0.735405
0.569123
0.382240
0.531167
0.784288
0.618041
0.172774
-0.604818
-0.870568
-1.017932
-1.466406
-1.538266
-1.482651
-1.465948
-2.042558
-2.508494
-2.429195
-1.836180
-1.841489
-1.650970
-1.116871
-0.858675
-0.757653
-0.155183
0.224184
0.432921
0.422643
0.043258
-0.256883
0.159517
0.239389
-0.074562
-0.251951
0.002381
0.432656
0.358227
0.390190
0.851257
0.964077
1.400477
1.916469
2.411919
1.840406
1.123064
0.504843
0.210288
-0.095335
-0.494586
-1.220591
-1.564179
-1.717110
-2.103801
-2.242996
-2.201224
-1.830267
-1.445311
-1.622749
-1.957429
-1.709224
-1.147547
-1.030789
-1.155591
-1.230800
-1.151874
-0.846233
-0.739344
-0.813872
-0.511673
0.268907
1.156968
2.161545
2.240745
2.284275
1.804072
1.321078
0.999324
0.951215
1.245941
1.187275
1.307205
1.413027
1.173009
0.635723
0.083956
-0.354714
-0.408882
0.145383
0.209384
-0.479888
-0.926979
-1.158081
-0.387830
0.086868
0.241503
-0.158982
-0.650135
-0.539027
-0.490702
-0.113316
0.006482
-0.059786
-0.452850
-0.690740
-0.843642
-0.340446
0.174604
0.630591
0.784956
0.952973
1.429240
1.654888
1.656088
1.471236
1.145450
0.791040
1.033953
0.984288
0.729619
0.419754
0.139530
-0.127287
0.008574
-0.237050
-0.667373
-1.182338
-1.002817
-1.070680
-0.823153
-0.786080
-0.953188
-0.853168
-0.880791
-1.443987
-1.759709
-1.232650
-0.662747
-0.265454
-0.131082
0.602219
1.056717
1.620365
2.045643
1.866464
1.329042
0.768783
-0.066431
-0.629261
-0.282070
-0.095394
-0.070517
-0.359624
-0.228552
-0.398553
-0.650337
-0.678908
-0.863932
-1.321324
-1.584424
-2.119672
-2.694786
-2.655966
-2.105561
-1.647321
-1.820633
-1.167077
-0.180869
0.523716
0.943919
1.607217
2.305440
3.037849
2.927125
2.307106
1.964703
1.259634
1.001364
1.239115
0.682759
-0.657767
-1.292063
-1.670842
-2.156719
-2.228576
-1.932494
-1.820725
-1.610266
-1.532326
-1.546438
-1.667993
-1.896267
-1.656727
-0.753019
0.137825
0.519498
0.699308
1.051211
0.721025
0.080623
-0.053386
0.225304
0.905812
1.239652
1.391752
1.082114
0.357110
0.403001
0.704518
0.576182
0.462561
0.349885
0.359523
0.561003
0.620880
0.693175
0.319718
0.076424
0.215898
0.511607
0.345169
-0.372512
-0.533168
-0.824825
-0.929902
-0.644860
-0.718730
-0.587920
-0.428067
-0.678919
-0.611829
-0.889214
-1.018249
-0.771191
-0.273122
0.126963
0.427281
0.250967
-0.184988
-0.555866
-0.395852
-0.440922
-0.222417
0.011272
0.272618
0.528749
1.071240
1.457410
1.760411
1.664190
1.273564
1.833181
2.389375
2.436769
1.842085
1.078087
0.386438
-0.123603
-0.638560
-1.065093
-0.933996
-0.694349
-0.390832
-0.335813
-0.778905
-0.978265
-0.733296
-0.246424
0.374819
1.529712
2.386502
2.726557
2.933237
2.414112
1.185594
0.105269
-0.450964
-1.026655
-1.743763
-1.754444
-2.259192
-2.162518
-1.603085
-1.348773
-0.923518
-0.505919
-0.084576
0.554191
1.104926
1.744091
1.559645
1.192252
1.145202
0.799351
0.366700
-0.346388
-0.975390
-0.793034
-0.689990
-0.758690
-0.502314
-0.627251
-0.607832
-0.426911
0.421209
1.532342
2.103000
1.889472
1.454543
1.360842
1.185348
0.229123
-0.957738
-1.074712
-1.399961
-0.775226
-0.318535
-0.393813
-1.235016
-1.795608
-1.102726
-0.262782
0.038902
0.373505
0.807571
1.232670
1.986037
2.471719
2.432604
2.035312
1.184201
0.669092
0.948848
0.769460
0.134454
-1.160363
-1.689606
-1.151284
-0.821387
-0.611796
-0.759281
-1.108733
-1.312157
-1.523695
-1.104266
-0.289653
-0.061486
-0.290022
-0.718392
-0.915343
-0.860857
-0.170621
0.311999
0.482221
0.915973
1.357726
1.330188
0.935619
0.541570
0.323405
0.521540
0.334634
0.009216
0.053733
0.344418
0.428036
0.389821
0.326779
0.346267
0.081594
-0.024432
0.362386
0.360050
-0.070297
-0.488448
-0.536461
-0.665729
-0.035199
0.266694
-0.074817
-0.246919
-0.265940
-0.390560
-0.328124
-0.436662
-0.234340
-0.320002
-0.660557
-0.995962
-0.795700
-0.168498
0.225297
0.757897
0.549863
0.440926
-0.013751
-0.300975
0.219637
0.887931
0.871849
0.317540
-0.003188
0.343882
0.410173
0.241051
0.262755
0.176008
0.384465
0.317265
-0.115853
0.175733
0.306158
0.716766
0.541196
-0.077539
-0.305318
-0.023601
0.128050
0.206830
-0.225198
-0.229467
-0.592089
-0.656632
-0.931581
-0.660765
-0.052541
-0.022602
0.099991
0.125970
0.391344
0.237076
-0.459463
-0.633952
0.081792
0.556241
0.452352
0.286070
0.244585
-0.089617
0.014426
-0.586543
-0.605401
-0.328268
-0.376694
-0.403047
-0.327230
-0.322661
0.053527
0.240214
0.444441
0.310864
-0.221281
-0.619019
-0.822020
-0.589779
-0.710870
-0.644395
-0.312523
-0.292880
-0.751141
-1.035175
-0.965950
-0.642967
-0.212708
-0.260611
-0.644298
-0.893608
-0.374892
-0.063165
-0.185816
-0.407287
-0.465749
-0.125869
0.082939
-0.225793
-0.224071
-0.058562
0.344028
1.038090
1.375323
1.648272
1.487220
1.307747
0.940659
0.586277
0.472141
0.767900
0.706084
0.631205
0.531871
0.528276
0.225610
0.312200
-0.223786
-0.287220
-0.106357
0.005159
0.319391
0.224879
0.097633
-0.331450
-0.515277
-0.625515
-1.091031
-1.585330
-2.083206
-2.244266
-2.098014
-1.777003
-1.022596
-0.471757
-0.722393
-1.053540
-0.844434
-0.458051
0.024572
1.033009
1.634676
1.788732
1.346457
0.925655
1.185075
1.072335
1.147735
1.143743
1.017310
1.305139
0.867574
0.363505
-0.051340
-0.812552
-0.856683
-0.990641
-0.844401
-0.878026
-0.713546
-0.847543
-0.807278
-0.670193
-0.825667
-0.850161
-0.787600
-0.669904
-0.419103
-0.184486
0.050705
0.120941
0.171915
0.429482
0.501756
0.551180
0.472133
0.574401
0.927494
0.816578
0.556747
0.359681
0.127971
0.206006
0.221010
-0.301253
-0.319797
-0.273673
-0.119728
-0.417563
-0.921397
-0.582612
-0.020375
0.363368
0.533148
0.467757
0.234347
0.297887
0.309769
0.334942
0.515191
0.268108
-0.229216
-0.928784
-1.268642
-1.215464
-0.683771
-0.068711
0.617694
1.023832
0.734279
1.007444
1.452746
1.501802
1.390275
1.153467
1.056579
0.881468
0.848949
1.115941
1.032510
0.840182
0.610554
0.534015
0.422528
-0.053364
-0.227508
-0.158244
-0.417499
-0.683097
-0.735616
-0.718980
-0.428061
-0.002820
0.136700
0.127098
0.293554
-0.334298
-0.679963
-0.706234
-1.039388
-1.231540
-1.387202
-1.066146
-0.862113
-0.935426
-0.633843
-0.240086
0.282285
0.110700
0.042672
0.329058
1.092573
1.224458
1.048029
0.564910
0.592611
0.473314
0.470704
0.571363
0.815794
0.369448
0.040409
-0.377758
-0.483582
-0.543308
-0.516595
-0.230356
-0.151820
-0.285382
-0.504513
-0.957402
-0.939119
-0.383037
0.205509
0.390952
0.516670
0.516481
0.558406
0.586310
0.406728
0.250977
-0.121808
-0.277703
0.154638
-0.024566
-0.133110
-0.322501
-0.418701
-1.000216
-1.052839
-0.473652
0.040849
-0.000562
-0.214871
-0.311484
-0.078004
-0.264561
-0.100315
-0.183807
-0.287024
-0.591176
-0.629393
-0.454275
-0.193387
0.333286
0.705477
0.284054
-0.516720
-0.179032
-0.021090
-0.129238
-0.236156
0.014665
-0.188262
-0.557693
-0.799364
-0.809509
-0.621689
-0.448094
-0.625406
-0.340811
-0.024996
0.016406
0.130715
0.081508
0.302799
0.558253
0.899339
0.843281
0.917735
0.441709
-0.231195
-0.336866
-0.354913
-0.039359
0.291658
0.771011
0.977931
0.914862
0.956756
1.047409
0.956925
0.494161
0.189127
0.045227
0.246998
0.685282
0.880835
0.357716
-0.138716
-0.044189
0.484858
0.549056
0.347634
-0.067727
-0.314966
-0.048806
0.192437
0.241637
0.131964
0.104470
0.297425
0.473259
0.281852
0.374849
