-0.692820
-1.015741
-0.883852
-1.048182
-1.597022
-2.242730
-2.386986
-2.264984
-1.860632
-0.869120
-0.206902
0.152293
0.734211
0.104758
-0.583092
-0.520625
0.000906
0.385810
0.842330
1.603041
2.000916
2.072590
2.151029
1.940345
2.065061
2.244184
2.192647
1.665719
1.090482
0.305967
0.406580
0.797764
0.336398
0.237511
0.862580
1.333213
1.248367
1.080882
1.598034
1.684350
1.619932
1.796832
1.367661
0.595691
0.505691
0.540080
0.144363
0.165812
-0.058061
0.660242
1.144435
1.331037
1.450950
1.561495
1.378971
1.143199
0.664640
0.571741
0.835854
0.776559
0.213154
0.326614
0.322105
-0.154705
-0.203663
-0.376765
-0.911361
-1.513605
-1.491612
-1.026066
-0.790306
-0.441444
0.053632
0.669617
0.824927
0.683555
1.067331
1.541268
1.608099
1.590666
1.094592
0.098889
-1.090165
-1.313343
-1.463434
-1.431499
-1.526842
-1.805838
-1.710575
-1.389981
-1.242565
-0.780453
-0.302779
-0.178454
0.007776
0.042628
-0.360808
-0.921239
-1.184078
-1.567185
-1.700168
-1.656271
-1.807947
-2.003921
-1.931433
-2.024486
-1.457026
-1.345537
-1.174084
-0.870448
-0.775796
-0.346822
-0.016491
0.096678
-0.774300
-2.101442
-2.618528
-2.637038
-2.419001
-1.793360
-1.134456
-0.510133
-0.141718
0.224964
0.124955
0.447190
0.694172
0.963153
1.724129
2.276416
2.489537
2.203584
2.172394
1.770590
1.775522
1.544800
0.662432
0.217554
-0.352902
-1.094402
-1.497301
-1.581722
-1.649192
-1.527813
-1.382773
-0.928865
-0.481062
-0.047096
0.467078
0.729945
0.588691
0.325506
-0.026836
-0.033574
-0.145585
0.290772
0.126931
0.034533
0.171014
0.373202
0.731944
1.051637
1.331599
1.353735
0.812808
0.646805
0.509871
-0.100541
-0.256745
-0.037274
0.147364
0.812572
0.887586
0.904779
0.800102
0.856913
0.206007
0.245648
0.247994
0.549460
1.210734
1.474148
1.494084
1.859171
1.574521
1.641411
1.123449
1.013808
0.909627
0.539661
0.714229
1.359969
1.254142
0.869670
0.930372
0.516268
0.063652
-0.745834
-1.216182
-1.816205
-1.602303
-1.278956
-1.187981
-1.161631
-1.223330
-0.706099
-0.531302
-0.403551
-0.220809
-0.100110
-0.036102
0.395227
0.403222
0.699074
0.771236
0.448875
0.600794
0.063499
-0.696022
-0.732763
-0.627725
-0.697758
-0.200877
-0.020886
0.104233
0.460781
0.402778
0.594198
0.698566
0.089410
0.232087
0.037397
-0.143763
-0.372952
-0.596594
-0.047190
0.196685
-0.239155
-0.316342
-0.202427
-0.289237
-0.120221
0.069085
0.210814
0.204188
0.879328
1.005919
0.937963
0.918447
1.081794
1.068764
1.108924
0.814764
0.799275
1.097467
0.994394
0.799375
0.613572
0.371898
0.292815
0.162712
-0.145648
-0.070694
-0.196546
0.222216
0.422955
0.352400
0.421759
0.802201
0.000275
-0.470396
0.095361
-0.178610
-0.850295
-1.387400
-1.788714
-2.050983
-2.129872
-1.951195
-1.902252
-2.077510
-1.572542
-1.299224
-1.736272
-1.489953
-1.431718
-1.400317
-1.086087
-1.133626
-1.110458
-1.079077
-1.232378
-0.694263
-0.721580
-0.075072
-0.064646
-0.266194
-0.097529
0.503033
1.312610
2.341247
2.538939
2.181368
2.321841
2.289473
2.481055
2.350473
2.126513
1.491617
1.303336
1.134987
1.132293
1.630345
1.296073
0.696561
0.741939
0.537955
0.282447
-0.439984
-0.755123
-0.805554
-0.936660
-1.527799
-1.612799
-1.766705
-2.473270
-2.748687
-2.079633
-1.199543
-1.003014
-1.041090
-0.789893
-0.750461
-0.338977
-0.117821
0.232520
0.411242
0.604960
1.065394
1.600539
1.411760
2.334663
3.011315
2.594704
1.770661
1.251803
0.582373
0.086223
0.130960
0.028178
0.397405
0.346907
0.542945
0.748851
0.726431
0.333453
0.229895
0.111050
0.104264
-0.052769
-0.100563
-0.722392
-1.264687
-1.461566
-2.131009
-2.059307
-1.632723
-1.241692
-1.004496
-0.699394
-0.434947
-0.805747
-1.059169
-0.613992
-0.449910
-0.445070
-0.844042
-0.849756
-0.753706
-0.579874
-0.458737
-0.671517
-0.499108
0.175610
0.549207
0.508731
0.857761
1.167971
1.518301
1.252557
0.265940
-0.319853
-0.376749
-0.873966
-1.013901
-1.314893
-1.462482
-1.146999
-0.328945
0.033296
-0.395704
-0.717434
-0.876903
-0.619840
-0.800971
-0.828995
-0.750043
-0.017350
0.594575
1.297519
1.270756
1.530303
1.693659
1.858439
1.889312
1.655870
1.349075
1.128958
1.072222
0.818238
0.161229
0.273297
0.652423
0.389828
0.820010
1.018541
1.140907
1.019499
0.668444
0.319382
0.229192
0.310506
-0.641446
-1.549317
-1.091696
-0.388465
-0.007229
0.327154
0.750142
1.472777
1.504553
1.958397
2.076916
1.875720
1.804655
1.687029
1.165101
0.428194
0.297548
0.116296
0.156032
0.306096
-0.317095
-1.072219
-1.642375
-2.490363
-1.963131
-1.034425
-1.991034
-1.700537
-0.544373
-1.133999
-0.755889
0.430851
0.594660
1.376807
2.103823
2.648805
1.657813
1.144300
0.693325
-0.135534
-0.437539
-0.511176
-0.508767
-0.638793
-0.790333
-0.370038
0.172288
0.577838
0.218307
0.295749
0.320107
-0.207161
-0.603192
-1.783244
-2.159407
-2.213382
-1.380056
-1.404327
-1.661217
-1.181973
-0.832466
-1.049129
-0.968347
-0.228547
-0.838388
-0.789091
-1.185297
-1.420812
-1.441749
-1.500009
-1.893158
-1.844473
-1.126041
-0.781028
-0.686222
-0.176916
0.448323
0.398270
0.630941
1.036058
1.621172
1.230166
0.915582
1.570145
1.427700
0.717672
0.229297
0.114167
-0.306468
-0.003904
1.084748
1.490005
0.573419
-0.177651
-0.032413
-0.309248
-0.585253
-0.964047
-1.304753
-1.243393
-1.443934
-0.953545
-0.591798
-0.970080
-0.785109
-0.127486
0.267060
0.265450
-0.211092
0.195023
0.805184
0.736837
0.890538
0.183982
-0.228293
-0.218628
0.541032
0.257466
0.124703
0.371045
-0.203831
-0.679539
-0.318238
-0.780407
-0.669587
0.016937
-0.234958
0.143237
0.503899
1.519445
1.512207
1.925270
2.435902
2.356682
2.214788
2.040366
1.707836
1.238198
0.322367
-0.500333
-0.818016
-0.345085
-0.140058
0.277631
0.645624
0.365544
0.650561
0.975100
0.203900
-0.167123
-0.056529
-0.332383
0.176555
0.490881
0.465065
-0.317688
-0.490110
0.031851
-0.256868
0.194808
-0.021447
-0.131634
-0.002650
0.415267
0.187622
-0.024081
-0.809728
-1.857704
-1.625025
-0.846314
-0.479783
-0.625741
-0.375218
-0.031144
-0.694821
-1.443823
-1.457032
-1.544477
-1.376850
-1.853016
-1.663792
-0.743424
0.107795
-0.304983
-0.426532
0.051052
0.548600
0.504237
-0.021405
0.197777
0.623491
0.968765
0.596687
0.463199
0.302414
0.132676
0.077943
-0.361048
-0.214733
0.245733
-0.027377
-0.287261
-0.430632
-0.409152
-0.590602
-0.754997
-0.612804
-0.487422
-1.047200
-0.864644
-0.558550
-0.568339
-0.533474
-0.444078
-0.265512
-0.225679
-0.169022
-0.055253
0.198834
0.212038
0.194193
-0.174453
0.078924
0.077342
-0.057128
1.305039
1.132831
1.049605
0.857050
0.904481
0.529040
-0.028399
-0.194051
-0.876446
-1.144051
-0.781113
-0.940830
-0.527487
-0.142801
0.214803
0.629818
0.452476
0.435602
-0.102659
-0.383279
-0.007524
0.295459
0.401994
-0.004698
-0.459742
-0.313511
0.074727
0.010175
-0.212954
-0.320802
0.014174
-0.555986
-0.466361
-0.486623
-0.230989
0.230640
-0.012632
-0.229773
-0.261463
-0.371684
0.260948
0.547453
0.432809
0.531202
0.283413
0.139085
0.873820
1.824029
1.780296
1.890833
1.602917
0.670705
0.394203
1.066421
1.075345
0.508876
0.264641
0.547750
0.883499
0.761726
0.768946
1.440563
1.188250
0.125674
-0.541601
-0.767906
-0.420011
-0.284387
-0.987005
-1.320985
-0.749613
-0.104647
-0.092809
-0.440249
-1.496575
-1.659363
-0.863853
-0.460597
-0.708264
-0.531557
-0.522598
0.146027
1.657653
0.241405
-1.216155
-0.479168
-0.226432
-0.039851
-0.423324
-0.153623
-0.042041
0.313408
0.598394
0.487223
0.392911
0.314168
0.325597
-0.303245
-0.819308
-0.389762
0.003382
-0.296618
-0.490003
-0.679875
-0.960331
-0.443753
-0.865490
-0.821850
-0.480814
-0.122846
0.090962
0.323521
0.375518
0.329270
0.112666
0.333436
0.038560
0.435814
0.193318
0.585246
0.987455
0.512046
0.578868
0.630292
0.269449
0.484398
0.350791
0.527399
0.609833
0.888003
1.906163
1.586235
1.481420
2.012635
2.522554
1.689518
0.574355
0.116452
0.490029
0.470240
-0.167094
-0.590801
-1.116540
-1.315530
-0.923083
-0.616061
-0.015168
-0.441710
-0.670818
-0.026136
-0.024525
0.186611
0.080517
0.102606
0.524887
0.706454
0.801720
-0.118579
-0.349022
-0.695124
-1.014696
-1.060438
-1.007130
-1.272289
-1.174978
-0.390005
0.627833
0.521824
0.304766
0.614393
0.620599
0.775597
0.958485
0.696220
-0.176783
-0.424601
-0.539514
-0.737112
-0.676545
-1.183655
-1.847976
-2.163831
-1.411264
-0.974673
-1.358263
-1.483425
-1.086593
-0.806670
-0.334590
-0.239024
0.008743
0.274051
0.206801
0.273500
-0.662407
-0.996938
-0.591675
-0.304638
0.035221
-0.257898
0.496790
0.322134
-0.286126
0.869629
1.307846
1.675568
1.859940
1.622247
1.126786
0.832416
0.060080
0.151964
-0.422454
-0.867025
-0.397351
0.413099
0.261525
0.348579
0.683829
0.513455
0.244653
0.484973
0.507514
-0.381438
-0.725726
0.084769
0.521746
1.001706
0.459424
0.139719
-0.022778
-0.193659
-0.474829
-0.434836
-0.609361
-1.409584
-1.267688
-0.705350
-0.218540
0.302329
0.725355
1.237266
1.556606
1.464238
1.380611
0.772500
0.574426
0.324853
-0.604273
-0.704244
-0.672119
-0.713835
-1.117804
-1.660969
-1.580457
-1.259127
-0.979780
-0.969736
-0.317285
-0.314706
-0.534580
-0.237993
0.354332
0.729370
0.454710
0.980961
1.381398
1.255428
0.851436
0.599120
0.814152
0.395032
0.398058
0.266409
-0.260290
-0.463841
-0.495315
-0.855337
-1.003852
-0.975444
-1.545706
-1.519046
-1.183751
-1.283577
-1.096781
-1.113731
-0.637200
-0.557982
-0.524804
-0.589987
-0.372946
0.036590
-0.177665
-0.584134
-0.315404
0.290118
0.390511
0.548711
0.714745
0.668907
0.909123
0.690784
0.781502
1.493221
1.751525
2.063671
1.215817
0.424874
0.300819
0.975989
0.611190
-0.320575
-0.389489
-0.160768
-0.296349
-0.429482
0.079662
0.670979
0.812509
0.481492
0.738790
1.356264
0.807104
0.427502
0.455555
0.218752
-0.403821
-0.699085
-1.123950
-1.342455
-1.376012
-1.473904
-0.901751
0.139383
0.067782
0.199592
0.251916
0.323439
0.181216
-0.132512
-0.624800
-0.596413
-1.272621
-1.325204
-1.032081
-0.632066
-0.720846
-1.177724
-1.334729
-1.210907
-0.068282
0.354809
0.122070
-0.724128
-0.829016
-0.520304
0.079928
0.200467
-0.365546
-0.944096
-1.054783
-0.679542
-0.392639
-1.440344
-1.626730
-0.861681
-0.650266
