-0.176446
0.364646
0.622116
-0.143212
-0.634918
-0.716797
-1.215856
-1.047268
-1.115364
-1.214405
-0.808134
-0.349521
-0.066830
-0.681762
-1.363031
-0.877316
-0.090188
0.197682
0.059129
-0.522724
-0.445728
-1.031519
-1.693482
-0.835196
-0.345557
-0.559398
-0.476618
-1.511892
-1.937442
-1.313330
-0.505344
-0.262111
-0.523334
-0.197385
0.461948
-0.032632
-0.486714
0.004765
0.470563
0.812401
0.340593
-0.031732
-0.373098
-0.648894
-0.230883
0.384933
0.086833
-0.515781
-0.618017
0.105113
0.437538
-0.046269
-0.442047
-0.530587
-0.433701
0.547105
1.411873
1.172657
0.702071
0.559797
0.201320
0.156181
-0.289146
-0.629742
-0.316388
-0.077775
0.077321
0.206896
-0.244529
-0.428309
-0.488900
-0.427095
-0.671452
-0.247303
-0.127755
-0.334456
-0.272987
-0.820603
-1.516383
-1.261010
0.002717
1.342810
1.025225
-0.706530
-1.177765
-0.376080
1.151027
1.501770
0.862155
1.153398
0.284380
-0.387156
-1.451079
-1.320242
-0.112048
0.536989
0.990964
0.751321
0.029480
-0.851674
-1.663986
-1.266563
-0.224514
0.665870
0.608543
-0.051746
-0.215473
0.214493
0.365530
0.024553
-0.166468
0.062512
0.244168
-1.021806
-1.048392
0.164189
0.575206
0.118706
-0.839959
-1.267886
-0.941493
0.217864
-0.197361
-1.196227
-0.086535
-0.030169
-0.899493
-0.652503
-0.326577
-0.712406
-0.848288
-1.242981
-0.330041
0.020608
0.059405
0.646525
0.851013
0.668601
-0.642700
-1.502687
-0.555433
0.921772
1.819102
1.799144
1.589646
1.016391
0.429592
0.050004
0.039226
-0.002101
-0.758091
-1.271717
-1.154450
-0.575175
0.122756
0.222518
0.417660
0.613615
0.890399
0.778829
0.550581
0.691372
1.320040
1.928988
2.425032
1.130592
-0.411089
0.127384
0.748932
1.422152
1.097603
-0.212796
-1.348666
-2.305286
-1.318452
0.223249
0.096527
-0.298035
-0.345993
-0.097114
-0.100113
-0.085450
-0.087785
-0.013116
0.175632
-0.192979
-0.555739
-0.772658
-0.761248
-0.638159
-0.107093
-0.223269
-0.311244
-0.193675
0.390191
1.080478
0.784593
-0.087256
0.156443
0.164152
0.439430
0.110823
-0.228170
0.138357
0.110328
0.341040
0.251392
-0.313702
-0.608209
-0.794103
-0.371171
0.273772
0.804064
-0.015776
-0.743250
-0.784116
-1.054543
-0.628969
-0.172700
-0.096831
-0.665146
-0.243690
0.284194
0.532952
0.214311
-0.399357
-0.317234
-0.516787
-0.265083
0.733152
0.668222
0.330260
0.259062
-0.158507
0.897654
1.144399
0.554687
0.276716
-0.560685
-0.567262
-0.408526
0.014390
0.700385
-0.002456
-0.441313
-1.087863
-1.520773
0.028279
0.141923
-0.347946
-0.454405
-0.602059
-0.400444
0.732490
0.569103
-0.254594
-0.154428
-0.205272
-0.214128
-0.835373
-0.697414
-0.056056
-0.087492
0.578077
0.568368
-0.042351
0.287455
0.816132
1.204239
0.012189
-0.703987
-0.067830
0.161401
-0.277390
-0.563442
-0.126998
0.713800
0.672534
0.558291
-0.168083
-0.356150
-0.103680
0.023001
0.307828
0.683323
1.549700
1.731182
0.751762
-0.346848
-0.780525
-0.904666
-0.344204
0.349267
0.174874
-0.242726
-1.150133
-1.247733
0.042938
0.271840
-0.092277
-0.006762
-1.194236
-1.680438
-0.838186
-0.727905
-0.094536
-0.306512
-1.645958
-2.064742
-1.530916
-0.919617
-0.749342
-0.910439
-0.347946
-0.935459
-0.607995
0.281162
1.053050
1.308989
0.973977
1.028521
0.930860
0.734291
0.756188
0.529022
0.040044
-0.402217
-0.519983
-0.515503
-0.686401
-0.463139
-0.209446
-0.000731
0.378877
0.796875
0.718251
0.892880
1.214246
1.253694
0.776608
0.665676
0.180784
-0.956592
-1.553776
-1.394634
-0.425511
0.734976
0.654332
-0.850259
-0.698179
0.550742
0.867207
0.891093
0.616516
0.534031
0.667149
1.058538
1.481524
0.701322
-0.289256
-0.716910
-0.023929
0.154441
-0.149668
0.353714
0.036423
-0.799326
-1.175638
-0.648106
-0.737149
-1.116592
-0.347921
0.563776
0.641110
0.115845
-0.022489
0.102690
0.427845
0.679767
0.698175
0.702506
0.439201
0.813772
1.238322
1.577044
0.406943
-0.416851
-0.026451
-0.162334
0.185134
0.931345
0.462969
0.064059
0.581981
1.386402
2.143426
1.067918
-0.399613
-0.850886
-0.875415
-0.441655
-1.007943
-2.408696
-2.399248
-1.082698
-0.011409
0.434722
0.874101
0.934058
-0.017493
-0.979581
-0.531872
0.832662
1.746019
1.573687
0.793174
0.611047
-0.011797
-0.354961
-0.791638
-2.022964
-2.480346
-1.247774
-0.019841
1.251907
0.641903
-0.568103
-0.000949
0.199526
-0.559775
-0.860170
-0.453802
-0.414223
-0.289172
0.043181
0.237069
0.324516
-0.038601
-0.663274
-0.920911
-1.069083
-1.024772
-0.407640
-0.134457
-0.442205
-0.279958
0.131651
0.144856
0.471977
0.602888
0.842272
1.301623
1.275999
0.640922
-0.482887
-0.772597
-0.830285
-0.437837
-0.450685
-0.001456
-0.047419
-0.851649
-0.636235
-0.025855
0.471228
0.673130
0.589092
0.466376
0.138455
-0.236672
0.038008
0.755881
0.474965
-0.231629
-0.681577
-1.211532
-1.085365
-0.723963
-0.928255
-1.415757
-1.325274
-0.547730
0.260424
0.294266
-0.191232
-0.578840
-0.913544
0.267971
0.378979
0.067927
-0.074656
-0.029142
0.531253
0.512614
-0.395934
-0.346598
-0.114949
0.047247
1.047447
0.348300
-0.976111
-1.400877
-0.026688
1.415084
1.798351
1.391882
1.307277
1.254986
0.645827
0.115124
-0.040370
0.256928
0.174401
0.005238
-0.165594
0.107932
-0.033767
-0.329222
-0.348114
-0.589411
0.266010
0.868140
0.312624
-0.059542
-0.645549
-1.145846
-0.608219
-0.478438
-0.859186
-0.684009
-0.630198
-0.584136
-0.036070
0.126792
-0.433977
-0.818174
-0.534759
-0.101963
0.439255
0.300352
-0.322855
-1.172146
-1.213437
-0.742964
-0.999322
-1.891466
-2.017102
-1.003659
0.015053
0.319429
-0.184004
-0.289551
-0.532662
-0.570282
-0.098701
0.139295
0.031545
-0.160786
-0.286319
-0.020640
-0.269999
-0.157485
0.206861
0.417026
0.175462
-0.494629
-0.549186
-0.072290
0.580166
0.400285
0.088727
0.234771
0.839463
1.213752
1.472363
0.328101
-0.082535
0.378090
0.721788
0.392569
0.301897
0.640705
0.769600
0.158516
0.077743
-0.082713
-0.574030
-0.067597
0.570565
0.688220
0.044158
-0.808605
-0.930489
-0.456887
-0.162244
0.006006
-0.632981
-0.915362
-1.542415
-1.473479
-0.198280
0.608668
0.628201
0.196390
-0.774809
-1.024114
-0.687203
0.480738
1.041533
0.868625
0.536164
0.252104
0.126625
-0.174071
0.332067
0.722193
0.602377
-0.174938
-0.530436
0.110525
-0.477428
-0.962188
-0.772744
-0.195395
0.227001
0.255320
0.259973
-0.161502
-0.497814
-0.408772
-0.264707
-0.012105
0.016872
-0.353205
0.080248
0.815760
1.570506
1.082061
0.090211
-0.311739
-0.409769
0.177730
0.516939
0.814886
0.658064
0.278488
0.097763
-0.281471
0.068535
0.090231
-0.014256
-0.246099
-1.100139
-1.103364
-0.449730
-0.222307
-0.530088
-0.259919
-0.035875
0.148264
-0.098183
0.182260
-0.064963
-0.450488
-0.631417
-0.469437
0.285836
-0.039711
-0.134586
-0.196516
-0.631745
-0.540614
0.693067
1.078386
0.221191
-0.511873
0.260090
1.197672
0.338981
-0.422720
0.147679
0.264932
0.582003
0.842349
0.753267
0.354702
-0.107324
0.138622
0.685501
0.549202
0.235755
0.011797
0.075686
0.489951
0.237526
0.088241
0.130085
-0.028110
0.224000
0.836258
1.337375
0.915063
0.386557
0.340131
0.379042
-0.064853
-0.474639
-0.608233
-0.637020
-0.008570
0.056541
0.114442
0.416895
0.636580
0.640518
0.015768
-0.366427
-0.160945
0.213270
0.088038
-0.096146
-0.210820
0.416828
0.412651
0.436987
0.541886
0.016620
0.116557
0.442874
0.226498
-0.256729
0.361162
0.927499
0.323278
-0.169883
-0.379440
-0.846031
-0.797283
-0.369428
-0.616308
-1.094018
-1.915351
-2.050792
-1.088435
-0.153974
-0.223197
-0.521021
0.136476
0.671625
0.669084
0.785544
0.400604
0.397608
0.689325
1.219542
0.665235
-0.445062
-0.564588
0.330402
0.610406
0.869899
0.179969
-0.661827
-0.434338
-0.013058
-0.169207
-1.012720
-2.124902
-3.356406
-3.904860
-3.061995
-2.557500
-2.544521
-3.021967
-3.719687
-2.767580
-2.306958
-2.139474
-1.755703
-1.562038
-0.161844
0.237599
-0.113861
0.404893
-0.032766
-0.158127
1.504712
2.287636
2.274609
1.540071
1.018950
1.001874
0.665724
0.913027
1.493236
1.919505
2.173144
2.470898
2.792764
2.686241
2.028743
2.002942
1.973594
2.254330
2.505226
2.347947
1.838559
1.510826
1.719398
1.446564
1.184375
-0.014349
0.012236
0.883457
1.255552
1.432069
0.770477
0.450861
0.812741
1.337696
1.515939
1.297557
1.494579
1.043453
1.101413
0.850041
-0.001688
-0.014113
0.097715
0.138146
1.161093
0.290723
-0.853765
-0.551677
-0.098641
-0.139120
-0.499763
-0.597739
-0.670864
-0.048264
0.080999
-0.651901
-1.199827
-0.816506
-0.626100
-0.748881
-0.243387
0.031326
-0.027695
0.018202
-0.687593
-0.564534
0.825167
1.298868
0.265189
-0.994076
-0.969081
0.016562
0.097092
-0.458516
-0.925074
-0.763882
-0.418185
0.017243
-0.047094
-0.283683
0.197102
0.426819
0.108837
-0.244191
-0.494127
-0.420230
-0.410557
-0.675202
-1.290578
-1.031246
-0.327366
-0.565948
-1.258903
-2.055516
-2.392132
-1.898812
-2.401148
-2.696809
-2.249809
-1.987614
-1.536584
-1.763904
-1.773675
-1.205284
-0.548485
-0.631301
-0.421340
0.913741
1.188516
0.200880
0.449294
0.347454
-0.294333
0.720475
1.483895
1.590042
1.215266
0.080758
-0.499991
-0.399791
1.328509
1.293917
-0.244925
0.091734
1.014204
1.650308
2.151607
1.771455
1.715680
1.432878
1.224101
1.201628
1.374158
0.676990
-0.079224
-0.088653
0.470998
0.589024
0.034204
-0.339253
-0.365271
0.299742
1.184733
0.999227
0.370290
0.033386
-0.014056
0.094387
0.131145
-0.303726
-1.337816
-2.673322
-2.944457
-2.210356
-1.597028
-2.413230
-3.422377
-3.096542
-3.398825
-3.588586
-3.563713
-3.373047
-2.879923
-2.245142
-1.572854
-0.733576
0.587856
1.939942
2.502580
2.495334
2.684683
2.326529
2.359946
2.703994
2.772531
2.727195
3.003848
2.961235
2.647625
2.745874
3.216260
2.971165
2.247778
2.107579
2.139431
2.298052
1.867492
1.513126
0.908455
0.967875
0.977707
0.907755
0.567050
1.063151
1.852727
1.692181
0.891810
1.147188
1.235417
0.798024
0.855835
0.618800
0.503666
1.088843
0.743496
1.049036
1.829532
1.341966
1.084491
1.176976
0.934999
1.112626
1.981926
0.354635
-0.652339
0.128115
0.642176
0.251354
-0.423088
-0.466943
-0.832585
-1.389643
-1.174845
-1.247149
-1.769761
-1.549669
-0.902771
-0.129086
-0.365307
-1.293739
-1.449559
-0.672859
-0.301454
-0.416858
-0.753912
-0.380701
0.216353
0.347527
