-0.942168
-0.543662
-0.120636
-0.567002
-0.801570
-0.210949
0.223309
-0.019617
0.779510
0.991016
0.343685
-0.797682
-1.028525
-0.405027
-0.188955
-0.513480
-0.942870
-0.951950
-0.996847
-0.335854
0.525942
-0.475546
-1.456499
-1.474031
-1.248125
-0.489575
-0.164067
-0.134433
-0.406269
-0.573843
0.017134
0.184905
-0.105932
-0.301431
-0.552905
-0.219466
-0.066530
-0.393992
-0.744276
-0.691127
-0.907391
-1.003492
-0.837050
-0.926427
-0.661098
-0.286895
0.465121
0.209629
-1.009882
-1.062158
-0.579514
-0.253923
0.081516
-0.793372
-1.457018
-1.214040
-0.902517
-1.290032
-1.709184
-1.429220
-0.947826
-0.447724
-0.180085
-0.784140
-0.432097
-0.054748
-0.540280
0.280569
0.539174
-0.447863
-0.860375
-0.245368
0.149505
0.639752
0.235583
-0.005033
-0.048570
0.215276
0.423331
0.051475
-0.285226
-0.534304
-1.229694
-0.878546
0.138471
-0.054339
-0.533718
-0.906499
-0.644222
0.344060
1.134476
1.367922
0.274099
-0.019873
0.037551
0.106625
0.170483
0.010979
0.508045
0.164264
-0.428384
-0.532349
-0.341654
-0.104809
-0.272465
-0.127921
0.120348
-0.390055
-0.216751
-0.163076
-0.156344
-0.233226
-0.229519
-0.232876
0.172966
0.664961
0.248379
-0.157967
0.184918
0.475426
0.181987
0.611535
-0.306663
-1.006038
-0.288994
0.006579
-0.325894
-0.049101
0.215552
-0.227042
-0.374752
0.063487
0.877174
0.174177
-0.334164
0.107024
-0.106640
0.354242
0.189480
-0.475232
-0.724152
-1.016832
-0.329836
-0.352459
-0.699950
-0.022889
0.201788
0.546070
0.972960
1.037220
0.518915
0.594861
1.268491
0.820444
0.397909
0.518361
0.527915
0.637881
0.723085
1.035726
0.556923
-0.056973
-0.447978
-1.079316
-0.742358
-0.563185
-0.874839
-0.595666
-0.446630
-0.341699
-0.594274
-0.326265
-0.408585
-0.709869
-0.361676
0.285400
0.811501
0.138917
-0.580965
-0.741157
-0.079020
0.286706
-0.271447
-0.312650
-0.209791
-0.180073
0.183263
0.484448
0.488971
0.084567
0.017848
-0.330770
-0.431535
-0.309868
-0.527350
0.045541
-0.176645
-0.163957
0.223380
0.551707
0.420398
-0.063165
-0.455841
-0.250999
-0.281703
-0.467745
-0.247714
0.000589
0.667690
0.570182
-0.275166
-0.645618
-0.486813
0.126619
0.746295
1.151793
0.614591
0.092893
-0.153935
-0.395939
-0.165045
-0.247027
-0.645391
-0.470301
-0.171222
-0.313433
0.021854
0.795602
0.734913
0.651719
0.027891
0.191871
0.561890
-0.038323
-0.621798
-1.004509
-0.442525
0.136456
-0.273044
-0.287883
0.231666
0.817927
0.490830
-0.410610
-0.584226
-0.324586
-0.151831
0.278181
-0.585525
-0.810647
-0.150481
0.351908
0.578316
0.763117
0.247791
0.867418
1.432619
1.584640
0.805352
-0.352738
0.229075
0.082015
-0.397998
0.372202
0.815071
0.217070
-0.084100
-0.139840
-0.364405
-0.277641
0.136885
0.307740
0.336936
0.602504
-0.165065
-0.215325
0.412850
0.361861
0.329766
-0.163434
-0.595646
-0.419514
-0.268558
-0.615436
-1.513502
-1.629850
-1.307672
-0.974617
-0.133336
0.037452
0.026877
-0.221417
0.233407
0.592301
0.559016
-0.046098
-0.606385
-1.021529
-1.427600
-1.183224
-0.539269
-0.779518
0.005692
0.744531
0.543601
1.152548
1.022310
0.712412
0.791102
1.287213
1.086093
0.395564
-0.454682
-0.485814
-1.049031
-1.671348
-2.325843
-2.551349
-2.368103
-2.298121
-1.797178
-1.477245
-0.363789
0.445102
1.184333
0.744329
0.122449
-0.011039
0.661675
1.237273
1.272313
1.019125
0.485393
0.682950
1.045647
0.626397
0.047721
-0.021873
0.357191
0.590933
0.354088
0.140929
0.272799
0.355695
0.216464
0.323511
0.654830
0.907288
0.401747
0.122380
-0.217404
-0.416286
-0.728846
-1.159507
-1.030970
-0.644113
-0.304205
0.181527
0.293941
0.160458
0.327554
0.569141
0.993513
0.757787
0.995090
0.637550
-0.210249
0.019260
0.403436
0.314087
0.103025
0.298250
0.120126
0.535791
0.159460
0.007919
0.263008
-0.473088
-0.745130
-0.388861
0.400049
0.545976
0.194980
-0.207318
0.067608
0.393048
0.677144
1.004358
0.066337
-0.757675
-0.780615
-0.873445
-0.448424
0.042287
0.175361
0.037784
-0.736902
-1.197230
-1.607186
-1.304864
-0.139169
1.103367
1.618138
0.966418
0.134081
-0.195410
-0.126721
0.486616
0.447687
0.692816
0.370474
-0.456268
-1.565373
-2.307599
-1.960146
-1.736997
-1.049468
-0.876165
-0.819643
-0.087294
0.947472
1.314713
0.838903
0.466901
0.923235
0.559885
-0.161937
-0.302025
-0.292751
-0.264652
0.164125
0.509423
0.012486
-0.180116
-0.023490
-0.247052
0.066890
0.649927
0.714261
0.418052
0.367490
0.306613
0.006259
-0.562337
-0.348314
0.163625
0.629123
0.760457
0.691080
-0.496869
-1.453828
-1.817755
-0.845972
0.317614
0.252139
0.151230
0.196937
-0.141180
0.183880
0.479307
0.648339
0.064768
0.086748
0.235768
0.022594
0.141408
-0.066008
-0.643177
-0.572599
0.218998
0.302897
-0.447233
-0.652405
-0.003786
0.704052
1.422828
1.686452
0.213730
-0.587026
-0.484632
0.173418
0.727875
-0.003636
-0.625545
-0.516648
-0.732749
-0.888892
-0.201493
-0.070407
0.129369
0.177283
-0.108618
0.638739
0.518085
0.149580
-0.020921
-0.856662
-0.898174
-0.325196
-0.906022
-1.301524
-0.997952
-0.642362
-0.678793
-1.250466
-1.817182
-1.581876
-0.523793
0.004614
0.169162
-0.227175
-0.339852
0.016268
0.488989
0.510176
0.707029
0.332645
-0.113358
-0.023666
0.040317
0.456555
0.483028
0.293522
0.186004
-0.264472
-0.386112
-0.215820
-0.187201
0.157856
0.255851
-0.459784
-0.745072
-0.666697
-0.688511
-0.676482
-0.793439
-1.023444
-1.085205
-1.011411
-1.285239
-1.455032
-0.986092
-0.027748
1.065174
0.777737
-0.350865
-0.273153
0.347418
0.288459
-0.040490
-0.060907
0.142221
0.094105
-0.167561
-0.515493
-0.799097
-0.372070
0.077565
0.265398
0.344353
0.617193
0.971135
1.280435
1.420039
1.705057
1.478863
1.519648
0.955554
0.364043
0.605585
1.034363
0.862376
0.545803
0.535145
-0.056275
-0.690932
-0.389221
-0.540022
-1.039294
-0.961671
0.158668
0.769122
0.041154
-0.109673
0.229466
0.273993
-0.062828
0.401172
0.119397
-0.865565
-1.263340
-1.458500
-1.374447
-0.610361
-1.156739
-1.964731
-2.137749
-1.466316
-0.967643
-1.329742
-1.648202
-1.162209
-1.358006
-0.744916
0.366696
1.310399
1.248949
0.817374
0.901762
1.258106
1.441016
1.543335
1.616996
0.729098
0.090216
0.421319
0.612465
0.281604
0.091370
0.046541
0.376814
0.710847
0.260050
-0.637730
-1.483689
-1.448432
-0.892931
-0.380273
-0.426079
-0.654250
-0.047613
0.362458
0.163626
-0.266397
-0.430074
-0.255579
-0.163039
0.171048
0.585306
1.015324
0.456659
0.238022
-0.148848
-0.586696
0.014288
0.693952
1.478433
1.376612
0.567075
-0.194446
-0.314985
0.312048
0.780886
0.446042
0.406102
0.554898
0.978441
0.730239
0.436075
0.652172
1.366373
1.908568
1.293984
0.527912
0.202269
-0.066956
0.247360
0.212693
-0.235507
-0.753257
-0.355698
0.194098
0.713154
0.042107
-0.593066
-0.210355
-0.227266
0.073588
-0.243689
-0.899617
-0.917607
-0.995243
-0.624272
-0.226503
-0.113697
0.217485
0.358245
0.862371
0.711962
0.116237
0.759770
0.845602
0.912708
0.597180
0.085704
-0.194608
-0.253004
-0.433363
-0.814189
-0.567748
-0.430405
-0.803289
-0.857381
-0.579880
-0.531576
-0.803048
-0.623064
-0.449608
-0.144763
0.577067
0.552417
0.514345
-0.031626
-0.668228
-0.219381
0.160263
-0.067586
0.169524
0.610550
0.573387
0.135021
-0.439344
-0.385008
-0.497679
-0.360051
0.441222
0.725145
0.280846
0.102605
-0.039988
-0.257592
0.221638
0.434993
0.190296
0.183617
0.497340
0.289131
-0.320081
-0.165252
-0.214470
0.127551
0.630309
0.915928
1.235383
0.755030
0.014188
0.104154
-0.041471
-0.527936
-0.757239
-1.076006
-1.615987
-1.396146
-0.398893
-0.569268
-0.644176
-0.130406
0.057917
0.091463
0.194005
0.145387
-0.645058
-0.388733
0.426702
-0.090388
-1.038742
-1.772672
-2.256710
-3.093961
-2.615193
-2.638537
-3.275259
-3.489897
-3.368807
-2.947030
-2.080694
-2.110967
-1.268028
0.155247
2.032854
2.630631
1.863363
1.563428
2.811705
2.981149
2.612716
1.851144
1.518630
2.504794
3.113288
3.167006
2.476914
1.762540
2.039722
2.145175
1.637988
0.930823
0.832389
1.199175
0.848978
0.660290
0.514628
0.590360
0.695907
0.651216
0.474887
0.451958
0.648649
0.998251
1.001237
0.696592
0.339905
0.704380
1.042173
1.135922
1.005861
0.474986
1.109421
1.517505
1.449117
0.992992
-0.256522
-0.034260
0.902892
0.740059
-0.447342
-1.301671
-0.887080
-0.763458
-0.371812
0.468089
-0.188330
-0.488888
-0.035385
0.592407
1.439540
1.579914
1.020211
0.278116
0.435729
0.575926
-0.375392
-1.008047
-0.679381
-0.905849
-0.158344
0.644189
0.402204
0.002017
0.391551
0.931075
0.406060
-0.568731
-1.360752
-0.657459
0.677872
1.480714
0.843585
-0.286187
-0.819613
-1.019375
-0.388066
-0.218413
-0.162933
-0.116343
-0.046971
0.053579
0.422961
0.389504
0.098327
-0.625145
-1.101086
-0.767359
-0.738252
-1.115110
-1.143935
-1.335426
-1.498983
-1.612594
-2.076430
-2.685435
-2.782319
-2.561406
-2.671142
-2.831078
-2.635388
-2.235251
-1.940704
-1.733750
-1.545497
-1.815689
-1.697765
-0.575118
0.508387
0.608170
0.592284
1.753166
1.744638
1.236248
1.065937
1.273123
0.955365
0.860683
0.881486
1.215817
1.121923
1.650365
1.828099
0.954636
-0.213669
-0.817883
-0.198404
0.143360
0.256487
0.086393
-0.224776
0.209382
0.632506
1.046064
0.684413
-0.290181
-0.970526
-1.100293
-0.632099
0.061644
0.639264
0.949373
0.156226
0.055779
-0.045512
0.128265
0.186571
-0.857601
-1.179077
-0.475048
-0.078136
-0.590005
-1.876331
-3.066141
-3.219090
-2.056304
-1.553131
-2.379532
-2.671427
-2.570864
-2.457869
-2.555461
-2.563640
-2.213137
-1.274591
-0.294576
0.880016
1.145187
1.456756
1.540060
1.853498
2.181353
2.106610
3.031165
4.095084
4.063791
3.786002
3.445634
3.834349
3.360400
3.026321
3.003980
2.170643
1.562532
1.619383
1.657576
1.731666
2.024319
2.285129
2.822842
3.444647
2.340488
1.823205
2.101536
2.335777
2.686845
2.074180
1.825119
2.329420
1.876027
1.373923
1.001390
0.749551
0.718565
0.823211
0.210630
0.225766
-0.096867
-0.431528
-0.395356
-0.503243
-0.111993
0.309431
-0.239558
-0.656641
-0.261633
0.747821
0.673390
-0.775817
-1.115922
-0.504298
-0.028919
0.336371
0.041213
-0.376146
-0.874279
-0.844890
-0.220629
-0.452527
-0.709742
-0.438431
0.160521
0.277961
-0.196142
-0.775564
-0.928030
-0.500790
-0.363758
-0.102923
