0.605666
0.252774
-0.202280
0.709410
1.247301
0.982628
0.604819
0.226262
0.180954
0.295298
0.427759
0.542872
0.414350
0.518693
0.512383
0.692175
1.206070
1.071375
0.930407
1.217123
1.245209
0.909680
0.662996
0.867085
0.993787
1.031883
0.994936
0.619783
0.720736
0.874345
0.676902
0.361959
0.512050
0.762562
0.535094
0.292534
0.271947
0.862682
1.240510
0.877093
0.954463
1.125408
0.726774
0.570386
0.679631
0.487233
0.713292
0.775126
0.447209
0.014782
-0.063352
0.430126
0.988475
1.250335
0.622732
0.302532
0.620337
0.765701
0.825252
0.719239
0.314814
0.585109
0.854577
0.422562
0.254964
0.560024
0.421481
0.190807
-0.387343
-0.128898
0.294981
0.601748
0.548347
0.191319
0.093965
0.420049
0.316674
-0.044934
0.038094
0.236393
0.188005
-0.121788
-0.047209
0.169973
0.387899
0.399782
-0.123582
-0.135174
0.043080
0.154052
-0.339562
-0.291272
0.064084
0.205985
0.108942
0.044232
0.099898
-0.083447
0.095437
0.089542
-0.005416
0.078428
0.191102
0.234606
-0.409986
-0.175951
0.036215
-0.075464
0.074908
-0.073693
-0.531447
-0.229023
0.294845
0.168282
-0.148849
-0.600541
-0.840899
-0.147975
0.188461
0.300995
0.315736
0.260072
0.376538
0.194941
0.174519
0.294965
0.417581
0.264287
0.072446
0.324790
0.444644
-0.062004
-0.183087
-0.022059
-0.380623
-0.684694
-0.726648
-0.212148
-0.019415
-0.116040
0.042544
-0.010562
-0.051166
0.066810
-0.272343
-0.900164
-0.260497
-0.044854
-0.140593
-0.326383
-0.257430
0.189826
0.303659
-0.160951
-0.530899
-0.479274
-0.257115
-0.344780
0.015607
0.088169
0.037348
0.101984
0.206973
0.140823
0.007774
0.491186
0.717856
0.146280
0.322734
0.700495
0.654207
0.493613
0.458118
0.316616
0.234875
-0.031075
-0.627495
-0.249706
0.447531
0.512593
0.341476
-0.136795
-0.053544
0.084557
0.121605
-0.113035
-0.100910
-0.034599
0.295928
0.405029
0.245939
-0.090604
0.039557
0.410418
0.246721
-0.289298
-0.284252
0.067437
-0.125160
-0.434904
0.145222
0.554893
0.106737
-0.187434
-0.492596
-0.568509
-0.200291
0.236528
0.282865
0.123465
0.227793
-0.331433
-0.485264
0.080647
0.449379
0.357816
0.022615
0.153403
0.573532
0.359626
0.018869
0.105821
0.373516
-0.064053
-0.458792
0.165476
0.521258
0.058552
-0.063235
-0.224393
0.050159
0.192042
0.086340
0.058708
0.371137
0.353865
-0.303438
-0.118230
0.141325
-0.039676
-0.091057
0.249185
0.250474
0.048311
0.357055
0.497257
-0.025406
0.044434
0.354564
-0.065649
-0.148226
0.088841
-0.292657
-0.265388
0.091427
0.206432
-0.247159
-0.074680
0.185490
-0.087656
-0.012822
-0.229652
-0.369182
-0.532343
-0.902900
-0.633876
-0.254042
0.193634
0.064396
-0.191251
-0.022764
-0.422813
-0.422075
-0.078173
0.434975
0.547775
0.111390
-0.037846
-0.019698
-0.497013
-0.445337
0.167328
0.525044
0.724544
0.473457
0.221847
0.178640
-0.022952
0.115843
0.602206
0.743744
0.311909
-0.194610
-0.308411
0.690051
0.871124
0.444189
0.325627
-0.040237
0.131393
0.408775
0.451245
0.588451
0.360462
0.542840
0.895483
0.468282
0.520054
0.889140
0.652521
0.017539
0.011702
-0.057262
0.133747
0.170940
0.358812
0.610966
0.485411
0.387769
0.127904
0.059562
0.042542
0.006448
-0.102363
-0.328152
-0.486956
-0.474420
-0.523812
-0.478432
-0.519140
-0.967465
-1.431116
-0.996875
-0.598923
-1.013198
-1.042032
-0.630433
-0.271115
-0.042596
-0.625928
-0.925106
-0.408353
-0.284398
-0.390120
-0.094667
0.070280
0.072572
0.094839
0.108294
-0.385195
-0.211078
-0.165373
-0.290090
0.215299
0.517621
0.338929
0.007480
-0.227895
-0.264490
-0.020080
0.412724
0.550286
0.035470
-0.473903
-0.010089
0.196549
-0.127218
-0.172677
0.186093
0.079885
-0.336137
-0.068435
-0.303816
-0.699516
-0.544943
-0.301202
0.217355
0.404228
-0.208863
-0.072000
-0.188150
-0.382809
-0.096575
0.130584
0.233316
-0.150632
-0.038470
-0.048775
0.012198
0.331970
0.503043
0.424552
0.157643
0.057503
0.098682
0.253316
0.476079
0.340812
0.349543
0.756212
0.947922
0.494247
-0.399200
-0.094864
0.468488
0.343550
0.077181
-0.322560
-0.249718
-0.408683
-0.066700
0.498699
0.663822
0.541521
0.452478
0.331506
0.135764
0.198884
0.309041
0.385571
0.314246
-0.050221
-0.396741
-0.663754
-0.531988
0.005395
0.191508
0.127583
-0.161779
-0.269663
0.098550
0.347624
0.382393
0.433439
0.449278
0.489879
0.053513
0.146925
0.299089
0.311800
0.300144
0.066040
0.451213
0.706096
0.334141
-0.152306
-0.149529
-0.221235
-0.625942
-0.196195
0.485427
0.641555
0.463745
0.232524
-0.046404
0.007539
0.362377
0.393639
0.017607
-0.456649
-0.477323
0.020684
0.363722
0.004764
-0.543424
-0.246770
-0.030728
0.094645
0.333366
0.337485
0.066679
-0.148788
-0.263829
-0.216264
-0.115764
-0.187731
0.004102
0.079829
0.228670
-0.370186
-0.627031
0.254958
0.366343
0.178344
0.007060
-0.322567
-0.124631
0.558905
0.401872
0.225136
0.232793
0.035721
0.145811
-0.099334
0.270689
0.706966
0.231294
-0.462971
-0.471619
0.231949
0.469677
0.006501
-0.022339
-0.181296
-0.155279
-0.150310
-0.441275
-0.117899
0.085678
-0.362847
0.037995
0.408390
0.128072
-0.198358
-0.111327
-0.125743
-0.300339
-0.297910
-0.474294
-0.022418
0.297034
0.184511
0.156507
-0.361654
0.013118
0.604871
0.416195
-0.086653
-0.037164
-0.328754
-0.136330
0.340667
0.376720
-0.249978
-0.426075
0.024948
0.402093
0.250880
0.246145
0.265127
-0.105631
0.026773
0.437624
0.093021
-0.178770
-0.013812
0.099172
-0.071210
-0.053926
-0.315080
-0.238404
0.335079
0.450674
0.354860
0.308337
0.368836
0.315260
0.193880
0.263380
0.332693
0.017536
-0.477181
-0.483045
-0.251813
-0.517349
-0.701415
-0.567015
-0.484957
0.128397
0.307040
0.055617
-0.183524
-0.059053
-0.057956
0.435131
0.454982
-0.068105
0.200929
0.176618
0.173272
-0.031821
-0.136821
0.021012
-0.169200
-0.347589
-0.030256
0.266261
0.522177
0.277467
-0.188365
-0.207190
0.521796
0.891825
0.634149
0.600444
0.714523
0.440934
0.479804
0.200050
0.192414
0.703286
0.430964
0.360515
0.631497
0.422166
-0.013720
-0.460628
-0.488937
-0.458718
-0.451202
-0.248137
-0.309586
-0.117903
-0.148611
-0.302791
-0.181282
-0.450499
-0.572921
-0.355560
-0.373159
-0.623907
-0.286745
0.131025
0.166793
0.481466
0.202727
0.071354
0.008352
0.164899
0.165713
0.014167
0.221107
0.178570
-0.074846
0.290776
0.230001
0.060721
-0.145529
0.089965
0.085655
-0.296568
-0.465727
-0.609881
-0.903243
-0.420152
-0.117487
-0.080909
-0.289062
-0.458228
-0.376079
-0.001545
0.113186
0.334827
0.420495
0.100840
-0.137903
0.020827
0.303994
0.407738
-0.136973
-0.375064
-0.128303
-0.317618
-0.347378
0.153774
0.294761
0.377001
0.073403
0.023836
0.541158
0.614107
0.318203
0.090123
0.255920
0.574441
0.508511
0.364805
-0.105417
-0.100499
0.276431
-0.113268
-0.132947
-0.237292
-0.139277
0.064873
0.073161
-0.165526
-0.352992
-0.408645
-0.840658
-0.341795
0.035943
-0.239072
-0.327792
-0.227280
-0.121430
-0.307465
-0.038297
0.404362
0.067346
0.085114
0.616941
0.634016
0.652464
0.042646
-0.257298
-0.121582
-0.652021
-0.742758
-0.340276
-0.001395
-0.262136
-0.261630
0.045278
0.299634
0.512230
0.792868
0.674042
0.263733
-0.386746
-0.558051
0.278279
0.301407
-0.117303
0.144197
-0.338344
-0.276416
0.436545
0.414726
0.186448
0.190162
0.240135
0.119584
0.365964
0.407638
-0.022780
0.101686
0.251271
-0.028355
-0.583987
-0.285952
0.282134
-0.202805
-0.296181
-0.093882
-0.075206
0.072335
-0.033736
0.046003
0.249917
0.374615
0.180828
0.180970
0.134860
-0.097643
-0.122341
0.289416
0.647847
0.458795
0.291193
0.345320
0.423815
0.392313
0.406283
0.632077
1.080367
1.653112
2.659262
3.663076
3.840226
3.379378
3.061628
3.352135
3.314720
3.388562
3.421412
3.155496
2.491707
1.710741
0.517317
-0.186995
-1.153778
-1.907523
-2.203732
-2.304497
-2.152039
-2.481009
-2.907885
-2.954063
-3.224202
-3.430024
-2.853141
-2.320320
-2.431299
-2.731277
-2.750508
-2.679292
-2.079926
-1.942149
-2.249311
-2.102495
-2.078231
-2.388110
-2.763185
-2.231244
-2.083785
-2.004057
-1.703598
-1.908138
-1.629360
-1.159448
-0.943473
-1.225757
-1.259127
-0.969718
-0.765189
-1.088945
-1.100843
-0.657057
-0.643256
-0.599467
-0.651746
-0.402044
-0.501420
-0.317040
-0.145832
-0.334593
-0.318624
0.103100
0.431626
-0.131938
-0.164245
0.109619
0.109972
-0.116975
-0.296826
-0.203776
-0.250457
0.065571
0.504930
0.340191
0.609842
0.743706
0.574537
0.699307
0.729246
0.445653
0.310975
0.286221
0.437409
0.486724
0.877990
0.625586
0.198093
-0.127256
-0.043237
0.257855
0.028147
-0.357835
0.273992
0.451764
0.356495
0.754175
1.071500
0.802992
0.583037
0.826823
0.794027
0.441678
0.880418
1.118095
0.975086
0.923025
0.764329
0.700078
0.696436
0.710830
1.236864
1.964027
2.001942
2.359147
2.790600
3.270541
3.613974
3.590874
3.292331
2.891845
2.708035
2.150885
1.405274
0.776758
0.012116
-0.242307
-0.336657
-1.260325
-1.558022
-1.508464
-1.683154
-1.451078
-1.219302
-1.435436
-1.256213
-1.375464
-1.675673
-1.507822
-1.446266
-1.671889
-1.609100
-1.309668
-1.119306
-1.173342
-1.357296
-1.321043
-0.906294
-0.924062
-1.072196
-1.154192
-1.284350
-0.922821
-0.688670
-0.972106
-1.064480
-0.895797
-0.676437
-1.091609
-1.120458
-1.165102
-0.959279
-0.115032
-0.237747
-0.462209
-0.145829
0.057421
0.145018
0.154842
0.858232
1.721715
2.726827
3.632260
3.370117
2.731566
2.999966
3.187508
3.120613
3.034492
3.158522
3.738998
3.900405
3.367315
2.197449
1.294612
0.047646
-0.464992
-1.033590
-1.849073
-2.794032
-2.922410
-2.822689
-3.232674
-3.668196
-4.015678
-3.871819
-3.991687
-3.556099
-3.318387
-3.447040
-3.544550
-3.647345
-3.332961
-2.726333
-3.173433
-2.847230
-3.444774
-3.219928
-2.461375
-2.606306
-2.860506
-3.218338
-2.563840
-1.717077
-1.833822
-1.882973
-1.766620
-1.627138
-1.797933
-1.400137
-0.946394
-1.191923
-1.255542
-1.267037
-1.199879
-0.605657
-0.511425
-0.553039
-0.457442
-0.490338
0.038499
0.573468
0.123694
0.176922
0.108471
-0.051412
0.345241
0.551936
0.326771
0.554085
0.528475
-0.088388
0.066158
0.791143
0.970716
0.560438
0.581871
0.867042
1.118854
1.222279
0.690851
0.572913
0.846632
0.876882
0.787435
0.486295
0.420717
0.519227
