-0.234916
-0.037532
0.465934
-0.302621
-1.795157
-1.839707
-1.472160
-1.353308
-0.744702
-0.897196
-1.001000
-1.033812
-0.796229
-1.223661
-1.728776
-1.211446
-0.699069
-0.353714
0.825414
0.683000
0.277648
-0.330860
-0.924208
-0.698564
-0.696885
-1.077390
-0.455633
-0.806893
-0.632277
-0.067772
-0.396322
-0.455077
-0.512803
0.221664
1.521176
1.422376
0.381062
0.140438
0.500632
1.037798
0.900890
1.032345
0.729912
-1.316158
-2.226838
-0.708182
-0.164250
-0.468232
-1.180433
-0.851268
-0.339539
-0.246536
-0.832342
-0.563420
0.302799
0.713131
0.663911
0.598360
0.644309
0.704353
1.240447
1.538227
0.486658
0.206025
-0.154631
-0.243409
0.086075
-0.220150
-0.674675
-0.291598
-0.033673
-0.237299
-0.274471
0.398192
-0.137070
0.078248
1.247039
0.807603
-1.277198
-1.925589
-0.718075
0.341776
0.802167
0.699155
-0.502867
-0.957955
-0.396000
-0.676189
-0.155460
1.029149
0.080983
-1.125069
-0.956174
0.678283
0.147689
-0.647843
-0.602306
-0.402966
0.611141
1.695736
0.195171
-1.149381
-0.821095
-0.447891
-1.223902
-2.384907
-2.008530
0.236553
1.406656
1.097748
0.500595
0.525812
0.814228
-0.043108
0.385700
1.523639
0.457767
-1.201494
-1.078208
-0.875140
-0.587554
0.111435
-0.284844
-0.811736
-0.261087
0.206059
0.319870
1.223133
1.765138
0.419572
-0.581875
-0.097010
1.757438
0.753867
-1.267109
-1.166985
-0.675639
-0.406249
-0.459509
0.123590
0.094750
0.420553
0.550843
0.770992
0.151246
0.040252
-0.185251
-0.415633
0.042933
1.092936
-0.181708
-1.327240
-1.110134
0.475674
1.113027
0.158871
-0.912704
0.179651
0.986655
0.955010
0.927212
0.868832
0.072796
0.611693
1.819860
1.025593
-0.155199
1.244462
1.515962
0.655628
0.150067
-0.310690
-1.389555
-1.319909
0.034322
-0.000783
-0.267720
-0.271867
-0.816226
-0.749270
-0.756417
-1.542320
-0.811458
0.698698
0.318243
-0.244717
0.401499
0.230517
-0.272492
-0.695066
-0.785807
-0.543751
0.078835
-1.038363
-1.515525
-0.139813
-0.128091
-1.558444
-1.260207
0.049181
0.267256
-0.379464
-0.332983
-0.213052
-0.733016
-0.705682
-0.731310
-1.300657
-1.168429
-1.388950
-0.354408
1.077601
0.999807
0.443916
0.776504
0.873128
-0.097080
-0.323897
0.768828
1.857418
1.116660
-0.460349
-1.149028
-0.219295
0.348182
-0.898905
-0.854640
-0.242845
-0.587969
-0.320295
0.106782
-0.334641
-0.523170
0.258795
1.418611
1.123036
0.062304
-0.749628
-1.092859
-0.880702
0.068166
0.449529
0.209317
-0.263085
-0.342296
-1.035583
-0.964340
1.322539
1.485958
0.264595
0.267028
-0.025524
-0.764054
0.538399
1.816339
0.801309
-0.152396
-0.378570
-0.483886
-1.397747
-1.046975
-0.580214
-0.985544
-1.097173
-0.710971
-0.902484
-0.526686
0.403142
1.251902
0.383662
-0.478878
1.295257
1.914841
0.595517
-0.729374
-1.505663
-0.693460
0.587311
2.236601
1.826399
-0.472231
-1.260361
-0.469562
0.724607
0.848566
1.216778
0.722641
0.743420
1.520086
0.853175
0.886166
1.834003
1.955792
1.012300
0.487141
0.285516
-0.462748
-1.171931
-2.355839
-2.588194
-1.655268
-1.169240
-0.775542
0.642950
0.190804
0.116871
0.954552
0.615304
0.584989
0.144658
0.019383
-1.222338
-1.912132
-0.741511
0.223624
0.889892
0.646759
1.137009
0.852701
-0.518199
-0.224255
0.956187
1.582069
1.996596
1.585889
-0.102702
-1.042159
-1.308492
-1.054977
-0.802631
-1.493916
-2.113159
-2.689409
-2.626434
-0.892024
0.489665
0.095419
0.034326
0.942106
0.836962
1.312638
0.118232
-0.861040
-1.161874
-1.288722
-0.319480
0.296867
0.722143
-0.213937
0.070116
-0.162736
0.339883
0.470512
-0.627116
-0.361127
0.580721
1.084029
1.133345
1.513294
1.489132
0.550271
0.947415
1.287989
0.297433
-0.431703
-0.201592
-0.773474
-1.635626
-1.573681
-1.766694
-1.752328
-1.576559
-1.159885
-0.104318
-1.491233
-2.376984
-1.972190
-1.308839
-0.640635
-0.122004
0.393312
1.049317
1.270098
1.684822
2.350915
0.992523
0.826463
1.045761
-0.364265
-0.536575
-0.168730
-0.518214
-0.188644
0.493866
1.230260
2.292901
1.710514
1.441619
1.102641
0.573029
1.250508
1.399581
0.513603
-0.561557
-1.001454
-1.364205
-0.793878
0.246883
0.089581
-0.127897
0.742343
1.164426
1.279378
0.073675
0.065627
0.445158
0.973399
0.179865
-0.970339
-0.264483
-0.226828
-1.041541
-0.703893
0.110324
1.348349
-0.026844
-1.807850
-1.497984
0.106387
0.400036
0.249186
0.487991
-0.029787
-0.613968
-0.322577
0.162765
0.123147
-0.338606
-0.142176
-0.593633
-0.998706
-0.944478
-0.311523
-0.553873
-0.416997
0.131041
-0.347022
-1.291779
-0.755249
-0.116324
0.889497
0.487248
-0.152066
-0.579786
-0.410566
-0.747719
-0.696031
-0.110861
-0.472574
0.105011
1.390438
-0.222595
-1.426430
-0.637712
0.830101
1.936653
1.708005
0.967356
0.681266
0.571731
0.645936
0.396060
-0.185359
-0.788126
-0.007505
-0.334401
-1.371578
-1.519880
-1.937338
-1.838482
-1.360928
-1.366759
-0.804340
-0.864358
-1.482837
-1.219994
-0.280954
0.113061
0.143942
0.364332
0.025851
1.045946
3.080326
2.484426
1.355177
-0.065855
-0.596650
0.814258
1.776369
0.763694
-0.752206
-1.247686
-0.845062
0.294024
0.986767
0.384438
-0.092918
-1.114333
-1.747986
-0.234533
0.560435
0.906889
0.456410
-0.735879
-0.969272
-0.519183
-0.297919
0.074236
0.417977
-0.352573
-0.032477
-0.116836
-0.688299
0.138808
0.983592
0.252524
-0.172733
-0.160547
-0.752270
0.352901
0.299945
-0.758177
-1.268621
-0.772600
0.435184
1.016908
0.888516
-0.283445
-0.669522
-0.734623
-0.703828
0.538482
-0.350571
-1.350733
-1.898506
-2.155172
-0.481544
0.359841
-0.689084
-0.952371
-0.118390
0.940549
0.171257
-0.108922
0.611336
1.398754
2.591186
1.503177
-0.495148
-0.536871
0.013990
0.532440
-0.587053
-1.266501
-1.429273
-1.588708
-1.071849
-0.956503
-0.762527
-0.612326
-0.245957
-0.325727
0.285041
1.141259
0.248792
-1.165476
-1.091328
0.062945
0.483561
-0.143038
-0.250542
0.911741
2.218625
0.936552
-0.063522
-0.001395
0.857829
0.991931
1.021799
0.774557
0.227491
-0.347707
-0.741479
0.711416
1.588971
1.064634
0.513294
-0.593780
-1.525134
-0.571002
1.523990
2.441402
1.011768
-0.400513
-0.030621
0.656507
1.194581
0.984933
-0.393784
-1.227275
-0.886507
-0.077326
0.237413
0.019536
0.058798
-0.686653
-1.221012
-0.966798
0.156590
0.350419
0.231903
-0.378742
-0.632570
0.084422
0.262297
1.041107
1.029426
1.093765
1.056016
1.056593
1.229421
-0.009452
-0.372154
0.852201
0.931767
0.511060
0.627348
0.515279
-0.387310
-1.501073
-1.876065
-1.020874
-0.218028
0.153566
-2.358413
-3.682383
-2.470843
-1.729451
-1.738126
-1.739406
-0.773632
0.780435
0.322373
-1.019808
-0.841743
-0.678755
-0.094513
0.606455
0.293543
-0.190498
-0.879818
-0.896520
-0.468827
0.296151
0.043453
0.336136
0.082765
-0.679020
0.403412
0.072615
-0.208486
0.276875
1.084194
1.321607
0.649871
0.947805
0.781520
0.024467
-1.305739
-1.675092
0.741891
0.923645
-1.095853
-1.661057
-1.186412
-0.923099
-0.150324
1.261673
0.854709
-1.135994
-1.278488
-0.553391
0.363411
1.702063
0.526706
-1.001160
-0.076534
0.582395
1.380016
2.118914
2.410519
1.264871
0.583343
0.516079
-0.400706
-1.034924
-0.875705
-1.311634
-2.555779
-2.122334
-0.411111
0.784675
1.032605
0.455789
1.194271
1.209283
0.196831
-0.149241
0.242017
0.190190
-0.548783
-0.689120
0.232639
0.482540
0.141980
-0.533496
-0.229305
0.130632
0.921166
0.750839
0.638187
1.397834
1.653888
1.145087
0.531180
0.505386
0.381819
0.326147
0.737883
-0.392447
-1.116738
-1.545217
-1.116909
-0.162897
-0.312313
-0.627688
-0.191790
0.483607
0.341625
0.324591
1.424567
1.711528
1.099908
0.600903
0.781485
0.707622
0.065174
0.376759
0.189463
0.800939
1.576403
0.459746
0.247344
0.410394
0.331909
-0.082904
-0.992903
-1.623743
-1.652995
-0.035433
2.043843
2.095121
1.108307
0.510098
0.114131
0.454592
0.050386
-0.523549
-0.214480
-0.127567
0.520161
0.649081
-0.311900
-0.064801
0.496733
0.574052
1.085272
1.072069
-0.041043
-0.338932
-0.071427
0.138373
-0.028395
0.508334
0.495088
0.558931
0.764475
0.912023
1.312916
1.402797
0.846170
0.797203
0.387489
0.028580
-0.017226
0.164109
-0.218256
-0.332962
0.662952
1.115549
-0.085746
-1.056522
-0.775973
-0.387883
0.574042
0.678193
1.080989
0.923984
0.503877
0.300734
0.179833
0.272483
-0.223620
-0.639480
0.633459
0.280613
-0.394868
0.882960
0.398003
-1.100522
0.074173
-0.634537
-1.801018
-0.942178
0.111847
-1.146681
-2.220322
-1.742702
-0.951837
-0.165554
0.216340
-0.956456
-1.543017
-0.445031
-0.205056
-0.606844
0.036111
-0.354466
-0.915842
-0.234319
-1.077204
-1.897952
-0.669019
-0.197686
-0.529598
-1.018765
-0.998610
-1.061035
-0.836736
-1.443077
-1.416510
0.628968
1.052030
0.872036
1.310236
1.279299
1.989892
2.508635
2.343138
1.048255
0.267150
-0.512390
-0.902196
-0.506241
-0.811834
-1.438069
-1.153337
-0.847789
-0.333265
0.019667
-0.654285
-0.627236
-0.344184
0.282640
1.318898
1.059587
0.633299
-0.633678
-2.249237
-2.447963
-0.959121
-0.606032
-1.096641
-0.514772
-0.021510
-0.520782
0.363353
0.958585
0.162829
1.201779
2.530731
1.825482
0.989525
0.247895
-0.242465
-0.315811
0.866159
1.295600
-1.135885
-1.195620
-0.011110
0.798637
2.009662
0.405500
-0.627043
-0.208129
0.895455
1.615567
1.201381
0.173748
-0.894896
-0.549992
0.302411
-0.527964
-0.752492
-0.839283
-0.605680
0.113688
-0.368651
-1.214062
-0.890128
0.028847
0.613451
0.501646
0.165857
-0.485143
-0.670928
-0.820445
-0.520048
1.038563
2.721718
3.138063
2.829249
2.634056
1.037498
0.054327
-0.453208
-2.060958
-2.879811
-2.357996
-1.426862
-0.640853
-0.159058
-0.090594
0.845971
1.410187
1.037471
-0.386084
-0.229784
0.949271
1.040141
1.215300
0.861962
1.029868
0.988717
1.839195
3.270895
3.093179
1.561761
0.268662
-0.174623
0.281593
1.477105
1.151920
-0.685344
-0.982832
0.115754
0.051017
-1.351148
-0.971317
1.011573
1.471768
-0.146987
-0.592500
0.622991
1.289726
2.481925
1.636120
0.478591
0.572858
0.398274
0.901432
1.660708
1.172420
1.451365
1.962787
1.418455
1.628933
2.884574
1.082025
-0.090532
-0.190797
-0.386450
-0.763282
-0.921010
-0.747478
-0.702324
-0.293896
-1.198268
-2.272001
-1.622053
-0.612024
-0.180263
-1.183136
-1.070523
-0.159127
0.743804
0.030971
-0.391378
-0.057373
0.655083
0.881194
0.563310
0.605013
