1.525671
2.532250
1.484374
0.757297
0.502184
-0.251374
-0.721342
-1.197025
-1.661085
-1.334748
-0.965611
-0.880214
-0.419753
0.577880
0.564813
0.704224
0.958832
0.590120
1.131528
1.349526
1.665665
1.199610
0.282095
0.497776
0.850763
0.485140
0.724394
0.041732
-0.372309
-0.420832
-0.033199
0.378082
0.084741
0.209233
0.753459
-0.282016
-0.930146
0.009687
0.935978
0.984396
0.975405
0.518191
0.345091
-0.210327
-0.735158
-0.687661
0.192645
0.141318
-0.661146
-0.585007
-0.675686
0.470600
1.191179
0.627634
-0.416695
0.204651
1.449880
0.920853
0.843526
0.550986
0.477473
0.997965
0.577373
-0.162859
-0.387352
-0.117853
0.546107
0.367086
-0.417031
-0.752836
-0.384058
0.128681
-0.027920
-0.322752
-0.491397
0.067433
-0.099700
-1.105530
-1.815101
-1.500945
-0.928196
-0.730612
0.410528
1.247546
1.150071
0.597622
-0.265623
-0.301560
-0.151425
0.402748
-0.624700
-0.843552
-0.688669
-0.997006
-1.508709
-1.330155
-0.462153
0.077342
1.169291
1.155059
0.887678
0.656163
0.737065
1.096342
0.232563
-0.182021
-0.285322
0.108890
0.408982
-0.003068
0.242811
0.503779
0.536152
-1.219659
-1.857752
-1.467645
-1.084619
-0.919824
-0.682718
-0.022129
-0.097739
0.224251
-0.272335
-1.009634
-0.016775
0.191383
-0.399149
-0.000091
0.165924
-0.301637
0.022935
-0.800297
-1.594977
-1.973440
-1.685619
-1.234624
-0.646129
0.194550
-0.091635
0.122401
0.679373
0.514432
0.525537
0.034329
0.375438
0.503226
0.166751
-0.755651
-1.132994
-0.830797
-1.004304
-0.694987
-0.245096
-0.248879
-0.107602
-0.789432
-0.999989
-1.356983
-0.697336
0.326941
0.648763
0.474585
1.116315
0.927449
1.034713
1.330816
1.600597
1.654635
1.566998
1.445347
1.425570
0.873320
0.428719
0.253244
0.380602
0.467223
-0.258157
-0.730440
-0.199393
-0.135055
-0.024419
-0.433356
0.265596
0.431463
-0.165134
-0.590285
-0.089697
0.685478
0.559785
-0.668211
-0.400055
-0.405888
-0.161304
0.297262
-0.043626
0.099756
-0.476507
-0.914294
-0.861587
-1.005494
0.139530
0.571664
-0.316875
-0.673925
-0.937986
-0.674997
0.241511
0.395534
-0.181873
-0.511869
-0.693973
-0.612226
-0.100030
-0.044947
-0.315741
-0.344392
-0.567638
-0.078261
-0.090385
-1.156640
-0.808561
0.260639
1.006623
1.076363
-0.250448
-0.042129
0.925622
-0.010556
-0.449509
-0.425601
-1.189724
-0.907703
-0.507048
-0.454987
0.427880
0.144444
-0.059110
0.212556
-0.462926
0.094601
0.648697
1.017999
1.490493
0.680631
0.490438
0.529289
0.011940
0.449648
-0.098919
-0.917152
-0.332420
-0.263873
-0.032328
0.745732
-0.256623
-0.879967
-0.742793
-0.134234
0.111389
-1.111823
-0.882529
-1.492768
-1.529734
-1.056307
-1.627535
-2.273016
-1.907411
-1.372115
-1.377940
-1.860849
-1.873393
-1.696141
-0.630204
0.802904
0.937048
0.542494
0.267089
0.558303
0.972601
0.577870
0.365022
1.015486
1.651668
1.978218
1.275362
0.690280
0.449917
0.230901
-0.189302
-0.593438
-0.689542
-1.419874
-2.002108
-1.736516
-0.601609
-0.437850
-0.683418
-0.190387
-0.386175
0.096186
0.876181
0.401431
0.539596
0.728130
0.058661
0.925934
-0.144656
-1.404976
-0.733631
-0.100347
0.019994
-0.584487
-0.776690
0.230028
-0.716865
1.438862
3.430983
4.015660
4.561493
3.713612
3.296204
3.379212
2.922501
2.614077
2.572504
1.421128
0.057576
-0.314778
-0.423671
-0.880527
-1.425537
-1.907013
-2.226856
-1.808088
-1.316551
-0.816107
-0.023309
0.382315
0.431482
0.212947
-0.502184
-0.596315
-0.591547
0.062324
0.285488
0.628724
0.982525
0.564558
-0.327414
-0.869572
-0.278215
0.205324
0.450643
0.924126
0.827128
0.201157
0.329992
0.025445
-0.432553
-1.391242
-1.114375
-0.502883
-0.643932
-1.007089
-0.649017
-1.835134
-2.848341
-2.733852
-1.389827
-0.528579
-1.333890
-1.390407
-1.343064
-0.681312
-0.605635
-0.520579
0.216834
0.732758
0.555715
0.582908
0.136883
-0.289689
0.507140
1.137109
0.839379
0.009334
-0.502743
-0.054732
0.470469
0.422402
0.417074
0.083545
0.402510
0.699527
1.174967
2.310135
1.864038
1.023831
1.286768
1.249612
0.960553
0.166605
-1.034960
-1.597476
-1.430354
-1.777220
-1.583993
-1.407035
-1.208523
-0.949184
-0.585326
0.172237
1.102943
1.709248
1.824151
1.716546
2.217839
1.343546
0.475049
0.326204
-0.222296
-1.119216
-1.265367
-1.656335
-0.706797
-0.502426
-1.501904
-1.199641
-0.368126
-0.793275
-0.817882
-0.234171
0.199209
-0.358133
0.272091
0.736742
0.235505
-0.205351
-0.719911
-0.215397
0.211649
0.029883
0.404777
0.519864
-0.758100
-1.516648
-1.386200
-1.239887
-0.376379
0.236988
1.203470
1.637769
1.727345
1.200566
0.427689
0.217812
0.149974
0.012926
-0.453282
-0.370597
-1.012092
-1.503942
-1.016761
-0.499606
-0.613897
-0.022897
-0.007559
-0.602982
-0.409476
0.421835
0.497131
0.032842
-0.408893
-0.056600
-0.012112
-0.788252
-0.498016
0.177459
0.135055
-0.351783
-0.362308
0.685667
0.165682
-0.596452
-0.719009
-0.821234
-0.042712
0.800830
-0.107233
-0.598245
-0.097564
0.412618
1.425179
0.732118
-0.817849
-1.004795
-0.699133
-1.218334
-0.523751
0.614274
0.329288
-0.501619
-0.119204
0.161822
0.712837
0.950305
0.494492
0.098828
-0.158091
-0.111044
0.296332
0.281273
-0.035796
-0.824931
-0.928277
-1.430619
-1.575171
-1.220997
-0.658532
-0.580407
0.547998
0.582165
-0.549914
-0.452771
0.122248
0.589121
0.299711
-0.268687
0.216275
-0.251619
-0.770246
-0.610211
-0.400221
-0.751836
-0.291760
0.620862
0.614417
0.663928
0.640324
0.463127
0.382007
0.519368
0.835570
0.347416
-0.881210
-1.362212
-1.047722
-0.719504
-0.317936
-0.213280
-0.117522
1.016927
0.511033
0.124308
0.461608
0.162338
0.603688
0.497233
-0.009511
-0.164830
-0.925797
-1.484020
-2.322445
-2.977595
-2.551609
-2.345454
-2.899424
-2.672929
-1.081569
-0.471781
0.225363
0.619877
0.272985
0.621129
1.170199
0.749012
0.589251
0.763466
0.582961
-0.021408
-0.242211
-0.417386
-0.811728
-0.864694
-0.761837
-0.705562
-1.756600
-0.924437
0.513767
1.217382
1.392724
1.542737
1.750219
2.671722
2.455686
2.305506
1.426083
0.838040
0.301296
2.030467
3.916869
3.270225
2.953425
2.774327
2.075073
0.974449
0.087127
-0.118354
-0.383283
-0.477996
0.194531
0.626400
1.046911
0.949350
0.633987
0.741952
-0.117190
-1.278989
-1.137293
-0.366946
-0.598892
-1.416680
-0.957255
0.782399
1.301269
0.758203
0.632890
0.813932
0.891732
1.007513
0.238679
-0.132624
0.227311
0.699894
1.123155
1.071975
0.945871
-0.215935
-0.841952
-0.855175
-1.095701
-0.978439
-1.849200
-2.077971
-1.207197
-1.305521
-1.311888
-1.537861
-2.254020
-2.250589
-1.794463
-1.713464
-2.035547
-2.033811
-1.507399
-1.702068
-1.610078
-1.406541
-1.708450
-1.823325
-1.545068
-0.625080
-1.152428
-1.711646
-0.779972
-0.260885
0.546364
0.049380
0.035354
0.421957
0.266503
0.145344
1.036311
1.497749
1.316645
0.315461
0.396384
-0.564345
-1.367951
-0.665359
0.595601
0.763978
0.114887
-0.419684
-0.312736
-0.065937
-0.263996
-0.551155
-0.707195
-0.742232
-0.996663
-1.360312
-0.831319
-0.831296
-1.019515
-0.493455
-0.079579
0.316294
0.846628
1.090532
1.131189
1.088444
0.556188
0.493278
0.316245
-0.414682
-0.720866
-1.601775
-2.442979
-1.795959
-1.686223
-0.780198
-0.190664
0.543683
0.782273
1.155949
1.714660
1.382643
1.048472
0.533796
0.063917
0.513751
1.159827
0.344690
0.253601
-0.166157
-0.808782
-0.112112
-0.176736
-0.102540
-0.328290
-0.183596
1.108614
1.439422
1.201983
1.178425
0.479489
0.308491
0.469116
-0.266770
-0.257700
-0.900443
-1.073555
-1.094617
-0.889675
-1.310789
-1.120675
0.114688
0.557233
0.426212
1.131216
1.165680
1.164940
1.274109
1.095677
0.672192
0.872935
1.175098
0.991134
0.755174
0.918390
0.318783
0.467777
0.974686
1.016196
0.615331
-0.376581
-0.400920
0.147127
1.111557
2.041244
1.618080
1.380051
1.158257
0.078968
-0.413558
-1.033026
-1.105753
-0.334186
-0.245560
-0.559203
-1.136373
-1.115168
0.062947
0.130155
0.205534
0.342587
0.099445
0.437710
-0.317352
-0.754600
0.266667
0.339116
0.855576
1.078434
0.902929
1.682895
2.055109
1.737539
1.242077
0.822483
0.895212
0.036675
-0.543783
-0.003712
0.869159
0.852110
0.733851
0.750776
0.374570
0.163686
-0.187926
-0.153882
-0.254400
-0.621519
-0.522580
-1.308877
-1.342238
-1.156108
-0.647414
-0.766440
-1.145732
-0.682942
-0.734589
-0.215329
-0.079228
0.205486
1.435616
1.091105
0.236359
-0.044863
-0.491985
-0.793727
-0.438493
-0.482104
-0.635561
-0.959352
-0.851785
-0.333707
0.417850
0.202400
0.251109
0.628729
1.210270
1.088908
0.237377
-0.084279
0.127373
0.408776
0.356897
-0.690317
-1.241669
-0.996839
-1.013407
-1.095601
-1.796663
-1.892524
-1.958776
-2.445997
-1.617999
-0.540622
-0.340002
0.066513
0.595168
1.009508
0.859279
0.722949
0.636775
0.363174
-0.525248
-0.925007
0.086276
1.473154
1.384745
0.627923
0.492777
0.763536
0.471891
0.489465
0.240406
-0.169270
-0.029245
-0.586709
-0.224504
-0.166602
-1.002567
-0.705967
-1.215550
-0.887391
-0.249356
1.068798
1.177583
0.828782
1.501983
0.449577
-0.614272
-0.347141
-0.360884
-0.071524
0.687268
0.905553
0.930073
0.597977
0.363956
0.714072
0.636802
0.834230
0.545826
0.092265
0.969892
1.631198
1.585606
1.930154
1.569570
1.164262
0.622769
-0.079385
-0.211663
-0.487593
-1.115025
-0.968641
-0.403267
0.173888
-0.152296
-1.300088
-1.268781
-0.815052
-0.946353
-0.587871
-1.045429
-1.088953
-1.028465
-1.527042
-0.931782
-0.782719
-0.823580
-0.419133
-0.572449
-0.407014
0.378100
2.212763
3.082189
2.438759
1.783461
1.308038
1.422010
0.710844
-0.473781
-1.494928
-1.809202
-0.912824
-0.390812
0.082980
0.623298
1.170757
0.780896
0.658344
0.699463
0.616233
0.455440
-0.160027
-0.107344
1.069631
1.117152
0.728928
0.958624
1.160916
0.872701
1.163754
1.800858
1.609954
1.342653
0.376916
0.416926
0.059433
-0.224251
-0.457851
-0.757268
-0.227856
0.135314
0.275726
-0.110855
-0.489526
0.025252
0.017552
0.305175
0.038983
-0.897027
-0.712087
0.201586
0.032133
0.046156
0.418090
0.184476
0.218637
0.469267
0.766620
1.788448
1.813708
0.323568
-0.325761
-0.658250
-0.730463
-0.388094
0.403232
1.039432
0.612227
-0.518884
-1.040515
-0.663327
-0.737553
-1.057877
-0.174680
0.974535
1.075264
0.426301
0.003652
0.020307
-0.144248
-0.174106
-0.551054
-0.802718
-0.409904
0.331867
