-0.098694
-0.055111
-0.214211
-0.555276
-0.199979
-0.397074
-0.559994
-0.189597
-0.188675
-0.125057
-0.315561
-0.014188
0.139936
0.134461
0.134186
-0.121487
-0.721270
-0.704468
-0.364915
-0.268521
0.079105
0.510377
1.043983
1.038339
0.812181
0.690891
0.704399
0.721830
1.008017
1.303701
1.241219
0.908838
0.626297
0.548580
0.681707
0.697158
1.180927
1.318404
0.622527
-0.341655
-0.217093
0.028533
-0.306402
-0.447185
-0.514279
-0.474116
-0.027972
0.349198
0.351320
0.120254
0.128566
-0.169400
-0.178728
-0.309136
-0.599472
-0.545001
-0.456104
-0.619520
-0.590289
-0.178911
0.044820
-0.306618
-0.674888
-0.673920
-0.824681
-0.913632
-0.835227
-0.677886
-0.558483
-0.438531
-0.007613
-0.234163
-0.314891
-0.118578
0.074758
0.102141
-0.106426
-0.336171
-0.582780
-0.629207
-1.041481
-1.386137
-1.038013
-0.555292
-0.370454
-0.168313
-0.110224
-0.090009
0.290392
0.270820
-0.311400
-0.265738
-0.390458
-0.193195
-0.168310
-0.046735
0.277179
0.334246
0.139270
0.196767
0.106394
-0.666120
-0.942699
-0.939041
-1.084420
-0.536251
-0.283275
-0.012003
0.337453
-0.224898
-0.593314
-0.265193
0.003088
0.354652
0.399703
0.441416
0.597574
0.649373
0.456529
0.001319
0.020954
0.490331
0.658976
0.967531
1.584709
1.658557
1.430569
1.505111
1.126607
0.270093
-0.248519
-0.034455
-0.519351
-0.735783
-1.157351
-1.134844
-0.702416
-0.926101
-0.483146
0.396189
0.132338
0.246743
0.029064
0.171945
0.451253
1.424565
0.731504
0.173930
-0.068293
-0.337158
-0.290648
-0.568468
-0.648553
-0.625379
-1.069587
-0.896835
-0.679063
-1.264124
-2.082245
-2.178699
-1.923304
-2.001587
-2.103166
-2.154711
-2.696311
-2.463559
-2.461225
-2.696103
-2.655671
-2.066131
-1.300526
-0.963339
-0.458158
0.010296
0.215579
0.635773
0.849077
0.065925
-0.322931
-0.324985
-0.854831
-1.343385
-1.861765
-1.821590
-1.546100
-1.277021
-0.857538
-0.548465
0.135137
0.530057
0.120974
0.132874
0.401628
0.346737
0.287254
0.275749
0.509516
0.612629
0.841780
1.776249
2.101970
1.957982
1.941049
1.961369
2.036648
2.027884
1.541817
1.293854
1.558596
1.436960
1.707431
1.984458
1.954622
2.278201
2.121888
2.104798
2.596885
2.726245
2.448996
2.278060
2.130607
1.738034
1.425818
1.199867
0.769231
0.492782
0.673819
0.917460
1.115611
1.410743
1.280740
1.028080
0.532185
0.167333
0.012533
-0.268831
-0.203053
-0.732500
-1.548931
-2.186517
-2.316781
-2.410290
-2.080670
-1.764831
-1.383577
-0.942758
-0.373109
-0.033713
-0.040541
-0.523543
-0.489037
-0.215617
-0.554490
-1.126237
-1.501266
-1.627777
-1.708241
-1.841320
-2.001878
-1.961585
-1.610125
-1.395919
-0.780170
0.009550
0.411653
0.408403
-0.127271
-0.427981
-0.715761
-0.772745
-0.881006
-0.780832
-0.438897
-0.168707
0.619881
0.071264
-0.452749
-0.579612
-0.841120
-0.841653
-0.922511
-1.066811
-0.927596
-1.050592
-1.262797
-1.593268
-1.590689
-1.315748
-0.886766
-0.571794
-0.036115
-0.057690
-0.187397
-0.017562
0.184337
-0.082520
0.004421
0.305555
0.278467
-0.285847
-0.528679
0.080608
0.525613
0.909317
0.952433
1.141688
1.494534
1.762934
2.089718
2.248879
2.210946
2.127725
2.104055
2.557656
2.246531
1.770387
1.655048
1.318727
0.935903
0.877349
0.903357
1.065493
1.092675
1.115819
1.008988
0.956077
0.795727
0.991696
1.311241
1.408417
1.273700
1.461186
1.060523
0.925653
0.580789
0.093396
0.056096
-0.059859
-0.146180
-0.207921
-0.454833
-0.386466
-0.339433
-0.183330
0.031316
-0.039803
-0.019017
0.081909
0.286090
0.180476
0.237144
0.237602
-0.083822
0.251003
0.516263
0.553397
0.666034
1.039794
1.060467
0.777130
1.176672
1.113976
0.586696
0.128276
0.041419
-0.162785
-0.144676
-0.488104
-0.545815
-0.861627
-0.632071
-0.548947
-0.850352
-1.167092
-1.548658
-1.909719
-1.790335
-1.979429
-2.260372
-2.295394
-2.033005
-1.930532
-1.544033
-0.835840
-0.817803
-1.135336
-1.340155
-1.364946
-1.552995
-1.517096
-1.329297
-1.131267
-0.957457
-0.691119
-0.184933
0.033798
0.074117
0.146862
0.245811
-0.464966
-1.153624
-1.358226
-1.782808
-2.619905
-2.944198
-2.754613
-2.582313
-2.270102
-1.399154
-0.859521
-0.630764
-0.452229
-0.495258
-0.403946
-0.056357
0.134112
-0.200295
-0.657850
-0.732369
-0.776444
-0.862942
-0.584922
-0.441744
-0.118092
0.075657
0.385365
0.482001
0.740243
0.407064
0.119192
0.010541
-0.065963
-0.016577
0.045841
0.183339
0.369449
0.758625
1.093730
1.424961
1.477000
1.404053
1.400922
1.568033
1.890002
2.158195
1.973120
1.947809
1.981178
1.670915
1.586899
1.469634
1.728440
2.017512
2.091090
2.177964
1.869617
1.450374
1.235827
0.878602
0.641394
0.643462
0.608186
0.717382
0.737573
1.013311
1.272373
1.541679
1.669413
1.732159
1.673596
1.944754
2.269510
1.931094
1.344113
0.983954
0.694892
0.536170
0.011965
-0.575866
-0.603368
-0.587570
-0.580119
-0.431540
-0.348933
-0.074002
0.293971
0.952222
1.070140
0.789503
0.230745
-0.340426
-0.696214
-0.976549
-1.127605
-1.350645
-1.524009
-1.902703
-1.743867
-1.178497
-0.246492
0.173563
0.799834
1.082814
1.144438
1.383089
1.323961
1.408698
1.502484
1.037206
0.609207
0.076076
-0.272897
-0.371535
-0.381726
-0.790929
-1.021412
-0.793492
-0.676402
-0.498818
0.019046
0.271472
0.625125
0.280914
-0.225483
-0.160588
-0.236189
-0.194308
-0.371644
-0.259347
-0.670786
-0.841761
-0.825444
-0.691990
-0.197075
0.226853
0.217481
0.056554
-0.119643
-0.239967
-0.745823
-1.091852
-1.273629
-0.914706
-0.978786
-1.091388
-0.782720
-0.615060
-0.579501
-0.386065
-0.002966
0.233833
0.263259
0.246117
0.170472
0.187982
0.020524
-0.295941
-0.368449
-0.662474
-0.934589
-0.812929
-0.658041
-0.616095
-0.337608
-0.536753
-0.849749
-0.860256
-1.379565
-1.407665
-1.688908
-1.723012
-1.756286
-1.649435
-1.313741
-1.103702
-0.721447
-0.258414
0.113675
-0.136703
-0.395294
0.044552
0.106582
0.167397
0.387554
0.611895
0.155363
-0.124956
-0.019877
0.378500
0.272483
0.052778
0.303376
0.707189
1.034567
1.318178
1.031722
0.926796
1.076797
1.201805
1.085609
1.025427
0.688456
0.131685
-0.046025
-0.253478
-0.437430
-0.323609
-0.219173
-0.102963
-0.087319
0.063971
-0.127321
-0.067446
-0.423735
-0.667685
-0.592379
-0.550068
-0.898285
-1.373101
-1.432112
-1.341343
-1.047467
-0.597649
-0.212176
-0.028248
0.119296
0.431898
-0.078772
-0.656910
-0.550183
-0.482543
-0.366832
-0.231782
0.036602
0.603889
0.973679
1.386845
1.403941
1.080009
0.986987
1.165692
0.999647
0.754472
1.231695
1.366971
1.271004
1.354895
1.169033
1.037468
0.939590
0.468704
0.199182
0.324425
-0.067056
-0.243871
-0.651120
-0.807707
-0.452245
-0.024619
0.496378
0.840392
1.292667
1.653065
1.570202
1.382645
1.363830
0.928768
0.316467
-0.336996
-0.634457
-1.360363
-1.775985
-1.445677
-0.949293
-0.746465
-0.182965
0.270147
0.546932
0.701527
0.655606
0.510044
0.800976
0.772598
0.512138
0.192569
-0.599638
-1.001581
-0.950254
-0.706624
-0.167640
0.370668
0.468443
0.525095
0.433104
0.077533
-0.091405
-0.602620
-0.802749
-1.083312
-1.334804
-1.675673
-1.665143
-1.717803
-1.389129
-0.804168
0.033956
0.708891
1.056896
1.045405
0.554884
0.371196
0.351019
-0.012889
-0.409091
-0.671578
-0.787741
-0.757773
-0.362626
-0.161215
0.152807
0.730427
0.739659
0.564196
0.221641
0.553547
-0.010802
-0.111757
0.104931
0.056470
0.049346
0.118061
-0.049620
-0.104840
-0.159835
-0.004578
0.557912
0.477376
0.057688
0.172810
-0.000994
-0.511535
-0.305573
-0.037784
-0.257908
-0.392272
-0.245923
-0.031547
0.436308
0.768315
0.703050
0.779890
0.726907
1.009843
1.074476
0.626957
-0.034294
-0.241418
-0.017243
-0.156563
-1.118548
-1.544268
-1.528465
-1.733172
-1.244963
-0.922291
-0.482703
-0.429561
-0.184425
0.468490
0.715478
1.202253
1.352847
0.912445
0.984880
0.356177
-0.199292
-0.415117
-0.754760
-0.930583
-0.345590
-0.605289
-0.404643
-0.033263
0.237447
0.571090
1.066545
0.806637
0.579792
0.715649
0.653084
0.251056
-0.028425
-0.484281
-0.947833
-1.488083
-1.810715
-0.779416
0.275385
0.386562
0.746901
0.688413
0.909487
0.521445
-0.093829
-0.130558
-0.023673
-0.379915
-0.813986
-0.943300
-0.617457
-0.958183
-0.867537
-0.128564
0.297222
0.740173
0.774449
0.475183
-0.029180
-0.269159
-0.483729
-0.841442
-0.875160
-1.017554
-1.015306
-0.564287
-0.516741
-0.707519
-0.595385
-0.083443
0.789735
1.650624
1.424685
1.027568
0.693324
0.026495
-0.090387
0.420370
0.838736
0.799525
1.032755
1.026684
0.769271
0.702726
0.595408
1.062912
1.261306
1.259168
1.190192
1.428591
0.857255
0.690763
0.831710
0.788674
0.519792
0.057967
-0.226657
-0.094472
-0.754439
-1.241704
-1.708420
-1.960693
-1.661360
-1.095555
-1.029581
-1.050297
-0.916231
-0.984490
-0.821603
-0.560949
-0.354465
0.083173
0.436057
0.071063
-0.512219
-1.049332
-1.292603
-1.272231
-0.861934
-0.410288
-0.508044
-0.125808
0.348758
0.096907
0.314950
0.297598
0.508894
0.534977
0.732385
0.300312
-0.281001
-0.584480
-1.355161
-1.884493
-1.603126
-2.015695
-1.968718
-1.103096
-1.276468
-1.343296
-0.865383
-0.726029
-0.377012
-0.275006
0.367344
0.056543
0.029186
0.263435
-0.002846
0.188259
-0.307211
-0.383088
0.072255
-0.498035
-1.001990
-0.595277
0.009583
0.637884
1.643510
0.766083
0.567958
1.262269
1.682519
2.014201
1.863184
2.080178
1.641282
1.273074
1.213492
0.482105
0.371628
0.048571
-0.091108
-0.259754
-0.664743
-0.614889
-0.753126
-0.816965
-0.570352
-0.970306
-1.357500
-1.489516
-0.948098
-0.448983
-0.134335
0.189785
-0.348139
-0.780943
-0.460680
-0.536026
-0.077704
0.460658
0.301317
1.385014
1.271691
0.666711
0.785413
1.043402
0.545122
-0.032229
0.021666
-0.399441
-1.094404
-1.416338
-1.146874
-1.108700
-1.003761
-1.382528
-1.399907
-0.589374
-0.717085
-0.545890
-0.310351
-0.403029
-0.424834
-0.252700
-0.657869
-0.924770
-1.004887
-1.450908
-1.343099
-1.227017
-1.022865
-0.251196
-0.004690
0.159326
0.313250
0.602192
0.481649
0.306992
0.229522
0.169420
-0.562749
-1.198876
-1.260216
-0.851893
-0.768861
-0.301077
0.518085
1.336857
1.455059
1.499651
2.111108
2.281969
2.358360
2.351623
2.812329
1.623008
1.180085
1.822318
1.565217
1.605877
1.511548
1.304512
1.200360
1.432771
1.332722
0.837542
0.905197
0.952327
0.767551
0.599286
0.380950
0.406678
0.247729
