0.659000
0.715836
0.515202
0.528027
0.189032
-0.402184
-0.837750
-1.260797
-1.252150
-1.055081
-0.957615
-0.910630
-0.492675
-0.051332
0.510479
0.860458
1.109870
1.242794
1.110808
0.896388
0.889615
1.212344
1.216447
0.983616
0.807349
0.987340
1.340653
1.477557
1.394809
1.212235
1.022131
0.712646
0.467839
0.145751
0.090268
-0.004277
0.044664
-0.345142
-0.780544
-0.771124
-0.614893
-0.751742
-0.953675
-1.021777
-0.884509
-0.612716
-0.608856
-0.578562
-0.574863
-0.645389
-0.746814
-0.900144
-1.024719
-0.964698
-0.883960
-0.478038
-0.028035
0.328041
0.929071
1.451566
1.398941
1.290235
0.598317
-0.185105
-0.936342
-1.161810
-0.949569
-0.748975
-0.374580
-0.113432
-0.128590
-0.190283
0.157768
0.856538
1.217295
1.142093
0.765422
0.026902
-0.733877
-1.354265
-1.768310
-1.758895
-1.653252
-1.263769
-0.800744
-0.652472
-0.579614
-0.330696
-0.071738
0.350806
0.506134
0.674104
0.401594
-0.133459
-0.550468
-0.510837
-0.323797
-0.248962
-0.271030
-0.419216
-0.532566
-0.504157
-0.406095
-0.065079
0.422140
1.004413
1.437839
1.444949
1.664045
1.846380
1.826031
2.017225
2.241980
2.011134
1.617286
0.883886
0.069437
-0.652501
-0.897567
-0.465854
0.232836
0.944152
1.049323
0.548594
-0.122912
-0.477402
-0.653684
-0.668790
-0.588907
-0.665841
-0.763923
-0.383653
0.121628
0.521940
0.323084
-0.321519
-0.893701
-1.289300
-1.287206
-0.952646
-0.498943
-0.126484
0.159434
0.564280
0.915742
1.028507
0.929758
0.666694
0.132802
-0.209837
-0.487895
-0.504278
-0.491906
-0.231660
0.107601
0.556548
0.836141
0.991143
0.962432
0.726366
0.036340
-1.414090
-2.665752
-3.290449
-2.969144
-2.445991
-2.214119
-2.171157
-1.780815
-1.370208
-1.073032
-1.093983
-0.902061
-0.756237
-0.606153
-0.633746
-0.814396
-0.576826
-0.285338
0.049551
0.161011
0.321957
0.223140
-0.062921
-0.054864
0.057992
0.138073
0.526799
1.054298
1.215364
0.805401
0.262502
-0.176329
-0.803046
-1.211925
-1.563877
-1.608186
-1.368205
-1.077520
-0.672703
-0.368323
-0.213597
-0.011306
0.349513
0.668566
0.657573
0.375733
0.059265
-0.278289
-0.658712
-1.100813
-1.084401
-0.560715
0.191332
0.670241
1.323918
1.950809
2.228100
2.099615
1.545450
0.908058
0.856267
0.908468
0.959331
1.084503
0.958080
0.966976
1.503787
2.094137
2.694392
3.090129
2.994650
2.592043
1.903203
1.254337
0.671376
0.416327
0.304672
0.055509
-0.304671
-0.358417
-0.254281
-0.172985
-0.108859
0.039341
0.265591
0.207351
0.192432
0.298911
0.698045
1.189523
1.311154
0.990209
0.152689
-0.880946
-1.823177
-2.820539
-3.323823
-3.189881
-2.466500
-1.572040
-0.743422
0.033268
0.805602
1.199228
0.743716
-0.050774
-0.660144
-0.914772
-1.211882
-1.575701
-1.560767
-0.901811
-0.223203
0.214566
0.746256
1.088504
1.265914
0.827210
0.383702
-0.050857
-0.568318
-0.844003
-1.115593
-1.381751
-1.464115
-1.352222
-0.781741
0.097025
0.831811
1.288810
1.038186
0.653021
0.538286
1.025855
1.589825
2.037499
2.083180
2.382246
2.335410
1.911486
1.222432
0.885312
0.809841
0.862824
1.100196
1.433149
1.548393
1.512230
1.262565
0.765706
0.102419
-0.487226
-0.585817
-0.642798
-0.011498
0.964868
2.220821
2.968141
3.005398
2.589797
2.011712
1.263380
0.846365
0.937020
0.764268
0.451368
-0.200307
-0.804491
-1.018967
-0.742965
-0.393874
0.105239
0.718548
1.069547
1.237434
0.967065
0.486319
0.041634
-0.370066
-0.679754
-1.038954
-1.652818
-2.016960
-1.971327
-1.614513
-1.367051
-0.906181
-0.869340
-0.555781
-0.370752
-0.478697
-0.771144
-1.240017
-1.350154
-1.415360
-1.610491
-1.698387
-1.562888
-1.363700
-0.855997
-0.263944
0.410610
0.724464
0.727270
0.806470
0.831372
0.957348
0.997851
0.823130
0.329720
-0.014255
-0.059147
-0.012483
-0.048279
-0.168017
-0.351402
-0.705805
-1.290484
-2.010457
-2.909882
-3.001635
-2.507121
-1.940102
-1.691737
-1.646138
-1.462428
-1.275386
-1.070607
-1.253533
-1.577920
-1.887423
-2.002464
-2.112390
-1.915899
-1.297559
-0.460186
0.417891
1.216974
1.997875
2.581837
2.546600
2.228990
1.609805
0.633380
-0.361634
-1.376332
-1.875665
-2.113736
-1.764700
-1.361656
-1.024842
-0.971362
-0.971877
-0.758360
-0.181976
0.621646
0.931157
0.721624
0.214838
-0.455751
-0.773471
-0.700267
-0.620984
-0.483212
-0.423585
-0.522693
-0.642613
-0.616683
-0.196404
0.338033
0.910555
0.971425
1.273278
1.557515
1.457800
1.614920
1.479567
1.114731
0.397587
-0.027146
-0.025629
0.303298
0.827585
1.281208
1.383373
1.571907
1.612620
1.555603
1.559910
1.409467
1.065653
0.651109
0.300669
0.191427
0.365826
0.731940
1.019700
1.012210
1.158558
1.273002
1.004031
0.697125
0.722449
0.957583
0.949470
0.615451
-0.010128
-0.488193
-0.446535
-0.211673
-0.021492
-0.000932
-0.070841
-0.411973
-0.887290
-1.419523
-1.521404
-1.372100
-1.186200
-0.836536
-0.385435
-0.090560
0.007633
0.126725
-0.084591
-0.373501
-0.670583
-0.800138
-0.721704
-0.433166
-0.095859
0.223209
0.369126
0.532162
0.529606
0.040481
-0.434170
-0.390454
-0.103633
0.093142
0.218886
0.132115
0.211572
0.405605
0.778570
0.996633
0.895090
0.869318
0.887076
0.882589
0.660814
0.417725
0.064181
-0.233058
-0.191151
0.210797
0.472643
0.586924
0.799087
1.009338
0.675862
0.352663
0.160292
0.132083
0.037261
0.203744
0.539131
0.342476
-0.071605
-0.290325
0.065473
0.347856
0.752665
0.954461
0.832011
0.851559
0.963719
0.923502
0.507181
-0.378306
-0.943776
-1.271815
-1.134987
-1.060271
-0.893519
-0.341296
-0.068892
0.179197
0.110562
0.191596
0.456365
0.324269
-0.109294
-0.759081
-1.089561
-1.272638
-1.255083
-1.291802
-1.187070
-0.694801
-0.271545
0.005714
0.136869
-0.112908
-0.170138
-0.515400
-0.725051
-0.760297
-1.003431
-1.156904
-0.863328
-0.507925
-0.200795
-0.055682
-0.138350
-0.003646
0.018028
0.151152
0.051496
-0.396340
-0.984882
-1.353589
-1.411628
-1.347348
-1.026806
-0.485226
-0.351253
-0.294417
-0.316680
-0.371908
-0.391857
-0.443211
-0.479725
-0.571121
-0.825068
-0.849331
-0.885819
-0.727873
-0.423321
-0.268697
-0.018510
0.062395
0.510134
1.032430
1.470266
1.501176
1.295804
0.991151
0.556064
0.074047
-0.278734
-0.088616
0.020169
-0.177285
-0.528875
-0.473629
-0.241868
0.054681
0.431019
0.769500
0.804961
0.702778
0.967059
0.975213
0.714249
0.213206
-0.323121
-0.607636
-0.806952
-1.393909
-1.473402
-1.305066
-0.633124
-0.031256
0.544403
0.951917
1.307586
1.462357
1.574687
1.582857
1.266076
0.960617
0.561987
0.060980
-0.400192
-0.856012
-1.095628
-1.042610
-0.721433
-0.311509
-0.092781
0.067543
0.355750
0.468231
0.625963
0.763824
0.879732
0.975471
0.739040
0.388049
-0.273156
-0.604658
-0.935413
-1.061117
-0.971825
-0.847899
-0.610939
-0.424519
-0.009757
0.417945
0.674751
0.531180
0.148840
-0.158886
-0.345287
-0.447650
-0.548713
-0.578399
-0.746694
-0.702438
-0.889858
-0.700838
-0.467540
-0.643703
-0.752853
-0.369249
0.249691
0.551991
0.894810
0.794066
0.697481
0.886828
1.115424
1.009219
0.800520
0.490435
0.014697
-0.453380
-0.437757
-0.310772
0.149607
0.640271
0.827883
0.778035
1.048939
1.228040
1.443140
1.765120
1.591619
1.245114
0.548025
-0.135208
-0.746101
-1.188224
-1.556356
-1.741202
-1.911958
-1.880724
-1.594323
-1.201928
-0.745378
-0.296964
0.162190
0.468878
0.758390
0.854248
1.133621
1.186787
1.066070
0.481577
0.044440
-0.025902
0.129768
0.328845
0.371259
0.382028
0.187720
-0.448182
-0.890821
-0.977694
-0.604328
-0.265192
-0.098501
0.174661
0.578532
0.845235
0.763530
0.736072
0.542432
0.306727
0.242448
0.043840
-0.320042
-0.551424
-0.604837
-0.419684
0.088311
0.585332
1.045703
0.730929
0.304731
0.044773
-0.231728
-0.496623
-0.611617
-0.434265
-0.125721
0.144060
0.120678
-0.047997
-0.310563
-0.425592
-0.666824
-0.564382
-0.480785
-0.190419
0.277825
0.731214
1.031952
1.263993
1.293207
0.862614
0.415349
-0.063683
-0.558969
-0.890385
-0.731084
-0.447799
-0.189786
0.088396
0.635354
0.846012
0.935359
1.147586
1.411495
1.486314
1.701125
1.840568
1.511284
0.760668
-0.306666
-1.359821
-2.140306
-2.410996
-2.606831
-2.272305
-1.816131
-1.421581
-1.344967
-1.218829
-1.107303
-1.402417
-1.756140
-2.088323
-2.040944
-1.856351
-1.373288
-0.778957
-0.488101
-0.383281
-0.090263
0.063224
0.062817
0.182475
0.461328
0.441230
0.471220
0.785571
0.887751
0.975691
1.366144
1.651581
1.453776
0.830048
0.005247
-0.473024
-0.730749
-0.674679
-0.495041
-0.168371
0.399772
0.878465
1.308184
1.459327
1.379339
1.268229
1.072032
0.703592
0.310448
-0.129543
-0.178500
-0.013258
-0.132356
-0.382741
-0.855890
-1.471507
-1.525497
-1.134901
-0.492838
0.422478
0.694777
0.408174
0.043829
-0.321830
-0.604077
-0.692906
-0.599315
-0.493810
-0.566889
-0.678898
-0.562964
-0.239370
-0.079970
0.249148
0.276115
-0.146565
-0.412233
-0.513186
-0.302627
-0.157467
-0.006114
0.009007
0.396442
0.486460
0.533341
0.344671
0.262283
-0.060356
-0.797069
-1.405604
-1.484509
-1.257420
-0.787307
-0.526655
-0.246383
0.177319
0.181264
-0.015386
-0.196257
0.198829
0.862313
1.548043
1.912079
1.737109
1.251316
0.541243
-0.017408
-0.440708
-0.507620
-0.488841
-0.129354
0.046347
-0.142961
-0.521645
-0.649648
-0.529065
-0.376890
-0.153375
0.259057
0.687113
1.218542
1.752856
2.123424
2.402074
2.070844
1.492884
0.749653
-0.173114
-0.868421
-1.165081
-1.235037
-1.229451
-1.073229
-0.560392
-0.286661
0.191106
0.615483
1.003728
1.183308
1.126304
0.917669
0.765498
0.716314
0.683319
0.449232
0.235213
-0.027264
-0.120671
-0.101482
-0.430088
-0.748277
-0.719475
-0.639176
-0.734840
-0.698846
-0.706311
-0.662719
-0.383027
-0.307842
-0.273852
-0.142706
-0.099433
0.019351
0.181156
0.428889
0.509503
0.711291
0.619810
0.231710
0.108944
0.069046
-0.385801
-0.639950
-0.759397
-0.830235
-0.498649
-0.149833
0.068862
-0.020599
-0.437126
-0.742075
-0.773734
-0.575254
-0.365250
-0.059326
-0.029005
-0.291977
-0.400342
-0.497509
-0.683590
-1.048430
-1.294965
-1.374068
-1.080087
-0.865293
-0.835260
-0.695593
-0.781027
-0.971332
-1.141189
-1.036238
-0.706860
-0.720695
-0.840882
-0.926161
-0.981030
-0.538114
-0.169950
-0.046398
0.118536
0.222761
0.408013
0.502015
0.687160
0.786331
0.497337
0.472579
0.983128
1.646640
1.994500
2.280701
2.765501
2.901461
