-0.254525
0.243484
0.488615
0.194077
0.359151
0.812029
1.062700
1.152225
1.142554
0.806500
0.481423
0.204357
-0.122216
-0.359696
-0.518497
-0.745998
-0.811492
-0.565437
-0.341831
-0.024946
0.278416
0.192420
-0.033541
0.041484
0.308407
0.359062
0.369585
0.457636
0.319660
-0.118032
-0.481780
-0.540480
-0.480738
-0.163207
-0.200321
-0.029487
-0.602000
-0.706366
0.151630
0.541227
0.575027
0.328378
0.500048
1.380739
1.246986
0.823521
0.907845
0.698231
0.236405
-0.117290
-0.340991
-0.139403
-0.146247
0.277001
0.946019
1.145627
1.297246
0.686609
0.165914
0.291883
0.333900
0.256780
0.400275
0.018950
-0.418877
-0.649077
-0.582328
-0.292721
-0.110942
0.459515
0.838463
0.869477
0.640584
0.345568
-0.030626
-0.317404
-0.190350
-0.313253
-0.680780
-0.717610
-0.533247
-0.062117
0.164673
-0.032561
-0.571885
-1.017274
-1.504833
-1.563850
-1.078819
-0.556980
0.169501
0.365704
0.183674
-0.103015
0.074690
0.184367
0.004388
0.050684
0.417943
0.079436
-0.078017
-0.060126
-0.226200
-0.224441
0.032875
0.434599
0.422664
0.583983
0.734889
0.551614
0.770538
0.287655
-0.166947
-0.160766
-0.039160
-0.151653
0.224421
0.815729
1.187902
1.403574
1.262538
0.894865
0.498193
0.147484
-0.161238
-0.403693
-0.603487
-0.772785
-0.641404
-0.313045
0.389996
0.580473
0.540171
0.500157
0.440656
-0.152600
-0.619755
-0.891269
-1.197966
-1.128255
-1.057892
-0.886554
-0.540993
-0.339827
-0.246874
-0.395665
-0.456711
-0.629726
-1.067394
-1.299160
-1.410337
-1.267868
-1.340666
-1.484564
-1.420601
-1.201810
-0.631815
-0.143457
0.142011
0.445789
0.524978
0.239156
0.234842
0.421505
0.409329
0.220796
0.215335
-0.150666
-0.428858
-0.221373
-0.243938
-0.256504
-0.507816
-1.099957
-1.847665
-2.789420
-3.214366
-2.665230
-2.159354
-1.624886
-0.315548
0.802428
1.892336
2.699917
3.102137
3.266018
3.098544
2.678736
1.892888
1.241341
0.658208
-0.026063
-0.643306
-1.155790
-0.825051
0.169161
0.996448
1.628918
1.520222
1.175245
0.684209
0.324981
0.078801
-0.596440
-0.839095
-0.307614
-0.190361
0.058665
0.292708
0.421597
0.275551
-0.408360
-0.745979
-1.012257
-1.080327
-1.024434
-1.216360
-1.799074
-1.808692
-1.184431
-1.077017
-0.955163
-0.843341
-0.888848
-0.725281
-0.273450
-0.350956
-0.452761
-0.208368
-0.417008
-0.301549
0.092907
0.119913
0.267889
0.294664
0.053313
-0.116273
-0.039162
0.323327
0.305707
0.500947
0.960014
0.940683
0.909091
0.624528
0.080393
-0.504686
-0.904996
-1.146698
-1.189796
-0.929491
-0.843201
-0.672059
-0.475527
-0.649176
-0.606177
-0.828857
-0.868746
-0.934576
-0.901707
-0.674960
-0.562887
-0.406174
0.057928
0.337183
0.340293
0.571937
0.932617
0.992178
1.021520
1.239275
1.558012
1.468137
1.471490
1.238253
0.917605
1.153614
1.578552
1.960663
2.031208
1.725129
1.444134
1.110347
0.854253
0.742467
0.606998
0.690852
0.778414
0.844449
0.733598
0.659027
0.485762
0.214774
-0.260862
-0.789514
-1.109950
-1.576356
-1.929129
-2.027334
-1.745641
-1.257911
-1.254972
-1.011644
-0.596101
-0.479209
-0.387894
-0.230986
-0.072141
0.217115
0.515800
0.639114
0.642068
0.545521
0.174269
-0.022593
0.017441
-0.243697
-0.313393
0.042312
0.068744
0.247441
0.621337
0.722562
0.895726
1.030275
0.744615
0.601933
0.549685
0.524383
0.304197
-0.351930
-0.958447
-1.000835
-0.658651
-0.042568
0.683794
1.112798
1.240716
1.088348
0.723780
0.272977
0.099746
0.067519
-0.023186
0.013742
-0.125087
-0.257669
-0.166367
-0.298811
-0.391296
-0.189793
0.037237
0.291981
0.120214
-0.343102
-0.541165
-0.747577
-1.265292
-1.552168
-1.798227
-2.222055
-2.431934
-2.200304
-1.907448
-1.445456
-1.396063
-1.459955
-1.377370
-1.199114
-1.091956
-1.197332
-1.121871
-1.001892
-1.048137
-1.073533
-1.160714
-1.442657
-1.449359
-1.071130
-0.555507
-0.400571
-0.467986
-0.676755
-0.836401
-0.592231
0.131177
0.266022
0.251462
0.324233
0.593226
0.530732
0.397288
0.317905
0.011127
-0.089678
-0.600343
-0.801556
-0.588737
-0.121537
0.407529
0.957789
1.857257
2.492903
3.388196
4.424255
4.520394
4.444069
4.409247
3.936696
3.327877
2.601015
2.219151
2.186801
1.810388
1.732993
1.591324
1.456793
1.680918
1.697667
1.510326
1.437881
1.062915
0.720682
0.534509
0.543839
0.271164
0.121582
0.192782
0.440074
0.570597
0.627994
0.254737
-0.162040
0.047593
-0.215248
-0.899978
-1.330086
-1.498603
-1.206837
-0.236146
0.620424
0.841273
1.210600
1.408036
1.331135
1.167908
1.149916
0.872906
0.370238
0.221458
0.121547
0.425946
0.598598
0.349981
0.342715
-0.011623
-0.920991
-1.802212
-2.034067
-2.548792
-2.392860
-1.806428
-1.251600
-0.617349
-0.142393
0.239264
0.403371
0.213321
-0.273111
-0.791871
-2.408391
-3.669230
-3.967284
-4.021410
-3.878235
-3.363534
-2.737384
-2.274938
-1.554955
-0.650445
-0.397849
-0.460775
-0.324078
-0.397166
-0.534715
-0.050219
0.068804
-0.060343
-0.154519
-0.185012
-0.075468
-0.008370
-0.488921
-0.469266
0.031578
0.505596
1.266552
1.489445
1.137593
0.332743
-0.533586
-0.684607
-0.748382
-0.619512
-0.108025
0.147505
0.068829
-0.084769
-0.343200
-0.101811
0.434261
0.750523
1.212476
1.519008
1.319426
1.197403
1.240108
1.262746
1.262255
0.862185
0.540060
0.462084
0.545473
0.254922
0.001539
-0.373882
-0.724784
-1.035153
-1.317452
-0.745621
-0.121411
0.278288
1.008809
1.438773
1.731433
2.029749
1.812521
1.196513
0.782785
0.725329
0.346367
0.110599
0.038767
-0.009217
-0.021907
-0.213973
-0.150794
-0.048141
-0.422724
-0.711589
-0.819499
-0.722296
-0.276764
-0.262595
-0.091443
0.310785
0.427829
0.675942
0.418788
0.024085
-0.412885
-0.821801
-1.402274
-2.009319
-2.109516
-2.079842
-1.708517
-0.930553
-0.493339
-0.201363
-0.233157
-0.185759
-0.010627
0.136964
0.101701
-0.401063
-0.991977
-1.049068
-0.578569
-0.347913
-0.042547
0.314806
0.211859
0.098118
-0.096410
-0.424113
-0.672049
-0.581532
-0.926398
-1.173297
-1.056138
-1.142799
-1.093151
-1.109947
-0.780580
-0.025005
0.657972
1.101089
1.133791
0.871830
0.424128
0.044239
-0.215565
-0.450732
-0.789394
-0.564913
-0.232528
-0.600313
-0.492426
0.071216
0.592521
1.194187
1.319964
1.238535
1.180054
1.014437
0.663921
0.511133
0.399801
0.496878
0.267942
0.064260
-0.157754
-0.437026
-0.428929
-0.145071
0.362704
0.843198
1.031052
0.660850
0.491405
0.518825
0.486415
0.494116
0.533693
0.554596
0.689604
0.475248
0.338042
0.324858
0.242293
-0.295150
-0.670396
-0.796893
-0.753559
-0.985570
-1.061996
-0.833221
-0.480630
-0.101028
0.257832
0.175075
-0.180188
-0.369970
-0.140634
0.270351
0.440655
0.518364
0.196567
0.037891
-0.118216
-0.564702
-0.627673
-0.851000
-1.323023
-1.495302
-1.187610
-0.190263
0.768964
1.344267
1.704238
1.802626
1.941008
1.918976
1.333576
0.754973
0.310761
0.019298
-0.459401
-0.963985
-1.329100
-1.618501
-1.799291
-1.878490
-1.239893
-0.082487
0.724359
1.469347
2.075810
2.167225
2.020965
1.408651
0.371588
-0.800774
-1.354215
-2.048309
-2.420140
-2.442638
-2.147087
-2.056733
-1.660734
-1.035080
-0.231575
0.293507
0.661450
0.787967
0.690695
0.458115
0.369356
0.479621
0.553263
-0.310624
-0.706935
-0.594319
-0.595251
-0.623082
-0.366807
-0.098216
0.000982
0.043313
0.013544
0.024751
0.179756
0.267600
0.328838
0.454927
0.443629
0.471900
0.425786
0.188342
0.403552
0.644016
0.750453
0.700021
0.369970
-0.064423
-0.444227
-0.505047
-0.405595
-0.635790
-0.928526
-0.903816
-0.515948
0.064528
0.491690
1.319750
1.975667
1.772718
1.678474
1.543362
1.068001
0.632689
0.337712
0.315202
0.309647
0.192451
-0.374045
-0.564240
-0.458591
-0.145574
0.560085
0.803788
0.703171
0.744917
0.491268
0.414225
0.771150
0.833704
0.476783
0.077280
-0.418497
-0.894812
-0.656912
-1.290326
-1.460070
-0.949886
-0.682681
-0.753787
-0.837689
-0.952908
-0.566171
-0.080987
0.406557
0.499318
0.415507
0.315619
0.091831
-0.490718
-1.064649
-1.352937
-1.633582
-1.886770
-1.753199
-1.549358
-1.561881
-1.383754
-1.636584
-1.404837
-0.766656
-0.293375
0.202782
0.326948
0.069168
0.072906
0.041721
-0.178796
-0.494290
-0.564932
-0.291808
0.147726
0.545355
0.243850
0.274608
0.336350
-0.048836
-0.332465
-0.677290
-0.506794
-0.028506
0.472417
0.161592
-0.022503
0.394570
0.632164
0.723777
0.772102
0.762382
0.706620
0.458349
-0.400383
-0.886341
-1.014861
-0.984546
-0.662668
-0.239626
-0.179070
0.045801
0.418069
1.239548
1.448575
1.367631
1.374175
1.233443
0.976392
0.682594
0.619053
0.227514
-0.376119
-0.553689
-0.814483
-0.952164
-0.669687
-0.239785
0.067696
0.127946
0.188787
0.381981
0.885165
1.690201
1.508999
1.127439
1.073717
0.870389
0.620910
0.223299
-0.192189
-0.556580
-0.875371
-0.723435
-0.467179
-0.322308
-0.559527
-0.574665
-0.472904
-0.253020
-0.002816
0.247929
0.147856
-0.071062
-0.000985
-0.124577
-0.323078
-0.387125
-0.504244
-0.673751
-0.570257
-0.473003
-0.767079
-0.760346
-0.496772
-0.298609
-0.359117
-0.594523
-0.890887
-0.789802
-0.590965
-0.448954
0.170130
1.036580
1.535864
1.587355
1.740856
1.987161
1.780884
1.208182
0.804629
0.008577
-0.457923
-0.452393
-0.271032
-0.264511
-0.415048
-0.378753
-0.204913
0.149537
0.446130
0.230345
0.188767
0.356405
0.270608
0.266155
0.094874
-0.312274
-0.756363
-1.419558
-2.112291
-2.125784
-1.796662
-1.130332
-1.000540
-0.590189
0.141898
0.771164
0.881995
0.844805
0.952905
0.897604
0.958503
0.531559
0.502620
0.620776
0.477299
0.376139
0.189442
-0.225949
-0.156376
0.160801
0.282739
0.214198
-0.383942
-0.601223
-0.194732
-0.246936
-0.115147
-0.103745
-0.150685
-0.312256
-0.367476
-0.184913
-0.301503
-0.680697
-0.832381
-0.579588
-0.499871
-0.314789
-0.227447
-0.174786
-0.498433
-0.715079
-1.130899
-1.283700
-1.151153
-0.998017
-0.627741
-0.166431
0.102787
0.256461
0.182179
0.484578
0.813101
1.229105
1.490761
1.166952
0.383336
-0.247066
-0.727891
-1.245659
-1.352920
-0.967524
-0.805362
-0.860371
-0.579940
-0.442186
-0.570797
-0.291984
0.245581
0.658854
0.916560
1.021356
1.131016
1.019613
0.627282
0.466709
0.377623
0.371628
0.694067
1.044866
1.123439
1.373297
0.991947
0.794028
1.019731
0.838501
0.975442
1.097724
1.084241
1.110353
0.936424
0.587179
0.729416
1.118890
0.846069
0.476333
0.257892
