-1.478583
-1.198630
-0.824510
-0.432904
-0.100025
0.460243
1.042388
0.920322
1.536134
1.338052
0.308049
-0.561817
-0.266956
0.499150
0.458392
-0.332575
-0.614524
-0.941202
-1.373482
-1.690903
-1.451875
-1.377693
-0.440644
0.837208
1.019286
1.283536
1.354512
1.063190
0.930787
1.844567
1.477343
0.307870
-0.668186
-1.592267
-0.705029
0.085590
0.333252
-0.118786
-0.135022
0.482086
1.769626
2.216904
2.354923
1.957509
1.661908
0.968362
1.001290
0.612165
0.476998
0.011453
0.124709
0.286914
-0.440713
-0.863734
-0.890604
-0.139068
-0.101976
-0.177871
0.549117
1.001158
0.997715
1.522378
1.739493
1.952982
1.372085
0.545930
0.101905
-0.103208
-0.219773
-0.960323
-1.391036
-2.096278
-1.481214
-1.041943
-1.215945
-0.709472
-0.414728
-0.591103
-0.632777
-0.844060
-0.558839
-1.139847
-1.469424
-0.930113
-0.381078
-0.620277
-1.044061
-1.586676
-1.272184
-0.367077
-0.128042
-0.218653
-0.310958
0.009200
-0.677131
-0.411274
-0.346361
-0.522056
-0.449712
-1.030080
-1.162406
-1.652697
-1.343886
-1.342420
-0.443019
-0.398475
-0.250058
-0.190443
0.300019
0.456720
0.439622
0.573214
0.644771
0.257818
0.156352
-0.711975
-1.110516
-0.325335
-0.177334
-0.074838
0.452274
0.381772
1.508524
2.707841
2.322504
1.370066
0.510638
0.673036
1.289818
0.445312
-0.473617
-0.450484
-0.741543
-1.178187
-1.274555
-1.989253
-1.277541
-0.516310
0.476845
1.151513
1.389411
1.414121
2.082385
1.658320
1.479165
1.778510
1.335480
0.134551
-0.910899
-0.203456
0.012794
-0.442032
-0.169565
0.032162
-0.015734
0.407147
0.992286
1.448958
1.578651
1.572253
1.426507
1.218069
0.732940
-0.067525
-0.882570
-1.153140
-1.174890
-1.740619
-1.508965
-0.518217
-0.094540
-0.134333
0.113939
0.380083
0.736052
0.738469
0.318577
0.559497
1.169732
0.962022
0.664787
0.002088
-0.741731
-0.644050
-0.603568
-1.651976
-2.290734
-1.970112
-1.055690
-0.528229
-0.608452
0.027289
0.461070
0.501210
0.363553
0.105972
-0.584527
-1.442853
-1.813155
-2.173190
-2.019114
-2.170737
-1.986832
-2.036550
-2.187459
-0.615624
0.678027
1.369171
1.959109
1.942632
1.640104
1.959064
2.302691
2.134076
1.861049
2.084333
1.637635
0.892861
0.572168
0.483754
-0.477035
-0.834747
-1.373249
-1.058807
-0.842655
-0.434731
-0.513902
-0.145234
0.338903
1.122581
1.393277
1.089225
0.785059
0.097323
0.596150
0.597283
-0.490199
-1.665624
-1.081428
-0.753711
-1.280597
-1.824973
-1.487626
-0.892854
-0.998362
-1.295661
-0.797892
-0.516389
0.210028
0.751942
0.473249
0.261547
-0.314632
-0.812574
-0.868746
-1.040746
-1.001167
-0.836152
-0.517203
0.049955
0.578882
0.107347
0.275001
0.271950
0.670768
0.645916
1.062918
0.648649
0.407900
0.054761
-0.288334
0.012747
0.391213
0.068312
-0.372274
-0.708045
-0.700244
-0.513333
-0.259869
0.134285
0.286272
0.436325
-0.005539
0.074055
-0.102639
-0.293209
-0.179443
0.577202
0.706840
0.713116
0.321279
0.264940
-0.140683
-0.544395
-0.692765
-0.837381
-0.822125
-1.049092
-1.011389
-0.763525
-0.333541
-0.229134
-0.397256
-0.246311
-0.055031
-0.920871
-0.699714
0.051249
0.439629
0.193973
-0.092063
0.357764
0.445864
-0.137744
0.302141
0.845930
0.687778
1.088555
0.816870
0.823379
0.590357
0.818009
1.211306
1.443547
1.513382
1.654419
1.492741
0.986275
0.815914
0.726096
0.341516
-0.098685
-0.274216
-0.536278
-0.473671
0.120240
0.542985
-0.187902
-0.747742
-0.185048
-0.632119
-0.889523
-0.334995
-0.295607
-0.566488
-0.293196
-0.422389
-0.407353
-0.075387
0.313313
-0.279322
-0.480636
-0.367482
0.153174
-0.055074
0.414360
1.526333
1.574390
1.252630
1.259443
1.136785
0.689322
0.424281
0.024645
-0.327763
-0.554276
-0.520464
0.118845
0.072179
-0.185842
-0.536616
-0.232225
-0.217972
-0.039729
0.324773
0.205983
0.154389
-0.174616
0.054838
0.374282
0.005086
-0.186975
-0.404352
0.563166
0.984939
1.031879
1.087899
1.446371
1.826746
2.026474
1.684433
1.125522
0.628078
0.628568
0.749216
0.133350
-0.651315
-1.075591
-0.945843
-0.596965
-0.921478
-0.984748
-1.200232
-0.742419
-0.734871
-0.892320
-0.660241
-1.165923
-1.525994
-1.548784
-1.589201
-1.421918
-1.637235
-1.739178
-1.635531
-1.033067
-1.317723
-1.597835
-1.208950
-0.685038
-0.167437
-0.275138
0.002769
0.307211
0.553455
0.249364
0.162740
0.359442
-0.006756
-0.233636
-0.187517
-0.090605
-0.427961
-0.651398
-0.231794
0.132454
-0.453107
-0.243564
-0.029363
0.217408
0.088660
-0.144003
0.064001
0.192117
0.391569
0.182705
0.356865
0.719333
0.096557
-0.421558
-0.053460
0.201652
0.376587
0.007199
-0.626207
-0.807587
-0.287661
-0.333126
-0.563210
-0.722116
-0.423567
0.398708
0.493582
0.591910
0.513994
0.394717
0.280440
0.512440
0.912814
1.002487
0.170547
-0.108195
-0.233701
0.281488
0.868041
0.413662
-0.149075
-0.375749
-0.003811
0.512668
0.482283
0.111885
-0.510089
-0.627892
-0.507394
-0.941628
-0.143178
-0.384667
-0.441660
0.346831
0.584872
0.271155
-0.162631
-0.698948
0.236440
0.620882
0.703598
0.456419
0.353417
0.123642
0.116950
-0.395406
-0.860794
-0.149998
0.114802
-0.359203
-0.177256
0.065159
0.313633
0.313091
-0.011751
-0.067538
-0.103517
0.217374
0.176792
-0.174720
-0.259574
-0.146145
0.143518
0.473005
0.720284
0.296847
0.530079
0.522194
-0.286295
-0.039236
0.214982
-0.107213
-0.108056
-0.269287
-0.120395
-0.148654
0.339492
1.118417
0.927372
1.086344
1.100668
0.893441
0.350722
1.006067
1.171891
0.766800
0.599679
-0.381922
-0.380113
-0.212710
-0.235859
-0.654997
-0.384735
0.505099
0.528376
0.006353
0.274888
0.308825
0.911913
0.890896
0.889104
0.444438
0.135426
0.216353
0.273454
0.384337
0.726807
0.892198
0.559574
0.433391
0.112034
0.278735
-0.050421
-0.238398
-0.013334
0.607998
-0.050061
-0.301721
-0.028126
-0.421657
-0.190279
-0.248274
-0.159790
-0.316312
-0.026399
0.374219
-0.322536
-0.659070
-0.616796
-0.455785
0.086000
-0.301500
-0.805342
-0.724116
0.203612
0.022232
-0.536568
-0.599826
-1.115721
-0.882420
-0.487695
-0.103223
-0.350755
-0.649229
-0.594837
-0.196140
-0.302528
-0.093610
0.138071
-0.472858
-0.641184
0.472831
0.598153
-0.097411
0.306537
0.674848
0.385190
-0.452304
-0.712630
-0.928975
-0.235334
-0.078542
0.153885
0.341977
0.548082
1.080346
1.304412
1.273419
0.813370
1.098789
2.069918
0.948034
0.675962
0.673340
0.246728
0.441282
-0.664960
-0.619146
-0.627494
-1.289372
-1.293455
-1.068790
-0.556808
-0.229410
-0.233826
-0.876956
-1.392680
-1.580104
-1.539213
-1.434582
-1.133280
-0.591408
-0.401883
-0.792598
-0.651909
-0.479884
0.164349
-0.094880
-0.032064
-0.225936
-0.104865
-0.263122
-0.283775
0.115463
-0.148252
-0.241519
-0.724702
-0.949434
-0.998397
-1.089784
-1.530723
-1.136727
-0.742454
-0.840315
0.028990
1.212321
1.773812
1.237415
1.571496
2.075442
1.739007
1.336842
1.120444
1.280885
1.454021
1.077432
1.233367
1.288803
0.605880
-0.302380
-0.357093
-0.340903
-0.445919
-1.302426
-1.244677
-1.341854
-1.828504
-1.945865
-2.508165
-1.293920
0.336739
1.571507
1.922195
2.509056
1.877616
2.045987
2.274603
1.853963
0.998762
0.678919
0.335631
-0.118761
-0.996330
-2.153194
-2.390571
-2.548180
-2.085568
-0.755305
0.486309
0.897644
2.016622
2.197073
1.671198
1.481776
0.994253
0.450645
0.058104
-0.777157
-1.852382
-2.187315
-2.291688
-2.180022
-3.284863
-4.087070
-3.558187
-2.830924
-1.631477
-0.183557
0.813415
1.339302
1.179209
1.004390
1.354771
1.106857
0.441371
-0.800711
-1.256047
-1.679155
-1.756712
-2.010803
-2.252661
-2.037055
-1.948101
-1.946725
-2.281593
-1.190894
-0.333868
-0.191125
0.103050
0.128122
-0.056619
0.643546
1.148819
1.356930
0.724087
0.809067
1.313227
1.969308
1.989727
1.414958
1.540309
1.666243
0.443900
-0.491211
-1.446858
-0.650780
1.276971
2.182415
2.109617
2.351534
2.351242
2.573130
2.997698
2.647670
2.039274
2.289362
2.313312
2.133382
2.231473
1.927957
1.689124
1.337130
0.897988
1.842626
2.318268
2.451323
2.747599
2.722957
2.498905
2.131507
1.681722
1.632838
1.900114
1.480151
0.939666
0.194155
-0.648440
-1.367417
-1.334094
-1.276989
-1.193856
-1.185836
-1.215032
-1.405175
-2.074603
-2.578576
-1.863957
-1.629946
-1.051013
-0.862569
-1.260671
-1.783305
-2.507046
-3.215125
-2.863157
-2.373101
-2.117036
-1.401770
-1.754089
-1.544270
-1.057616
0.065759
0.096699
0.104382
0.049614
-0.573985
-0.683162
-0.375009
-0.234991
-0.404971
-0.886299
-1.300745
-1.040606
-0.459467
0.523728
0.667848
0.376814
-0.471740
0.180895
0.428624
0.425564
0.039865
-0.518500
-0.802200
-0.732825
-0.323712
-0.254317
-0.080513
-0.089745
-0.248739
-0.142517
0.168174
-0.174337
-0.069278
0.131118
0.259100
0.765906
0.351063
-0.288575
-0.655874
-0.756060
-0.965820
-0.374121
0.353072
0.235326
0.519653
0.356208
0.378591
0.428030
0.532767
0.563215
0.108501
0.044518
-0.113210
-0.707590
-1.175861
-1.446037
-1.060079
-1.068641
-0.727136
-0.267063
0.342042
0.200196
-0.149598
-0.144302
0.015738
1.039279
1.083522
0.619875
0.651507
0.256878
0.508189
1.043066
0.892776
0.547043
0.195670
1.422663
1.373477
0.766076
0.445461
0.845204
1.142836
0.943980
0.127087
0.070685
-0.091415
0.179912
0.531404
0.509822
0.532066
0.408063
0.709410
0.844504
0.203895
0.173409
0.246615
-0.009005
0.120422
0.072300
0.000265
-0.880481
-0.408313
0.209229
0.305760
0.040660
-0.408565
-0.391968
-0.117789
0.084682
-0.049160
0.143405
0.755502
0.579266
0.228725
0.518508
0.316938
0.407793
0.620696
0.214503
-0.062377
0.113100
0.303357
0.272930
-0.309676
-0.259570
-0.303141
-0.590048
-0.838939
-0.686795
-0.823376
-1.506045
-0.661193
-0.002545
-0.009585
-0.096330
-0.365204
-0.302319
-0.998497
-1.294987
-0.693637
-0.558202
-0.622789
-0.296336
0.021928
0.087026
-0.150062
-0.526190
-0.063334
0.429515
0.216899
-0.016347
-0.522255
-0.986480
-0.575281
-0.757641
-1.453756
-0.772786
0.117197
0.038125
-0.177435
-0.298677
-0.205609
0.428788
0.757200
0.411804
0.221622
-0.186619
-0.700111
-0.317232
0.035570
-0.002922
0.208198
-0.145763
-0.559048
0.065792
-0.133091
0.032522
-0.024422
-0.127714
-0.413780
-0.388486
0.226038
-0.107737
0.173264
0.660460
0.406298
0.202972
0.841559
0.864244
0.711748
-0.087729
0.305839
1.116453
0.844369
-0.527430
0.123390
-0.036310
0.316170
