0.891332
0.989454
0.351161
-0.773809
-0.617443
-0.724534
-0.801001
-0.421421
-0.656299
-0.518643
0.309309
0.283860
0.245404
0.160460
0.122802
0.169990
0.398079
0.744441
0.301615
-0.011243
-0.271005
0.145504
0.416191
-0.149652
-0.648264
-0.890369
-1.149944
-0.939687
-0.574811
-1.021316
-1.401490
-0.536013
0.174896
1.103130
0.633570
0.073209
0.162821
0.228985
0.384659
-0.349329
-0.581151
-0.639895
-0.330300
-0.056432
-0.350966
-0.720936
-0.691298
-0.581201
-0.038653
0.001361
0.449699
0.944065
1.388365
1.459613
1.099803
0.848168
0.389790
-0.012060
-0.297075
-1.019640
-1.523676
-1.667205
-1.596612
-1.201441
-0.951473
-0.780326
-0.558272
-0.263764
-0.387289
-0.124368
0.111327
0.422766
0.704074
0.633047
0.454800
-0.224327
-0.258791
0.073345
0.543473
0.503439
0.459217
0.569685
0.753011
0.604003
-0.043807
-0.112435
0.134462
0.087317
0.052577
-0.394599
-0.830759
-0.743066
-0.308393
-0.665543
-1.036323
-0.768080
-0.533373
0.308177
0.714585
1.473860
2.351651
2.883232
2.362705
1.679152
1.398337
1.279903
1.103738
0.331979
0.674411
0.843130
0.316910
-0.399535
-0.843150
-0.402653
0.006225
-0.029970
-0.438235
-0.835933
-0.864843
-1.096248
-1.073194
-1.149530
-1.705965
-1.675510
-1.717317
-1.490950
-1.161103
-0.974172
-0.695302
-0.198274
0.735234
1.411241
1.945909
1.658590
0.887145
0.692362
0.227591
-0.715680
-1.072607
-0.906592
-1.167497
-1.462263
-0.949896
-0.526964
-0.525874
-1.056222
-0.816663
0.008495
0.644170
0.663260
0.367869
0.755280
1.030293
1.401037
1.179668
0.755442
-0.015400
-0.396805
-0.608576
-0.791498
-1.104999
-0.633327
0.055343
-0.243640
-0.052928
0.515039
1.337844
2.116271
2.017125
1.489619
1.406709
1.197631
1.283787
0.703091
0.226721
-0.267214
-0.172203
-0.270030
-0.842856
-1.055633
-1.019607
-0.676949
-0.236852
0.203722
-0.091225
0.200939
0.395766
0.375553
-0.230270
-0.202753
-0.284934
-0.499333
0.105043
0.486677
0.005148
-0.595134
-0.605044
-0.278153
-0.472887
-0.324842
0.501812
0.010092
-0.137933
0.319752
0.505728
-0.284075
-0.165020
-0.310348
-0.551138
-0.563919
-0.533314
-0.719392
-0.375647
-0.031388
-0.311077
-0.595182
-0.699936
-0.092642
0.095769
0.337517
0.551218
1.038105
1.495700
1.469087
1.514109
1.074555
0.488845
0.357775
0.176810
-0.054232
-0.113348
-0.248397
-0.047182
-0.407080
-0.753501
-0.580035
0.016716
0.191111
0.272590
0.423687
0.901390
0.864747
0.693408
0.096541
-0.007433
0.040821
0.029719
0.473971
0.188391
0.234804
0.121618
-0.082939
-0.152157
-0.141220
-0.194660
-0.034448
0.338402
0.343349
0.157257
-0.455603
-0.598885
-0.569123
-0.741990
-0.396383
0.003950
-0.025609
0.393372
0.822310
1.096720
0.743175
0.732227
0.515512
0.895010
0.572432
0.129322
0.302276
0.314361
-0.011084
-0.432467
-1.037932
-1.058647
-0.392107
-0.155518
-0.414496
-0.759594
-0.269705
-0.329568
-0.920608
-1.132426
-0.793695
-0.682267
-0.235374
0.198351
0.629914
0.806117
0.321575
0.173103
0.798030
1.013055
0.750050
0.681802
0.452354
0.456537
0.270654
0.294296
-0.067542
-0.850221
-1.106540
-1.237948
-1.830110
-1.786725
-1.506425
-1.752592
-1.328897
-1.399294
-1.699740
-2.198167
-1.959812
-1.388943
-1.214084
-1.108162
-1.051373
-0.824835
-0.763299
-0.859966
-1.388302
-1.373566
-1.203094
-0.860694
-0.780399
-0.829744
-0.936061
-0.779458
-0.711515
-0.479169
-0.564110
-0.303357
0.154081
1.287232
1.679056
1.233370
1.314297
1.365437
1.413998
1.477005
1.244163
1.456429
1.820484
1.967795
1.496225
0.737344
1.043937
0.647033
0.150655
0.281945
0.422312
0.178852
0.219922
0.238985
0.250080
0.132625
0.178851
0.924788
0.691805
0.515415
-0.040730
-0.182492
-0.229123
-0.104621
0.152091
0.477888
0.272788
0.455579
0.625860
-0.005869
-0.291652
-0.192711
0.151266
0.218110
0.373042
0.511762
0.487332
0.441073
0.066028
-0.683448
-0.467155
-0.241561
-0.046649
-0.670322
-0.978506
-0.988413
-0.879932
-1.040798
-0.876209
-0.247993
0.314967
0.721391
0.627335
0.751994
0.748368
0.752354
0.855730
0.639104
0.587045
0.762984
0.769902
0.667127
0.838343
0.986405
1.299440
0.925753
0.584315
0.355534
0.587484
0.697793
0.798038
0.666438
0.379492
0.105032
-0.708006
-1.195221
-0.956818
-0.331634
-0.027966
-0.452627
-0.760040
-0.344167
-0.479068
0.163230
0.263117
0.146270
0.241430
0.564556
0.844395
0.437312
-0.030573
0.227018
-0.075243
-0.364550
-0.284066
0.100974
0.375459
0.243926
0.034650
-0.269747
0.029123
0.187010
0.201399
0.416763
0.575235
0.775888
1.201334
0.539514
0.001119
0.381996
0.700815
0.880590
1.182754
1.628066
1.641686
1.951634
1.760137
1.693214
1.277012
0.516162
-0.106530
-0.379479
-0.822858
-0.933736
-0.661358
0.020766
-0.088373
-0.725663
-1.067645
-1.164200
-0.612242
-0.491277
-0.871176
-1.335249
-1.827686
-1.862982
-2.078276
-2.030317
-1.642272
-1.691140
-1.106249
-0.632931
-0.199284
0.251054
-0.159685
-0.424559
-0.561307
-0.144137
-0.508923
-0.584548
-0.034839
0.037581
0.293087
-0.144738
0.460904
1.122761
1.455353
1.499625
1.206238
0.788264
0.827819
0.850109
0.245112
-0.353683
-0.694757
-1.031622
-1.084672
-0.941011
-0.961017
-0.666174
-0.341136
-0.095756
-0.492383
-0.712570
-0.387354
-0.302233
-0.391389
-0.156582
0.003548
-0.135443
-0.395176
-0.302945
0.400849
0.580487
0.755832
0.904263
0.887611
0.538444
0.130216
-0.410101
-0.587765
-0.737202
-0.268458
-0.479798
-0.157181
0.012688
-0.061772
-0.401178
-0.717487
-0.896164
-1.065178
-0.752489
-0.316214
-0.031146
-0.662171
-1.151150
-0.323836
0.295861
0.494723
0.423283
0.057142
0.063516
0.112608
0.300665
0.379468
0.269754
-0.638181
-0.808392
-1.139453
-0.462770
0.088982
-0.404311
-0.910470
-0.903045
-0.422776
-0.200433
-0.249068
-0.402150
-0.815860
-0.375586
0.419231
0.832674
0.605052
0.523390
1.204075
1.997438
2.403827
1.878709
1.369872
1.745479
1.561708
1.435674
1.051040
1.051824
0.622212
0.711033
1.198042
0.974348
0.569033
0.061054
-0.212769
-0.497647
-0.620719
-0.365568
-0.150296
-0.258680
-0.190774
-0.463850
-0.258047
-0.188905
-0.289627
-0.289753
0.149897
0.114194
0.086785
-0.192763
-0.336482
-0.797303
-0.629597
-0.387548
-0.100464
0.097287
-0.583119
-1.030154
-1.366696
-1.500244
-2.152925
-2.801261
-3.711047
-4.371033
-4.960737
-5.176082
-5.106869
-4.860537
-4.186223
-3.573020
-2.832094
-1.717178
-0.628194
0.392987
1.278039
0.953778
1.019919
0.518788
0.172970
0.496774
1.027684
1.689163
2.514554
3.569845
4.349844
4.490288
3.851445
2.864163
1.791101
1.430598
1.274413
1.425676
1.841185
2.750549
3.401324
3.008396
2.846279
2.980981
2.343802
1.905444
2.310429
3.165132
3.451781
3.065348
2.815781
2.368270
1.910351
1.120343
0.851887
0.031643
-0.466909
-0.581013
-1.118133
-1.456929
-1.802199
-1.798098
-1.344484
-0.544638
-0.047964
-0.034714
-0.079977
0.071566
0.132452
0.466720
0.894238
1.506911
1.527593
1.420015
1.736441
1.286895
1.015042
0.680612
0.388082
-0.003321
-0.978919
-1.876672
-1.969683
-2.455649
-2.547861
-2.333178
-2.336962
-2.463892
-2.213803
-1.719547
-1.702617
-1.369102
-0.648946
-0.013559
0.844430
1.782745
1.469473
0.437729
-0.923576
-1.198341
-1.121582
-1.526056
-1.853985
-1.703539
-1.561165
-1.539533
-1.579487
-1.296479
-0.113133
0.315655
-0.023351
0.037938
0.821115
0.723100
1.447940
1.805164
1.524389
1.383043
1.151338
-0.038639
-0.689721
-0.344952
0.329300
0.183622
-0.583155
-0.912057
-0.797784
-0.587317
-0.512025
-0.767880
-0.687653
-0.578451
-0.365841
0.057588
-0.281516
-0.111735
-0.545187
-0.368775
-0.382562
-0.577619
-0.720146
-0.396566
-0.864963
-1.036585
-0.146467
0.567284
-0.018473
-1.040472
-1.225779
-1.044813
-0.776263
-0.647854
-0.859415
-0.404859
0.179789
0.915671
0.709644
0.280331
0.173961
-0.060541
-0.662029
-0.489969
-0.594951
-0.504707
-0.530867
-0.292614
0.119473
0.312198
-0.023905
0.068385
-0.242536
-0.323085
-0.679569
-0.107898
-0.001759
-0.023274
-0.219239
0.076124
-0.453744
-0.847461
-0.198131
0.034448
-0.015628
0.069455
-0.028449
0.094806
0.369043
0.367430
0.320134
0.354270
-0.100047
-0.704108
-0.699994
-0.204784
0.277361
0.785377
0.277446
0.143785
0.203004
-0.069576
0.107017
0.207959
0.534120
0.662410
0.125823
-0.030556
0.459145
0.553249
0.929132
1.245113
1.451714
1.105198
0.902130
1.106136
1.109886
0.208662
0.259088
0.824178
1.148044
0.955062
0.272227
-0.040336
0.220228
-0.182004
-0.608210
-0.458459
-0.823643
-0.436651
0.064324
0.211867
0.116931
0.117894
0.239703
0.521048
0.562732
0.617388
0.183163
0.086046
0.264091
-0.249974
-0.917470
-0.816862
-0.498592
-0.673046
-0.229007
-0.031942
-0.077251
-0.083193
0.176951
0.038630
-0.333513
0.064364
0.194110
0.111005
-0.342005
-0.618522
-0.823670
-0.470070
-0.955856
-1.077519
-0.633828
-0.258014
0.293605
0.063968
0.074697
0.479142
0.672265
0.736012
0.782676
0.769790
0.278605
-0.267521
-0.677407
-0.995019
-0.832336
-0.818691
-0.822955
-0.808284
-0.586558
-0.208178
0.505247
0.457912
0.534854
0.545340
0.219078
0.045411
0.025976
-0.107883
-0.498677
-0.263554
-0.751972
-0.847098
-1.063179
-0.762267
-0.392986
-0.274364
-0.091699
-0.326576
-0.138814
-0.165024
-0.138135
0.255864
0.392247
-0.482694
-0.277391
0.023698
-0.073615
-0.331374
-0.371096
-0.424488
-0.330073
-0.030282
-0.067606
-0.637060
-0.710480
0.039496
0.268546
-0.050862
-0.114605
0.425110
1.293117
1.822764
0.587160
0.074319
0.560350
0.516689
0.322513
0.083272
-0.203238
0.061697
0.454974
0.298316
0.148604
0.277432
0.029337
-0.255751
0.031930
0.074426
0.328185
0.479943
1.025154
0.178124
-0.314348
-0.177075
-0.360686
0.227365
0.460653
0.188656
0.669340
0.373829
0.296518
0.098842
-0.123210
0.038901
-0.324310
-0.265833
-0.676896
-0.709389
-0.239347
0.093220
0.055932
-0.010688
-0.003812
0.041651
-0.062247
0.259665
0.580348
0.412355
0.626609
0.713816
1.165811
1.550344
1.485687
1.274016
1.261714
0.411479
0.220773
0.315381
0.302192
-0.150710
0.038383
0.679991
0.896261
1.046466
0.459002
-0.094757
-0.122072
-0.461140
-0.355363
-0.452980
-0.233205
-0.215506
-0.788031
-0.617143
-0.505691
-0.347127
-0.266972
-0.807563
-1.006730
-1.151699
-0.622791
-0.412018
-0.361667
-0.232815
0.165375
0.639088
0.440135
0.953434
0.805826
