0.692954
-0.208132
-0.843242
-0.789246
-0.963953
-0.906227
-0.319574
-0.442586
-1.006973
-0.533418
0.288254
0.428696
-0.115133
-0.865386
-0.736955
-0.520269
0.039852
0.721125
0.453369
-0.365207
-0.460071
0.119932
0.218348
-0.014538
-0.171717
-0.412284
-0.339125
-0.295327
-0.766132
-1.706594
-2.246062
-1.727982
-1.189305
-0.432046
-0.558231
-0.778534
-0.359450
0.034185
0.523067
0.801019
0.908708
0.515176
0.150664
0.257015
-0.037533
-0.399077
-0.535398
-0.422303
-0.051636
0.491341
0.603841
0.428294
-0.132197
-0.558494
-0.919682
-0.838701
-0.630180
-0.533882
-0.313054
0.139207
-0.198355
-0.344381
-0.119034
0.267245
0.858570
1.204379
1.094291
1.391204
1.439957
1.034315
0.601917
0.908293
0.683812
-0.390877
-0.901966
-1.239106
-1.109951
-0.445059
0.187681
0.145911
0.433341
0.868151
1.046100
0.906714
0.775440
1.041269
0.785341
0.575900
-0.122567
-0.900615
-1.334466
-1.085133
-0.664722
-0.850611
-0.704556
0.065341
-0.037115
-0.209264
-0.305866
-0.048093
0.323804
1.182469
1.327451
0.316800
0.038256
-0.083072
0.069768
0.804589
1.637858
1.966915
1.780179
1.070553
0.298407
0.074696
0.143582
-0.222955
-0.456712
-1.018231
-1.041861
-1.442168
-2.426734
-3.170796
-3.557628
-3.364557
-2.403235
-1.338845
-0.009547
1.169515
1.616641
1.947238
2.038220
1.717607
1.253155
0.809829
0.712715
1.012811
0.548420
-0.715260
-1.404515
-1.907882
-2.171756
-1.804630
-1.468464
-1.050009
-0.552516
0.086523
0.823317
1.977979
2.780800
2.305556
2.014967
2.233005
1.834480
1.532522
0.643279
-0.280076
-0.875294
-1.425580
-1.466038
-1.643571
-1.956789
-1.490386
-0.968795
-0.593826
-0.233550
-0.000968
0.146618
0.420765
0.654213
0.466090
0.216657
0.344427
0.091007
0.018570
-0.462044
-0.959939
-0.703414
-0.631778
-0.528620
-0.570067
-0.532228
-0.020077
0.583131
1.354687
1.563337
1.354333
1.385329
1.032100
0.767072
0.120259
-0.632058
-0.840560
-0.910297
-1.036081
-1.176437
-1.100277
-0.611235
-0.121787
0.350934
0.328701
0.314569
0.497515
0.850715
0.634270
0.483895
0.371206
-0.183146
-0.498775
-0.409498
-0.592341
-0.224110
-0.241690
-0.738076
-0.735157
-0.842427
-0.452826
0.278650
0.713013
0.898361
1.143354
1.862005
2.177891
1.970961
1.443581
0.818801
0.383995
0.304211
0.338347
-0.014741
-0.745641
-0.640703
-0.608100
-0.743483
-0.426063
-0.097789
0.240718
0.667107
1.006539
1.254564
1.074673
1.050570
1.179996
0.843589
-0.079319
-0.519743
-0.644923
-0.821318
-0.878297
-1.161647
-0.952911
-0.392790
0.238125
0.503381
0.679611
0.960381
1.458516
1.496734
0.657484
0.136290
-0.138058
-0.617165
-0.753343
-1.091271
-1.257294
-1.865871
-1.892583
-1.307729
-1.048822
-0.445528
0.041204
0.200700
0.160175
0.538299
0.216170
0.279065
0.617078
0.626573
0.138546
-0.448643
-1.058648
-1.748114
-1.593609
-1.193029
-0.442949
0.387833
1.040037
0.983535
0.394910
0.018664
0.023356
-0.200372
-0.089276
0.176716
0.442986
-0.213424
-1.030628
-0.845738
-0.396444
-0.187312
-0.278171
-0.182233
0.426589
0.260439
0.243048
0.769902
1.248494
1.135621
0.710781
0.085123
-0.499807
-0.955929
-1.011133
-0.586611
-0.498358
-0.733084
-1.031040
-0.686817
-0.620208
-0.387168
-0.380608
-0.444280
-0.386020
-0.496506
-0.601441
-1.202534
-1.564001
-0.882831
-0.715131
-0.210426
0.540033
0.323629
0.219040
-0.125718
-0.557678
-0.662457
-0.407880
-0.319234
0.130768
0.415753
0.472654
1.034235
1.281718
1.667769
1.878600
1.607254
1.711525
1.584598
1.604611
1.090041
0.966682
0.711745
0.344281
-0.048565
-0.371418
-0.242262
-0.945910
-1.518762
-1.305675
-0.953594
-0.441480
-0.393950
-0.173400
0.234248
0.506269
0.829167
0.437939
-0.034864
-0.409286
-0.622544
-0.540270
-0.553119
-0.419142
-0.404778
-0.397947
-0.196851
-0.482798
-0.373467
-0.030278
0.033082
0.185494
0.657703
0.969412
1.089362
0.713217
0.465152
0.680323
0.401041
-0.078684
-0.704224
-0.674088
-0.513530
-0.402017
-0.059069
-0.395957
-0.442228
0.454508
1.187671
1.097528
0.553491
0.055911
-0.103255
0.000856
-0.214663
-0.431333
-0.423727
-0.750256
-0.685886
-0.181722
-0.036067
0.108838
0.573355
0.738650
0.350528
-0.087930
-0.149718
0.284640
0.162355
0.215747
-0.063773
-0.544652
-0.362052
0.205803
0.319625
-0.048320
-0.137541
0.061252
-0.193910
-0.331424
-0.361442
0.079754
0.631480
0.895379
0.889498
0.665968
0.251117
0.282453
0.370387
0.240900
-0.048485
-0.640791
-0.429864
-0.157465
0.048883
0.176358
0.039968
0.168506
0.167943
-0.482166
-0.769119
-0.613223
-0.581288
-0.493705
0.018313
0.320816
0.697917
0.515133
0.025312
-0.183448
-0.076305
-0.065304
-0.098535
-0.454790
-0.189678
-0.263389
-0.345180
0.207732
0.768962
0.160140
-0.618023
-0.354867
-0.009984
0.048125
0.087884
-0.411615
-0.837547
-0.788568
-0.170761
0.448344
0.317922
-0.005867
-0.038121
-0.077290
-0.363418
-0.144761
0.142898
0.384953
0.514848
0.778366
0.218958
-0.681509
-0.779000
-0.584976
-0.006733
0.466558
0.056419
-0.064686
-0.321979
-0.233696
-0.335857
-0.399540
-0.240054
-0.078342
0.466413
1.009942
0.766633
0.968622
1.321482
1.225132
0.967005
0.461206
0.132215
-0.090242
-0.121565
0.029016
0.323851
0.478148
0.055251
-0.337319
-0.889662
-0.898269
-0.481208
-0.568914
-0.503381
-0.343467
-0.480198
-0.402364
0.021695
0.546178
1.053842
1.228738
1.377151
1.521444
0.667150
-0.405910
-0.937444
-1.282489
-1.266421
-0.800501
-0.504792
-0.688636
-0.857271
-0.256654
-0.089326
-0.064754
-0.403589
-0.068667
0.075877
-0.000935
0.274690
-0.350872
-0.330686
0.157023
-0.072689
-0.207994
-0.278272
0.033008
0.202340
-0.077899
-0.221435
-0.645126
-1.091179
-0.984355
-0.645800
-0.477467
-0.473658
-0.597544
-1.087628
-0.921270
-0.746094
-0.431930
-0.376261
-0.930099
-1.083107
-0.828197
-0.555759
-0.104797
0.970983
1.080409
0.496471
0.674469
0.795489
0.693952
0.503605
0.501838
1.046410
1.203750
0.907115
0.857267
0.354434
-0.070589
0.520388
1.176943
1.458085
1.224832
0.545255
-0.230119
-0.678234
-0.295708
-0.039909
0.505212
0.729530
0.793938
0.352627
-0.111581
0.457629
1.025224
1.360843
1.129070
0.585538
0.057359
-0.718826
-1.025686
-1.148082
-0.810440
-0.231798
0.223300
0.247550
0.069824
-0.204470
-0.360474
-0.659723
-1.138731
-2.438402
-3.995279
-4.467075
-5.203076
-5.580497
-5.687440
-5.281949
-4.779292
-4.353502
-3.471135
-1.875542
-0.137591
1.373005
1.732859
1.735211
1.795465
1.129849
0.784874
0.945081
1.476986
2.137299
2.790999
2.833909
3.442965
3.410857
2.271592
1.118102
0.892233
1.369753
1.880383
2.528075
2.941538
3.174242
2.982291
2.092137
2.100526
1.906908
1.287276
0.517921
0.590153
1.112073
1.561933
2.016205
2.432658
1.990008
1.203790
1.090917
0.992298
0.178188
-0.319463
-1.271051
-1.303018
-1.137506
-1.309292
-0.804058
-0.192345
0.265967
0.761753
0.937867
0.895734
1.049599
1.107097
0.764463
0.525554
0.468781
0.486733
0.380904
0.531518
0.588071
0.152776
-0.003544
0.212296
-0.179955
-0.648085
-1.372963
-0.972855
-0.621154
-0.709400
-0.833950
-1.171121
-1.454217
-1.371272
-1.215999
-1.031476
-0.868839
-0.316266
0.486237
0.841138
0.771427
0.619061
0.249130
-0.605630
-1.046180
-0.802815
-1.032842
-1.357839
-0.874095
-0.729244
-0.542490
-0.581794
-0.133132
0.712036
0.977936
0.642077
0.201154
0.312051
0.719174
1.098990
0.954020
0.169487
0.025504
-0.207160
-0.890963
-1.037458
-1.029234
-0.361133
-0.343782
-0.932624
-0.925246
-0.817608
-0.939112
-1.195992
-1.277415
-1.028230
-0.424386
-0.210444
0.213309
0.380934
0.382482
-0.379667
-1.038286
-0.891161
-0.591435
-0.230432
0.258142
0.288983
0.120151
0.163641
-0.299698
-0.214059
-0.219409
-0.068363
-0.051031
0.383423
0.341873
-0.036507
0.084514
1.168051
1.728911
1.183301
0.420436
-0.019945
-0.089970
-0.017387
-0.015996
0.041407
0.130184
-0.224083
0.010297
0.089516
0.449394
0.946106
0.873816
0.400082
-0.177976
-0.531063
-0.129350
-0.192808
-0.554508
-0.586608
-0.962738
-1.491132
-1.715356
-1.239675
-1.013257
-1.566203
-1.640696
-1.394146
-1.097826
-0.662571
-0.664158
-0.542831
-0.341378
0.216500
0.293744
0.132321
0.614679
0.928311
0.931665
0.930809
0.969573
0.864753
-0.072467
-1.232072
-1.967353
-1.310765
-0.685707
-0.383858
-0.537695
-0.216615
0.041433
-0.085285
-0.102956
0.273075
0.593982
0.883444
0.916262
0.586623
0.529798
1.083002
1.478193
1.288436
0.590192
-0.086345
0.104982
0.531569
0.963227
1.040352
0.010206
-0.183567
0.031660
0.361433
0.676829
0.753705
1.087994
0.872083
1.321515
1.201846
1.265225
1.001121
0.567439
0.238989
-0.106054
-0.098407
-0.162514
-0.353029
-0.359172
-0.421171
-0.222500
-0.264672
-0.433596
-0.511006
-0.647078
-0.176247
0.392624
0.184536
-0.568704
-1.019132
-1.132886
-1.010945
-1.169105
-1.148193
-1.100006
-0.826586
-0.624753
-0.240364
0.368258
1.218152
1.795885
2.163380
1.892780
1.605202
1.427069
1.771219
1.056575
0.317610
0.173032
-0.005066
-0.164313
-0.506644
-0.995809
-0.612214
-0.570933
-0.032163
0.417675
0.498144
0.016851
-0.304107
-0.144003
-0.496464
-1.292426
-1.847119
-2.117034
-1.933234
-1.866138
-2.076313
-1.605242
-0.906221
-1.127665
-0.950352
-0.512344
-0.159763
0.152580
0.680244
0.729712
0.360270
0.326904
0.360998
-0.007100
0.400783
0.648424
0.273612
-0.112258
-0.688448
-0.726858
-0.425455
-0.820176
-1.060273
-0.483164
0.245769
0.430356
0.871263
0.234312
-0.070073
-0.213394
-0.272939
-0.281035
-0.464786
-0.845878
-0.540490
-0.447279
-0.568470
0.200550
0.762499
1.107206
0.959928
0.758115
1.015266
0.897889
0.684475
0.731089
0.481905
0.465722
0.836597
1.164036
0.499699
-0.192607
-0.202978
0.214853
0.616997
0.008901
-0.182504
-0.142281
-0.215937
-0.247324
0.028243
0.019858
-0.337449
-0.778723
-0.514048
-0.550797
-0.757474
-0.766056
-0.639652
-0.201592
0.136106
0.682043
0.920375
1.241850
1.557320
1.058717
0.434939
0.187394
-0.029835
-0.486108
-0.556907
-0.765138
-0.774842
-0.280290
0.033296
-0.039090
-0.217539
-0.169068
0.184819
0.820781
0.865664
0.512243
0.433130
0.720523
0.859108
0.520767
0.797481
1.368141
1.586741
1.441076
0.707589
0.878114
1.325873
1.311595
1.392841
1.189574
0.653124
0.172381
0.359349
0.736951
0.119807
-0.249839
-0.690265
-0.718276
-0.743715
-0.735147
-0.381581
