1.048110
0.643058
-0.222448
-1.131021
-1.001154
-0.117312
0.713815
0.603936
0.844327
0.821373
0.643126
0.520981
1.128037
0.882964
0.303196
0.479068
0.530715
0.038310
-0.157620
-0.425653
-0.500917
-1.002297
-1.402146
-0.690676
-0.477411
-0.662550
-0.906718
-0.497131
0.273446
0.127324
-0.790855
-1.121178
-0.851408
-0.920667
-0.438392
-0.685044
-1.052847
-1.500257
-1.425668
-0.751736
-0.154440
0.185184
-0.145376
-0.810338
-1.967205
-2.328788
-2.009736
-1.177797
-0.676047
0.122445
1.130647
0.642950
0.652579
0.579909
0.056958
0.437025
1.177118
2.205268
1.385903
0.872232
0.956659
0.734097
0.925103
1.481673
1.447898
1.401579
0.091722
-1.570071
-2.168189
-1.776863
-0.971491
0.221492
2.059568
2.072599
1.436851
1.400471
0.950744
-0.262127
-0.702420
-0.290238
-0.040343
-0.204528
-0.891690
-1.306493
-0.783391
-0.203059
0.773053
1.265922
1.313580
-0.442390
-1.609444
-1.366119
-0.561528
0.113969
0.234167
0.118305
0.393497
0.153006
-0.467774
-0.869150
-1.019987
-1.005828
-0.920898
-0.805822
-0.054979
-0.776336
-0.727058
-0.357444
-0.209003
0.737859
1.270502
2.166189
1.234505
-0.789047
-1.965480
-2.179862
-1.714540
-1.117276
0.098836
0.728757
0.070843
0.139450
0.851842
1.094245
1.732404
1.634143
1.358869
0.396797
-1.294756
-1.453301
-0.183563
0.645013
1.689449
2.000725
2.728919
2.085211
1.247933
0.863838
0.179852
-0.929691
-1.587694
-2.580571
-3.417835
-2.158147
-0.628555
0.134674
0.912932
1.066164
0.901112
0.636665
1.087008
0.836439
0.503637
0.434542
-0.130809
-0.712342
-1.119737
-0.503923
0.695557
1.362333
0.530707
0.273065
0.937182
0.405699
0.045783
-0.260337
-0.463609
-1.267687
-2.197790
-2.472035
-1.758446
-0.769980
0.417408
1.186825
2.079450
2.178221
1.106619
0.642742
0.899197
0.668148
0.152870
0.116993
0.410933
-0.275361
-0.835847
-0.931330
-1.170885
-1.189852
-1.507647
-1.255015
-0.783530
-0.228824
0.185226
-0.179665
-0.161192
-0.016604
-0.116784
-0.258580
-0.386834
-0.477055
-0.273929
-1.165158
-1.543947
-1.317056
-1.409677
-1.213579
-0.587452
0.459593
1.683113
2.034864
1.438696
0.705274
0.256300
-0.366073
0.017434
0.009940
-0.277723
-0.426452
-0.160595
-0.387957
-0.496168
0.548177
-0.053488
-0.289497
0.203859
0.217158
0.165064
-0.114916
-0.197714
0.297668
-0.324573
-0.982860
-0.673304
0.265226
0.537720
0.971892
1.757075
1.870515
1.053100
-0.108555
-0.350675
-0.515696
-0.576344
-0.535930
-0.470084
-0.760328
-0.483851
-0.100338
0.269724
0.689050
0.521990
0.849386
-0.431761
-1.440701
-1.387844
-1.034848
-0.509798
0.063705
0.877325
1.438013
0.679168
0.755885
1.462692
1.772210
1.153703
0.306852
0.371671
-0.211514
-1.047860
-0.698173
-0.374447
-0.147221
0.352899
-0.791561
-0.999762
-0.295957
0.199361
0.494763
1.162758
1.573834
0.868130
0.678645
0.670176
0.114923
0.423790
1.127324
0.777440
-0.020636
0.038168
-0.279890
-0.660186
-0.501413
0.110122
1.209715
-0.010929
-1.044416
-1.055550
-1.138946
-0.331736
0.205476
1.760678
2.062040
1.855158
1.627271
0.900208
0.472568
0.431167
0.111136
-0.443728
-1.248458
-0.914374
0.072432
0.608906
0.919507
1.232763
0.378894
-0.257717
-0.099847
-0.094657
0.351721
0.786916
0.564468
-0.029001
-1.807900
-2.431714
-1.584841
-1.108659
-0.470732
0.057888
0.749920
0.248241
0.313221
0.525352
0.305178
0.747090
0.484424
-0.119107
-1.455813
-2.160412
-1.757488
-1.652503
-1.174869
-0.570132
0.042629
0.107804
-0.311935
-0.151239
-0.084101
0.055296
-0.123314
0.233107
1.162524
1.149178
0.717013
0.195719
-0.452530
-0.775230
-0.796801
0.125610
0.273440
0.189059
-0.478263
-1.136810
-0.722635
-0.243740
-0.240003
0.552213
0.845124
0.401026
0.004833
-0.120885
-0.131576
0.243351
0.047260
-0.057231
-1.407164
-2.157513
-1.615728
-0.938155
-0.551435
-0.001155
0.515940
0.638425
0.410585
0.158995
0.005788
0.014168
0.190337
-0.492459
-1.111009
-1.061429
-1.917491
-1.938723
-0.791699
0.346432
1.082717
1.031366
1.003072
0.462724
0.638347
0.752936
0.151579
0.294080
0.004020
-0.344367
0.252359
0.156349
-0.176793
-0.004911
0.235027
0.361074
0.278837
0.080808
-0.050620
0.739890
0.373000
-0.381761
-0.571613
-0.687926
0.088405
-0.094306
-0.306771
0.025123
0.181564
0.150975
0.618497
1.137783
0.727918
0.072827
0.386411
1.713722
0.589789
-0.657511
-0.870995
-1.260246
-0.697907
-0.069633
0.946530
0.730789
0.160527
0.269407
0.437037
0.120819
-0.302962
-0.587382
-0.781092
-0.559893
-1.364338
-1.706732
-0.771431
0.165279
0.597756
0.381840
0.166171
0.876701
0.161017
-0.131224
-0.087097
0.047520
-0.035155
0.206901
0.765723
1.933460
1.626007
1.409201
1.713645
1.784140
1.272045
0.381147
-0.564968
-1.087816
-2.323085
-1.906094
-0.449146
0.364038
1.261962
1.619096
1.950652
2.438052
1.555802
0.856854
0.322300
-0.569923
-0.641936
-0.509364
0.425861
0.150618
-0.262444
-0.232891
-0.876311
-1.064807
-0.198923
0.164175
-0.861295
-1.232186
-0.872198
-0.447135
0.247215
1.551822
1.463948
0.581136
-0.105598
-0.386999
-0.224071
-0.431685
-0.601969
-0.366963
0.295451
-0.020078
-0.211397
0.340544
0.817781
0.583432
0.056465
-0.214125
-1.023961
-1.857488
-1.219989
-0.419638
-0.347617
-0.329350
-0.125469
0.202316
0.723027
0.464093
-0.835785
-1.636279
-2.580757
-2.966188
-2.034737
-1.584316
-0.977172
0.405098
0.088930
0.014145
1.001307
1.617768
2.055852
1.843096
1.291821
0.873261
-0.365795
-0.461480
-0.465991
-0.977525
-0.951576
-0.599804
0.487364
1.133911
1.143427
0.824827
-0.192107
-0.853389
0.054085
0.283739
0.600972
0.106347
-0.894856
-1.480822
-0.804701
-0.335539
-0.050000
-0.085790
0.672620
-0.024876
-0.480144
-0.174896
0.619067
0.582095
0.221044
0.717274
1.230329
0.661765
0.156223
0.345734
0.098771
-0.243386
-0.388504
-0.462478
-0.335624
0.305433
0.306752
0.749431
1.290226
1.726235
1.855166
1.991783
1.983653
1.423726
1.186033
1.083905
-0.091489
-1.016511
-1.296422
-0.879766
0.266076
0.170341
-0.213654
0.094332
0.245772
0.187076
0.624731
0.747415
0.494112
-0.343019
-0.639242
-0.238296
0.090367
0.409238
-0.152491
-0.621809
-2.037230
-1.878294
-0.254362
1.065383
1.267334
1.034683
1.111830
0.631761
0.254051
-0.025241
-0.866519
-1.578252
-0.561934
1.025825
2.957632
2.873986
1.293590
0.124923
-0.645623
-1.445458
-1.676404
-1.385511
0.512812
0.120448
-1.648853
-2.900757
-3.205456
-2.381373
-0.641264
0.688040
2.032529
1.275376
0.429637
0.199649
-0.242923
-0.179874
-0.240210
-0.280186
-0.193384
-0.562080
-0.059962
0.659635
0.993161
1.311229
1.375930
2.014796
1.315826
0.178289
-0.471848
-0.856096
-1.316691
-1.801557
-2.011944
-2.158513
-1.210599
0.008782
-0.185189
-0.176470
-0.113771
0.347499
1.246697
1.428884
1.075028
1.161898
0.218911
-0.498730
0.113390
0.973039
0.887831
0.539658
0.539457
0.192500
-0.666496
-0.889734
-0.448315
-0.871489
-1.240168
-1.194762
-0.689888
0.342922
1.081368
0.461331
-0.529798
-0.646704
-0.796647
-0.725856
-0.294683
0.034106
-0.021033
-1.325992
-1.674314
-0.656587
0.362367
1.666196
1.255283
0.728200
0.888473
0.862755
1.093051
0.807236
-0.485653
-1.154613
-2.123314
-2.233779
-1.890073
-1.959592
-1.177208
-0.093267
0.591545
1.199529
0.710751
-0.544752
-0.733982
-0.693378
-1.034121
-0.986325
-0.771568
-0.767040
-0.570166
-0.482438
0.263445
0.131745
0.135468
0.516919
0.803460
1.540039
2.276775
2.470467
2.681227
1.318562
0.717765
0.317985
-0.512138
-0.670635
-1.019324
-1.312862
-0.776624
-0.989920
-0.603774
0.214941
0.778979
0.834988
0.304970
-0.112937
0.437437
0.914336
1.154141
1.046055
1.154677
0.425330
-0.364233
-0.103043
-0.341705
-0.633052
-0.058597
0.247193
-0.135546
-0.635862
-0.700534
0.423968
1.060080
0.614198
0.877325
1.276880
0.753992
0.121816
-0.777073
-1.331551
-1.158838
0.096686
0.107271
-0.101391
0.874647
1.272868
1.012237
0.542723
0.903314
0.236246
-0.407540
-0.383817
-0.381472
-0.546130
-0.412779
0.788610
1.280629
1.100639
0.763538
-0.660780
-1.438261
-1.608541
-1.884891
-1.686081
-1.048275
-0.113172
-0.147754
0.149461
0.370956
1.051958
1.791108
1.427083
1.126804
1.507539
1.134757
0.218371
-0.804485
-1.775617
-2.307300
-2.409250
-2.290144
-1.162296
-0.020060
0.138071
1.359731
1.135164
0.633176
0.957620
0.374023
-0.186577
0.035779
-0.019053
-0.264130
-0.773365
-1.076625
0.355014
0.773988
0.618650
0.667437
-0.489865
-1.193946
-1.302946
-1.307402
-2.600382
-3.213316
-2.017260
-0.541115
0.776340
1.592055
1.915519
1.876300
0.694489
0.062755
0.152668
-0.119544
-0.322196
-0.504982
-0.658779
-1.510978
-1.654697
-0.716065
0.269207
1.203517
1.431139
1.673987
0.165456
-1.492792
-1.654568
-0.750531
-0.055072
0.035615
0.081387
1.034530
1.310048
0.768329
0.279564
-0.224665
-0.851201
-1.429529
-2.412618
-2.355701
-2.189910
-1.519383
-0.505732
0.354608
1.702547
3.002146
2.414858
1.829958
1.693351
1.027999
0.582088
0.448136
0.555426
0.558510
-0.263379
-0.362605
-0.402585
-0.787356
-0.800040
-0.565275
0.960585
0.304396
0.033190
0.718310
0.954759
1.350111
0.699757
0.471680
-0.449402
-1.225105
-0.991296
-0.785450
-0.341544
-0.494187
0.512031
0.640678
0.398442
0.403454
-0.532342
-0.870354
-0.618807
0.322836
0.555962
0.601107
0.941386
0.806983
0.452380
-0.392890
-0.722261
-1.073964
-1.938933
-1.875277
-0.656932
-0.298419
0.316875
0.000986
0.404994
0.456984
0.248959
0.901846
0.629815
-0.215696
-0.279678
0.727046
0.550756
0.083186
0.269450
-0.037213
-0.509487
-0.272994
0.819828
0.366828
0.101521
0.795208
0.877383
0.597576
0.259123
0.360914
0.026289
0.416592
0.966535
0.698463
0.039246
-0.417688
-0.452037
-0.714614
-0.253746
-0.742995
-1.119465
-1.459149
-0.530252
0.134150
0.528456
0.675277
0.981202
1.398859
1.949738
1.670956
0.657121
0.059013
-0.166591
-0.413807
0.083364
0.122975
-0.586932
-1.330025
-1.187299
-0.598425
-0.514054
-0.123501
-0.285774
0.721824
0.647092
1.099856
1.761412
0.841622
-0.310263
-0.966214
-1.507902
-1.648930
-0.962804
0.123258
0.016978
0.059710
0.569270
1.195908
0.763031
0.569298
0.331276
-0.040740
-0.047935
0.145579
-0.665295
-1.641601
-1.634042
-0.877630
-0.078182
1.152565
0.980763
0.702238
0.851627
0.205943
-0.058380
0.172180
