0.806817
0.321389
-0.458885
-0.779005
-1.043225
-0.893569
-0.033440
0.123834
0.457294
0.935205
1.413203
1.693901
0.613657
-0.468602
-1.866970
-2.854807
-2.684856
-2.251025
-1.182894
-0.793532
-0.742425
-0.189435
-0.038037
0.475005
0.533154
-0.266764
-0.986806
-0.995413
-0.681776
-0.297655
-0.106334
-0.150162
-0.152334
-0.081437
-0.033406
0.116042
0.029615
0.510421
0.820082
0.780327
0.812341
0.622484
0.214561
-0.621565
-1.016118
-1.460992
-1.937296
-1.833260
-1.123692
-0.529219
0.237546
0.690089
1.196656
1.123092
1.029592
1.234401
1.135574
1.038544
1.070107
0.750220
0.331196
-0.225874
-0.802778
-0.813967
-0.599389
-0.017415
0.950131
1.356864
0.938682
0.518492
0.489225
0.800682
1.420624
1.183021
0.494675
0.218471
-0.042801
0.021234
0.120126
0.094451
0.189646
0.296743
0.696007
0.577920
0.022318
0.146912
0.258017
0.449572
0.637781
0.990657
0.963296
0.786635
0.485788
-0.182445
-0.962940
-1.440804
-1.953240
-2.408908
-2.839877
-2.699581
-2.072911
-1.298807
-0.333124
0.278254
-0.314070
-0.711365
-0.672861
-0.472410
0.419761
0.876288
0.839273
0.369465
0.036303
-0.370730
-0.899751
-2.089272
-2.561488
-2.153623
-1.453098
-0.767443
-0.091007
0.350138
0.361143
0.569451
0.871819
1.032062
0.787608
0.430139
0.691108
0.817576
0.573898
0.315890
0.360234
0.130958
-0.090750
-0.024675
0.233115
0.266430
0.280479
-0.211495
-0.169839
-0.173576
-0.404383
-0.407836
0.192308
0.480128
0.395518
0.142173
-0.000547
0.142942
0.419214
0.821519
0.521646
-0.291092
-0.522190
-0.892057
-1.372367
-1.214142
-0.794222
-0.447347
0.071529
1.085399
1.539981
1.197195
1.000409
1.116935
0.689167
-0.403499
-1.104009
-1.723544
-1.838438
-1.465018
-0.916677
-0.101134
0.944828
1.913023
2.465109
2.552925
2.653894
2.441075
2.241902
1.963709
1.462932
0.852256
0.237338
-0.471646
-1.067941
-1.472691
-1.515173
-1.305088
-1.522845
-0.273367
0.725350
0.787749
1.448320
1.846243
1.518793
0.773925
-0.090827
-0.563073
-0.382062
-0.416101
-0.634300
-1.067097
-1.036114
-0.104453
0.953839
1.881710
2.090652
2.026348
2.256586
1.475104
0.067224
-0.482418
-1.143833
-1.150422
-0.780725
-0.652774
-0.419019
-0.235674
0.181777
0.340774
0.302612
0.473519
-0.469733
-0.831620
-1.263071
-1.650709
-1.857697
-2.423179
-1.969239
-1.178274
-0.273807
0.065395
0.812755
1.079653
1.152245
1.129859
1.287653
0.627768
-0.461626
-1.234182
-1.536548
-1.625534
-1.826368
-1.329580
-0.200308
0.639837
0.464681
0.203511
-0.204530
-1.676920
-2.444262
-2.462083
-2.034928
-1.463356
-0.613632
0.278706
0.622940
0.878947
1.722960
2.039474
2.541179
2.688802
2.391648
1.512865
0.439467
-0.082968
-0.198116
-0.007933
0.283975
0.241960
-0.077552
0.022387
0.713428
0.826886
0.888833
0.909194
0.368536
0.361236
0.744201
0.956021
0.836116
0.474862
0.114144
-0.009670
0.188052
0.109044
-0.224915
-0.646029
-1.375719
-1.619367
-0.954743
-0.229710
0.574572
0.793844
0.532595
0.459269
0.433948
0.283671
0.156779
0.936718
1.133243
0.940267
0.547488
-0.211705
-1.131947
-1.554703
-1.805626
-1.622162
-1.455359
-1.212754
-1.368511
-0.970895
-0.697877
0.426485
0.860509
0.872364
0.749995
0.275655
-0.330661
-1.144088
-2.180863
-2.138237
-1.685699
-1.436755
-0.256421
0.441101
1.032842
1.377733
1.935254
1.628472
0.933661
0.112614
-0.243558
-0.225467
-1.010002
-1.313618
-1.046962
-1.190792
-1.120254
-0.961436
-0.551829
-0.127911
0.300562
0.429608
0.324252
0.756863
0.505847
-0.029600
-0.580622
-0.623030
0.002367
0.257108
-0.474462
-0.812320
-0.720061
-0.360622
0.208612
0.465540
0.000837
-0.605243
-0.693387
-0.822519
-0.758106
-1.125969
-1.178987
-0.657885
-0.550257
-0.522626
-0.523133
-0.285925
-0.334675
-0.262873
-0.852847
-1.297459
-0.961079
-0.597075
-0.367644
0.104176
0.473159
0.690836
0.551921
0.974214
1.124141
1.116386
1.245854
0.521832
-0.473866
-1.415470
-2.250755
-2.249109
-2.265344
-1.745236
-0.595836
0.063626
0.523834
0.879774
1.393622
2.173069
2.398341
1.986882
1.865528
1.737444
1.553234
1.584648
1.502652
1.703005
1.351187
1.183747
1.165210
1.215014
1.160575
0.798398
0.741472
0.667925
0.502403
0.457564
0.482248
-0.087662
-0.619455
-0.676905
-0.382669
0.016017
0.374784
0.041123
-0.505655
-0.744077
-0.819494
-0.543775
-0.258147
-0.013125
0.128153
-0.193742
-0.667709
-0.537223
-0.207279
-0.041700
-0.109243
-0.493324
-0.773584
-0.369898
0.233418
0.354066
0.338536
0.151291
-0.035057
0.251503
0.948970
1.031507
0.360766
-0.123400
-0.181451
0.007328
0.136372
0.254249
0.109739
-0.366493
0.003342
0.057583
0.272842
0.519966
0.550497
0.910050
0.982978
0.391118
-0.037762
-0.500122
-0.299344
-0.012905
-0.101471
-0.071702
0.036214
0.198935
0.293725
0.465444
0.786710
1.090253
1.020836
0.877428
0.143241
-0.473192
-0.517794
-0.583524
-0.342420
-0.015813
0.506247
0.641163
1.035889
0.961001
0.790422
0.186812
-0.502197
-1.293830
-1.627197
-1.440042
-0.807577
-0.062874
0.471242
0.892081
0.728827
1.121199
1.618597
1.385820
1.071538
0.548156
0.268772
-0.398874
-0.800823
-0.839689
-0.850074
-0.801624
-1.146694
-1.109515
-0.461256
-0.438245
-0.433591
-0.241866
0.212782
0.522755
0.536384
0.598383
0.271229
-0.403745
-1.012251
-1.654647
-2.375414
-3.347252
-3.061069
-1.866314
-0.847583
-0.172148
0.056600
0.288792
0.362079
0.358371
0.534070
0.425901
-0.132176
0.122942
0.372719
0.902103
1.308812
1.058206
0.474246
0.123481
0.066469
-0.098361
-0.521239
-0.759579
-0.412183
-0.695786
-0.283438
0.150560
0.354915
0.382350
-0.062208
0.170960
0.278429
0.116020
0.030429
-0.592605
-1.000046
-1.077963
-0.814722
-0.585127
-0.311906
0.530056
0.758671
0.563345
0.377033
0.449712
0.311282
-0.135629
-0.464689
-0.689073
-0.875058
-0.494888
-0.169438
0.205652
-0.114443
0.008806
0.771611
1.242261
1.754986
1.751085
1.370692
0.738452
0.253530
0.176296
-0.541004
-1.210655
-1.159497
-0.409419
0.208410
0.593270
1.641887
2.183190
1.706845
0.948983
0.128459
-0.365652
-0.501998
-0.729539
-1.092021
-1.235216
-1.131724
-0.325303
0.719145
1.607090
1.680461
1.544578
1.181359
0.482621
-0.107569
-0.933466
-1.257701
-1.314409
-1.238409
-1.311781
-0.800532
0.215213
1.083764
1.359526
1.888729
1.712145
1.506823
0.849907
0.322851
-0.479171
-1.685352
-2.142295
-2.015893
-1.706887
-1.038745
-0.602018
-0.965282
-1.367299
-0.891804
-0.101758
0.449246
0.127424
-0.042613
-0.290560
0.005304
0.499956
1.319458
1.522705
0.860111
0.313810
0.736776
1.058575
0.819611
0.609938
0.628442
0.812278
1.139454
1.530755
1.270466
0.432863
-0.673898
-1.462126
-2.650099
-2.590768
-2.224028
-1.886186
-1.427095
-0.084003
1.066154
1.636290
1.416835
1.472387
1.635007
1.194514
0.516477
0.559038
0.799721
0.710474
0.850955
0.661185
0.592013
0.323442
-0.367281
-0.248483
-0.325069
-0.056648
-0.059987
-0.137500
-0.087908
-0.259358
-0.586838
-0.677386
-0.739024
-0.621538
-0.856095
-0.995209
-1.445560
-0.934674
-0.255092
-0.305974
-0.584129
-0.887958
-1.104180
-0.689436
-0.797897
-1.039650
-1.256369
-1.378999
-0.771753
-0.188432
0.182886
0.425569
0.713893
0.096745
-0.517953
-0.718519
-0.530760
-0.460548
-0.877256
-0.634202
-0.727098
-0.922309
-0.534358
0.422514
1.339408
1.035004
0.327574
0.145152
0.407863
0.851755
0.689521
-0.151360
-0.647995
-0.268728
0.696541
1.839599
2.252532
2.155616
1.940336
1.481138
1.145087
0.353279
-0.386310
-0.373886
-0.007906
0.322647
0.435715
0.030700
0.089767
0.690448
1.048807
1.173585
1.091053
0.737470
0.743607
1.119913
1.807624
2.528615
1.928361
0.768857
-0.514380
-1.345209
-1.369439
-1.349580
-1.495798
-1.237298
-0.966000
-0.164875
0.523201
1.110709
0.985981
0.534568
0.262218
-0.253570
-0.769172
-1.101989
-1.298684
-1.478492
-1.211638
-0.805895
-0.453954
-0.317695
-0.745365
-0.885818
-0.406312
-0.254640
-0.403906
-0.958479
-1.298331
-0.865844
-0.605614
-0.110291
0.621436
1.121934
0.681540
-0.274967
-1.314580
-1.999050
-2.023005
-1.961837
-1.728404
-1.082778
-0.785886
-0.981905
0.482242
2.224207
3.005344
2.951034
3.046938
2.693376
2.239106
1.977514
1.553029
0.842021
-0.349364
-0.757884
-0.481360
-0.316546
-0.149875
0.203948
0.448408
0.832510
0.969134
0.666264
0.219753
-0.336477
-0.920537
-0.933073
-0.666738
-0.480900
-0.672969
-0.773602
-0.601157
-0.362441
-0.471023
-0.232005
0.254035
-0.337772
-0.481255
-0.475265
-1.071636
-1.832364
-1.985135
-1.015202
0.048433
0.860392
1.276442
1.248938
0.913150
0.378139
0.342487
-0.088445
-0.627166
-0.986204
-1.042297
-0.575547
-0.210239
0.288120
0.777119
1.221574
1.458016
1.153945
0.602112
-0.192667
-0.534922
-0.379016
-0.382107
-0.322371
-0.077193
-0.246502
-0.697116
-1.106799
-0.740010
-0.207974
0.102184
0.266948
0.458384
0.198989
0.084044
0.014556
-0.210910
-0.869013
-1.469622
-1.077076
-0.258167
0.142071
0.497478
1.111085
1.371792
1.524312
0.993212
0.992718
1.087053
1.097005
0.625836
-0.213383
-0.883251
-1.228819
-0.978830
-0.516120
-0.800583
-0.381336
0.251876
0.234066
0.322288
0.052105
-0.780857
-1.747896
-1.432190
-0.868985
-0.658583
-0.350642
-0.585383
-0.343590
-0.076673
0.544214
0.331228
-0.040358
-0.499251
-0.554658
-0.582526
-1.131626
-0.799697
-0.506119
-0.331449
-0.073630
-0.021523
0.102112
-0.441373
-1.255946
-1.523193
-1.220693
-0.508453
-0.181130
0.623417
0.357758
-0.283220
-0.237508
-0.049246
0.021880
0.283189
0.399374
0.457970
0.469018
0.438555
0.903950
1.453381
1.689089
1.649856
1.613575
0.960461
0.444877
-0.032610
-0.531307
-0.578887
-0.590184
-0.279681
-0.204694
-0.264366
0.203327
0.056975
0.443887
0.982639
0.829959
0.806917
0.200073
-0.644796
-0.821083
-0.383182
0.333690
-0.092407
-0.128441
0.096085
0.354463
0.747989
0.983554
0.823542
0.563910
0.671116
0.401529
-0.041038
-0.260834
-0.321797
-0.035497
0.089876
-0.062960
-0.315873
-0.425571
-0.353812
-0.012835
0.215637
0.598635
1.277657
1.683012
1.903199
1.345931
0.328308
-0.885571
-1.493627
-1.495518
-1.011938
-0.545444
-0.377736
-0.591636
-0.900429
-1.094256
-0.847335
-0.641681
-0.597078
-0.291882
-0.183357
0.099229
0.255524
0.527492
0.155738
-0.065386
0.134602
0.345075
1.077780
1.970515
1.864926
1.414472
0.540093
-0.263044
