-1.189122
-0.890685
-0.909639
-0.840123
-1.264595
-0.549136
0.111865
0.144262
0.095321
0.478643
0.858723
0.609809
-0.156121
-0.511029
-0.378074
-0.347184
-0.575194
-0.238586
0.238673
0.662540
0.582515
0.635179
0.936639
0.528500
0.042288
-0.688126
-1.195638
-1.481840
-1.004898
-0.176877
0.306533
0.810388
1.080812
1.018372
0.933670
1.236365
1.420953
1.118072
0.492867
0.039053
-0.065187
-0.137130
-0.170689
-0.668463
-1.236387
-1.445290
-1.410982
-0.882983
0.160798
0.666532
0.950268
0.890053
0.891414
1.227104
1.678129
1.627293
0.969241
0.727044
0.209169
-0.692560
-0.875309
-0.935092
-1.564745
-1.851772
-1.203262
-0.293233
0.210082
0.929021
1.166445
0.850735
0.540665
0.602114
0.727084
-0.358423
-1.245330
-0.996868
-0.182492
0.297856
0.409017
0.247308
0.213346
0.604944
0.762770
0.634701
0.171996
0.035710
-0.394109
-0.600466
-0.263554
1.077511
1.597676
1.685446
1.360677
0.636770
-0.485691
-1.281524
-1.838234
-2.336406
-1.977177
-1.134125
-0.454253
-0.440680
-0.081815
0.581427
0.764064
1.298389
0.515262
-0.368087
-0.363530
-0.553779
-0.867614
-1.100948
-1.047813
-0.665757
-0.280392
-0.198633
-0.159868
-0.130378
-0.469822
-0.275212
0.459655
0.525426
-0.015544
-0.062571
-0.418903
-0.381269
-0.509398
-0.345522
0.213161
0.484122
-0.059726
-0.894670
-1.396618
-1.507521
-1.751930
-1.269289
-0.436635
0.564622
0.857333
1.013638
1.610744
2.158227
2.317832
1.209367
0.347996
-0.299698
-1.212372
-1.346909
-0.538956
-0.107699
0.054444
-0.195609
-0.658206
-0.578926
-0.146885
-0.279353
-0.252770
-0.628541
-1.269234
-1.169196
-0.742532
-0.186703
0.448017
1.038433
1.789391
1.637614
1.033476
-0.016793
-0.916318
-1.177260
-1.166125
-1.172863
-0.713413
-0.792392
-0.894947
-0.117444
0.759976
0.580918
0.966475
2.114496
2.309211
1.867494
1.187089
1.074218
1.091795
0.870394
0.636805
0.061761
0.156534
-0.024210
-0.672080
-1.104509
-0.983214
-0.642317
-0.065822
0.086561
-0.273146
-0.259540
-0.236888
0.080008
-0.274254
-0.725256
-0.547265
-0.327785
-0.152915
0.584072
1.322053
1.229817
0.767596
0.284258
-0.293148
-0.453163
-1.019359
-1.480226
-1.649781
-1.519209
-1.116120
-0.841553
-0.724434
-0.389450
0.337154
0.376135
0.474272
0.246043
-0.367175
-0.210789
0.010826
-0.269388
-0.354663
-0.556669
-0.751748
-0.027076
-0.007774
-0.054516
-0.068755
-0.331383
-0.804542
-0.967347
-0.521157
0.277829
0.468765
0.454201
0.813326
0.991729
1.188675
1.315805
1.303315
1.391567
0.650316
-0.045676
-0.073993
-0.572792
-1.405465
-1.286541
-1.098134
-1.029296
-0.520047
-0.239830
-0.691613
-0.415819
0.224254
0.293885
0.839624
1.689275
1.503636
0.823643
-0.068544
-0.773249
-0.760399
-0.004068
0.587665
0.953177
1.021260
1.409720
1.473811
1.461776
1.391586
0.584675
-0.278276
-0.976275
-1.249441
-1.570775
-1.842580
-1.686187
-0.974897
-0.147054
0.342008
0.531439
1.134774
1.369061
1.130330
0.454144
-0.336987
-0.925889
-0.602595
-0.090044
0.176740
0.096791
-0.760582
-0.924433
-1.200542
-1.181268
-0.417383
-0.078837
-0.093204
-0.505072
-0.954136
-1.410395
-0.854192
-0.246284
-0.339234
-1.175964
-1.068968
-0.635437
0.764803
1.162296
1.360703
1.787536
1.792511
0.998512
0.610909
-0.552801
-1.403067
-1.215506
-1.136659
-0.728162
-0.271662
-0.203173
0.028109
0.821401
1.566341
1.504672
1.300733
0.820076
0.431059
0.037560
0.285426
1.056391
1.205249
0.773003
0.167226
-0.069500
0.100970
0.285015
0.477382
0.480349
-0.048411
-0.540889
-0.676842
-0.295142
-0.209256
0.016642
0.419041
0.417964
0.315704
-0.323462
-0.361289
0.717969
0.923399
0.789650
0.287657
0.183140
-0.048647
-0.879527
-1.364938
-1.077996
-1.548344
-1.672896
-1.280056
-1.250603
-0.833936
-0.299149
0.200004
0.141883
0.049580
0.254846
0.483858
0.188688
-0.114106
-0.290375
-0.166228
0.205530
0.191118
-0.174882
-0.286213
-0.157618
0.397451
0.711944
0.045562
-0.698921
-0.643520
-0.643692
-0.662064
-0.648611
-1.054957
-1.303434
-1.354629
-0.968549
-0.406280
-0.245789
-0.000169
0.517381
0.797607
1.345986
2.109985
1.729686
1.501864
0.757474
0.237473
0.193991
-0.100364
-0.596341
-0.516617
-0.085751
-0.008742
0.324293
0.832513
1.610739
1.499234
0.604387
0.023881
-0.177841
0.004567
-0.252782
-0.691373
-1.055857
-1.374519
-1.358346
-0.752522
-0.451900
-0.137800
0.408161
0.564207
0.904620
0.940796
0.529435
0.468623
0.230585
-0.531111
-1.636552
-1.803728
-1.916544
-0.710448
0.524363
1.200124
1.827079
1.763666
2.627709
2.561081
1.547145
0.815822
-0.127293
-0.743557
-0.952283
-0.536770
-0.270490
-0.286989
-0.388320
-0.674460
-0.340492
0.168995
-0.113842
-0.218288
-0.241477
-0.579208
-1.090127
-1.697596
-1.785050
-1.425051
-0.423376
0.582641
0.891915
1.425469
1.326745
0.878466
0.513412
0.310706
0.500594
-0.126053
-1.111517
-1.637979
-1.477543
-0.697715
-0.906475
-0.781327
0.813769
1.791482
2.489651
2.645779
2.979363
2.932480
1.997534
0.836424
-0.160447
-0.935124
-1.280693
-1.282469
-1.161877
-0.995410
-0.674295
-0.023199
0.955573
1.498567
1.796402
1.731198
1.160543
0.577115
0.263721
-0.036777
-0.631464
-0.918934
-0.453553
-0.412559
-0.785919
-1.736001
-1.983023
-1.975362
-2.043136
-0.720909
-0.244541
-0.642137
-0.852102
-1.210822
-1.116990
-1.365222
-1.653100
-1.470100
-0.734469
-0.147582
-0.085167
-0.076341
0.104393
0.488885
0.463202
-0.700545
-1.668772
-1.479193
-1.047520
-0.692503
-0.412330
0.550048
1.402715
1.434947
0.885560
0.802493
0.695524
0.218131
0.313902
-0.286257
-0.960013
-1.271266
-0.199749
0.939211
0.858782
0.943176
0.285058
0.629463
1.436646
1.416088
1.379419
0.459667
-0.218957
-0.662558
-0.885910
-0.187014
-0.351917
-0.330834
-0.244602
0.139063
0.753187
0.550047
0.492902
0.483061
0.271917
-0.225263
-0.605652
-0.530286
-0.118440
0.231718
-0.327497
-0.673167
-1.089069
-0.808318
-0.707037
-0.424817
-0.155612
-0.294209
-0.294200
-0.549437
-0.360189
-0.314501
-0.077715
0.117745
0.660102
1.195317
2.028249
2.617261
2.516666
2.272852
1.314085
-0.676440
-1.764065
-2.051872
-1.058985
-0.903248
-1.332835
-1.770956
-1.585744
-0.589392
1.339603
3.764490
4.308381
3.225006
2.190346
0.860157
-0.176055
-0.944126
-1.556916
-1.474052
-1.969948
-1.415201
-0.311066
0.635935
0.659787
0.822234
0.907186
0.409838
0.524038
0.499674
-0.237039
-0.862138
-1.634497
-1.633065
-1.574312
-1.263729
-0.925295
-1.043225
-1.616615
-1.786866
-0.651981
-0.052542
0.150209
0.516414
-0.166447
-0.119350
0.692106
1.167747
1.525055
1.217186
0.897012
0.531752
-0.220650
-0.756667
-0.846197
-0.547199
-0.209683
0.556249
1.117956
0.973900
0.616287
0.242018
-0.063772
-0.390857
-0.462685
-1.301641
-1.760440
-1.400291
-0.629950
0.067124
0.684074
1.271888
1.329121
1.643501
1.026813
0.014075
-0.490478
-0.503532
-0.048547
-0.310612
-0.382463
-0.592262
-0.466523
-0.252130
-0.260999
0.483276
0.774614
1.323258
1.790367
1.153050
0.275426
-0.772995
-1.562447
-1.212414
-0.531349
-0.234132
-0.246053
-0.044382
0.372901
0.558245
0.916635
0.476306
-0.131141
-0.782764
-1.299412
-1.552752
-1.264040
-1.086456
-0.527450
-0.418309
-0.473021
-0.205898
0.469252
1.608721
1.904019
0.963672
-0.080112
-0.426354
-0.902107
-1.769657
-2.886145
-2.572687
-1.817368
-1.118287
0.199796
1.747793
2.519141
1.886232
0.860221
0.455292
0.520044
0.615975
0.250744
-0.564207
-0.702307
0.072668
0.624801
1.208874
0.964850
0.595684
0.514223
0.563719
0.530847
-0.133795
-0.945352
-0.961530
-0.329654
-0.067968
0.180466
0.107803
0.346171
1.284528
1.419892
1.607407
1.087471
0.267733
0.122396
0.591392
0.823252
0.170642
-1.090818
-1.107216
-0.494626
0.031258
0.746952
1.004836
1.010467
1.030117
1.210244
2.233928
2.317532
1.215344
-0.237008
-1.359055
-2.196899
-2.622689
-2.710739
-2.232485
-1.047809
-0.207881
0.095428
0.618239
0.628386
-0.114728
-0.267205
-0.434422
-0.408802
-0.575572
-1.180235
-0.861405
-0.941477
-0.792804
-0.113683
0.958279
1.639045
1.297292
0.672956
-0.044652
-0.649193
-0.395199
-0.190152
-0.351426
-0.754088
-0.705186
-0.778503
-0.702579
-0.326441
0.519285
0.322334
-0.122798
-0.093059
-0.723335
-1.146974
-1.468814
-1.690416
-1.608635
-1.225615
-0.375828
0.214418
0.669609
0.779899
1.046439
1.464571
1.614199
1.010509
0.248191
-0.636427
-0.860702
-1.150503
-1.276694
-1.484609
-1.964164
-2.208862
-1.469283
-1.073281
-1.054599
-0.792645
-0.400439
-0.078200
0.177919
-0.504928
-0.465786
-0.052896
0.197045
0.561917
0.754103
1.222836
1.812881
1.782221
1.690893
1.659198
1.342829
0.735240
0.008779
-0.797240
-0.444490
0.200807
1.011672
1.416646
1.814046
1.887451
1.045318
0.439665
0.114801
0.078022
-0.154076
-0.258231
-0.541090
0.071663
0.199226
0.014625
-0.203213
-0.236012
-0.111584
0.189701
0.805353
1.126754
1.199073
1.604942
1.754442
1.126364
0.742126
0.025255
-0.492520
-0.342686
-0.966944
-1.220584
-1.384028
-0.854765
-0.021540
0.147428
-0.014417
-0.012946
0.227645
1.476140
1.788180
1.149978
0.560690
-0.365033
-0.509030
-0.144288
0.098542
-0.133038
-0.682287
-0.840120
-0.745277
-1.041211
-0.430910
-0.240290
-0.586110
-0.109768
-0.019446
0.177891
0.060366
-0.089891
-0.075678
0.323123
0.504124
-0.038075
0.152946
0.370020
0.064146
-0.257053
-0.446786
-1.229936
-1.452715
-1.172272
-0.975030
-0.425677
-0.328209
0.025287
0.699478
1.443144
0.976039
1.054102
0.687646
0.256918
-0.304220
-0.667603
-0.874900
-1.346962
-2.026877
-1.759213
-1.279405
-1.404367
-0.748802
-0.242782
0.352922
1.296615
1.804119
1.625480
1.049783
0.623377
-0.036320
-0.858844
-0.912005
-0.507205
-0.164636
-0.078856
-0.553123
-0.869636
-0.613972
-0.054379
0.671431
1.331412
1.304278
0.918770
0.274407
-0.194619
-0.411863
-0.324303
-0.651815
-0.967257
-0.998604
-0.580416
-0.013612
0.107442
0.214470
0.348618
0.602573
0.582122
0.373704
0.272475
0.343761
0.379746
0.102575
-0.064749
0.487270
0.093520
-0.240784
0.269397
0.794669
0.800368
1.128179
1.154926
0.840691
0.232426
-0.187075
-0.955630
-1.478862
-1.204770
-0.816594
-0.035155
1.108515
2.253475
2.332489
1.294181
0.873316
-0.005016
-0.508691
-0.867297
-0.746294
-0.848071
-1.227946
-1.209548
-0.511640
0.904147
2.087709
1.766254
1.873087
2.566304
2.447820
1.820956
0.046511
-1.377447
