0.921064
-0.010844
-1.228850
-1.824050
-1.037651
-0.960563
-1.365226
-0.516288
0.311522
0.561703
0.425879
0.831502
0.149466
-0.636285
-0.665079
-1.688508
-2.105129
-1.543747
-0.555655
0.069508
0.277396
0.417656
1.331652
0.661369
0.260578
0.324461
-0.863171
-2.330665
-2.719727
-2.155125
-1.177360
-0.193719
0.314092
0.693002
1.461065
1.418593
0.914048
0.594330
0.716460
0.703639
0.372095
0.325940
0.287418
-0.070783
-0.409513
-0.018054
0.129233
-0.531921
-0.279326
-0.503498
-0.299247
-0.286744
0.135118
-0.025662
-0.421547
0.387634
1.419757
1.400856
0.853817
1.071590
1.120151
0.854838
-0.569271
-1.177928
-0.772391
-1.004195
-1.421030
-1.122949
-0.542718
0.498962
0.499140
0.416154
-0.034406
-0.882282
-1.405808
-1.344617
-0.844865
0.689907
1.328816
1.869793
1.828542
1.581332
1.272358
0.532836
-0.800736
-1.564984
-2.029647
-1.697641
-0.825171
-0.302204
0.263914
0.667315
-0.066638
0.086693
0.289639
0.092884
0.686535
-0.261313
-0.775486
-0.395490
-0.698319
-0.660794
-0.899568
-0.337861
0.286791
0.544604
0.784027
0.739129
-0.725718
-1.685144
-2.365908
-2.353784
-0.922330
-0.529272
0.232107
1.174706
1.562389
1.686869
1.314264
1.264021
0.821117
-0.009665
0.226970
0.228914
0.086915
-0.249398
0.623195
0.358215
0.089867
0.647950
0.695998
1.078760
0.933666
0.258674
-0.055321
-1.038776
-1.876466
-1.645633
-0.963531
-0.058614
0.778858
1.414793
1.641021
0.979908
0.929940
1.192566
0.262993
-1.254885
-2.017276
-1.791965
-1.412485
-1.013965
-0.182673
0.208618
0.140696
0.294412
0.234664
0.249150
-0.667689
-1.382053
-1.470161
-1.558244
-1.413182
-0.831104
0.750829
2.326039
1.930889
2.110424
2.192348
1.345972
0.443334
-0.325814
-0.954542
-0.821625
-1.000529
-1.667149
-1.557566
-1.181539
-1.195749
-0.621643
-1.011539
-0.473807
0.256449
0.378113
0.885665
0.572351
0.097614
0.530890
0.757718
1.588448
0.905721
0.089443
-0.021199
-0.311080
-0.837372
-0.999582
-1.126228
-0.831243
-0.676699
-0.026569
-0.181539
-0.102960
-0.401978
0.035079
-0.808002
-0.405532
0.300848
0.477715
1.023866
1.491444
1.916473
1.541046
1.130267
-0.119297
-0.934107
-0.771309
-0.178691
0.992216
1.362367
0.967060
0.469370
-0.101991
-0.049508
-0.134842
-0.245865
0.154476
0.683915
0.779362
0.691955
0.989899
1.100406
0.744536
-0.416225
-0.450837
0.547046
0.968218
1.221455
0.788469
0.940057
0.508500
-0.111248
-0.880951
-1.526170
-0.949958
-0.090212
0.419172
1.169892
0.296750
-0.399320
-1.176162
-1.137082
-1.269748
-0.900718
-0.754285
-0.605519
-0.198009
0.148295
0.956143
1.294045
1.497605
1.212347
0.804483
-0.301964
-1.264617
-1.085983
0.584551
0.433986
0.356596
1.068149
0.871741
0.676908
0.539096
0.802513
1.393753
0.609692
-0.036844
-0.402923
-1.142968
-0.707713
0.317005
-0.203458
-0.435421
-0.612984
-0.025367
-0.184162
-1.273028
-1.560350
-1.235167
-1.677245
-0.780733
-0.042626
1.129279
1.660853
1.815110
1.245905
0.736790
0.935433
0.191863
-0.450898
-1.196397
-1.337120
-0.906491
-1.370149
-2.189187
-1.523854
-1.195186
-1.078424
-1.672612
-2.103996
-1.560844
-1.829576
-1.986159
-1.778868
-1.265691
0.242353
0.586417
0.702325
1.230746
1.890489
0.726621
-0.180477
-0.411269
-0.214737
0.728019
1.161048
0.202375
-0.411347
0.130875
0.253968
0.318908
0.467343
0.768791
0.517603
-0.137774
-0.384498
-0.540505
0.001895
0.254865
0.823377
0.392880
-0.063551
0.271696
0.041862
-0.662871
-1.920399
-1.699064
-1.033986
-0.442692
-0.208331
0.332052
1.747009
2.261709
2.530716
3.285548
2.950664
1.877351
1.069062
0.156834
-1.427290
-1.387054
-0.724167
-0.114070
-0.741830
-1.541630
-1.614005
-1.947937
-0.746992
0.043715
0.897100
1.313097
1.855991
2.413507
2.372561
1.609582
0.680945
-0.027812
-0.984592
-1.610292
-0.689200
0.996863
1.591213
1.347642
1.779232
1.618684
1.085258
0.323405
-0.583003
-1.525637
-1.970082
-2.960745
-3.489697
-2.553243
-1.663387
-0.511138
0.487272
1.519770
0.787778
1.370883
1.305994
0.619534
0.270983
-0.332624
-0.554320
-0.602461
0.929805
1.195805
1.415804
1.233956
1.269809
0.809003
-0.656803
-1.175808
-0.803656
-0.339286
-0.375247
-0.189781
-0.620354
-0.328782
0.705062
1.059051
1.306051
1.137184
0.155808
-0.465275
-0.354493
0.098837
0.420285
0.110683
0.217434
-0.211320
-0.884821
-1.044820
-0.856395
-0.796021
0.342384
0.305938
-0.402808
-0.615227
-0.968145
-1.365409
-0.796539
-0.081648
0.091227
0.350058
0.271171
0.332610
0.502868
0.040473
-0.773010
-2.076304
-2.513147
-1.831246
-1.379981
-0.863530
-0.373579
0.425258
0.777016
0.801127
-1.257672
-2.162650
-0.994217
-0.694277
-0.726738
-0.407919
-0.479074
-0.300155
0.589838
0.530309
-0.341325
-0.913731
-0.919081
-1.535866
-1.888093
-1.858492
-0.662019
0.560867
1.166200
0.781419
0.390415
0.117168
-0.147500
0.622784
0.064046
-0.088497
0.415818
0.870970
1.691573
1.876763
2.125027
1.567537
0.644780
1.081977
-0.173368
-1.020833
-0.113289
0.472213
0.775960
1.106365
1.145998
0.604866
0.613581
0.665189
0.749342
1.342527
1.424327
1.445488
2.216147
1.517555
0.342238
0.195849
0.367337
0.769626
0.884056
1.150685
1.506963
0.770349
-0.170400
0.427560
0.834330
0.463676
0.644183
-0.058158
-0.587746
-1.171168
-1.100380
-0.145575
-0.401684
-0.882663
-0.345744
0.140741
0.998504
-0.739361
-1.526990
-0.616698
-0.061985
0.305083
0.121193
-0.780101
-1.227392
-1.680531
-1.570366
-1.582107
-1.415033
-0.771932
-0.104191
0.842077
0.455688
0.436486
0.672027
0.831337
-0.139055
-0.694518
-0.252033
-0.533351
-0.390119
-0.063978
-0.083026
0.383006
1.320745
1.505095
0.466690
0.277197
0.910622
0.165505
0.229516
0.422604
0.766430
0.733311
1.679770
1.445644
1.291121
1.519985
1.476869
1.132265
0.675401
0.428910
0.341308
0.536688
0.796498
0.742036
0.735816
1.054649
0.833493
0.332165
-0.442362
0.050690
0.391630
0.375509
0.829726
-0.074980
-0.334291
0.214832
0.173098
0.071471
-0.857299
-0.617052
0.433479
1.798024
1.693612
1.476946
0.386322
-0.275547
-0.126325
-0.020717
0.260982
0.613096
-0.014743
-1.344458
-1.238168
-0.596961
0.046661
0.730956
0.885977
1.205351
0.946363
1.140447
0.683339
0.121812
-0.381822
-0.942211
-0.852545
-0.086468
0.287485
0.059178
0.124786
-1.019194
-0.860189
-0.707530
-0.461085
-0.021231
0.101863
0.815269
1.118794
0.925929
-0.189103
-0.002777
1.296611
1.045861
0.645986
0.179964
-0.130658
-0.544044
-0.132913
-0.285023
-0.710552
-0.111165
0.992963
1.462558
0.473779
-0.433423
-0.625315
0.311648
-0.441153
-1.469040
-0.900599
-0.168944
-0.110861
-0.842517
-1.427354
-1.201726
-0.330148
-0.432056
-1.299096
-1.388984
-1.008996
-0.453124
0.620678
0.469169
0.955067
1.278650
1.226837
1.366151
0.379880
-0.358999
-0.412769
-0.032473
-0.152965
0.358967
1.093082
1.858706
1.647432
0.506246
0.169991
0.535701
0.183893
-0.403064
-0.733166
-1.127253
-0.876767
-0.409369
-0.145888
-0.347356
-0.123867
-0.160058
-0.775637
-1.152488
-1.556180
-2.372990
-3.125072
-3.127210
-1.609685
0.893568
2.487313
3.305063
1.916430
0.877685
0.232635
-0.054711
0.321943
-0.691762
-1.154752
-1.018235
-1.031593
-1.067199
-1.776764
-1.635623
0.061682
0.714337
0.055087
0.357508
0.620586
0.425525
0.744778
0.059599
-0.182710
-0.143785
0.565701
1.517891
1.469053
0.856323
-0.082651
0.091888
0.120562
-0.265861
0.576855
0.815581
-0.135516
-0.618002
-0.412192
-0.168606
0.192959
-0.062958
0.142553
0.055993
-1.317785
-1.661327
-1.288806
-0.476594
0.816946
0.849543
0.291336
0.464867
0.834503
0.353732
0.292053
-0.174203
-0.586979
-0.522729
-1.286322
-1.550255
-0.489504
0.207855
-0.097177
-0.532621
-0.523453
-0.142780
-0.014357
0.011001
-0.732842
-1.688858
-2.864062
-2.563526
-1.716396
-0.713571
1.057678
1.992848
2.635690
2.257299
1.639018
0.935416
0.465335
0.069593
-0.773154
-0.662595
0.114783
0.571056
1.313017
0.636185
1.233834
0.897093
-0.075086
-0.818808
-0.632985
-0.628846
-0.568312
0.062099
-0.639020
-0.579023
-0.589202
-0.392139
0.517671
0.859143
1.674921
1.382777
0.811056
0.789325
0.592464
0.118644
0.234301
-0.023371
-0.490180
0.070657
0.225083
0.308315
0.131999
0.413710
-0.808153
-1.163159
-0.528740
-0.375323
-0.074233
0.326760
-0.284435
-0.786356
-0.445224
-0.745743
-0.857112
-0.521616
-0.118998
-0.145817
-0.211534
-0.153656
-0.217764
-0.012812
-0.716756
-0.945136
-0.376041
-0.135316
-0.013656
0.293349
0.952097
1.413238
0.917539
-0.413208
-0.425246
-0.013936
0.364081
1.010062
0.442089
-0.470384
-0.697515
-0.329616
-0.842026
-0.993877
-0.742125
-0.087251
1.023280
1.133768
0.086890
0.188327
-0.607597
-1.576832
-1.845878
-1.248384
-0.835318
-0.508405
0.051724
0.855832
-0.018795
-0.446788
-0.552775
-0.745248
-0.742553
-0.072170
0.374004
0.811669
1.098214
1.280695
1.400280
1.626908
1.194375
0.297015
0.182555
-0.113633
-0.236999
0.554400
1.002769
1.237846
2.066551
1.251797
1.422614
0.200389
-0.868319
-0.610577
-1.014601
-1.690096
-1.018278
0.445042
0.722948
0.647105
0.964765
1.425193
1.602850
1.061247
0.613439
0.593556
0.772262
0.512859
-0.287354
-0.197904
0.401625
0.432097
0.096277
0.360904
1.056555
0.602507
0.286929
0.528116
0.051210
-0.610931
-0.087523
0.282297
0.786598
0.693257
0.186757
0.434985
0.588833
0.319683
-0.340547
-0.685106
-0.469512
-0.560605
-1.702242
-1.347913
-1.046949
-0.864485
-0.470816
-1.007112
-0.994737
-1.027807
-0.295367
0.098386
0.217193
0.446787
0.210481
-0.448596
-0.892455
-1.597570
-1.810846
-1.460654
-1.819822
-1.980405
-1.635923
-1.353194
0.038920
0.390568
-0.187186
-1.307713
-0.983620
-0.087433
-0.120738
-0.170000
-0.863453
0.172475
1.078941
1.522717
1.343957
1.279013
1.233733
1.321942
1.501166
0.346212
-0.649461
-0.291798
-0.538321
-1.408600
-1.378208
-1.039724
-0.051489
0.205966
0.102275
0.938813
1.745042
1.684312
1.218522
0.761173
-0.097995
-0.315232
-0.551209
-0.607238
-0.369964
0.144721
0.293686
0.063645
-0.069839
-0.424081
-0.854723
-1.225209
-0.861320
-1.022254
-1.964823
-1.191465
-0.638428
-0.887567
-0.858838
-0.209498
0.787261
1.672386
1.915098
1.250056
0.823601
1.082245
1.735616
0.215384
-0.470540
-0.960643
-0.906027
-0.193191
-0.360537
-0.524702
-1.117206
-1.720672
-1.111604
-0.043475
