-1.360772
-0.715015
0.804876
1.169572
1.093176
0.884629
0.439474
-1.092211
-1.823426
-1.633534
-0.783403
-0.881843
-0.719759
-0.230066
-1.348323
-0.497351
0.137065
0.297499
-0.717068
-1.193210
-0.621366
-0.514906
-0.636366
0.077685
-0.636701
-0.036151
0.560018
0.116865
0.364563
0.523564
0.316345
0.243871
0.220409
-0.441352
-1.905358
-0.570376
0.684818
-0.242786
-0.693130
-0.016568
-0.954510
-0.855397
0.618079
0.343627
-0.466843
0.516504
0.765028
0.394777
0.452340
0.141599
-0.248988
0.717587
0.361888
1.056358
1.705222
0.682546
-0.844246
-1.405500
-1.000344
-1.648930
-1.880421
-0.855144
0.370287
1.404619
1.303487
1.126265
0.665452
0.075153
0.115705
-0.041710
0.366019
0.849953
1.052293
0.403585
-0.547135
-0.912174
-0.390968
0.241230
-0.092902
0.867200
1.515666
0.916546
0.136412
0.666347
0.880753
-0.389338
-1.020641
0.051727
-0.102557
-0.800724
-1.052084
0.073167
0.738905
0.993294
0.879043
0.728409
0.773979
0.186120
0.070593
-0.999231
-1.777283
-0.927154
-0.840082
-0.546604
-0.478796
-0.828727
-0.234241
0.553343
0.795880
-0.210957
-0.322648
0.372779
0.651788
0.538672
0.302650
0.201593
-0.049765
-0.228741
0.035366
0.273248
-0.070651
-0.301359
-0.252032
-0.384705
-0.762068
-0.064113
-0.218292
-0.698031
-1.179035
-1.433924
-1.665761
-2.327126
-2.711993
-2.407876
-1.280220
-0.807735
-0.774060
-0.190011
0.740451
0.752733
1.393543
1.468624
0.685821
0.454901
0.829734
-0.196318
-1.042475
0.116910
-0.879731
-1.803709
-0.828249
-0.111711
-0.564252
-0.673570
-0.451664
0.213210
0.304591
-0.370635
0.149827
0.416337
-0.200044
0.277508
0.662265
0.563612
0.139140
0.943958
0.512398
0.108250
0.583178
1.166227
1.150447
0.553785
-0.342638
-1.063398
0.027523
-0.078657
-1.091737
0.014000
0.550050
1.132774
2.071287
1.118648
-0.643713
0.002002
0.945766
0.838210
0.606883
0.388839
-0.120061
0.244827
1.090010
0.874127
0.241948
-0.254108
-0.114404
0.852444
1.022040
-0.122673
0.132695
-0.183905
0.112509
0.586205
0.631414
0.147948
-0.088236
-0.189071
0.352241
0.489071
-0.591324
-0.776899
-1.131486
-1.148221
-1.191659
-0.378127
0.904710
1.025707
0.252694
-0.490274
-0.754937
-0.101760
0.339559
0.860402
0.492630
0.013806
1.294244
0.780327
-0.179942
-0.375803
-1.529444
-1.709729
-2.036043
-2.579602
-1.147838
-0.085433
-0.005213
-0.091851
0.786640
0.317332
-1.617232
-0.447246
0.444474
-0.147481
0.034838
-0.211487
0.445024
1.245652
1.005418
0.883147
0.488963
0.443665
-0.610181
-1.394516
-0.702947
-0.320924
-0.211870
0.238032
0.638904
0.715477
0.979660
1.139478
1.193723
1.972780
2.075952
2.568074
2.293497
0.705600
-0.092320
-0.832129
-0.559061
-1.122178
-1.542228
-0.820001
-0.341520
-0.707871
-1.582881
-1.805409
-1.813568
-2.247649
-3.279390
-3.178759
-2.345810
-1.708023
-1.299751
-0.718301
-0.294506
0.372724
0.152059
0.267315
-0.348181
-0.619613
0.901599
0.843028
0.291973
-0.270704
0.526512
0.275523
-0.390198
-0.007802
1.001890
0.976504
0.179537
0.507742
1.111566
2.129360
0.449329
-1.212777
-0.711406
0.474497
0.822914
0.132387
-0.074169
1.168974
2.287344
2.413745
1.660935
1.927255
1.746924
1.199936
0.205731
-0.553842
0.794382
1.438285
-0.049405
-0.824950
0.058359
-0.264255
-0.735237
-1.003455
-1.731672
-1.821739
-0.891246
0.433973
0.785068
0.967389
0.918143
0.799730
0.535522
-0.361145
-0.609323
-0.260252
-1.436075
-1.594392
-0.672441
-0.254109
1.243523
1.826779
0.563177
-0.074097
-0.577281
-0.574713
-0.174078
-0.464494
-0.262869
0.036603
0.050784
0.458885
-0.020477
-1.533243
-1.516677
-1.351977
-1.941342
-2.020021
-1.269847
0.032118
0.382253
1.355446
0.770702
-0.127988
0.121171
0.718118
0.178197
0.191185
1.800858
1.896365
1.187650
1.325605
0.866391
0.521799
-0.004508
-0.351308
-0.843143
-1.845688
-1.924533
-2.181773
-1.771381
-1.947275
-0.864234
0.458311
1.066383
0.849818
1.122968
1.569310
1.702916
0.812992
0.763325
-0.218841
-0.232683
0.491088
0.579901
0.189107
0.882956
0.423428
-1.246208
-0.873849
-0.790461
-1.408917
-1.243283
-1.249689
-0.955475
0.326470
1.382247
0.841231
0.169172
-0.979756
-1.961609
-2.085182
-1.181506
-0.267544
-0.019437
-0.020266
0.986218
0.445282
-0.171900
0.306049
-0.160651
-1.449492
-1.478997
-1.305063
-1.080932
-0.453127
0.258482
0.131841
-0.682283
-0.089507
-0.173462
-1.294911
-0.192154
0.603700
0.331966
0.981133
2.511813
2.382462
1.422332
0.935223
0.465155
0.104181
-0.856544
-1.210080
-0.056522
0.583391
0.383424
-0.182551
0.029684
-0.528959
-1.520490
-1.181203
-1.049593
-1.437579
-1.787804
-1.115146
0.050331
0.547576
0.384915
1.037096
-0.110740
-1.064892
-1.061409
-1.380039
-1.093557
-0.033048
0.646531
1.130310
0.447675
0.193983
0.151561
-0.283703
-0.501436
0.299089
0.823970
0.074817
0.560137
1.015847
0.589070
0.337849
-0.511133
-1.532955
-1.449256
-0.759233
-1.259528
-1.010679
0.329524
1.351449
1.074518
0.152661
-0.248449
0.331396
1.110146
2.178728
2.342956
2.617158
1.942704
1.027360
0.414041
-0.768718
-2.067375
-2.460328
-1.867559
-2.403044
-1.664673
-0.003487
0.805161
1.109212
0.918746
0.304616
0.171306
0.018518
0.123549
-0.232636
0.357281
0.758409
0.759892
0.492510
0.492995
0.043722
-0.450748
-0.813417
-0.876231
-1.246400
-0.143691
-0.041452
-0.608033
0.246341
0.187700
-0.620225
-0.743524
-0.464913
-0.466467
-0.613965
-0.548444
-0.624136
0.011600
-0.126304
0.549929
1.311544
1.546261
1.587304
2.926983
2.085609
0.762967
0.478860
0.963846
0.819562
0.750379
0.530407
-0.316684
-0.475452
-0.489910
-1.362852
-2.149915
-1.463154
-1.031044
0.189821
-0.282620
0.097322
0.832115
1.252132
1.514396
1.758841
2.617815
2.440109
2.191261
1.686489
0.148464
0.569249
1.312434
0.712582
-0.178140
-0.028551
0.309242
-0.411874
-0.140548
-0.851785
-0.343732
0.502420
0.866483
-0.123987
-0.546261
0.125142
1.563730
1.549051
0.938147
1.771578
1.061463
0.848887
1.094543
1.004767
0.307165
-0.149527
0.185275
0.157553
0.005647
-0.505752
-1.074836
-0.994678
0.315538
0.449943
0.378423
0.724779
0.946091
1.987482
1.383409
1.085017
0.926649
0.893030
1.104046
0.716067
1.595782
1.435296
0.912434
1.306166
1.513525
0.191130
-1.845590
-1.470636
-0.458585
-1.063748
-1.627992
-1.237367
-0.634965
0.528320
-0.063151
-1.437210
-0.662491
0.279781
0.929721
0.659676
0.015507
0.235373
0.205322
0.126342
0.160159
-0.020742
0.704077
0.997508
-0.012976
-0.646707
0.471254
0.009900
0.073322
0.477262
-1.312988
-1.825914
-0.219981
0.352868
-0.171424
-0.023721
0.158431
0.557648
1.208768
0.837021
-0.134434
-0.489108
0.076893
0.283418
0.302252
-0.503806
-0.362101
0.068530
-0.239857
-0.262557
0.112184
-0.459266
-1.215646
-1.235964
-1.005900
-1.127440
-0.268243
-0.150555
-0.546568
-2.280776
-2.029668
-0.442496
-1.111773
-2.065973
-0.288593
0.763458
-0.174609
-0.062260
-0.002406
-0.191984
-0.943939
-0.822105
-1.336110
-0.685095
-0.204262
0.048914
0.969158
1.297281
1.678283
0.856292
-0.164076
-0.565149
-1.255452
-1.446146
-0.731678
0.658509
0.705488
-0.062103
0.499828
0.819070
0.327059
-0.249097
-0.670707
-0.430732
-0.018637
-0.316589
-0.381353
0.801526
0.704888
-0.703737
-0.915567
0.163105
0.686623
0.707021
0.796551
0.694533
0.699030
-0.071981
0.436594
0.510747
-0.347726
-0.219123
0.755863
0.730867
-0.672686
-0.763643
0.285465
-0.355491
-0.881638
0.260349
0.679251
-0.060624
-0.586982
-0.924853
-0.749924
-1.152563
-1.416763
-2.023072
-1.571304
-0.588257
-1.020963
-1.572887
-1.013712
0.392381
0.757035
0.806882
1.035333
0.948661
0.501934
-0.111156
-0.114782
-0.537417
-0.220744
0.266530
0.002613
0.432085
0.667612
0.276697
0.118421
0.614344
0.661296
0.339944
0.166455
-0.021715
-0.439294
-2.043436
-0.731305
1.169120
0.561768
-0.252187
0.202352
1.398245
1.158410
0.556133
-0.076616
0.270981
0.160828
-0.489631
-0.709334
0.403713
0.340361
0.996100
0.995259
-0.241104
0.485868
1.102299
-0.116029
-0.611009
0.202997
-0.053787
-0.032678
0.231674
0.307819
1.043161
1.833257
1.544652
0.576168
-0.196232
0.161137
-0.172463
-0.393910
0.173660
-0.112873
0.361786
0.088643
-1.338270
-1.459488
-0.090806
-0.697931
-1.127100
-0.342629
0.102324
0.451046
0.751133
0.330296
0.093169
-0.128095
-0.693815
-1.204714
-2.182169
-2.235897
0.269111
1.451012
0.924228
0.934245
-0.055592
0.243492
-0.254847
-0.710703
-0.339673
-0.382702
-1.256801
-0.951978
-0.192310
-0.336886
-0.022124
-0.964455
-1.429951
-0.635661
0.303460
0.538672
0.269715
-0.123090
0.311145
1.466994
0.602005
-0.593118
0.182106
0.476154
-0.817892
-1.433685
-0.131329
0.612544
0.523035
1.386008
1.776026
1.796194
1.596366
1.746516
1.419048
0.791709
-0.586233
-0.860219
-1.437463
-2.054644
-1.719835
-1.364334
0.006012
0.644978
-0.137521
-0.332969
0.341594
0.664908
0.023458
-0.486788
0.257061
1.153319
2.157199
1.563451
0.801861
0.939324
1.916728
2.057474
1.575914
1.126118
0.884283
-0.650292
-1.581489
-1.370553
-1.842173
-1.465624
-0.705974
-0.978721
-0.978339
-0.772619
-1.740861
-1.463392
-0.705741
-1.189322
-1.400043
-1.212004
-0.777392
-1.447631
-2.061974
-1.798421
-1.191093
-1.299061
-1.392069
-0.940084
-0.494592
-1.049189
-1.587580
-1.061674
-0.722344
0.259200
-0.365021
-0.654563
-0.724707
-0.544766
0.422961
0.720747
-0.039771
0.170753
0.576425
2.170804
2.172567
0.975158
0.573265
-0.370563
-1.621056
-1.196697
0.195999
0.287454
-0.086480
0.686105
1.133922
0.794399
0.393377
0.916484
0.913951
0.365304
0.105352
-0.587650
-0.235046
0.287580
0.821501
2.017267
2.258026
1.554571
0.744972
-0.101896
-0.817771
-0.941662
-0.424958
-0.415345
-1.169785
-1.302927
-0.390025
-0.837126
-0.906889
-0.225154
0.933581
1.391639
1.113577
1.199920
1.905434
1.524714
1.653885
1.049591
0.567826
-0.062838
-0.106432
-0.304463
-1.038130
-0.715831
0.163831
0.459704
-0.529428
-0.574393
-0.071292
-0.712856
-0.046169
0.883404
0.156724
0.465598
0.739725
0.820481
0.681188
0.277610
-0.259887
0.789276
1.109255
0.986003
1.071568
0.547787
-0.453036
-1.595199
-1.597995
-1.823963
-1.785726
-1.428316
-1.504112
-2.233641
-1.491373
-0.790487
-0.763849
0.775094
1.456786
1.612230
3.129683
3.221672
2.488992
2.817039
1.587163
