0.280269
-0.124406
-0.238889
-0.400307
-0.585541
-0.887032
-1.038121
-1.300786
-1.341488
-0.931477
-0.664666
-0.751285
-0.849275
-1.144866
-1.168683
-1.146429
-1.436048
-1.533191
-1.214776
-0.664327
-0.154205
0.425328
0.801998
0.947919
0.680242
0.246210
-0.315501
-0.832659
-0.735018
-0.229552
0.315754
0.246197
0.101779
0.247127
0.281099
0.009804
-0.331746
-0.304642
0.391128
0.873020
0.768478
0.490120
0.462105
0.461221
0.709404
0.732500
0.587934
0.380131
0.067554
-0.089041
0.049672
0.179483
0.232055
0.482197
0.325514
0.022551
-0.477580
-0.733125
-0.369687
0.151649
0.679122
1.223744
1.576780
1.642275
1.429628
0.543709
-0.720128
-1.728836
-1.687470
-1.097127
-0.251329
0.422038
0.966800
0.634290
-0.091212
-0.417039
-0.438493
-0.481444
-0.781239
-0.901219
-0.571245
-0.131319
0.271955
0.745188
0.940795
1.026246
0.949687
0.928541
0.546386
0.164572
-0.181539
-0.643195
-1.147102
-1.163871
-0.533339
0.061759
0.710335
0.918387
0.941679
0.482707
-0.329161
-1.394998
-2.413868
-2.760688
-2.215179
-1.433338
-0.297123
0.403981
0.495920
0.453317
0.232417
0.123626
-0.112090
-0.580654
-1.032430
-1.003339
-0.620669
0.191272
0.792671
1.128033
0.940009
1.095626
1.265076
1.028025
0.332780
-0.506036
-1.131043
-1.438648
-1.381808
-1.242843
-0.837199
-0.450892
-0.185738
-0.279011
-0.248085
-0.561128
-0.781367
-0.629537
-0.047958
0.572485
1.019514
1.570286
1.968910
1.887118
1.615396
1.435623
1.050786
0.500028
-0.630265
-1.453773
-2.043734
-1.892174
-1.197149
-0.321609
0.604749
1.195517
1.155613
0.553435
0.037362
-0.581858
-1.009696
-1.437392
-1.338361
-0.330870
0.753276
1.839727
2.070756
2.202158
2.504342
1.929975
0.816057
-0.570830
-1.857060
-2.499404
-2.504250
-2.360417
-1.927456
-1.068950
-0.106753
0.780800
0.770236
0.655006
0.549137
0.520392
0.515567
0.051947
-0.400323
-0.232423
0.045121
0.492285
0.758165
0.687406
0.732686
0.291574
-0.316612
-0.796216
-1.258889
-1.428596
-1.080184
-0.506177
0.247460
0.914143
1.198007
1.013207
0.681613
0.107018
-0.140836
-0.018131
0.362710
0.807975
0.981812
1.329094
1.531494
1.155337
0.709694
0.085033
-0.598617
-0.407886
-0.036912
0.178057
0.693642
1.157712
1.318772
1.254946
0.933289
0.354987
-0.253982
-0.666933
-0.956711
-1.479755
-1.527411
-1.279218
-0.495995
0.079061
0.392569
0.073413
0.004257
-0.170396
0.054605
0.119318
-0.303768
-0.831574
-1.283077
-1.019764
-0.317217
-0.455973
-0.543664
0.076442
0.335773
0.419686
0.342655
0.132577
-0.225989
-0.740106
-1.376462
-1.583219
-0.620866
0.787268
1.634055
2.143550
2.555727
2.881586
2.603249
1.460630
0.122390
-0.799329
-1.264283
-1.189923
-0.460316
0.373375
0.974278
1.379589
1.564613
1.361467
0.219076
-0.950829
-2.052359
-2.684233
-3.234556
-3.024611
-2.769394
-2.207045
-1.482242
-0.727692
-0.716860
-0.369227
-0.079838
0.025046
0.082701
0.204798
0.583163
0.531626
0.769769
0.879665
1.104539
1.005163
1.144716
1.237094
0.674892
0.165536
-0.425839
-0.864662
-0.812281
-0.875662
-0.791138
-0.931529
-0.605938
-0.523758
-1.068571
-1.329226
-1.391728
-1.141208
-0.752894
0.094004
0.645155
1.248513
1.335083
1.218200
0.946014
0.510216
0.243584
0.330079
0.711144
0.999306
1.545231
1.381669
0.719586
0.481314
-0.410495
-0.857570
-0.520086
0.536094
1.573820
1.979442
1.817011
1.591294
1.238502
0.323476
-0.747477
-1.291736
-1.855514
-1.757709
-1.056346
0.045165
0.403951
0.439435
0.170862
-0.270737
-0.716958
-0.715868
-0.359862
-0.133021
-0.079379
0.303284
0.434906
0.190144
0.131593
0.008210
-0.706017
-1.291048
-1.574878
-1.644109
-1.098469
-0.791541
-0.727538
-0.714537
-0.263122
-0.333189
-0.349951
0.184574
1.042098
1.900418
2.358915
2.926523
2.542311
2.298154
1.040372
-0.117740
-1.072477
-1.743165
-1.685471
-1.600537
-0.819650
-0.560143
-0.439655
-0.476414
-0.242986
-0.045196
-0.362708
-0.316120
0.043380
-0.408419
-0.047871
0.258794
0.584125
0.444066
0.553348
1.442452
1.279990
0.931386
1.186792
1.145755
0.273498
0.238996
0.315894
0.007705
0.030838
0.507533
0.641520
0.074795
-0.817027
-1.667943
-2.143611
-2.800611
-2.820080
-2.072713
-1.145671
-0.084652
0.745624
1.110389
1.273068
0.426897
-0.487516
-0.916064
-1.699226
-1.989981
-1.168054
-0.648273
0.406206
0.963233
0.499675
-0.345184
-1.069579
-1.393703
-1.346052
-1.370393
-0.750584
0.079272
0.444026
1.139010
1.892421
1.661753
0.810059
0.254134
-0.284409
-0.481724
-0.239680
-0.067218
0.228285
0.430421
0.615401
0.360312
-0.177094
-0.913912
-1.187140
-0.763665
-0.526397
-0.624858
-0.938800
-0.342294
0.811574
1.248022
0.373778
-0.506491
-0.796935
-1.034963
-0.905801
-0.581163
-0.450551
-0.120090
0.483667
0.548430
0.061132
-0.774049
-0.813751
-0.840387
-1.274895
-0.440955
0.757786
1.556188
2.112762
2.641122
1.777350
0.949055
0.554758
-0.113010
-0.279985
-0.394676
-0.116514
0.462225
0.920797
1.588642
1.222343
1.011582
1.017248
0.920133
0.760889
0.612589
0.270027
0.396826
0.528693
0.081876
0.149536
0.316525
-0.710514
-1.058566
-0.651530
-0.520013
-0.473007
-0.458475
-0.353113
-0.451118
-0.381615
-0.682462
-0.433081
0.161269
0.623880
1.405967
1.934266
2.048889
2.171718
0.960045
-0.257607
-0.901643
-1.221060
-1.057770
-0.995055
-0.475194
0.511344
1.090661
1.079173
0.864961
0.203707
-0.758218
-1.354893
-1.109738
-0.865858
-1.121743
-1.551096
-0.891219
-0.079650
-0.073740
-0.200504
-0.256864
-0.051533
-0.136887
-0.044299
0.174353
0.457711
0.816216
1.366734
1.609957
0.942939
0.257715
-0.008733
-0.391370
-0.889948
-1.300617
-1.515484
-1.149376
-1.010965
-0.413315
0.502474
1.077400
1.246198
1.253695
0.878284
1.092227
1.974148
1.817781
1.359343
1.278432
1.125876
0.893437
0.945834
0.412228
-0.260481
-0.613613
-0.433170
-0.098278
0.509485
0.607836
0.567849
0.347614
-0.057369
-0.330818
-0.220001
-0.109307
0.072592
0.055001
0.239313
0.981960
0.963297
0.411853
0.144453
0.185770
0.296105
0.620738
0.800806
0.413179
-0.328976
-0.665590
-1.049499
-0.614570
-0.300385
-0.544202
-0.365360
0.304961
1.476071
1.918035
1.499953
0.746875
0.117033
0.204287
0.876995
1.027235
1.079468
0.812161
0.590394
0.578227
0.642693
-0.041990
-1.000018
-1.028750
-0.611366
-0.543464
-0.561030
-0.578247
-0.040086
0.877016
1.321399
1.309734
0.900471
0.033712
-0.481810
0.247675
1.012358
0.844889
0.456362
-0.095517
-0.188384
-0.228420
-0.192184
-0.174600
-0.587137
-0.906456
-0.036115
0.525030
0.339063
-0.026197
-0.282698
-0.252797
-1.016830
-1.364172
-1.589493
-1.460739
-1.176637
-1.305506
-1.329509
-0.807462
-0.576010
-0.165088
-0.148287
-0.327496
-0.552697
-0.662728
-0.656026
-0.395106
-0.180598
0.166128
0.745701
1.093162
0.906533
0.644646
0.239716
-0.235112
-0.327042
-0.466421
-0.455109
-0.170698
0.297864
0.736550
0.748100
0.625640
0.743614
0.704540
0.355741
0.094827
-0.455213
-0.988731
-1.046534
-0.692928
-0.543666
-0.212605
-0.153908
-0.054907
0.154437
0.078763
-0.675752
-1.041500
-1.093785
-0.959627
-0.477323
0.084848
0.113125
0.496518
0.776167
0.822607
1.200209
0.028157
-1.259660
-1.161612
-0.686963
-0.357806
0.007115
0.110500
0.661992
0.861822
0.410074
-0.233632
-0.546071
-0.318824
-0.091859
0.167861
0.491899
0.405594
0.295088
0.706388
0.671496
0.491423
0.455582
0.079423
-0.272707
-0.661408
-0.935101
-0.894837
-0.448307
-0.165516
0.217165
0.379850
0.392147
0.587909
0.484528
-0.664183
-1.726069
-2.086181
-2.080306
-1.645531
-0.873233
-0.241921
-0.023434
0.092463
0.348504
0.866204
1.191718
1.233267
0.948403
0.386270
-0.494981
-1.161696
-0.797029
-0.200649
0.326706
0.638591
0.770811
1.031974
1.241492
1.015507
0.511791
-0.021289
-0.595378
-1.370931
-1.891420
-1.936695
-1.333655
-0.326254
0.838771
1.557843
1.749878
1.632898
1.424274
0.903340
-0.406680
-1.066217
-1.262062
-1.076504
-0.805598
-0.407320
0.374559
1.245270
1.794456
1.643772
0.908506
0.287922
-0.040655
-0.346113
-1.547811
-1.982089
-1.379246
-0.754904
-0.000604
0.236615
1.152719
1.443485
1.171639
0.916490
0.301442
-0.262525
0.050776
0.119324
0.408009
0.913209
0.541934
0.599822
0.356018
-0.549033
-1.390272
-1.389022
-1.563533
-1.094337
-0.026939
0.855025
1.404793
1.672369
0.813912
-0.253117
-0.570432
-1.075154
-1.649624
-2.031981
-1.475427
-0.222074
1.071232
1.453334
1.221538
0.832947
0.491110
-0.315255
-1.329487
-1.608004
-1.039711
-0.355874
-0.327129
-0.379386
-0.020736
0.501474
0.634767
0.218236
-0.413192
-0.795717
-0.951997
-1.194417
-1.300643
-0.668646
0.242041
1.417312
2.424907
2.391070
1.561143
0.528856
-0.995074
-1.543905
-1.496601
-1.212127
-0.445860
0.146030
0.893692
1.327552
1.703731
1.534711
0.856646
-0.367375
-1.463410
-1.973649
-1.673312
-0.769104
0.153354
0.763379
0.967007
1.244437
1.313084
0.450185
-0.355051
-0.564325
-0.779573
-0.361085
0.440255
1.335220
1.902383
2.440073
3.053783
3.314572
2.956110
1.925009
0.671988
-0.634018
-1.510006
-1.852771
-1.667165
-1.117361
-0.543108
-0.114127
0.252039
0.014072
-0.044360
0.192218
0.442102
0.628752
-0.050103
-0.728324
-0.923786
-0.779688
-0.527275
-0.098432
0.017797
-0.051661
-0.271598
-0.843892
-1.659694
-2.482434
-2.730960
-2.360220
-1.647597
-0.738186
-0.228497
0.315440
0.546525
0.848075
0.766872
0.291567
-0.176346
-0.372403
-0.678852
-0.928050
-0.486396
-0.243135
-0.209367
-0.436850
-0.543173
-0.799024
-1.272414
-1.009437
-0.806329
-0.533814
-0.093478
0.422038
0.485368
0.131354
-0.130211
0.112799
0.111269
0.366085
-0.006551
-0.422768
-0.198887
0.388907
0.598913
0.331826
0.197628
0.214039
0.189509
0.044331
-0.554038
-1.069958
-0.698254
0.088549
0.702524
0.789769
0.876378
0.813893
0.809793
0.496786
0.409346
1.008004
1.450688
1.474559
1.141881
1.262578
1.702537
1.157100
0.107065
-0.053942
0.138425
0.091044
0.130531
0.061243
0.078652
-0.437703
-0.599891
-0.518137
-0.483428
-0.378033
-0.285415
0.159106
1.041686
0.919656
0.020151
-0.461037
-0.332606
-0.327788
-0.008469
0.519481
0.531342
-0.361619
-0.826028
-0.373970
-0.409552
-0.531174
-0.612003
-0.698668
-0.745112
-0.327091
-0.367471
-0.807536
-1.403138
-1.751119
-1.240168
-0.271418
0.847537
1.711915
2.157266
2.480845
2.649239
1.923247
