0.339313
0.488217
0.631954
0.514562
0.342510
0.313289
0.491135
0.050343
-0.353795
-0.234119
-0.210103
-0.057602
-0.048462
-0.185153
-0.400355
-0.456893
-0.465157
-0.635041
-0.950508
-0.918459
-0.904817
-0.818450
-0.354021
0.368928
0.923925
0.905041
1.038849
1.177223
0.509432
0.115592
0.246902
0.386269
0.500333
0.537335
0.358979
0.745053
1.118444
1.317567
1.167072
0.557707
0.121670
-0.099561
-0.164297
-0.171451
-0.367929
-0.504896
-0.234758
0.357424
0.263251
0.317008
0.439516
0.408841
0.096303
-0.397808
-0.254658
-0.431620
-0.332044
-0.228143
-0.269289
0.039735
0.379295
0.163038
0.249836
0.213546
-0.009928
-0.062132
0.069688
0.157726
0.243012
0.447890
0.907706
1.399060
1.614730
1.037570
0.984057
1.376558
1.159608
0.580672
0.299569
0.448301
0.109172
-0.215381
-0.570468
-0.453923
0.235633
0.421557
0.716173
1.081440
1.524810
1.511665
1.349788
1.293291
1.091866
1.049794
1.454371
1.670376
1.157538
1.623348
2.202597
2.190224
1.695755
1.463411
1.667590
1.840458
1.725934
1.569890
1.550746
1.627965
2.180061
2.539151
1.997323
1.448342
1.115399
1.078469
0.890246
0.750338
0.706684
0.767951
1.063359
0.953953
0.739419
0.936130
1.288591
1.624355
1.688758
1.598077
0.994991
0.338812
0.353048
0.088766
0.183533
0.387374
0.541113
0.450953
0.641567
1.104959
1.367562
2.097018
2.159997
1.541628
1.492659
1.352954
0.942123
0.623720
0.773730
1.144249
1.131760
1.165088
1.149432
1.231799
1.069399
0.708386
0.068886
-0.350047
-0.134938
0.145431
0.701269
1.130299
0.798165
0.241506
-0.094620
-0.149231
-0.175928
-0.128030
-0.460197
-1.081034
-1.509156
-1.539069
-1.546921
-1.259685
-0.306967
0.651803
0.607735
0.232933
0.394243
0.157086
-0.263047
-0.480307
-1.252150
-1.872437
-1.462315
-1.170876
-0.818769
-0.343130
-0.062409
-0.019745
-0.033241
-0.076169
-0.367307
-1.140522
-1.702728
-1.994692
-1.989094
-2.092493
-1.481714
-0.401429
0.733095
1.111046
0.645781
0.270845
-0.234492
-0.968342
-1.222505
-1.062970
-1.362167
-1.412191
-1.051629
-0.930553
-0.872655
-0.374400
-0.207986
-0.743192
-1.458980
-1.828760
-1.632264
-1.536463
-1.807482
-1.936228
-1.568044
-0.923673
-0.436669
-0.175172
-0.004367
-0.006541
-0.241304
-1.047409
-1.502935
-1.296159
-1.301705
-1.295359
-0.884947
-0.782149
-0.398339
0.041208
0.226976
-0.074798
-0.372580
-0.728030
-1.178547
-1.362212
-1.403070
-1.252991
-0.535600
-0.350400
-0.002069
0.632315
0.830307
0.815006
0.393710
-0.257108
-0.866020
-1.344692
-1.256565
-1.020540
-0.642855
-0.277494
-0.131070
0.052027
0.089174
0.111240
0.079099
-0.182410
-0.467774
-0.690206
-0.359593
-0.034114
0.073642
0.254107
0.926214
1.449792
1.773903
1.368784
0.700316
0.277641
0.107712
-0.237557
-0.268904
-0.077993
0.199156
0.381411
0.394518
0.589781
0.232076
-0.330324
-0.569969
-0.654346
-0.471709
-0.256357
0.024307
-0.090686
-0.060852
0.267461
0.386484
1.246168
1.076503
0.164851
-0.293152
-0.301531
-0.484103
-0.415230
0.089293
0.401001
0.519608
0.857764
1.006933
0.704261
0.073863
-0.057852
0.032304
-0.485452
-0.786949
-0.988192
-0.987102
-0.588465
0.066419
0.644808
0.775414
0.888019
0.883118
0.367286
-0.350781
-1.164741
-1.322715
-1.319984
-1.553877
-1.473208
-0.865748
-0.016010
0.738202
0.842938
0.507246
0.007609
-0.027163
-0.464337
-0.870523
-0.933463
-0.459773
-0.270831
0.009096
0.476573
0.858262
0.956449
0.634344
0.409433
-0.360865
-1.159402
-1.548399
-1.738140
-1.373383
-0.918670
-0.410943
0.467484
1.236315
1.739306
1.534558
0.884952
-0.084008
-0.582307
-1.355460
-1.988253
-2.088433
-1.680475
-0.958204
-0.472460
0.145220
1.072697
1.005131
0.357385
-0.763671
-1.502464
-1.882624
-2.168994
-1.774650
-1.373189
-1.034036
-0.340058
0.459461
0.995404
0.781208
0.045694
-0.914986
-1.755313
-2.536684
-2.624904
-2.159965
-1.532859
-0.357578
0.813145
1.412438
1.973154
2.481665
2.531550
1.731724
0.678074
0.144888
-0.451836
-0.860307
-0.265712
0.401864
0.546821
1.291118
1.853650
1.836442
1.513585
0.290235
-0.873007
-1.136848
-1.299232
-1.312922
-1.255820
-1.204626
-0.767211
-0.046206
0.553600
0.502076
-0.140188
-0.824968
-1.315308
-1.299596
-0.899534
-0.386882
0.216780
0.828849
1.613498
2.342302
2.598374
2.724644
2.003771
1.399930
0.958020
0.588784
0.709504
1.004653
1.110198
1.589537
2.153803
2.833359
3.243950
3.342203
2.869088
2.314739
1.712418
1.125833
0.741138
0.640317
0.399701
0.114548
0.320760
0.660273
0.912306
1.154574
1.167078
0.533138
-0.302037
-0.277199
0.170959
0.181359
0.090113
0.833972
1.721670
2.011292
2.923225
3.215344
2.645413
1.806340
0.845392
-0.142748
-0.106253
-0.164047
0.391380
0.876318
0.721622
0.944834
1.275140
1.239835
0.873715
0.209625
-0.103432
-0.497065
-0.715435
-0.417407
0.098406
0.390945
1.085754
1.808122
2.246883
2.443372
1.962009
1.288783
0.494387
-0.244075
-1.098473
-1.423533
-1.421233
-1.052072
-0.464191
0.160986
0.613327
1.454617
1.968029
1.493136
0.608671
-0.336986
-0.808441
-0.803485
-0.961212
-1.000797
-0.865268
-0.679233
0.110657
0.464569
0.559342
0.267750
-0.616315
-1.248295
-1.671966
-2.205706
-2.066396
-1.734118
-1.042952
-0.202503
0.252354
0.277083
0.156196
0.028073
-0.366055
-0.813830
-1.523866
-2.089985
-2.052780
-1.614347
-0.996746
-0.360118
0.350164
0.962658
1.203898
1.186815
0.484610
-0.562532
-1.071202
-1.757770
-2.238426
-2.537799
-2.454656
-2.177661
-1.417110
-0.159861
0.985988
1.473581
1.055572
0.008285
-1.209268
-1.778573
-2.148137
-2.205651
-2.159265
-1.880310
-1.613581
-1.097697
-0.231758
0.418772
0.427070
-0.038904
-0.639962
-1.580595
-1.976999
-1.976814
-1.614244
-1.239281
-0.678268
-0.299214
0.349711
0.980780
0.696469
0.035816
-0.849671
-1.424624
-1.790174
-2.193199
-1.917859
-1.664672
-1.048918
-0.039233
0.598443
0.815638
0.581294
0.220546
-0.344209
-0.950317
-1.595899
-1.976854
-2.036921
-1.773059
-1.401585
-1.096256
-0.703554
-0.178502
0.433845
0.610197
-0.087581
-0.979405
-1.855151
-2.164742
-2.036080
-1.648049
-1.178381
-0.719462
-0.008551
0.540052
0.924304
1.146386
0.998691
0.375653
-0.549080
-1.028248
-1.519073
-1.691302
-1.405309
-1.038832
-0.441338
-0.052713
0.249367
0.426364
0.494470
0.408666
-0.263454
-1.020189
-1.668990
-1.707352
-1.202446
-1.237238
-1.229660
-0.582345
-0.001784
0.644504
0.948813
0.807304
0.137821
-0.388415
-0.896575
-1.175853
-1.236472
-0.962285
-0.853408
-0.033741
0.837452
0.813175
0.757095
0.251825
-0.493820
-0.800696
-1.116917
-1.598371
-1.970038
-1.702380
-1.493784
-0.948575
-0.426647
-0.137108
0.252621
0.375432
-0.243559
-0.330061
-0.268842
-0.637012
-1.208458
-1.338524
-1.116586
-0.739887
-0.214265
0.189104
0.050799
0.010114
-0.128721
-0.179000
-0.131483
-0.182124
-0.354244
-0.379743
-0.161010
-0.221657
-0.472677
0.087314
0.674719
1.109632
0.794350
-0.200767
-0.648932
-0.943748
-1.090780
-0.772144
-0.157322
0.150927
0.241705
0.479646
0.245969
0.461045
0.142624
0.005170
0.445428
0.507759
0.205963
0.306810
0.363699
0.131813
-0.140382
0.418347
1.124385
1.189251
0.365444
-0.388378
-0.801725
-0.529490
-0.287666
-0.136308
0.121608
0.368916
-0.096635
-0.279185
-0.103865
0.450554
0.354803
0.334853
0.639219
0.114134
-0.007464
0.250020
0.422606
0.318858
0.059202
0.105871
0.229021
-0.096487
0.306213
0.755325
0.549100
-0.104323
-0.473045
-0.592372
-0.269242
-0.328317
-0.544983
-0.611101
-0.376536
-0.020987
0.364044
0.689331
0.612267
0.705077
0.893116
0.817348
0.922781
0.423161
-0.257655
-0.342938
-0.511319
-0.398093
-0.281510
0.043191
0.225692
0.376248
0.620712
0.936235
1.176273
1.126185
0.313420
-0.179675
-0.343134
-0.502714
-0.372386
-0.202046
0.237212
0.267813
0.443476
0.628049
0.636499
0.487650
0.119590
0.000263
-0.203495
-0.744606
-0.946371
-1.202897
-1.179058
-1.107442
-0.925095
-0.443185
0.204234
0.652146
0.649535
0.327197
-0.379319
-0.847752
-1.195373
-1.317571
-0.660443
-0.379456
-0.822349
-1.023289
-1.092983
-0.194463
0.457097
0.523724
-0.015140
-0.551101
-0.852837
-1.062017
-1.612659
-1.850556
-1.551497
-1.032246
-0.288121
0.478683
0.406450
0.065737
-0.042021
-0.184457
-0.216723
-0.618005
-1.099904
-1.479484
-2.015913
-1.535197
-0.709443
-0.380626
0.150991
0.404433
0.343778
0.099436
-0.249879
-0.565700
-0.836096
-0.788269
-0.834955
-0.976349
-1.246163
-1.338779
-1.139568
-0.556160
-0.172081
-0.434483
-0.828570
-1.117430
-1.378860
-1.622083
-1.469574
-1.156455
-1.116535
-1.199491
-1.187680
-0.895269
-0.447781
-0.465754
-0.697422
-1.005588
-0.973799
-1.026972
-0.696343
-0.338086
-0.173706
0.018155
-0.034549
0.267563
0.250357
0.189294
0.106227
-0.748255
-1.019038
-1.225783
-1.136729
-0.985120
-0.852401
-0.786988
-0.987885
-1.261100
-1.261780
-1.163219
-0.843747
-0.480385
-0.415044
-0.411312
-0.331884
-0.300184
-0.076629
0.049926
0.117187
0.489589
0.956922
0.862725
0.676789
0.465352
0.399277
0.563267
0.978587
0.701736
0.399424
0.286404
0.505125
0.855860
0.861306
0.787797
0.749653
0.329553
0.063022
-0.248389
-0.451893
-0.208190
-0.228195
-0.157668
-0.229007
-0.170367
0.105989
0.270969
0.297039
0.129575
-0.274347
-0.481191
-0.545648
-0.546816
-0.346854
0.248320
0.733568
0.951277
1.016634
1.325249
1.615285
1.375811
1.104080
0.933964
0.873548
0.618953
0.713855
0.847582
1.154862
1.254395
1.339460
1.347993
1.233547
1.055135
0.643693
0.279131
0.429289
0.530870
0.340035
0.645274
1.194863
1.498910
1.358930
1.212385
1.485510
2.039753
1.921148
1.309215
0.275722
-0.207070
0.003157
0.084315
0.171118
0.144767
0.235312
0.271860
0.412314
0.670291
0.611644
0.433844
-0.045108
-0.544593
-0.872754
-0.762682
-0.471596
-0.256168
-0.217602
-0.094183
-0.055626
0.068536
0.149168
-0.033327
-0.392150
-0.674979
-0.841760
-0.658582
-0.454511
-0.172707
0.198429
0.456299
0.699576
0.571648
0.501477
0.389714
0.255945
0.527768
0.268956
0.088572
0.341374
0.957478
1.598430
1.520683
0.775002
0.772578
1.049158
1.289810
1.381900
1.090916
0.621513
0.169996
0.284767
0.327520
0.367619
0.731454
1.089331
1.444872
1.377357
0.781900
0.072756
-0.219354
-0.133825
0.116632
0.049881
0.400039
0.867242
0.987728
1.492039
1.886855
1.332632
