0.167590
-0.240898
-0.602620
-0.991006
-1.428941
-1.059468
-0.194441
0.780484
1.350018
1.876047
1.135146
0.192906
0.398619
0.576643
0.560651
-0.423891
-0.859033
-0.979477
-1.421520
-1.087132
-0.826405
-0.973395
-1.063437
-0.519301
-0.239388
-0.045447
-0.216750
-0.061660
0.621043
1.001320
0.500643
-0.496646
-0.526010
-0.075417
0.187588
-0.718237
-1.105106
-0.275570
0.965724
1.649523
1.362356
0.781139
0.871745
0.943551
0.627559
-0.335833
-1.282779
-0.872397
-0.228221
-0.025997
-0.229730
-0.399857
-0.354417
0.494322
0.999140
1.481627
1.251596
0.119265
-0.402461
-0.656178
-0.560419
-0.426595
-0.392629
-0.403914
-0.147868
0.257259
-0.112942
-0.254482
-0.118417
-0.050539
0.169444
0.522336
0.661623
0.780766
0.487306
0.447944
0.382074
0.020329
0.162898
0.304238
-0.349277
-0.931748
-0.584944
0.127236
0.956369
1.151472
0.796580
0.043579
-0.114516
0.742981
1.484294
0.967014
0.192453
0.064513
-0.017338
-0.418975
-0.365466
0.192924
0.662912
0.824621
0.856544
1.035321
1.283898
1.205749
0.263197
-0.516839
-1.131553
-1.390932
-1.484794
-1.213572
-1.459195
-1.246059
-0.405770
0.493860
0.883674
1.244168
0.796998
0.853113
0.472598
0.448192
0.558880
0.216007
-0.338453
-0.412088
-0.526029
-0.672966
-0.756614
-1.271539
-1.533593
-1.045369
-0.624181
-0.722458
-0.223723
0.102942
-0.201216
-0.129716
-0.016114
0.076264
-0.331593
-0.190906
-0.023176
0.034174
-0.408138
-0.431996
0.144484
0.238472
-0.132679
-0.274375
-0.275075
-0.361836
-0.511891
-0.481199
0.230443
0.605846
0.098540
-0.613205
-1.039624
-0.914716
-0.764013
-0.763464
-0.701520
-0.650795
-0.578810
-0.130742
0.590279
1.022144
0.886857
0.604629
1.121713
1.223374
1.022808
0.666846
0.255377
-0.000783
-0.711477
-1.503905
-1.471126
-0.474219
0.083736
0.983494
1.472295
0.839010
0.683811
0.839455
1.157098
0.190063
-0.427477
-0.106410
0.019990
-0.288036
-0.831356
-0.977652
-0.134036
0.919109
1.494488
0.933886
-0.135897
-0.542354
0.264861
1.173075
1.755156
1.173571
0.024347
-0.398170
-0.433202
0.058750
-0.051032
0.114464
0.402189
0.891405
0.576853
0.088054
-0.534001
-0.531894
-0.431494
-0.686677
-0.729055
-0.848841
-0.620678
0.192996
0.741677
0.671281
-0.125211
-0.514868
-0.029907
-0.057769
-0.063327
0.013077
0.190615
-0.198647
-0.704947
-0.717908
-0.371947
0.099790
0.651171
1.035568
0.543595
0.404765
0.352791
0.122027
-0.051822
-0.548565
-0.765871
-1.057961
-1.012604
-0.503825
0.055283
0.914229
1.532568
1.731357
1.598681
1.038676
0.749568
0.533422
0.030246
-0.750745
-1.484462
-2.069665
-2.160344
-1.859326
-1.617331
-0.901739
-0.257107
-0.103997
0.174922
0.981307
1.576049
1.632153
1.806019
1.528289
0.309364
-0.580557
-0.916222
-0.792150
-0.246392
-0.978861
-1.542671
-1.058320
-0.274316
-0.009502
0.098326
0.362819
1.198937
1.934379
2.012095
0.886131
-0.866870
-1.382803
-1.079648
-1.005584
-1.277897
-1.554603
-1.452134
-1.469403
-1.110885
-0.944846
-0.975138
-0.755704
-0.252580
0.260951
0.416999
0.776797
1.264213
1.300571
0.871504
-0.045040
-0.980355
-1.577804
-1.549174
-1.378038
-1.172368
-0.513821
-0.267749
0.802407
2.051703
2.448028
1.858987
0.953569
0.202240
-0.575518
-1.202448
-1.312032
-1.211616
-1.192717
-1.105081
-1.217761
-1.104252
-0.805981
-0.260639
0.680484
1.473840
2.191400
2.256463
1.716894
0.985945
0.254064
-0.082937
-0.212230
-0.429043
-0.332173
-0.867926
-0.674416
-0.470105
-0.307708
0.078128
0.429477
1.051218
1.170701
1.142307
0.833542
0.543325
0.480638
0.914120
0.211887
-0.390845
-0.147300
0.266820
0.265836
0.172179
-0.131815
-0.217170
0.193872
0.400267
0.453764
0.418408
-0.058648
-0.432997
-0.114712
0.259304
-0.056054
-0.570948
-0.389106
0.117142
0.155706
0.097057
0.268727
0.273892
-0.093377
-0.390467
-0.208068
-0.085875
0.269103
0.670627
1.023860
1.024597
0.323939
-0.033958
0.335466
0.515282
0.005029
-0.600901
-1.110226
-0.884214
-0.281385
-0.038206
-0.586009
-0.991735
-0.628583
-0.200559
-0.072802
-0.395130
-0.540327
-0.551513
-0.295562
-0.143794
0.120320
0.519654
0.600247
0.845713
0.774117
0.628600
0.198613
-0.578404
-1.235884
-1.453675
-1.566600
-1.812316
-1.584498
-1.356497
-0.742364
-0.184114
0.876966
1.279453
1.032329
1.094670
0.958501
0.678278
0.256774
-0.334373
-0.428852
-0.836284
-1.141332
-1.088163
-0.689700
-0.029818
0.527111
1.424075
1.434927
1.187489
1.258856
0.916151
0.402711
-0.141228
-0.161699
0.447020
0.695986
0.931098
1.221919
1.654521
1.287646
0.642908
0.183679
0.454043
0.858920
0.722288
-0.040201
-0.747963
-0.702824
-0.557015
-0.669398
-0.866297
-0.527700
0.089354
1.307456
1.339759
0.711025
0.107068
0.007892
0.377837
0.089822
-0.052241
-0.051198
-0.331884
-1.360401
-1.498316
-1.308202
-0.830537
-0.595517
-0.291038
-0.281604
0.086686
0.108252
-0.039758
-0.747421
-1.391777
-0.902832
-0.052853
0.209983
0.051859
-0.138225
-0.081132
0.102621
0.528676
0.444565
0.003334
-1.259388
-1.654072
-1.227415
-1.035063
-0.846782
-0.617538
-0.023115
0.879479
1.391569
1.436808
0.831684
0.752314
0.752352
0.990827
0.456402
-0.280213
-1.045412
-1.218787
-1.324035
-1.230855
-0.887458
-0.685446
-0.319737
0.810969
1.785829
2.016814
2.047654
1.911919
1.532047
1.104256
-0.072370
-0.916193
-1.193184
-1.425321
-1.077816
-1.095798
-1.242459
-1.020478
-0.870071
-0.847737
-0.427158
0.561088
1.269674
1.411177
1.931188
2.338531
2.769547
2.693031
1.806997
0.804502
0.240689
-0.284049
-2.018769
-3.695042
-4.070998
-3.709623
-2.656332
-1.734312
-0.637006
0.381470
2.057501
3.288937
4.053736
4.610325
4.337124
3.324145
2.696358
2.052130
1.133710
0.230857
-0.223916
-0.580280
-1.083352
-1.416078
-1.718292
-1.732870
-1.306725
-0.908669
-0.773039
-0.620440
-0.667071
-0.573931
-0.009687
0.876456
1.123350
0.786641
0.306319
-0.283947
-0.522440
-0.682509
-0.900065
-1.215973
-1.411271
-1.699521
-1.713837
-1.680770
-0.836687
-0.820891
-0.650137
-0.168134
0.455969
0.492912
0.438366
0.309260
0.744584
1.211366
0.849315
0.113963
-0.778767
-1.178362
-1.094883
-1.250804
-1.310188
-1.156155
-1.536483
-1.028375
-0.098189
0.453532
0.981187
1.683344
1.895899
2.448279
2.854787
2.568701
1.543831
0.213835
-0.868598
-1.282966
-1.093105
-1.169701
-1.327123
-0.911984
-0.283455
0.445680
1.009598
1.209477
1.354186
1.840577
2.260387
2.006060
1.670992
1.492998
1.149836
-0.083763
-1.712611
-2.733606
-3.352126
-3.353537
-2.965150
-2.033155
-0.994070
0.231071
1.590097
1.994997
2.062906
1.828431
1.050799
0.491778
0.406888
0.242213
-0.517474
-0.913407
-1.271240
-1.584945
-1.681504
-1.273883
-0.951161
-0.739152
-0.893324
-0.776064
-0.645333
-0.186764
-0.228004
-0.169363
0.223885
0.865552
1.085080
1.020681
1.265869
1.607869
1.531343
1.170954
0.589999
-0.137141
-0.804516
-1.157156
-1.552168
-2.081747
-1.864090
-1.366236
-0.809613
-0.229643
0.217419
0.108559
0.415290
0.427697
0.223102
0.284401
0.223773
-0.176199
-0.375718
-0.804422
-1.160734
-1.349955
-1.137809
-0.770706
-0.244228
-0.258345
-0.685137
-0.869887
-1.055019
-0.757093
-0.279545
-0.019233
0.172287
-0.073028
-0.437587
-0.273031
-0.029126
-0.075908
-0.251521
-0.274989
0.039643
0.147380
0.206234
-0.179589
-0.063572
0.505147
1.533863
1.557805
1.146054
0.666166
0.364432
-0.012723
0.225260
0.393440
0.545490
0.844103
0.840674
0.475655
-0.088364
-0.260202
-0.105271
0.334948
0.849069
0.913473
0.888398
1.000489
0.990944
0.525899
-0.302863
-0.779137
-0.637675
-0.110607
0.021838
0.060242
0.500915
0.352741
0.409097
0.834480
0.957764
0.953455
0.257421
-0.340480
-0.685819
-1.235429
-1.631523
-1.586882
-1.200001
-0.939677
-0.928157
-0.650586
0.057331
1.096987
1.789029
1.809690
1.670897
1.156373
0.527695
0.718438
0.906991
0.518107
0.307560
-0.125268
-0.627801
-0.737204
-0.954752
-0.359240
0.514486
0.792826
1.250614
1.384920
1.668298
1.454530
0.994264
0.465942
0.096785
0.124008
0.467206
0.714665
0.757395
0.503772
0.373599
0.895806
1.014933
1.160132
1.580498
1.624077
1.517791
1.041290
0.621704
0.484001
0.132779
-0.511416
-0.721672
-0.865270
-1.108203
-1.764680
-1.761997
-1.332909
-1.040729
-0.293769
0.710610
1.015859
0.601436
0.357533
0.603056
0.728208
0.214374
-0.794526
-1.958523
-2.899544
-3.068681
-2.373308
-1.644692
-0.873802
-0.448383
-0.240245
0.086492
0.819290
1.241559
0.741578
0.253148
0.201649
0.371769
-0.066379
-0.589791
-0.751258
-0.678693
-0.634279
-0.780827
-0.650782
-0.028964
0.696920
1.126349
1.398620
0.683129
0.209675
0.214496
0.023239
-0.490895
-0.759829
-0.886210
-0.994511
-0.586551
-0.406556
-0.257859
-0.290834
0.002956
0.073696
-0.046208
0.051814
0.244112
0.396383
0.695555
0.608962
0.475189
0.222811
-0.110631
-0.528609
-0.429665
-0.227166
-0.083324
-0.414454
-0.616775
-0.361465
-0.416970
-0.625564
-0.595464
0.048025
0.955568
1.103684
0.789103
0.071288
-0.278786
-0.211348
-0.131765
-0.126144
0.030340
0.310957
0.165843
0.007240
-0.161789
-0.135626
0.417533
0.479188
0.577619
0.501485
0.912751
0.851449
0.478916
0.074239
0.003888
-0.674943
-0.880024
-1.066173
-1.006217
-0.536681
-0.612279
-1.184876
-0.770868
0.259029
1.133725
1.520696
1.163680
0.717090
0.397468
-0.024617
-0.213541
-0.029840
-0.029070
-0.454354
-0.507267
-0.656131
-0.577080
-0.157483
0.255753
0.405078
0.281839
0.110469
-0.284408
0.185292
0.385371
0.030247
0.060089
-0.235898
-0.327934
-0.249704
-0.272138
-0.765984
-0.383799
0.479660
0.450287
0.547313
0.775874
0.784778
0.783063
1.023490
0.929239
0.283563
-0.862917
-1.389497
-1.574661
-1.215596
-0.632954
-0.413137
-0.659080
-0.485306
-0.026742
0.447582
1.004111
1.066961
0.193263
-0.230757
-0.853569
-1.575875
-1.349205
-1.788422
-1.743170
-1.505715
-1.286782
-1.083625
-0.369813
0.475132
1.001702
1.156945
1.470436
1.509433
1.210466
0.191304
-0.943257
-1.334332
-1.237780
-0.599434
-0.338034
-0.186340
0.151214
0.675068
1.529226
1.459919
1.041396
0.905647
0.953118
1.205362
0.862483
0.630309
0.425925
0.209007
-0.241669
-1.083080
-1.186695
-0.894912
-0.549531
-0.303313
0.080923
0.344083
0.491470
0.633014
0.239316
-0.054652
0.015552
0.529479
0.577359
0.240299
-0.396218
-0.743556
-1.052501
-1.286073
-1.348292
