0.892834
1.031598
1.212269
0.913751
1.329709
1.780151
0.768320
0.002455
-0.458487
0.576992
0.295711
-0.157407
0.914088
0.918132
0.600159
1.506918
0.854218
1.068240
1.770844
0.515553
0.122292
0.623208
-0.086097
-0.738814
-0.220278
-0.229333
-0.956632
-0.670136
-0.287590
0.320273
1.320891
1.001305
1.278523
0.861771
0.462943
0.816698
1.281758
0.393476
-0.326000
-1.467159
-1.552761
-1.566242
-1.179803
-0.965109
0.015154
0.176951
0.184777
0.058702
-0.646225
-0.179935
-0.178937
-0.604120
-1.961433
-2.975310
-2.890516
-1.752900
-1.929496
-1.913136
-1.413152
-1.148043
-0.292721
0.128870
0.167771
0.932025
0.371295
0.389673
1.173193
1.050252
1.310070
0.893237
0.284513
0.092920
0.507814
0.917420
1.150102
0.980385
-0.140566
-0.134688
0.903859
0.881670
-0.544324
0.058578
0.326883
0.733447
1.216945
0.297881
-0.133134
0.635426
0.495193
0.109379
-0.676134
-0.637259
-1.087398
-1.017071
-1.221523
-0.303668
0.513448
0.348311
-0.056338
-0.102798
0.072006
1.285127
0.848459
-0.297322
0.022627
-0.420746
0.620575
1.026110
1.098215
0.862266
-0.688091
-0.346673
0.157044
-0.662860
-0.355779
-0.076380
0.789386
-0.243156
-0.100142
0.047280
-0.338336
0.456382
0.029797
0.125859
0.341457
0.232662
0.789081
0.521186
0.920791
0.095984
-0.337330
0.344719
0.294483
0.553725
0.599189
0.200198
0.452823
0.372064
0.191571
-0.009656
-0.493690
-0.138258
-0.328291
-0.199025
-0.817930
-0.882486
-0.252169
-0.070352
0.237709
0.795300
0.832688
-0.373065
-0.431679
-0.128938
-0.520774
0.281448
0.238261
0.351388
-0.284151
-1.060866
0.056896
0.102034
-0.144103
-0.243144
0.163273
-1.480993
-2.509867
-1.528117
-0.953538
-1.331543
-1.186739
-0.848876
-1.010003
-0.903043
-0.549895
0.056272
1.153987
1.179551
1.147867
-0.125562
-0.656139
-0.094768
0.388356
0.504257
0.146302
-0.312188
0.429353
0.858784
0.649625
0.862975
1.501454
0.303723
-0.104528
0.268080
-0.199263
0.414064
1.251173
0.625620
0.663610
0.921621
0.619572
0.323350
-0.436327
0.152075
0.580852
-0.255783
0.881677
0.076031
-0.786039
-0.230433
-0.316220
-0.235575
0.799753
1.411291
1.199508
0.548751
0.510378
0.092820
-0.486929
-0.451093
-0.494013
-0.867506
-0.893076
0.030796
-0.201728
-0.692990
-0.995001
-1.073930
-0.757954
-0.149849
-0.388391
-0.711316
-0.759839
-0.530913
0.205522
0.195788
0.712649
-0.006772
-0.800334
-0.516472
-0.197306
-0.446646
-0.921514
-0.535255
0.427650
0.530644
0.354936
0.252954
0.285405
0.752602
0.190711
-0.270224
-0.952422
-1.277566
-1.052470
-0.738123
-0.396245
-0.401805
-0.628337
-0.531155
-0.493683
-0.846450
-1.108579
-0.846000
-0.309674
-0.577280
-1.646061
-1.302740
-0.722031
-0.324129
0.402465
1.077821
1.119877
1.674809
1.205598
0.782394
0.943139
0.561452
0.877888
2.001375
0.538801
-0.476075
-0.128222
-0.475959
0.204697
0.534918
0.829220
0.746365
0.529091
0.898229
0.523473
1.071050
1.927990
1.464088
0.682013
1.416361
0.454518
0.012664
-0.201302
-1.020308
-0.628902
-1.108633
-2.246478
-2.224191
-1.180000
0.109421
1.082458
1.379213
1.246509
1.233772
0.936739
1.448376
0.567192
-0.269678
-0.978829
-1.744845
-1.760937
-2.343834
-0.796808
-0.479805
-1.270484
-1.047582
0.242871
0.418186
0.352157
1.781010
1.721213
1.042542
1.476556
1.925063
1.010929
-0.730913
-2.209925
-2.475577
-1.674191
-0.717315
-0.215274
-0.160938
0.732976
0.510866
0.545757
0.383938
0.249539
0.069751
-0.225093
-0.246902
-0.386349
-0.623439
-0.665203
-0.281447
-0.496049
-0.714602
-0.974167
-1.064091
-0.462922
-1.186267
-0.398271
-0.384203
-0.598279
-0.225419
-0.295098
0.326754
0.636562
0.059256
-0.586868
-0.061574
0.086473
-0.282116
-0.270549
0.427647
1.557960
0.940352
-0.033342
1.065332
1.028598
0.254020
0.395808
0.850823
0.158363
-0.161253
0.388430
0.670787
0.068946
-0.583458
-0.426620
0.392034
-0.197591
-1.119396
-1.284949
-0.611982
-0.485652
-0.734110
0.227542
0.247411
-0.178759
0.753582
1.054503
1.198518
0.298540
-0.363175
-0.763893
-0.886138
-0.285451
0.358570
-0.893358
-1.291284
-0.370358
0.613882
0.661809
0.774422
0.975419
0.631826
1.391924
1.636135
1.160839
1.217332
0.563146
0.284368
-0.466619
-0.441252
-0.613929
-0.997116
-0.973466
-0.100568
0.716315
0.623755
0.391283
0.820608
0.494202
-0.181604
0.430237
0.486114
0.217221
0.222734
-0.941619
-1.706545
-1.606573
-0.694087
-0.751003
-0.086703
0.871769
1.077330
0.796903
0.333975
-0.262307
-0.843704
-1.581316
-2.429683
-2.545080
-2.071112
-1.660502
-0.495885
-0.431395
-1.156865
-0.948615
0.455474
0.662352
0.695423
0.505759
-0.206912
-0.378792
0.347536
0.215419
0.566567
1.351404
1.615401
1.438326
2.134625
2.280455
1.751559
1.646680
0.888985
0.366089
0.630780
1.295438
0.669775
0.881195
0.452075
0.365977
1.433396
0.674330
0.528319
0.719837
0.465642
0.560601
0.361089
-0.324575
-1.032173
-1.767377
-1.770156
-1.440884
-1.153290
-1.262841
-1.022874
-1.074440
-0.710861
-0.096009
0.865837
1.015419
1.024106
0.739017
0.432236
-0.072903
-0.740640
-0.391397
0.036824
-1.095163
-1.552491
-1.357814
-1.637916
-1.767002
-0.532470
-0.506659
-0.875035
0.587854
1.318148
1.152098
0.811067
0.484716
0.038571
0.208549
-0.223634
-0.940481
-0.782198
-1.577609
-2.069577
-0.895499
-1.240590
-0.797961
0.255379
-0.365357
-0.804920
0.283650
1.153823
1.930618
1.496792
0.284442
-0.241520
-0.754408
-1.891623
-2.789917
-3.196558
-2.790473
-2.573065
-1.684662
-1.189307
-0.494597
0.744171
1.714659
1.270081
1.390282
1.763140
1.578729
1.678679
0.784817
0.561489
-0.470919
-1.259414
-1.734796
-1.797969
-1.375498
-1.553296
-0.219980
0.748185
1.108084
1.841259
0.791683
1.459369
2.273530
2.012012
2.598676
2.626801
1.877163
1.366892
1.030392
0.073876
-0.311179
-1.073928
-2.663356
-2.781595
-2.424316
-2.042958
-1.301534
-0.574060
-0.392389
0.039844
0.852846
0.697145
0.774195
1.539688
0.964276
0.110168
-0.040552
0.251298
0.187404
-0.106289
0.225073
0.500333
0.394938
0.434238
-0.430389
-0.878406
-1.158902
-1.556731
-0.789732
-1.636320
-1.744972
-0.566450
0.329126
1.706689
2.404178
1.460442
0.984946
0.638561
0.873421
0.879513
-0.049044
-1.420186
-2.575878
-1.542267
-0.460126
0.225419
0.058195
0.202044
-0.157956
-0.141450
0.197446
-0.219082
0.034056
-0.297595
-0.134425
-0.321194
-1.627124
-2.210337
-1.633478
-1.129763
-1.260262
-0.759490
-0.204793
1.101913
2.294926
3.184458
2.417250
1.655942
1.000096
0.119277
0.636025
0.484827
0.796812
1.012168
0.991863
1.294033
0.848853
1.400528
2.184531
2.650191
2.338146
1.748558
1.351181
0.201384
-0.090562
0.165464
0.342249
0.986112
1.710222
1.370759
0.183370
-0.013912
0.346320
0.500002
0.086789
-0.053791
0.194824
-0.545749
-1.653623
-0.938849
-2.006515
-2.001038
-1.501461
-1.265407
-0.452633
-0.302852
-0.266621
0.532069
0.927300
0.916941
1.219271
0.193534
0.097223
0.485209
-0.107054
-0.277789
-0.231459
-0.582142
-0.752484
-0.301825
-0.012222
-0.135765
0.326995
1.414913
1.078767
1.185052
0.727324
0.397549
0.711501
0.393025
0.152830
-0.394361
-0.947846
-1.405049
-0.534387
-0.497349
-0.511760
0.427329
-0.060795
0.424251
0.706295
0.661941
0.437547
0.169530
0.308211
0.083151
-0.389676
-1.858938
-2.921540
-2.640440
-2.857373
-2.943838
-2.474530
-1.361805
-0.755979
-0.174493
0.374194
0.070192
0.393189
0.553726
0.718366
0.688671
-0.190195
0.500901
-0.528509
-1.612553
-1.201197
-0.290524
0.103256
0.382338
0.465779
0.432532
0.706629
1.722041
1.734791
1.168655
1.203867
1.398601
0.660082
-0.176262
-0.477301
-1.183108
-0.589122
-0.696279
-0.973890
-0.512679
0.126186
0.445791
0.357007
0.340415
0.700865
1.561308
0.539639
-0.434761
-1.038902
-1.449710
-1.244954
-1.442083
-1.899982
-2.043563
-0.974012
-0.067524
0.664904
1.656516
1.563491
0.921094
0.470187
0.246398
0.458748
0.051616
-0.601021
-1.596735
-1.927480
-0.603841
-0.700522
-0.221018
-0.061193
-0.234687
-0.318991
-0.295266
0.263682
0.004958
-0.661965
-0.129592
-0.929573
-1.519731
-1.792847
-1.890628
-1.811228
-1.685206
-1.024169
-0.979940
-0.408890
0.345361
1.473768
1.312605
0.628029
0.317907
0.790877
0.412164
-0.365073
-0.954434
-0.731276
-0.917128
-1.105096
-1.986762
-1.728374
-1.050903
-0.602852
-0.445013
0.943589
1.727661
2.280356
2.536867
2.229081
1.947997
2.103023
2.789942
1.688815
0.668849
0.420626
-0.264401
-0.447761
-0.000252
-0.350487
0.460467
0.808343
-0.039743
-0.323210
0.929253
0.563132
0.442333
0.239155
0.407532
-0.288698
-0.244382
-0.151162
-0.600870
0.168888
-0.228522
-0.273243
0.084563
-0.156306
0.634105
0.613762
0.407934
0.221113
0.156045
0.206350
0.257212
0.630975
0.341754
-0.913479
-0.535394
-0.000027
-0.086853
-0.579212
0.524394
-0.118010
-0.338439
-0.024384
1.011488
0.599885
-0.327554
-0.587666
-0.647849
-0.818133
-0.183744
0.036663
-0.018216
0.091524
-0.154109
-0.409149
0.238392
1.356910
0.510870
0.664189
0.163529
-0.979486
-1.235536
-1.205124
-0.733292
-0.711934
0.479612
-0.388507
-1.535247
-0.831409
-0.045742
-0.408130
-0.842373
-0.704214
-1.356590
-0.211439
-0.073939
-0.534531
-0.946676
-1.017002
-0.152792
0.283300
-0.315777
-0.865704
-1.248651
-0.947541
-0.755632
0.121765
0.173188
0.297138
0.763899
0.913863
0.769462
1.028404
0.669118
0.387708
1.069502
0.504747
-0.243688
-0.289117
0.677470
1.456070
1.449726
0.438768
-0.773737
0.033293
0.366287
-0.024087
0.358154
0.269561
0.716064
1.848628
1.387188
0.853833
0.521222
-0.020549
0.608526
-0.153925
-0.925078
-0.435079
-0.352006
-0.239572
0.230056
0.127449
-0.481068
-0.344167
-0.493220
-0.016316
0.987691
1.118328
0.741620
0.649141
0.467662
-0.403209
-0.324462
0.125140
0.702507
-0.028461
0.316418
1.058612
0.786858
0.824627
1.144621
2.057792
0.933787
-0.696734
-0.292852
-0.188435
-1.014567
-1.592550
-1.825581
-0.177316
-0.136716
-0.716320
-0.492309
0.006374
0.223529
0.347364
-0.332759
-0.079871
-0.464647
-0.075025
-0.264225
-0.527502
-0.641208
-1.822190
-2.094704
-1.503392
-0.885632
-1.055284
-1.099689
-0.700792
0.293006
1.304669
1.553065
1.136818
-0.230239
-0.026567
-0.222308
-0.883921
-0.751670
-0.976760
-1.830472
-1.269630
-0.620726
0.334928
1.369606
1.721954
2.414258
2.390834
1.726444
