-1.586015
-1.204785
-0.681846
-1.085391
-1.387446
-1.525912
-0.745438
-0.235022
-0.097567
-0.391533
-0.300172
0.594042
0.522633
0.499583
0.336048
0.663771
0.401245
1.349035
0.486576
0.173083
-0.318314
-0.339047
0.481797
0.842272
0.971140
0.995310
0.879034
0.456843
-0.217119
-0.188533
0.381282
0.274799
0.936041
0.545459
-0.255610
-0.208313
-0.522815
-0.560870
0.069577
0.234633
-0.550290
-0.826325
-1.062236
-1.501958
-1.069459
-0.925276
-0.867135
-0.356640
-0.639390
-2.024045
-2.724718
-1.298071
-0.175657
0.371403
0.387657
0.845712
1.454029
1.364109
1.794212
2.400063
2.956526
2.550042
2.357397
2.170470
1.875938
2.219154
2.425879
1.722283
1.369634
0.336887
0.484829
0.974487
0.787317
1.117768
1.282946
0.158418
0.549757
1.908721
1.146482
0.822221
1.639286
1.681120
1.767002
1.140854
1.326601
0.847844
0.278977
1.271053
1.948829
1.615310
0.617984
0.003269
0.247763
0.200157
0.766825
0.550672
0.572352
0.640429
0.637911
-0.495878
-1.288377
-0.897869
-0.535709
-1.160298
-0.702888
-0.197558
-0.089005
1.150719
1.460301
1.204101
0.942866
1.447082
1.322718
0.307331
-1.028135
-1.172333
-1.404932
-1.016794
-0.676300
-1.175914
-0.992997
-0.387616
-0.268673
-0.037118
0.086475
0.181439
0.161652
-0.216708
-0.559075
-0.980995
-0.453544
0.082381
0.853172
0.071985
-0.090096
-0.197125
-0.048279
-0.870269
-1.360059
-0.462027
0.006750
-0.136800
-2.051860
-2.795827
-1.936194
-1.543747
-1.814057
-0.870039
-0.482573
-0.955085
-1.618430
-0.983639
-0.233021
-0.448318
-0.827470
-1.081338
0.151141
-0.170787
-1.429095
-1.504543
-0.976672
-0.957356
-0.238900
0.297983
0.497145
0.546943
0.606447
0.920139
0.949788
1.114214
1.033238
0.533806
0.892293
1.308064
1.340609
0.631053
-0.374123
0.117449
-0.537817
-0.545786
-0.728408
-0.570915
-0.046731
-0.166359
-0.537352
-0.722073
-0.017897
0.536336
0.591947
0.668637
0.319885
0.359092
0.395991
0.112544
0.312047
0.290846
0.796551
0.699974
0.582855
0.749947
1.081714
0.404463
0.153387
0.241984
0.699475
1.174821
1.037912
0.514058
0.464255
1.197436
1.594068
1.094157
0.624484
-0.087434
0.132785
0.272180
-0.052945
-0.161199
0.028634
0.535534
0.396038
0.221668
0.836769
0.053673
-0.044000
-0.958752
-0.329650
-0.045227
-1.665201
-1.657338
-0.819653
-0.051151
-0.275101
-0.644560
0.167839
0.127382
-0.354672
-0.547148
-0.017599
1.135688
0.549297
0.136464
-0.978034
0.066559
1.352699
1.147127
0.395443
0.034878
0.397386
0.894967
1.158103
0.222094
-0.585205
-0.272169
0.151113
-0.071314
-0.285836
-0.618221
-1.091136
-0.535617
-0.180826
-0.201027
-0.212278
-0.464955
-0.740027
-0.078105
0.237806
-0.114053
-0.478707
-0.215590
-0.648870
-0.044451
-0.395582
-1.079331
-1.293959
-1.400838
-0.512014
-0.722822
-0.958157
-0.521762
0.309040
0.894825
0.251624
0.226409
0.041754
-0.428322
-0.278542
-0.938760
-0.927686
-0.903412
-0.508694
-0.461332
-0.260022
-1.268306
-1.075637
-0.351971
-0.245409
-0.233454
-1.019911
0.189549
1.088929
1.030426
1.326980
1.209884
0.601187
0.345800
0.708680
0.869494
-0.040982
0.044363
-0.065262
0.139793
-0.406724
0.299643
0.096988
0.144398
1.189527
1.049305
1.128314
0.288738
1.353450
2.545996
2.542053
2.704105
2.579174
1.365783
1.079644
2.200706
3.351342
3.107806
2.082556
1.692210
0.674450
-0.281768
-0.212725
-0.166032
-0.792245
-1.165533
-1.182884
-1.788757
-1.311023
0.005498
-0.221366
-0.346765
-0.277766
-1.361376
-1.126589
-0.472279
-0.159180
-0.143618
-0.028863
-0.171441
0.212388
1.836653
3.148557
2.338110
1.517108
1.094906
1.112513
0.882651
0.619010
0.217089
-0.497113
-0.458177
-1.592745
-2.415974
-1.849888
-0.472295
-0.616901
-1.310346
-1.722274
-0.987149
-0.400217
-0.830576
-0.117509
0.156923
-1.154440
-1.338960
-0.429981
-0.609938
-0.762482
0.017847
-0.345433
-2.024488
-2.748097
-2.554034
-2.300653
-2.170779
-1.182994
-1.074634
-1.301224
-1.015877
-0.748351
-0.561635
-0.164258
0.519848
0.857991
0.511035
-0.065996
0.010818
-0.585230
-0.145412
0.625793
0.452918
-0.240945
0.452680
0.707120
0.278182
0.250850
0.595460
0.229803
-0.251514
-0.383383
0.133997
-0.140763
-0.475995
-0.632818
-0.939470
-1.486730
-1.756858
-1.492003
-0.976993
-0.588907
-0.939116
-1.474726
-1.689599
-1.493367
-1.405951
-1.804294
-1.930535
-1.747615
-1.560461
-1.992605
-1.173573
-1.654834
-1.840166
-1.695527
-1.257922
-0.896677
-1.671004
-1.150623
-0.360031
0.119789
0.483962
0.149064
-0.125145
-0.155046
0.038918
0.088900
-0.692922
-0.378994
-0.757674
-1.343656
-0.227547
-0.171382
-1.159920
-1.296408
-1.312091
-0.951889
-0.207121
-0.496167
-0.730558
-0.194620
0.686288
0.244230
0.788856
0.791077
0.877938
1.168984
1.970979
1.821522
1.029600
1.443167
2.927161
3.031491
2.546523
2.335226
2.013744
2.303482
2.136074
2.226029
1.700872
1.391021
0.092651
-0.687044
-0.256387
0.257618
0.391278
0.017975
-0.078614
-0.515308
-1.041789
-1.454869
-1.036824
0.099334
0.254854
0.166589
-0.176918
-0.344462
0.331984
0.224155
-0.100222
-1.009762
-1.173513
-0.441681
-0.373190
-0.459686
-1.603899
-2.099635
-1.621607
-0.723720
-0.343349
0.029839
-0.435574
-0.887083
-0.839845
-0.417629
0.062415
0.492903
0.285833
0.424890
0.816844
0.041719
-0.320777
-0.172898
0.245485
0.613585
0.073544
-0.338124
0.072875
0.125005
0.936608
0.989934
0.321674
0.822228
0.871499
0.635031
-0.256737
-0.418347
-0.082499
0.805730
0.510606
0.539727
-0.204385
-0.592250
-0.543601
-0.573939
-0.779490
-0.210975
0.452532
0.364811
-0.085711
-0.965709
-1.190553
-0.896079
-0.017712
0.451357
-0.308479
-0.930878
-0.186839
-0.099245
-0.472841
-1.089538
-0.432781
0.200673
0.185630
-0.125878
0.312118
0.368197
-0.147929
0.402421
0.433241
0.314868
-0.145140
-0.330452
0.452918
1.342477
1.814817
2.271060
1.291267
0.678530
1.180170
1.730202
0.526066
-0.531536
0.181656
0.612528
0.561560
-0.460011
-0.986479
-0.094749
0.500285
0.244128
0.086479
-0.508561
-0.016432
0.255308
-0.449589
-0.612912
-1.143521
-0.097153
0.765729
0.345092
-0.399619
-0.214500
0.232706
0.380987
-0.457810
-0.135363
-0.477077
-0.831201
-0.263167
0.422289
0.266921
-0.377103
-0.142901
0.347884
0.678008
0.636450
0.291798
0.007115
-0.216167
-0.696268
0.212437
0.293426
0.428318
0.440600
0.360579
-0.201072
0.560468
1.738238
1.310564
0.459424
0.867203
1.404959
0.681959
0.946803
1.618956
1.344927
1.151648
1.005794
0.751527
-0.127446
-0.673276
-0.164602
-0.193359
-0.126183
-0.302128
-1.092365
-1.251790
-0.853300
-0.267337
-0.661480
-0.290011
-0.549733
-0.840344
-0.977499
-1.252717
-0.936157
-0.362860
-0.352049
-0.511068
-0.983205
-1.445911
-0.753507
-1.644276
-1.636575
-1.284218
-1.411462
-1.512125
-1.639102
-1.374325
-0.878695
-0.036485
-0.044325
-0.641823
-0.546440
-0.449113
-0.401709
0.865936
1.014325
0.928401
0.653895
1.620825
1.735104
0.923686
0.477338
0.930004
0.852469
1.121670
0.829750
0.014819
-0.345448
0.195491
0.198186
-0.591230
-0.807945
-1.041100
-1.100163
-1.610051
-1.139828
-1.296074
-1.562576
-1.701212
-2.182775
-2.229043
-1.528286
-0.524619
0.473130
0.600730
-0.072796
-0.286685
-0.110229
-0.376156
0.005980
0.370065
0.595080
1.220914
1.111811
0.282408
-0.862417
-0.862882
-1.004568
-1.317063
-0.385384
-0.064019
-1.013506
-0.699376
0.761425
0.300763
0.726291
1.315786
1.146368
0.268842
-0.514183
0.532854
1.307850
0.398126
0.994167
1.248668
0.583036
0.208687
0.734352
0.521480
0.667153
0.949864
0.889288
1.975925
1.537251
1.923901
1.556537
1.403169
1.548353
1.606667
1.742920
2.200654
1.828105
1.152359
0.539707
0.777312
1.197352
0.854217
0.469078
-0.321189
-0.123554
0.648360
0.677962
-0.452410
-0.953649
-0.983057
0.187640
1.068724
1.158720
0.493873
-0.237800
-0.869210
-1.604807
-0.909086
-1.326728
-1.101651
-1.207703
-1.570789
-2.090753
-1.801253
-0.873179
-0.383833
-0.754674
-0.326758
-0.241145
-0.093633
-0.531850
-0.637281
-0.965149
-1.480470
-1.221077
-1.467639
-0.692878
-0.155660
-0.665056
-0.930022
-1.179962
-0.889762
-0.449160
-0.044834
-0.092037
-0.179011
0.131967
-0.593289
-1.209088
-0.535483
-0.609116
-1.155804
-1.614753
-1.319574
-2.296467
-2.209141
-1.633497
-1.804729
-1.605922
-1.158037
-0.830818
0.059840
0.585544
0.751504
0.799584
0.039215
0.045998
0.816518
1.112707
0.839068
0.936318
0.928099
0.295795
-0.931402
-0.552953
0.060066
0.626100
1.611326
0.819425
0.281435
0.143092
0.702228
1.142481
0.377928
0.269209
1.059239
1.302249
2.167484
2.341790
1.157191
0.562181
1.199730
0.799145
0.927183
1.366832
0.779795
0.593386
1.248359
1.140690
-0.063415
0.464103
0.709789
0.640542
-0.033742
0.058253
-0.463307
-0.550926
-0.060859
-0.262912
-0.751648
-0.540013
-0.099513
-1.241297
-0.888940
-0.348557
0.120123
-0.401732
-1.039506
-1.282964
-1.057365
-0.511464
-0.499469
-0.836221
-1.343029
-1.745214
-1.787074
-0.802225
-0.331094
0.030852
-0.010554
0.645514
-0.077413
-1.024709
-0.365924
1.098537
0.446427
-0.218533
-1.175434
-0.178722
1.657741
1.519381
0.961745
1.081398
1.219571
1.690337
1.709456
0.898065
0.722632
0.739874
-0.068896
0.268401
0.168120
0.359998
0.524623
-0.224591
-0.388874
-1.697159
-1.264283
0.054489
0.589036
0.833176
0.489420
-0.042275
-0.251134
0.002521
0.902454
0.646598
0.102775
0.004475
-0.403086
-0.194131
0.022463
-0.386819
-0.341040
-0.662601
-0.746140
-0.790366
0.353297
0.616276
1.551520
0.602989
0.434548
1.128063
0.778130
0.052699
0.060699
0.158018
0.840930
0.939989
0.561662
0.231608
-0.012978
-0.426542
-0.693690
-0.380477
0.325163
0.190779
-0.928617
-0.760766
-1.227410
-0.720735
0.236637
0.647303
-0.115208
-1.171215
-1.128808
-1.174571
-0.528738
-0.384636
-0.999677
-1.131044
-1.133875
-1.348049
-1.553726
-1.045976
-0.694434
-0.485051
-0.495427
-1.015987
-1.924584
-2.783165
-2.099492
-1.132731
-0.686111
0.143198
0.200490
0.179103
0.091974
-0.398952
-1.228240
-0.053296
1.472178
2.064089
1.981901
1.708816
1.738368
1.633135
1.154890
0.188277
0.014697
1.291222
2.241892
1.375118
0.272241
0.224394
0.938289
0.751919
0.144361
0.103183
0.007843
0.046236
0.924111
1.111536
1.158767
2.077227
1.304652
0.913280
-0.486061
-1.833052
-1.302545
0.038577
-0.247414
-0.659650
0.046359
