-1.773516
-1.033170
-0.021954
-1.003710
-0.724709
-0.086719
-0.367874
-1.350388
-2.002894
-1.778728
-1.349972
-1.805545
-0.971166
-0.462696
-1.977743
-1.714408
-0.672507
-0.765801
-1.172542
-1.751845
-1.411840
-0.953446
0.047647
0.393843
0.410714
-0.203612
0.830622
1.080952
1.900261
1.510926
2.209789
0.778724
0.000146
0.804320
0.344359
0.864497
-0.076146
0.530992
0.905218
-0.752591
-0.743658
-0.500213
-1.609234
-1.560311
-0.820646
-1.143061
-1.109830
-0.861346
-1.128327
-1.285168
-0.435196
-0.128660
-0.775319
0.111592
-0.176674
0.915485
1.342807
1.406425
1.122594
0.160480
0.511347
1.312998
1.893857
1.207279
-0.315322
-0.530840
-0.388921
-0.099118
-0.174972
-0.103688
0.223622
-0.494612
0.085638
0.220524
0.013594
-0.586475
-0.402827
0.776873
0.565143
-0.347348
0.327908
0.610708
0.061441
0.754200
2.086692
0.740433
-0.084709
0.022101
0.897397
0.173122
-0.386779
-0.344613
-0.872406
-0.436330
0.862419
-0.731353
-0.321541
-0.402010
0.255878
1.441159
0.314503
0.308110
0.386584
-0.428896
0.273589
0.286362
0.245578
0.718907
0.220961
-0.382027
-0.151488
0.403375
0.753674
0.166153
-0.538549
0.728644
0.225129
0.177702
0.750984
-0.310616
-0.219589
1.219454
1.650352
1.207439
0.046353
-1.407462
-0.842051
-1.176381
-0.957445
-1.265357
-2.727905
-0.856273
-0.409756
-0.935329
-0.092487
0.188478
1.035269
0.601311
0.581354
0.456889
0.262117
0.176106
0.626863
0.499993
1.150147
1.002496
0.095765
0.763530
0.755628
0.907357
1.134652
1.407904
2.880480
1.451766
0.026873
-0.134425
0.587601
0.710734
0.458993
-0.257034
-0.275840
-0.726351
-0.374493
-0.967325
-0.525491
-0.319024
-0.736671
-0.923367
-0.929723
-0.938464
-0.903569
-1.633816
-0.282291
-1.306942
-0.364061
-0.394785
-1.743875
-0.606256
0.053967
-0.304457
-0.035562
0.876545
0.423803
0.751619
0.907120
0.864702
1.753180
0.877089
0.128160
0.881841
1.054990
1.130427
0.248769
1.070044
0.408019
0.504885
0.430125
0.559702
-1.033304
-1.081754
0.189936
-0.616422
-0.464313
0.428065
0.022579
-1.116708
-1.829501
-0.662041
-0.910676
0.412291
-0.536918
-1.280185
0.207097
0.368790
-0.643885
0.616970
1.936260
-0.688990
-0.218608
0.269783
-0.444994
1.482767
1.589137
0.285572
-0.096071
0.391376
0.670201
0.765690
0.675071
-1.040173
-0.135077
0.599779
-0.637451
-0.011468
0.483329
0.639820
-0.116014
-0.786459
0.092768
-0.257314
-1.225030
-0.138784
0.048009
-0.048177
-0.489804
-0.690866
-1.365620
-0.859063
1.205582
0.672574
1.520389
-0.003003
0.217894
0.775450
0.700068
1.621199
1.090507
0.854265
1.555496
0.354004
-1.140137
-1.524776
-1.015669
-0.738121
0.177718
0.268720
-0.802666
-0.470088
-1.192382
0.131194
-0.725502
0.773914
0.820961
0.287716
-0.380572
0.289992
0.066067
0.914567
-0.032935
0.792535
1.187658
1.101238
1.305791
0.505712
-0.909540
0.944301
0.245270
-0.541202
0.344650
-0.616493
-0.104977
0.183140
-0.031215
0.602485
0.329656
-0.152568
0.464723
-0.429774
-0.654277
-0.654056
-0.228885
-0.055119
-2.011834
-2.108511
-2.436354
-1.739218
-1.645840
-1.067347
-1.555974
0.029630
-0.079736
-0.644980
0.024194
0.726476
-0.023496
0.302838
-0.324240
-0.603805
0.044081
0.064387
-0.102504
0.130583
0.168146
-0.241874
-0.158281
-0.138472
-0.261760
-0.698874
-0.114882
-0.858026
-0.679962
-0.646510
-0.529050
-0.262719
-0.153068
-0.926269
-1.251716
-0.878347
-0.976020
-0.556478
-1.317028
-0.678825
-0.869000
1.036216
1.021127
0.989800
0.569650
1.004782
1.169986
1.797494
2.337648
2.237649
2.062113
2.336201
2.371930
2.504838
1.448720
2.767851
3.763614
2.097843
1.700537
1.876895
0.219507
-0.175459
-0.752426
-1.010875
-1.125408
-1.740524
-1.746564
-1.617346
-2.085450
-1.086515
-0.556406
-1.671416
-1.909815
-2.075472
-0.492160
-1.214879
-1.400004
-0.696367
0.339693
1.252748
0.295027
0.277450
0.007720
0.060931
0.580830
0.171766
1.061518
1.014896
1.569996
0.219040
-0.007250
-0.340929
0.415647
0.103099
-0.450914
-0.470789
-0.257427
-0.090785
1.737235
-0.615169
-1.244941
-1.191775
-1.758107
-0.643219
0.109152
0.101335
0.852988
-0.870428
-0.638027
0.124449
-0.157898
-0.211849
0.192869
-0.713433
-1.012983
-0.335142
0.220821
-0.201909
-0.254079
0.556264
1.284065
0.207854
0.863286
1.729298
-0.022619
-0.435189
1.253225
0.999546
0.135532
0.451165
0.017247
1.167432
0.820325
1.098394
0.283407
0.938331
0.481710
-0.958677
-1.280471
-1.324686
-1.014458
-0.538327
-0.872501
0.474473
-0.227824
-0.420626
-0.081017
-0.934515
-1.791782
-2.747841
-1.847154
-1.054188
-1.575648
-1.178702
-1.787817
-0.868165
-0.407970
-0.658397
-0.134990
-0.095008
-0.533590
0.187691
-0.161120
-0.517816
-1.194913
-0.235899
0.322472
0.341858
0.149047
0.554289
-0.817238
-1.620476
-0.068584
-1.486842
-1.407325
-0.737876
-1.227673
-0.877180
-0.252952
0.160500
0.028617
0.034170
0.415062
0.742408
0.153031
0.905772
1.347942
1.768001
1.867924
2.569569
2.910360
2.253516
3.285168
2.807997
1.709085
1.280659
0.830504
1.216802
1.167644
-0.436813
0.150916
0.154234
-0.199612
-0.205101
-0.255369
-0.504586
-0.403682
-0.464310
-0.695533
-1.264942
-0.599044
-0.702505
-1.087611
-0.791544
-0.017810
0.109590
-0.246165
0.105602
0.745153
1.017030
0.582336
-0.603096
-0.845343
-0.966927
-0.764616
0.517495
-0.404395
0.992891
0.367952
0.033304
-0.095964
-0.977200
0.220938
0.104871
-0.121924
1.098458
1.440718
0.063664
0.549148
2.569464
1.518702
1.608516
2.951617
1.447121
0.423023
1.208604
0.544513
0.636154
0.398789
-0.553897
0.008418
-0.152078
-1.147838
-1.343840
-0.357403
-0.452946
-0.424987
-0.009231
0.141797
-0.262593
-0.125546
0.283953
0.153302
-0.781953
-0.080153
0.570019
1.070598
0.689712
0.138478
0.248417
2.234879
1.550466
1.547171
1.351926
-0.051435
0.579100
0.508606
0.127666
2.062151
-0.046653
0.570114
-0.230887
-0.483747
-0.526211
0.037006
0.042344
-0.618704
-1.977422
-1.614059
-1.735309
-1.062831
0.484899
-0.657962
-0.792378
-0.934440
-0.385938
1.446422
1.609574
-0.268042
-1.349343
-1.062345
-2.122804
-1.354791
-1.022987
-0.751564
-0.746356
0.162919
0.285392
-1.200430
-2.897265
-1.559554
0.570987
-0.424302
-1.876871
-0.796372
-0.270014
0.570768
1.025779
1.206198
1.271452
1.440692
1.729333
1.289192
1.495921
1.879055
0.273636
0.462210
0.658643
0.370804
0.547571
0.531682
0.554823
-0.029413
-0.756547
-0.028989
-0.964287
0.852900
-1.913605
-0.812690
-2.314022
-2.763629
-1.818103
-1.720270
0.263779
0.037978
0.471965
1.210419
0.567849
0.837173
1.381872
-0.288400
-0.463643
-0.340355
-0.288596
0.561589
-0.643093
-1.689892
-0.876669
-0.600476
-0.502831
0.657714
1.150657
0.181253
0.902026
1.701794
1.760054
1.683497
0.819760
1.802990
1.860660
2.756649
2.777743
0.700341
0.936896
1.262150
1.325395
1.330263
0.843366
0.099833
0.260014
-0.104121
0.371651
0.359493
-0.066827
-1.515961
-0.337172
-1.074989
-0.852910
-1.015396
-1.602341
-0.037315
1.199464
-0.827109
-1.856877
-0.513183
0.341584
-0.831081
-0.069530
-1.656496
-1.023246
-0.724487
0.129674
-0.888781
-0.742178
0.047553
0.679656
0.014049
-0.230451
0.191951
1.193238
1.602093
0.204776
-0.099318
0.344017
-0.282562
0.842109
0.449088
0.547022
-0.129824
-0.594020
-0.739813
-0.404896
0.609719
1.031265
1.007239
-1.681920
-1.517742
-0.687515
-0.019790
-0.446590
-0.606800
-1.340852
-0.468034
1.561077
0.157536
-1.856904
-1.986339
-1.258017
-0.505357
-0.876637
-0.013830
-0.981828
-0.926540
-0.648712
-0.216451
1.441919
0.572599
-0.219464
0.363587
0.429534
0.832467
0.583133
1.014560
1.825180
1.335114
0.969638
0.718123
0.136743
0.222377
-1.319977
-1.053434
-0.457031
-0.458864
-1.349881
-0.602747
-1.017208
-0.157359
-0.037796
-0.440406
-0.209264
-0.072726
-0.365180
0.637385
-0.246381
-0.679870
0.260651
0.052004
0.047596
0.437507
0.633456
0.518024
0.696307
0.250387
-0.189908
1.216310
0.994351
1.898419
1.715549
0.491215
2.677248
1.836197
0.122960
0.069519
-1.036563
-0.902616
-0.854827
-0.124971
-0.760485
-0.080389
-1.054826
-1.383161
-0.485020
-0.203441
0.064174
0.394392
-0.265421
-0.172805
1.192500
1.359641
1.350858
0.735569
0.002196
0.049525
0.337358
1.263676
0.570579
-1.852800
-1.429341
0.040071
-0.517036
-0.033564
-2.154861
-2.501210
-1.787026
-1.822905
-1.570445
-1.351693
-0.425550
0.943803
0.090448
-0.450217
0.762430
0.356219
-0.255073
1.686788
0.977074
0.330332
-0.390819
-0.450347
0.434746
0.426226
0.055584
0.008499
0.139361
-0.373308
-0.146753
0.757165
0.339203
1.290865
1.718901
0.580069
1.182564
1.925040
2.408239
1.594961
2.587288
2.233987
0.750466
-0.034901
0.380158
0.691304
0.009465
-1.084164
-0.961170
-0.954082
-0.805538
-1.474302
-2.229558
-0.248737
-1.326791
-0.684408
0.116106
-0.297261
-2.126174
-1.227082
0.342326
-0.471097
0.337202
0.820072
0.410280
0.030185
0.929108
1.141514
0.834392
-0.486517
-0.113183
0.503170
-0.279920
-0.635158
-0.674952
0.405826
-0.870269
-1.385540
-1.439249
-1.069565
-0.522665
0.002093
-0.290679
-0.176760
0.954398
1.955516
1.356453
1.333434
1.021769
1.242699
1.108306
-0.260525
0.473591
-0.005789
-0.046490
0.650774
0.526619
1.194279
0.412904
0.178549
0.472442
0.395062
1.081776
0.746352
0.022965
0.259733
0.528284
0.734588
-0.116039
-0.459019
-0.105240
0.070311
-1.400726
0.497540
0.333134
-1.161317
-0.143651
0.272085
-0.189180
0.185013
-0.228088
-0.430542
-0.742468
-1.194238
-0.874875
-0.344832
-0.218924
1.238428
0.379317
0.766162
0.657506
-1.750579
-1.082730
-1.245805
-0.971729
-0.313318
-0.352511
0.329625
-0.623915
-0.096423
-0.630564
-0.702550
-0.474560
-0.430941
-0.187172
-0.402872
-0.818149
0.318295
0.902607
0.164656
1.352741
1.450283
0.236269
0.911724
0.367792
-0.066904
0.224040
-0.216059
0.088991
0.047335
-0.853598
-0.204480
-0.680842
-1.945191
-0.556755
0.035950
-1.569034
-2.367859
-0.413132
0.020316
0.159043
-0.551154
-0.304531
0.682592
-0.212616
0.076802
0.098258
-0.171651
-0.736951
1.165649
1.331524
1.905421
1.789469
1.444425
-0.088559
0.245902
0.848729
-1.202155
-0.979002
-0.723171
-1.246372
-1.087007
-0.692548
-0.111748
-1.147958
-1.969168
-1.838925
-2.205837
-1.677710
-1.255988
0.065143
1.216249
-0.608778
-0.162977
-0.042108
-0.144766
1.429318
