-1.418340
-0.789614
-0.243170
0.030820
0.269364
-0.196346
0.190471
0.533021
0.595191
0.374967
0.352398
0.242351
0.642433
0.819664
0.722847
0.343408
0.032577
-0.280304
-0.323883
-0.079472
0.424458
0.603184
0.285734
-0.176290
-0.228871
0.487827
0.940977
0.894121
0.471568
0.163297
0.341225
0.706192
-0.031680
-0.480378
-0.881299
-1.515258
-1.967094
-2.043875
-1.433855
-0.919726
-0.575808
-0.015488
0.153678
0.246686
0.444838
0.472346
0.546836
0.681355
0.753220
0.542328
0.075130
-0.142824
-0.656773
-0.784744
-1.143558
-1.512136
-1.613647
-0.848970
0.122082
0.788134
0.525861
0.459622
0.362893
0.584084
0.707238
0.255843
0.121068
0.340134
0.299248
0.205533
-0.128334
-0.311254
-0.290559
-0.323476
-0.331925
-0.607607
-0.554887
-0.470332
0.082242
0.424508
0.646145
0.756896
0.826632
0.707558
0.282168
-0.250545
-0.683095
-0.493714
-0.251261
0.247047
0.568586
0.519312
0.450033
0.674461
0.617782
0.407752
-0.141996
-0.125618
0.016547
0.139803
0.275211
0.438551
0.176641
-0.069439
-0.101144
-0.142486
0.088049
0.166636
-0.201612
-0.138794
0.104847
0.092829
0.000371
-0.077009
-0.138054
-0.091720
-0.042950
0.185278
0.075928
0.199714
0.510765
0.559324
0.214728
0.282997
-0.116836
-0.543649
-0.773830
-0.994572
-0.751500
-0.365712
-0.079647
-0.018914
0.026757
0.001729
0.310826
0.280409
0.052567
-0.051699
0.072861
-0.292878
-0.679932
-0.754265
-0.390523
-0.162615
0.404642
0.519036
0.031030
-0.202944
-0.246054
0.177435
0.046822
-0.060805
-0.143919
0.015464
0.200271
0.106189
-0.108513
0.106938
0.223248
0.495140
0.278647
0.106618
0.116738
-0.101854
-0.206612
-0.352388
-0.435809
-0.437446
-0.319933
-0.229579
-0.051019
-0.203118
-0.587909
-0.521574
0.133824
0.398113
0.136091
0.068748
0.015920
0.084648
-0.199925
-0.457019
-0.783536
-0.732546
-0.464354
0.200600
0.704499
1.194622
0.868000
0.660511
0.719595
0.597887
0.308138
0.122907
-0.079267
-0.145420
0.149854
0.344205
0.756855
0.887915
0.499560
0.203699
0.155516
-0.417271
-1.067365
-1.314880
-1.210732
-1.087465
-0.834371
0.025004
0.850975
1.219259
1.052009
0.912484
0.774761
0.391845
-0.008862
-0.314452
-0.411358
-0.284631
-0.253750
-0.269064
-0.894740
-1.614631
-1.388026
-0.773609
-0.100423
0.169892
0.497677
0.610829
0.449673
0.131998
0.085958
0.038140
0.099712
-0.020827
0.177950
-0.242984
-0.641495
-1.038462
-1.005717
-0.847392
-0.509795
0.107486
0.560246
0.827878
1.022316
1.114089
0.547132
0.002191
-0.178585
-0.162637
-0.455133
-0.479916
-0.510004
-0.250128
0.042300
0.085356
0.082696
-0.158801
-0.076860
0.017807
0.502450
0.434691
-0.140168
-0.571629
-0.230338
0.046458
0.123952
0.304606
0.540315
0.611018
0.665972
0.789983
0.904365
0.540939
-0.035165
-0.049125
-0.110037
-0.118823
-0.519906
-1.315193
-1.299335
-0.744091
0.002895
0.548678
0.411996
0.250938
-0.152029
-0.265208
-0.118618
-0.017395
0.410451
0.254146
0.068545
-0.580203
-0.758456
-0.605780
-0.048203
0.221968
-0.055781
-0.341369
-0.283225
0.007039
0.612654
0.594561
0.266539
-0.303956
-0.569219
-0.579854
-0.517261
-0.465296
-0.410620
0.020659
0.256472
0.553764
0.973491
1.102552
0.528932
0.315497
0.009337
-0.004209
0.150366
0.162094
0.295215
0.567740
0.654869
1.010769
0.719075
0.201372
-0.007086
-0.311572
-0.517987
-0.449450
-0.688755
-0.792073
-0.485002
0.250021
0.902412
1.348878
1.213350
1.116340
0.679401
0.638529
0.199058
-0.241105
-0.681301
-1.327141
-1.637657
-1.216116
-0.662998
-0.032880
0.418714
0.300071
0.245000
0.400984
0.706381
0.516820
-0.024750
-0.528574
-0.105993
-0.063329
-0.219743
-0.609536
-1.081956
-1.429126
-1.452206
-1.779903
-2.093748
-2.112881
-1.941705
-1.620742
-1.152320
-0.644716
0.105783
0.592482
0.824739
0.618500
0.095195
0.138306
0.549949
1.040307
0.913988
0.373193
0.082876
-0.017454
0.080683
-0.158607
-0.559682
-0.422788
-0.515753
-0.352867
0.111212
0.224463
0.119727
-0.353966
-0.858433
-0.963931
-0.526980
0.105166
0.041627
-0.250784
-0.255803
-0.427764
-0.678832
-0.393605
-0.183294
-0.182603
-0.050687
0.086221
-0.346124
-0.516834
-0.583030
-0.774926
-0.911736
-1.048522
-0.913333
-0.779317
-0.562653
-0.161226
0.235962
0.346625
0.464342
0.446409
0.349855
-0.117653
-0.226553
0.261671
1.346792
2.426378
3.105952
3.132594
2.471971
1.879415
1.308427
1.030708
1.198780
1.360460
1.214557
0.950341
0.554189
0.073487
-0.232741
-0.251058
0.183595
0.797143
1.263024
1.557206
1.818461
1.772394
1.461034
1.129051
1.621664
1.941854
1.724711
1.516229
1.436675
0.765511
-0.207485
-1.152348
-1.557481
-1.549056
-1.211363
0.025515
0.747364
1.215495
1.693283
1.843238
1.681530
1.528061
1.303341
1.263003
0.808932
0.281463
-0.090405
-0.502818
-0.822222
-1.133175
-1.238790
-1.276240
-1.261977
-0.891913
-0.647845
-0.867478
-1.006979
-1.322557
-1.591607
-1.851947
-1.807437
-1.638246
-1.828005
-2.166783
-2.079516
-2.078016
-2.666651
-2.709121
-2.470244
-1.941358
-1.313619
-0.997959
-1.118880
-1.763592
-2.271977
-2.312109
-2.638173
-2.534745
-2.248468
-2.234482
-2.125333
-1.714621
-1.197437
-0.606962
-0.105934
0.157465
0.326268
0.102973
0.110774
0.148035
0.329251
0.913259
1.406132
1.486167
1.509299
1.678087
1.937419
2.150213
2.581948
2.660250
2.940593
2.969811
2.299547
1.575035
0.847840
0.620282
0.694138
1.209033
1.586722
1.927190
2.179437
2.422821
2.368589
2.427155
2.336941
1.774202
1.030359
0.371618
0.368010
0.204857
0.222731
0.447271
0.547468
0.818693
0.906079
0.949783
0.808338
0.338987
-0.060037
-0.534103
-0.836361
-0.823654
-0.655650
-0.356534
-0.059011
0.169076
0.221477
0.102091
-0.156714
-0.306990
-0.637040
-1.180566
-1.759714
-2.230402
-2.658977
-2.844849
-2.802396
-2.621339
-2.120937
-1.702096
-1.186556
-0.676109
-0.388580
-0.103012
0.408306
0.558615
0.398513
0.118825
-0.395142
-0.961418
-1.051409
-0.827905
-0.577792
-0.411232
-0.322490
-0.056811
0.086801
0.313291
0.005767
-0.023982
-0.418200
-0.531442
-0.338937
-0.308293
-0.049109
0.090597
0.112521
0.498604
0.728986
0.851166
0.993496
0.948740
0.521786
-0.301963
-0.818869
-0.592569
-0.520942
-0.485789
0.030996
0.418088
0.654288
0.674266
0.768622
1.003143
0.831437
0.474297
-0.117291
-0.725747
-0.964275
-0.639123
-0.831465
-0.765361
-0.521514
-0.241175
0.172574
0.576729
0.923642
1.093672
1.056499
0.861123
0.680452
0.617221
0.323769
-0.461753
-1.003987
-0.954506
-0.305439
0.348808
0.678260
0.554433
0.357687
-0.104940
-0.335369
-0.279412
0.078476
0.571970
0.676273
0.470036
0.060063
0.333392
0.454610
0.219961
-0.316480
-0.488305
-0.349461
-0.185440
-0.051914
-0.161946
-0.326506
0.083941
0.329448
0.241594
0.154417
-0.026328
0.000256
-0.286592
-0.235421
-0.179076
0.096757
0.657196
0.838803
0.821464
1.127062
0.869566
0.383202
-0.314281
-0.610207
-0.535278
0.340748
0.802194
0.595612
0.371567
0.305339
0.087169
-0.184809
-0.200762
-0.357589
0.077895
0.720700
1.023654
0.647212
0.027230
-1.051256
-1.768892
-2.389266
-2.880810
-2.506038
-1.329721
0.291571
1.428157
1.855016
1.751118
1.418729
0.946189
0.783689
0.395681
-0.020044
-0.090379
-0.050639
-0.163139
-0.423029
-0.892880
-0.994302
-1.254048
-1.469479
-1.035203
-0.114024
0.629817
0.698961
0.542257
0.161637
-0.125838
-0.186775
-0.296859
-0.741824
-1.132183
-1.434742
-1.474961
-1.134216
-0.891678
-0.951808
-1.054865
-0.222648
0.629302
0.946194
0.971931
0.689874
0.250817
0.072900
0.061524
0.370762
1.261977
1.650987
1.584962
1.204503
0.898596
0.959016
0.574320
0.007496
-0.202331
-0.282925
-0.581966
-0.782583
-0.781702
-1.126699
-1.035904
-0.677277
0.050332
0.287251
0.079668
-0.144785
-0.608599
-0.768637
-0.383359
-0.214673
-0.100274
0.046539
0.157986
0.290094
0.114120
-0.120588
0.095645
0.441231
0.621420
0.268237
0.183739
0.257415
0.069683
0.198915
0.403753
0.110164
-0.243053
-0.845923
-1.080290
-0.549097
-0.032558
-0.060038
-0.203402
0.002921
0.639381
1.051929
0.534491
-0.572865
-1.264504
-1.439310
-1.657583
-1.861659
-2.164110
-2.457260
-3.250880
-3.643928
-3.411538
-3.582014
-4.019512
-4.250936
-3.550038
-2.299606
-1.096378
-0.471556
0.111447
0.423330
0.962096
1.235455
1.505027
1.294583
1.261221
1.239225
1.419539
1.362030
0.667633
-0.670945
-1.849823
-2.686931
-2.501660
-1.036331
0.714496
1.653412
1.584570
1.345506
1.194970
1.004186
0.869418
0.615008
0.062926
0.051527
-0.025299
-0.293624
-0.002045
0.201591
0.113256
0.146037
0.068511
-0.315852
-0.376795
-0.211988
0.332535
0.846819
1.521924
2.166116
2.504442
2.282407
1.830310
1.569001
1.548935
1.109112
0.710861
0.435806
0.142510
0.197849
0.554949
0.969676
1.445349
1.750599
1.710220
1.302603
0.448247
-0.086090
0.349303
1.105054
1.517460
1.595926
1.910859
2.036332
2.417708
2.272230
1.825088
1.333572
1.356235
1.589733
1.720639
1.222135
0.594393
0.401598
0.092841
0.043161
0.706961
1.343716
1.722042
1.807702
1.693924
1.423078
0.958798
0.749109
0.575216
0.520279
0.178915
-0.052218
-0.317870
-0.797149
-1.092179
-1.050450
-1.049393
-1.203528
-1.332259
-1.713864
-1.919160
-2.423202
-2.550146
-2.370939
-1.764658
-0.527423
0.099645
0.385831
0.910144
1.374225
1.379658
0.791297
0.118204
-0.343261
-0.527681
-0.383412
-0.266566
-0.679530
-1.392770
-1.697081
-1.841606
-1.949729
-1.739173
-1.002759
-0.259579
0.075881
0.084576
-0.318089
-0.389322
-0.167007
0.086658
-0.137817
-0.103253
-0.319371
-0.621732
-0.897609
-1.048669
-1.168823
-1.047609
-0.983607
-0.691022
-0.548812
-0.058336
0.552294
0.551034
0.347873
0.056841
-0.015324
0.066928
0.242600
0.147626
0.275520
-0.063282
-0.233372
-0.131983
0.462329
0.816938
1.426370
1.898969
2.489805
2.729258
2.226075
1.633626
0.972555
0.665939
0.145634
-0.264966
-0.622691
-0.569377
-0.405449
-0.121696
0.040277
0.164556
0.422659
0.481399
0.613813
0.681105
0.639477
0.204138
-0.002313
-0.366145
-0.854699
-1.191680
-1.248614
-1.175562
-0.556633
-0.043331
0.471319
1.104264
1.251093
0.786392
0.299614
-0.258411
-0.992852
-1.256356
-1.191289
-0.957432
-0.749403
-0.686817
-0.923573
-0.833235
-0.212521
0.081675
-0.038974
-0.023514
0.094203
0.306193
0.294330
0.359844
0.196913
-0.127542
