0.175491
-0.008643
0.168147
0.086674
-0.253939
-0.122929
-0.093671
-0.561274
-1.381995
-1.239534
-0.707958
-0.507736
-0.776341
-0.555425
-0.618690
-0.638008
-0.623121
-0.934747
-0.857594
-0.833383
-1.487426
-1.869526
-0.939461
-0.596316
-0.650757
-0.346285
-0.560588
-0.990753
-0.303782
0.351119
0.694492
0.210210
0.641411
0.598033
0.584774
0.436238
0.018887
-0.556479
-1.194848
-1.385666
-1.431764
-1.003934
-1.279873
-1.258781
-0.910717
-0.346167
-0.355545
0.205478
0.899652
0.736620
0.248016
0.377368
0.276916
0.036063
-0.110350
-0.230451
0.022388
0.395356
0.366724
0.354812
0.660725
0.498087
0.625530
0.591479
0.523308
-0.049467
-0.186629
-0.456630
-0.592518
-0.349409
-0.293035
0.064273
0.148049
0.595575
0.826564
1.149061
0.854698
0.810752
0.987438
1.761435
2.109186
2.709995
2.779959
1.742597
1.537307
1.105271
0.915009
1.022417
0.419151
-0.039923
-0.006908
-0.364795
-0.444385
-0.691037
-1.005652
-1.115944
-0.298400
0.420832
0.519222
0.542285
0.712629
0.767611
0.730334
0.352916
0.093011
0.516550
0.320347
-0.088344
-0.746519
-0.251265
0.819365
1.869765
2.332739
2.641532
2.019768
1.640739
1.704729
1.646407
1.227482
0.633722
0.577704
0.473214
0.954257
1.013881
1.103567
0.425303
-0.410727
-0.192153
0.147510
0.079080
0.172958
-0.437117
-0.478303
0.614386
1.341767
1.991255
2.476177
3.003256
2.377050
1.484701
0.843049
1.091240
1.359580
1.896664
1.719203
0.934607
0.303730
0.266847
0.425836
0.542080
0.697563
0.739783
1.185618
0.900950
0.516570
-0.289165
-0.242093
0.031318
1.009702
1.441760
1.845627
1.901727
1.341888
0.695957
0.503353
0.899284
0.430033
0.050267
-0.391825
-0.592111
-0.929201
-0.182658
0.177165
0.773300
1.082693
1.341589
0.892230
0.143647
-0.195939
-0.909818
-1.529404
-1.780842
-2.069230
-2.024502
-1.608453
-0.496806
0.111985
-0.013082
0.213056
0.443453
0.646559
0.345146
0.497484
0.593858
0.490416
0.130681
-0.128663
-0.229626
0.222014
0.786144
0.157264
-0.062376
0.082791
-0.060271
-0.593812
-0.605307
-1.098222
-1.219957
-0.754464
-0.106033
0.638068
1.352323
0.887866
0.926164
1.505327
0.621678
0.357300
-0.078049
-0.322348
-0.620852
-0.651516
-0.394522
0.221646
0.698107
0.875408
0.358721
-0.006487
0.687839
0.654575
0.708703
0.398224
-1.089627
-3.098934
-3.138918
-1.807087
0.037028
0.084194
-0.137991
-0.409488
-0.529182
-0.789965
-0.247156
-0.316007
-0.712893
-1.888629
-1.744551
-1.448309
-1.643940
-1.152409
-1.031737
-1.752595
-2.106813
-1.401650
-1.515477
-1.909528
-1.908515
-1.471381
-1.197391
-1.323552
-1.103135
-0.794790
-0.710787
-0.871187
-0.604103
-0.557912
-0.223290
-0.645017
-0.062368
0.540824
0.013811
-1.034802
-1.195865
-1.287150
-1.304739
-1.011826
-0.458683
-0.266895
-0.137584
0.294783
0.723492
1.470056
1.367575
1.335104
0.994642
0.463752
0.202738
0.307558
-0.161458
-0.397987
-0.521906
-0.620170
-0.012320
0.582313
0.251919
-0.348368
-0.850244
-0.620645
-0.207131
-0.224387
0.067226
0.180038
0.744557
0.734725
0.344803
-0.232874
-0.120086
0.466112
0.549462
0.816503
0.113019
-0.906392
-0.930139
-0.944900
-1.809648
-1.808731
-1.328631
-0.580860
-0.038478
0.516236
0.711067
1.166257
1.973049
1.763575
0.093497
-0.952054
-1.177497
-0.122118
0.481032
0.303181
0.342727
-0.041859
0.021533
-0.007425
0.527813
0.435850
0.167411
-0.246328
-0.640371
-0.291726
-0.002275
0.002393
0.162969
0.690245
0.988897
1.020377
0.478595
0.394997
-0.146849
-0.466720
-0.221343
-0.021441
-0.832388
-1.353111
-0.617431
-0.157718
-0.626942
-0.897422
-0.595023
-0.137672
0.491514
0.560023
0.331094
-0.277303
-0.778928
-1.212704
-0.461316
0.227358
0.205382
-0.593836
-0.532975
0.688263
1.545893
1.309350
0.841029
0.153788
-0.438499
-0.023314
0.130003
0.617689
0.987170
1.026315
0.654185
0.863682
1.671094
2.918336
2.811823
1.774930
0.702747
0.479234
0.914620
0.978568
0.550440
-0.083527
0.060377
0.171564
0.581028
0.772399
1.554443
2.000592
1.917621
1.462658
1.328713
0.631568
-0.406982
-1.206638
-0.799727
0.227004
0.543418
0.975102
0.754660
0.281575
-0.084720
-0.108879
0.440329
0.879509
0.705991
1.034073
1.141336
1.176940
0.714499
0.416950
0.082722
0.484191
1.070555
0.666533
0.158153
-0.803191
-1.367745
-2.265049
-2.275992
-1.480812
-0.431484
1.194757
2.718530
2.976883
2.002203
1.291095
0.588347
0.552807
0.245871
0.112844
-0.326569
-0.545348
-0.061605
-0.097870
-0.184802
0.871126
1.611325
1.380426
0.589322
-0.419620
-1.004809
-1.478978
-1.383046
-1.268456
-1.656026
-1.939988
-0.957939
0.007207
1.041679
1.155442
1.317084
0.933209
0.362928
-0.769440
-1.874809
-2.271115
-2.580354
-1.826919
-1.141163
-0.617163
0.109089
1.404503
1.709483
1.387646
0.071780
-1.057682
-1.293727
-0.946836
-1.075822
-0.618436
-0.181970
0.032900
0.416103
0.488766
-0.287083
-1.178729
-1.142771
-1.001722
-0.333934
-0.334369
-0.516097
-0.376948
-0.273270
0.178171
0.370225
0.114141
0.137147
0.857734
1.474647
1.744223
1.506153
1.016135
0.537144
0.084872
-0.025827
0.586848
1.541988
2.400698
2.583023
2.586078
1.853787
1.615527
0.987437
0.208913
-0.583639
-1.292789
-1.596456
-1.423167
-1.003192
-0.687677
0.067971
0.955324
1.782700
1.118214
0.472789
-0.267506
-0.930473
-0.914220
-0.619927
-0.062543
-0.071350
0.393848
0.900194
1.977902
2.041547
1.778389
1.417361
1.340041
0.908599
0.672684
-0.329020
-1.108194
-1.298641
-0.578729
-0.237426
-0.180603
0.244458
0.485347
1.109315
0.519733
-0.175084
-0.634730
-1.098301
-1.804808
-1.466239
-1.221693
-0.474223
0.135308
0.423397
1.111246
1.049961
1.295197
1.370499
0.516316
-0.211170
-0.737938
-0.995463
-0.717615
-0.439540
-0.022758
-0.382249
-1.263576
-1.270531
-0.206717
0.021853
-0.240206
-0.579878
-0.703723
-0.493286
-0.326224
-0.139978
-0.022976
0.382057
-0.702441
-0.880654
-1.085863
-1.303884
-1.142056
-0.940053
-0.675642
0.624975
1.749269
1.841963
1.267920
0.200941
-0.101240
-1.048854
-1.553936
-2.288573
-1.643041
-0.760860
0.036558
-0.092022
-0.086218
-0.204099
0.644477
0.824038
0.469513
0.248266
-0.841659
-1.424194
-1.204556
-0.742672
-1.012540
-1.022929
-0.383451
1.135939
1.875098
1.702409
0.820875
-0.270496
-2.484939
-3.691082
-2.611264
-2.085459
-0.792953
0.234759
1.195745
1.512148
0.766385
0.226811
0.000957
-0.569453
-0.686241
-1.083968
-1.333200
-1.201037
-0.999593
-1.303599
-1.337967
-1.546465
-1.907042
-1.468812
-1.845509
-2.248056
-2.446904
-1.631496
-1.541957
-1.812871
-1.627838
-1.214478
-1.057049
-0.333797
0.145317
-0.211972
-0.415266
-0.903495
-1.357555
-2.396147
-2.997892
-3.101833
-1.740087
-0.482879
0.644711
0.692814
-0.033063
-0.781617
-0.911856
-1.361727
-1.652088
-0.875625
-0.224332
0.281702
-0.040010
0.684152
0.601908
0.525817
0.957034
0.108217
-0.515413
-0.355461
-0.703313
-1.186912
-1.859071
-1.956547
-1.647508
-1.354007
-0.789615
-0.434968
0.196461
0.477715
-0.160986
-0.742209
0.177431
0.860479
0.865165
0.274844
-0.157928
-0.553502
-0.810623
-1.324788
-1.885160
-0.796805
0.256199
-0.186514
-0.839203
-0.612672
-0.362703
0.042481
-0.843508
-0.724543
-0.987352
-1.013152
-1.090531
-0.997113
-0.792231
-0.473812
-0.048938
-0.032373
0.232739
-0.098758
-0.644305
-1.293544
-1.323394
-0.902614
-0.154918
0.737552
1.554857
1.390458
1.291079
0.991588
0.157345
0.081392
0.172561
0.862426
1.474709
1.277421
0.706703
0.513744
0.458576
0.468891
0.170851
0.635585
0.860812
0.958793
-0.012101
0.196666
1.100799
1.754257
1.981902
2.199589
1.092068
-0.087790
-0.070355
0.050261
1.216858
1.454703
0.904235
0.112594
-0.751429
-1.653671
-1.678161
-1.310560
-0.877926
-0.394605
-0.403937
-1.256420
-1.114212
-0.644177
-0.581410
0.026570
0.268053
0.743462
1.003422
1.023310
1.032438
1.255724
0.557011
0.440190
1.110169
0.862051
0.510856
0.570679
0.869161
1.060161
1.249390
1.926582
2.614506
2.079461
1.475849
0.548996
0.280393
0.195262
0.730987
0.322914
-0.149635
-0.588022
-0.288576
-0.537788
-1.054849
-0.691976
-0.536193
0.406018
-0.169952
-1.112091
-2.023891
-2.131422
-1.873327
-0.791662
-0.505198
-0.140478
0.199099
0.587458
0.739226
0.427407
0.037349
-0.034945
0.154346
0.439824
1.144263
1.466077
1.027326
0.369092
0.190905
-0.587058
-0.913498
-0.636938
-0.118429
0.293616
-0.103175
-0.093865
0.144267
0.527797
0.637783
0.767243
0.813119
0.993334
0.413266
0.700114
-0.156971
0.221102
0.314822
-0.450079
-0.460887
0.194325
0.671803
0.818578
0.767252
0.402474
0.227927
-0.127820
0.109976
-0.023487
0.726360
0.598561
-0.253199
-0.767158
-1.110937
-1.111164
-1.039688
-1.168309
-1.116635
-1.095846
-0.382964
0.611158
1.385569
1.824433
1.477743
1.548257
1.171297
0.892726
-0.126482
-0.355400
-0.633895
-1.136604
-0.309416
0.579639
0.702702
1.100535
1.375474
1.457769
1.969020
1.100970
0.280514
-0.323762
-0.217329
-0.039690
0.043720
-0.506903
-0.756164
-0.991901
-0.823827
-0.741012
-0.289894
0.612069
0.786668
0.226225
0.289106
0.350243
-0.274546
-0.190436
-0.189320
-0.000454
-0.339095
-0.216328
-0.479827
-0.370636
-0.462940
-0.445283
-0.797211
-0.713760
-0.844517
-1.204710
-0.930518
0.123737
1.045050
1.481500
0.919587
-0.339822
-0.837452
-1.244295
-0.192538
0.901301
0.636392
0.202927
0.346788
-0.192744
-1.227312
-1.618089
-1.081710
-0.574564
-0.920947
-1.081576
-1.908352
-2.100861
-1.839637
-1.395020
-1.360504
-1.205106
-0.584915
0.150162
0.267425
0.120823
0.663760
0.870477
0.773638
0.319457
-0.205274
-0.867241
-0.384541
0.034743
-0.034809
-0.759249
-0.577045
-0.134863
0.015073
-0.243864
-0.083491
0.215958
-0.095194
-0.488183
-0.947951
-1.457733
-1.734575
-1.172558
-0.196983
0.712362
0.680632
0.692639
0.360736
0.302392
-0.069889
-0.117584
0.883698
0.467690
0.044622
-0.341758
-0.333523
-0.426004
-0.432546
-0.702956
-0.533053
-0.272569
0.561158
1.186834
1.331521
1.182470
1.035522
1.352329
1.204890
0.889496
0.188778
0.359160
1.162625
1.740096
1.107448
0.325936
-0.518303
-0.257412
-0.284978
-0.258649
0.020244
0.372446
0.255595
-0.132343
-0.683743
-0.486380
0.285608
0.479386
0.808666
0.422989
-0.030341
-0.154174
0.416354
0.051176
-0.372588
-0.477474
-0.056881
0.552802
0.396314
-0.194327
-0.128897
0.698612
