0.212037
0.273022
0.138954
0.480535
0.346566
0.066162
1.057028
0.967217
0.660591
0.643592
1.474593
1.158412
1.248270
1.585321
0.781842
0.892829
1.199378
1.274847
1.387155
0.800833
0.153813
0.520607
1.146355
0.985243
0.799108
1.170698
0.770638
0.828020
1.241200
1.354314
1.005470
1.515046
1.385683
0.927867
0.520829
-0.033505
-0.529369
-0.176620
-0.073090
-0.808853
-0.539495
-0.155092
0.431220
0.338366
0.498381
0.583072
1.072330
1.408961
0.671382
0.792641
0.692603
0.006428
-0.322524
-0.220560
-0.371951
-1.133053
-0.534926
-0.480133
-0.978093
-0.381880
-0.179211
-0.313775
0.050561
0.425701
0.543116
0.241384
0.309581
0.272439
0.626000
0.632574
0.565818
-0.271388
-0.902207
-0.253651
0.321017
0.144399
-0.414635
-0.052810
0.837491
0.418619
0.639315
0.688619
0.712705
0.216490
-1.018102
-0.656777
-0.828661
-1.057763
-0.492451
-0.549036
-0.564021
-0.229975
-0.502613
-0.015655
0.076821
0.183666
-0.792469
-1.063975
-0.661738
-0.077975
0.334275
0.076177
0.077371
-0.251230
-0.429686
-0.777187
-1.241882
-1.409809
-1.595088
-1.851913
-1.798438
-1.967388
-1.430443
-1.513427
-1.055038
-1.312097
-1.085960
-0.367507
-0.620445
0.082435
0.717931
1.402656
1.161272
0.753639
0.938551
1.112162
1.681624
1.148057
0.060233
0.271050
0.700695
0.839322
1.402677
1.720773
1.976702
1.797060
1.162625
1.295263
1.510799
1.128158
1.245374
0.846189
0.286208
-0.156474
-0.841590
-0.209589
-0.520947
-0.445308
-0.405235
-0.624198
-0.411520
-0.009483
-0.189756
-0.048865
-0.020106
-0.382021
-0.996432
-0.262301
-0.054705
0.382024
0.435030
0.499280
0.002138
-0.785786
-0.957398
-0.807253
-0.467882
-0.678305
-0.680805
-0.561633
0.119564
-0.010723
-0.073118
0.088386
-0.352870
-0.834207
-0.703319
-0.804499
-0.907145
-1.193167
-1.858050
-2.071861
-2.075628
-2.021734
-1.513441
-1.318879
-2.263632
-1.552877
-0.736803
-0.491741
-0.737674
-0.465070
0.507803
0.678789
0.577102
0.509416
0.963705
1.333397
0.823639
0.457895
1.086915
0.583049
0.041867
0.176697
0.701422
0.367827
0.410071
-0.085045
-0.520519
-0.246432
-0.421820
-0.099978
-0.235827
-0.166374
-0.446977
-0.497365
-0.372775
-0.517643
-0.082333
0.487555
0.049416
0.187806
-0.067018
-0.217871
0.167149
0.070034
-0.289736
0.114536
0.407857
-0.148354
-0.193699
-0.295061
0.290890
0.723294
0.820810
0.871873
1.227350
1.256002
1.522984
1.577948
1.321339
0.807786
-0.214224
-0.642564
-1.199062
-1.515902
-1.031386
-1.208471
-2.043259
-1.351040
-1.051894
-1.032975
-0.574922
0.590578
0.599022
0.386721
0.715429
0.761824
0.950659
1.044246
1.073190
1.153792
0.961070
0.738322
1.293143
1.121449
1.370582
1.429765
1.790985
1.800665
2.269059
2.302971
2.014843
1.390128
1.416136
1.320295
0.618184
-0.294623
-0.479882
-0.358084
-0.367386
-0.224607
-0.474181
-0.774612
-1.078428
-0.822437
-1.170380
-1.347246
-0.873460
-0.613116
-0.041907
-0.938168
-1.217345
-1.053288
-0.797615
-0.389742
-0.498139
0.039614
0.364148
0.111088
0.273468
0.686395
0.675521
0.783660
1.103732
0.617819
-0.128082
0.097314
0.293068
0.607515
0.826506
0.440821
-0.543542
-0.834639
-1.601039
-1.934288
-1.884390
-1.584738
-1.601242
-1.956306
-2.294615
-2.610937
-1.369219
-0.148390
0.490868
0.934406
0.732482
1.311203
0.929114
0.631856
1.060483
0.784750
0.845931
0.206519
-1.031728
-1.925325
-1.946559
-1.731419
-1.253007
-0.497473
-0.354405
-0.351187
-0.362461
0.547736
1.359559
1.103845
1.177620
1.511018
0.584698
0.538964
0.601050
0.349276
-0.230360
-0.678469
-0.826535
-0.734611
-0.575441
-1.164351
-1.156808
-0.609626
-0.308783
0.154696
1.280256
1.408793
1.654421
1.795111
1.754214
1.453454
0.966169
0.594788
0.157049
0.430277
0.586046
0.631531
0.264267
0.340132
0.674107
0.754652
0.919118
1.124282
1.519884
1.301766
0.759462
0.132238
0.161398
0.495598
-0.072301
-0.993931
-1.123349
-0.821428
-0.736233
-0.177258
0.488098
0.700422
0.504086
0.648199
0.428241
0.039715
-0.129879
-0.331717
0.235449
0.113804
-0.231595
-1.030825
-1.897469
-1.456177
-1.418824
-1.441628
-1.090475
-0.698769
-1.006631
-1.402486
-1.138719
-0.419683
-0.448225
-0.159964
-0.185890
-0.412239
-0.735750
-1.214903
-1.201641
-0.345754
0.653297
1.510003
1.294014
0.804937
1.011939
1.086669
0.763435
0.199671
0.310527
-0.421657
-0.969575
-0.587720
-0.564905
-0.856193
-0.953742
-1.184063
-1.103414
-0.939290
-0.913803
-0.852046
-0.189766
-0.042183
-0.443743
-0.461939
-0.442696
0.132937
0.512747
0.846117
1.225196
0.130253
0.044031
0.719832
1.142238
1.444963
1.943161
1.339709
0.775036
0.208628
0.310623
0.254738
0.308897
0.504072
0.338382
0.026605
0.328149
0.700569
0.199547
0.364871
0.909246
1.413596
1.454438
0.861877
0.319180
-0.164828
-0.445049
-0.572719
-1.502914
-0.864441
-0.145489
0.084495
-0.066375
-0.435598
-0.038627
-0.418095
-0.907155
-0.974575
-1.192474
-1.236808
-0.603608
-0.735492
-0.583844
-0.215742
0.129098
0.215945
0.386878
0.926804
0.423930
-0.144139
-0.398249
-0.657149
-1.053345
-1.256661
-0.592912
0.287340
-0.193253
-0.364686
-0.073971
0.532308
0.410195
0.534278
1.136778
1.337012
0.315537
0.403657
0.951700
1.030884
0.977158
0.296381
-0.103185
-1.086423
-1.641634
-1.619131
-1.025431
-0.676020
-0.685304
-0.774972
-0.245972
-0.326881
-0.303885
0.003042
0.020569
0.474573
-0.011230
0.353018
0.439616
0.791032
1.622653
1.930760
1.207889
0.881352
1.147776
1.208343
1.135241
1.345067
1.178097
0.610442
0.098940
-0.446724
-1.128034
-1.021012
-0.951468
-0.955679
-1.229916
-0.989784
-0.082413
-0.217834
0.501068
1.163992
0.760074
0.601758
0.445320
0.911359
1.588620
1.380184
1.052103
0.254428
-0.308552
-0.240171
-0.891456
-0.381224
0.078384
-0.121653
-0.211855
-0.351533
-0.526724
-0.113141
-0.049156
-0.264077
-0.376298
-0.373701
0.093460
0.194018
0.623264
0.701198
0.433367
-0.222404
-0.840123
-1.228467
-1.504994
-1.395853
-1.007518
-0.965201
-1.319135
-1.815671
-1.771115
-0.853445
-0.416215
-0.578610
-1.158373
-0.876350
-0.988466
-1.490484
-1.231133
-0.907233
-1.271862
-0.782075
0.023138
0.111387
0.748433
1.121881
0.970316
0.519958
1.196658
0.908787
0.635633
0.187961
-0.166120
-0.037772
-0.326981
0.194016
0.879415
1.170457
0.711265
0.851060
0.905121
0.127996
-0.005686
-0.237017
-0.911109
-0.707122
-1.233250
-1.393501
-1.814098
-1.438479
-1.100532
-0.818138
-0.027245
0.295324
-0.183922
0.160712
1.329118
1.508929
1.856255
2.077283
2.007370
1.887097
1.427023
0.926743
0.440224
0.316434
0.602084
0.298384
-0.291495
-0.196389
-0.339647
-0.130965
-0.122257
-0.363993
-0.652335
-0.949122
-0.670526
0.140889
-0.254530
-0.339037
-0.266091
-0.405891
-0.164676
0.018000
-0.196324
-0.535199
-0.149422
0.074119
0.625767
0.717862
0.360042
0.455910
0.847396
1.265180
2.021676
1.834496
1.533738
0.984171
0.942574
0.676739
0.267691
-0.828014
-1.817680
-1.234889
-1.624196
-0.538165
-0.139828
-0.338025
-0.187747
-0.224136
-0.543813
-0.265107
-0.169569
0.053355
-0.390615
-0.653952
-1.131154
-0.692175
-0.878162
-0.575787
-0.180381
-0.114203
0.331950
0.215322
-0.184105
-0.142961
0.409145
0.371776
0.031607
-0.061527
-0.556052
-0.938291
-1.040571
-1.210884
-0.651638
0.136848
0.450015
0.723895
0.886463
0.981833
1.285309
1.131112
0.576281
1.003825
1.024718
1.035159
0.166038
-0.390091
-0.026152
0.446088
0.509142
1.219313
0.860408
0.333655
0.841049
0.795784
0.629872
1.002590
1.451286
0.706373
-0.498458
-0.686419
-0.323108
-0.457416
-0.617887
-0.755261
-1.440782
-1.521848
-1.355561
-1.626465
-1.769396
-0.876455
-0.676982
-0.521493
-0.313144
0.148557
0.927457
1.523444
1.523376
1.696114
1.362847
0.622126
-0.034670
-0.207603
-0.061977
-0.656258
-0.617839
-0.564176
-0.880095
-1.241577
-1.243632
-0.950193
-0.204292
0.496598
0.185720
-0.678417
-0.447238
0.091519
0.610431
0.771372
0.536291
-0.016753
-0.600208
-0.112569
-0.065093
-0.524693
-0.324623
-0.767223
-0.881417
-0.508520
-0.199066
0.170030
0.228781
0.650461
0.751002
0.447628
1.215232
1.735642
1.496449
1.617335
1.335814
0.869788
0.863552
0.528092
0.612055
0.423221
-0.342611
-0.994616
-1.523590
-2.109631
-1.925973
-1.478901
-1.174251
-1.198167
-1.738220
-2.178066
-1.689953
-1.342693
-1.254594
-0.766717
0.161940
0.174325
-0.512247
-0.924598
-1.179951
-1.058731
-1.322785
-1.483458
-1.250309
-1.322232
-1.115604
-1.005618
-0.705623
-0.692944
-0.845804
-0.155824
0.740975
1.186200
1.540799
2.671272
2.694829
2.497964
2.473387
2.359545
2.423908
2.445467
2.107104
1.099761
0.765400
1.031259
0.852471
-0.015154
-0.157615
-0.127396
-0.416922
-1.075196
-1.594277
-2.446562
-2.791001
-2.000935
-1.588228
-1.644366
-2.184303
-1.710671
-0.699745
-0.740020
-0.311231
0.246923
0.739728
-0.043551
-0.256347
0.696690
0.659052
0.596950
0.293537
0.186935
0.388058
1.030551
1.116829
1.056128
0.731931
0.014439
-0.226749
-0.225548
-0.420560
-0.043721
0.278425
0.075672
0.438264
0.593198
-0.068718
-1.232057
-0.690217
-0.649073
-0.210772
0.242200
0.846614
0.784573
1.217994
1.580318
2.043362
1.770991
1.359803
1.788493
1.561700
1.141389
0.860529
0.741126
0.244934
-0.486705
-0.838169
-0.896460
-1.002252
-0.974674
-0.056134
-0.060757
-0.091626
0.120430
0.217734
1.127516
1.123604
0.687862
-0.033120
-0.186891
0.335321
0.351338
0.594550
0.411104
0.362719
-0.021790
0.255119
0.631035
-0.148219
0.542603
0.823967
0.223275
-0.059423
-0.260866
-0.721437
-1.081000
-1.424176
-1.192972
-1.719910
-1.823694
-1.585703
-1.299130
-0.998371
-0.410514
0.535115
0.764935
1.425447
1.766642
1.765196
1.344883
1.539352
1.786472
1.964281
1.950541
2.068174
0.980786
0.209523
-0.227791
-0.385143
-0.571973
-0.355720
-0.810389
-1.338938
-0.786894
-0.181550
-0.257061
0.058163
0.390553
0.506660
0.395485
0.090150
0.411171
0.737887
0.347355
0.664403
0.937557
0.430559
-0.155711
-0.149801
-0.054932
0.104508
0.358810
-0.127439
0.215165
0.986087
0.778890
0.092954
-0.287278
-0.347326
-1.202697
-1.911524
-2.304157
-2.873398
-3.320401
-3.595278
-4.482013
-4.283219
-3.657907
-3.742244
-2.775637
-2.387156
-1.935055
-1.101909
-0.259680
-0.194544
0.553879
-0.018915
0.679323
1.737568
1.581433
0.860445
0.248024
-0.281620
-0.710289
