0.640995
0.699512
0.480837
0.251495
0.309845
0.316467
0.519224
0.529974
0.426096
0.596744
1.294304
1.636999
1.440472
1.393556
2.111080
2.679622
2.231294
2.210583
1.853109
1.668966
1.056844
0.575295
0.153417
0.092367
0.468560
0.171930
0.442586
0.871044
0.894293
0.630429
0.483121
0.510688
0.851288
0.409804
0.020752
0.139274
-0.334589
-0.555185
-0.177750
0.048122
-0.345961
-0.444627
-0.348056
-0.157053
-0.003180
-0.293898
-0.385542
-0.156748
-0.392716
-0.647952
-0.468225
-0.197328
-0.513494
-0.325150
0.363493
0.657445
0.947381
0.167465
1.081659
1.740501
1.564922
1.805759
1.687269
1.676341
1.326319
0.856333
0.739438
0.797254
0.761451
0.396941
0.056940
0.093157
0.139414
0.201026
0.283907
0.670004
0.694799
0.390774
0.590541
0.749548
0.683819
0.361460
0.105496
0.278962
0.029919
-0.366545
-0.250216
-1.117011
-1.505738
-1.466263
-1.571536
-1.807103
-2.157589
-2.342510
-1.791523
-1.413592
-1.419323
-0.940657
-0.373022
0.271407
0.844902
0.691318
1.252541
0.937603
0.210650
-0.025667
-0.653148
-1.274619
-1.632698
-1.871815
-2.092814
-1.879007
-1.550349
-1.537634
-1.751330
-1.807480
-1.962744
-1.280408
-0.689494
-0.673064
0.116718
0.579643
0.996574
1.067854
0.962045
1.127857
1.576552
1.438700
1.331056
1.255092
1.200064
1.519545
1.317496
1.066927
1.402429
1.231851
1.092415
0.659509
0.404817
0.599891
0.429209
0.603234
0.904967
0.945885
0.754131
0.241759
0.225427
0.111069
-0.129790
-0.057941
0.236799
0.338802
0.169380
-0.063747
-0.687825
-0.753719
-0.683845
-0.816557
-0.894622
-1.034062
-1.353877
-0.922464
-0.933006
-1.128007
-1.201726
-0.786534
-0.469497
0.071411
0.533582
0.458531
1.106588
1.537377
0.643175
0.426780
0.565505
0.477902
-0.140806
-0.513232
-0.796955
-1.347728
-1.514977
-1.347963
-1.167537
-1.113097
-1.090171
-1.462022
-1.804263
-1.309652
-0.717280
-1.230814
-0.724389
-0.277437
-0.186386
-0.395565
-0.396044
0.375281
0.525761
0.133564
0.482738
0.691058
0.358056
0.621680
0.758053
0.700518
0.737112
0.417449
0.453780
0.724813
0.682273
0.389173
0.316379
-0.026310
0.405477
-0.176567
-0.258552
-0.212341
-0.462675
-0.784468
-1.018164
-0.846853
-0.985703
-0.574427
-0.449831
-0.313630
-0.037400
0.145979
0.174114
-0.089802
-0.087810
0.124569
-0.010282
0.451354
0.450267
0.211121
0.396157
0.166595
0.137946
0.166816
0.699506
0.752387
0.599276
0.106866
-0.127964
-0.166409
-0.140133
-0.165231
-0.537347
-1.076278
-0.851923
-1.302975
-1.758250
-1.369626
-1.301316
-0.841607
-0.463730
0.261153
0.390426
0.712036
1.170894
1.163797
1.190210
1.456706
1.087024
1.519676
1.492750
1.420750
1.101389
0.882174
0.763387
0.872620
1.041835
0.885318
0.611294
0.387336
-0.147322
-0.240517
-0.257163
-0.384352
-0.102018
-0.726628
-0.829215
-0.881032
-1.117719
-1.119256
-0.945338
-0.797290
-0.854478
-0.473955
-0.115708
-0.052813
-0.161773
0.097373
-0.077918
-0.569724
-0.691665
-0.396596
-0.315022
-0.082964
0.782914
1.284396
1.810330
1.928894
1.547013
1.368661
0.748262
0.103367
-0.327096
-0.947619
-0.852890
-0.369996
-0.350712
-0.437271
0.296091
0.943864
1.137157
0.629371
0.857842
0.865824
0.571493
0.142237
-0.174721
-0.196644
0.152860
-0.071153
-0.294388
-0.238861
-0.612796
-0.155382
0.129501
-0.152253
-0.026019
-0.012254
-0.504698
-1.205274
-1.272848
-1.384638
-1.219706
-1.109354
-1.028200
-0.954805
-0.909858
-0.905029
-0.448443
0.044344
0.349447
0.478662
0.550096
0.315756
-0.655036
-0.604414
-0.082186
-0.138641
-0.508556
-0.658579
-0.526033
-0.254267
-0.010981
-0.203807
-0.477256
0.415836
1.169129
2.076981
2.317647
1.975410
2.023488
1.418564
1.103854
1.099301
0.449514
0.002176
-0.227403
-0.338091
-0.469682
-1.077057
-0.589705
-0.243787
-0.021163
0.427483
0.675801
0.780214
0.693910
0.577259
0.520402
0.478086
0.410039
0.258550
0.457219
1.154206
0.837199
1.309096
2.415173
2.300972
2.106013
2.032386
1.481552
0.697631
0.119947
-0.247969
-0.318023
-0.419398
-0.806306
-0.830158
-0.700030
-0.632447
-0.161222
-0.298179
0.013088
0.268530
0.506468
0.228796
0.124682
0.119697
-0.092103
-0.702689
-1.005679
-1.194319
-1.400130
-2.167808
-2.010701
-1.633509
-1.712097
-1.453745
-0.872509
-0.705423
-0.356520
-0.262881
0.306963
0.097027
0.157053
0.080852
-0.370073
-0.045218
-0.662962
-1.320559
-1.391006
-1.298170
-1.298321
-1.330138
-1.345954
-1.282905
-0.611166
-0.369721
-0.205836
0.124790
0.021432
0.372277
0.388648
0.288438
0.374835
0.602270
0.037606
-0.073162
0.309891
0.306108
0.148699
0.250625
0.451579
0.433503
0.262661
0.278709
0.188362
0.223985
0.457381
0.456851
0.114499
0.373792
0.568477
0.367365
0.630991
1.062322
1.488215
1.502864
1.075117
1.070027
1.390784
1.208618
0.569590
-0.013828
-0.431679
-0.098201
-0.153243
-0.492504
-0.451923
-0.430019
-0.792850
-0.783324
-0.969342
-0.665897
-1.062060
-1.288891
-1.239999
-0.994762
-0.571874
-0.683254
-0.722799
-0.177111
0.542734
0.499840
0.759982
1.049541
0.712978
0.648843
0.734490
0.541578
0.430807
0.246711
-0.302970
-0.182597
-0.365299
-0.619667
-0.362492
0.033458
0.235533
0.425632
0.570087
0.932841
0.988846
0.967950
0.264237
-0.294121
-0.581400
-0.870816
-1.123767
-1.194499
-1.091931
-0.668872
0.063884
0.169444
-0.063259
0.137230
-0.118866
-0.106720
0.185872
0.060938
-0.122898
-0.978483
-0.894868
-0.745949
-0.139852
0.150418
0.849366
1.929061
2.181705
2.330937
2.170699
1.997358
2.113844
2.041149
1.277405
0.944100
0.666672
0.486312
0.456461
-0.472077
-0.358658
-0.037052
-0.191043
0.328672
0.642524
0.623870
0.517399
0.184699
0.132502
-0.257984
-0.168348
-0.272367
-0.493897
-0.513287
-0.773631
-1.171771
-1.329725
-1.402426
-1.608680
-1.422416
-1.506811
-1.452958
-1.621130
-1.041005
-0.796474
-1.559697
-0.644644
0.283274
0.167215
0.724953
0.946479
0.741389
0.206033
-0.048173
-0.175291
-0.360879
-0.343385
-0.238538
-0.516607
-0.478360
-0.629676
-0.640533
-0.600247
-0.840974
-0.333138
0.076236
-0.101691
-0.575781
-1.054265
-1.254275
-1.284367
-1.068596
-1.044156
-0.944970
-0.827402
-0.370601
-0.135022
0.492979
0.903633
1.123112
0.932557
0.844607
1.050176
0.997930
0.659841
0.596184
0.788397
0.635616
0.731140
1.195521
1.223461
0.888336
0.935840
1.029726
0.806931
0.401664
-0.059286
-0.332002
-0.180470
-0.890195
-1.106245
-1.398174
-0.983280
-0.527070
-0.238132
0.349846
1.101281
1.248220
1.250665
1.050768
0.548134
0.850747
0.695369
0.303952
0.607131
0.502544
0.409150
0.285864
0.462831
0.544835
0.355577
-0.299619
-0.066930
0.132913
-0.417194
-0.835869
-0.925235
-1.112686
-1.125472
-1.095875
-0.916464
-0.534485
-0.277945
-0.317118
-0.177655
-0.006859
0.064888
0.581792
0.487111
0.699211
0.671019
0.575805
0.327958
0.423970
0.517762
0.448835
-0.036195
0.344439
0.526633
0.373673
0.239620
-0.106183
-0.404219
-0.615846
-1.374931
-1.373671
-1.185838
-0.987869
-0.981368
-0.987289
-0.937324
-0.969008
-0.624268
-0.544073
-0.548524
-0.333417
-0.199914
-0.453192
-0.537794
-0.119471
-0.015570
-0.287342
0.085331
0.055843
0.111115
-0.092877
-0.102200
-0.061535
0.000930
-0.407807
0.567035
0.941778
0.746094
0.471559
-0.088691
-0.156692
-0.087474
-0.170599
0.223556
0.668126
0.911934
1.191443
1.386147
1.237771
1.544360
1.489140
1.140843
1.427637
1.065668
0.349055
0.323949
0.218950
0.559940
0.586839
0.246841
0.674692
0.696607
0.838779
0.584676
0.380276
-0.398232
-0.919753
-0.489408
-0.763490
-1.067897
-1.570906
-2.277277
-2.962677
-2.501733
-2.115571
-1.585099
-1.101370
-0.494064
-0.198865
-0.660763
-0.326254
0.713942
0.972378
0.787290
0.800122
0.337335
-0.056944
-0.472825
-0.161446
0.047952
-0.489744
-0.352161
-0.266863
-0.229668
-0.178076
-0.573934
-0.272292
0.002663
-0.182814
-0.122177
-0.198761
-0.588063
-0.481687
-0.631321
-0.676169
-0.469090
-0.127692
-0.348868
0.236341
0.519475
0.053806
0.376484
0.492516
0.681537
0.078482
0.343135
1.067987
0.986886
0.874627
1.398285
1.431324
1.433406
0.958281
0.482877
0.612767
0.203713
-0.513762
-0.779736
-1.036039
-1.223265
-0.985406
-1.003466
-1.276613
-1.078249
-0.497220
-0.354745
-0.082947
0.735524
1.156077
1.166095
1.235493
1.369307
1.045840
0.677961
0.081443
-0.760865
-1.405744
-0.891973
-1.156296
-2.085470
-1.830044
-1.797013
-2.515180
-3.041513
-3.284485
-3.709123
-2.849778
-2.559008
-2.268368
-1.886646
-1.503041
-0.631754
-0.352412
-0.148315
0.833360
1.260386
1.504875
1.998806
1.906615
1.977197
1.964301
1.652665
1.021755
-0.047478
-0.732172
-1.422311
-1.355120
-1.248037
-1.241531
-1.469904
-1.810236
-2.459942
-2.439601
-2.189409
-2.260304
-2.316029
-1.563312
-0.796382
-0.665339
-0.719971
-0.549426
0.044842
0.844692
1.255199
1.047380
0.776896
0.773852
0.571009
0.001087
0.151340
0.279339
0.549302
0.353834
0.453571
0.231603
0.405108
0.532696
0.964246
0.926003
1.158192
1.621146
1.710300
1.882323
1.262955
1.071399
1.231743
0.728672
1.211018
1.122272
0.059243
0.007856
-0.037183
0.027219
-0.040435
-0.007057
0.679413
1.486278
2.391806
2.318461
2.392801
2.617449
2.124443
2.095315
1.176021
0.597785
0.309429
0.080036
-0.532531
-0.498293
0.138720
0.163855
0.388535
0.943409
1.932626
2.226754
1.759474
1.513988
1.329003
1.010176
0.603275
0.184667
-0.333239
-0.504757
-1.482810
-1.743632
-1.600788
-1.415574
-1.337124
-1.165135
-0.515811
0.418358
0.774366
1.121543
1.215295
1.483201
1.782361
1.808074
1.666922
1.143961
0.551371
-0.008451
-0.519734
-0.891314
-1.345866
-0.872649
-0.521457
-0.114003
0.053592
0.379562
-0.364217
-0.208316
-0.206858
-1.173095
-1.187281
-1.111022
-1.185709
-1.385835
-1.661579
-1.523605
-0.843299
-0.283739
-0.171431
-0.048030
0.372677
0.615508
0.263745
0.103107
0.499218
0.905262
1.292771
1.371760
1.637136
1.385684
1.602345
1.326287
0.703038
0.498353
0.200693
0.479376
0.950391
0.763100
0.914630
0.415216
0.136244
0.090994
0.267283
0.067941
0.526698
0.534568
0.290290
-0.433095
-1.289426
-2.030248
-2.201796
-2.352515
-3.076744
-2.900686
-2.896856
-2.853652
-2.563553
-2.942888
-2.386450
-1.492118
-1.256178
-1.008865
-0.759723
-0.415284
-0.306999
-0.378871
-0.296518
-0.721911
-1.131466
-1.347392
-1.387728
-1.239804
