0.085703
-0.134983
-0.096526
-0.065744
0.039983
-0.077893
0.063328
0.130002
0.052017
0.039508
0.076674
0.001689
0.000317
-0.103519
-0.182541
-0.106137
0.096753
0.408377
0.614454
0.413386
0.366007
0.215176
0.043621
0.131875
-0.054392
-0.261617
-0.335921
-0.560984
-0.545863
-0.796381
-0.703359
-0.825256
-1.107248
-1.017388
-0.897714
-0.678570
-0.618386
-0.512811
-0.312713
-0.086353
0.160304
0.353674
0.222513
0.028726
-0.126482
-0.069813
-0.067310
-0.037954
0.117077
0.067088
0.134387
0.069820
-0.017680
-0.143287
-0.110931
-0.162116
-0.085521
-0.118286
-0.316930
-0.306096
-0.368794
-0.521918
-0.537172
-0.745740
-0.669620
-0.614601
-0.899474
-1.186004
-1.208549
-0.943780
-0.664584
-0.375685
-0.077956
0.095430
0.220420
0.104997
0.317180
0.493298
0.371129
0.350237
0.234410
0.199804
-0.045040
-0.178174
0.169737
0.148670
0.162347
0.398334
0.515067
0.672484
0.791042
0.815711
1.022059
0.955802
1.150306
1.159632
0.965929
0.985679
0.604343
-0.043440
-0.675435
-0.717509
-0.393033
-0.024044
0.508538
1.056755
1.723112
2.325319
2.718918
3.062884
3.156981
3.040171
2.810074
2.494304
2.279935
1.973451
1.863267
1.499195
0.941897
0.372326
0.213149
-0.041311
-0.330466
-0.338050
-0.471581
-0.616615
-0.755414
-0.720878
-0.929021
-1.377165
-1.807065
-2.042083
-2.451984
-2.699339
-2.852801
-2.712790
-2.551932
-2.460668
-2.190126
-2.057586
-1.975032
-1.652258
-1.309149
-0.951515
-0.755095
-0.396092
-0.019205
-0.033057
-0.136412
-0.154757
-0.272252
-0.326213
-0.253895
-0.098413
0.118023
0.005265
0.044426
0.010974
-0.244333
-0.410049
-0.375937
-0.265986
0.119867
0.441415
0.655935
0.894342
0.867774
1.120288
0.987969
0.679069
0.484679
0.269246
0.225852
0.398160
0.361071
0.234272
0.322383
0.578222
0.835861
1.100285
1.435451
1.750049
2.010601
2.108706
2.055133
1.989662
1.746377
1.306163
1.135336
1.173363
1.141408
0.800587
0.278398
0.001936
-0.200706
-0.572338
-0.459194
-0.536113
-0.550731
-0.338616
-0.304394
-0.447445
-0.290375
-0.264904
-0.109500
-0.070487
0.027346
0.413658
0.512052
0.496919
0.704138
0.658076
0.693428
0.803153
0.941648
0.906402
0.856774
0.887875
0.851777
0.842953
0.809870
0.706233
0.604759
0.436852
0.105333
-0.283488
-0.589764
-0.711313
-0.907396
-1.084186
-1.181289
-1.119629
-1.050385
-1.216171
-1.411093
-1.311964
-1.339005
-1.321351
-1.468199
-1.039893
-0.622893
-0.376959
0.116574
0.483924
0.698757
0.683880
0.745682
0.821122
0.850424
0.853796
0.855696
0.738902
0.520492
0.324274
0.136025
-0.200554
-0.569400
-0.798133
-0.802219
-0.996934
-1.302813
-1.448637
-1.316564
-1.591183
-1.742849
-1.726190
-1.820730
-1.719026
-2.000474
-2.197344
-2.210860
-2.250327
-1.987316
-1.818815
-1.668639
-1.339135
-1.159954
-1.054029
-0.584720
-0.244416
-0.119186
-0.151718
0.071286
0.516171
0.966395
0.880261
0.847036
1.063652
1.120938
1.164637
1.224763
1.342884
1.614851
1.592071
1.365678
0.791269
0.131626
-0.093149
-0.461976
-0.892552
-1.109533
-1.162730
-0.908933
-0.768144
-0.491719
0.026705
0.307687
0.719403
0.849729
0.867737
0.888006
0.887798
0.945967
1.081107
0.963846
1.071279
1.305888
1.179400
1.102864
1.188782
1.217058
1.264955
1.247428
1.211939
1.049643
1.081668
0.745504
0.417003
0.227105
-0.039491
-0.074430
-0.061335
0.038033
0.390500
0.671622
0.728092
1.106500
1.448774
1.446669
1.231899
0.999902
0.543036
0.140695
-0.420388
-0.719953
-0.958240
-1.236514
-1.279398
-1.253715
-1.285760
-0.981362
-0.625450
-0.358182
-0.004281
0.228156
0.422256
0.661152
0.726190
0.733188
0.512934
0.386358
-0.283622
-0.838226
-1.143635
-1.435559
-1.606733
-1.768067
-1.842936
-1.778843
-1.570549
-1.148063
-1.160908
-0.989635
-0.828074
-0.553597
-0.366637
-0.465968
-0.608025
-0.887984
-1.144088
-1.402146
-1.677325
-1.710285
-1.672238
-1.453635
-1.223429
-0.948191
-0.583276
-0.139400
-0.196155
-0.337949
-0.292721
-0.441061
-0.497322
-0.506863
-0.352976
0.083203
0.342372
0.556365
0.684067
0.736725
0.851802
1.213107
1.793802
2.129883
2.099782
2.128005
2.245043
1.962369
1.572929
1.166629
0.638964
0.357453
0.508725
0.813007
1.070656
1.374832
1.478288
1.390712
1.397888
1.405030
1.130719
0.364130
-0.041196
-0.052778
-0.383568
-0.702765
-0.845979
-0.993896
-1.042375
-0.903556
-0.677619
-0.520337
-0.394961
-0.053842
0.208926
0.470046
0.443961
0.497922
0.673884
0.955338
1.000184
1.121348
0.824226
0.423263
0.284054
0.233720
-0.164976
-0.500971
-0.671701
-1.138866
-1.747420
-1.936709
-1.811956
-1.721463
-1.517437
-1.645147
-1.462251
-0.987938
-0.582939
-0.316684
-0.088744
0.082510
0.214341
0.362848
0.415760
0.226218
0.017692
-0.316519
-0.657397
-1.140780
-1.584240
-1.815770
-1.562960
-1.080375
-0.818105
-0.352773
0.146197
0.431488
0.595147
0.748255
0.838467
0.803957
0.880288
1.014021
0.955598
1.082914
1.172336
1.094173
0.997757
0.701612
0.483208
0.258857
0.111756
0.078487
0.073221
-0.007358
-0.167245
-0.239600
-0.223808
-0.327580
-0.171469
0.216741
0.601888
0.917153
0.986880
1.119915
1.064792
0.928446
0.874359
0.725043
0.482914
0.234965
-0.021592
-0.318993
-0.651891
-0.804315
-0.812950
-0.911942
-0.778798
-0.590626
-0.268588
0.340920
0.877754
1.144383
1.316741
1.247063
0.985403
0.746151
0.758337
0.511815
0.458409
0.799701
0.582328
0.451544
0.494930
0.355990
0.135108
-0.089499
-0.466656
-0.619618
-1.032047
-1.308876
-1.462612
-1.579573
-1.698021
-2.133424
-2.061530
-1.885173
-1.664834
-1.208347
-0.806183
-0.494798
-0.306481
-0.493939
-0.528408
-0.575547
-0.664843
-0.770179
-0.847274
-0.661128
-0.771684
-1.011574
-0.961437
-0.769463
-0.780653
-0.541956
-0.291499
-0.013852
0.357298
0.705521
0.723245
0.633665
0.755048
0.692655
0.401718
0.546678
0.497657
0.543106
0.856895
0.324341
-0.061960
0.059934
-0.065690
-0.167403
-0.179692
-0.031576
0.443224
0.815215
0.882297
0.890094
0.831792
0.894415
1.055755
1.340172
1.335570
1.041258
0.613030
0.386152
0.269989
0.465223
0.915468
1.427900
1.678926
1.786243
2.003748
1.954447
1.626089
1.447934
1.310110
0.823489
0.362999
-0.128174
-0.559468
-0.562883
-0.365006
-0.680506
-0.592268
-0.306904
-0.285842
-0.091698
0.061141
-0.000691
-0.002419
0.210451
0.243119
0.283683
0.481899
0.655968
0.630155
0.704418
0.582896
0.422821
0.510660
0.686418
0.480995
0.512179
0.439259
0.121683
-0.186066
-0.508288
-0.673303
-0.937536
-1.404867
-1.566096
-1.743164
-1.925130
-2.073194
-1.923387
-1.737434
-1.801531
-1.552626
-1.162384
-0.713058
-0.522815
-0.325602
-0.092739
0.242309
0.510409
0.807840
0.875726
0.869739
0.991177
0.883463
0.619187
0.499227
0.481657
0.125323
0.154067
0.345545
0.204469
0.234214
0.229752
0.315580
0.355810
0.414678
0.631245
0.560162
0.627700
0.323251
0.110980
-0.277596
-0.745298
-0.982883
-0.944007
-0.861695
-0.678080
-0.626584
-0.375155
-0.444335
-0.446063
-0.368819
-0.295647
-0.360438
-0.324459
-0.613284
-0.892285
-1.228004
-1.161068
-1.079472
-0.789011
-0.571576
-0.433388
-0.334459
-0.004786
0.005003
-0.116899
0.057787
-0.036216
-0.114605
-0.186627
-0.291149
-0.378378
-0.467217
-0.497978
-0.363525
-0.169934
0.033785
0.093881
0.108633
0.091575
0.423565
0.565621
0.360097
-0.048923
-0.118439
-0.108855
-0.210924
-0.190856
-0.166887
-0.156472
-0.016859
-0.014677
0.004507
0.249254
0.302668
-0.114430
-0.225671
-0.272985
-0.366325
-0.289954
-0.515742
-0.558545
-0.763104
-0.724739
-0.444017
-0.207403
-0.004959
0.043444
0.348653
0.889691
1.055617
1.183664
1.130386
1.045659
0.865167
0.964803
0.844417
0.784207
0.626844
0.173272
-0.239551
-0.501882
-0.887656
-1.150796
-1.294516
-1.512751
-1.156339
-0.159744
0.313206
0.477626
0.664822
1.016599
1.182763
1.429747
1.648506
1.453047
1.324280
1.302661
0.925743
0.586478
0.397069
0.093400
-0.066321
-0.492288
-0.582463
-0.482103
-0.393657
-0.266215
-0.067920
0.161244
0.117366
0.318784
0.343285
0.329969
0.321491
0.403269
0.258716
0.098994
-0.208519
-0.662577
-0.866117
-1.069919
-1.444694
-1.610162
-1.402091
-0.940517
-0.667920
-0.676900
-0.510404
-0.187316
0.012655
0.217601
0.307823
0.478925
0.352882
0.156960
0.201723
0.212173
0.262145
0.227870
0.256144
0.384700
0.354977
0.672335
0.864221
0.899676
0.905263
1.027807
1.210156
1.433008
1.642335
1.852650
1.872027
1.567833
1.259521
1.136045
0.883421
0.624635
0.110804
-0.313095
-0.430517
-0.676975
-1.161555
-1.703065
-1.796245
-2.114375
-2.249195
-2.136243
-2.411592
-2.693321
-2.873607
-2.574759
-2.464067
-2.362180
-2.248447
-1.975426
-1.314430
-0.822634
-0.282456
0.243691
0.718661
1.282730
1.887923
2.446713
2.716354
2.795518
2.889878
2.858494
2.395138
1.634756
1.017664
0.324089
-0.153685
-0.609689
-0.809411
-0.625762
-0.582148
-0.281217
0.067373
0.319136
0.640291
0.904867
1.073223
1.002247
0.765931
0.877612
1.119223
0.894591
0.637012
0.314088
-0.019197
-0.393489
-0.400792
-0.157917
0.142467
0.156885
0.292090
0.655969
0.877006
1.104219
1.338547
1.280256
1.108378
0.948050
0.737367
0.134270
-0.375691
-0.718828
-1.151180
-1.501450
-1.652987
-1.709656
-1.398087
-1.207495
-0.788125
-0.633493
-0.212208
0.244896
0.329899
0.228857
0.093208
0.010682
-0.237833
-0.757496
-0.932714
-1.136012
-1.432451
-1.461040
-1.179504
-1.096832
-1.085001
-0.854235
-0.723490
-0.563305
-0.227619
0.023234
-0.050452
0.081007
0.221623
0.154641
0.022361
0.167926
-0.027788
-0.070461
-0.177791
0.114013
0.530713
1.023066
1.210890
1.299878
1.225070
1.163752
0.833951
0.350932
-0.019909
-0.362753
-0.656898
-0.593505
-0.613480
-0.680908
-0.847885
-1.122490
-1.128100
-0.917456
-0.668098
-0.788632
-0.687690
-0.460638
-0.384249
-0.433996
-0.542652
-0.370329
-0.321327
-0.372306
-0.362132
-0.414603
-0.448738
-0.434132
-0.507886
-0.515875
-0.757504
-1.058599
-1.258999
-1.180543
-1.192576
-1.140864
-0.752237
-0.683840
-0.425287
-0.056537
0.047367
-0.081829
-0.374050
-0.312418
-0.188360
-0.124014
-0.116798
0.301467
0.642331
0.879495
1.263552
1.665636
2.152800
2.553606
2.677226
2.745265
2.899052
2.843529
2.513052
2.185760
1.641446
0.895482
0.348778
-0.327186
-0.872412
-1.261149
-1.712723
-2.049980
-2.026597
-1.529881
-1.022735
-0.529323
0.228661
