-0.624472
-0.867407
-1.653803
-2.110234
-1.335972
-0.066785
0.322371
0.681930
1.138234
0.363016
-0.175488
-0.812919
-1.136150
-0.820192
-0.507222
-0.564275
-0.374864
0.183461
0.767664
0.688336
0.277182
0.711763
1.257224
0.699399
0.071527
0.531635
0.443640
-0.182276
-0.025009
-0.135409
-0.220982
0.578053
0.775774
-0.144672
-0.654677
-0.127447
-0.062770
-0.919512
-1.753200
-1.630861
-1.374928
-0.930968
-1.592136
-1.106007
-0.510346
-0.440324
-0.699429
-0.591374
0.543647
0.695650
0.441909
0.065053
0.412697
0.773558
-0.081769
-0.560449
-1.364280
-2.031572
-1.674590
-0.995164
-0.366857
0.240282
0.476713
0.682521
0.851378
0.511361
0.244061
0.152503
-0.122345
-0.071941
0.176569
-0.037746
-0.580019
-1.617065
-1.497848
-1.331993
-2.095584
-1.858748
-1.249606
-0.511970
0.069960
0.422132
-0.610162
-1.034233
-0.501610
0.023114
-0.107206
0.001323
0.700504
1.377308
1.334475
1.040207
0.761799
1.190192
1.908028
2.086997
0.870679
-0.073085
0.340643
0.659891
0.963175
0.772190
-0.542263
-0.483244
0.609897
1.325923
1.299882
0.237735
-0.449596
-0.676741
-0.560381
0.334863
1.207668
1.399449
0.496570
-0.696798
-1.234006
-1.474178
-0.709066
-0.219904
-0.420785
-0.221678
-0.214208
-0.329807
0.331462
0.244809
-0.468635
-0.677661
-0.688756
-0.208472
0.039942
-0.198413
0.074648
-0.215201
-0.259821
0.864907
1.488640
1.568531
0.696046
0.328432
0.348331
0.858360
1.487610
1.730519
1.953864
1.273141
0.541243
0.354960
0.139712
-0.604847
-0.802416
-0.596757
-0.725186
-0.183176
0.244866
0.027562
-0.218644
-0.175202
0.024833
-0.063266
-0.333324
-0.265087
-0.059140
-0.337497
-0.265424
-0.431040
-1.038197
-1.889633
-2.317575
-1.691921
-0.445661
-0.048973
-0.530689
-0.940278
-0.737149
-0.893702
-0.460955
-0.240307
-0.388668
-0.919489
-0.655454
-0.054130
-0.134462
-0.271510
0.415967
0.784914
-0.012523
-1.414048
-1.846798
-1.496347
-1.723998
-1.725929
-2.270025
-1.875580
-1.173556
-1.462704
-2.194495
-1.705527
-1.240731
-0.315194
0.651889
1.101799
1.420369
1.280265
0.900178
0.052468
-0.107638
0.860559
1.993291
2.239336
1.736251
1.087643
0.590210
1.234529
1.383647
0.550698
-0.180541
-0.579605
-0.380769
-0.269076
0.049674
1.317378
1.961368
2.168924
2.204286
1.280178
0.482368
0.065745
-0.111364
0.306180
1.302480
1.648742
1.297785
0.933537
-0.007254
-0.440342
-0.700598
-0.506771
-0.531486
-1.425049
-1.526281
-0.738948
-0.730699
-1.641001
-2.247434
-2.475658
-1.641129
-0.997248
-0.520855
-0.340690
-0.233635
0.382519
0.764580
1.023907
0.083991
-0.236430
-0.574918
-0.195316
-0.080496
-0.835314
-0.619067
-0.884195
-1.426771
-0.479154
0.431849
0.543344
0.668401
0.762154
0.776267
0.514814
-0.274366
-0.826394
-0.595060
-0.318463
0.194105
0.919444
1.282640
0.742922
0.145964
0.051260
-0.757295
-0.760733
0.192708
0.716406
0.411900
-0.028245
0.368983
1.181423
1.182658
0.900955
0.582108
-0.064710
-0.557165
-0.403791
0.023598
0.579079
0.557739
0.351022
0.639129
0.737175
0.779280
-0.211598
-1.096765
-0.393918
0.420798
1.022651
0.823319
0.911511
0.996430
1.495532
1.767734
1.483009
1.336899
1.197303
0.660899
1.230426
0.972193
-0.118986
-1.115812
-0.821155
-0.200433
-0.202922
0.431563
0.734921
0.997631
1.649284
1.171319
0.687165
0.118152
-1.428082
-2.577447
-2.630088
-2.354497
-2.548161
-1.812824
-0.955086
-0.745494
-0.537965
-0.226391
-0.110691
-0.651044
-0.970084
-1.375647
-1.634568
-1.339503
-0.561229
0.074416
0.575416
-0.012109
-0.370847
-0.352829
-0.582660
-1.193978
-1.157431
-0.631025
-0.158882
-0.014156
0.582854
1.387055
1.627781
1.273188
0.997696
1.657401
1.857499
1.275580
0.655480
0.263058
-0.013580
-0.298243
-0.305297
-0.738092
-1.158766
-1.637805
-1.218640
-0.721949
-0.739006
-0.236775
-0.281925
-0.023655
0.131021
0.311112
0.040167
-0.639557
-0.285953
0.338291
0.519031
0.416272
0.106060
-0.285881
-0.383487
-0.882461
-0.617700
0.784437
1.475066
0.313966
-0.660901
-0.058897
0.362903
0.292691
-0.051156
0.318651
0.953418
1.198178
1.921816
2.391989
2.423184
3.137694
2.482350
1.702938
1.595403
2.356255
2.413023
1.836540
1.517398
2.006265
2.091559
1.832020
1.330166
0.442134
0.249423
0.587640
0.125447
-0.231173
-0.170313
-0.081132
-0.119174
0.389495
0.531500
0.571306
1.253544
1.609219
1.385712
1.072496
0.601636
0.236605
0.093908
0.503969
0.283940
0.165247
0.630549
0.311392
0.018233
0.305121
-0.096203
-0.785674
-0.828167
-1.608896
-1.667689
-1.604237
-2.130086
-2.271268
-2.746361
-2.679558
-2.698083
-3.483712
-3.743930
-3.662295
-3.279293
-2.070377
-1.433714
-1.175320
-0.153482
-0.225468
-0.789838
-0.530956
-0.371146
-1.379631
-1.877266
-1.213434
-0.619178
0.167346
-0.136679
-0.682012
-1.381067
-1.248118
-1.103525
-1.283391
-1.494068
-0.902492
-0.390210
-0.208966
-0.091840
-0.156211
-0.040521
0.746977
1.054755
0.848411
0.212524
-0.128842
-1.030132
-1.153849
-1.165160
-0.744318
0.082313
0.729069
1.196289
1.634347
1.673878
1.725649
2.132450
2.413343
2.103737
1.356621
0.939297
1.289863
1.540926
0.979235
0.983276
0.727324
0.772219
0.581053
0.136774
-0.284317
-0.176991
-0.113170
-0.063016
-0.016561
-0.033400
-0.576426
-0.940972
-0.709552
-0.495505
-0.589332
-1.146632
-1.057043
-1.428534
-1.748215
-1.023553
-0.245630
-0.512377
-1.042225
-0.783575
-0.798560
-0.962398
-0.312464
-0.081845
0.319927
-0.105048
-0.552235
-0.348965
0.116116
0.304888
0.160780
0.027172
0.720530
0.997872
1.240350
1.827531
1.583360
0.204891
-0.561798
0.169146
1.162830
1.557268
0.801335
0.322125
1.084971
1.375066
1.288879
1.651038
1.379345
1.555456
1.183067
0.609258
-0.073571
-0.124476
-0.461077
-0.983657
-0.862479
-0.203779
-0.400041
-0.964644
-0.488093
0.027446
0.438803
0.620686
0.468845
-0.004745
0.064459
-0.286008
-0.853509
-0.464803
-0.233711
0.507780
0.012876
-0.798722
-0.655024
-0.291464
0.130770
0.802024
0.408021
-0.279323
-0.383473
0.025853
0.191619
0.657357
1.102293
1.650941
2.091442
1.646537
1.489982
1.277874
1.003797
1.163208
0.147586
-0.734480
-0.993224
-0.664522
-0.119779
-0.455963
-0.859807
-1.035679
-0.051556
0.343094
0.527766
0.050761
-0.109058
0.726375
1.031075
0.756585
0.254951
0.169466
0.836993
1.013059
0.613584
0.870184
1.458714
1.679228
1.562524
1.358231
0.454738
-0.205625
-0.981148
-1.110386
-1.369956
-2.222084
-1.762249
-1.206477
-0.824778
-0.548446
-1.326862
-1.613530
-1.597315
-1.671338
-1.064983
-0.767249
-1.077305
-1.112520
-0.949814
-0.804774
-0.215047
0.038281
-0.447434
-0.807158
-0.599848
0.028116
0.054670
0.148817
-0.780056
-0.989869
-0.497971
-0.335941
0.049111
-0.376509
-0.362258
-0.355464
0.006671
0.575383
0.769318
0.310788
0.096970
0.633243
0.931501
0.535946
0.553363
0.347780
0.146785
0.418103
1.021111
0.432240
-0.761724
-1.095295
-0.899605
-0.751463
-0.414517
-0.343802
-0.690688
-0.448987
-0.162321
0.124388
0.280240
-0.192291
0.089442
0.384836
0.289941
0.359551
0.138124
-0.005199
0.778748
1.260776
1.479611
1.051610
0.949009
0.715097
0.268894
-0.087985
0.458670
0.913221
0.609646
-0.443501
-0.614784
-1.123933
-0.387370
0.731114
1.354670
1.258894
1.090260
-0.090561
-1.065267
-0.020840
0.665883
0.834108
0.693264
0.380746
0.309776
0.248859
0.037554
-0.012669
0.128120
-0.119208
-0.748644
-1.231167
-1.195246
-0.902844
0.035280
0.742122
1.048112
0.546898
0.314246
0.817983
1.302415
0.777176
0.054395
0.064658
0.224923
-0.401939
-0.341610
-0.184236
-0.165050
0.024599
0.335603
-0.021782
-1.254308
-1.111614
-0.262419
-0.627151
-1.118249
-1.307043
-0.960139
0.041181
-0.629988
-1.872719
-2.096515
-1.172654
0.300712
0.504071
0.543681
0.561879
1.032648
1.353100
0.753317
0.491704
0.363338
0.141479
0.003417
-0.327084
-0.578444
-0.416796
-0.569323
-0.866927
-0.998270
-0.864459
-0.285306
-0.385667
-0.564711
-0.187145
-0.026225
0.027956
-0.303307
-0.276214
0.066582
0.052446
-0.457976
-0.314775
0.630157
0.708918
0.695899
1.035900
0.685826
0.777501
1.748831
2.113327
1.739851
1.932317
2.139675
1.577700
1.764070
1.796682
0.789245
0.103606
0.212644
-0.042567
-0.772193
-0.815764
-1.198383
-0.872425
0.292241
0.932426
0.653761
-0.026833
0.087389
-0.203791
0.380202
0.073606
-0.797843
0.078871
0.820027
0.819313
0.593591
-0.482845
-1.765333
-2.274840
-2.048349
-2.217954
-2.645318
-3.002651
-2.872866
-1.968455
-0.937330
-0.498696
-0.739618
-1.122768
-0.694141
-0.759244
-0.608177
-0.632832
-0.105316
0.053324
0.478437
1.041971
0.764101
0.415695
0.861986
0.906317
1.542497
1.413999
0.202196
-0.497740
-0.129182
0.552986
0.516635
0.302385
-0.121215
0.007378
0.082819
0.334186
0.472832
1.073062
1.207695
0.958295
0.939339
1.173938
1.432179
1.635641
1.476336
1.178651
1.002761
0.602398
0.234866
0.432010
-0.213790
-0.804358
-0.867513
-0.296849
-0.014173
-0.560432
-0.264917
-0.002587
-0.318925
-0.058983
0.684677
0.424321
0.176265
0.201229
0.154790
0.340791
0.064874
-0.548833
0.166035
0.675151
0.326220
0.307236
-0.297545
-0.511287
-0.494720
-0.620045
-0.015467
0.302128
0.190559
0.360640
0.401397
0.244907
-0.360775
-0.616155
-0.502668
0.424425
0.318913
-0.120632
0.301075
0.221659
-0.097848
-0.234265
-0.122562
-0.227875
-0.467436
-0.828566
-0.950690
-0.422343
0.338879
0.415476
0.092066
-0.240216
-0.520259
-0.813206
-1.150299
-1.069888
-0.419840
-0.151707
-0.151803
0.124195
0.107899
0.202538
0.958929
0.552563
0.888912
0.730828
0.646697
0.468189
0.249918
-0.138348
-0.470689
-0.557061
-0.176019
0.051313
-0.697946
-1.541973
-1.818410
-1.540213
-0.675322
0.638212
1.094536
1.332388
0.554023
0.222652
1.124102
1.731915
1.152978
0.142243
-0.683723
-1.612129
-1.369825
-0.787607
-0.853484
-0.924799
-0.817762
-0.446491
0.383197
0.724856
0.185973
0.003326
-0.728239
-1.084488
-0.413059
-0.135424
-0.044933
-0.135235
-0.096472
0.432547
0.294032
0.291072
0.641806
0.808829
1.463097
2.083160
1.761341
1.423584
0.539501
-0.726940
-1.767877
-1.868030
-1.279218
-2.010073
-2.340339
-2.223993
-1.584523
-1.030242
-0.357973
0.225801
0.470050
0.726897
0.956011
1.236625
1.562117
1.883057
2.004276
1.994145
1.870397
1.432452
1.480823
1.204442
0.211312
0.023107
-0.412248
-0.474490
