0.861036
0.780349
1.526386
1.342218
1.787596
1.197169
0.498560
0.243053
0.107416
-0.036603
-0.852062
-0.550870
-0.287284
-0.179370
0.379811
0.272479
-0.395651
-0.209016
-0.084415
0.476833
0.055574
-0.836387
-0.927082
-0.938170
-1.458759
-1.443795
-2.147103
-2.811714
-2.273167
-1.489739
-1.023662
-0.590681
-0.479215
-0.465299
-0.551241
0.163639
0.775033
0.480426
-0.481613
0.135765
-0.266396
-0.787739
-0.378270
0.260292
-0.611947
-0.402615
0.743162
0.820681
0.613904
0.830813
0.744077
0.347404
0.178031
0.627374
0.205192
-0.664824
-0.028025
0.277918
-0.575757
-0.460738
-0.108644
0.576838
0.286300
0.634862
-0.374532
-1.255684
-0.725071
-0.754154
-1.027179
-0.841956
0.581487
0.152612
-0.191050
0.825475
1.216477
0.946725
0.446489
0.617512
0.177005
0.226173
-0.302340
-0.321075
0.472048
0.782579
-0.334950
-1.231737
-0.311767
-1.035854
-0.671383
0.097645
-0.659097
-1.041864
-0.852802
-0.146999
0.638656
0.029316
-0.873492
-1.188583
-1.088045
0.126848
0.721237
0.975339
1.571224
0.591644
-0.230111
-0.409521
1.052766
1.280024
0.741261
0.488801
0.662386
0.560766
0.027352
-0.068583
0.624227
0.111163
0.595820
-0.243887
-1.280339
-1.052197
0.017034
0.080903
0.005231
-0.408390
0.043923
-0.455045
-0.641965
0.444124
0.869384
1.843563
1.748347
1.407379
1.495722
0.414535
-0.375474
0.155486
-0.129753
-0.032276
-0.011946
0.324768
0.894257
0.434916
0.511085
1.109863
0.905927
0.478598
0.407869
0.348832
0.070117
0.070335
0.098089
0.653997
1.282135
0.362535
0.584384
-0.056452
-1.330565
-1.930418
-0.977957
0.248602
-0.094021
0.022545
-0.398464
-0.358465
-0.014882
-0.353395
-0.394485
-0.225239
0.251622
0.507673
-0.400752
-0.934126
-0.786212
0.214078
0.536064
0.448509
0.397003
-0.142854
-0.478354
-0.825159
-0.056871
-0.593593
-1.388334
-1.867585
-1.345215
-0.195934
0.432592
1.185703
0.958825
1.143482
1.154946
0.929672
0.469208
-0.117269
0.306310
1.047778
0.283741
-1.091289
-1.874838
-0.641205
0.672527
0.182806
0.175917
-0.029482
0.404000
1.163181
1.074484
0.646208
1.223936
1.624220
0.748127
-0.575999
-1.145196
-1.567809
-1.141282
-1.259906
-1.946126
-2.089857
-0.628473
-0.058991
0.885851
0.984206
1.779035
1.577515
0.488040
0.104601
-0.082586
-0.378602
-0.503318
-0.575237
-0.127376
0.039042
-0.507486
-0.791681
-0.542707
0.019502
0.352527
0.119219
0.645942
-0.162709
-0.332919
-0.682299
-1.340234
-1.652765
-1.417390
-0.905535
-1.524044
-1.346570
-0.346910
-0.150147
0.219080
-0.132378
0.234456
-0.360484
-0.553499
-0.066598
0.483665
1.690389
1.092335
-0.082585
0.076930
0.996167
1.133357
1.799604
1.590262
0.518926
-0.077533
-0.410974
0.108254
-0.775165
-1.141765
-0.993288
-0.277057
1.404181
1.633236
1.831676
1.485616
0.074178
0.043641
-0.430420
-0.809225
0.163423
0.281980
-0.031057
-0.292893
0.049602
-0.114776
0.581719
1.033157
0.801334
0.282790
0.245853
-0.148606
-0.169904
0.476401
1.302061
0.760561
-0.212113
-0.436324
0.949023
0.999341
0.009122
1.143543
2.450529
2.211570
1.468339
-0.012728
-0.405264
-0.178267
0.106464
0.401945
-0.513114
-1.404010
-1.763872
-1.273841
-0.836255
-0.897752
-0.183680
-0.112846
-0.215081
-0.799407
-0.582170
-0.314315
-0.766275
-0.371749
-1.205199
-1.553889
-1.894593
-1.334582
-0.521128
0.398280
1.086827
0.656737
0.431533
0.193636
0.271665
0.119139
0.287898
-1.041045
-1.551485
-1.727580
-1.274555
-0.832658
0.234126
0.001109
0.149716
0.207127
0.656276
0.449989
-0.419674
-0.298130
-1.046326
-1.246939
-0.837050
-0.288348
-0.835486
-1.039083
-0.885127
-0.140045
0.516236
1.349483
1.259470
0.702707
1.052677
0.957622
0.105859
0.482530
-0.266340
-0.876495
-0.642787
-0.663407
-0.093763
0.327594
0.019149
0.226274
0.619814
0.737268
0.912984
1.190359
0.770757
0.368522
0.200282
-0.488471
-0.390930
-1.439973
-1.210938
-1.817647
-1.959062
-0.300500
0.821561
0.621421
1.390786
1.866120
2.012939
2.567426
1.950585
1.017592
-0.150477
-0.456078
-0.103557
0.090962
0.511384
0.897778
1.190009
1.101321
1.193623
0.263345
0.670495
0.272294
-0.873393
-1.257226
-0.836520
-0.842047
-0.088317
-0.449454
-0.520166
-0.409878
0.366620
0.881141
0.743388
0.448507
-0.355097
-1.411457
-0.520477
-0.390809
-0.413639
0.730934
-0.038995
-0.284691
0.011188
-0.676178
-0.618847
-0.977375
-1.664548
-1.183225
0.214317
1.617011
2.211398
1.555167
-0.121040
0.314884
0.559261
-0.374181
-1.014648
-0.268520
-0.232185
0.237592
0.013783
-0.886835
-0.643856
-0.643897
-0.015106
0.783908
0.507630
-0.724587
-0.850793
-0.723929
-0.439043
-0.614025
-1.160254
-0.810840
-0.410025
0.215867
0.517818
0.095741
-0.361513
0.038615
-0.187994
0.043702
1.072731
0.606627
-0.380563
-0.312951
-0.147617
-0.401882
-0.361794
0.220034
0.737821
0.766911
0.491948
1.001839
0.461089
-0.420847
0.223765
1.166144
0.951634
1.196312
0.547872
-0.127018
-0.256104
0.184241
0.312667
0.258053
-0.229708
0.048945
0.701176
0.438138
-0.390971
-1.019456
-0.770804
-0.641982
-0.876694
0.114465
-0.670418
-1.060824
-1.224336
0.236852
1.304221
0.628782
-0.011957
-0.083268
-0.395799
0.938679
0.318545
-1.178883
-1.374242
-0.964410
-0.130592
0.693776
-0.186274
-1.406632
-1.120851
0.599653
1.070455
1.514798
0.783746
1.259259
1.546997
1.245725
0.705382
0.539509
0.139449
0.068423
-0.537254
-0.583079
-0.659412
-0.951086
-0.940387
-0.987045
-0.477125
-0.469245
-0.430904
-0.851202
-0.363973
0.966033
0.749994
0.795360
1.563744
1.407740
0.961553
0.376554
-0.242969
-0.990131
-1.342919
-1.107102
-1.115224
0.517757
1.136219
1.049043
0.746617
0.577785
0.662616
0.382864
0.185988
-0.694344
-1.565644
-0.612949
-0.725465
-0.678495
1.008887
1.992091
0.950360
0.389807
1.145685
1.883369
1.755066
0.693341
1.791179
1.315855
1.573021
1.682258
0.139356
-1.426786
-2.738132
-2.831014
-1.667094
-2.334096
-2.172926
-0.916860
-1.032025
-0.378129
1.025417
1.258462
1.248841
1.892157
0.940634
0.274394
-1.389495
-1.732558
-0.923175
-0.841548
-0.583884
-0.371330
-0.871196
-0.579471
-0.026342
-0.392596
-0.359351
0.232485
0.145396
-0.058321
0.118937
0.453300
1.019193
0.619460
0.383634
0.026597
0.014970
0.698268
-0.800352
-0.891025
-0.702265
-0.407907
-0.251746
-0.143882
0.594508
0.710697
-0.343037
-0.241199
1.045723
1.084994
1.546566
1.713208
1.628869
1.461726
1.142957
0.043692
0.513515
0.502684
-0.406334
-0.993837
-1.751964
-1.731257
-2.458196
-2.631136
-1.875790
-1.286367
-0.285451
-0.912825
-1.506858
-0.962766
-0.607687
0.610744
1.685868
1.459690
0.527285
0.829430
0.999332
1.662453
1.082752
-0.308888
-0.563154
0.373533
1.158081
0.736976
-0.981155
-0.559572
0.163237
-1.171035
-2.113937
-1.398679
-0.636036
0.441469
0.258575
-0.481198
0.275362
1.897377
2.260874
1.955801
2.493962
2.330476
1.508293
1.071431
0.460828
-0.039723
-0.478196
-0.803432
-1.403544
-1.165382
-0.948277
-0.604386
-0.928996
-0.655659
-0.311939
-0.375749
-0.666239
-0.280995
0.887206
0.678808
0.555032
0.902134
1.243844
0.289430
-0.877356
-0.908706
0.153077
0.113770
-0.192892
-0.240810
-0.248041
0.040077
1.118982
0.924912
0.523636
0.621359
0.271086
0.917661
0.357855
-0.264411
0.107626
0.839604
2.279201
0.990951
-0.941307
-0.644451
-1.042266
-0.281588
-0.827293
-1.542062
-1.320294
-0.509106
0.798671
1.689385
1.036498
1.191413
2.521734
3.019268
3.462315
4.103702
3.390980
2.008765
1.302254
0.519936
-1.097152
-2.465347
-3.736963
-4.029258
-2.749677
-2.555690
-1.599632
-0.005523
-0.830037
-1.057987
0.125041
-0.261446
-0.526132
1.123593
0.018681
0.083274
-0.108391
-0.780176
-0.344263
0.018897
-0.086696
0.402145
0.065014
-0.056275
-0.216690
0.426335
-0.811488
-2.316520
-1.605312
-1.723455
-1.628302
-1.221385
-1.421144
-0.600758
0.430637
-0.222230
-0.101332
0.373377
-0.213215
-0.851663
-0.443806
-0.097276
-0.144064
-0.225722
0.629602
0.820887
0.602686
0.949621
2.165320
2.018419
1.102568
0.716820
1.339626
1.570181
0.318192
-0.605418
-0.509743
-0.555578
-0.280240
-1.133159
-2.282952
-2.219498
-1.971845
-2.716413
-2.403182
-1.939233
-1.328846
-0.589285
0.409816
2.813105
2.076626
0.965668
1.309678
1.542911
2.267496
2.498366
2.191690
0.672225
-0.708618
-0.814267
-0.571818
-0.699383
-1.179661
-1.699103
-0.525796
-0.239338
-0.872772
-1.487659
-0.349384
0.673866
0.820459
0.229996
1.329950
0.408609
-0.545600
-0.367708
0.467259
0.252044
0.212169
0.594212
0.138180
0.282207
1.475243
0.035777
-0.223950
1.758192
1.653583
1.367995
1.143434
1.288759
0.860306
0.563703
-0.038343
-1.649289
-0.878617
-1.390599
-1.539504
-0.134000
-0.497394
-1.349475
-1.596032
-1.141648
0.073260
0.398177
0.918388
1.048207
0.401706
0.167695
0.599214
0.473643
0.866459
-0.295960
0.144408
0.966957
-0.136898
-0.041211
-0.002732
0.731521
1.116875
0.093709
-0.264043
-0.245437
1.452328
1.394191
-0.278754
-0.183813
1.260957
0.905762
0.073645
-0.022550
-0.360048
-0.825217
0.037294
-0.209144
-0.325891
-0.678081
-0.921613
-0.162989
0.525231
0.546365
0.400472
0.280681
1.097388
1.139379
-0.085755
-0.290053
-0.918820
-0.379266
0.839512
1.102883
0.536114
0.382721
0.574469
-0.793898
-1.075989
-0.762275
-1.907188
-2.014421
-1.204925
0.934945
0.710704
-0.145824
0.429699
-0.002743
-0.159773
0.074238
0.657322
1.153135
1.033070
1.213033
1.860158
0.381524
-0.798393
-0.946728
-1.410249
-1.522705
-1.797603
-1.218268
-0.516360
-0.234302
0.779621
0.260329
0.634237
-0.141708
-1.037792
-0.171980
0.063293
-0.252105
-0.601451
-0.444611
0.300591
-0.459022
-0.187169
0.160371
0.538294
0.956504
0.187483
-0.501153
0.100372
-0.841599
-1.021216
-0.738954
-0.769714
-1.161164
-0.875267
0.704194
1.493508
0.204128
-0.616351
0.564905
2.258778
3.028497
2.067396
0.635399
-1.172044
-1.750556
-1.713995
-0.421836
-0.576830
-1.074861
-0.388894
-0.391515
0.390408
0.613989
0.857494
-0.211486
-1.073394
-0.257960
-0.134454
-0.867571
-0.261715
0.650123
1.172377
0.400768
-0.560330
0.065746
0.800936
1.037305
-0.345650
-0.525472
0.006570
0.350781
0.386024
-0.069827
-0.079379
-0.358010
-0.563229
-0.439984
-0.534616
-1.072676
-2.467673
-2.349448
-1.769072
-1.512379
-0.967020
-0.128918
1.595455
0.549458
-0.720314
-0.774687
-0.064725
