-2.508996
-2.150098
0.625259
0.082352
-0.597164
-0.768790
-0.345358
-0.967707
-0.299611
0.398245
-2.536106
-0.616439
0.131943
-1.286464
-1.031882
0.149630
0.558784
-0.077058
-0.193973
0.135597
-0.522978
-0.433424
-0.258237
0.034034
-0.296355
-0.217551
-0.274317
0.185755
-0.182940
-1.635145
-1.231231
0.220599
-0.077349
-0.254652
0.413393
1.008428
1.155717
0.124259
-0.672460
-0.243656
-0.741538
-1.366991
-1.902780
-1.790016
-2.224220
-1.099843
0.524777
-0.049821
-0.063078
0.785174
1.529061
0.873927
-0.371144
-1.372591
-0.517813
1.302557
0.975948
1.175594
1.702271
1.045721
0.040374
-0.321927
-0.071797
-1.276342
-0.143909
1.383327
0.675663
-0.138983
0.468052
0.546513
0.372377
1.411042
1.549404
1.227275
0.963866
0.605241
0.208780
-1.008671
-0.026490
0.733438
-0.290535
-0.566796
0.077549
0.685849
0.547154
0.247613
-1.400176
-1.256839
-0.298664
0.932108
0.308902
-0.380329
-0.798851
-2.100866
0.464862
1.848197
-0.031971
-0.526038
-0.692924
0.164522
0.023726
-1.165614
-1.373763
1.647913
1.018485
-1.150226
-0.902889
-0.065883
1.332862
-0.384922
-1.184489
0.067864
0.272553
-0.282497
-0.323000
-0.104259
-0.067113
-1.060166
-0.340828
0.511592
1.248477
1.074527
-0.414123
0.461790
0.116040
0.113452
0.196868
-0.133447
-0.631148
-0.271535
-0.547252
-0.690459
-0.387205
-0.532855
0.534549
1.951494
0.982018
0.072599
0.032934
-0.697552
1.245185
2.087978
1.063974
1.177655
0.014818
0.353108
0.574956
-1.796321
-3.046757
-2.071343
-0.813067
0.444967
0.716468
-0.582108
-0.368398
-1.890446
0.180897
2.152263
0.651817
1.055095
-0.426200
-0.221270
-0.972719
0.449775
-0.146890
-0.281747
-0.101197
-0.538307
0.805165
2.064751
0.849825
-0.151939
-1.305440
-0.894622
-0.107429
0.637913
1.344905
0.998476
0.948813
0.602356
-0.421896
-0.718840
0.156896
-0.769570
-0.585433
-0.788863
-1.718435
-0.488245
1.024429
1.749855
1.438287
0.494742
-0.710757
-0.670872
-0.609733
-2.258059
-0.960353
0.555838
0.236177
0.297866
-0.375173
-1.291713
-1.616044
-2.517078
-0.305277
1.082366
0.820500
0.502067
1.934854
2.524000
0.315257
-1.250026
-0.944600
-0.575322
-1.180702
-1.509449
-0.799067
0.157140
0.781931
0.875620
-0.367384
-0.532745
0.178083
-0.832446
-0.783941
0.963521
1.088138
0.259670
-0.602231
0.226337
0.556127
-0.608383
-1.647462
-0.632626
0.550159
-0.194155
0.621128
0.548352
-0.016943
-0.340752
-0.126971
0.077390
-0.270501
-1.236176
-1.883734
-1.630428
0.300975
1.238455
1.021953
-0.220656
-0.068380
-0.084891
-1.429527
-0.912128
-0.177494
0.896516
0.617138
0.809080
1.568322
1.079237
0.007312
0.295821
-0.428160
-1.485389
-1.206557
0.149946
0.330810
0.299084
-0.620744
-0.134333
-0.029848
-0.332128
-0.319149
-0.556645
0.937963
0.082537
-0.291572
-1.017256
-0.692652
0.456047
0.448355
0.306081
1.073881
-0.212495
-0.050884
-0.265060
-0.057783
1.714502
0.757980
-0.237344
-0.254948
-0.559275
-0.319407
0.237958
0.302877
0.434109
0.792236
0.498946
0.037484
-0.580982
0.577362
1.693948
1.637905
0.865601
1.144806
1.565369
0.416250
0.042518
0.659234
0.642674
0.644552
0.132165
2.252669
2.227915
0.249408
0.249228
-0.317675
-0.565742
-0.607063
-0.547427
-0.588841
0.382195
-0.323761
-0.407258
-0.880562
-1.555165
-1.469381
-2.053736
-1.939948
-0.091583
0.830488
0.338190
-0.000471
-0.104115
-0.481746
-0.651094
-0.519529
-0.163695
0.437025
1.137531
0.506286
0.510578
-0.430035
-1.468363
-1.468138
-1.077350
-0.740365
0.061435
0.420705
-0.640085
0.189346
1.501279
0.454351
0.353504
0.123492
-0.409931
-0.171878
-0.389177
-0.888019
-1.039355
-0.483646
0.182510
-1.295640
-0.772762
-0.291659
-0.391620
-0.894003
-0.315911
0.416294
0.691962
0.813992
0.340947
-0.529440
-1.198989
-0.562219
0.405291
1.164713
1.200383
0.025634
0.441300
0.981627
0.718330
-0.917194
-1.547277
0.234146
1.509802
0.689083
0.453697
0.690046
0.878972
0.309508
0.424086
0.407030
1.134499
0.937584
-0.314735
-1.092820
-1.407093
-2.223537
-1.789563
0.127894
-0.662280
-1.260352
0.242604
-0.063202
-0.946673
-0.136297
1.714824
0.828265
-0.409208
-0.984196
0.209386
0.000049
-0.490200
-0.537467
0.358845
-0.084740
-0.152745
0.232705
-0.038939
-0.904127
-1.096482
-1.330951
-1.491817
-1.269388
-0.844236
-1.207485
-1.389047
-1.632314
-1.227124
-1.757099
-2.302726
0.141529
0.586136
-0.534606
-0.652280
-0.347495
0.899525
0.654797
0.553321
-0.124325
-1.210723
-0.282190
-0.079542
-0.466792
0.596092
1.874504
2.400758
1.485418
1.352077
1.189556
-0.185318
-1.130539
-0.592293
0.488464
0.523309
1.705763
2.500130
2.372159
0.657643
-0.400764
0.299533
0.837923
1.304603
1.653428
1.620941
1.526847
0.027682
-0.710234
0.170409
1.156231
0.857633
0.203284
-0.183686
-0.246886
-0.133174
1.289768
0.581988
0.866815
1.339602
0.351980
-0.844408
-1.232784
-0.298020
0.793614
0.365875
-0.818484
-0.319146
0.677983
0.307715
-0.193831
-0.372993
0.825811
0.910545
-0.565567
-1.188325
-0.200456
1.571128
0.983434
-0.240235
-1.809106
-2.737614
-0.683398
-0.656639
-1.508414
0.186988
-0.007214
-0.652909
-1.098438
-0.365685
0.469825
0.705056
0.389614
0.719283
2.331221
2.484702
1.818435
0.979339
-0.098970
-0.754107
-0.161677
0.082753
-1.057009
-0.236022
1.457846
1.427714
1.628600
0.931026
0.595865
0.692136
0.063659
-0.302144
0.931055
0.406385
-0.466107
1.108330
0.678597
-0.376458
0.179297
0.578723
-0.013957
0.211429
0.671591
0.666981
-0.875656
-1.615988
-1.113362
-0.318274
-0.617794
-1.243024
0.039290
1.605007
0.684285
0.268365
2.443671
2.600556
1.171094
0.229665
-1.278318
-0.824701
0.684266
-0.052935
-1.094305
-2.212721
-2.341068
-1.194146
-0.828952
-0.952593
-1.281209
-0.726387
-0.227803
0.008098
-1.367883
-2.431111
-0.650164
1.086468
1.461689
2.308269
1.364357
1.218330
1.661427
1.363758
1.077665
0.594016
-0.018230
-0.496444
-1.418452
-1.172047
-0.870951
-1.217884
-0.494896
0.880723
1.273793
0.601458
-0.006069
1.082138
0.449266
-2.516608
-3.160622
-1.898922
-0.215720
0.821609
0.567947
0.459543
0.025974
-0.494955
-1.575508
-1.672863
-1.303239
-0.707485
-1.224612
-0.404538
0.075409
1.271232
0.607576
-0.397723
0.015937
0.601547
0.174646
-0.431330
-1.464595
-1.713051
-1.233736
-0.816504
-0.732138
0.128436
0.217356
-0.265822
0.128179
-0.176320
-1.211714
-0.215399
1.168149
1.361625
0.582441
-1.483531
-1.275605
1.432978
0.886790
0.418410
1.200477
0.993187
1.363887
0.588757
0.824090
1.028800
-0.548704
-0.688815
-0.119783
0.649924
1.448558
1.320062
1.083245
0.754560
0.621496
0.209610
-0.315580
-1.065803
-1.185218
-0.760083
0.182731
0.836519
1.058399
0.764610
0.377113
-0.481828
-1.322984
-1.839437
-2.335149
-1.417143
-1.060983
-1.497638
-1.603852
-1.323712
-0.410320
0.108888
-0.113502
-0.567399
-0.270014
-0.590821
-0.704246
0.508273
1.072326
1.152274
1.494101
0.512780
0.369218
0.983287
1.514885
-0.655869
-2.207892
-1.613129
0.321640
1.206426
0.633445
1.041072
-0.086877
-0.695510
-0.722742
0.514149
1.252671
0.633470
0.516802
1.192464
0.347116
0.283331
0.795299
0.453698
-0.312404
-0.145733
0.023511
0.998184
1.132247
1.565466
0.790439
-0.217197
-0.019122
0.285484
0.783922
0.006338
-0.895915
-0.472013
0.025330
-0.678569
-1.770675
-1.053551
-1.044231
-0.924381
-0.542221
-0.000822
-0.598326
-0.020476
0.350274
0.381811
0.352387
-0.258635
-0.805161
-0.331596
-0.568778
-0.068643
0.724849
1.650774
0.970806
1.103624
2.108609
2.211050
1.026750
0.949909
1.564273
1.295193
-0.216678
-0.742651
0.325541
0.902615
1.027808
0.412333
-1.439512
-1.338594
-0.641601
-0.624843
0.269844
-0.468626
-0.838773
0.240655
-0.723399
-1.506010
-0.016212
1.025955
0.005761
-0.654807
-0.761693
-0.041044
1.046905
0.418959
-1.284250
-0.250965
-0.072984
-0.637770
-1.902262
-0.285209
0.834513
0.832250
0.880700
0.634481
-0.798742
0.311377
1.569070
0.501250
0.590224
0.280294
0.917942
1.074870
0.709671
0.073238
0.199187
0.019371
-0.349259
-0.425839
-0.373681
-0.962418
-1.035136
-0.110671
0.435738
1.530705
1.482914
0.647005
0.170881
-0.159136
-1.046230
-1.996103
-0.480513
0.613450
0.851772
-0.567360
-0.252622
0.427710
-0.034023
-0.120569
0.942120
-0.777556
-1.723679
0.675306
2.027549
1.235927
0.271679
-0.370335
-0.212819
0.648916
0.139614
-0.839261
-0.490460
-0.331763
0.002648
0.448011
-1.358099
-1.576073
-1.010503
-0.898250
-1.355496
-0.331617
1.008794
1.304183
1.487626
1.268051
1.248220
0.780022
-0.085791
0.228340
-0.729461
-0.969716
-0.789652
-0.292858
-0.247556
-0.719802
0.277347
0.723814
-0.929079
-1.088690
-1.471380
-1.897066
-1.748321
-1.705486
-1.985533
-0.072450
1.037483
1.620183
0.468129
0.077668
-0.696102
-0.222027
0.192299
1.212064
2.170222
2.383114
2.724446
0.920186
2.444664
3.460424
1.059434
0.432879
0.645712
1.273551
0.621109
-0.245222
0.285582
0.144334
-1.217043
-1.961109
-1.018104
-0.372949
-1.047195
-1.686709
-0.990682
-0.327379
0.431655
0.311246
-0.457415
0.398262
0.903321
1.927731
2.904057
2.464718
1.395671
0.815004
0.159535
-1.363895
-2.229962
-2.676960
-1.445468
-2.008918
-3.421219
-1.538028
0.007954
-0.775705
-1.347573
-1.115121
-0.307506
0.113289
0.417666
0.791484
0.586513
2.115665
2.384308
1.040915
0.642695
0.869714
0.589573
-1.023225
-1.664436
-0.548008
-0.998879
-1.240965
-0.814973
-0.771685
-0.445744
-1.499621
-1.597476
-0.914646
0.152571
0.686413
0.927801
0.579745
1.045577
1.274215
1.417986
0.762460
1.068917
1.182500
0.826281
-0.172659
-0.676453
0.365296
0.295646
-0.581142
-1.091892
-1.042342
-0.313350
-0.750672
-0.568634
0.593156
0.549276
0.879693
0.637729
1.033187
1.448440
1.644567
0.723083
0.494390
0.051175
-0.284923
-0.419203
-0.747038
-0.115567
-0.021827
-0.230396
-0.509818
-0.576063
-0.293356
0.411478
0.764176
0.262515
0.309581
0.854317
1.117889
0.817180
-0.919703
-0.335802
0.840871
0.585614
1.338807
0.875248
1.130744
1.262386
0.013972
-0.050343
-0.409352
-1.551339
-1.099747
-0.323469
-0.470524
0.282341
0.842960
0.592858
0.082922
-0.818462
-1.288073
0.228492
1.156802
0.735630
-0.177767
-1.252381
-0.462012
0.901557
0.355554
-0.697018
-0.858162
-0.515372
-0.972894
-1.035011
-0.641211
0.014248
0.606087
0.245010
0.315237
