0.500001
-0.860669
-0.680962
0.105830
0.081905
-1.405331
-1.123303
0.177369
0.342128
0.079519
-0.940786
0.053409
1.571407
0.971330
1.793598
1.434971
0.769184
0.339624
-0.755747
-0.601580
-0.751517
-1.087672
-1.618234
-0.738756
-0.427959
-1.561207
-0.554645
0.095384
-0.888984
-0.136657
-1.898134
-2.028752
-0.119494
0.558288
0.100752
0.161629
0.369572
0.470870
-0.961040
-1.288529
-0.119727
0.088189
0.110356
-1.132087
-1.124312
-0.630083
-0.366081
0.376339
1.133855
-0.004780
-0.510679
-0.028372
0.241134
-0.078662
-0.274464
-0.667582
-0.037778
-0.223364
0.050335
0.836143
1.129419
0.152514
-1.051326
-0.108699
0.712041
0.068602
1.089113
0.563573
-1.220974
-2.354021
0.198634
1.815042
1.542865
0.620058
1.181599
2.387282
1.210084
-1.122276
-0.827292
0.398429
0.668636
0.122262
0.561509
0.481912
-0.026940
1.264515
0.970217
-0.850138
0.031980
-0.405597
-1.591945
-0.076577
0.885273
-0.173106
-1.225445
-0.058894
0.403567
-0.757284
0.406398
1.614163
0.952911
-1.187622
-0.702523
-0.641571
-0.908100
-1.011434
-1.281052
-1.816196
-0.315852
0.376458
-1.677252
-0.848180
-0.094434
0.058341
-0.154558
-0.004800
0.198928
0.042626
1.514765
3.336225
0.179978
-0.060171
0.334034
0.326925
0.150078
0.457198
0.111708
-1.597957
-1.057769
0.849886
1.080389
0.876723
0.217876
0.633725
-0.042385
-1.000985
-0.033710
-1.002853
-0.744729
0.558243
0.650341
-0.495198
-0.228105
0.399581
0.625252
1.256288
0.638703
0.873796
1.442714
1.261321
1.324870
0.457981
-0.559808
-1.456622
-0.844118
-0.811841
0.080440
0.061670
-0.185059
-0.395916
0.317837
0.295824
0.014221
-0.471207
-0.689006
-0.255057
-1.862007
-0.615396
0.652854
0.249105
-0.375127
0.390779
0.476329
-0.499277
-0.169789
0.726201
0.323271
-0.629911
-0.542662
1.301623
0.482937
-0.249188
0.981266
1.698145
1.958320
1.048779
1.294345
0.230871
-0.284264
0.275288
-1.716575
-0.869130
0.851211
-0.182684
0.372081
-0.082056
0.036013
0.305608
0.476807
-0.060424
-0.076754
0.652543
1.130785
1.262497
0.644934
-0.200848
0.208966
-1.012053
-1.482352
0.277897
0.277649
-0.682251
-1.029515
-0.665813
-0.434149
0.814146
0.572813
-1.030832
-0.462157
0.597720
0.088067
-0.454459
0.700216
1.604786
0.275067
0.403520
0.269654
-0.116924
0.377416
-0.008281
0.149900
-0.089186
-1.705434
0.030720
0.916171
0.333831
-0.538077
-0.949353
-1.278529
-1.267049
-0.502747
-0.991688
-0.859310
0.110321
0.288050
0.332351
-0.367567
-0.446002
0.027397
-1.255557
-1.041372
0.333824
0.459376
0.254525
-0.267267
-1.089515
0.693395
0.810742
0.328703
0.105514
-0.625277
-0.218663
-1.080294
-2.101218
-1.708914
-1.663149
-1.098908
-0.215582
-1.666874
-0.669183
0.251161
1.225076
2.334561
0.132790
-0.094713
1.189250
1.284893
0.263301
-0.059341
-0.459463
-1.244880
-0.824299
-0.519705
-0.157253
-0.709820
1.163717
1.454249
0.686685
1.207464
0.734975
1.794191
1.987678
0.617726
1.558030
0.715320
0.280722
0.010282
0.993844
1.428713
0.557451
1.411532
1.274174
0.576350
1.046087
1.593550
1.253018
1.342558
1.437994
0.751652
1.349920
1.355525
2.034274
0.357771
-0.762928
0.801668
-0.130827
-0.775231
-0.658317
0.375076
1.393816
0.712842
-1.185204
-1.867668
-1.671745
-0.470687
0.444451
-0.209213
-0.719758
-0.717060
0.015190
0.375393
0.147771
0.139196
-0.004599
-0.536881
-0.618867
-0.898348
-1.638130
-1.104648
-0.116057
-0.228484
-1.466919
-1.549769
-1.768100
-2.389281
-2.457083
-0.894180
-0.542758
-0.659169
-0.289003
-0.056425
-0.542119
-0.614998
-0.290967
-0.150217
0.029162
0.519691
0.833635
-0.646881
-1.322890
1.014925
0.400106
0.027720
-0.018404
0.035872
1.138734
1.051578
0.001878
0.566499
0.645846
-0.580718
0.150141
0.475775
-1.704233
-0.962632
0.554778
-0.241538
-0.810795
-0.137186
1.224521
0.587969
-0.560169
0.558172
0.140376
-0.616604
-0.220236
0.644782
0.001879
0.179272
-0.331302
-1.132467
-0.352582
0.867219
-0.130731
-0.562103
0.010182
0.467370
-0.127022
-0.187443
-1.129958
-1.071085
-1.253819
-1.005231
-0.908011
-1.651908
-0.564832
-0.511388
0.231316
-0.393543
-2.290032
-2.014303
-0.800797
-0.005082
-0.386691
0.166310
-0.284959
0.177925
0.550195
-0.304174
-2.394030
-0.813734
-0.771110
-0.944308
-0.087358
-0.552530
-1.198111
-0.155763
-0.257093
-1.064924
-0.957928
-1.082247
-0.759503
-1.672770
-2.137191
-1.541705
-0.155156
0.737425
0.939003
0.437642
0.606890
0.894866
-0.321544
0.206734
0.957637
1.500212
1.132964
-0.019796
-0.522902
-0.566656
0.179370
1.036257
1.893282
2.118376
1.942827
1.908422
0.402049
1.292212
1.010259
-0.099893
0.752379
1.125917
-0.371048
-0.857159
-0.508651
0.140941
1.026820
0.116644
0.024761
0.229735
0.694622
0.838694
0.262507
0.582381
2.055448
0.412330
0.263199
1.020614
1.576354
1.355570
1.862884
1.717849
0.811159
1.043649
0.491639
0.471669
1.269734
1.778926
0.925105
0.621819
0.878944
0.329105
-1.011802
-1.187873
-0.136112
0.425770
0.949144
1.252793
0.949613
-0.031724
-0.505403
-0.071236
0.177283
0.427229
0.153179
-0.735884
-0.835113
-0.798049
-0.617709
-1.091256
-0.215118
-0.746497
-0.882102
0.691142
-0.399766
-0.612996
-0.243298
-0.096941
-0.348958
-0.779428
0.782997
0.997147
0.875849
2.066869
1.043857
0.011761
0.745624
0.871831
0.203342
-1.974083
-1.681505
0.693711
1.884215
2.529515
0.702115
0.873037
1.539461
1.403974
1.008306
0.237273
0.333242
-0.035072
-0.806037
-1.400317
0.302314
1.238619
0.505715
0.282463
-0.303300
-0.724600
-0.210018
0.509377
-0.550664
0.478974
0.980639
-0.616672
-1.017456
-0.231100
0.307873
0.205205
0.536882
-0.135178
0.846223
0.311400
-0.484621
0.112324
-0.600223
-1.637621
-2.900738
-1.655961
-1.495336
-1.102855
-0.306089
-0.538908
-0.173569
1.089316
0.577330
1.415487
1.831979
0.504407
0.608267
0.453955
0.343772
1.184991
0.041717
-0.508669
-1.023595
-0.145899
0.507926
0.775389
1.066774
0.994707
1.527471
0.525462
0.981401
1.527465
0.271603
-0.619137
-0.447344
-1.819182
-1.903260
-2.174940
-1.336538
-1.386507
-0.143078
0.179219
-1.331493
-0.519942
-1.271221
-1.680198
-2.243494
-1.730527
-1.511820
-1.147623
-1.174680
-2.571645
-2.277635
-1.853207
-1.497749
-0.698509
-0.617878
0.100172
0.838832
-0.505513
-1.158500
-0.884871
0.012087
1.531377
0.849677
0.935088
1.128335
0.758749
0.144986
0.229391
0.658185
0.030655
-0.079528
-0.406627
-0.791789
0.142814
0.412621
1.200290
-0.180856
1.120063
1.278048
0.526921
-0.272951
-0.475351
-0.358768
0.131030
0.591355
-0.769952
-1.420638
-0.044981
1.204133
0.707638
0.128090
-0.456374
-0.424033
-0.279170
-1.700172
-2.237943
-1.314201
-0.691657
-1.105690
-0.565701
-0.376434
-0.628400
0.509157
0.589739
0.017309
0.827872
0.213737
0.064048
-0.319421
-0.431570
-0.170688
0.445392
0.736239
0.531593
1.164359
1.781425
0.846356
0.864536
1.288107
0.530898
1.019874
-1.668760
-1.581950
0.563749
0.922983
0.447002
0.662854
-1.738417
-1.420881
0.414386
0.214042
-1.061372
-1.455761
-0.562434
0.247173
0.660834
1.027035
1.482030
0.415883
0.781767
0.381625
-0.916174
-0.154233
1.717374
1.328009
0.168379
1.230437
1.264469
0.790012
0.476832
0.146168
-0.039372
-1.160256
-1.390164
-0.306868
-1.579816
-0.519536
0.179062
0.118736
0.447315
-0.093888
-1.947518
-0.690427
0.156708
-0.788352
-0.383612
-0.972004
-0.142338
-0.254262
-0.296236
-0.537111
1.022174
1.688980
1.508235
0.815307
0.069719
0.592163
0.726690
1.224349
1.085200
0.143436
0.650485
-0.237054
-0.153548
0.710092
1.691021
2.039138
1.213201
1.871873
0.805111
-0.990551
-0.642229
-0.187106
-1.383168
-0.118914
-0.101931
0.100049
0.664324
0.013267
0.520552
0.040629
-0.192870
-0.746777
0.151634
0.931209
0.781974
-0.223241
-0.089958
-0.355335
-0.267804
0.720315
1.439550
-0.444073
0.260635
0.977876
0.840475
0.528032
-0.801666
-0.371382
0.723454
-0.040745
-2.308678
-1.637600
-0.579169
-1.636557
-0.898175
0.877001
0.675100
0.244719
-0.044856
-0.297626
0.270317
-0.928333
-0.543732
-0.439619
-0.853089
-0.174333
0.907457
0.894437
1.136704
-0.196238
1.000869
1.000709
0.685878
0.439038
-0.069032
-0.548107
0.564294
-0.191500
-1.146460
-0.342331
-1.771540
-0.805256
-0.085194
1.840758
3.146285
1.397153
1.593076
2.189674
1.765921
2.105179
1.705361
0.433100
0.184614
-0.884090
-1.324461
-0.479058
-0.162000
-2.330795
-1.610593
-1.295363
-2.361907
-1.272340
-1.140825
-2.342584
-2.943158
-2.686551
-1.030389
0.836280
0.807743
1.084456
0.798676
0.152866
0.979630
2.041961
1.984348
1.437726
-0.361769
-1.333694
-1.481604
-1.940528
-1.939256
-0.920732
0.408018
0.429875
-1.226055
-0.855998
0.610663
-0.274666
0.352559
1.636147
1.256947
1.175767
1.019665
1.067923
1.651637
0.448551
-0.532396
0.232119
-1.309950
-0.279427
0.929575
0.496925
0.380353
0.119201
0.732699
1.464737
0.391168
1.193001
1.632868
0.505598
0.140109
0.641228
-0.207720
-0.851228
0.221336
0.408033
-1.406331
-2.799786
-1.572379
-1.431199
-1.739824
-1.937320
0.631351
1.446476
2.353288
3.752139
3.182972
1.127577
0.674947
-0.381670
0.420550
0.882366
0.285302
0.268745
-0.789795
-0.003454
1.086187
0.138697
-0.977316
-0.339256
-0.135790
-1.874327
-1.759203
0.322190
0.655649
-0.923283
-0.549011
-0.264126
1.197540
2.294080
2.054574
0.561151
-1.115913
-1.095870
0.446631
-0.204899
-0.070961
0.456557
-0.792717
-1.501912
-0.554500
0.719334
-0.573348
0.331769
1.601592
0.798565
1.296866
0.844179
-0.041901
0.124659
-0.218205
-0.367459
-0.556813
0.055438
-0.653664
-1.048388
-0.679891
0.107252
0.319148
-0.700402
-0.759557
-0.290834
-0.657905
-0.422648
0.135848
1.841954
1.501327
0.504126
0.312262
0.431800
1.464849
1.144300
1.142335
0.669022
0.171538
0.176670
0.910097
1.353715
0.747669
0.972321
1.343292
1.275726
0.093636
-0.187370
0.035044
-0.206032
-1.145675
0.465989
0.975995
0.239507
-1.269740
-1.631414
0.186782
-0.150659
-0.491888
-0.135246
-1.035367
-0.769084
-0.860726
-2.142273
-2.501435
-2.797014
-2.948939
-2.381902
0.076893
0.087257
-0.422335
-0.519297
-0.388086
0.349820
0.619192
0.214233
-0.845175
-0.575426
-0.534618
0.268403
-0.919647
-1.844008
-0.994714
-0.130767
-0.270292
-0.293059
-0.069396
-0.914268
-1.236304
-0.867681
-0.131561
-1.588325
