1.671138
1.495497
1.309719
0.938659
1.035604
1.492078
2.104850
2.545184
2.389201
1.798880
0.966997
0.025925
-0.545847
-0.591322
-0.164583
-0.119319
-0.385468
-1.343186
-1.921264
-1.769640
-1.949073
-1.556329
-0.733989
-0.836447
-0.857998
-1.257737
-1.257847
-0.535958
-0.076199
0.243874
0.390424
0.688572
0.865051
0.559167
0.420652
0.255533
0.107959
0.205473
-0.032984
0.225954
0.543620
0.696278
0.441302
-0.017766
-0.541139
-0.938597
-0.971024
-1.137455
-1.189690
-1.018689
-0.981174
-1.040461
-1.576542
-1.479728
-1.499272
-1.564303
-0.954979
-0.475612
-0.266686
0.340750
0.785187
1.630324
1.964369
2.362939
2.095248
2.403133
2.308332
2.022517
1.937616
1.615991
1.225129
0.414029
-0.462188
-0.728604
-1.218896
-1.191088
-1.199060
-1.233140
-1.508008
-1.970311
-1.427194
-1.271526
-1.136341
-0.720718
-0.627265
-0.422572
-0.001765
0.347242
0.629884
1.492291
1.971385
2.032473
2.235879
2.140711
1.908103
1.141702
0.188148
-0.277050
0.247030
0.515765
0.833937
0.697727
0.589538
0.480870
0.073113
-0.333465
-0.885669
-0.272859
0.528384
1.083815
0.874848
0.637753
0.137441
-0.601810
-0.895845
-0.958195
-0.868620
-0.477371
-0.054908
0.144188
-0.106537
0.141564
0.467559
0.666253
0.527638
0.615853
0.753407
0.514698
0.241338
0.638615
0.780739
-0.018026
-0.590071
-0.583274
-0.727217
-0.867320
-1.003452
-0.639700
0.068226
-0.268079
-0.694180
-0.581023
-0.403623
-0.504813
0.143199
0.395434
0.232561
0.122133
-0.434282
-0.179977
-0.268324
-1.043705
-1.068988
-0.591008
-0.340537
-0.296354
-0.564589
-1.031384
-0.447831
-0.024999
0.279770
0.401614
0.019986
-0.349326
-0.165249
-0.345837
-0.227105
-0.243148
-0.115186
0.038383
-0.161941
-0.624127
-0.077109
0.850469
0.957376
0.829834
0.312460
-0.308481
-0.848589
-0.744789
-0.603054
-0.821150
-1.191899
-1.336821
-1.618267
-1.557380
-0.977857
-0.845313
-0.841826
-0.927062
-1.159416
-1.486752
-1.065873
-0.108656
0.327921
-0.204253
-0.925610
-1.125646
-0.956167
-0.797397
-0.822699
-0.292926
0.033663
-0.074888
-0.079512
0.413161
0.523757
0.876365
1.372078
2.098058
2.693363
3.107173
3.281398
3.018705
2.430173
1.806593
0.857487
0.671612
0.721953
0.577032
0.252332
0.224855
0.060693
-0.187049
0.290230
0.437255
0.711308
1.102906
0.804576
0.541818
0.419544
0.360774
0.887128
0.624675
0.521470
0.733380
0.443338
0.695108
1.070514
1.132044
0.710088
0.620412
0.506350
0.422995
0.176150
-0.155545
0.164910
0.881197
1.490383
1.267650
0.924354
0.407437
0.362023
0.738759
0.400191
0.308006
-0.752551
-1.960961
-1.585176
-0.954580
0.074647
0.352665
-0.041864
0.360468
0.703293
1.628905
1.782064
0.974810
-0.122116
-0.887783
-0.901207
0.080008
0.591168
0.173898
-0.272636
-0.603965
-0.803027
-0.370797
-0.161942
-0.600478
-0.719067
-0.828251
-1.771288
-2.055218
-1.894150
-1.635547
-1.186371
-0.628837
-0.316136
-0.832480
-0.906278
-0.317633
0.872732
1.904381
2.672323
2.424743
2.507190
2.236028
2.578086
2.208693
1.577503
1.246049
0.658122
-0.414862
-0.892242
-0.737989
-1.198237
-1.546085
-1.580763
-1.559412
-1.392603
-1.237258
-0.671471
-0.802033
-0.426780
0.116041
0.586747
0.748461
0.794808
1.084826
1.140348
1.454633
1.568762
1.350176
1.431231
1.615387
1.213183
0.409427
-0.722303
-1.259971
-1.667598
-1.119366
-0.471889
-0.254643
-0.121878
-0.085644
-0.716847
-0.704200
-0.899933
-0.339412
-0.296700
-0.965274
-1.183736
-0.531595
-0.095489
0.039696
-0.360408
-0.593542
-0.369118
-0.100789
0.358080
0.709481
0.185890
-0.733910
-0.946240
-0.980384
-0.520528
0.091873
-0.042621
-0.425110
-0.782846
-1.298922
-1.214595
-1.061355
-1.150244
-1.172964
-1.168382
-1.097022
-0.637520
-0.152304
0.375365
0.282317
-0.014428
-0.262985
-0.110701
0.073922
0.062467
0.454393
0.362124
-0.461916
-0.938271
-1.414259
-0.691611
-0.401025
0.023049
0.004476
0.180828
1.085249
1.437162
1.757590
2.152261
2.035248
1.851894
2.054010
2.099788
1.869154
1.696984
1.595361
0.975650
0.482425
0.238162
0.017641
-0.079957
0.307823
0.115962
-0.281846
-0.282885
-0.327195
-0.507841
-0.835375
-0.834333
-0.461641
-0.404877
-0.445249
-0.480068
-0.565265
-0.421669
-0.469564
-0.424179
-0.672798
-1.185888
-1.015557
-0.806841
-0.445538
-0.293832
0.166392
-0.209394
-0.178070
-0.299611
0.168129
0.643314
0.630866
0.934907
1.061614
0.595720
0.461450
0.314961
0.077514
-0.426164
-0.675082
-0.489321
-0.119136
0.123721
0.323421
0.530042
0.815774
0.458902
-0.134573
-0.633270
-0.585877
-0.056388
0.083858
0.294482
0.126239
-0.153027
-0.145687
0.110774
0.493016
0.268588
-0.116013
-0.125393
0.578700
0.639278
-0.075793
-0.847185
-1.579572
-1.758828
-1.330544
-0.643688
-0.560005
-1.179039
-1.845601
-1.736914
-1.002347
-0.045575
0.241549
0.043164
0.497045
0.764982
0.632708
0.520438
-0.027314
-0.236949
-1.121698
-1.370031
-0.604599
0.057127
0.381956
0.288976
-0.159889
-0.569486
-1.180120
-0.991959
-0.210725
0.190460
0.511734
0.622252
0.604655
0.327261
0.179246
0.075130
-0.489494
-1.028870
-1.202162
-1.270204
-1.021923
-0.589966
-0.145153
-0.077420
-0.148510
-0.464295
-0.428459
-0.378481
-0.294561
0.297600
0.253460
0.186036
0.261229
0.090760
-0.003256
0.160336
-0.162080
0.174515
0.595915
1.504875
1.758211
1.831859
2.135247
1.908745
1.347043
0.830654
0.535853
0.549613
1.021240
1.315480
1.509624
1.383041
0.916912
0.314872
-0.290891
-0.563190
-0.728637
-1.122412
-1.251067
-0.825023
-0.488775
0.112065
0.483900
0.446638
0.403360
0.318841
0.078292
0.276663
-0.174863
-0.090410
-0.104792
-0.733164
-0.789816
-0.227532
-0.012798
-0.131484
-0.147728
-0.965511
-1.279157
-0.840084
-0.126897
0.653146
0.983907
0.694679
0.979542
1.142339
0.791507
1.504570
1.006941
0.394053
0.146256
-0.414936
-0.203644
0.149313
-0.000914
-0.264588
0.165560
0.637297
0.980955
1.705205
1.431473
0.423092
-0.607553
-0.594236
-0.174054
0.003661
-0.331234
-0.697649
-0.825074
-1.316863
-0.998854
-0.975533
-1.825778
-2.713261
-3.257169
-3.001486
-2.450831
-1.168109
0.101718
0.815353
1.435972
2.163000
2.581809
2.627422
2.672795
1.868984
1.599764
2.008760
1.319285
0.368398
-0.053912
0.376245
0.031599
-0.357029
0.128401
0.923940
1.137562
0.929510
0.670040
-0.048675
-0.095309
0.338815
0.555814
1.093019
1.231862
0.501984
-0.226552
-0.615990
-0.648366
-0.838503
-1.253300
-2.128608
-2.610100
-2.481312
-1.509602
-0.722581
0.042210
0.093290
-0.570515
-0.304029
0.247364
0.069090
-0.105497
-0.742232
-1.567873
-1.573623
-0.765335
-0.217743
0.285275
0.291048
0.699327
0.863080
0.628656
0.147482
0.063509
0.242811
0.506491
0.366351
0.162069
0.386532
0.386855
0.061722
-0.230784
-1.220572
-1.717856
-1.512314
-1.034134
0.005002
0.149107
-0.272451
0.067163
0.289630
0.303038
0.486618
-0.260501
-0.772036
-0.226262
0.250155
0.311450
0.060568
-0.335601
-0.941034
-1.370559
-1.253554
-0.519204
0.101515
-0.348716
-1.312625
-1.425342
-0.805754
-0.317967
0.045865
0.408867
0.723230
0.699232
0.394654
0.823065
0.798849
0.314055
-0.149800
-0.727676
-0.374965
-0.433486
-0.102891
0.313866
0.388250
0.908019
0.785993
0.716739
0.734711
1.219034
1.207995
1.137313
0.888497
0.930430
0.712659
0.326773
0.172513
0.772287
0.977792
1.106996
1.123482
0.388150
-0.076559
-0.079130
-0.292398
-0.655351
-0.576130
-0.115551
-0.154187
-0.708646
-0.535186
-0.722529
-0.387832
-0.076344
-0.055173
0.382316
1.232520
1.259132
0.708500
1.105819
1.809198
1.857792
1.516245
0.566013
-0.059841
-0.175093
-0.137985
-0.828463
-1.529964
-1.759039
-1.492881
-1.139233
-1.033919
-1.073243
-0.935997
-0.534769
0.447372
0.702788
0.339489
0.205936
0.073957
0.323348
0.436086
-0.018939
-0.381117
-0.226896
-0.241376
-0.714668
-0.982936
-1.622014
-1.801784
-2.046409
-1.893312
-1.367727
-0.948384
-0.402410
0.092766
0.208343
-0.185016
-0.306434
-0.332594
-0.217447
0.096122
0.229733
-0.202196
-0.047285
0.244110
0.069902
0.335818
0.893974
1.007799
0.556488
0.699429
0.917911
0.745377
0.425695
0.679305
1.224199
1.282235
1.026351
0.577391
0.102088
0.256050
0.861310
0.534826
-0.150335
-0.375607
-0.265458
-0.794995
-0.464280
-0.056916
0.406218
0.302180
0.258317
-0.107401
-0.027786
-0.501534
-1.137415
-1.540287
-1.928875
-2.094803
-1.908090
-1.380136
-0.728433
-0.437645
-0.129057
-0.207627
-0.065414
0.816171
1.423058
1.100425
0.326610
-0.726360
-0.837665
-0.821716
-1.298001
-1.152309
-1.194371
-0.649660
0.256366
0.076848
0.185074
-0.018546
0.523355
0.710227
0.471673
0.549085
0.250187
-0.045094
-0.389914
-0.319635
-0.304814
-0.036028
-0.339647
-0.633089
-1.443129
-2.558168
-2.658031
-2.194278
-2.089865
-1.300481
-0.259490
0.517704
1.402913
1.155580
0.915026
1.284776
0.887637
0.473384
-0.100370
-0.104125
-0.039810
-0.179401
-0.363422
-0.489635
0.161749
0.716865
0.729956
0.919537
0.957909
0.876679
1.087491
0.921313
1.218367
0.689478
0.169418
0.162400
-0.440578
-0.794058
-0.945209
-1.204926
-1.263828
-0.911842
0.392682
1.314230
1.712999
1.955493
2.016528
1.509034
1.285832
0.876668
1.229133
1.916508
1.673639
0.771866
0.167026
-0.048562
-0.086344
-0.718492
-1.263221
-1.301192
-1.288457
-0.515838
-0.047487
0.496223
0.090417
-0.481161
0.263991
0.404782
0.409656
0.128862
0.189308
-0.270972
-0.474862
-0.611783
-0.955163
-1.024179
-1.615589
-1.976753
-1.808289
-1.438536
-1.209877
-0.855891
-0.785427
-0.879692
-0.402415
0.067800
0.449035
0.785460
0.877952
0.797096
0.487825
0.419007
0.479501
-0.062844
-0.048937
-0.521379
-1.064582
-1.638289
-1.693853
-1.370574
-1.579622
-1.307002
-0.980599
-1.129402
-0.864228
-0.998853
-0.938604
-0.840849
-0.452572
-0.240796
-0.075899
-0.291800
-0.276900
-0.092833
0.245691
0.973502
1.543493
1.382357
1.484948
1.841011
1.947650
2.189796
2.553679
2.951161
2.349840
1.477784
0.189870
0.008458
0.530774
0.643515
0.178692
-0.004184
-0.155624
-0.302559
0.373961
0.892707
1.072184
1.592341
1.031069
0.695961
0.792051
1.445293
1.659463
1.135583
0.469928
0.180569
-0.341558
-1.018468
-0.974100
-1.308321
-1.276196
-0.822045
-1.196396
-1.598281
-1.216729
-0.910936
-1.432846
-2.032674
-1.827944
-1.645532
-1.303886
-1.455517
-1.438243
-1.052144
-0.431287
-0.020997
0.365372
