-0.395670
-0.031482
-0.226349
0.206983
0.872944
1.088011
0.903213
0.531957
0.927264
1.135612
1.649993
0.915801
0.289588
-0.058795
-0.180709
0.135658
-0.728930
-1.216929
-1.570484
-1.115825
-1.567835
-1.408683
-1.658862
-1.776746
-1.799352
-1.385602
-1.106010
-0.881490
-0.947572
-0.042330
0.955109
1.273143
1.458256
1.126786
0.702047
0.238788
0.078672
-0.093197
0.505664
-0.050512
-0.276255
-0.675079
-0.663055
-0.585631
-0.575689
-0.444257
-0.204088
-0.099187
-0.444039
-0.269965
-0.230615
0.271413
0.257469
0.923263
1.176945
1.108732
0.645881
0.885122
1.109569
1.483123
1.406269
1.196055
0.718632
-0.250008
-0.251315
0.092662
0.847645
0.822057
0.448321
-0.189833
-0.056776
0.463293
0.646206
0.646231
0.121330
0.155815
-0.406194
-0.447216
-0.751436
-0.408552
-0.381899
-0.487481
-0.909949
-0.468681
-0.375966
0.397692
0.280136
0.103171
0.420849
0.803552
1.042635
0.843203
0.218019
0.112930
0.153624
-0.402587
-0.321974
-0.825817
-0.544980
-0.531957
-0.746554
-0.625867
-0.744665
-0.595084
-0.490306
-0.647916
-0.394003
-0.009509
0.293175
0.332745
-0.181830
0.101959
0.689748
1.580567
1.541001
1.475600
1.290088
1.431613
1.046940
0.981595
0.713316
1.268905
1.336690
0.701368
1.099036
1.191567
1.061669
-0.027116
-0.878095
-1.289220
-0.570583
-0.037569
0.464392
0.476815
0.331123
0.173578
0.025493
-0.157203
-0.516634
-0.579331
0.091594
0.779854
0.127512
0.021371
-0.110854
0.164342
0.547129
1.000836
0.960240
0.388561
-0.542512
0.030934
0.273308
-0.058466
-0.069900
-0.297725
0.259320
0.882283
0.112924
-0.840905
-0.790119
-0.936467
-0.498364
-0.627477
-0.998627
-1.478118
-1.633052
-1.655173
-1.241475
-1.080392
-0.177938
1.014116
1.619686
0.942288
-0.068740
0.066337
0.346169
0.527958
0.515071
0.355066
-0.055215
-0.294545
-0.683433
0.008257
0.820322
0.884187
0.105307
-0.314586
-0.316233
-0.969901
-0.665258
-0.745048
-0.851913
-1.514101
-1.604505
-1.334899
-0.430635
-0.366275
0.655210
1.095930
1.638932
1.651555
1.150431
0.182263
-0.386832
-0.692572
-0.581858
-0.755070
-1.062909
-0.839164
-0.747190
-0.291995
-0.383457
-0.105311
0.094640
0.268368
0.364226
0.443411
0.775696
0.897873
1.390379
1.082111
1.173484
1.187804
1.155961
1.594942
1.618836
0.342183
0.292818
-0.262270
-0.395815
-0.462754
0.390002
0.109426
-0.568377
-0.620259
-0.929807
-1.224670
-1.663978
-1.319991
-1.504227
-1.329372
-1.180385
-0.982848
-1.247034
-1.315540
-1.807160
-1.593692
-0.928206
-0.597621
-0.678237
-0.666781
-0.719745
-1.157653
-0.964445
-1.071761
-0.528555
-0.425205
0.253705
0.092635
0.650384
0.678403
-0.014904
0.132930
0.223668
0.092573
0.263840
0.250254
0.744637
1.871308
1.857226
2.069230
1.777588
1.893531
0.286110
-0.921035
-1.414604
-1.230116
-0.736861
-0.922670
-0.772909
-0.054330
0.332670
0.588511
0.762747
0.206169
0.419071
0.460811
0.783518
0.494892
-0.141439
-0.341248
0.106036
0.102080
-0.167845
-0.991754
-1.765017
-2.070591
-2.270748
-1.819787
-1.369308
-1.158022
-0.957495
-0.448498
-0.406192
0.325122
0.670191
1.412611
1.639860
1.946996
2.401441
2.574945
1.502198
0.526828
0.097923
-0.434720
-1.048236
-0.862736
-0.518737
-0.488712
-0.145705
-0.090225
0.599054
0.928695
0.729005
0.916820
1.328070
1.022710
0.916401
0.890205
1.010970
0.478738
-0.228868
-0.549358
-0.694837
-0.667446
-1.345411
-1.332145
-1.263272
-0.374679
-0.039815
0.919839
1.518506
1.385358
0.735479
0.882577
1.296002
1.046197
1.555784
1.847799
1.791369
1.326858
1.035924
0.598284
0.649719
0.049689
-0.285181
-1.588530
-1.444835
-0.448690
0.562857
0.295685
-0.169485
-0.288217
-0.101986
0.723166
0.738583
0.249167
-0.676785
-1.285702
-1.285874
-0.545048
-0.028472
0.275031
-0.124191
0.354239
0.621693
0.479142
1.210194
1.442537
1.227645
1.292584
1.238680
0.720971
1.186966
0.882744
1.067725
0.640220
0.197304
-0.584464
-1.008881
-1.695834
-1.882900
-1.939547
-1.886265
-1.300315
-0.927510
-0.475154
-0.033692
0.271469
0.004640
0.042248
-0.076040
0.336012
-0.155328
-0.303710
-0.304800
-0.625459
-0.535468
-0.325363
-0.023622
0.393823
1.017522
0.690463
0.385053
0.295686
0.451573
0.116594
0.701978
0.704767
0.430135
0.313444
-0.031873
-0.781382
-0.912228
-0.977852
-1.097841
-0.790803
-0.907761
-0.401257
-0.730634
-0.464216
0.134176
0.836591
0.890974
0.744841
0.306416
0.890485
1.195240
1.487807
1.408474
0.979569
0.685944
0.062281
0.010163
0.041003
0.763342
0.404427
-0.129256
-0.633202
-0.341403
-0.753217
-0.526995
0.403817
1.234082
1.521228
1.236608
1.368668
1.127984
1.272907
1.257775
0.899623
0.409495
0.756139
1.038418
1.103303
0.082173
-0.301722
-0.688519
-0.584885
-0.970616
-1.422103
-1.872314
-2.193215
-2.006885
-2.259342
-2.193251
-1.991345
-1.420232
-0.994739
-0.542964
-0.279089
0.355326
0.803437
1.091295
0.518024
0.104838
-0.108097
0.068556
-0.133410
-0.014683
0.452100
0.934230
1.215937
0.808911
0.586981
0.138662
-0.148656
-0.160146
-0.041250
-0.440521
0.063900
0.874310
0.676660
-0.238430
-0.800520
-1.175268
-1.525888
-1.438938
-1.508207
-1.575876
-1.838941
-1.507043
-0.285229
0.641846
0.869728
0.804271
0.608989
0.424886
0.320977
0.782635
0.992780
0.512739
0.126945
0.004879
0.001605
-0.490479
-0.731199
-1.264311
-1.595077
-2.442730
-2.493710
-2.210365
-1.995138
-2.245339
-2.310636
-2.163995
-0.981393
0.053315
0.519942
1.078035
1.463414
1.878185
2.022711
2.764955
2.563996
1.248555
0.251843
0.502791
0.731578
0.917106
0.385312
-0.250330
0.098570
0.192465
-0.386882
-0.223451
0.281364
0.312218
-0.032085
-0.457226
-0.205376
-0.246032
-0.021394
-0.393887
-0.462944
-0.746701
-0.389257
-0.961496
-1.200479
-1.013803
-0.828171
-0.349110
-0.322750
-0.137790
0.435400
1.244099
1.471045
1.846575
1.398902
1.122328
0.751003
0.149149
-0.597665
-1.235358
-1.264180
-0.961631
-0.682405
-1.238061
-1.356157
-1.180160
-1.257518
-1.641860
-1.485399
-1.447620
-1.092851
-0.778355
0.570898
1.580385
1.821652
1.251441
1.570886
2.415577
1.839109
1.490930
0.760445
0.136310
0.016688
0.628719
0.407307
0.392009
0.367861
0.807628
1.740099
2.951825
2.487593
2.105778
2.002578
2.417448
2.668325
2.121347
1.232841
-0.398647
-0.971490
-1.467066
-1.790134
-2.431476
-2.752219
-3.295960
-2.870906
-1.980878
-0.799339
-0.374727
-0.693426
-0.903481
-0.516054
-0.342666
-0.579057
-0.153675
-0.231239
-0.228230
-0.812812
-0.759233
-0.348200
0.511448
0.272594
-0.193871
-0.382299
-0.211766
0.013576
0.002256
-0.235999
-0.209974
-0.235981
-1.073668
-1.183128
-1.280258
-0.418836
-0.101034
-0.753383
-1.124266
-1.121838
-0.999940
-0.945362
-0.984077
-0.714872
-0.233395
0.298186
1.479867
1.786093
2.291724
2.250257
2.259414
2.136416
1.694234
0.937883
0.617577
-0.206757
-0.567823
-0.260118
-0.258926
-0.524853
-1.132442
-0.793966
-0.777647
0.204150
0.671083
0.779500
0.063803
0.011564
0.119609
0.475162
0.829675
0.706128
0.243450
-0.072708
0.324810
1.011536
1.647222
1.912256
1.592777
0.639390
0.334514
0.094862
0.441445
0.098863
-0.643749
-1.279987
-1.481559
-1.598070
-1.240570
-0.684756
0.030938
0.812602
0.836805
0.796401
0.225901
0.146496
-0.130402
-0.102297
-0.900289
-0.740817
-0.897296
-0.257620
0.221535
0.351761
0.084297
0.414969
0.481153
0.478456
0.808417
0.422408
1.075019
1.009802
0.689801
-0.197733
-0.300556
-0.507651
-0.425467
-0.652368
-0.893757
-1.262669
-2.021203
-1.993289
-1.743050
-1.310411
-1.395137
-0.774600
-0.573934
-0.199804
-0.329111
-0.170531
-0.411077
-0.038644
0.042764
0.640902
1.210115
1.596974
0.869014
-0.021217
-0.446794
-0.300118
-0.925576
-1.775537
-2.172375
-2.038308
-1.058988
-0.512597
-0.114867
-0.318001
-0.133655
-0.251336
0.571880
1.472774
1.750332
1.628322
2.278183
2.569924
1.602053
1.046031
0.658086
0.677120
0.083966
-0.063720
0.072040
-0.050025
-0.066878
0.623445
1.237119
1.662065
1.198394
0.801933
0.844012
1.241347
1.262144
0.476842
0.316818
-0.188535
-0.892965
-1.512806
-0.860672
-0.647631
-0.091556
-0.063045
0.282599
0.562531
0.645264
0.689748
0.851243
0.932458
0.864183
0.968012
0.715838
0.557195
0.275932
0.353944
-0.336664
-0.125029
-0.234158
-0.000685
-0.669094
-1.703457
-1.952610
-1.797083
-1.386591
-0.122631
0.821201
0.742838
0.753545
0.619932
0.661358
0.436713
0.080112
-0.899212
-1.366539
-1.557776
-1.331949
-1.326405
-0.501082
0.215271
0.242616
0.017182
0.164713
0.684832
0.433676
0.287330
-0.191032
-0.620554
-1.103031
-0.798178
-0.876317
-0.562326
-0.196300
0.328575
0.018848
-0.342843
-0.263918
0.041748
0.323683
-0.295468
0.213987
0.176223
0.366891
0.531002
0.748584
0.299183
-0.259573
-0.833889
-0.556447
-1.009369
-1.564187
-2.106549
-2.277544
-1.586938
-1.198940
-0.693479
-0.971599
-0.904139
-0.771083
-0.679339
-0.822313
-0.676809
-1.196532
-0.618545
-0.129626
0.200679
0.400243
-0.491216
-0.955610
-0.369840
0.731040
1.287529
1.844389
2.034427
1.932571
1.763403
2.055201
2.004032
1.830197
1.284621
0.606279
-0.082815
-0.666854
-1.172307
-1.161651
-1.121592
-1.281914
-0.632729
-0.739535
-0.725397
-0.590500
-0.122939
-0.639136
-0.958213
-0.519325
0.849800
1.648369
1.951726
1.670745
1.070604
0.259441
0.097359
0.599832
0.569516
0.458888
-0.379697
-0.405363
-0.626722
-0.281711
0.052788
0.457503
0.076144
0.277933
0.480193
0.375570
0.283330
0.681702
1.201029
0.749816
1.108485
1.289090
1.246675
0.912057
0.774194
0.852897
0.691641
0.322061
0.271840
-0.364589
-0.854769
-0.601132
-0.597143
-0.554961
-0.571084
-0.624524
-0.145029
0.473513
0.243709
0.255456
0.038877
0.726485
0.730451
0.863421
1.485575
1.883491
1.462924
1.410908
1.030209
-0.045262
0.249813
-0.384896
-0.583466
-1.196223
-1.689722
-1.315699
-1.476949
-2.210780
-2.082958
-2.097940
-1.979641
-2.111134
-1.634514
-1.167935
-1.142686
-0.784637
-1.075170
-0.967518
-0.912046
-0.829681
-0.719677
-0.320142
-0.427742
-0.416049
-0.496651
-0.209375
0.024438
-0.058205
-0.231567
-0.089407
-0.413180
-0.683216
-0.553541
-0.013453
-0.002001
-0.174425
0.146267
0.612976
0.931326
0.854126
0.999237
0.841285
0.962030
1.282783
1.563178
1.461137
1.106375
0.738760
0.264018
0.384414
-0.704752
-1.407050
-1.298860
-1.126793
-1.549307
