-1.711501
-1.500413
-1.450585
-0.873877
-0.811057
-0.522033
-0.629949
-0.683950
-1.104327
-0.657201
-0.194004
0.028433
0.312617
0.920615
1.335123
1.517689
1.824924
1.862880
2.305939
2.084253
1.661125
1.105388
0.958092
0.562588
0.386726
0.302633
0.302566
-0.053194
-0.254272
0.110794
0.040989
0.226111
0.333405
0.302483
0.055494
0.435721
0.504904
0.405286
0.105248
-0.217923
-0.187567
-0.094755
-0.249773
-0.528873
-0.195983
-0.119804
0.182177
0.080991
-0.284029
-0.346680
-0.161114
0.132249
0.612473
0.512414
0.822221
0.619914
0.513623
0.491093
0.296424
0.188982
-0.017551
-0.302166
-0.742433
-1.143471
-1.306220
-1.103694
-1.312429
-1.490030
-1.871018
-1.430979
-1.191870
-0.727672
-0.295323
-0.294529
-0.274793
-0.579560
-0.417777
-0.767897
-0.295493
0.066805
-0.242512
-0.465697
-0.712912
-0.781907
-1.054494
-1.418357
-1.325294
-1.264299
-1.239795
-1.665121
-1.850487
-2.127397
-2.166491
-1.902656
-1.714692
-1.227192
-0.857275
-0.826132
-0.662574
-0.328700
-0.453083
0.266381
0.196750
0.119106
0.503012
0.410875
0.559613
0.622065
0.636311
0.660014
0.684176
0.846296
1.026578
1.220509
1.359567
0.833342
0.725030
0.807846
0.746869
0.546223
0.715480
0.877878
0.754392
0.708555
0.775497
0.991901
0.591063
0.445935
0.113125
0.362353
0.456482
0.765424
1.057150
1.227922
0.981490
1.051357
1.127513
0.856497
0.647395
0.938937
1.168190
1.407491
1.515345
1.291048
1.053216
0.725969
1.111401
1.051993
1.190451
0.693959
0.314695
-0.164412
-0.187501
-0.544141
-0.713527
-1.171129
-1.008657
-0.645235
-1.255497
-1.161203
-0.805441
-0.727494
-0.796743
-0.873947
-0.440335
-0.069537
-0.322899
-0.173733
-0.095936
-0.165329
0.522877
1.055734
1.085906
0.366956
0.265321
0.017291
0.179485
0.286445
0.279747
0.187793
0.436740
0.621980
0.884885
0.475088
0.947364
0.984382
0.042242
0.122825
0.609409
0.228184
0.404759
0.682490
0.132232
-0.091966
-0.307124
0.175462
1.027487
1.227566
0.846151
1.101598
0.931151
0.450945
0.157336
0.568081
0.724190
0.058669
-0.040723
-0.465866
-0.807857
-1.002146
-1.434783
-1.818893
-1.709130
-1.872679
-1.757570
-1.656090
-1.438539
-1.229867
-1.036485
-0.640136
-0.190321
0.118521
0.495461
0.666531
0.487668
0.418132
0.270782
0.012840
-0.017332
-0.177081
-0.255289
-0.132101
-0.447754
-0.611170
-0.518872
-0.386168
-0.078048
-0.576064
-0.995061
-0.794877
-0.090199
-0.315224
-0.229456
-0.439036
-0.593000
-0.794661
-0.917656
-0.955043
-1.053756
-0.859781
-0.742943
-0.735519
-0.604227
-0.534085
-0.259340
-0.160326
-0.169452
0.053210
-0.040003
0.029398
-0.620020
-0.764979
-0.679294
-0.593607
-1.028549
-1.105305
-0.841705
-1.010785
-0.724234
0.093159
0.573307
0.371424
0.364372
0.432362
0.470996
0.254139
0.454802
0.236979
0.522876
0.252408
0.339212
1.082839
1.470696
1.619770
1.233224
1.072608
0.872825
0.897806
0.758529
0.913637
0.543232
0.428220
0.039524
-0.286747
-0.765590
-0.919951
-1.048092
-1.391134
-1.834224
-1.733304
-1.469820
-1.183024
-0.742030
-0.285826
0.388993
0.653245
1.016818
1.448694
1.904386
1.758430
2.022620
1.636451
1.011525
0.769380
0.195239
-0.602586
-1.122539
-1.500967
-1.623997
-1.443818
-1.406190
-1.536808
-1.459692
-0.941510
-0.733294
-0.299680
-0.222513
-0.075529
0.348816
0.657591
0.727588
0.905850
0.981675
0.958674
0.710001
0.561542
-0.159330
-0.802726
0.213830
0.895568
1.580351
1.976153
2.323949
2.084787
1.380986
1.141479
1.382698
1.888206
2.020776
2.191658
1.672183
1.238595
0.904827
1.136340
1.166152
0.978770
0.622688
0.351645
0.110957
0.529500
0.955381
0.963300
0.692890
0.623297
0.569255
0.400361
0.248097
-0.037922
0.070968
-0.285117
0.039546
0.145735
0.445937
0.461444
0.391258
0.344584
0.337620
-0.071327
1.004260
1.952790
1.829795
1.544264
0.700735
0.237889
-0.139947
-0.155095
-0.210637
-0.459212
-1.202666
-1.496165
-1.744527
-1.982282
-2.415451
-2.773051
-2.741380
-2.238192
-1.858546
-1.594795
-1.176931
-0.837283
-0.667966
-0.646969
-0.229568
-0.152721
0.048451
0.124435
0.286575
0.100717
0.316427
0.438991
0.292276
0.212605
0.413764
0.710931
0.209131
0.320125
0.574110
0.215517
0.715978
1.041570
0.555280
0.647268
0.444767
0.331169
0.578465
0.377653
0.633657
0.486070
0.257113
0.064743
-0.126956
-0.297283
0.213100
0.460605
0.816889
0.894159
0.964018
0.978576
1.156800
1.164385
1.443946
1.196138
0.700398
0.500123
0.145153
-0.161728
0.094173
0.047358
-0.263564
-0.068119
-0.385723
-0.137681
-0.168548
0.047004
0.369376
0.373839
0.370840
0.285413
0.145110
-0.096439
0.219554
0.337507
0.052643
0.090790
0.416386
0.455562
0.350444
0.126372
0.226138
0.125793
0.226197
0.286121
0.185584
-0.325177
-0.704700
-1.014590
-0.650749
-0.370946
-0.363092
-0.114124
-0.500203
-0.182135
-0.460794
0.125293
0.292139
-0.203717
-0.770314
-0.894514
-1.117667
-1.235517
-1.166701
-0.731805
-0.450788
-0.448690
-0.522620
-0.815613
-0.752273
-0.755256
-0.761127
-0.692213
-0.600449
0.180230
0.813518
0.696593
0.488594
-0.162738
-0.543507
-0.908719
-1.181505
-1.383645
-1.261667
-0.766981
-0.736596
-0.022918
-0.131948
-0.162640
-0.362551
-0.150187
-0.094925
-0.318716
-0.211528
-0.252500
-0.369556
-0.919489
-1.312589
-1.476440
-1.602110
-2.068736
-1.892577
-1.598331
-1.280508
-1.149628
-0.660669
-0.536692
-0.683354
-1.371432
-1.448390
-0.921808
-0.481702
-0.210454
-0.046614
0.178342
0.419527
0.829619
0.937451
0.982960
0.216573
-0.200725
-0.378448
-0.245840
-0.138306
0.040990
0.157721
0.197181
0.252387
0.239782
0.660052
0.466690
0.320228
0.443055
0.843800
0.988987
1.127377
0.607316
0.552547
0.350567
0.022500
-0.256937
-1.076186
-1.701455
-2.079218
-1.645234
-1.204051
-1.025996
-0.592469
0.066869
0.539542
0.834630
0.890304
0.791255
0.305398
-0.072594
-0.421436
-0.693111
-0.903870
-0.434630
0.390241
1.038818
1.039235
0.969142
1.395061
1.350223
1.290229
0.732278
0.592221
0.149832
0.334482
0.472517
0.735228
1.036287
1.191734
1.053698
0.736573
0.078369
-0.286199
-0.548297
-0.912468
-0.657844
-1.114600
-1.567655
-0.599072
0.686739
0.780484
1.810674
2.189937
2.080469
1.857487
2.120992
2.686873
2.509132
2.027845
1.347649
1.046816
0.710857
0.746790
0.233988
-0.137742
-0.160873
-0.314866
-0.393212
-0.038540
0.161904
0.572370
0.711606
0.751056
0.975613
0.912561
0.774761
0.698127
0.327622
-0.158943
-0.011812
0.182019
0.584594
0.436491
0.136064
0.027679
0.080448
0.181650
0.311476
0.304124
-0.157947
-0.305630
-0.484256
-0.484618
-1.034800
-1.578633
-1.403317
-1.056339
-1.436800
-1.653341
-1.977418
-1.744793
-1.388463
-1.410902
-1.255589
-0.976519
-0.666094
0.022747
0.852096
0.984771
0.961508
0.480869
0.409578
0.316059
0.200839
-0.148361
-0.465753
-0.675814
-0.498246
-0.173586
-0.004547
-0.195497
-0.162088
0.173693
0.258377
0.529800
0.268662
0.177030
-0.016019
-0.278151
0.254251
1.272808
1.363182
1.580971
1.396917
1.141374
0.893055
0.777908
0.933873
0.585906
0.191392
0.013894
-0.125800
-0.411649
-0.449015
-1.044582
-1.254501
-1.045783
-0.625793
-0.417797
-0.256845
-0.001634
-0.194946
-0.342905
-0.529099
-0.861345
-0.745381
-0.419912
-0.568762
-0.708872
-1.102399
-1.192329
-0.982747
-0.218292
-0.143593
-0.300184
0.055028
0.256947
0.255384
0.284643
0.222898
0.278765
0.566499
0.054700
-0.138903
-0.200076
0.166640
0.052287
-0.080016
-0.543903
-0.758518
-1.524496
-1.833867
-1.036952
-0.621050
-0.670158
-0.632894
-0.840544
-0.623694
0.112059
0.041990
0.390101
0.605969
0.977897
0.838626
0.845379
0.583645
0.159362
0.127751
0.203472
0.125712
-0.238371
-0.408637
-0.315512
-0.075047
0.007489
0.488519
0.231526
0.113787
-0.428085
-0.822633
-0.180351
1.159607
1.159283
1.739667
2.606958
2.776055
2.535971
2.049296
1.823646
1.508353
1.162193
0.751846
0.830534
0.272259
0.101285
0.016239
0.373509
0.621372
0.351063
0.119693
-0.017117
-0.107606
-0.581582
-1.362304
-1.781411
-1.590655
-1.515353
-1.390234
-1.336227
-1.212746
-1.213621
-1.196308
-1.319927
-0.994899
-0.620627
-0.595628
-0.827558
-0.618497
-0.658070
-0.597889
0.230203
0.301022
0.626317
0.346767
0.268889
0.391555
0.165533
-0.186682
-0.412881
-1.341114
-0.512863
0.228367
0.956205
1.692744
2.405742
2.685906
2.204544
1.639548
0.851270
0.558288
0.188838
0.104817
-0.331971
-0.769137
-0.961449
-0.470697
0.172006
0.588798
0.443439
0.475550
0.560270
0.375778
0.067438
-0.505704
-0.459769
-0.870709
-1.149584
-1.296866
-0.691071
-0.832248
-0.781295
-0.637482
-0.654228
-0.701093
-1.142853
-1.451715
-1.288301
-1.325508
-1.356563
-1.054477
-0.782760
-0.362879
0.089559
0.315815
0.152364
0.304650
-0.021271
0.040169
-0.121767
-0.112957
-0.050935
0.188217
0.738639
1.033200
0.871998
0.585552
0.337926
0.067127
0.145457
-0.256958
-0.558984
-0.547162
-0.261418
-0.230381
-0.113131
-0.469421
-0.740937
-0.564193
-0.087308
0.398790
0.723914
1.159614
0.936996
0.837385
0.520566
0.655246
0.392501
-0.085709
-0.804428
-1.205403
-1.383508
-1.516855
-1.348688
-1.162693
-0.930855
-0.553791
-0.616485
-0.609095
-0.207720
-0.261462
-0.237469
-0.748699
-0.493576
0.303122
0.931122
0.946540
0.784459
0.437389
-0.522637
0.032921
0.976038
1.122801
0.735509
1.060150
1.207258
1.402930
1.766480
2.285945
2.357730
2.947419
3.227171
3.507028
3.446387
3.068311
3.300671
3.439689
2.689951
2.248287
2.516562
2.167198
1.809651
1.243011
1.125869
0.709199
0.656202
0.301542
0.093071
-0.191828
0.117959
0.444240
0.629892
0.621335
0.427585
0.703922
0.737695
1.091227
0.935265
0.808161
0.396014
0.072762
0.149834
0.674773
0.420239
0.012926
-0.342774
-1.052526
-1.028741
-0.856907
-1.225597
-1.504204
-1.860171
-2.633781
-2.580590
-2.836040
-2.774611
-2.698109
-2.705971
-3.124175
-3.363182
-3.248103
-2.976062
-2.797914
-2.264833
-2.110056
-2.049242
-1.855099
-1.807359
-1.256060
-1.023697
-1.085295
-1.238926
-1.284856
-1.441535
-0.817695
-0.703608
-0.804092
-1.046452
-1.234115
-1.064305
-0.988356
-1.160455
-1.315118
-0.765430
-0.091226
0.504031
0.527435
0.481850
0.564315
0.796723
0.865920
0.726298
0.726832
0.827328
0.618548
0.566676
0.615468
0.523280
0.215944
-0.192676
-0.129197
-0.352635
-0.435559
