-1.357564
-1.481448
-0.879812
-0.409654
-0.889469
-0.569362
-0.141144
0.348773
0.788510
0.924021
0.160819
-0.132794
-0.352214
-0.570054
-0.640314
-2.072338
-2.992840
-2.386963
-1.697280
-1.223606
-0.797613
-0.337296
-0.129763
-0.020009
0.878621
1.147843
0.599581
0.740639
0.879516
0.738478
0.475884
0.318728
0.076056
0.226948
0.496033
0.562153
0.824053
1.258223
1.459477
1.824108
1.314230
0.872260
0.877584
0.740911
0.376773
0.463951
0.075074
-0.040721
0.286648
0.587487
0.430879
0.207765
0.381225
0.266718
0.252276
0.207030
0.816284
0.604228
-0.163167
-0.468850
-0.339766
-0.296469
0.485852
0.947652
1.126843
0.978936
0.550361
0.533388
0.656203
0.428786
0.519710
0.864672
0.435165
0.797971
0.455119
-0.072841
0.105212
0.263359
0.434970
0.294304
-0.238835
-0.494244
-0.401071
-0.476475
-1.325957
-1.366270
-1.256202
-1.376246
-1.358834
-1.849120
-2.243979
-1.468068
-1.326548
-1.393586
-0.640975
-0.448524
-0.204382
0.200260
0.201159
0.207150
0.247536
0.150159
0.439461
0.726702
-0.292208
-0.211374
0.499917
0.198839
-0.153860
-0.312993
0.087194
-0.264815
0.299871
0.331956
0.125653
0.082273
0.510033
0.235825
0.348753
0.122700
0.130123
-0.425585
-0.563351
-0.060531
-0.707729
-1.011887
-0.184349
0.928650
1.103049
1.381167
2.029958
1.835340
1.252016
1.074899
1.158327
1.241851
0.780821
0.850325
0.797291
0.199575
-0.279614
-1.112782
-1.172065
-1.242468
-1.152752
-1.889137
-1.820591
-1.530257
-1.737265
-1.377603
-0.708171
0.212430
0.375825
-0.204379
-0.577420
-0.911246
-1.097871
-0.875346
-0.466728
-0.172541
-0.689685
-0.604033
-0.504110
0.149091
0.276303
0.148924
0.779703
0.767678
0.856708
0.415387
-0.455747
-1.142772
-1.670607
-0.838196
-1.312845
-1.403329
-0.852260
-1.102412
-0.565441
-0.491492
-0.210169
0.001816
0.109323
0.009365
-0.188202
-0.328568
0.076386
0.534061
0.352888
0.475434
0.677504
0.812607
0.558995
0.495809
0.618576
0.794739
0.655719
0.515677
0.451727
0.013166
-0.368150
-0.179712
0.412103
0.516698
0.878078
0.858005
0.934093
1.182007
0.797737
0.575394
0.628458
0.919802
0.676407
0.858250
0.993528
1.106111
1.355074
0.859412
0.346266
0.610038
0.748694
0.546867
0.430050
0.622273
0.045038
-0.399995
-0.389442
0.064019
0.219296
1.132834
0.681440
0.456967
0.643920
0.643186
0.569631
0.900675
1.063437
0.507716
0.221614
0.081695
0.150106
0.268696
0.735777
0.861393
1.054225
0.640719
1.048135
0.819053
0.699057
1.093124
1.585170
1.955651
1.740366
1.820635
1.217895
0.786570
0.593394
0.661946
0.558809
0.269247
-0.287679
-0.639828
-0.914323
-0.633539
-0.758729
-0.477584
-0.186564
0.530024
0.309782
-0.958167
-1.150217
-1.012262
-1.385770
-1.311513
-0.894745
-0.763287
-0.719919
-0.782925
-1.186643
-1.127162
-0.662387
-0.373758
-0.302437
-0.135389
-0.022462
0.159174
0.475158
0.865654
1.265082
1.815141
1.946524
2.359491
1.366525
0.810436
0.255346
0.082247
0.136061
0.126689
-0.000772
-0.257778
-0.149636
0.167925
-0.061856
-0.084396
0.311752
0.420800
0.281587
-0.693074
-0.719753
-0.338616
0.325627
0.435417
0.282644
0.374515
0.638203
0.653010
0.068616
0.000998
-0.512332
-0.492417
-0.818358
-0.598834
-1.065864
-1.217946
-0.979667
-1.217880
-1.133140
-0.599476
-0.296587
0.239495
0.136874
0.154597
-0.124072
-0.519382
-0.793331
-0.952576
-0.480704
-0.289195
-0.243512
-0.763679
-1.097673
-1.199987
-0.988272
-0.713798
-0.043212
-0.131022
-0.410239
0.157589
0.312873
0.501283
0.458542
0.521184
0.701608
0.787369
0.456028
0.248700
0.389375
0.817193
0.359028
-0.272547
-0.340421
0.030530
0.638250
0.744867
0.683022
1.034379
1.404843
2.367141
2.685076
2.840015
2.477091
2.229624
1.107831
0.204850
-0.420097
-1.204405
-1.029647
-0.390662
-0.273856
-0.667909
-0.633033
-0.415173
0.091943
1.027627
1.143422
0.216013
-0.574913
-0.307663
-0.423997
-0.566516
-0.474651
0.174007
0.412720
0.372456
0.222422
0.060307
0.304941
0.782422
0.346978
-0.181503
0.194990
-0.142874
0.152061
-0.125446
0.470222
0.557176
0.191004
0.161035
-0.147374
-0.924291
-1.468275
-2.118265
-2.626094
-2.472318
-1.581196
-0.909574
-1.356969
-1.573888
-1.545761
-1.355887
-0.436403
-0.503214
-0.724319
0.073498
-0.188117
-0.597179
-0.859419
-0.655761
-0.007701
0.320339
0.652678
0.278579
0.490116
0.397271
0.253263
0.341690
0.787092
0.438296
0.086978
-0.452509
-0.505130
-0.609558
0.109304
0.431838
0.577345
1.326052
1.439723
2.120573
2.502771
2.719414
2.359387
2.274274
2.056222
1.572002
0.099488
-0.260847
-0.629736
-1.092954
-1.067243
-0.788387
-1.161214
-1.398777
-0.807604
-0.394946
-0.570524
-0.532781
0.074279
0.555851
-0.060892
-0.182808
0.480259
0.194026
0.086072
0.053280
-0.373922
0.009418
0.053256
-0.178257
-0.172819
-0.081276
-0.157650
-0.356018
-0.864739
-1.118305
-0.927369
-1.122263
-1.391026
-1.346890
-0.498825
-0.995579
-1.647722
-1.708858
-1.577084
-1.212795
-0.566504
0.022480
0.463967
1.001713
1.722167
2.166526
2.457818
2.426906
1.500090
1.376932
1.694166
2.234974
1.806284
0.840194
0.341743
0.293145
-0.111882
-0.273135
-0.421087
-0.908272
-1.405581
-1.254427
-0.935020
-0.881841
-0.818599
-0.519418
-1.134747
-0.995358
-0.760327
-1.013557
-0.922347
-1.658042
-1.791203
-1.762845
-2.105868
-2.134594
-1.584604
-1.427728
-1.237157
-0.726292
-0.156137
0.163399
0.440771
0.846511
0.060433
-0.546328
-0.004018
0.429053
0.884232
0.429282
-0.002605
-0.498707
-0.992545
-0.732098
-0.756311
-0.969999
-1.577852
-1.014300
-0.328995
-0.463011
-0.037936
0.682074
0.607768
0.751926
1.508593
1.656249
2.483844
2.105373
1.532853
1.679226
1.620118
1.023518
0.837910
0.704328
0.504842
0.889211
1.005075
0.394658
0.161613
-0.186344
-0.614493
-0.605049
-0.447333
-0.116719
0.312451
0.937076
1.301810
1.786367
1.752652
1.262527
1.218279
1.207104
0.499457
0.507235
1.062978
0.989864
1.294550
1.791424
2.084660
2.363318
2.203039
1.879505
1.714729
1.124051
0.869429
0.669316
0.481759
0.320258
-0.605024
-1.358263
-1.954660
-2.251056
-2.839888
-2.731229
-2.333192
-1.569040
-1.764525
-1.955405
-2.217131
-2.334947
-1.539055
-1.288147
-1.170729
-0.500363
0.505735
0.481471
-0.241502
0.273446
0.856999
0.490274
0.717668
0.686101
0.626155
0.596116
0.423457
-0.028124
0.008767
-0.317109
-0.588925
-0.612314
-0.015434
0.424256
0.907374
1.666842
1.758327
1.341421
1.343417
1.329083
0.999165
0.352885
-0.006439
0.197938
0.073904
-0.048433
0.239452
0.208864
0.021271
0.406107
-0.124798
-0.322125
-0.318987
-0.579623
-0.829422
-0.994250
-0.966161
-0.842740
-0.717990
-0.533670
-0.632896
-0.411319
-0.619726
-0.255786
0.063578
0.225523
0.082452
0.282905
0.244913
0.214757
-0.152555
-0.965031
-0.892889
-1.021199
-1.048282
-0.856221
-1.275782
-1.251759
-1.428389
-1.779657
-1.263656
-0.490978
0.065365
0.155187
-0.268635
0.528855
1.158447
0.941068
1.192819
0.877820
0.750183
0.305424
0.189217
-0.017863
-0.493031
-0.601592
-0.561266
-0.758965
-0.788147
-0.490942
-0.142334
0.066810
-0.074054
0.434902
1.229427
1.551448
1.052326
0.794983
0.481279
0.113741
-0.335733
-0.746784
-1.098816
-0.942906
-0.585129
0.278473
0.833663
0.860248
1.255154
1.352955
1.794773
1.300190
0.526861
0.067725
-0.469835
-0.801329
-0.760073
-1.127319
-1.459273
-1.347205
-1.290380
-0.968181
-0.446891
-0.288796
0.196444
0.429830
0.664423
1.247463
1.264782
1.570897
1.435866
1.454381
1.617717
0.800411
0.378755
0.048853
-0.371508
-0.306075
0.166932
0.269454
-0.070169
-0.736754
-0.680112
-0.291325
-0.287142
-0.221218
0.400225
0.736596
0.830358
0.379467
0.152620
0.695783
0.988613
0.712082
-0.110638
-0.301698
-0.405970
-0.175270
0.121792
0.594549
0.219017
-0.292986
-0.479634
-0.560564
-1.416554
-1.953898
-1.300960
-0.750846
-1.370965
-1.355657
-0.644836
-0.928153
-0.655394
-0.190821
-0.755481
-0.856347
-0.820049
-0.543493
0.067888
0.175668
0.380993
0.811503
0.086249
-0.069147
0.192699
0.238975
0.153069
0.303353
-0.000281
0.323739
0.136459
0.152723
0.011255
-0.351236
-0.481736
-0.632302
0.388437
0.627683
0.765125
0.833995
0.857384
1.117613
0.565594
0.431959
0.167217
-0.240572
0.052485
-0.708932
-0.598803
0.004760
0.766320
0.504039
-0.142581
-0.596496
-0.894669
-0.581210
-0.759480
-0.485292
-0.463133
-0.429407
-0.300492
-0.020545
-0.319933
-0.444132
0.245878
0.617664
0.246167
-0.380308
-0.184756
-0.334287
-0.233766
0.285996
0.484845
0.570503
0.992058
1.252679
0.930008
0.761461
1.075165
-0.003665
-1.045256
-1.435925
-1.458658
-2.064010
-2.927888
-2.367721
-1.815275
-1.299039
-0.775760
-0.795495
-0.481005
0.726855
0.685800
0.392989
0.213056
0.208141
0.204159
0.091745
0.465238
1.027056
1.284311
1.371715
0.898159
1.045431
1.043679
0.540259
0.625848
0.681407
0.957324
0.865809
0.706453
-0.197188
-0.429001
-0.400593
-0.821688
-1.039589
-0.426055
-0.402955
-0.957117
-0.956099
-1.325575
-1.747708
-1.264417
-0.457722
-0.089391
0.602268
0.301587
-0.062960
0.400719
0.862542
0.848568
0.706635
0.350897
0.194741
0.273775
-0.211888
0.085369
0.097378
0.012086
0.685010
1.446926
1.968810
1.891839
1.144852
1.118434
0.946258
0.026333
-0.008947
0.189214
-0.278442
-0.861438
-1.069570
-0.602708
-0.782909
-1.162727
-0.573345
-0.895336
-0.673463
-0.039558
0.266247
0.400094
0.534254
1.195752
2.410983
1.756323
1.549956
1.067957
0.569660
-0.044091
-0.257601
-0.294177
-0.573645
-0.704151
-0.819075
-0.876190
-0.361320
0.320813
0.729223
0.532022
1.088142
1.669587
1.838973
1.986217
1.213229
0.159089
-0.170793
-0.345710
-1.214909
-1.683148
-0.584108
-0.678637
-1.002252
-1.114281
-0.842410
-0.328746
0.152283
0.548513
0.558879
1.054125
1.107789
1.252181
1.835780
1.355660
1.428765
0.947329
0.475985
0.646128
0.353839
0.814767
0.943009
1.064386
0.895777
0.585085
0.583031
0.294286
0.333732
0.753822
1.377621
1.274528
1.383215
1.017575
0.413297
-0.317719
-1.076255
-1.676590
-1.426144
-2.065392
-2.462879
-2.827371
-3.109462
-3.127211
-2.942317
-2.685818
-2.290370
-2.709091
-3.051334
-2.551746
-2.632946
-2.366982
-2.466973
-2.802403
-2.984444
-2.676119
-1.621800
-0.763972
-0.342698
-0.265467
0.296449
0.384092
0.453203
0.559396
1.560851
