-1.364746
-1.123834
-0.341587
0.309533
0.377680
0.514763
0.212829
0.336971
0.228739
-0.000489
-0.397157
-0.507761
-0.544334
-0.943819
-1.378356
-2.077684
-2.084333
-1.480095
-0.792279
-0.137729
0.287015
0.381676
0.041964
-0.030813
0.683151
0.951645
0.951568
0.545542
0.319595
0.361172
0.281504
-0.057461
-0.481690
0.033242
0.483832
0.914242
0.446496
0.332804
0.715752
0.897160
0.753113
0.494589
0.499883
0.910286
0.911582
0.634076
0.610713
0.677467
0.821714
0.939509
0.965540
0.378559
0.187120
-0.291545
-0.305967
0.013378
0.438753
0.409507
0.008631
0.068243
0.196995
0.240174
0.473679
0.934229
1.112935
0.600999
-0.190981
-0.207907
-0.267659
0.416786
0.871894
1.033708
0.969831
1.331713
0.807497
0.463200
0.458537
0.069554
-0.123748
-0.446266
-0.431283
-0.321530
-0.046372
-0.121575
-0.239839
-0.280045
-0.534743
-1.201146
-1.366015
-1.854974
-2.066530
-1.839404
-1.698267
-1.400673
-1.014547
-0.458169
-0.032453
0.735562
0.736459
0.742414
0.236008
-0.225555
-0.119270
0.349428
0.062193
0.325023
0.487708
0.005209
-0.528754
-0.505242
0.258332
0.271746
0.652650
0.866899
1.025604
1.164578
1.044495
0.588778
0.336951
-0.070724
-0.245556
-0.617525
-0.754918
-0.617927
-0.716672
-0.655462
-0.376923
0.186362
0.542507
0.819890
0.920240
0.908366
0.508856
0.332219
0.597653
0.863166
0.950082
1.019381
0.602041
-0.176291
-0.836418
-1.120629
-1.179751
-1.249964
-1.160490
-1.530434
-1.826522
-1.719208
-1.561187
-1.566967
-1.446034
-1.074622
-1.093884
-1.125835
-0.951165
-0.919638
-1.105758
-1.248288
-0.658559
-0.182933
-0.516445
-0.977721
-1.242521
-0.591086
-0.464220
-0.226801
0.220050
0.390291
0.661316
0.585637
-0.100904
-0.603835
-1.130241
-1.029020
-0.955701
-0.681472
-0.496362
-0.928053
-0.757003
-0.501020
-0.220440
-0.191262
-0.266280
-0.183753
-0.198551
-0.156303
0.247555
0.886207
0.887777
0.827758
0.482578
0.252865
0.364409
0.483611
0.788278
1.146198
1.189770
0.867895
0.257418
0.184487
-0.013562
-0.372321
0.035662
0.686675
0.864840
0.844827
1.649640
1.350184
0.784722
0.198511
-0.113018
0.177537
0.481484
0.662835
1.162216
1.456708
1.887232
1.939613
1.610094
1.508680
1.829195
1.627915
1.329175
1.156433
0.216290
0.319165
0.147456
0.052984
0.390079
0.936695
1.033210
0.809334
0.995768
1.177270
1.286149
1.251829
0.867486
0.495480
0.392371
0.070616
0.138841
0.257111
0.722928
0.848204
1.222729
1.357046
1.398903
1.170441
1.415228
1.261542
1.387807
1.392722
1.178115
0.893699
0.110358
0.044647
0.398701
0.649298
0.546440
0.075422
-0.479997
-0.466722
-0.193774
-0.095980
-0.585301
-0.487147
-0.561366
-0.211186
0.115851
-0.784198
-0.975748
-0.838147
-1.028429
-1.501056
-1.267649
-0.954313
-1.093297
-1.520581
-1.740973
-1.499438
-1.035901
-1.294756
-1.041394
-0.328115
-0.215493
0.330117
0.645248
1.216921
1.433034
1.434902
1.748164
1.795602
0.987520
0.250682
-0.302886
-0.293282
-0.604081
-0.431210
-0.558315
-0.632392
-0.706787
-0.754539
-0.619245
-0.095026
0.300050
0.226569
0.087729
-0.155354
-0.364195
-0.166323
0.313888
0.423381
0.817706
0.727113
0.625620
0.458149
0.239804
0.172375
-0.339566
-0.319704
-0.644769
-0.790299
-1.438306
-1.407742
-0.805642
-0.860993
-1.323147
-0.973180
-0.306646
0.410221
0.307878
-0.038918
-0.316829
-0.893303
-1.348725
-1.325305
-1.037021
-0.663720
-0.253711
-0.772470
-0.923345
-1.025364
-0.996455
-0.904959
-0.236168
-0.141525
0.126698
0.510772
0.483400
0.489070
-0.100238
0.326701
0.688851
0.774382
0.626170
0.601617
0.741925
0.621895
0.164965
-0.100433
-0.168143
0.201821
0.625664
1.096461
1.399252
1.385190
1.936751
2.349972
2.302541
2.092535
1.730612
1.119366
0.729509
0.011199
-0.429818
-0.665321
-0.491035
-0.035995
-0.466207
-0.676960
-0.459944
-0.242674
0.080855
0.649539
0.765059
1.115702
0.691385
0.411248
0.112975
0.153076
0.062478
0.527127
0.583036
0.542843
0.757721
0.595969
0.657707
0.587194
0.881941
0.901515
0.912521
0.757805
0.323030
-0.135969
-0.088607
-0.184103
-0.367058
-0.579176
-0.886755
-1.297116
-1.839628
-2.852308
-3.176528
-2.294251
-1.405537
-0.735736
-0.999687
-1.398249
-1.734670
-1.545310
-0.992763
-0.694944
-0.733217
-0.484242
-0.562914
-0.606325
-0.867856
-0.482591
0.163696
0.490848
0.822287
0.449201
0.113464
-0.343598
-0.304964
-0.216776
0.045168
0.244017
0.440352
0.266775
0.214296
0.110170
0.280384
0.602043
0.929373
1.311605
1.242734
1.921762
2.120691
2.336652
2.342240
2.439553
2.404325
2.103592
0.999508
0.093450
-0.638889
-0.918620
-0.892979
-0.979345
-1.168930
-1.405850
-1.180744
-0.951438
-0.762053
-0.359963
0.063222
-0.003213
-0.253800
-0.193170
0.103650
0.182643
0.439430
0.406748
-0.019319
-0.001465
-0.139961
-0.188633
-0.183209
-0.274152
-0.350310
-0.183678
-0.326554
-0.579450
-0.753479
-0.947846
-1.398123
-1.354107
-1.237250
-1.368211
-1.471887
-1.532857
-1.219225
-1.038139
-0.393595
0.193795
0.816302
1.352555
1.524586
1.967552
1.893740
1.498405
1.120723
1.362347
2.225483
2.582479
1.790633
1.009296
0.512194
0.646020
0.059797
-0.283252
-0.430810
-0.734440
-1.412639
-1.261894
-0.943348
-0.161376
-0.098306
-0.346636
-0.778085
-1.003522
-0.951342
-1.203908
-1.659626
-2.211098
-1.797212
-1.586700
-1.928793
-1.957441
-1.408940
-1.252508
-1.426901
-1.099653
-0.895489
-0.759052
-0.664669
-0.624491
-0.315038
-0.373473
-0.379318
0.052567
0.506532
0.781711
0.351015
-0.143746
-0.454034
-0.558759
-0.947360
-0.978232
-0.855504
-0.475729
0.025500
-0.108167
-0.048690
0.669389
1.141949
1.467969
2.040336
2.187611
2.284030
2.088819
1.882295
2.028294
1.969325
1.192124
0.642551
0.509329
0.492618
0.511482
0.627048
0.382734
-0.031920
-0.196698
-0.259220
0.296884
0.454189
0.601656
0.665197
0.923682
1.469663
1.770770
1.554798
1.430506
1.386358
1.375214
1.033948
0.859472
1.049243
0.794093
0.915740
1.229016
1.521473
1.617147
1.639538
1.134645
0.788081
0.381234
0.309535
0.656649
1.016295
0.855235
-0.067557
-0.818758
-1.777996
-2.255822
-2.843061
-3.099145
-2.702204
-2.304588
-2.135075
-1.778737
-1.675304
-1.610569
-1.363514
-0.931070
-0.631734
-0.145397
0.311272
0.469310
-0.616175
-0.649303
0.114906
0.295851
0.522629
0.491152
0.431367
0.401430
0.046987
-0.403359
-0.548798
-0.691577
-0.780423
-0.621515
-0.026250
0.047801
0.529607
1.104792
1.560476
1.509167
0.782242
0.403477
0.256686
-0.023396
-0.381729
-0.177920
-0.119382
-0.423628
-0.136503
0.197440
0.374823
0.394150
0.046916
-0.332109
0.217717
-0.042210
-0.655803
-1.002417
-1.338872
-1.215785
-0.909139
-0.725299
-0.459807
-0.056615
-0.082224
0.280731
0.417016
0.396269
0.800286
1.182451
0.780091
0.385550
-0.345228
-0.791062
-0.536868
-0.482594
-0.509603
-0.135830
-0.372037
-0.530312
-0.706465
-0.874471
-0.542177
0.046195
0.601030
0.690611
0.632385
1.063268
1.508922
0.927663
0.814265
0.682353
0.190593
-0.070713
-0.551090
-0.575375
-0.502555
-0.793037
-0.752841
-0.767750
-0.614638
-0.500453
-0.335041
0.420239
0.279757
0.969626
1.944159
2.447657
1.949810
1.328656
0.651353
0.102594
-0.345683
-0.573387
-0.742252
-0.951194
-0.412170
-0.097588
0.273866
0.300360
0.694216
0.974005
1.232298
0.921269
0.150128
-0.490000
-0.479421
-0.627784
-0.768874
-0.952892
-1.101733
-0.625500
-0.751043
-0.976419
-0.820993
-0.116658
0.367288
0.600043
0.651769
0.868778
0.886033
1.373573
1.421122
1.439587
1.238032
0.605152
0.002423
-0.326587
-0.381360
-0.316086
0.155622
0.257886
0.101400
-0.381169
-0.142446
0.245306
-0.114991
0.132995
0.752752
0.541529
0.270550
0.185344
0.141349
0.500808
0.610611
0.517082
-0.121197
-0.493955
-0.597963
-0.367888
-0.071610
0.035399
-0.339116
-0.849754
-1.035897
-1.116607
-1.605793
-2.141722
-1.490588
-1.124121
-1.378113
-1.180651
-0.653949
-1.118733
-0.664479
-0.383397
-0.582061
-0.864887
-0.646473
-0.552884
-0.307620
0.164334
0.369104
0.798354
0.439568
0.466942
0.545921
0.227470
0.141797
0.473908
0.353311
0.494239
0.489700
0.505920
0.364835
0.367778
0.419865
0.451932
0.740996
0.615127
0.934430
1.003114
0.844225
0.739281
0.370990
0.237717
0.155908
-0.250779
-0.140753
-0.717871
-0.608040
0.176121
0.388935
0.309583
0.029181
-0.423525
-0.720872
-0.590495
-0.950498
-0.859305
-0.654953
-0.439107
0.053935
0.515355
-0.329925
-1.364940
-1.041261
0.240668
0.234639
-0.025669
-0.012880
0.020230
0.120458
0.274366
0.472694
0.375886
0.431832
0.691748
0.916633
0.201859
-0.214298
-0.925646
-1.599967
-1.807364
-1.830019
-1.887044
-2.201907
-2.372172
-2.185670
-1.488597
-1.148968
-0.621966
0.056126
0.531795
0.673086
0.927769
0.566070
0.014486
-0.536165
-0.830513
-0.093562
0.831183
0.541041
0.263759
0.520422
0.667291
1.212228
1.074624
0.977766
1.033173
1.308343
1.034846
0.875921
-0.025297
-0.620933
-0.957053
-1.194771
-1.047633
-0.617998
-0.594957
-1.147619
-1.328895
-1.332846
-0.842666
-0.542974
-0.102892
0.082227
0.772015
0.654362
0.473054
0.935536
1.396109
1.382020
0.876099
0.521324
0.730058
0.626644
-0.039940
-0.472403
-0.460430
-0.181039
0.307849
0.885454
1.223709
1.511410
1.313130
1.104549
0.568387
0.197638
0.162451
0.542316
-0.106332
-1.052179
-1.624217
-1.887554
-1.520565
-1.170439
-0.582652
-0.903771
-0.864733
-0.232543
0.072435
0.205919
0.704184
1.363890
1.664683
1.558478
1.717138
1.600892
1.286178
0.491855
0.096687
-0.122024
-0.765166
-0.895337
-1.009950
-0.884681
-0.371200
0.309087
0.898625
1.248642
1.256573
1.654229
2.187588
2.516743
2.110258
1.058950
0.183280
-0.173418
-0.493619
-0.960534
-0.775619
-1.052107
-1.556966
-1.851079
-1.033223
-0.338714
0.141013
0.536166
0.728741
0.858199
0.911718
1.055700
0.908841
0.976665
0.867357
0.387224
0.099371
0.451306
0.342043
0.619508
0.747345
0.868394
1.246905
1.301599
0.935063
0.829334
1.050907
1.105392
1.545269
1.442455
1.550848
0.821748
0.765770
0.401199
-0.537498
-1.136228
-1.250908
-1.888426
-2.284838
-2.283875
-2.747437
-2.947372
-2.580742
-2.142707
-2.295034
-2.348150
-2.507232
-2.737932
-3.001146
-3.100352
-3.200110
-3.170088
-3.351828
-2.861988
-1.810522
-1.137288
-0.352628
0.088861
0.284784
0.554426
0.805590
0.547024
0.816851
