0.529555
1.179305
0.793603
0.872595
1.043798
1.075072
0.621430
0.216530
0.017602
0.612813
0.755343
0.719250
0.693204
0.589939
0.587804
0.426502
0.452874
0.138511
0.507364
0.479893
0.604535
-0.387475
-0.266407
-0.455338
-0.536977
-0.887995
-0.951878
-1.290846
-1.244710
-0.772883
-0.219283
0.501222
0.191392
-0.165393
-0.713995
-0.149937
0.133070
0.719996
0.898946
1.021637
0.483739
0.598663
0.748373
0.811779
0.973492
0.644974
0.182350
-0.518802
-0.566507
-0.284137
0.347812
0.310967
0.369744
-0.355688
-0.891513
-1.026708
0.319024
1.059376
1.076818
1.236329
0.823799
0.419278
-0.033141
0.553247
0.279064
-0.032454
-0.654691
-0.257256
0.131079
-0.073635
-0.799524
-0.515313
-0.705500
-0.669384
0.168068
0.874482
1.450034
0.920708
0.715049
0.137075
0.269991
0.325641
0.639005
0.792040
0.286777
-0.407696
0.160161
0.063417
0.533054
1.313306
1.338451
1.281256
1.179817
1.236850
0.612049
0.082620
0.166512
0.806336
1.634785
2.016405
1.414617
1.133616
0.790880
0.563142
0.450407
0.576840
0.428917
-0.137281
-0.251831
-0.299550
0.009752
0.253650
1.142462
1.671322
2.447545
1.882516
1.269572
0.540590
0.220075
0.230813
0.439548
0.626761
0.249642
-0.051386
0.107811
0.088730
-0.496598
-0.374169
0.295186
1.625135
1.710043
1.635893
1.051331
0.658495
0.147888
0.373548
0.644402
0.709773
0.861645
0.267948
0.116027
0.691352
1.361725
1.833309
1.805053
0.925643
0.309813
-0.032978
0.693725
1.054158
0.681807
-0.139775
-0.423438
-0.697741
-0.056372
0.686937
0.931476
0.723625
0.686534
1.566023
2.066281
2.292372
1.574913
1.622277
1.524925
1.156544
0.346755
-0.067881
-0.134898
-0.702208
-1.251721
-0.769510
0.073329
0.755257
-0.092676
0.385900
1.377108
1.453283
1.643167
0.756665
0.340977
-0.650387
-0.905011
-0.233073
0.061782
-0.276889
-0.396898
0.055332
0.035199
0.345758
-0.023978
-0.493940
-1.362148
-0.899240
-0.975365
-1.012050
-1.732935
-1.556325
-1.181733
-0.416717
-0.052230
-0.271441
-0.478041
-0.083023
0.362687
-0.041974
-0.181936
-0.859583
-0.705874
-0.574749
-0.931929
-1.876013
-2.204274
-2.205688
-1.839815
-2.030019
-1.880569
-1.316159
-0.986978
-0.957998
-0.994933
-0.986463
-1.187384
-0.986867
-1.089130
-1.163784
-1.475666
-1.332338
-1.607930
-1.638452
-1.998633
-1.507781
-1.027100
-0.858051
-0.677195
-0.733934
-0.393852
0.021707
0.683296
0.738912
0.692073
0.484158
1.361896
1.290882
1.146469
0.985218
0.742047
0.508686
0.690068
0.530356
0.256300
0.153041
0.229896
0.126312
-0.233795
-0.130425
0.434704
0.928307
0.238833
-0.562968
-0.791025
-0.573218
-0.413284
-0.544924
-0.857794
-1.425165
-1.687524
-1.628723
-1.156877
-1.007652
-0.940053
-0.870931
-0.312525
-0.774851
-1.244864
-1.783920
-1.594730
-1.397434
-1.349304
-1.641794
-1.611069
-1.976096
-1.909952
-0.990138
0.031579
0.971444
0.613545
-0.270235
-0.825741
-0.730162
-0.486025
0.193065
-0.410741
-1.409256
-1.750985
-1.100289
-0.836153
-0.534474
-0.271192
-0.525887
-0.126941
-0.625204
-0.407167
-0.311907
-0.026722
0.114051
0.333421
0.341607
0.820181
0.622931
0.634618
0.123804
-0.009238
-0.021171
0.127439
0.429843
0.527662
0.388910
-0.007010
0.463942
0.792058
1.671896
1.622918
1.217900
0.923841
1.094007
0.950122
1.214101
1.119408
0.535968
0.366172
0.223787
0.404193
0.384451
-0.116052
-0.531271
0.074531
1.236745
3.059353
3.577570
3.417712
1.766186
0.740757
0.299380
0.866971
1.213425
1.052571
0.676918
0.410643
0.651759
0.695572
0.806202
-0.210456
-0.319959
-0.254782
0.508286
0.684669
1.317803
1.118552
0.550145
0.210079
0.068991
0.580098
0.912514
0.906899
0.229595
0.050731
-0.649229
-0.429386
-0.475576
-0.410391
-0.676718
-0.506317
-0.790150
-0.659865
-0.615054
-0.268228
0.456409
0.534733
0.716211
0.028689
-0.259656
-0.467686
0.559319
0.704685
0.713014
-0.268949
-0.692716
-0.644978
-0.237209
-0.218564
-0.058295
0.419275
0.561089
0.195969
-0.240094
0.080605
0.561369
1.165419
0.805391
0.848302
1.190766
1.323469
1.019133
1.451478
1.930736
2.177130
1.394987
0.367760
-0.147913
0.079360
0.362155
0.690198
1.092400
1.205061
0.893242
-0.126791
-0.170244
-0.124327
-0.256019
-0.166084
0.067126
-0.057243
0.208776
1.003780
1.526014
0.676395
-0.374324
-0.072759
-0.242469
-0.399469
-1.180187
-0.753654
-0.443310
0.263153
0.079262
-0.185417
-0.561788
-0.548894
-0.585302
-0.407210
-0.484909
-0.648370
-0.338148
0.097547
0.485462
0.389516
-0.014583
-1.013403
-0.737000
-0.690592
-0.444302
-0.164782
0.060084
-0.069399
-0.396983
-1.038972
-1.319578
-0.970155
-1.067364
-1.003259
-1.485252
-1.304632
-1.350855
-1.442563
-1.564095
-0.807549
-0.190119
0.636873
1.042496
0.675991
0.375955
0.198985
-0.253381
-0.782475
-1.065418
-1.312793
-0.935745
-1.282391
-1.204992
-0.922199
-0.034216
0.117917
0.261925
-0.085712
-0.453843
-0.608835
-0.585852
-1.085481
-1.780559
-1.835714
-2.101803
-2.121585
-1.802862
-0.944669
-0.607480
-0.066290
-0.479230
-0.004106
-0.290039
-0.817590
-0.914040
-0.341754
-0.547487
-1.045731
-1.310029
-1.102957
-0.509812
-0.160042
0.388781
1.094677
1.848814
1.595016
1.929896
1.477752
1.058583
0.829081
0.980334
0.488277
-0.056113
-0.923208
-1.377982
-1.231079
-0.485466
0.308742
-0.049875
-0.557424
-0.822788
-0.172817
0.515130
0.640248
-0.139662
-0.035020
0.075556
0.358005
0.498449
0.942458
1.075801
0.630552
0.573031
0.600720
0.678136
0.140521
0.217578
-0.149968
0.425310
0.451278
0.272527
-0.028059
-0.148430
-0.281377
-0.026053
0.029066
-0.057331
-0.245767
-0.008618
0.051042
-0.440702
-0.770668
-1.489152
-1.386711
-0.982767
0.131461
0.327680
0.269717
-0.081022
-1.005053
-0.719327
0.421434
0.749381
-0.060976
-0.304446
-0.477753
0.274557
-0.168499
0.495200
0.477913
0.458153
-0.071296
-0.304015
0.129715
0.847091
0.536653
-0.255520
-0.888141
-0.952624
-0.613350
-0.341862
-0.078998
-1.023261
-1.509189
-1.731470
-1.324627
-1.186098
-0.594275
-0.608616
-0.863573
-1.070652
-0.363184
0.534840
1.065560
0.507596
0.129268
0.100190
0.277958
0.722627
0.176441
0.054821
-0.429086
-0.295369
-0.473794
-0.841480
-1.617616
-1.323219
-1.388906
-1.991909
-1.774989
-0.963423
-0.482555
-0.181443
0.546445
0.036176
-0.347929
-0.488202
-0.185666
-0.963105
-0.547390
-0.481732
0.048213
0.272865
-0.107490
-0.842743
-1.122801
-1.349552
-1.888844
-1.511043
-0.738444
-0.229579
-0.267485
-0.285579
-1.050320
-0.858315
-0.840455
-0.642286
-1.163481
-1.672510
-1.277528
-0.946475
-0.832367
-0.332907
-0.041925
0.079355
0.672680
0.379035
0.240875
-0.672717
-0.482009
-0.340356
-0.248070
-0.770361
-1.149021
-1.159415
-0.835291
-0.823414
-0.465667
-0.400759
-0.175048
-0.269043
-0.591083
0.381353
0.174353
-0.275517
-0.621653
-0.829082
-0.887946
-0.284649
0.007949
0.661023
0.246369
0.047965
-0.473193
-0.871319
-1.181938
-1.191546
-0.487017
-0.857194
-0.844871
-1.022506
-0.399884
-0.541814
-0.426337
-0.352040
-0.097757
-0.295356
-0.607247
-0.543083
-0.201804
0.093748
0.097679
0.326415
-0.290272
-0.366856
0.044098
0.627843
0.089035
-0.286334
-0.509651
-0.527338
-0.754800
-0.217680
0.482108
0.926306
1.064886
1.167023
1.007690
0.488109
0.916157
0.727085
0.707966
0.071679
0.335429
0.854236
1.414003
1.181666
0.967405
0.437420
0.068979
0.041453
0.760545
0.561763
-0.146439
-0.202187
0.052436
0.721883
0.955743
1.296680
0.615688
0.417545
0.152224
0.267677
-0.014893
0.088210
0.360609
1.189758
1.612204
1.065571
1.040514
1.147917
1.565173
1.452263
1.537257
1.165661
1.458552
1.387571
2.075322
1.914219
2.264001
1.945663
1.485480
1.447538
0.993847
0.909401
0.815427
1.410232
1.445972
1.599344
1.252375
0.972801
0.310424
0.292542
0.376686
0.792964
0.838799
0.810641
1.131184
1.566320
1.575550
1.216190
0.855566
1.145755
1.551722
1.218670
1.351053
0.576321
-0.139888
-0.678050
-0.543741
-0.704686
-0.749879
-1.220569
-1.305085
-1.353999
-1.202629
-0.797276
-0.611530
0.002734
0.408330
0.995955
1.222800
1.910711
1.880889
1.881836
1.516788
1.140837
0.735585
0.867343
0.494784
0.086945
-0.443602
-0.595177
0.112985
0.482710
1.173778
1.068741
1.349074
0.981734
1.020209
0.602253
0.430642
0.731670
0.753115
0.508872
0.445249
0.277166
0.417827
1.010478
1.171191
1.624347
1.594811
1.681402
1.169738
1.094285
0.765098
0.692223
0.210134
0.020964
0.031797
0.306740
0.209063
-0.046350
0.209442
0.565966
0.647007
1.362051
2.279144
2.110820
2.329746
2.148287
1.921862
1.692954
1.521564
1.011955
0.653696
0.359078
0.377615
0.663864
1.618735
2.628053
2.619612
2.500689
1.556347
1.133353
0.728866
0.756027
0.413027
0.470029
-0.172471
-0.229044
0.347121
0.480301
0.622165
1.274466
1.376949
0.764171
0.776230
0.445718
0.455623
-0.104459
0.217036
-0.067445
0.642225
0.915609
0.697662
0.648137
0.636122
0.625616
1.030584
1.587068
1.188984
0.794095
-0.026053
-0.232478
0.098452
1.258500
1.661714
2.192346
1.703435
1.196281
0.712668
1.118903
1.004607
0.789225
1.015952
0.938956
0.288289
-0.691143
-1.204871
-1.835529
-1.080437
-1.181987
-0.900949
-0.616493
-0.225491
-0.337734
-0.377326
-0.717990
-0.641951
-0.473589
-0.225992
-0.094574
-0.247543
-0.371522
-1.468008
-2.013545
-2.106861
-1.765549
-1.386379
-0.537371
-0.477761
-0.536196
-0.910659
-1.025350
-1.060450
-1.078599
-1.192463
-1.192305
-1.182809
-1.449490
-1.397354
-1.995350
-2.203097
-2.153508
-1.369919
-1.343982
-0.860830
-0.473338
-0.214740
-0.696628
-1.234902
-0.698019
0.068926
-0.308807
-1.206994
-1.177166
-1.534985
-1.630230
-1.451151
-1.130960
-1.587256
-1.907459
-2.794277
-2.898951
-2.749862
-2.274628
-2.141306
-2.601384
-3.174677
-3.098812
-2.232256
-1.839972
-1.060465
-0.717384
-0.738823
-1.530794
-2.225633
-2.819067
-2.611221
-2.320109
-1.866009
-1.902401
-2.071595
-2.373919
-2.336242
-2.197712
-1.855731
-1.097170
-1.082971
-1.020037
-1.341921
-0.960863
-0.836050
-0.899653
-1.239408
-1.447810
-1.713576
-1.055137
-0.659845
-0.810450
-1.165632
-1.879394
-1.472980
-1.050770
-0.739701
-0.995408
0.117621
0.850112
1.584683
1.177722
0.649984
0.021474
0.043440
0.036082
0.339807
0.064190
-0.229478
-0.268319
-0.464013
-0.197900
0.547220
0.848022
0.939798
0.931392
0.901413
1.364082
