-1.194040
-1.538329
-0.945492
-0.864998
-0.891509
-0.660754
-0.326493
0.053120
0.048863
0.245047
0.587662
0.943773
1.111151
0.814387
0.224668
-0.122611
-0.877339
-0.993640
-0.244539
0.697912
1.019291
0.831075
0.559368
0.570605
0.687919
0.732580
1.258183
1.318405
0.972063
0.655508
0.416318
0.930587
1.606732
1.647725
1.887894
1.656935
1.355540
0.566911
0.150977
0.067710
-0.069000
-0.336970
-0.578925
-0.713938
-0.948137
-1.080111
-1.145686
-0.860909
-0.518004
-0.438560
-1.187387
-1.808854
-1.944468
-0.704547
0.723354
1.372471
0.740268
-0.485267
-2.019244
-2.253625
-1.293812
-0.522677
-0.185296
-0.774101
-1.040190
-0.957202
-0.591949
-0.589638
-0.405421
-0.022255
0.824206
1.101944
0.917372
0.174095
-0.768412
-1.446903
-2.441200
-2.956841
-2.763390
-1.574935
-0.854404
-0.216603
0.093320
0.640702
1.135121
0.852073
0.426532
0.318897
-0.011460
-0.805143
-1.950302
-3.177191
-3.466355
-2.241521
-0.711226
-0.057458
-0.170635
-1.104531
-1.853396
-1.866396
-1.675926
-1.563322
-1.895941
-1.529271
-0.856421
-0.334895
0.109196
0.719709
1.184569
0.945604
0.079969
-0.072515
-0.566271
-1.220552
-2.218603
-2.188987
-1.614314
-0.959619
-0.297754
-0.283461
-0.660982
-0.675630
0.314714
0.797066
0.949627
0.351207
-0.024188
-0.493019
-1.209416
-1.860805
-1.772595
-1.453418
-0.664373
0.511099
1.173392
0.614026
0.298958
0.368208
0.712124
0.713918
0.558698
-0.439672
-1.731129
-2.633650
-2.859575
-1.582220
-0.823502
-0.379730
-0.252459
-0.091467
0.522106
0.888431
1.391508
1.512548
1.555064
0.912414
-0.019789
-0.999890
-2.396071
-3.871851
-3.388490
-2.587041
-1.730443
-1.487949
-1.002564
-0.194440
0.771037
1.730761
2.447960
2.866675
2.132808
0.458366
-0.862287
-1.755267
-1.992496
-2.107967
-1.729754
-1.272438
-1.086219
-0.395665
0.171954
1.157766
1.500199
1.194796
1.290267
1.337203
0.825804
0.285883
0.260532
-0.210649
0.210847
1.120770
1.829117
1.307335
1.231525
1.779697
2.627158
3.187738
2.774843
1.970206
1.354888
1.338618
1.332708
1.319199
0.771008
0.567094
0.627791
0.750469
0.708922
1.026895
1.647427
2.079758
2.346917
2.347481
2.511796
2.329143
1.693918
0.873660
0.609331
0.643283
0.607439
0.613722
0.603623
0.603669
0.895505
1.214193
1.491419
1.437862
1.361123
1.133213
1.170910
0.874522
0.564623
0.536027
0.326234
0.265361
0.015503
-0.155298
-1.067995
-1.018125
-0.283086
0.490069
0.184010
-0.279880
-0.618494
-0.967640
-1.003252
-0.836670
-0.654887
-0.422642
-0.110624
-0.018180
0.258743
0.553244
0.777863
0.675846
0.247483
-0.435225
-0.131428
0.454535
0.233209
-0.335734
-0.764295
-0.691650
-0.609974
0.189907
0.902440
1.741783
1.621774
0.986234
0.662635
0.147917
-0.863000
-0.541096
0.360993
0.417771
-0.178907
-0.571208
-0.522563
-0.411466
0.021166
0.647577
0.706018
0.034165
-0.731428
-0.977135
0.049234
0.754136
0.792997
-0.093034
-1.029442
-1.534093
-0.948693
0.226706
0.474982
-0.063053
-0.785499
-1.465644
-1.986583
-2.037232
-1.836923
-1.152949
-0.744825
-0.068583
0.019401
-0.423883
-0.397854
-0.203044
-0.326283
-0.120763
0.094910
0.572093
0.832161
0.618205
-0.220191
-0.905498
-0.228706
0.611547
1.200310
0.493664
-0.355493
-1.054485
-0.911278
-0.718689
-0.811393
-1.231925
-1.373496
-1.113436
-0.615790
-0.205159
-0.177268
-0.323195
-0.144262
0.231590
0.524189
0.891866
0.308400
-0.704257
-1.848683
-2.124128
-1.105736
0.008004
0.371166
-0.255657
-1.063116
-0.913751
-0.091052
0.527041
0.074035
-0.857540
-1.400750
-1.688455
-0.927613
0.135581
0.780673
0.554107
-0.049172
-0.399939
-0.404526
-0.187528
0.447696
0.892610
0.614137
0.160273
-0.430888
-0.317559
-0.101960
0.578980
0.800025
0.560607
1.009178
1.717881
2.272435
1.996980
0.953977
-0.368591
-1.394162
-1.469242
-0.607162
-0.423292
-0.117542
-0.195040
-0.400801
-0.571700
-0.243778
0.351991
0.564646
0.347979
0.195863
0.393112
0.601925
0.179494
-0.719212
-0.774235
-0.153683
0.777563
1.096537
0.796303
0.026268
0.058247
-0.293163
-0.743085
-0.423561
0.051707
0.278639
-0.227236
-0.571890
-0.359921
0.196029
0.287113
0.515426
0.784065
0.707417
0.321295
0.440311
0.729235
0.509952
-0.308667
-0.460633
0.382602
0.855212
0.495805
-0.210620
-0.925448
-1.321422
-0.810731
0.308704
1.610587
1.907142
1.355176
0.811691
0.822703
0.839659
0.743934
0.662756
0.883196
1.021361
0.650272
0.071246
0.028168
0.395595
0.522544
0.566245
0.283516
0.511759
0.109838
-0.374337
-0.570038
0.015460
0.869434
1.500202
1.157364
0.259109
-0.493703
-1.004693
-1.126056
-0.774186
-0.268124
-0.127479
0.163511
0.231517
0.349477
0.334008
0.481801
0.972710
1.436600
1.014863
0.059310
-1.274820
-1.854146
-1.826439
-1.535781
-0.734550
0.188616
0.650014
0.770395
0.724913
0.310548
0.355593
0.816017
0.701319
-0.178591
-0.996180
-1.823552
-1.573242
-1.156013
-1.113775
-0.511607
-0.027442
0.463630
1.192515
1.909174
2.082632
1.609727
1.086043
0.245731
-0.587245
-0.606596
-0.145497
0.353459
0.434916
-0.043997
-0.854577
-0.871302
-0.198884
0.326869
0.726239
0.327040
-0.312335
-0.945349
-1.036684
-0.886643
-0.358455
-0.029626
-0.275773
-0.684501
-0.905296
-0.558104
-0.263063
-0.014931
0.503815
0.642383
-0.191918
-1.410396
-1.608692
-0.209278
0.662251
0.593523
-0.332482
-1.221535
-0.903583
0.085024
0.575780
0.105106
-0.975216
-1.811836
-1.573593
-0.463518
0.661145
0.609195
0.248820
0.131295
0.187535
-0.130757
-0.298675
-0.514907
-0.878888
-0.659287
-0.563754
-0.299115
-0.433945
-0.571484
-0.124925
0.180430
0.190216
0.227705
0.089061
-0.201321
-0.134301
0.133675
0.233092
0.043255
-0.426369
-0.817742
-0.677505
-0.044913
1.000412
1.279659
0.240374
-1.011838
-0.825123
-0.078769
0.336834
0.101686
0.257438
-0.254404
-0.463856
-0.286486
0.168817
0.524803
-0.225723
-0.889750
-0.992560
-0.593762
-0.236673
0.282609
0.409512
0.472586
0.340425
0.786214
1.295293
1.669153
0.898377
0.050218
-0.159641
0.404426
0.742725
0.740222
0.457702
-0.221740
-0.677729
-0.252055
0.351825
0.327477
-0.276447
-0.615548
-0.174552
-0.101863
-0.382704
-0.251016
0.358102
0.775783
0.785452
0.491238
-0.150495
0.050435
0.648156
1.046622
0.738802
0.258430
-0.002316
0.465768
0.283728
-0.045063
-0.331378
0.264692
0.670072
1.126852
0.870509
-0.077102
-0.263275
0.572201
1.471870
2.030139
2.281260
1.482296
0.093519
-0.969407
-1.200785
-0.827226
-0.602226
-0.803135
-0.398555
0.772569
1.632736
1.920963
1.718580
1.644888
1.364548
1.076692
0.969882
0.889115
0.106623
-0.178354
0.078699
0.739164
0.725779
0.670576
0.765965
1.041333
1.064927
1.056773
1.180595
1.384796
1.340860
1.014707
0.655774
-0.023093
-0.150716
-0.756014
-0.953047
-0.613169
0.216540
0.984347
1.117954
0.736255
0.241832
-0.488484
-0.702100
-0.310873
-0.232853
0.351813
0.830704
1.021725
0.930995
0.760533
0.583705
0.409381
0.040648
-0.097093
0.211499
0.476262
1.110290
1.303850
0.997293
0.475769
0.034397
-0.066037
0.138213
0.171395
0.341616
0.259548
-0.514967
-0.921411
-0.089958
0.715258
1.093944
0.889933
0.470701
-0.179474
-0.665974
-0.814767
-0.871043
-0.768064
-0.726147
-0.457818
-0.818850
-0.420488
0.152501
0.696755
0.366986
-0.297090
-0.915621
-0.749961
0.018952
0.677949
0.904158
0.875508
0.600455
0.985526
0.878130
0.047599
-0.094497
-0.415851
-0.580032
-0.830997
-0.528596
-0.333640
-0.593062
-0.475212
-0.163711
-0.057842
-0.178814
-0.341250
-0.511175
-0.259415
0.107347
0.600763
0.420031
0.302690
0.377372
0.787385
0.491728
0.031704
-0.268014
-0.422425
-0.077102
0.590826
0.922553
0.498523
-0.140240
-0.804050
-1.085969
-1.096388
-0.684196
-0.340760
-0.095610
-0.557669
-0.427918
0.138522
0.222118
-0.150340
-0.498933
-0.530133
-1.394303
-1.557726
-0.768462
0.449175
0.875645
0.565733
-0.207812
-0.731418
-1.373582
-0.566801
0.491433
1.136686
1.078228
0.922034
0.488992
0.419443
0.921196
1.461567
1.421603
0.849816
0.442239
0.059605
-0.716276
-1.303845
-1.470943
-1.776314
-1.809148
-1.407390
-0.578817
0.227944
0.410684
0.725399
1.126713
1.696087
1.957630
2.009187
0.948840
-0.254909
-1.339474
-1.643689
-2.149997
-2.309985
-1.875776
-0.720733
-0.494165
-0.587333
-0.564584
-0.805509
-0.478052
0.333681
0.670590
0.278598
-0.736815
-1.857697
-1.894126
-1.812066
-1.341478
-0.634363
-0.368103
-0.434915
-0.322892
-0.311886
-0.297461
-0.419817
-0.133231
-0.190366
-0.913166
-1.540142
-1.656104
-1.540152
-1.422648
-1.010013
-0.992141
-0.777124
-0.403314
-0.039734
0.181181
0.463006
0.695224
0.594233
0.026493
-0.664832
-1.292981
-1.862366
-2.259740
-2.379064
-1.948842
-0.608066
0.556158
0.582517
-0.141501
-0.471507
-0.322446
0.002152
0.172108
0.112575
-0.520371
-1.045231
-1.142301
-0.771759
-0.559655
-0.294662
0.493336
1.111526
0.843629
0.756348
0.088700
-0.613173
-0.824686
-0.872750
-0.689818
-0.507359
-1.283850
-1.909385
-1.910388
-0.929564
0.018133
0.203112
-0.252179
-1.257253
-1.644268
-1.903812
-1.214634
-0.934261
-1.216690
-1.791539
-1.705930
-1.327365
-0.716192
-0.214871
0.510024
1.308948
1.789092
1.572216
0.372445
-0.317607
-0.441755
0.019216
0.791735
1.657676
1.617358
0.899500
-0.190402
-1.001945
-1.343491
-1.215952
-0.196818
1.043081
1.722524
1.204670
0.339615
0.083205
0.645774
0.893672
0.947669
1.081678
1.494717
1.579920
1.541999
1.127520
0.427415
0.429504
1.032137
2.145323
2.592829
2.792787
2.009373
0.889950
0.091508
0.501989
1.362193
1.928772
1.794426
1.515565
1.183899
0.337040
0.104484
0.707021
1.586651
1.814047
1.460997
0.385945
-0.220584
-0.295155
0.816852
2.263194
2.764887
2.079335
1.441804
0.735500
0.275226
0.406695
0.622901
0.307324
-0.595297
-1.191402
-1.211335
-0.483390
0.083471
0.675101
0.973768
0.979650
0.601498
0.099765
0.153214
0.511009
1.125195
1.024451
0.667902
-0.182291
-0.239548
-0.075574
0.521999
0.581139
0.459457
-0.135946
-0.797016
-1.065144
-0.818647
-0.238466
0.295319
-0.026979
-0.612479
-0.953229
-0.132276
0.920585
0.731207
-0.022740
-0.882633
-0.940054
-1.025473
-0.898377
-0.767327
-0.389699
-0.314232
-0.525361
-0.887421
-0.501506
-0.014091
0.294480
0.198260
-0.035963
0.169111
-0.738259
-1.766438
-1.863697
-1.385447
-1.006363
-0.457471
-0.203051
