0.058828
-1.382391
-1.892581
-1.654420
-1.698074
-1.079833
-0.917805
-0.757193
-0.904094
-0.944839
-1.411002
-0.631488
-0.161349
0.221390
-0.274006
-0.626109
-1.071565
-0.007254
0.910159
1.616616
1.580426
1.384553
0.830858
-0.132042
-0.240755
-0.250364
0.058449
-0.710857
-1.277269
-0.408019
0.282190
0.094515
-0.793113
-1.494038
-1.007180
-0.798838
-0.455871
0.066103
0.145158
0.017210
0.036472
0.068354
-0.728522
-0.426926
-0.893865
-0.703713
-0.330038
-0.028759
-0.925553
-1.576052
-0.756377
-0.062498
-0.278741
-0.340091
-0.215633
-0.386509
-0.276772
-0.233274
-0.264390
-0.909574
-0.385178
-0.925751
-0.602530
-0.127861
-0.678970
-1.278658
-1.371771
-1.068818
-0.563761
-0.074795
0.773606
1.185268
0.840669
0.409755
0.043564
-0.006934
0.417717
0.618256
0.053197
0.110434
-0.395746
-0.744103
-0.439331
0.027431
-0.012311
-0.059503
-0.225820
-0.047063
0.875936
0.854226
0.784538
0.732065
0.687408
0.298570
0.660148
0.645147
0.607123
0.361313
0.032832
0.356005
0.555427
0.726821
1.029262
1.212137
0.640041
0.941934
0.779879
0.343281
-0.854067
-0.295682
-0.048760
-0.238498
0.382997
0.811355
0.538763
0.917230
0.728072
-0.034425
-0.374719
0.557928
1.089975
0.630201
0.440617
-0.263279
-0.168938
0.071493
-0.827866
-0.623459
-0.141543
-0.331353
0.048645
0.171388
0.416214
-0.750685
-0.293081
-0.014432
-0.496015
-1.102927
-0.650719
0.534721
0.368999
0.326870
0.060794
-0.468752
-0.238782
0.456602
0.389041
0.056865
-0.359445
-0.484038
-0.677984
-0.750248
-0.272199
-1.107575
-0.575182
0.641769
1.689484
0.519162
0.137823
1.404238
2.255536
2.354373
2.410902
1.254894
0.200751
-0.034197
0.044979
0.110744
-0.434583
0.082734
0.205255
0.145849
-0.833370
-1.050770
-1.211968
-0.301384
0.460988
0.823839
0.679693
0.710649
1.128890
1.782187
0.964154
-0.424383
-0.700190
-0.248160
-0.174914
-1.489111
-1.630391
-1.226618
-0.162070
0.253352
-0.075995
0.184119
0.626823
-0.569418
-0.550213
0.463052
0.489201
0.636887
0.085134
-0.791938
-1.837038
0.064092
0.814711
0.098269
-0.764291
-0.808833
-0.948329
0.366335
1.182039
0.749587
0.450493
0.516318
0.791349
1.224070
1.084031
0.421695
0.075544
-0.507374
-0.391379
-0.377891
-1.016969
-0.997101
-0.426884
-0.263478
0.949296
1.249181
1.106427
0.541381
0.104971
1.207562
0.795284
0.584401
0.591325
0.870169
-0.368548
-0.517623
-0.494662
0.005543
-0.133216
-0.525949
-1.086727
-1.732202
-1.330565
-0.274584
0.502926
-0.428103
-0.354293
0.340570
0.914859
1.615237
1.594886
0.266476
-0.167690
-0.238946
-0.485461
-0.791930
-0.710002
-0.840635
-0.542201
0.231890
0.401073
0.345612
-0.381271
-0.360281
0.506318
1.286650
0.634572
-0.082463
-1.061429
-0.797273
-1.226003
-1.642406
-1.498613
-0.807503
-0.372046
-0.559548
-0.506532
-0.573605
0.465339
-0.814919
-0.951224
-0.240392
-0.550517
-0.766697
-1.231190
-2.109889
-2.360589
-1.896033
-0.412208
-0.337341
-0.578085
-0.498315
0.081991
0.713871
0.244639
-0.964978
-1.720980
-1.761639
-1.555235
-1.453381
-1.640941
-1.107864
-0.918778
-0.475879
0.427238
0.828185
0.463005
0.055242
-0.201416
-0.108022
0.096621
-1.268731
-1.795137
-0.880543
0.278821
0.184375
0.344356
0.188831
0.540448
0.694885
1.347138
1.358667
0.754676
0.055271
-0.287439
0.424621
-0.129756
0.147799
0.546500
0.704065
1.489076
1.670621
1.411843
1.973364
1.261815
1.888622
2.129369
1.953448
1.671314
0.346427
0.414946
0.956370
1.374999
1.385512
0.585671
0.238372
0.825535
1.798379
2.069876
1.029597
-0.518093
-0.711818
-0.593150
-0.372425
0.225499
-0.221069
-0.544631
0.484845
1.391082
1.304944
0.482184
-0.248314
-1.342723
-1.656322
-1.733734
-1.419655
-1.062300
-1.300675
-1.487223
-1.981347
-1.274835
0.208663
1.830982
2.743971
2.136204
1.759855
1.927943
0.905452
0.368429
-0.762032
-1.438123
-2.454058
-2.183113
-1.870536
-2.157358
-2.465015
-1.804614
-1.272515
-1.041479
-0.208242
0.707121
1.421141
0.642008
0.689487
0.791167
0.768576
0.260356
-0.052376
-0.660546
-1.358023
-1.846537
-2.579649
-2.403052
-1.419758
-0.954154
-1.141080
-0.613813
-0.595321
-0.051535
0.362679
1.082484
1.144815
0.601231
0.659486
0.019622
-0.438299
-0.137370
-0.817224
-0.416443
-0.442576
-0.956410
-0.297775
-0.360913
-0.071882
0.669080
1.898621
1.885989
1.022454
0.632660
0.787772
0.488768
0.533793
-0.222793
-1.224610
-1.990931
-1.299797
-0.479206
-0.484275
-0.492337
-0.744046
-0.106750
0.423247
0.894257
0.811777
0.890580
0.403187
1.151344
1.342900
0.455982
-0.428193
-1.007617
-0.911155
-0.820023
-1.221940
-1.948248
-1.409730
-0.111697
0.198647
-0.755653
-1.373608
-1.242676
0.216370
1.271729
0.695321
0.031982
-0.595592
-0.076697
0.758615
0.196252
-1.067253
-1.057731
-0.400695
0.361924
-0.090190
-0.439087
-0.697426
-1.098102
-0.635266
-0.339785
-0.478136
0.043547
-0.417362
-0.557687
0.172723
0.291266
0.286848
0.055646
0.063361
-0.694449
-0.579896
-0.080531
0.304241
-0.160821
-0.250292
-1.115274
-0.915305
-1.240034
-1.255744
-0.725889
-0.724685
-0.742631
-0.780779
-0.116807
0.354402
0.808969
0.758716
0.311549
0.420730
0.963372
0.947131
1.223289
0.600388
0.174037
0.453492
0.434862
0.356651
0.605926
0.980783
0.464771
1.004991
0.772752
1.024838
0.745690
1.536199
1.674688
1.521929
0.814507
0.154200
-0.397762
-0.111306
0.602983
0.342593
0.606103
0.231523
0.704772
0.982232
1.059589
0.819744
0.363189
-0.086207
0.804523
1.318235
1.039083
1.498476
1.713090
1.085423
1.271067
1.336856
1.005412
0.816390
0.470658
0.474896
-0.079836
-0.505902
-0.492187
0.065219
0.662309
0.638812
-0.008662
-0.584055
-0.242236
0.608847
1.511379
1.763328
0.992012
-0.121595
-0.846369
-1.124036
0.082247
0.238448
-0.326585
-0.961641
-1.479806
-1.595633
-0.951812
-0.972401
-1.240229
-1.203920
-0.245676
0.281977
-0.145729
-0.405693
-0.604646
-0.252389
-0.906520
-1.504630
-1.762678
-0.808904
-0.704551
-0.840311
-0.994457
-0.710621
-0.829243
-0.416369
-0.737500
-0.345973
-0.978341
-1.433573
-0.633305
-0.852929
-0.337481
-0.374239
-0.702546
-1.395916
-0.915899
-0.617379
-0.566348
-0.847548
-0.438243
-0.038594
0.208683
0.721876
0.274892
0.098720
0.613473
0.513182
0.050663
-0.106933
-0.464950
-0.922534
-1.209739
-0.587479
-0.574566
-0.474606
-0.806858
-1.134759
-1.301757
-0.663104
0.336042
0.392210
0.242165
-0.271250
-0.596004
-0.337069
-0.206652
-0.818437
-1.650832
-2.129260
-1.723164
-1.649823
-1.373737
-1.581214
-1.853438
-1.279550
-1.482635
-1.404253
-1.046740
-1.144114
-0.928698
0.322168
0.616771
0.615285
0.469574
-0.214760
-0.602475
-0.430699
0.052818
-0.427377
-1.103131
-1.141452
-0.844896
-0.802717
-0.898490
-1.149470
-0.648257
-0.725988
-0.428441
-0.647334
-0.582701
-0.349275
0.166650
0.251867
0.001440
0.036789
0.472530
0.276799
-0.635307
-0.232667
-0.737972
-1.273393
-0.774168
0.003276
0.221155
-0.495705
-0.807678
-0.580750
-0.809990
-0.550905
0.178526
0.366586
0.135976
-0.323343
-0.331577
0.056000
0.803711
-0.025884
-0.255867
-0.698453
-0.068063
-0.375494
-0.310583
-0.408491
0.019712
0.028812
0.395911
0.870261
1.555606
1.135355
0.284465
0.715317
1.142996
1.906533
1.227972
0.480218
0.636167
0.997258
0.503623
0.146680
0.095153
0.060990
-0.290874
-0.395726
-0.221114
-0.000482
-0.003845
-0.432063
-0.126464
1.040516
1.292406
0.636522
0.590389
0.329255
0.739736
0.914097
0.161288
-0.214349
0.514379
1.086852
0.650577
0.602103
1.032689
1.873892
1.655646
1.037892
0.162215
0.180587
-0.134347
-0.353312
0.094199
0.051981
-0.732519
-1.165033
-1.297567
-0.683452
-0.123605
0.902802
1.728402
1.576099
2.032460
2.197418
2.160790
0.976557
0.355818
-0.238175
-0.531798
-1.212839
-2.268730
-2.900277
-1.746006
-1.545354
-1.702086
-0.939791
-0.175943
0.123608
-0.077951
1.391877
1.179183
0.891604
1.244821
1.477685
0.824446
0.138192
-0.173153
-0.204957
-0.791195
-0.835990
-0.243944
-0.001276
-0.054174
-0.041571
0.632241
0.595591
-0.258943
-0.562412
0.100202
0.199334
0.014035
-0.327514
0.348829
0.019803
0.597587
0.433242
0.205879
0.694720
0.676871
-0.203745
-0.658871
0.921884
1.183519
0.701346
0.864065
1.986246
2.358177
2.466321
1.544433
1.264087
1.328796
1.988675
1.076845
0.183024
0.112876
0.458989
0.799142
-0.034377
-0.461230
-0.427560
0.402424
1.220024
1.742299
0.974584
1.020150
0.866746
0.420821
-0.003174
0.025052
-0.413257
-1.276390
-1.437779
-2.195790
-1.516702
-1.515732
-1.268304
-0.821155
-0.282850
-0.031823
0.238420
0.339507
-0.195990
-1.449461
-0.928609
-0.360759
-0.919865
-1.297388
-0.925388
-0.011540
0.006058
0.365548
0.379183
0.572377
0.647710
1.486447
1.354873
0.693552
0.223443
0.396701
0.837615
0.186963
-0.987399
-1.470336
-1.190741
-1.073875
-0.417550
-0.265548
0.033357
0.167688
-0.563701
-0.591353
0.612910
1.188587
1.523691
1.147233
0.634489
0.114196
-1.218201
-1.221794
-0.329236
-0.000274
-0.435156
-0.576801
-1.077813
0.210829
1.115474
1.110767
0.520624
-0.418525
0.380446
0.510493
-0.147981
-0.207417
-0.574474
-1.134785
-1.172602
-1.459008
-1.494863
-1.660325
-1.156058
-1.079355
-0.654335
-0.358368
-0.067086
-0.750561
-0.949960
-0.708693
-1.211286
-1.044983
-0.912684
-0.200134
-0.448726
-0.409271
0.006239
0.783722
0.786119
1.495886
1.150176
0.690188
0.420104
-0.091697
-0.153671
0.532513
1.020458
1.109729
0.805643
0.205554
0.141035
-0.150414
-0.015788
-0.744929
-1.391491
-1.594417
-1.689109
-2.196019
-2.219416
-2.708200
-2.692955
-1.668102
-0.537108
0.246361
0.865931
1.326901
0.965016
1.373590
0.522357
0.530294
0.758379
0.622993
-0.269787
-0.863443
-1.150013
-1.301625
-1.819657
-1.631940
-2.202563
-2.321222
-1.506878
-1.126429
-1.099250
-0.416056
-0.270862
-0.583191
-0.082482
-0.251006
-0.052081
0.458010
0.471308
-0.102421
0.584509
0.274658
-0.216086
0.005420
0.381487
0.297596
-0.579830
0.367947
0.624856
1.305946
2.082645
2.555452
2.400815
2.278953
1.699824
1.691849
1.636840
2.018701
2.425792
3.358126
3.665068
2.838385
2.333673
2.327974
1.973679
1.328284
1.173098
1.400913
2.298479
1.495884
1.783343
1.919803
2.388063
2.433906
2.174049
2.431718
2.856424
2.698837
2.670407
2.353852
1.587559
1.620739
1.192561
1.523526
0.887128
0.375572
0.086209
