0.483306
0.923764
1.299793
1.650933
2.082591
2.095792
2.071155
1.555618
0.796173
0.443345
0.223649
0.214728
0.282855
0.105064
0.022485
-0.245365
-0.274087
-0.054714
0.188948
0.271521
-0.067978
-0.390551
0.123614
0.458671
0.046710
-0.261363
-0.654897
-0.482732
-0.143418
-0.384894
-0.786587
-0.293264
0.571515
0.803252
0.246669
0.434183
0.372130
0.289996
0.045445
-0.208469
-0.518152
-0.172671
0.153853
0.231606
0.488508
0.332303
0.324131
0.240426
0.317090
0.587131
0.601781
0.367478
0.189322
-0.019248
-0.081081
-0.079729
0.320445
0.526990
0.517171
0.304828
-0.227118
-0.501759
-0.077440
0.323143
0.684610
0.693110
0.777591
0.530979
0.137924
0.212036
0.247174
-0.083856
-0.219261
-0.226492
-0.328886
-0.528567
-0.842481
-0.841633
-0.649684
-0.450870
0.111980
0.643645
0.566004
0.302597
-0.058880
0.057064
0.409994
0.402421
-0.297415
-0.628120
-0.856309
-1.231495
-1.742320
-1.746598
-1.609868
-1.770732
-1.802059
-1.685450
-0.979298
-0.551879
-0.412993
-0.281326
-0.351361
-0.368232
-0.504480
-1.071269
-1.201595
-0.887911
-0.091725
-0.137519
0.059577
-0.093567
-0.555054
-0.843742
-0.739588
-0.769227
-0.773415
-0.235127
-0.496501
-1.204171
-1.281223
-1.012042
-0.826804
-0.739764
-0.507147
-0.176443
0.223661
0.398423
0.466726
0.645439
0.942623
1.031038
0.745998
0.941565
1.141493
1.036040
0.661436
0.016102
-0.423651
-1.087536
-0.895335
-0.604462
-0.182088
0.351989
0.067393
-0.181555
-0.076021
0.295082
0.268150
0.329868
0.347145
0.471050
0.529807
0.492691
-0.032683
0.148081
0.808725
1.298524
0.842204
-0.055135
-1.133258
-1.864090
-1.188759
0.109346
0.868690
0.694041
-0.179235
-1.095389
-1.370813
-1.102569
0.120367
0.709842
0.889326
1.029424
1.060985
0.666959
0.147622
-0.198208
-0.626645
-0.597975
-0.768739
-0.717267
-0.566199
-0.091867
0.335206
0.372531
0.752085
1.139099
1.016449
0.701111
0.127419
0.001965
-0.266206
-0.712558
-0.856831
-0.691778
-0.508401
-0.650296
-0.796303
-0.036195
0.805134
0.901225
0.249103
-0.624808
-0.357400
0.322854
0.424523
0.245698
-0.014528
-0.401237
-0.389859
-0.104540
-0.019031
-0.296724
-0.730792
-0.699781
-0.650855
-0.697079
-0.489144
0.313812
0.889851
1.235984
1.525032
1.405563
0.895468
0.527448
0.369676
-0.037623
-0.774550
-1.227431
-0.942137
-0.530029
0.094305
0.249299
0.081093
0.149645
0.453598
0.485619
0.352870
-0.202199
-0.477717
0.007879
0.848131
1.286611
1.118117
0.531013
0.188532
0.230637
-0.198486
-0.431977
-1.264300
-2.137971
-2.461351
-2.079506
-1.147723
-0.087572
0.666958
0.746387
0.984609
1.202550
1.438895
1.235759
1.204371
0.710057
0.127075
-0.203419
-1.120480
-2.105427
-2.465627
-2.051066
-0.755685
0.890466
1.675144
1.654408
1.279769
1.059122
1.105032
1.263406
0.823508
0.281485
-0.022704
0.073130
0.289566
0.227263
0.297320
0.612334
0.877595
1.610842
2.216525
2.254659
1.520551
0.782650
0.590646
0.021125
-1.264346
-2.197772
-2.410366
-1.475837
-0.173876
0.917807
1.745345
2.145299
2.145698
1.914570
1.270788
0.361999
-0.512259
-0.858466
-0.979084
-0.477342
-0.691916
-1.108074
-0.794159
-0.120500
0.264489
0.528071
0.326287
0.080925
-0.270859
-0.395811
-0.106122
-0.136900
-0.737431
-0.715254
-0.084466
0.464506
0.514063
0.120848
-0.632877
-1.203872
-1.226320
-1.270413
-1.268503
-0.970381
-0.538808
-0.885326
-1.123783
-1.593611
-1.885164
-1.546508
-1.304918
-0.923458
-0.361188
0.220663
0.217824
-0.408880
-0.713638
-1.138711
-1.634941
-1.667960
-1.298949
-0.183534
0.987879
1.621548
1.545471
1.095177
1.255873
1.529557
1.108141
0.160937
-0.382001
-0.152879
0.455731
0.517635
0.592758
0.998286
1.749955
2.315180
2.603357
2.429071
2.136537
1.584109
1.025095
0.097765
-0.531735
-1.059517
-1.241166
-1.086640
-1.125221
-0.662194
-0.108885
0.751883
1.648901
2.291239
2.211055
2.155844
1.903438
1.662763
1.069074
0.198773
-0.426375
-1.206525
-1.609260
-1.849286
-1.669357
-1.784986
-1.707671
-1.252283
-0.365396
0.853041
1.986102
2.704319
3.275254
3.322491
3.136030
2.640631
2.054038
1.422780
1.028922
0.566920
-0.265107
-1.049024
-1.735952
-2.026165
-1.999977
-1.610413
-1.148310
-0.555223
-0.155573
-0.045572
-0.053573
0.237766
0.468731
0.205392
-0.001534
-0.733631
-1.744757
-2.530240
-2.705011
-2.743103
-1.929521
-1.182393
-0.638632
-0.117959
-0.071094
0.270090
0.302448
0.201689
-0.114809
-0.425598
-0.425733
-0.484658
-0.620280
-0.354349
-0.462588
-0.685386
-1.590798
-2.311645
-2.523365
-2.217128
-1.481159
-1.059002
-0.550153
0.009731
0.239666
0.885215
1.424738
1.362611
1.126547
0.895485
0.950186
0.298939
-0.737456
-1.830224
-2.250355
-1.596826
-1.024508
-0.400473
0.020675
0.225292
0.425807
1.006318
1.153088
1.204504
1.326975
1.612026
1.817698
2.243260
2.229242
1.810812
1.419054
1.320956
0.467552
-0.054331
-0.185807
-0.563922
-0.785480
-0.463558
0.142419
0.619658
1.297642
1.543562
1.449277
0.956956
0.905808
0.851181
1.124783
1.286329
0.863968
0.541343
0.178245
0.179237
0.009677
0.139429
0.329082
0.372677
0.396292
0.531888
0.501740
0.089129
-0.604899
-0.599275
-0.529785
-0.066265
0.227249
0.141446
0.293650
0.226046
0.102665
0.240776
-0.004106
-0.696923
-1.365545
-1.644570
-1.236119
-1.084298
-1.137804
-0.454382
0.264967
0.536471
0.413642
-0.004668
-0.866929
-1.071935
-1.509133
-1.808251
-2.072633
-1.859923
-1.306258
-0.688345
-0.410175
-0.287315
-0.530164
-0.438848
-0.352796
-0.306230
-0.458084
-0.795024
-1.290020
-1.574030
-1.034837
-0.703817
-0.495537
-0.327678
0.033974
0.011684
-0.141381
-0.488122
-0.966537
-0.989068
-0.710188
-0.046349
-0.077586
-0.195084
-0.289248
0.208922
0.878935
1.605238
1.659179
1.272459
0.470851
-0.358114
-0.810919
-0.521801
-0.442888
-0.535212
-0.184968
-0.040728
0.377045
0.571326
0.551658
0.809298
0.927868
0.568306
-0.053771
-0.424229
-0.308834
-0.463340
-0.347138
-0.380082
0.018744
0.535803
0.421519
0.336141
0.405968
0.575396
0.974655
1.436195
2.030904
2.310120
1.992675
1.492610
0.621337
0.107460
-0.166210
-0.079971
0.160676
0.564613
0.925885
0.703734
0.724913
0.725439
0.771135
0.400617
-0.103281
-0.893249
-1.448989
-1.547499
-1.283900
-0.762508
-0.254718
0.329108
0.721373
0.566957
0.448233
0.195497
-0.248964
-0.816100
-0.944142
-0.923805
-0.758103
-0.550631
-0.674249
-0.765330
-0.388108
-0.335980
-0.250759
0.383100
1.148107
1.579016
1.594296
1.325968
1.240577
1.079168
1.019256
1.002136
1.008647
0.902566
0.545982
0.149719
-0.804343
-1.575505
-1.667898
-1.353083
-0.822000
-0.725136
-0.545102
-0.084371
0.136922
0.547273
1.131584
1.744803
1.821557
1.059895
0.197241
-0.480465
-0.895673
-1.130454
-1.391128
-1.407085
-1.508693
-1.161521
-0.733297
-0.173149
0.742535
1.094053
0.963103
0.956703
0.704700
-0.243596
-0.817932
-1.246340
-1.309257
-1.332400
-1.326886
-0.795418
-0.240110
0.120740
0.589362
1.106159
1.349755
1.011656
0.527813
0.652038
0.484058
-0.157458
-0.850039
-1.040402
-1.233066
-1.117292
-1.075153
-0.680493
-0.156133
0.249968
0.757588
1.564771
1.547956
1.110467
1.333757
1.657606
1.459305
0.834394
0.048854
-0.621095
-0.835609
-0.797352
-0.852298
-0.728753
-0.164973
0.356381
0.800610
1.249717
1.459351
1.069623
0.729905
0.405862
0.567459
0.546580
0.314779
-0.351615
-0.482284
-0.365248
-0.564451
-0.280119
0.048540
0.173206
0.377943
-0.067307
-0.279267
0.008957
0.120399
-0.384078
-0.977412
-1.577047
-2.092016
-2.281843
-1.858938
-1.205408
-0.336501
0.121514
0.496577
0.781007
0.937529
1.387180
1.619403
1.490059
0.971421
0.334541
-0.297005
-0.729030
-1.478309
-1.664733
-1.546442
-1.238810
-0.593324
0.064719
0.612832
1.202329
1.815052
2.284061
2.394129
2.707943
2.424057
1.930016
1.272941
0.365958
-0.451241
-1.364399
-1.217237
-1.131787
-1.014658
-1.129336
-1.319755
-1.540539
-1.623054
-1.168967
-0.691057
-0.238030
0.091731
0.285303
0.728485
0.726160
0.617461
0.432415
0.550237
0.622614
0.498340
0.257633
0.266168
-0.015226
-0.908766
-1.337873
-1.354968
-1.316523
-1.178207
-1.439310
-1.608923
-0.864558
0.211237
0.502017
0.556374
0.655329
1.108599
1.053220
0.560079
-0.163219
-0.745609
-1.311587
-1.735579
-2.152800
-2.072550
-1.677430
-1.254830
-0.818008
-0.547291
0.068251
0.212872
0.398621
0.257400
-0.206904
-0.108524
0.393680
0.102486
-0.343109
-0.388117
-0.408701
-0.379072
0.081670
0.359965
0.385012
0.572833
0.626489
0.801195
0.530994
0.238733
0.182753
0.079869
-0.019864
-0.104118
0.267013
0.700953
0.959346
0.611671
0.315402
0.326766
-0.175891
-0.402878
-0.540036
-0.891825
-1.038599
-1.195488
-1.458951
-1.592998
-1.208278
-0.931270
-0.493523
-0.192819
0.138707
0.563464
1.220659
1.160991
0.907749
0.846005
0.896818
0.690113
0.275714
-0.087662
-0.664812
-1.003649
-1.174773
-0.735456
0.017932
0.693950
1.087027
1.151474
1.365532
1.526940
1.124403
1.069864
1.046680
0.936340
1.013500
0.734781
0.654987
0.654313
0.509624
0.557733
0.232937
0.008158
0.110431
0.058227
0.097333
0.128822
-0.069885
0.193611
0.654021
1.007634
1.252363
1.160715
1.030472
1.113114
1.343568
1.915177
2.086006
1.801186
1.870705
1.678983
0.978806
0.260430
-0.269946
-0.563005
-0.704258
-0.891933
-0.899401
-1.307254
-1.253830
-1.285016
-1.169257
-0.791314
-0.851883
-1.098898
-1.338497
-1.413467
-1.167669
-1.010991
-0.893372
-0.624521
-0.994096
-0.953163
-0.673354
-0.195782
0.203340
0.749743
0.717737
0.801803
0.956474
0.814603
0.441037
-0.045087
-0.498633
-0.444422
-0.736196
-1.038017
-1.233477
-1.378660
-1.361521
-1.153786
-0.583861
0.210234
0.786480
1.148317
1.533851
2.168980
2.507882
2.078351
1.453197
0.644712
0.183516
-0.233488
-0.603813
-1.031860
-1.280007
-1.402956
-1.387634
-1.296118
-0.959527
-0.787434
-0.395386
0.164838
0.705518
1.203934
1.027070
0.790317
0.570223
0.203453
-0.229594
-0.799964
-1.307429
-1.256142
-1.058028
-0.832895
-0.330126
-0.014302
-0.220819
-0.222336
-0.048125
-0.272460
-0.831990
-0.845988
-0.620176
-0.299339
-0.262566
0.014835
0.199950
0.200951
0.273420
0.437357
0.522365
0.644301
0.536919
0.413524
-0.116555
-0.378201
-0.502458
-0.303455
-0.488080
-1.077718
-1.361209
-1.163132
-0.877480
-0.617567
-0.323147
-0.103001
0.151719
