0.278697
0.040675
-0.352918
-0.237541
0.218381
0.446195
0.230488
0.060720
-0.225574
-0.494937
-0.354515
-0.883317
-1.126192
-1.246522
-1.122067
-0.170470
0.273971
0.658434
0.988778
0.490534
0.042096
-0.730850
-1.525316
-1.804873
-2.054365
-1.869292
-1.586348
-0.659767
-0.119536
-0.179574
0.284572
0.761403
0.907391
0.414104
0.215300
0.628917
0.775073
0.468265
0.200804
-0.353611
-0.152387
-0.286322
-0.767232
-1.281169
-1.343053
-0.781769
0.309847
1.049608
1.219165
1.309009
1.507431
2.148222
2.582718
2.820711
2.086367
0.617533
-0.570483
-1.224396
-1.566762
-1.475475
-0.883958
-0.574957
-0.452877
0.101777
0.400318
1.048157
1.543424
1.218095
0.573696
-0.113330
-0.338985
-0.285488
-0.613852
-0.900245
-0.655686
-1.187345
-1.524439
-1.639861
-1.297304
-1.088382
-1.032289
-0.702646
-0.060134
0.974461
1.465675
1.387748
1.040823
1.032989
0.652214
0.843019
1.248414
1.127283
0.769511
0.570312
0.561755
0.272274
-0.200999
-0.279987
-0.228737
-0.466391
-0.902578
-1.158724
-1.023837
-0.824013
0.031517
0.634330
0.136432
-0.668103
-1.579824
-2.002113
-2.055586
-1.921347
-1.985309
-1.426247
-0.126935
0.866830
1.524313
1.274706
0.563594
0.811208
0.566127
0.572240
0.182176
-0.376969
-0.494674
-0.016590
0.575797
0.123459
-0.738695
-1.053362
-0.849934
0.316736
1.576964
2.273500
2.265225
1.761682
1.059192
1.322477
1.813706
1.973222
1.754156
1.026399
0.337980
-0.836920
-1.721803
-1.202462
-0.287586
0.572050
1.456386
0.916728
-0.157661
-0.173661
0.159524
0.534183
0.120876
0.134363
0.705148
1.103906
1.674673
1.475713
0.316752
-0.966663
-1.363486
-0.872730
-0.050771
0.399394
0.583582
0.553924
0.109380
-0.240695
-0.579181
-0.413818
-0.649596
-0.578167
0.111662
-0.040081
-0.613082
-1.325555
-1.490733
-1.364762
-0.947246
-0.843902
-0.710961
-0.810730
-0.884075
-0.865860
-0.557698
-0.047518
0.272607
0.471893
0.974345
0.996323
0.393351
0.409350
0.568760
0.170512
-0.692713
-0.603914
-1.270408
-1.738630
-1.589852
-1.691624
-0.984375
-0.184943
0.823451
1.174067
0.656011
0.724483
0.823534
0.809940
1.076778
1.048048
0.813103
0.203806
0.302741
0.720423
1.616882
1.403257
0.663255
0.444188
1.353384
1.692330
0.948312
0.136468
-0.383167
-0.634827
-0.604165
-0.292868
-0.407905
-0.377089
-0.452127
-0.369614
-0.124336
-0.453652
-0.917490
-0.962357
-0.563600
-0.097408
-0.323728
-1.126986
-0.969200
-0.123527
0.331071
-0.049435
-0.084596
0.089731
-0.014662
0.130487
0.313828
0.471553
0.280778
-0.298991
-0.459229
-0.995689
-1.436006
-0.890431
-0.612653
-0.205027
-0.091637
0.067902
0.445083
1.129269
1.717719
1.323524
-0.217341
-1.283623
-1.576491
-0.874197
0.128686
0.455983
0.180338
-0.581495
-1.045086
-1.277115
-0.724200
0.544104
1.521694
2.262330
1.951330
0.925983
-0.583571
-1.367011
-0.886004
-0.505899
-0.221570
-0.546415
-0.349039
-0.306013
0.339896
0.816347
0.487437
0.397991
0.045165
-0.229980
-0.111555
-0.053676
-0.263718
-0.061499
0.219063
0.469417
0.895558
1.088945
0.634017
0.180831
0.470134
0.343019
0.517758
-0.395657
-0.874045
-0.776175
-0.537039
0.082587
-0.577398
-1.202459
-0.855040
-0.017688
1.012009
1.404938
0.813617
-0.371241
-1.394943
-1.159615
-0.064290
1.224642
1.658514
1.267537
-0.194488
-1.818847
-1.691005
-0.645174
-0.022005
0.450401
0.357200
0.124732
0.531625
1.304350
1.492014
1.289857
0.206204
-0.431994
-0.526791
-0.699297
-0.683886
-0.405400
0.313813
0.614955
0.152524
0.455120
0.466451
0.419158
0.117647
0.090225
0.219597
0.241100
-0.252829
-0.297430
-0.358497
-0.143336
-0.179859
-0.028297
-0.634588
-0.848999
-0.577457
0.214813
0.315239
-0.084120
-0.218776
-0.605009
-1.057325
-1.103697
-0.500818
-0.524321
-0.533663
-0.354291
-0.201047
-0.389015
-0.558758
-0.445611
-0.153052
0.203381
0.609229
0.849389
0.355675
0.473722
0.716737
0.688069
0.696260
-0.136197
-1.099294
-0.521676
-0.305224
0.116588
0.047170
0.117049
0.160232
0.846948
1.237436
1.226077
1.315007
1.028520
0.348142
-0.448397
-0.819240
-0.700313
-0.543647
-0.240151
-0.356475
-0.550136
-0.379375
-0.079956
0.417662
0.966615
0.830579
-0.211438
-0.292376
0.299828
0.967326
1.411833
0.979112
0.540022
0.501066
0.705847
1.487339
1.849783
1.756916
0.950750
0.296533
0.286041
0.440899
0.238719
0.037255
-0.393231
-0.658482
-0.895836
-0.826894
-0.377985
-0.024035
0.253218
-0.269539
-0.394203
0.074795
0.989394
1.111675
-0.016187
-0.366892
-0.682146
-1.172535
-1.183154
-0.934533
-0.770164
-1.412507
-1.044153
-1.107335
-0.856793
-0.571187
0.069468
0.585434
0.784846
0.834613
0.419096
0.137316
0.327000
-0.493828
-1.263490
-1.498183
-1.209921
-1.246031
-1.201366
-0.578877
0.380207
0.904729
1.219910
1.696453
1.513782
1.392493
1.304250
0.637712
-0.322250
-0.806347
-0.891291
-1.109929
-0.792210
-0.579100
-0.587499
-0.274742
0.050300
0.162738
0.037067
-0.539604
-0.656548
-0.509693
0.084080
0.180616
-0.436745
-0.404406
-0.240463
-0.079032
0.032016
0.128430
-0.382202
-0.359345
0.232721
0.264420
0.038707
0.133275
-0.230618
-0.157719
-0.600377
-0.578383
-0.309925
-0.264769
-0.967785
-2.289442
-2.739889
-1.776846
-0.352376
-0.242342
-0.085875
0.065867
0.378826
0.363457
-0.115395
-0.406527
-0.600176
-1.097219
-1.206678
-1.154862
-1.050453
-0.387685
0.067096
0.709871
1.338824
1.201566
0.836898
0.341650
0.160326
-0.134475
-0.091844
0.184452
0.368787
0.721914
0.863103
0.706168
0.545412
0.836517
1.257120
0.600559
0.327034
0.438293
0.928372
0.735590
0.413751
0.017855
-0.485555
-0.131306
0.153856
-0.321839
-0.402944
0.164090
0.339863
0.090554
-0.785048
-0.995212
-0.184149
-0.073991
-0.140371
-0.020129
-0.440189
-0.462542
-0.111681
0.938682
1.253134
0.106862
-0.069973
0.619832
0.786574
0.625382
-0.014942
-0.425973
-0.300707
-0.006593
0.208811
0.578213
0.963145
0.890879
0.279448
0.053897
0.599431
0.904435
1.346863
1.543055
1.417207
0.977803
0.101564
-0.286175
0.264772
0.905926
0.940265
0.873859
0.338725
-0.605764
-1.078490
-0.820561
-0.732104
-0.926566
-1.013140
-1.002984
-0.297920
-0.449159
-0.402145
-0.627551
0.035051
0.222936
0.211445
-0.118470
-0.734474
-1.024803
-0.523464
-0.414932
-0.435565
-0.680767
-0.824421
-0.344649
0.360395
0.410138
0.301517
-0.066740
-0.169030
-0.148774
-0.452103
-0.605202
-0.587772
-0.328432
-0.079155
0.086332
-0.150777
-0.378652
-0.820453
-0.833708
-0.327854
-0.121176
0.340607
0.457839
0.111559
-0.099249
-0.293397
0.053807
0.432263
0.154696
-0.243861
-0.173712
-0.141821
-0.103453
-0.069926
-0.044516
-0.232818
-0.076214
0.135719
0.290019
0.241391
0.326324
0.278146
-0.155841
-0.398440
-0.306995
-0.016288
0.131291
0.251724
0.674616
0.378397
0.054554
-0.452353
-0.991286
-0.868205
-0.303613
-0.210646
-0.544199
-0.475164
0.109308
1.301318
1.597357
1.273759
1.310812
0.541530
0.210745
-0.109692
-0.657698
-1.142176
-1.420427
-0.982531
-0.023809
1.098365
1.309968
0.860126
0.326062
0.151500
0.049112
-0.257939
-0.527349
-0.434436
-0.617018
-0.918361
-0.527304
-0.111839
0.165639
0.041205
-0.134139
-0.056108
0.108597
0.471442
0.795740
0.971358
1.050561
0.747725
0.262027
-0.137714
-0.835605
-1.278732
-0.759613
-0.467977
-0.008164
0.315327
-0.228593
-0.401999
-0.456106
-0.194622
-0.302462
-0.246133
-0.398725
-0.065549
0.493547
1.038159
0.989625
0.270856
-0.525332
-0.605967
-0.539262
-0.433461
-0.150936
0.206631
0.194982
0.334615
0.822371
1.367862
1.312027
0.860532
0.258389
0.172968
0.286810
-0.387585
-0.663293
-1.035374
-1.560617
-1.462249
-1.080343
-0.484838
0.669263
1.598878
2.512375
2.165004
1.945064
1.706035
1.868662
1.480078
0.918993
0.483394
-0.033614
-0.736160
-0.836927
-0.100715
0.036758
0.053403
0.279744
0.272840
0.015946
-0.013085
-0.117622
0.191432
0.302466
0.192210
-0.288161
-1.089424
-0.970813
-0.882252
-0.225182
0.148786
0.225927
0.312908
0.015040
-0.247030
-0.675476
-0.726234
-0.587677
-0.604881
-0.781647
-0.427832
0.042710
0.175143
0.325862
0.850346
0.557913
0.033255
-0.434097
-0.698482
-0.288283
-0.029712
0.174786
0.707977
0.478352
0.159851
-0.221001
-0.450382
-0.223094
0.094442
-0.183770
-0.645879
-0.513635
-0.640893
-0.028882
0.236758
0.339913
0.727519
0.746801
0.415421
0.123678
-0.011923
-0.079569
-0.107866
-0.264418
-0.505151
-1.133297
-1.562037
-1.481359
-1.205803
-0.838193
-0.446737
0.064727
1.059003
1.666065
1.882848
1.489284
1.532240
1.506907
0.961743
0.607540
0.182174
0.026553
-0.089209
-0.489923
-0.951318
-0.746924
-0.592676
-0.355674
-0.390379
-0.769598
-0.740365
-0.264609
0.513501
0.683288
0.313585
-0.142170
0.073662
0.562079
1.026815
1.340333
1.164699
0.539925
0.008576
-0.794407
-1.564312
-2.120586
-1.464272
-0.439710
-0.240366
0.006508
0.675475
1.254152
1.447411
1.472122
0.750138
0.241425
-0.176737
-0.316969
-1.216446
-1.773960
-2.819870
-3.790299
-3.619282
-2.746336
-1.441566
-0.386605
0.554986
1.359853
2.143236
2.987566
2.915587
2.450325
1.942034
1.073265
0.384258
0.739745
0.625369
-0.222578
-0.932999
-2.054059
-2.969100
-3.587166
-3.593929
-3.389869
-2.267932
-0.489240
1.154550
2.324782
3.426955
3.526738
3.053026
2.575929
1.974891
1.500670
0.691150
-0.267996
-0.867582
-1.147917
-0.940406
-1.210172
-1.930647
-2.316749
-1.830109
-0.791876
0.431040
1.205443
2.090874
2.428712
2.416101
2.910686
3.603716
3.327884
2.548999
1.188565
-0.652212
-2.122530
-3.110801
-3.567405
-3.893800
-3.725252
-3.038358
-1.933596
-1.132278
-0.221501
0.036231
0.283947
0.683586
1.518340
2.049798
1.508081
0.581719
-1.007620
-0.575081
0.633596
0.810321
0.249141
-0.152168
-0.075484
-0.548909
-1.003817
-1.194248
-0.829994
0.205661
1.075615
1.797225
1.598772
0.765358
0.524130
0.665333
0.870087
0.899694
-0.316649
-1.610967
-2.540228
-2.168500
-0.846926
0.410044
0.929021
1.105163
1.081448
0.971952
0.787596
0.714526
0.625102
0.436877
0.958197
1.114735
0.778415
0.416101
0.080557
0.362015
0.157712
-0.781932
-1.506359
-1.713471
-1.250573
-0.284984
0.169881
0.035976
0.767827
1.047862
1.128109
1.210015
0.452884
-0.449022
-1.447155
-1.953163
-1.693491
-1.292323
-1.221409
-1.504839
-1.142427
-0.201577
0.553252
0.758604
1.115107
1.338768
0.650781
0.052652
