0.372157
-0.285884
-0.613974
-0.807487
-0.895429
-1.012976
-0.588223
-0.578129
-0.493090
0.354656
0.618352
0.805430
1.043169
1.096624
0.910497
0.784924
0.236074
-0.210486
-0.083989
-0.033737
0.497233
1.835214
2.414021
2.482618
2.131026
1.369636
0.367636
-0.405918
-0.888530
-1.403127
-1.304697
-1.067397
-1.114934
-0.745035
0.012677
0.511108
0.639830
0.238418
0.324020
0.178397
0.043095
-0.064821
-0.320038
-0.767010
-0.827784
0.079645
0.055964
-1.169148
-1.484170
-1.077813
-1.215358
-2.054006
-2.287878
-1.773016
-1.766225
-1.146852
-0.745421
-0.379980
-0.222474
-0.167265
-0.009902
0.687123
1.082812
0.934907
0.279412
-0.101884
-0.143512
-0.706731
-0.601837
-0.380730
-0.246847
-0.034989
0.453183
0.663204
0.540851
1.158989
2.238716
2.744193
2.414293
1.514277
1.254715
0.918046
0.073574
-0.587333
-1.546518
-1.759874
-1.716301
-0.496276
0.867625
1.333301
0.899794
0.497563
0.194682
0.324310
0.456993
-0.091957
-0.344684
-0.107222
0.396688
0.656844
1.058091
0.690225
0.350841
0.853213
0.198579
-0.501740
-0.745199
-1.272049
-1.419090
-1.630740
-1.390986
-0.695195
0.160094
0.764755
0.908405
1.099632
0.737066
0.095270
-0.775137
-0.851128
-0.887134
-0.871155
-0.554120
-0.545632
-0.651430
-0.574505
-0.269795
0.706034
1.509587
1.682008
1.386953
0.975804
0.485706
-0.462184
-0.920445
-1.326168
-1.591148
-2.139030
-1.871832
-1.141190
-1.339601
-1.485267
-1.147690
-0.735803
-0.530842
-0.406094
-0.564986
-1.381461
-1.263761
-0.024338
0.160158
-0.006940
-0.043223
0.412843
0.377279
1.151848
1.608084
1.180297
1.350057
1.028237
0.986745
1.454523
1.575440
1.357674
1.134874
0.285989
0.140597
-0.019224
0.066927
0.702746
1.032210
1.018557
1.434430
1.183579
0.531363
0.254896
0.094298
0.133387
-0.157549
-0.202954
-0.468725
-0.389121
-0.278341
-0.057640
0.188013
0.044828
-0.007964
0.116632
0.084439
-0.518695
-1.329222
-1.458453
-1.797350
-1.490588
-0.756350
-0.464093
0.195301
0.413749
1.257227
1.349966
1.194307
0.822066
0.165694
0.053330
-0.191644
-0.235832
0.070330
0.716727
1.406032
1.380470
1.584576
1.711837
1.228813
1.200482
1.276560
0.555613
0.536134
1.138674
0.689328
0.193446
0.015430
-0.328275
-0.185986
0.371577
0.547744
0.187178
0.079612
-0.565589
-0.808831
-1.242933
-1.450306
-1.383822
-1.024669
-0.063717
0.318948
-0.179811
-0.772770
-0.852420
-0.116888
-0.022336
-0.361456
-0.274940
0.113264
-0.358489
-0.698866
-0.095804
0.139453
-0.187947
-0.502823
-0.823663
-0.984739
-1.014842
-1.143951
-0.353559
0.363763
0.032340
-0.044934
-0.006641
0.249886
0.209631
0.219740
-0.113910
-0.242048
0.207630
0.614935
0.497500
0.415747
0.052742
-0.516058
-0.880109
-1.102206
-1.110194
-1.039407
-0.462607
-0.307281
-0.779882
-0.895470
-0.592584
-0.681537
-0.762287
-0.315284
0.125558
0.046864
0.184325
0.262867
0.456417
0.145551
-0.264132
-0.489113
-0.560526
-0.216033
-0.144864
0.330896
0.421256
-0.236053
-0.332664
-0.208120
-0.353596
-0.747980
-1.320926
-1.275005
-0.957690
-0.879891
-0.789762
-0.549337
-0.354322
-0.206219
0.122598
0.350301
-0.022484
-0.292407
0.078217
-0.306673
-0.204457
0.090095
0.302179
-0.090810
-0.236814
-0.419479
-0.621415
-0.249151
-0.044958
-0.531968
-1.153097
-1.100899
-0.509035
-0.031027
-0.282294
-0.329872
-0.853107
-0.494229
-0.109943
-0.636679
-0.673433
-0.349251
-0.486695
-0.486024
-0.347820
-0.468227
0.387106
0.773333
0.487432
0.342004
0.404881
0.525429
0.191447
0.138220
0.389338
0.545368
0.191561
-0.044087
-0.536080
0.023445
0.650275
0.682003
0.348630
0.611490
0.942712
0.748116
0.572794
0.095249
0.084004
-0.163472
-1.357251
-0.358443
0.858137
1.069089
0.743196
0.819431
2.015616
1.737767
1.704186
1.226736
0.747166
0.863382
0.568635
-0.019774
0.225582
0.934883
0.913663
0.946889
0.846608
0.896781
0.837706
1.015243
0.988476
0.980463
1.216612
1.351295
0.597623
0.331391
0.531682
0.787798
0.689904
0.430910
0.242447
-0.518679
-0.678320
-0.768222
-0.558389
-0.629373
-0.511127
-0.681295
-0.277076
-0.161804
-0.368908
-0.756430
-0.916111
-1.075973
-1.444205
-1.348014
-1.507898
-1.918564
-1.854903
-0.855323
-0.528716
0.001809
0.202100
0.297779
0.553488
0.360588
0.382357
-0.210588
-0.836529
-0.918550
-0.499738
-0.248531
-0.102795
0.172516
0.497816
0.948630
1.508721
1.449189
1.257944
0.696687
0.456193
0.594501
0.821547
0.539936
0.733257
0.817378
0.037859
0.760506
2.146469
2.480779
2.388184
2.598923
1.657843
1.255973
1.079968
0.988543
0.048074
-0.149737
0.224606
-0.165721
-0.872167
-0.746581
-0.417027
0.243499
1.131403
1.212647
1.068094
0.704112
0.238190
0.045420
-0.041623
-0.408377
-0.533909
-0.638179
-1.080757
-1.557761
-1.468974
-1.250155
-1.544207
-1.175711
-0.773253
-0.238189
0.049461
0.430418
0.361976
-0.129902
-0.633945
-0.462234
-0.623207
-0.977055
-0.553645
-0.782408
-0.894621
-0.316405
-0.568489
-0.743946
-1.003640
-0.929511
-0.211596
-0.027696
-0.358202
-0.969901
-0.718930
-0.953294
-1.063639
-1.496864
-1.930408
-1.438625
-0.713538
-0.369114
-0.063791
0.299705
0.071594
0.401364
1.084066
1.414154
1.611446
2.081289
2.184585
2.064599
1.240534
1.476092
1.620463
1.599525
1.087934
0.910370
1.130388
1.185928
1.022608
1.224348
1.128728
0.715300
0.487397
-0.036139
0.040163
-0.804160
-1.200642
-1.472794
-0.859669
-0.193926
-0.193113
-0.581198
-1.005808
-1.087931
-0.777895
-1.099215
-1.437095
-1.111902
-1.087223
-1.322576
-1.277480
-1.351200
-1.424690
-1.474622
-1.380789
-1.400244
-0.748972
-0.157370
0.046515
0.041803
-0.330613
-0.574317
-0.184362
-0.182787
-0.202659
-1.170896
-1.119999
-0.690810
-0.771770
-0.829915
-0.604229
-0.672478
-0.709830
-0.408503
-0.412279
-1.086053
-0.975934
-0.544601
-0.687084
-0.113022
-0.287079
-0.431571
-0.503166
-0.834348
-1.328302
-1.241864
-0.759893
-0.612806
-1.073664
-0.661969
-0.244044
-0.587277
-0.445157
-0.955804
-1.972530
-2.578093
-2.216908
-1.664048
-0.857265
-0.090277
0.371893
0.440521
0.303024
0.403724
0.890443
1.032718
0.945608
0.690830
0.604241
0.895612
1.134259
0.984449
0.814504
1.173531
1.663050
1.477763
0.656721
0.202259
0.189364
0.676270
0.925358
1.128491
1.066200
1.138956
1.595841
2.183963
2.060958
1.834342
1.642368
1.245417
1.025643
0.879478
0.639169
0.504953
0.704884
1.044127
1.370288
1.120265
0.707947
0.999129
0.947673
1.215709
1.458260
0.984979
-0.120213
0.365679
0.745075
0.681659
0.531280
0.199916
0.204993
0.492057
0.499556
0.738511
1.342628
1.567904
1.883828
1.452078
1.012818
1.033292
0.723713
0.233097
-0.528657
-0.551231
-0.124160
-0.055727
0.056009
0.161625
-0.044805
-0.118008
0.123515
0.249736
-0.266383
-0.538784
-0.619599
-0.421583
-0.238798
0.230296
-0.276428
-0.118953
0.117466
-0.008043
-0.257177
-0.678571
-2.750919
-2.967732
-2.486632
-2.618384
-2.338607
-1.995598
-1.963706
-0.903493
-0.533706
-0.589149
-0.372198
-0.807747
-1.265801
-1.704758
-1.747905
-1.113409
-0.494023
-0.268118
-0.063879
0.321243
0.399751
0.711602
0.612029
-0.126719
-0.250910
-0.199807
-0.285458
-0.254250
-0.507098
0.091868
0.545736
0.344434
0.952189
1.173864
1.065783
0.652517
0.635185
0.381273
-0.137285
-1.095867
-1.470370
-0.927428
-0.200510
0.113963
0.418578
0.988138
1.224399
0.843770
0.727597
0.454096
-0.044795
-1.139988
-2.067058
-2.102447
-1.760085
-1.053983
-0.825170
-0.470319
-0.241841
0.459376
0.464638
0.925176
1.342429
0.964420
0.056352
-0.587274
-0.954696
-1.145985
-1.387315
-1.743529
-1.071621
0.358596
1.417322
2.066256
1.991309
1.843698
1.412976
1.142156
1.149393
0.846286
0.570050
0.242269
0.358117
0.320207
-0.323174
-0.485111
-0.384447
-0.510905
-0.790494
-0.864363
-1.310395
-0.898523
-0.268309
-0.225528
0.389369
0.648681
0.772158
0.970736
0.918650
1.312867
1.826226
1.431852
0.782609
-0.190273
0.193135
0.428765
0.557626
0.766664
0.836748
0.739991
1.307150
1.747591
1.849893
1.509891
0.743299
-0.173789
-0.806609
-1.349038
-1.224054
-0.478451
-0.213762
0.160114
0.493762
1.020483
1.398694
1.251913
0.384627
-0.508154
-1.132376
-1.625755
-2.183475
-2.321555
-1.724413
-0.619723
-0.066437
0.318898
1.165574
0.956396
1.151296
1.034931
1.238000
0.550112
-0.804553
-1.688662
-2.260409
-2.510041
-1.851989
-1.612724
-1.639181
-1.915868
-1.346117
-0.188917
0.049592
0.268803
0.365847
0.665665
0.536731
0.357625
-0.060255
-0.467113
-0.589943
-0.466245
-0.589553
-0.628214
-0.770036
-1.070026
-0.652754
-0.014421
-0.107695
-0.283681
-0.357944
-0.329244
-0.021528
0.338247
0.453531
0.606915
-0.140527
-0.513580
-0.797226
-0.987107
-0.686433
-1.042691
-1.467329
-1.224331
-1.004082
-0.604586
0.013952
0.424787
0.764023
1.787657
2.382601
2.103225
1.435009
0.729500
0.273296
-0.148248
-0.218725
-0.358308
-0.826705
-0.200963
1.354204
2.475364
2.744283
2.484426
2.225860
1.960112
1.572694
0.926790
-0.326917
-0.978478
-0.995642
-1.078146
-1.395210
-1.212923
-0.882812
-0.037388
0.374570
0.759693
0.812749
1.335404
2.149813
1.683513
0.981809
1.201874
1.066489
0.754367
0.909438
0.995389
0.839371
0.552243
0.244422
-0.272172
-0.754278
-1.474731
-1.460707
-1.681444
-1.783953
-1.382664
-1.422669
-0.919669
-0.062861
0.361387
0.785151
0.871464
0.884461
0.648772
0.516185
0.807362
0.127349
-0.075270
-0.118236
-0.250671
-0.594689
-0.906441
-1.206685
-1.252611
-1.307381
-0.934629
-0.199974
0.363495
1.432322
2.348024
3.057105
3.144537
2.272014
1.490038
1.143879
0.054988
-0.507546
-1.282687
-2.147235
-2.557016
-2.642912
-2.084232
-1.505449
-1.483125
-0.878208
0.253633
0.304710
0.364341
0.628047
0.763514
0.895349
0.792082
0.403320
0.187354
0.213534
0.540000
0.346215
-0.315158
-0.471659
-0.627907
-0.414575
0.283431
0.558714
0.099580
0.094211
0.010138
0.615920
1.075206
1.077380
0.497180
-0.458176
-0.792748
-0.628906
-0.479180
-0.405941
-0.561758
-0.620633
-0.549455
-0.543208
-0.732694
-1.230630
-1.035385
-0.717854
-0.092229
-0.331707
-0.195219
1.012148
1.787043
1.932200
1.398126
0.208122
-0.468254
-0.730343
-1.198117
-1.714267
-1.792919
-1.576356
-0.989274
-0.210526
0.648562
1.746330
2.087810
2.106274
1.869701
1.185994
1.037339
0.723298
-0.173970
-0.915447
-1.388253
-1.663303
-1.784246
-1.047229
