-0.383122
-0.208589
-0.645319
-0.576632
0.731849
1.285853
1.074065
0.791427
1.034493
0.353649
-0.468281
-0.661775
-0.817795
-1.586257
-1.974926
-1.435111
-0.599063
0.365172
0.372404
0.150815
-0.236781
-0.218013
-0.134861
-0.531397
-0.472034
-0.593507
-0.692115
-1.233607
-0.750988
0.251654
0.604651
0.427869
0.624885
0.318525
0.170764
0.352107
-0.068538
-0.889988
-1.187202
-1.391380
-1.048618
-1.254185
-1.192828
-0.075613
0.305286
0.520242
0.489237
0.466798
0.620107
0.549210
-0.150083
-0.753544
-0.791587
-0.068663
-0.364045
0.424270
1.125108
1.393684
1.097396
1.270350
1.685287
1.221366
0.495416
-0.177811
-0.181902
0.041883
-0.095902
-0.416832
0.095985
0.402931
0.090662
-0.066284
0.183667
0.335709
0.159527
-0.528210
-1.355974
-0.996723
-0.240952
0.134216
0.025580
0.826462
0.838682
0.780740
0.968094
1.240293
0.728776
0.198941
-0.138154
0.136499
-0.351334
-0.551986
0.181314
0.790284
1.418472
1.311060
1.550661
1.740124
1.557507
1.735123
1.182086
0.089968
-0.278725
-0.299492
-0.736609
-0.808234
0.318420
0.776304
1.164434
1.871045
1.940110
2.297467
2.203315
1.274204
0.119591
-0.531074
-0.573973
-0.648626
-0.577482
-0.094039
0.598404
0.983002
0.167639
-0.658026
-0.303819
0.951915
0.996450
0.535792
-0.533898
-1.258030
-0.289508
0.228643
-0.175690
-0.431648
0.917266
1.992684
1.652336
0.846905
0.356785
0.590380
0.519580
0.492571
-0.278673
-0.449616
-0.624386
-0.906505
-0.335516
0.578080
0.740290
0.728876
0.655368
0.868287
0.323084
-0.404147
-0.836887
-0.678034
-0.017418
-0.422897
-0.173667
0.212732
-0.163054
0.203644
0.580842
0.493587
0.537145
0.478761
0.115146
-1.357667
-2.218192
-2.006126
-1.160761
-0.357300
-0.004619
0.130508
0.418037
1.537280
1.556086
1.146044
0.496317
0.159994
-0.139093
-1.206523
-1.406900
-0.946131
-0.536967
0.209584
0.616118
0.471135
-0.615880
-1.700135
-0.542663
-0.007007
-1.231236
-3.225313
-2.208902
0.326643
0.956364
0.191000
-0.249865
0.307232
0.395168
-0.540099
-1.895902
-2.488756
-1.926534
-1.283928
-1.480629
-1.881289
-1.773043
-0.930583
0.001903
0.258513
-0.532224
-1.273904
-0.851584
0.263476
0.293472
-0.590408
-1.490358
-1.010548
-0.249927
-0.213380
-0.455063
-0.810887
-0.988773
-1.128357
-0.647944
-0.026717
-0.366535
-1.079849
-1.207657
-0.852799
-0.592017
-0.602786
-0.164122
0.777284
1.037767
0.225142
-0.837296
-0.641730
-0.618959
-1.426168
-2.473521
-2.530722
-2.195323
-1.584130
-0.955081
-0.068203
0.074074
-0.317387
-0.823460
-1.386879
-1.721321
-2.484628
-2.153182
-1.403091
-0.643119
-0.342048
-0.411230
-0.109967
0.296730
0.212454
0.360325
0.400279
0.170452
-0.520162
-1.362742
-2.095646
-1.718299
-1.028772
-0.667846
-0.639356
-1.014931
-1.006844
-0.846908
-0.807486
-0.922670
-1.073746
-1.660364
-1.960630
-0.936325
0.001799
-0.237307
-0.721743
-0.673838
-0.346380
-0.030322
-0.124075
-0.722278
-1.471298
-1.326965
-0.526401
0.094934
-0.303097
-0.467335
-0.915938
-0.993599
-0.443704
-0.569513
-0.905299
-1.025243
-1.680304
-1.769153
-1.206309
-1.273875
-1.854522
-1.884196
-1.409510
-0.918798
-0.562914
-0.509841
0.220379
0.829954
0.888978
-0.005294
-0.714338
-0.664613
-0.752831
-0.964806
-1.075905
-0.437561
-0.133675
1.025900
1.792130
2.582822
2.724727
1.870646
0.895733
0.706354
0.698735
0.075801
-0.285445
-0.441131
-0.310868
0.171897
0.635343
0.883355
1.155258
0.848015
0.056225
-1.086228
-0.867632
-0.245929
0.314333
1.016597
1.023739
0.909350
1.114431
1.251311
1.799160
2.981402
3.024156
2.766872
1.775377
1.535992
1.869376
2.014969
1.672700
1.893490
2.393500
1.993879
2.127358
2.225804
1.914780
1.732141
0.813195
0.054806
0.131839
-0.230558
-0.636293
0.100817
1.597315
2.207932
2.121314
1.852856
1.745779
1.187890
0.535883
-0.161892
-0.403523
-0.783776
-0.943573
-1.082934
-1.065465
-0.283473
-0.095767
-0.437896
-0.576099
-0.236194
-0.415718
-0.700275
-0.650312
-0.332476
-0.037189
0.358292
0.561310
0.802853
0.829391
0.395446
0.732385
1.082404
1.312338
1.098011
0.640975
0.372806
0.953659
1.594451
1.482585
1.507424
1.446080
1.640364
1.854817
2.000511
2.158393
1.622620
0.482198
0.503865
0.771027
1.053326
1.407890
1.172367
1.008110
1.584063
1.833770
1.899989
1.679553
1.193284
1.061032
1.007854
1.420892
1.433543
1.057350
0.761776
0.788032
0.244186
0.135882
0.626706
1.089377
0.853753
0.448395
0.823494
1.001689
0.701135
0.423730
0.037144
-0.268182
-0.093732
-0.445172
-0.731813
-0.692791
-0.146835
0.154550
0.703360
0.924603
0.745333
0.801526
1.051975
1.322230
0.953005
0.097930
-0.238631
0.072786
0.417020
1.013954
1.214636
1.842925
2.083568
2.072336
1.921883
1.571525
0.942970
-0.025263
-0.588905
-0.442515
-0.292299
0.130865
0.176601
0.597056
1.688641
2.150120
2.081301
1.775772
1.407222
1.343147
1.176286
0.530746
0.221886
0.080637
0.360903
0.650797
0.384908
0.496592
0.322202
1.042083
1.759202
2.274676
2.354712
1.636895
1.147239
0.518788
-0.464802
-0.627482
-0.472477
-0.523541
-0.305679
0.196668
0.605692
0.824052
0.314373
0.146239
0.138555
-0.372792
-1.260691
-1.360058
-0.860368
-0.422449
-0.178620
-0.518679
-0.681717
-1.077306
-1.256489
-0.866426
-0.408828
-0.220439
-0.273665
-0.271375
-0.248672
-0.170778
-0.567511
-0.148522
0.257908
0.244286
0.760562
1.197474
1.219572
0.507981
-0.349059
-0.367428
-0.285693
-0.631862
-0.343962
0.229954
1.140155
1.515715
1.252601
1.016812
0.973403
0.640744
0.351186
0.011594
-0.130789
-0.125993
-0.314922
0.204957
1.197641
1.172847
0.019183
-0.247814
-0.004177
0.301640
0.376558
0.293770
0.045586
-0.350219
-0.619040
-0.666215
-0.478982
-0.471412
-0.738005
-0.623599
-0.260964
-0.049790
0.029655
-0.509735
-0.417036
0.008166
-0.348325
-0.691631
-0.460778
-0.560016
-0.583354
-0.400556
0.137492
0.342259
0.450966
0.024444
0.285557
0.658341
-0.111739
-0.369309
-0.279140
-0.307145
-0.950708
-1.172097
-0.989232
-0.621217
-0.712822
-0.607265
-0.989481
-1.312537
-1.199408
-0.813033
-0.369247
-0.478216
-0.903819
-1.121177
-1.121980
-1.744494
-2.139408
-1.843206
-0.604888
0.372876
0.128636
-0.268292
-0.144082
-0.170722
-0.221604
-0.927090
-1.424392
-1.239547
-0.823656
-1.080271
-1.199301
-0.813691
-0.565973
0.215404
0.777268
0.395611
-0.129911
0.014027
0.061603
-0.271237
-0.362730
-0.366214
-0.587327
-0.988563
-0.399075
0.223504
0.536152
0.287772
-0.153498
-0.400967
-0.498652
-0.683992
-0.049918
0.242923
0.217994
0.243849
0.468598
0.416313
0.765069
0.459643
-0.366937
-0.250892
0.118953
0.179032
-0.073047
-0.541579
0.132441
1.217296
1.006844
0.732156
0.500297
0.471202
-0.354395
-0.738015
-0.664072
-0.701285
-0.776855
-0.873076
-0.818616
-0.320731
0.081474
0.163600
-0.170484
-0.933733
-0.645463
-0.594514
-0.985815
-1.131596
-1.086898
-1.370062
-1.726518
-1.107067
-1.106147
-1.380328
-1.251025
-0.385591
0.143704
-0.190743
-0.616095
0.004807
0.405323
0.197156
0.107368
0.096838
0.170281
0.248446
-0.217896
-0.485346
0.128284
0.479846
0.554253
0.067331
-0.055814
0.224658
-0.046177
-1.066558
-1.395511
-0.976717
-0.438618
0.014391
0.511289
0.437009
0.195351
-0.102356
-0.188396
-0.316369
-0.753377
-0.563851
-0.622763
-0.666780
-0.440206
-0.033350
-0.328990
-0.291559
0.527066
0.921971
-0.215630
-0.440035
-0.534194
-0.591204
-0.702077
-0.988102
-0.449095
-0.126901
0.648611
1.128799
0.745395
0.487455
1.303656
1.373304
0.273984
-0.542150
-0.272786
-0.269326
-0.897369
-1.252819
-0.979565
-0.494485
-0.253427
-0.390484
-0.588607
-0.620718
-0.760969
-0.889794
-0.935100
-0.560268
-0.022922
0.465382
0.069473
-0.262656
-0.835612
-1.107981
-1.227277
-1.558084
-2.321999
-2.791032
-2.165249
-1.394474
-0.708040
-0.244903
-0.365825
-0.742678
-1.153864
-2.137248
-2.133660
-0.980781
-0.792122
-1.254957
-1.131846
-0.617903
-0.091057
0.433446
0.245325
0.053574
0.671154
0.420402
-0.160510
-0.010490
0.092458
0.017412
-0.271642
-0.511497
-0.573951
-0.583648
-0.474332
-0.816267
-1.072349
-0.977832
-0.108741
0.239059
0.327836
0.051366
-0.640254
-0.831527
-0.712055
-0.658518
-0.237333
0.175486
0.327437
-0.131436
-0.429198
-0.334617
-0.289628
0.215080
0.481709
0.593789
0.291188
-0.249281
-0.083347
0.159229
0.040904
0.262940
0.342216
0.297731
0.478990
0.489964
-0.195166
-0.620691
-0.887646
-1.311486
-1.630347
-1.909632
-1.391550
-0.890117
-0.427277
-0.724298
-1.163137
-1.811796
-1.735201
-1.165115
-0.864622
-0.731315
0.045493
0.061591
0.088113
0.472509
0.930198
1.164052
0.391735
-0.412048
-0.119150
0.595282
0.627906
0.527442
0.687079
0.862788
1.363228
1.180202
0.627895
0.798595
1.147682
0.683062
0.281106
0.149301
0.827751
1.865695
2.000105
2.033760
2.112035
1.605478
0.853805
0.109143
0.224914
0.053419
-0.078987
0.451017
0.949428
1.782483
2.393995
2.174862
2.022092
2.065995
1.635438
0.306710
-0.348998
-0.505798
-0.651340
-0.451795
0.230080
1.610104
2.302448
2.393086
2.750124
2.360447
1.397948
0.437158
0.197579
0.023097
0.356651
0.771775
1.257745
1.656943
2.281640
2.956971
2.942452
1.933543
0.847599
-0.092309
-0.802124
-0.655523
-0.124264
1.156242
1.474851
1.074950
1.110032
1.519268
1.952856
2.576644
2.733015
1.933470
0.873992
0.229472
-0.412598
-0.868152
-0.385488
-0.342538
0.346359
0.371262
0.199606
1.083261
1.701579
1.581461
1.120273
0.164731
-0.791892
-1.804901
-2.062371
-1.123952
-0.489912
-0.215723
-0.157997
0.270654
0.506145
0.655960
0.222106
-0.571454
-0.974492
-1.441021
-1.750686
-1.326734
-0.814507
-0.587302
-0.441858
-0.066808
0.115108
0.231140
0.276208
0.086318
-0.152921
-0.618370
-0.955860
-0.933919
-0.355911
-0.326929
-0.635037
-0.955205
-1.717708
-1.967455
-1.286569
-0.811455
-0.436163
0.138624
-0.042240
-0.490906
-0.193048
0.188953
0.142470
-0.008650
-0.656661
-1.144385
-1.615122
-1.764960
-1.744587
-1.420789
-0.486964
0.412660
0.534236
-0.411981
-1.285719
-1.651624
-1.423317
-1.279208
-1.286988
-1.355156
-1.318155
-1.002082
-0.477351
0.406426
0.792500
0.432088
0.299247
0.650916
0.132819
-0.173709
-0.161322
-0.156776
-0.925513
-0.961880
0.145879
0.986320
0.941009
0.728317
1.057345
1.306750
0.675126
0.025878
-0.613930
-1.420024
-2.017567
-2.177379
-1.516418
-0.842674
