-1.161046
-1.062943
-1.046118
-0.722956
-0.126954
0.625592
0.523357
0.980745
0.758938
0.178441
-0.804711
-1.409908
-2.106359
-2.496528
-2.693879
-2.454187
-1.584273
-0.450927
0.459895
1.395144
2.089916
1.181381
-0.000959
-0.698123
-0.634023
-1.329666
-1.699279
-2.189043
-1.886887
-0.939450
0.547121
0.976548
1.191113
1.248485
1.232775
1.152644
0.522797
0.448228
-0.442620
-1.370812
-1.492464
-0.933141
-0.567602
0.367759
1.351334
2.168009
1.488794
1.061885
1.495946
1.559286
-0.091893
-1.912569
-1.928973
-1.146565
-0.563196
-0.420483
0.403271
1.018081
1.465021
1.905051
2.409754
2.118205
1.890843
1.595643
0.677335
-0.227047
-0.907827
-0.647841
-0.197466
-0.124434
-0.232048
0.784918
1.761162
2.199227
1.484673
0.947175
-0.172565
-0.415834
-0.576492
-0.902431
-0.770699
-0.477902
-0.982369
-0.616005
0.551834
0.978709
0.879458
0.786784
0.684039
-0.064808
-0.672312
-0.631677
0.298201
0.264137
-0.198849
-0.240790
0.841789
2.017841
2.214848
1.769471
0.589227
0.185213
-0.434549
-0.893374
-1.288783
-0.966839
-1.075046
-0.942988
-0.351410
1.026271
2.032513
2.480779
2.516914
1.689831
0.828818
0.193843
-0.251365
-1.145801
-1.079096
-1.407513
-1.484513
-0.992780
1.556684
3.016633
1.667926
-0.532593
-0.987718
0.060705
0.613047
0.309069
-0.063680
-0.391010
-1.012954
-0.794973
0.175931
1.445734
1.553103
0.989942
0.295427
0.564369
0.605209
0.331099
-0.710964
-1.058509
-1.687041
-1.747897
-1.189465
-0.510425
0.610765
1.274362
1.052533
0.231112
-0.280007
-0.869713
-0.611367
-0.813804
-0.973620
-0.982386
-0.678113
-0.601736
-0.383552
0.075783
0.237063
0.653334
0.738542
0.799584
0.208520
-0.648654
-1.541717
-1.534874
-1.026079
0.330087
1.133786
0.785052
0.350442
1.034389
1.846116
2.024051
1.232010
-0.364635
-0.986930
-1.068534
-0.802216
-0.655434
0.372633
1.272781
1.265885
1.371824
2.349616
2.157488
2.113917
0.955897
-1.013207
-0.159659
-0.075724
-0.879027
-0.657693
-0.080102
0.518074
1.167203
1.118192
0.244332
-0.875795
-1.200582
-1.261203
-0.849729
-0.810174
-0.480124
-0.894452
-0.806534
0.188118
0.901522
0.372572
-0.910976
-0.967429
0.247488
1.371381
0.716027
-0.635205
-1.131605
-0.350284
0.516279
0.756673
0.027993
-0.209391
0.523129
-0.062534
-0.995882
-1.412302
-2.013940
-1.944438
-1.403287
-1.198236
-0.528286
0.134022
0.609006
0.667085
0.219436
-0.403473
-0.015496
0.518702
0.319810
-0.668790
-1.802021
-1.926628
-1.179916
-0.175462
0.083049
0.120575
0.066589
0.103288
-0.581611
-0.856324
-1.364377
-1.234222
-0.741703
-0.096533
0.246022
0.288699
0.648510
0.466566
0.062796
0.124043
0.859119
0.848405
0.008383
-1.286813
-1.516728
-0.667043
-0.081931
0.088520
0.020564
-0.291177
-0.817520
-1.029940
-1.090669
-0.949602
-1.504980
-1.438934
-1.526729
-1.230797
-1.075691
-0.849260
-0.882823
-0.555788
-0.131204
0.404001
0.310797
-0.657396
-1.566126
-1.255430
-0.043716
0.410175
0.173419
-0.296088
-0.315834
-0.378777
-0.104559
-0.122717
0.283522
0.012825
-0.920838
-1.442746
-1.322567
-1.300668
-1.582744
-1.730309
-1.815270
-1.091824
-0.656468
-0.723753
-0.474366
0.676574
0.994025
0.450410
-0.529698
-0.866037
-0.952729
-0.824094
-0.294805
0.247031
0.107985
0.162606
0.815107
2.037981
2.864666
1.984723
0.675290
-0.342688
-0.470053
-0.852719
-0.910874
-1.353274
-1.205824
-0.266270
0.915646
1.607626
1.589093
0.974216
0.009562
-0.995136
-1.787182
-1.964448
-1.926135
-1.049703
-0.753536
-0.904979
-1.030417
-0.536403
0.553318
2.005254
3.014490
3.236547
2.307903
1.090293
0.427341
-0.044431
0.167935
0.280650
0.343889
-0.278099
-0.222666
-0.202648
0.091672
-0.269671
-0.735248
-1.367288
-1.688523
-1.736686
-1.700486
-0.591607
0.907995
1.755384
1.783252
2.257282
1.742261
1.114891
0.241468
-0.612542
-1.455128
-1.907692
-2.067279
-1.971598
-1.748306
-1.077280
-0.721353
-1.016292
-0.660019
-0.350445
-0.916762
-2.136362
-2.500786
-2.245642
-1.086254
-0.734098
-0.749211
-0.719041
-0.501571
-0.092373
0.692824
1.504765
1.515668
0.964659
0.269298
0.224825
0.377464
0.606176
0.463320
0.763244
0.691141
0.507593
0.506050
1.083452
1.421317
1.440100
1.097745
0.485934
0.151431
0.488990
0.860383
0.538197
0.593247
0.350810
0.379242
0.468509
0.621115
0.698083
1.168671
1.004595
0.971359
0.580073
0.780801
0.675754
-0.139619
-0.429385
-0.144887
0.815460
0.863111
0.208382
0.008293
1.126089
1.363900
1.546469
1.214789
0.720668
0.062702
-0.544489
-0.968898
-0.922358
-0.357663
-0.341824
-0.371034
0.149984
0.917527
0.971897
0.767204
0.390359
0.719352
0.144327
-0.753642
-1.279037
-0.743564
-0.321952
0.024508
0.401525
0.931575
1.755878
2.284262
2.118664
1.075330
0.471965
-0.299658
-0.612724
-0.576087
-0.162654
0.165313
0.478555
0.989616
1.759554
2.031240
2.074409
1.850595
1.298972
0.981422
0.407375
0.133476
-0.421605
-0.503252
-0.173833
0.550370
0.581630
0.340769
-0.083942
0.378733
1.492370
2.662371
2.350365
1.500995
1.173550
0.152786
-0.405772
-1.025766
-1.137046
-1.225430
-0.208022
0.929634
1.974541
1.622296
1.282636
1.197700
0.951938
0.204162
-0.743716
-0.860510
-0.002403
0.636377
0.387083
0.399213
0.190537
-0.184359
-0.784005
-0.833130
-0.650328
-0.141306
-0.423528
-0.550542
-0.399812
-0.043176
-0.413833
-0.964654
-0.887350
-0.745371
0.295920
0.572716
0.457646
-0.548064
-0.912667
-0.911529
-0.838188
-0.991218
-1.132024
-1.218659
-0.549267
0.281197
0.095978
-0.344802
-0.491544
0.431514
0.734041
0.430590
-0.176855
-0.695682
-1.058796
-0.318059
0.341253
0.689904
0.224793
-0.495060
-0.733284
-0.080490
0.554773
0.705579
0.396876
-0.226389
-0.706020
-1.173247
-0.817875
-0.639566
-0.276030
0.140527
0.454012
0.465492
0.564531
0.731456
0.716369
-0.109274
-0.957007
-1.011093
-0.610074
-0.044210
-0.043330
0.041824
0.183782
0.841926
0.839981
0.727780
0.391816
0.046067
-0.227531
0.247963
0.359620
0.321031
-0.198646
-0.983366
-0.779800
-0.087833
0.165373
-0.280402
-0.385845
-0.624510
-0.728411
-0.522259
0.004982
0.017951
-0.211568
-0.342989
-0.586426
-1.160000
-1.765187
-1.298588
0.049770
0.415145
-0.520452
-0.862937
-0.587265
0.165245
0.252161
0.218239
-0.490326
-0.808884
-0.342730
0.382013
0.879220
0.424504
0.585963
1.273349
1.697011
0.830904
0.179228
0.224354
0.528388
-0.003875
0.407427
0.392090
0.651039
0.427419
0.900531
1.277210
1.001842
0.444794
-0.062625
-0.189692
-0.400226
-0.217603
0.296594
0.482752
-0.358810
-0.452466
-0.430700
0.286083
0.707348
0.472394
-0.358112
-0.204709
-0.046426
-0.116853
-0.153721
-0.416674
-0.160276
0.065883
0.608061
0.538959
0.373475
0.203887
0.118784
-0.461821
-0.673988
-0.503598
-0.102070
-0.361710
-0.292077
0.056385
0.551744
0.558202
0.295331
0.023988
-0.415372
-0.473795
-0.657387
-0.704678
-1.317643
-1.673210
-1.054497
0.079675
-0.212509
-1.059369
-0.760717
0.437233
0.974996
0.852633
0.905470
0.761349
0.025088
-0.490340
-0.578873
-1.127043
-1.069035
-0.593759
-0.104217
-0.266204
0.060248
0.326772
0.431221
0.518780
0.667418
0.732025
0.018904
-0.655946
-1.448703
-1.543317
-1.565114
-1.145264
-0.938986
-0.518848
-0.532134
-0.069793
-0.283635
-1.071266
-1.207113
-0.566896
-0.371098
-0.952959
-1.250807
-1.556468
-1.486547
-0.777011
-0.108232
-0.456277
-0.767105
-0.754441
-0.605706
-0.514672
-1.045449
-1.827426
-1.848029
-1.198727
-0.405446
0.040549
-0.026697
0.194601
-0.002004
-0.331982
-1.110948
-1.556997
-1.629555
-1.230702
-1.162279
-1.202289
-1.298549
-0.609958
0.068035
0.160804
-0.371159
-0.685251
-0.833235
-1.097339
-0.614756
-0.410928
0.231991
0.546552
0.317888
-0.331849
-0.492199
-0.440293
-0.321039
-0.422068
-0.840801
-1.155287
-0.509774
0.311758
0.633736
0.783314
0.240740
-0.185215
-0.775562
-0.470627
-0.590453
-0.560784
-0.733823
-0.877386
-0.569020
0.080415
0.474289
0.549197
0.722869
0.531600
0.597601
0.161821
-0.148929
-0.107898
-0.257624
-0.509571
-0.223439
-0.116273
0.283858
0.091753
-0.180255
-0.204329
-0.104904
0.559057
1.355214
1.239456
0.672592
0.477337
0.177588
0.353227
-0.025177
0.173114
0.290387
0.668569
0.610413
0.324823
-0.166211
-0.331462
-0.419626
-0.080147
0.549339
0.732040
-0.187779
-1.212163
-1.124102
-0.997076
-0.758373
-0.768137
-0.246212
0.226016
0.444815
0.293960
0.114538
-0.267244
-0.502318
-0.374610
-0.230565
-0.051372
-0.056926
0.301367
0.219499
0.163856
-0.887821
-1.283797
-1.176699
-0.867481
-0.497295
0.307914
0.301712
-0.079839
-0.037344
0.053782
0.225193
0.156253
0.337146
0.311770
0.198776
0.237694
0.451074
0.000553
-0.071298
0.225300
0.554024
0.079541
-0.422961
-0.391608
-0.376209
-0.628847
-0.988485
-0.387948
0.285434
0.874015
1.426656
2.109113
1.789339
1.188318
0.440114
0.207751
0.253754
0.559781
0.477232
0.034143
0.135109
0.736475
1.049156
1.033930
1.153407
0.951275
0.304283
-0.992502
-1.351306
-1.118207
-0.900238
-1.066104
-0.236276
0.883932
1.867115
2.368435
1.823486
0.846624
0.369461
-0.421650
-0.945740
-0.721925
-0.617719
-0.011353
0.695148
1.722934
2.304901
3.047441
2.912196
1.731962
0.325883
-0.553497
-1.027128
-1.396145
-0.997213
-0.349029
0.149517
0.051523
0.611601
1.391701
2.702276
3.559523
3.573906
2.233599
0.869999
-0.304959
-0.591901
-0.653749
-0.876081
-1.321776
-1.290309
-0.522445
0.200754
1.262002
1.362996
1.695924
1.210450
0.560936
-0.389068
-0.728512
-0.647737
-0.311666
-0.096524
0.050706
-0.310201
-0.573303
0.397347
1.143301
1.304492
0.343506
0.083778
-0.205088
-0.151581
0.352360
0.836025
0.161125
-0.096717
-0.146388
0.095764
0.373183
0.437462
0.744482
0.463285
0.040260
-0.474856
-0.183959
-0.418206
-0.734224
-1.057387
-0.779438
-1.275136
-1.687133
-1.614079
-0.626842
-0.033348
0.292740
0.740176
1.239007
1.707541
1.473956
0.731142
0.023342
-0.642613
-1.656067
-1.713135
-1.787937
-1.008277
0.438231
2.370811
3.355057
2.838141
1.161863
-0.553382
-1.034437
-1.019825
-0.557100
-0.430816
-0.251454
0.045644
1.325106
2.224016
3.133090
2.402544
1.076664
0.807711
1.508905
1.035269
0.150491
-0.850021
-1.205376
-1.184027
-0.696610
0.097937
0.454233
0.914145
0.511782
0.492321
0.644508
0.934081
0.808180
0.033496
-1.478198
-2.468262
-2.018823
-0.864147
0.316796
