-0.650121
-0.944287
-2.853415
-2.522268
-1.101726
-0.576232
-1.330564
-1.030943
0.020005
-0.797461
-2.157583
-2.131742
-1.176379
-1.837390
-2.172549
-1.912266
-1.168504
-0.402788
-0.015551
0.107151
0.149413
-0.846077
-0.870217
-0.702136
-1.139274
-1.670826
-1.786663
-0.653840
-0.208288
-1.289942
-1.496190
-0.315966
-0.338798
-0.949853
-1.119296
-0.404745
-0.652510
-1.758754
-2.243398
-1.228481
-0.569258
-0.935191
-0.854918
-0.158169
0.298062
-0.702875
-0.611887
-0.134529
-0.080211
-0.920466
-1.002619
-0.089635
0.124536
-0.522372
-0.108697
0.573344
1.405996
1.607179
0.878973
1.206237
0.689918
0.010917
-0.603201
-1.154812
-1.414104
-1.274840
-0.678878
-0.429579
-0.205066
0.659911
1.048573
1.249329
0.540738
-0.291487
-0.498378
-0.806488
-1.287186
-1.750352
-0.854902
0.352960
-0.029330
0.542348
2.202784
1.890524
1.488713
1.427262
1.322419
0.315451
-0.330802
0.114706
-0.092433
-0.580325
-1.213743
-0.990407
0.381496
1.636736
1.799879
1.401734
0.936431
0.639795
0.613344
0.828982
1.138291
1.483599
1.088465
1.007036
1.458112
1.745198
2.840558
2.799885
2.632568
2.556709
1.435732
0.586285
-0.030780
-0.803821
-0.349584
0.821635
1.155790
0.466503
1.166236
0.745518
-0.221906
0.309007
0.361131
0.478711
0.787324
0.472352
0.691274
-0.036346
-0.521599
0.720861
2.262552
2.211572
1.542615
2.568340
2.794453
1.709815
1.383086
1.786013
1.320927
-0.226749
-0.131502
0.294843
0.712819
1.013174
1.568663
2.272975
2.343925
2.210004
2.754563
2.746790
2.352293
1.489578
1.099554
1.668091
1.813753
1.574257
1.113135
1.701224
1.763747
1.952311
2.015674
1.785448
1.211479
1.648610
1.715637
0.718099
-1.319615
-1.823636
0.707430
1.413730
0.946439
0.729667
1.198994
2.025993
2.557286
0.806467
0.408148
0.127897
-0.229895
-1.117026
-0.599169
0.580141
0.186104
0.318281
1.568381
1.019938
0.977348
1.063513
0.797657
0.933764
-0.143340
-1.129631
-0.922621
-0.039195
1.468578
2.061370
1.146751
1.554177
2.033564
1.801310
1.193557
-0.274225
-0.480153
-0.213328
-0.191336
-1.168876
-0.412137
0.843221
1.577431
1.254089
0.190564
-0.568945
-0.201194
0.371306
0.291387
-0.380086
-1.076878
-0.764966
-0.870485
-0.184233
0.796030
0.615437
-0.235108
-0.023578
0.171051
-0.098850
-0.632883
-0.219169
0.000170
0.800384
0.230114
-0.534960
0.243119
1.112054
1.550594
1.722125
0.455016
-0.319397
0.211583
-0.626930
-1.621739
-1.822453
-1.677198
-1.198127
-0.196319
0.729524
0.771950
0.563778
-0.420999
-1.095296
-1.241871
-1.135865
-1.121914
-1.750066
-2.364000
-0.995920
-0.572974
-0.213733
-0.112832
0.283593
0.336462
0.139270
-0.133782
-0.074155
0.307674
-0.313624
-1.887349
-2.073509
-0.503988
-0.717356
-0.530514
0.108507
-0.210348
-0.665100
-0.671616
-0.342218
-0.284463
-1.526189
-1.575279
-0.469303
0.510148
0.824635
0.124312
-0.364319
0.018563
0.417309
0.338418
-0.051186
-0.636907
0.063461
0.671349
0.445531
-0.133148
-0.541941
0.258216
1.168451
1.525449
0.624985
0.102623
-0.303195
0.091516
-0.004289
0.162460
-0.778188
-0.809673
-0.371105
0.342145
1.275120
2.097868
2.214323
2.062187
1.623349
1.191434
0.978421
0.529853
0.681926
0.427597
-0.334940
-0.071933
0.294015
1.162731
2.708583
2.262678
2.433856
2.304022
1.518324
1.163022
1.029735
0.787562
-0.659457
-1.097651
-0.690888
-0.374233
0.300523
0.977467
1.058354
1.201009
0.252913
0.150632
0.661096
0.513452
0.425581
0.511331
0.652558
0.766196
0.761521
0.686937
1.223533
1.628828
2.070537
1.892585
0.203206
-0.846885
-0.201426
0.605898
0.445141
-0.562398
0.410298
1.323408
0.348510
-0.413340
-0.020793
1.024711
0.685185
-0.215841
-0.509035
0.197377
-0.159271
0.206362
1.351265
2.203286
1.467321
0.011352
-0.495698
-0.266063
-0.402736
-1.492357
-2.041205
-1.228156
-1.158690
-0.817767
-0.049666
0.122241
-0.413201
-0.318088
0.403889
-0.323046
-1.541966
-1.368638
-0.430466
-0.303645
-1.591249
-1.117641
0.517521
1.185463
0.342957
-1.183012
-0.909261
0.268787
-0.344338
-0.480939
-0.777013
-1.472973
-1.038575
0.101381
-0.033978
0.631042
1.064656
0.404141
0.660348
1.596675
2.042407
0.646122
-0.717183
-0.815676
-0.624826
-1.047884
0.123166
0.213337
0.015734
0.317648
0.739715
0.694335
1.323573
0.999095
0.457254
0.146896
-0.501855
0.142537
0.454042
-0.280675
-0.517426
-0.285887
-0.916079
-0.207570
0.347031
0.449387
0.098043
-0.083167
-0.498312
-1.358197
-1.182598
-0.637554
-0.502513
-0.555837
-0.342786
-0.178120
-0.258371
-0.744311
0.121429
0.015019
-0.990678
-1.455698
-0.378463
0.673829
0.870762
-0.330033
-0.717800
-0.737828
-1.625336
-0.326398
1.276390
0.884343
0.249134
0.793165
0.658170
-0.024623
0.069235
-0.422997
-1.071876
-0.990565
-1.324299
-1.403857
-0.783095
-0.602146
0.154226
1.072470
1.491756
1.408780
1.426782
0.484951
0.285933
0.596638
0.075444
-0.051792
-0.229434
0.609978
0.446734
0.121008
0.637198
0.945057
1.168512
1.643134
1.379107
1.217303
0.363253
0.032271
0.546796
0.000204
0.051562
0.101735
-0.598188
0.543208
1.272923
0.882387
0.517362
0.291643
0.468001
-0.549006
-1.033673
-1.209626
-0.821225
-0.478348
-0.718933
-0.686238
-0.325603
-0.649739
-0.875005
-0.581393
0.137734
0.055703
-0.600710
-1.541584
-1.538864
-0.626827
-0.533056
-1.011767
-0.768514
0.851467
0.841429
0.325148
0.342710
0.239892
-0.360855
-1.000595
-0.131190
1.100491
0.181550
-0.100850
0.964535
1.537017
1.476781
1.669386
2.268137
1.211067
0.186488
0.347672
-0.316383
-1.003019
-0.618676
-0.212537
0.025314
0.067602
-0.850612
-1.338697
-1.406408
-1.244669
-1.633717
-1.032143
-0.879708
-1.178314
-1.401385
-0.588704
-0.269723
-0.805727
-1.421266
-1.225434
-1.211163
-0.650019
-0.900638
-1.564690
-1.694191
-1.582882
-0.197538
-0.756264
-1.805846
-1.278327
-1.515428
-1.157279
-0.053810
-0.421256
-1.311342
-0.422510
-0.169586
-0.871022
0.330312
0.804411
-0.641089
-0.532733
-0.060801
-0.197265
-0.461525
0.639506
0.443681
-0.684111
-0.569678
-0.273982
-0.655344
-0.516159
-0.434340
-0.412291
0.093625
-0.662819
-1.048779
-1.425925
-2.032762
-2.124598
-1.521893
-1.311875
-0.404625
-0.314994
-0.028123
0.879101
0.975276
0.538632
-0.422419
-1.645082
-2.188779
-1.572951
-0.487602
-0.504965
-0.933094
-0.005730
0.422310
0.588338
0.635249
0.509892
0.428946
0.483015
0.211811
0.103110
-0.030171
-0.166183
0.367396
0.569912
0.683981
-0.082789
-0.252487
-0.521179
-0.934377
-1.296280
-0.627750
-0.881156
-0.665988
-0.576381
-0.797698
-0.020499
-0.335840
-1.058461
-1.295953
-1.389323
-1.627592
-1.065270
-0.236684
0.223479
-0.833464
0.216854
0.996854
0.749273
1.054746
1.280803
1.118385
0.385817
-0.323168
-0.370529
-0.171399
0.365674
0.374429
-0.192762
0.403802
0.506624
0.233042
-0.543813
-0.695905
0.406261
0.849182
-0.371738
-0.546152
-0.623339
-0.584860
-0.122093
0.237672
-0.021676
-1.235019
-1.584148
-0.924774
0.093796
0.331942
-0.925689
-1.320121
-0.599654
-1.355869
-0.952423
0.424085
1.391468
0.470233
-1.096693
-0.776483
0.077929
0.365321
-0.302263
-0.498465
-0.257564
0.580863
-0.121971
-1.839476
-1.980768
-0.485113
-0.100245
0.315074
0.907882
1.070399
1.292176
1.072475
0.467501
-0.188530
-0.456962
-0.478865
-1.180687
-2.121700
-0.976075
0.518937
0.427075
0.222018
1.313833
1.775625
0.674834
0.285309
-0.079785
-0.647809
-0.908605
-0.501066
-0.368329
-0.236332
0.307750
0.754042
0.170663
0.245283
0.584470
0.408998
-0.012005
-0.603120
-0.916150
-0.784188
-1.650752
-1.948949
-0.870757
-0.676666
-0.262419
-0.553104
-0.290647
-0.079295
-0.115619
-0.391617
-1.074754
-1.004453
-0.616773
-0.542997
-0.385284
-0.779879
-0.828704
-0.776237
-0.791411
-0.291981
-0.701747
-1.010629
-1.271411
-0.978936
-0.029426
-0.366674
-0.892625
-0.577017
-0.934006
-2.221575
-2.722529
-1.612181
-0.756216
-1.303647
-1.403216
-1.542490
-0.276009
0.595353
-0.386601
-0.733615
1.010527
0.583601
-0.237002
0.193319
0.059928
0.343213
0.754579
0.469612
-0.120872
-0.143448
0.110547
-0.044905
-0.473334
0.279416
0.433063
-0.167828
-0.067274
0.490521
0.174040
-0.430583
-0.288640
-0.730243
-0.733819
-0.238445
0.073611
0.033651
0.816971
1.685294
1.483010
1.830702
1.146921
-0.101613
0.415233
0.026361
-0.151267
0.130682
0.747276
0.882033
0.351753
1.186366
1.782815
1.535231
0.209929
-0.298094
-0.373098
-0.248520
-1.133787
-0.835044
-0.591948
-0.116670
0.564700
0.725647
0.833660
0.184718
0.152827
0.962841
1.196907
-0.037513
-0.256453
0.013453
-0.079206
0.257048
1.058845
0.586883
-0.826081
-1.651896
-0.179211
-0.094931
-0.172915
-0.280006
-0.090345
0.363006
0.577761
1.499734
1.227102
1.421383
0.695285
0.024081
-0.457091
-0.618722
-0.444434
1.298837
1.839626
1.245393
1.459913
1.110168
0.724779
0.218708
0.618024
1.044877
0.748739
0.865732
1.085566
1.951067
2.800534
2.030075
0.970921
0.644437
-0.249386
-1.320335
-0.575102
-0.122268
-0.548431
-0.566930
-0.763601
0.499785
1.584245
1.693093
1.851895
1.135680
-0.133242
-0.399539
-0.427315
-0.246153
-0.489118
-0.884675
-1.065628
0.050229
1.800504
2.465055
1.184277
-0.266471
-0.417107
-1.161346
-2.010861
-1.714958
-0.696561
0.076143
0.580074
0.354462
0.775950
0.257944
0.524742
1.138129
0.428980
-0.270277
-1.273216
-1.285540
-1.679567
-1.850820
-1.279841
-0.590854
-0.405445
0.248596
-0.458096
0.216830
1.209648
-0.054042
-1.349445
-1.355097
-1.117310
-1.320301
-1.754060
-1.522916
-0.772080
-0.076324
-0.142958
-0.011067
0.278550
-0.165440
-0.802648
-0.612043
-0.594286
-1.275171
-1.510313
-1.385231
-1.660476
-1.397912
-0.853893
-0.402164
-0.559709
-0.419404
-0.236782
0.046435
-0.744193
-1.171786
-0.557409
-0.023683
-0.097870
0.423364
0.544045
-0.214959
-0.738483
-0.652948
-0.592606
-0.399353
0.051444
0.616236
0.403939
0.248111
0.852785
0.666294
0.729066
0.547059
-0.103583
-0.314322
-0.372007
-0.556186
-0.790138
-0.525929
0.849135
1.297139
0.806081
0.938221
0.397969
0.458700
0.351301
-0.483117
-0.617628
-1.078424
-1.035885
-0.407118
-0.158467
0.638283
1.473160
1.172813
1.145163
0.556310
0.321868
-0.170162
-0.277227
-0.898707
-1.048680
-0.836208
-0.403915
-0.034769
0.669824
1.298487
1.432495
1.599731
1.101307
0.200884
-0.690725
-1.405124
-1.994563
-2.186886
-2.037121
-1.236660
