-0.115047
-0.226669
0.098784
0.569842
0.261208
0.361556
0.530254
0.224565
-0.001072
0.462695
1.151337
1.334091
1.295078
1.692209
2.221960
1.978192
1.133451
-0.280450
-1.529545
-1.785833
-1.089238
-0.072534
0.579631
0.687056
0.649873
0.969770
0.892423
0.382972
-0.240321
-0.702049
-1.006576
-1.481316
-1.828884
-1.817642
-1.179487
-0.369893
0.301497
1.241407
1.590801
1.426887
1.111388
0.700068
-0.168987
-1.043337
-0.908971
-0.485378
-0.509433
-0.611542
-0.741921
0.123238
1.491555
2.348420
2.571332
1.975106
1.158396
0.023522
-1.179937
-2.052450
-2.034002
-1.564698
-1.069062
-0.431790
0.081298
0.468583
0.883135
1.226835
1.118183
0.697081
0.179941
-0.416319
-0.997026
-1.620098
-1.002458
0.288192
1.320805
1.866468
1.881448
1.578180
1.337115
1.048405
0.879080
0.339880
-0.737606
-1.699897
-2.218338
-2.005321
-1.155522
-0.234539
0.672829
0.552463
0.248948
0.761017
1.260413
0.906440
-0.356734
-1.615397
-2.261068
-2.359298
-1.999980
-1.191311
0.295158
1.438927
1.394964
0.539081
-0.140873
-0.614274
-1.231490
-1.457006
-1.568710
-1.678421
-1.371868
-1.422561
-1.077399
-0.304442
0.288669
1.029940
1.497462
1.185647
0.153417
-0.551656
-0.756971
-0.283587
0.244614
-0.325303
-0.794971
-0.802218
-0.599010
-0.300201
0.100965
0.368204
-0.035560
-0.548862
-0.785292
-0.485384
-0.171905
0.007610
0.240100
-0.144553
-1.366505
-1.768064
-1.071671
-0.171827
0.641137
1.090575
1.033879
0.477736
0.009332
-0.274109
-0.479106
-0.820545
-1.129785
-1.382456
-1.394264
-1.047463
-0.218714
-0.093448
-0.159945
-0.232479
-0.453252
-1.067643
-1.028631
-1.155565
-1.110595
-1.095829
-0.557266
0.149320
1.198129
1.706822
1.780037
1.028600
-0.392954
-0.761252
-0.399516
-0.375769
-0.901267
-1.773613
-1.925157
-0.575207
1.168265
1.904176
1.918343
1.411505
0.332447
-0.140886
-0.150708
-0.313019
-0.575358
-0.939376
-1.300469
-0.907189
-0.160068
0.682476
0.970639
0.565715
-0.719337
-1.973586
-2.145986
-1.751761
-1.266787
-1.329611
-1.178281
-0.580230
0.270774
0.805492
0.416713
0.006798
0.103382
0.123569
0.207256
0.035777
-0.313996
-0.695393
-0.481876
0.269654
0.683870
0.394837
0.087637
-0.024349
-0.234707
-0.192504
0.408518
0.440535
0.083150
-0.451964
-1.096015
-1.290524
-0.826846
-0.000844
0.984377
1.507341
1.738173
1.348648
1.138211
1.132102
0.977557
0.383104
-0.581463
-0.972170
-0.724474
-0.568228
-0.551086
-0.269771
0.073880
0.528443
0.960158
1.026025
0.769924
0.298098
-0.091458
0.270069
1.040510
1.347215
0.831809
0.062661
-0.261350
-0.171602
0.344868
0.665098
0.693731
0.429981
0.248094
-0.156082
-0.456311
-0.672909
-1.021373
-0.731739
-0.061404
0.530112
1.163443
1.458766
1.325644
1.099209
0.552172
0.306494
0.348192
0.129984
-0.210484
0.172942
1.046722
1.897460
2.119838
2.104180
1.747507
1.032271
0.401833
-0.089734
-0.172563
-0.078020
0.453315
1.115000
1.564161
1.861785
1.848732
1.950957
1.987502
1.549320
0.570237
-0.583786
-1.101081
-1.280659
-0.789865
0.447258
1.211396
1.570034
2.016475
2.228380
2.122607
1.661029
0.543961
-0.679428
-0.972039
-1.146062
-1.331126
-1.034490
-0.151604
0.709673
1.417458
1.683670
1.515636
1.094358
0.012521
-1.084263
-1.843178
-2.576119
-3.204571
-3.593505
-2.929497
-1.777306
-0.506259
0.408413
1.085116
1.551248
1.679369
1.530763
0.906773
-0.150186
-1.040947
-0.990157
-0.312126
0.315433
0.581640
0.502321
0.825326
1.269159
0.990341
0.496243
-0.096914
-0.769841
-1.576471
-2.562005
-3.046867
-3.009553
-2.543007
-1.570430
-0.590382
0.089347
0.288159
0.517636
0.774116
0.415394
0.516760
0.205867
-0.215795
-0.209396
0.230818
1.259827
2.334271
2.309815
1.772295
1.201115
-0.142199
-1.638156
-2.243776
-1.810301
-1.268574
-1.269388
-1.121884
-0.798223
-0.180073
0.630029
1.166074
0.791145
0.012240
-0.396134
0.054057
0.620625
1.101874
0.909234
0.929210
1.375395
1.905301
2.193104
2.026475
1.174596
0.066151
-0.860545
-1.004106
-0.811920
-0.818793
-1.222106
-1.279698
-0.931150
-0.601296
-0.211086
0.163569
-0.048173
-0.630428
-0.886643
-1.284388
-1.416386
-1.264852
-1.095262
-1.564560
-1.940229
-1.693717
-1.174162
-0.152746
0.810511
1.117123
0.557221
0.368238
0.405171
-0.144991
-0.784726
-1.400593
-1.907339
-2.290793
-2.313053
-1.934912
-1.358333
-0.596914
-0.057694
0.293294
0.643660
1.215434
1.717057
0.849321
-0.791218
-1.645236
-1.796370
-1.916644
-2.024957
-1.424548
-0.472914
0.222882
0.313748
-0.303748
-0.581698
-0.222763
-0.359241
-0.679717
-0.859782
-0.677480
-0.002076
0.525963
0.234969
0.598091
1.062886
1.272664
1.349402
1.251233
0.830615
0.016194
-0.848680
-1.191283
-1.277588
-1.253497
-1.177058
-0.793167
0.102448
0.778096
0.681879
0.318155
0.182361
-0.035275
-0.457055
-0.420989
-0.506371
-0.983187
-1.707184
-2.430891
-2.336929
-1.455994
-0.919858
0.036438
1.281129
1.785666
1.336562
0.386820
-0.221212
-0.266909
-0.512162
-0.897661
-1.667570
-2.606535
-3.200274
-3.138386
-2.115957
-0.997705
0.094006
0.987227
0.939747
0.641398
0.849963
0.769672
0.164389
-0.847833
-1.592661
-1.241993
-0.957708
-0.543959
0.305914
1.443148
1.950143
1.759600
1.184658
0.623005
0.440168
0.812087
0.831868
0.523322
-0.255465
-0.644716
-0.326958
0.386551
0.639229
0.405855
0.384058
0.988616
1.402245
1.220208
0.542487
-0.719656
-1.460582
-1.193146
-0.419077
0.242659
0.313418
0.041746
0.353745
0.165489
-0.384223
-1.005321
-1.210862
-1.000662
-1.021749
-0.802707
-0.562017
-0.539903
0.026118
0.746438
1.000707
1.352680
1.093637
0.706430
0.686107
0.945874
1.152267
0.842252
0.249481
-0.107505
0.328218
1.051107
1.406010
0.857115
0.065702
-0.288003
-0.111974
-0.236570
-0.228297
-0.275684
-0.274797
-0.211712
0.033547
0.190675
0.105822
0.741751
0.886308
0.315733
-0.178158
-0.529138
-0.468563
-0.125879
-0.129633
-0.127534
0.037879
0.244186
-0.131254
-0.405232
-0.273846
-0.285962
-0.392073
-0.232182
-0.490797
-0.180188
0.277272
0.788430
0.868028
0.396138
-0.025072
-0.185209
-0.214133
-0.198298
0.051092
0.887029
0.882480
0.297655
0.394197
0.750995
0.649276
0.122103
-0.361641
-0.387009
-0.449551
-0.518835
-0.790303
-1.080116
-0.631687
0.565402
1.378949
1.454448
1.084045
0.654809
0.206264
0.150750
0.016304
-0.291619
-0.343713
-0.593290
-0.730332
-0.191808
0.632086
0.894400
0.723651
0.632861
0.315604
-0.052960
-0.479431
-0.650580
-0.512409
-0.274170
-0.299616
-0.457835
-0.435926
-0.184767
0.211381
0.523783
0.544575
0.221280
-0.070832
-0.213123
0.298245
0.483514
0.241726
-0.220471
-0.341161
-0.205436
0.012501
-0.126212
-0.609589
-0.858324
-0.657163
-0.423550
-0.530512
-0.430550
-0.398563
-0.175868
0.042419
0.315318
0.656363
1.034198
0.592200
0.158324
-0.359437
-0.371995
-0.306483
-0.831833
-1.041689
-0.512813
0.040862
0.409431
0.518973
0.656005
0.643917
0.893143
1.094667
0.445189
-0.708508
-1.040442
-0.801608
-0.632857
-0.475296
-0.162309
0.174476
0.272138
0.346244
0.903878
1.215986
0.848246
0.220844
-0.131931
-0.441262
-0.715910
-1.349971
-1.862731
-1.391117
0.067434
1.521079
2.096690
1.836711
1.758829
1.281074
0.670217
0.192733
-0.164271
-0.814770
-1.132274
-1.148724
-0.992394
-0.673660
-0.134320
0.833654
1.510844
1.329451
0.596658
-0.041626
-0.234773
-0.009406
0.096190
-0.497671
-0.571922
-0.280351
0.384023
1.408756
2.000685
1.753799
0.944545
0.069596
-0.316753
-0.268829
-0.377074
-0.240078
0.230586
0.673722
0.802508
0.972881
1.399561
1.369358
1.081026
0.710128
0.064379
-0.378590
-0.454079
-0.062480
0.246244
0.396730
0.529529
0.826685
0.749503
0.214670
0.068117
0.224332
0.022998
-0.276658
-0.287157
0.123072
0.604953
0.651634
0.395324
0.253718
0.546577
1.078636
1.233365
0.686529
0.196641
0.008996
0.012263
0.166690
0.649570
1.121625
0.803054
0.291688
-0.210274
-0.132847
-0.029959
-0.178682
-0.779583
-0.392737
0.151364
0.018432
0.098841
0.120836
-0.192363
-0.214247
0.067752
0.474581
0.643576
0.791272
0.924629
0.332612
-0.233989
-0.127388
-0.142660
-0.527906
-0.571933
-0.387453
-0.293241
-0.166999
0.249572
0.576727
0.530930
0.085044
0.100306
-0.077204
-0.293410
-0.647671
-1.102323
-1.261171
-0.917671
-0.089468
0.377558
0.817591
1.141607
1.148677
0.879515
-0.075070
-0.935153
-1.347106
-1.052737
-0.469230
-0.098018
0.235133
0.736316
0.933389
1.093525
0.821950
0.101409
-0.548488
-1.146639
-1.158023
-0.761883
-0.143080
0.262308
0.952781
0.979221
0.823818
0.845599
0.147218
-0.828250
-1.225968
-1.162354
-0.540969
-0.482117
-0.422064
-0.225849
0.033420
0.326620
0.545922
0.689662
0.545334
0.361894
-0.175252
-0.485840
0.070077
0.504578
0.148123
-0.487236
-1.005512
-1.150002
-1.207478
-0.812920
-0.125645
-0.049000
-0.385751
-1.044213
-1.263878
-1.205060
-1.040050
-0.811815
-1.073984
-1.094695
-0.599772
-0.048393
0.488341
1.486068
2.278424
1.595754
0.805068
0.523068
-0.156591
-0.620305
-1.203419
-1.908986
-2.171617
-1.308735
0.056497
0.886757
0.627206
0.355825
0.053832
0.064000
0.056032
-0.731110
-1.751467
-2.096680
-2.153262
-1.411185
-0.283008
0.282284
0.374862
0.565739
1.097836
1.101132
0.191120
-0.394220
-0.794486
-1.686696
-2.531914
-2.439176
-1.780426
-0.990971
-0.284342
0.135437
0.461376
0.954935
0.843325
0.219581
-0.246649
-0.456036
-0.355611
-0.155251
-0.460319
-0.807297
-1.230440
-1.088348
-0.590749
0.070485
0.856425
1.489283
1.226602
0.805895
0.767964
0.810639
0.647718
0.251294
-0.295916
-0.970957
-0.846090
-0.330914
0.053858
0.229815
0.397248
0.718396
0.978752
0.839700
0.719357
0.781213
0.455397
-0.093628
-0.326203
-0.096712
-0.213288
-0.478649
-0.460918
0.078108
0.763483
2.102891
2.937891
2.672014
1.555945
0.758541
0.048939
-0.740624
-1.371685
-1.513433
-1.115484
-1.132265
-0.917082
-0.120333
1.014055
1.922250
2.119358
1.830181
1.375462
0.804573
-0.192465
-1.040880
-0.996468
-0.399607
-0.145510
0.249794
0.793862
1.225163
1.257551
1.001025
0.612765
-0.111189
-0.530955
-0.450005
-0.171211
-0.118771
-0.318977
-0.589762
-0.812171
-0.300481
0.126470
0.305029
0.728783
0.792804
0.597692
0.217666
0.128998
0.092865
0.090772
0.265373
0.210359
-0.204496
-0.466368
0.281827
1.315422
1.762003
1.718868
1.403020
0.847224
