1.670228
1.879328
1.773238
1.673169
1.668255
1.735487
1.673596
1.409958
1.247501
1.039052
1.032218
1.122693
1.417225
1.839230
2.137117
2.148737
2.136110
1.941616
1.719708
1.399834
1.158912
1.160591
1.262421
1.265620
1.110858
1.019779
1.032953
1.154337
1.208898
1.302031
1.060420
1.008126
1.011412
0.843840
0.605599
0.502580
0.518404
0.466654
0.264013
0.178032
0.473797
0.941223
1.151283
0.978573
0.902698
0.613464
0.238010
0.146095
0.081285
-0.074889
-0.034847
0.189284
0.255354
0.279840
0.520151
0.974174
1.134957
0.982513
0.692701
0.603039
0.644387
0.619730
0.663724
0.797597
0.849359
0.754186
0.897312
1.078399
0.952035
1.068463
1.294752
1.349870
1.052740
0.544370
0.172496
-0.246187
-0.698916
-0.523087
-0.126042
0.200125
0.468476
0.714150
0.723408
0.400756
-0.027060
-0.250434
-0.113896
0.066081
0.101728
0.192271
0.286144
0.356327
0.464822
0.792832
1.094301
1.121211
1.025642
0.898561
0.904085
0.578851
0.148363
-0.237643
-0.304351
-0.403449
-0.220717
0.323634
0.733008
1.093054
1.328807
1.090142
0.825782
0.583752
0.318493
-0.048990
-0.374106
-0.496641
-0.339197
-0.078456
0.237071
0.328778
0.639486
0.837874
0.718036
0.331535
-0.038216
-0.432093
-0.579685
-0.660187
-0.718491
-0.661105
-0.316254
0.091274
0.387597
0.565397
0.468767
0.077530
-0.251284
-0.377153
-0.443062
-0.600632
-0.573860
-0.530721
-0.628783
-0.430531
-0.230901
0.095738
0.530433
0.782487
0.572734
0.163955
-0.217475
-0.168344
-0.359150
-0.423034
-0.323788
-0.182720
0.104660
0.039245
0.056416
0.150696
0.050370
-0.239778
-0.432116
-0.886998
-1.148916
-1.258744
-1.225445
-0.967522
-0.574116
-0.476095
-0.318662
-0.141122
-0.032997
-0.238890
-0.701951
-1.132188
-1.234913
-1.267598
-1.299731
-1.220789
-0.948229
-0.431855
-0.216841
0.016076
0.167442
0.470766
0.248593
-0.326335
-1.052902
-1.643503
-1.670575
-1.563418
-1.109761
-0.532064
-0.194158
-0.149844
-0.039929
0.117537
0.122655
-0.210766
-0.697471
-1.034207
-1.185032
-1.403194
-1.441132
-1.201931
-0.428958
0.312271
0.807401
0.923827
0.736716
0.032585
-0.583519
-1.022510
-0.937040
-0.995424
-0.907731
-0.333972
0.283902
1.061870
1.532115
1.923921
2.043784
1.450720
0.664410
-0.162191
-0.895523
-1.321099
-1.323157
-0.874454
-0.306076
0.155284
0.373462
0.778958
1.164934
1.413897
1.041984
0.124504
-0.878641
-1.216794
-1.133492
-1.160372
-0.983966
-0.689867
-0.341923
0.094970
0.606237
0.826409
0.625797
-0.105814
-0.729965
-1.007196
-1.293361
-1.298788
-1.285767
-1.284940
-1.048857
-0.589439
-0.159478
-0.042830
0.016699
0.147906
0.002070
-0.331001
-0.936643
-1.410616
-1.447909
-1.065957
-0.579903
-0.254799
-0.112070
0.078895
0.144942
0.332903
0.248220
-0.046839
-0.503887
-0.921615
-1.223628
-1.290322
-1.270163
-1.238949
-1.025798
-0.741896
-0.466258
-0.164828
-0.020949
-0.181025
-0.434989
-0.665840
-0.750220
-1.125680
-1.435541
-1.310592
-0.983374
-0.692252
-0.548183
-0.402228
-0.256219
-0.286979
-0.290959
-0.252594
-0.422554
-0.663688
-0.971371
-1.239887
-1.285844
-1.297525
-0.983899
-0.789375
-0.767387
-0.584408
-0.339387
-0.005300
-0.136326
-0.228964
-0.332107
-0.350951
-0.356242
-0.592486
-0.476860
-0.225593
-0.219673
-0.163967
-0.265591
-0.363014
-0.136666
0.191932
0.349803
0.124204
-0.252467
-0.330237
0.102796
0.277281
0.066144
0.192518
0.365393
0.243506
0.024560
-0.269000
-0.312082
-0.057267
-0.223953
-0.403231
-0.452362
-0.195683
0.240612
0.554435
0.424030
0.414854
0.366163
0.251979
-0.040507
-0.243260
-0.233317
-0.135402
-0.019747
0.125484
0.562607
0.686156
0.618602
0.049236
-0.464339
-0.740624
-0.945514
-0.920723
-0.723527
-0.251979
0.314654
0.589749
0.556297
0.573681
0.481594
0.178905
-0.091909
-0.210098
-0.192863
-0.502232
-0.611674
-0.481759
-0.132355
0.297435
0.545300
0.730121
0.850775
0.499302
0.076950
-0.227951
-0.099853
0.227326
0.634490
1.020345
1.194761
1.079116
1.159932
1.184937
1.276640
1.320123
1.272809
1.105792
0.838390
0.868590
1.180626
1.412310
1.648084
1.740626
1.831918
1.933236
1.778805
1.760696
1.700888
1.895143
2.151562
2.405876
2.449493
2.195127
2.016565
1.729032
1.524517
1.337885
1.429829
1.423363
1.351940
1.371861
1.664704
1.742280
1.834289
1.885601
1.968726
1.831012
1.498936
1.537972
1.657747
1.785921
1.838178
1.788946
1.744427
1.751439
1.319485
0.819603
0.442798
0.255643
0.344086
0.527828
0.483990
0.581827
0.855749
1.007541
0.893925
0.837340
0.815165
0.953766
1.014682
0.822249
0.668776
0.592577
0.444233
0.482285
0.466542
0.585597
0.800623
0.880934
0.840534
0.817760
0.823046
0.601823
0.449358
0.598897
0.912983
1.029138
0.613213
0.468605
0.588964
0.717244
0.843095
0.834599
0.812100
0.789248
0.940960
1.267668
1.370478
1.425044
1.282592
1.068802
0.726780
0.519700
0.576340
0.592187
0.883384
1.318320
1.282261
1.216017
1.384776
1.411445
1.412148
1.430860
1.467787
1.392473
1.226287
1.119349
1.020222
0.897288
0.819672
0.668025
0.352967
0.167315
0.364294
0.994596
1.417888
1.437697
1.429761
1.452725
1.458818
1.329074
0.931145
0.405858
0.081341
-0.265263
-0.374466
-0.105727
0.494137
0.741336
0.666090
0.531226
0.345612
0.260799
-0.147986
-0.163822
-0.043236
-0.098891
-0.163825
-0.124625
-0.160838
-0.304455
-0.146978
0.056341
0.363043
0.491123
0.388483
0.235494
0.074866
-0.107941
-0.190755
-0.392205
-0.611762
-0.385435
-0.087895
0.010854
-0.080620
0.126014
0.096358
-0.080790
-0.227025
-0.383584
-0.591291
-0.948123
-1.065161
-1.033671
-0.840005
-0.577183
-0.250555
-0.166376
-0.077946
-0.094914
-0.210846
-0.367473
-0.525574
-0.722010
-1.014262
-1.239420
-1.453069
-1.196707
-0.731653
-0.442964
-0.120156
-0.051942
-0.205535
-0.386369
-0.719272
-1.202610
-1.566549
-1.897448
-2.124681
-2.181806
-2.059032
-1.664330
-1.201692
-0.769670
-0.366992
-0.306017
-0.489354
-0.795134
-1.137642
-1.613367
-2.099906
-2.252460
-2.341459
-2.100075
-1.563941
-0.989516
-0.498006
0.000561
0.395637
0.231127
-0.210438
-0.829627
-1.476853
-1.841607
-1.934588
-1.829000
-1.980201
-2.042736
-1.867205
-1.443271
-0.886238
-0.638130
-0.412056
-0.766976
-1.361388
-2.197824
-2.527040
-2.276817
-1.818307
-1.338559
-1.045079
-0.676511
-0.123117
0.298034
0.378916
0.100180
-0.515488
-1.225215
-1.939190
-2.478511
-2.425549
-1.859956
-1.491097
-1.222235
-0.788785
-0.187224
0.255196
0.265595
0.264708
-0.066849
-0.392794
-1.007201
-1.451206
-1.531427
-1.371078
-1.076021
-0.655926
-0.227026
0.212135
0.670267
1.025763
0.760427
0.242384
-0.523136
-1.050130
-1.295880
-1.444605
-1.421668
-1.163002
-0.750905
-0.135193
0.676119
1.160368
1.310237
1.134510
0.873262
0.343439
-0.577804
-1.004645
-1.105926
-1.110160
-1.081349
-0.864193
-0.443087
0.080516
0.634177
1.004494
1.283628
1.653052
1.315613
0.588188
-0.352327
-0.877130
-0.811243
-0.569399
-0.307992
-0.108675
0.014285
0.014393
0.254130
0.653990
0.710680
0.389977
-0.047449
-0.549888
-0.937405
-1.195404
-1.282926
-1.133724
-0.759370
-0.043582
0.324075
0.714328
1.095135
1.323111
1.345487
1.297534
1.111123
0.607395
0.402223
0.390714
0.358907
0.416300
0.616677
0.938331
1.408071
1.924687
2.521412
2.864243
2.729319
2.127897
1.414555
0.783066
0.695633
0.831542
0.947802
0.874533
0.912584
1.305640
1.763777
2.299925
2.716582
2.879492
2.759840
2.307116
1.768827
1.209820
0.884487
0.887076
0.801265
1.089596
1.322199
1.560081
1.838448
2.269668
2.356127
2.211057
1.630224
0.893540
0.542507
0.195518
-0.056730
-0.179406
-0.308513
-0.286121
-0.023585
0.112088
0.445128
0.851689
0.791092
0.241635
-0.517081
-1.087061
-1.459465
-1.474734
-1.465284
-1.534899
-1.445594
-1.110979
-0.631830
-0.184573
0.005023
0.078737
-0.083054
-0.591679
-1.177951
-1.243564
-1.342872
-1.536777
-1.508612
-1.312722
-0.886769
-0.341510
0.179694
0.430971
0.262090
-0.169457
-0.659285
-0.915962
-1.091214
-1.160129
-1.325516
-1.650083
-1.720939
-1.428521
-1.046853
-0.666241
-0.433970
-0.604777
-0.774127
-0.944717
-1.188132
-1.568292
-1.812248
-1.841028
-1.758406
-1.466261
-1.077733
-0.515377
-0.068333
0.148692
0.103190
-0.311351
-0.778305
-1.102875
-1.168735
-1.371443
-1.447953
-1.169326
-0.646975
-0.268576
-0.159790
0.122688
0.452691
0.641022
0.589180
0.490251
0.148909
-0.236189
-0.666890
-0.749172
-0.610183
-0.257125
-0.104724
0.280967
0.808902
1.250687
1.140796
0.838920
0.639659
0.286125
0.159367
0.051504
-0.129690
-0.194715
-0.093382
0.434610
0.844980
0.845229
0.867314
1.032882
0.951266
0.568953
0.205126
-0.118324
-0.326752
-0.298552
-0.084903
0.174953
0.332177
0.488810
0.660790
0.636315
0.460624
0.272149
-0.091093
-0.290239
-0.238194
-0.036205
0.292747
0.575193
0.691053
0.571249
0.696039
0.828268
0.913308
1.100693
1.038419
0.875931
0.912946
0.788685
0.367683
0.032202
-0.142024
0.119714
0.482650
0.558356
0.493077
0.689892
0.802717
1.031769
1.279899
1.343946
1.007255
0.675824
0.474062
0.331795
0.360375
0.441100
0.188902
0.334187
0.430957
0.505437
0.479320
0.631612
0.838340
0.986052
0.884302
0.401826
0.050030
0.153503
0.157639
0.024957
0.006947
0.017303
-0.311207
-0.380418
-0.108907
-0.064556
-0.021093
-0.086737
-0.208303
-0.375539
-0.679357
-0.978901
-1.208933
-1.215904
-1.074092
-0.847433
-0.766030
-0.733943
-0.704583
-0.650503
-0.567968
-0.657940
-0.998590
-1.241704
-1.129944
-1.101748
-0.973440
-0.827497
-0.537733
-0.345621
-0.248580
-0.047025
0.133086
-0.172517
-0.467712
-0.718448
-0.859196
-0.952256
-1.066107
-0.968774
-0.945733
-0.903497
-0.867819
-0.725572
-0.499159
-0.538112
-0.807534
-1.232363
-1.668631
-1.898445
-2.050398
-1.855031
-1.423797
-1.271452
-1.266817
-1.121845
-1.100203
-1.071712
-1.160856
-1.463314
-1.568622
-1.639474
-1.662597
-1.591786
-1.617073
-1.596326
-1.245441
-1.378873
-1.636906
-1.693960
-1.820074
-1.762715
-1.570520
-1.490793
-1.555588
-1.624465
-1.603942
-1.562280
-1.558723
-1.539267
-1.434004
-1.328453
-1.281061
-1.411491
-1.548260
-1.618096
-1.996702
-2.223955
-2.263635
-2.010332
-1.753818
-1.427756
-1.133024
-0.924573
-0.791001
-0.634899
-0.718332
-0.745310
-0.766455
-0.632962
-0.601338
-0.772952
-0.770673
-0.677126
-0.376378
0.104744
0.439575
