-0.051574
-0.507362
-0.873132
-1.147447
-1.333272
-1.450378
-1.415049
-1.012797
-0.516883
0.030261
0.389917
0.381330
0.003306
-0.544002
-1.107356
-1.274530
-1.105962
-1.005201
-0.923578
-0.746845
-0.411469
-0.230602
0.224550
0.502037
0.550579
0.563073
0.392808
0.129371
-0.277701
-0.558540
-0.686579
-0.913127
-0.998839
-0.693431
-0.083272
0.370678
0.756498
0.895769
0.805668
0.459363
0.171117
-0.244288
-0.519927
-0.495668
-0.474529
-0.182828
0.127688
0.316628
0.615177
0.664727
0.705846
0.812253
0.873480
0.803735
0.197507
-0.222627
-0.358966
-0.308422
-0.289703
-0.182954
-0.047757
0.112636
0.332049
0.179270
0.042179
-0.039642
-0.186816
-0.214894
-0.237251
-0.500322
-0.761946
-0.986957
-1.063067
-0.871211
-0.473391
0.070179
0.770606
0.830971
0.450281
0.278968
-0.125882
-0.552523
-0.821386
-0.912743
-0.826549
-0.664300
-0.642168
-0.582700
-0.284104
-0.020219
-0.023635
-0.049640
-0.321790
-0.586814
-0.958748
-1.210223
-1.206033
-1.317516
-1.494358
-1.231411
-0.511962
0.334318
0.823965
0.924907
0.632378
0.199040
-0.266173
-0.596655
-0.847939
-0.966769
-0.833079
-0.950375
-0.908262
-0.593054
-0.148395
0.011981
-0.025357
-0.248509
-0.433469
-0.454332
-0.457380
-0.284604
0.061914
0.360773
0.487995
0.319840
0.192955
0.307570
0.532065
0.499503
0.169292
-0.476914
-0.766930
-0.257579
0.286029
0.399216
0.295903
0.094675
0.040236
0.174946
0.474803
0.611594
0.981250
0.976763
0.789647
0.434907
0.084454
0.033194
0.395439
0.852292
1.062465
0.743760
0.663853
0.606700
0.426303
0.005018
-0.379055
-0.247024
0.135383
0.482155
0.663847
0.775348
0.880160
1.031649
1.078956
0.796187
0.373059
-0.399503
-0.967053
-1.064376
-1.017605
-0.771954
-0.220558
0.147228
0.382464
0.466568
0.194440
-0.119372
-0.151451
-0.355980
-0.850266
-1.398397
-1.481492
-1.188234
-0.969532
-0.890355
-0.627380
-0.304493
-0.116389
0.286041
0.358008
0.177744
-0.428768
-0.833428
-0.724522
-0.332133
0.032526
0.353945
0.451371
0.155831
0.000889
-0.107003
-0.050621
0.399617
0.548593
0.388837
-0.120322
-0.565969
-0.860003
-0.937058
-0.643938
0.017423
0.847463
1.194294
1.174754
1.120026
0.832234
0.240400
-0.588152
-1.456264
-2.134874
-2.608524
-2.780087
-2.027704
-0.619749
0.569680
1.110671
1.369251
1.369704
1.040211
0.539001
-0.240293
-0.872098
-1.338524
-1.540353
-1.589789
-1.280557
-0.348652
0.957019
1.658393
1.730008
1.618325
1.316003
0.663017
-0.032154
-0.743910
-1.661846
-2.010751
-1.368189
-0.278705
0.723784
1.386828
1.683364
1.778384
1.607986
0.968683
0.354393
-0.149694
-0.679123
-0.946495
-1.083586
-1.336175
-1.100588
-0.301829
0.714360
1.212710
1.548277
1.238849
0.664534
0.036078
-0.485703
-0.773269
-0.991097
-1.099672
-0.897864
-0.434061
0.069869
0.616473
1.173984
1.207443
1.045441
0.804306
0.540260
0.244001
-0.052695
-0.236421
-0.294319
-0.254790
-0.021358
0.406859
0.600037
0.910582
1.100486
1.121554
0.771648
0.384152
0.051799
-0.097343
-0.428037
-0.543054
-0.637272
-0.334126
0.243921
0.669974
1.041010
1.261923
1.404095
1.303168
1.032472
0.659375
0.501132
0.297496
0.235745
0.159767
0.224271
0.507822
0.784547
0.675346
0.668575
0.828641
0.757566
0.530713
0.261194
-0.054080
0.040145
0.401479
0.410024
0.054711
-0.172759
0.171408
0.655855
0.859170
0.693333
0.756996
0.757082
0.141565
-0.252375
-0.268588
-0.009514
0.369246
0.423013
0.460477
0.675897
0.794168
0.851651
0.527526
-0.098366
-0.550483
-0.297187
0.239680
0.642909
0.631060
0.552347
0.464409
0.481819
0.393305
0.133995
-0.190683
-0.443772
-0.516927
-0.211838
0.470150
1.113723
1.600344
1.698899
1.354717
0.707104
-0.063423
-0.661383
-1.056007
-1.177875
-0.892675
-0.247699
0.586081
0.809471
0.882788
0.893142
0.992583
0.814368
0.294948
-0.401226
-1.119050
-1.541621
-1.294158
-0.636677
-0.028660
0.239378
0.247428
0.268980
-0.078655
-0.357518
-0.568368
-0.872382
-1.160061
-1.274407
-1.252910
-1.078824
-0.673813
-0.444342
-0.224736
-0.093652
-0.244835
-0.694017
-1.037435
-1.195664
-1.202475
-1.026528
-0.751139
-0.427738
-0.443307
-0.683019
-0.972173
-1.203522
-1.341385
-1.392425
-1.245770
-1.217689
-1.010884
-0.462491
0.187518
0.541208
0.630872
0.567211
0.316377
-0.337546
-1.276327
-2.018797
-2.340215
-2.084813
-0.932075
0.414511
1.365061
1.656309
1.312522
0.535678
-0.060265
-0.745247
-1.377029
-1.573383
-1.467293
-1.346153
-0.955609
-0.139875
0.662692
1.265001
1.442075
1.321069
0.999846
0.627524
0.027328
-0.631723
-1.145888
-1.458977
-1.345322
-1.012172
-0.433166
0.258722
0.829523
1.258855
1.268243
1.185141
0.795779
0.488660
0.019439
-0.520790
-0.713234
-0.478868
-0.350308
-0.357102
-0.168707
0.195660
0.523151
0.540255
0.378060
0.118645
-0.163197
-0.184797
-0.206702
-0.528003
-0.873858
-0.874009
-0.827099
-0.679428
-0.318440
0.023075
0.387745
0.706567
1.083373
0.970532
0.436401
0.035541
-0.389027
-0.877274
-1.401361
-1.763940
-1.745594
-1.346238
-0.684630
-0.098850
0.269771
0.273180
0.072270
-0.089750
-0.135921
-0.048112
-0.300680
-0.773629
-1.319074
-1.318352
-0.756549
-0.307189
-0.105846
-0.186986
-0.389322
-0.467907
-0.467731
0.068238
0.580738
0.661780
0.348050
-0.041998
-0.104100
0.194402
0.714047
1.010685
0.942197
0.681560
0.216209
0.047480
0.174559
0.205084
0.424832
0.579716
0.544822
0.498631
0.401038
0.210713
0.139233
0.146242
0.103291
0.140114
0.155656
-0.008566
-0.002384
0.076805
-0.003240
-0.110636
-0.025742
-0.104382
-0.281023
-0.390646
-0.266099
-0.207994
-0.347034
-0.171306
0.332418
0.776565
0.896655
0.697763
0.195106
-0.432048
-0.906677
-1.012335
-1.024610
-0.858529
-0.727480
-0.502475
0.054995
0.614231
0.963286
1.054176
0.915897
0.319101
-0.345087
-0.880393
-1.085193
-0.856312
-0.480372
-0.137504
0.166649
0.664237
1.194683
1.544114
1.583632
1.046908
0.389739
-0.204688
-0.916232
-1.562116
-1.786509
-1.490146
-1.028918
0.038652
1.354798
1.930837
2.256013
2.365519
1.851009
1.043051
0.272313
-0.662535
-1.412182
-1.978233
-2.033294
-1.418672
-0.416227
0.477816
0.979247
1.167272
1.171686
1.134663
1.085400
0.695975
0.066079
-0.812539
-1.509455
-1.764651
-1.075450
0.404434
1.764714
2.112921
1.696804
1.369137
1.057389
0.671938
-0.187112
-1.336917
-2.146253
-2.260569
-1.871314
-0.500490
1.154831
2.261799
2.422601
2.007378
1.494876
1.087859
0.506275
-0.387890
-1.228236
-1.478940
-1.290668
-1.016784
-0.303072
0.599315
1.247026
1.407848
1.250345
1.113543
0.634216
-0.092080
-0.901440
-1.522645
-1.934838
-1.981288
-1.666882
-1.115659
-0.050828
0.946596
1.368735
1.422449
1.253901
0.749892
0.112114
-0.704954
-1.542186
-1.943038
-1.900546
-1.595409
-1.368257
-0.740866
0.367255
0.994652
0.996118
0.627109
0.561082
0.295952
-0.424876
-1.237065
-1.932527
-2.329418
-2.264371
-2.121701
-1.782895
-0.964332
0.031899
0.754420
0.901859
0.658008
-0.023013
-0.489443
-0.928508
-1.468826
-1.975754
-2.163433
-1.563157
-0.749326
0.141340
1.071400
1.550958
1.413285
1.245025
1.016778
0.430563
-0.493155
-1.078378
-1.458086
-1.848198
-1.734150
-1.072658
0.159515
1.270486
1.836184
1.475947
0.925705
0.628233
0.407445
0.039362
-0.585473
-1.446163
-2.268678
-2.747730
-2.632422
-1.656610
0.001107
1.190389
1.274123
0.291000
-0.586485
-0.938345
-1.005762
-1.245436
-1.618334
-2.125754
-2.577219
-2.586629
-1.994855
-1.187505
-0.398627
0.310186
0.819416
0.716891
0.267398
0.102830
-0.278356
-0.888863
-1.596739
-2.176846
-2.439438
-2.187944
-1.136754
0.175309
1.079003
1.133718
0.824298
0.784605
1.046750
1.305625
1.143284
0.638104
0.021691
-0.602201
-1.251459
-1.128622
-0.066354
1.365315
2.141997
2.087560
1.802046
1.810170
1.657305
1.550266
1.204588
0.617670
-0.082926
-0.732664
-0.574043
0.467218
1.655476
2.327356
2.366189
2.187794
2.018873
1.863716
1.580368
0.954476
0.249468
-0.203723
-0.074015
0.502673
1.487021
2.055778
2.098610
1.850482
1.882031
2.105253
2.007815
1.583717
0.752228
-0.274991
-0.853531
-0.742421
0.288857
1.500849
2.166906
2.314159
2.075908
1.866179
1.566827
1.367693
0.808356
-0.035820
-1.093701
-1.519853
-0.967889
0.259713
1.528755
2.394100
2.294436
1.786060
1.516551
1.087593
0.605118
-0.212502
-0.881526
-1.423555
-1.816368
-1.528129
-0.821447
0.039710
0.676598
0.921253
0.860358
0.760249
0.693937
0.275337
-0.597063
-1.473678
-2.140942
-2.408996
-1.929508
-1.022916
-0.201781
0.348826
0.585231
0.383229
0.106686
-0.226233
-0.638660
-1.368687
-2.274574
-2.555125
-1.828545
-0.812940
0.328133
1.072932
1.191569
0.692742
0.044795
-0.499778
-1.108882
-1.653886
-1.791447
-1.381672
-0.881610
-0.186663
0.693558
1.175882
1.202117
0.987320
0.273553
-0.780160
-1.605352
-2.133037
-2.162605
-1.795057
-1.171688
-0.329060
0.331603
0.584082
0.568031
0.149078
-0.444573
-1.132448
-1.693343
-1.785114
-1.530886
-1.226690
-0.992802
-0.401713
0.578004
1.432180
1.785142
1.341881
0.178958
-1.060491
-1.911110
-1.928177
-1.670592
-1.573847
-1.335220
-0.951895
-0.246907
0.532771
1.025363
1.110816
0.809314
0.242087
-0.441880
-1.079085
-1.403890
-1.223422
-0.736918
-0.587582
-0.589431
-0.320165
0.374057
0.810313
0.998584
1.254270
1.283342
1.153578
0.828542
0.411911
-0.100733
-0.382390
-0.344571
0.025379
0.671354
1.193294
1.362216
1.214003
1.047866
0.750229
0.507677
0.260522
-0.054000
-0.250969
-0.326086
-0.078605
0.520625
0.977729
1.181302
1.021479
0.697386
0.224540
0.026507
-0.250982
-0.620257
-0.914949
-0.998307
-0.620961
-0.114589
0.395480
0.769464
1.034777
1.122954
0.963357
0.729530
0.494483
0.255813
-0.001306
-0.125588
-0.091500
0.349323
0.964153
1.488429
1.898233
1.798139
1.176804
0.763011
0.494608
0.165245
-0.181510
-0.252311
-0.238152
0.046590
0.593903
0.989218
1.237210
1.293677
1.178974
0.919897
0.497428
0.382717
0.426587
0.556961
0.632309
0.593083
0.397291
0.282063
0.407959
0.355431
0.470484
0.876177
1.063067
1.081962
0.990865
0.807071
0.752582
0.449897
0.330149
0.274547
0.498278
0.661664
0.888826
1.108759
1.240747
1.250934
1.054755
0.689168
0.261386
-0.324075
-0.659246
-0.861862
-0.795930
-0.590370
-0.195501
0.387773
0.666573
0.749218
0.649042
0.154678
-0.370174
