-0.956948
-1.027941
-0.882276
-0.731605
-0.809060
-0.909492
-0.658126
-0.403632
-0.151189
-0.005846
-0.011076
-0.242228
-0.621950
-0.908613
-1.137007
-1.277197
-0.916320
-0.538406
-0.180989
0.106141
0.154508
0.156098
0.228829
0.082946
-0.102571
-0.316044
-0.454356
-0.366165
-0.400758
-0.333933
-0.062869
0.268994
0.197117
0.076991
0.053500
-0.020468
-0.010423
-0.122054
-0.488838
-0.846476
-0.929240
-0.887908
-0.588309
-0.193947
0.121666
0.357366
0.530499
0.464992
0.271859
0.011078
-0.182861
-0.391591
-0.492527
-0.400962
-0.524106
-0.271774
0.066295
0.104234
0.191601
0.200525
0.007141
-0.306332
-0.496323
-1.065699
-1.545779
-1.540480
-1.215960
-0.641521
-0.214557
0.238929
0.476391
0.220506
-0.141212
-0.358821
-0.403694
-0.261310
-0.144206
-0.460937
-0.988485
-1.049324
-0.708036
-0.382761
-0.005780
0.352207
0.856775
0.992835
0.796392
0.483371
0.288036
-0.016980
-0.615602
-0.935303
-1.226271
-0.989463
-0.551098
-0.161770
0.065717
0.270108
0.274090
0.335633
0.468763
0.634303
0.585878
0.218079
-0.463989
-1.329187
-1.847096
-1.438950
-0.825481
-0.257718
0.143370
0.338446
0.591068
0.844253
0.905896
0.522935
-0.104118
-0.952012
-1.611150
-1.913114
-1.541712
-0.807703
0.141416
0.972201
1.520100
1.681458
1.575054
1.220987
0.661215
-0.185821
-1.121304
-2.084339
-2.388160
-1.519699
-0.109696
0.939436
1.367969
1.573255
1.303652
1.338198
0.987193
0.351654
-0.162520
-0.538074
-0.838365
-1.194183
-1.029015
-0.256695
0.922911
1.812253
1.981850
1.573429
1.141326
0.799952
0.279101
-0.432611
-1.260951
-1.456997
-0.854058
0.175877
0.991238
1.299843
1.235456
1.203471
0.940778
0.493110
-0.222382
-1.145865
-1.675694
-1.826706
-1.639673
-0.846826
0.117359
0.929768
1.335469
1.247050
0.729817
0.191076
-0.496593
-1.030991
-1.425478
-1.719459
-1.639134
-0.954174
-0.179440
0.408809
0.766026
0.647199
0.345858
0.141448
-0.174433
-0.318934
-0.657464
-0.759469
-0.368027
0.108850
0.631933
1.040403
1.265437
1.026547
0.677089
0.212586
-0.044702
0.315028
0.731185
0.830091
0.351469
-0.150032
-0.385499
-0.376173
0.080243
0.608124
1.051287
1.104699
0.797162
0.534060
0.375528
0.271030
-0.170847
-0.941505
-1.638389
-2.022176
-1.935429
-0.957199
0.324491
1.281835
1.641574
1.853947
1.778187
1.212923
0.290779
-0.559951
-0.993627
-0.997322
-1.238244
-1.134087
-0.292436
0.672967
1.651594
1.852315
1.690692
1.449150
0.985010
0.161924
-0.696666
-1.564709
-2.083800
-2.073949
-1.405173
-0.009777
1.240995
1.781334
1.797115
1.422229
0.988109
0.324187
-0.540369
-1.319313
-1.823828
-1.591186
-1.103687
-0.639183
-0.152648
0.568831
1.094146
1.270226
1.168730
0.705298
0.019818
-0.706678
-1.119760
-1.573737
-1.451845
-1.094918
-0.417249
0.701948
1.556930
1.995207
2.073172
1.655450
1.078363
0.434916
-0.151643
-0.612911
-0.933402
-1.013560
-0.762007
-0.137548
0.640583
1.288635
1.450632
1.475979
1.252256
0.824219
0.024600
-0.578204
-0.843548
-0.664048
-0.484508
-0.507047
-0.288178
0.405066
1.243759
1.735504
1.661495
1.098757
0.769929
0.391959
-0.121793
-0.573591
-0.706292
-0.500820
-0.102437
0.212330
0.635986
1.012685
1.233614
0.998684
0.625639
0.159663
-0.424013
-0.909906
-0.979187
-0.865114
-0.347068
0.397200
0.856730
0.872283
0.764352
0.824539
0.923995
0.794379
0.514172
0.269675
-0.104279
-0.530941
-0.554453
-0.272428
0.162112
0.764250
1.028849
1.212555
1.240915
1.037747
0.631331
0.372901
0.170409
0.100285
0.375471
0.442776
0.704772
1.288373
1.300733
1.081389
0.939248
0.638828
0.056256
-0.357181
-0.412684
-0.323947
0.070813
0.622667
1.066150
1.236940
1.162761
0.811404
0.214464
-0.481088
-1.034207
-1.280055
-1.229895
-0.847465
-0.322126
0.271943
0.815478
1.248782
1.335810
0.890696
0.293292
-0.426817
-1.062259
-1.418002
-1.534928
-1.253541
-0.798403
-0.091283
0.344086
0.494223
0.216622
-0.287723
-0.808315
-1.047862
-1.217816
-1.300113
-1.463202
-1.445175
-1.379798
-0.757874
0.021443
0.566250
0.669493
0.394879
-0.268536
-0.914993
-1.336636
-1.714108
-2.018993
-1.947010
-1.615216
-0.889174
-0.118167
0.096200
0.058914
-0.276208
-0.466842
-0.724546
-1.075016
-1.134482
-1.059769
-0.971505
-0.757728
-0.393567
-0.149066
0.012409
-0.220310
-0.606793
-1.057114
-1.167598
-0.960194
-0.468169
0.105810
0.354297
0.439586
0.384105
0.126840
-0.350667
-0.676604
-0.819071
-0.611910
-0.379565
-0.206296
-0.046652
0.384461
0.737317
0.778899
0.479414
0.084515
-0.249862
-0.553178
-0.888555
-1.051625
-0.952038
-0.686047
-0.530196
-0.273094
0.113964
0.376278
0.626525
0.764804
0.555393
0.192281
-0.118627
-0.369506
-0.534493
-0.678523
-0.468113
-0.060959
0.342471
0.274043
0.210276
0.132856
0.028982
-0.254569
-0.605572
-0.883665
-1.037205
-0.831356
-0.699671
-0.738455
-0.652229
-0.504530
-0.391279
-0.197993
0.017420
0.066541
-0.008428
0.032709
0.044133
-0.189395
-0.688882
-0.787723
-0.686913
-0.713407
-0.767760
-0.841166
-0.606271
-0.284734
0.030535
0.132138
0.201747
0.056719
-0.252882
-0.603822
-0.785911
-0.790643
-0.554512
-0.485348
-0.253051
0.126036
0.362054
0.355970
0.150787
-0.215142
-0.752186
-1.185370
-1.489791
-1.058190
-0.124366
0.537148
0.730891
0.645579
0.602418
0.843821
0.968339
0.760248
0.033152
-0.778953
-1.382050
-1.664680
-1.334163
-0.641092
-0.096159
0.172657
0.365140
0.404758
0.329592
0.181140
-0.022174
-0.244724
-0.650314
-0.912866
-0.895363
-0.659036
-0.434356
-0.148445
0.310742
0.599163
0.818181
0.678322
0.382365
-0.009668
-0.581592
-1.426540
-1.908231
-1.539114
-0.612679
0.189906
0.729642
0.721801
0.615983
0.407982
0.173376
-0.058523
-0.440653
-0.671020
-1.078498
-1.339986
-0.890286
0.008818
0.659951
0.801166
0.837494
0.654967
0.420353
0.061062
-0.039011
0.072316
0.313632
0.296520
0.097012
-0.090361
0.040949
0.468440
0.871143
1.034643
0.875379
0.542544
0.335569
0.107362
0.225947
0.389469
0.243268
0.439819
1.131639
1.742509
2.001712
2.010735
1.740568
1.165870
0.322309
-0.506661
-1.034544
-1.193531
-0.867943
-0.076908
0.808627
1.598856
2.001532
1.713503
1.197595
0.718608
0.229381
-0.162213
-0.522572
-0.860874
-1.125056
-1.184508
-0.774439
-0.093203
0.635628
0.990308
0.948266
0.760743
0.514896
0.209490
-0.412538
-1.345462
-1.930218
-1.945471
-1.627987
-0.740337
0.153128
1.117428
1.765180
1.952308
1.842614
1.443012
0.823052
0.173902
-0.575729
-0.996583
-1.062650
-0.767972
-0.415685
0.309757
1.124093
1.321725
1.411398
1.527318
1.223787
0.713192
0.135084
-0.287438
-0.698101
-0.887062
-0.856295
-0.638073
0.140785
0.943833
1.284470
1.472930
1.712281
1.529168
0.864310
-0.024783
-0.697860
-1.087876
-1.350137
-1.403283
-1.073849
-0.272107
0.543068
1.123049
1.346017
1.121635
0.994572
0.559415
-0.246754
-0.979441
-1.468703
-1.720921
-1.816456
-1.846823
-1.571644
-0.764139
0.185702
1.064994
1.260305
1.138629
0.735412
0.140335
-0.436204
-1.102122
-1.596700
-1.827953
-1.566473
-0.541109
0.548599
1.442952
1.755554
1.496762
1.360131
0.875302
0.184305
-0.630855
-1.179930
-1.565548
-1.883844
-1.868814
-1.336338
-0.188607
1.007449
1.457289
1.457563
1.152887
0.686146
0.283712
-0.089961
-0.746145
-1.665154
-2.254249
-2.342484
-1.947970
-1.232496
0.182519
1.370378
1.655683
1.149142
0.137749
-0.591885
-0.865704
-1.207835
-1.518338
-1.632604
-2.058382
-2.126852
-1.787272
-0.765197
0.460899
1.330845
1.668405
1.212865
0.696979
0.265550
-0.414657
-1.208930
-1.849739
-2.240054
-2.225173
-1.940330
-1.009379
0.494293
1.738282
2.003645
1.681440
1.204646
1.041580
0.799555
0.076570
-0.620446
-1.038883
-1.020193
-1.022740
-0.621866
0.166071
1.245918
2.018302
2.120538
1.887776
1.672835
1.475171
1.318209
0.819908
0.130571
-0.582500
-1.037828
-0.615864
0.450131
1.710998
2.471636
2.497533
2.130650
1.621628
1.272034
0.895475
0.314546
-0.328251
-0.692709
-0.586174
0.253654
1.495790
2.400644
2.660513
2.387433
1.968185
1.479054
1.023309
0.676530
-0.074614
-0.909217
-1.374319
-1.133317
-0.073475
1.209492
2.122074
2.317228
1.969623
1.350240
1.034203
0.575985
-0.027545
-0.856475
-1.634014
-1.830250
-1.156748
-0.006197
1.174634
2.095312
2.231215
1.444273
0.707483
-0.012861
-0.625767
-1.284713
-1.825650
-1.968977
-1.839272
-1.306406
-0.579314
0.418447
1.308696
1.581137
1.156029
0.550235
-0.175036
-1.110713
-1.965614
-2.371709
-2.389272
-2.231162
-1.840205
-1.106691
-0.140279
0.677668
0.940910
0.775976
0.255101
-0.393653
-1.254694
-2.068579
-2.575278
-2.501514
-1.836073
-0.858937
0.147380
1.049778
1.366557
1.104981
0.651139
-0.016158
-0.735349
-1.246174
-1.576543
-1.611414
-1.277147
-0.636112
0.456049
1.364538
1.892807
1.851543
1.116321
0.046596
-0.842578
-1.493432
-1.807257
-1.722986
-1.144096
-0.390355
0.517627
1.022777
1.157142
1.112609
0.699813
-0.161552
-0.916366
-1.293415
-1.313188
-1.143097
-1.177640
-0.695316
0.023395
0.641200
1.004466
0.937313
0.510672
-0.493032
-1.112392
-1.429068
-1.593762
-1.590954
-1.249724
-0.415329
0.603728
1.309234
1.561021
1.408730
1.019296
0.261339
-0.590093
-1.106610
-1.370108
-1.294894
-1.050327
-0.860101
-0.637680
0.031603
0.898307
1.329164
1.484773
1.766465
1.569091
1.247458
0.762005
0.128123
-0.362322
-0.598517
-0.349519
0.023485
0.695185
1.195683
1.413480
1.071907
0.865340
0.703022
0.134519
-0.287799
-0.618799
-0.707827
-0.551301
-0.278770
0.360426
0.958804
1.275086
1.071633
0.658708
0.127732
-0.251188
-0.551103
-0.923579
-1.237904
-1.162194
-0.635140
-0.149969
0.266625
0.495186
0.708758
0.704350
0.350987
0.011529
-0.111665
-0.305120
-0.364001
-0.244250
-0.067840
0.440740
1.014665
1.367041
1.553871
1.472282
1.042909
0.561460
0.269149
0.299751
0.241852
0.336964
0.568354
0.793780
1.013201
1.109628
1.019697
0.849728
0.610168
0.330134
0.213201
0.338744
0.523367
0.852208
0.908704
0.801897
0.644396
0.332713
0.285999
0.013529
-0.194565
-0.091685
0.132285
0.515474
0.813115
0.815692
0.702768
0.462317
0.438037
0.313036
0.113258
-0.123749
-0.002710
0.475147
0.881482
1.116218
0.958394
0.813021
0.539338
-0.014414
-0.519434
-0.834959
-0.775199
-0.826846
-0.804653
-0.411751
0.106562
0.543204
0.611478
0.367030
-0.131439
