-0.074453
-0.028656
-0.037659
-0.111782
-0.149651
-0.220339
-0.428728
-0.453018
-0.399452
-0.516054
-0.700745
-0.875511
-0.879803
-0.770867
-0.528837
-0.531481
-0.735982
-0.590297
-0.296765
-0.155868
-0.203713
-0.555221
-0.989087
-1.680142
-2.079400
-2.138397
-1.969472
-1.619922
-0.859499
-0.141890
0.371171
1.010873
1.532733
1.645415
1.403793
0.689322
-0.483978
-1.549490
-2.034740
-1.708787
-0.929115
-0.041017
0.615624
0.762818
1.047721
1.514780
1.630046
1.285162
0.724382
0.204840
-0.270962
-0.640009
-0.793534
-0.826213
-0.577272
-0.214729
0.111390
0.349519
0.328068
0.262561
0.186997
0.054029
-0.289158
-0.398993
-0.396554
-0.735928
-0.998752
-1.010653
-0.784972
-0.557258
0.003045
0.619193
0.998910
0.898152
0.746547
0.646197
0.293737
-0.169039
-0.135742
-0.201125
-0.289358
-0.146195
0.203798
0.736847
1.322991
2.052969
2.619776
2.701950
2.351807
1.736253
0.998347
0.367643
-0.097315
-0.507282
-0.991383
-1.310124
-1.435435
-1.569397
-1.502135
-1.327178
-0.965661
-0.734892
-0.624614
-0.436230
-0.390406
-0.482563
-0.700335
-0.727556
-0.580724
-0.555965
-0.679047
-0.663982
-0.537663
-0.352125
-0.112161
0.111610
0.340982
0.481392
0.520449
0.570820
0.735863
0.613990
0.499248
0.765600
0.978273
0.960850
0.771895
0.687916
0.450633
0.317552
0.302430
0.486156
0.940263
1.440602
1.762567
1.883072
1.822950
1.427848
0.977840
0.731651
0.479134
0.092784
-0.367914
-0.215859
0.154464
0.214079
0.379058
0.287240
-0.434999
-1.370063
-1.821258
-1.553361
-0.784165
-0.079736
0.136698
0.249639
0.218562
0.227730
0.265628
-0.006092
-0.433674
-0.786666
-1.068096
-1.163605
-0.691347
0.409382
1.500047
1.871182
1.594953
1.082240
0.583292
-0.020492
-0.544080
-1.077037
-1.588179
-1.995843
-2.192614
-2.107344
-1.483872
-0.762356
-0.462703
-0.262009
-0.005273
0.370427
0.835469
1.256904
1.459009
1.254589
0.761139
-0.083605
-0.891851
-1.490977
-1.747708
-1.471847
-0.860672
-0.116351
0.204081
0.485590
0.625649
0.716233
0.608163
0.488818
0.439559
0.376377
0.229021
-0.026595
-0.181576
-0.361767
-0.329921
-0.096627
0.293067
1.005306
1.487113
1.674618
1.835133
1.578672
1.278172
1.252610
1.027942
0.434553
-0.403640
-1.116788
-1.610099
-1.629403
-1.347428
-0.894416
-0.208380
0.554954
0.889533
1.193916
1.235914
1.212398
1.090069
0.871868
0.396629
0.015907
-0.411473
-1.077465
-1.256061
-1.077089
-0.572582
0.304451
1.240020
1.922939
1.964508
1.656332
1.571149
1.301522
0.658607
-0.105199
-0.951785
-1.523512
-1.699442
-1.221931
-0.595132
-0.260336
-0.028149
0.028941
0.065650
0.254022
0.480287
0.489413
0.317045
0.186196
0.040065
-0.109150
-0.405772
-0.509384
-0.473412
-0.460875
-0.294125
-0.222771
-0.294748
-0.231060
-0.165864
0.176497
0.667673
1.055473
1.141413
0.784382
0.391206
0.056612
-0.547236
-1.148072
-1.402833
-1.469990
-1.484226
-1.242609
-0.879580
-0.906652
-1.151101
-1.244617
-1.036387
-0.773500
-0.714788
-0.732551
-0.628739
-0.264545
0.385746
0.865047
1.391320
1.615822
1.633645
1.410190
0.898192
0.558195
0.211155
0.033421
-0.136383
-0.408298
-0.553903
-0.618830
-0.596122
-0.449132
-0.211782
-0.127332
-0.228766
-0.677331
-1.220975
-1.229751
-1.020962
-0.801764
-0.881856
-0.995893
-0.719073
-0.443345
-0.161093
0.122329
0.458636
0.932267
1.301866
1.561901
1.815009
1.995188
1.859101
1.587829
1.408379
1.047345
1.013822
0.855599
0.281173
-0.293407
-0.275737
0.360249
1.148568
1.720001
1.845189
1.443919
0.707502
0.130195
-0.356516
-0.503059
-0.611032
-0.610665
-0.607233
-0.668983
-0.546694
-0.334629
-0.262142
-0.330650
-0.262061
-0.040739
0.308101
0.320572
0.025069
-0.163724
0.160050
0.208422
0.065026
-0.031388
0.074029
0.073284
-0.293010
-0.799885
-0.862326
-0.690421
-0.335285
0.362597
0.755507
0.795759
0.562213
0.151076
-0.316271
-0.777378
-1.088460
-1.159487
-1.142801
-1.095023
-0.852014
-0.113917
0.598556
0.757447
0.560355
0.340037
0.173024
-0.230171
-0.623503
-0.861096
-0.922242
-0.677147
-0.135252
0.435468
0.901107
1.141647
1.145535
0.820060
0.598876
0.538444
0.178152
-0.328255
-0.826991
-1.068555
-0.979059
-0.712751
-0.533713
-0.136756
-0.178235
-0.216965
-0.069002
-0.059904
-0.231805
-0.660107
-1.040016
-1.179624
-1.120805
-0.799198
-0.430742
-0.193435
-0.049533
-0.020620
-0.017977
-0.059196
-0.134509
-0.297166
-0.448622
-0.613737
-0.628246
-0.382471
-0.196789
0.176317
0.586654
0.880222
0.920793
0.720663
0.435247
-0.037476
-0.610098
-0.934005
-0.902577
-0.712506
-0.654686
-0.476077
-0.006110
0.634413
1.107291
1.235019
1.024449
0.765134
0.650935
0.916122
1.319861
1.441171
1.458454
1.326283
0.951921
0.437373
0.085592
-0.404327
-0.382969
0.103467
0.316239
0.318164
0.305844
0.180976
0.041092
0.133323
0.478438
0.455710
0.628015
0.922180
1.080440
1.067534
0.800563
0.244722
-0.330834
-0.636487
-0.620636
-0.715388
-0.882077
-1.091900
-1.267626
-1.390364
-1.161357
-0.645394
-0.139160
0.122096
0.181961
-0.092223
-0.113993
0.175482
0.433673
0.657711
0.720216
0.778375
0.979116
1.099033
1.256994
1.089660
0.407770
-0.340667
-0.835076
-0.824183
-0.749815
-0.590364
-0.371517
-0.301915
-0.304715
-0.113073
0.159711
0.624619
0.657509
0.249171
-0.003528
-0.069568
0.369888
0.998296
1.343104
1.252319
1.057486
1.005598
0.971989
0.846081
0.734862
0.267913
-0.155866
-0.339415
-0.326171
-0.384566
-0.673530
-0.653011
-0.469871
-0.369702
-0.132874
-0.053476
-0.174947
-0.368049
-0.650115
-0.997581
-1.293251
-1.272583
-0.932124
-0.604684
-0.405649
-0.285891
-0.105518
0.150518
0.587037
0.838640
0.655884
0.251432
0.039934
-0.050682
-0.289821
-0.801390
-1.343908
-1.474774
-1.320344
-1.025814
-0.704414
-0.385835
-0.181693
-0.060366
-0.143335
0.210919
0.352505
0.439433
0.854214
1.004156
0.540513
-0.112953
-0.769352
-0.867941
-0.581901
-0.199918
0.120106
0.292889
0.266836
0.192715
0.388459
0.616448
0.791772
0.489347
-0.294460
-0.788686
-0.837890
-0.598261
-0.403372
-0.460167
-0.601677
-0.606461
-0.458512
0.011519
0.464903
0.523762
0.100529
-0.243395
-0.373233
-0.346937
-0.241880
0.159630
0.645943
0.972428
0.769585
0.304094
-0.176519
-0.428874
-0.137949
0.354779
0.642157
0.744121
0.789111
0.537044
-0.102996
-0.696877
-0.864640
-0.975290
-1.053259
-1.002534
-0.690456
-0.004248
0.789072
1.397798
1.582809
1.434223
0.941939
0.265917
-0.482741
-0.866955
-0.909814
-0.775016
-0.475963
0.051623
0.573239
1.173584
1.453313
1.315323
0.817606
0.240064
-0.256023
-0.701015
-0.800303
-0.823328
-0.990797
-1.115785
-1.175240
-0.859883
-0.194757
0.471318
0.932315
1.273548
1.486272
1.468507
1.321787
0.873724
0.305136
-0.076141
-0.266244
-0.485132
-0.546750
-0.249520
0.353902
0.988139
1.135217
1.085656
1.091522
1.144007
1.111681
1.010241
0.847389
0.666579
0.265175
-0.445042
-0.944988
-0.973461
-0.743210
-0.162823
0.361403
0.849415
1.346774
1.616514
1.784651
1.666165
1.115752
0.441016
-0.364345
-1.046519
-1.565620
-1.758154
-1.651275
-1.582321
-1.420974
-1.169387
-0.969576
-0.861242
-0.901340
-0.908948
-0.821257
-0.832687
-0.935087
-1.212732
-1.469005
-1.525035
-1.372065
-0.973648
-0.368667
0.188436
0.354583
0.257897
0.164161
0.010036
-0.369269
-0.592081
-0.400101
0.069860
0.656977
1.176141
1.514478
1.954762
2.405188
2.988383
3.694553
4.083536
3.891249
3.130056
1.794108
0.850087
0.560937
0.997243
1.978092
3.279651
4.434377
4.956951
5.059696
4.803224
3.960252
2.979984
2.254847
1.768618
1.041201
0.080657
-0.649684
-0.749950
-0.337301
0.090726
0.230111
0.287601
0.212284
0.081002
-0.279692
-0.742324
-1.274768
-1.821658
-2.092681
-2.012470
-1.841717
-1.558201
-1.103127
-0.451309
0.048321
0.293965
-0.294331
-1.390062
-2.300949
-2.657329
-2.602653
-2.307611
-1.919082
-1.446432
-1.077202
-0.925986
-0.815002
-0.699538
-0.560425
-0.598299
-0.766868
-1.169094
-1.461033
-1.732458
-1.903997
-1.554502
-1.106603
-0.915927
-0.813477
-0.961569
-1.249698
-1.572746
-1.700999
-1.595751
-1.477393
-1.183693
-0.410605
0.338206
0.788724
0.800838
0.677253
0.590154
0.114701
-0.415696
-0.827533
-0.914774
-0.910752
-0.927131
-0.784121
-0.852092
-0.818758
-0.554614
-0.371261
-0.211657
-0.119206
-0.008324
0.321922
0.687421
0.835055
0.771545
0.569840
0.208736
-0.294043
-0.931797
-1.538260
-1.522588
-1.172665
-0.719790
-0.335646
0.252201
0.869117
1.144077
0.849844
0.533120
0.581068
0.761276
0.823321
0.733623
0.920366
1.234886
1.572572
1.615668
1.329933
0.868510
0.220709
-0.388308
-0.838826
-0.855459
-0.340398
0.251785
0.562836
0.483966
0.434101
0.207398
-0.121184
-0.427271
-1.311051
-2.240574
-2.403741
-2.044672
-1.488600
-0.781255
0.284542
1.204756
1.809291
1.870460
1.242754
0.455306
-0.318321
-0.910169
-1.274632
-1.300838
-1.035234
-0.596974
-0.301588
-0.123353
0.183363
0.123035
-0.300303
-0.773715
-0.968705
-0.967573
-0.865797
-0.560291
-0.332235
-0.452272
-0.230808
0.256954
0.583433
0.792908
0.920914
0.995051
1.122626
1.189955
1.113094
0.902209
0.642698
0.631926
0.685029
0.569247
0.508510
0.471615
0.548431
0.462227
0.426699
0.331138
0.038601
-0.073892
0.074407
0.196426
0.475273
0.446700
0.346882
-0.026450
-0.478498
-0.541901
-0.154271
0.360565
0.480944
0.438700
0.172169
-0.250930
-0.396469
-0.355434
-0.420437
-0.787033
-1.244976
-1.609341
-1.731213
-1.364325
-0.763902
-0.146982
0.327243
0.543936
0.672483
0.926651
1.004132
0.848193
0.616702
0.372987
0.114523
-0.091711
0.010673
0.193408
0.295935
0.381742
0.404060
0.283407
0.279888
0.395178
0.746284
0.844924
0.745374
0.591846
0.454725
0.350988
0.069222
-0.019240
0.068472
-0.050258
-0.176005
-0.401424
-0.581077
-0.861149
-1.142311
-1.377425
-1.490151
-1.251927
-0.841933
-0.425569
0.103018
0.356436
0.517183
0.725535
0.632999
0.314051
0.162643
-0.195179
-0.670125
-0.860741
-0.738708
-0.667586
-0.749545
-0.674415
-0.682290
-0.666561
-0.716955
-0.555847
-0.142227
0.720074
1.192517
1.443526
1.643799
1.766034
1.508761
1.169546
0.674605
0.045371
-0.659116
-1.379485
-1.777850
-1.891135
-1.682596
-1.492424
-1.320944
-1.136699
-0.878564
-0.436810
-0.241423
-0.397692
-0.627644
-0.787577
-0.972930
-1.064970
-0.934363
-0.386417
0.234754
0.960690
1.355259
1.744598
