-1.264284
-0.552883
0.174233
0.819140
1.264459
1.505037
1.407891
1.294148
0.868331
0.070813
-0.568063
-1.029031
-1.031227
-0.812719
-0.260643
0.064179
0.207031
0.794492
1.322017
1.086417
0.443579
-0.084685
-0.386912
-0.767745
-1.192630
-1.760982
-1.952644
-1.748627
-0.701394
0.125609
0.120401
0.109565
0.362918
0.909357
1.667229
1.500352
0.429281
-1.079388
-1.935761
-1.522767
-0.287622
0.673130
0.932550
0.384334
0.080932
0.252311
0.639600
0.771043
0.551589
0.143312
-0.127199
-0.186598
-0.299347
-0.666380
-1.001849
-1.117708
-0.958347
-0.743902
-0.355634
0.060108
0.299337
0.626843
0.611941
0.393916
0.146163
-0.619450
-1.291741
-1.158072
-0.629412
-0.420106
-0.199569
0.419757
1.063460
1.433911
1.328281
0.708664
-0.148931
-0.895488
-1.019887
-0.947698
-1.227344
-1.696855
-1.588459
-1.087584
-0.267162
0.906421
1.798966
1.903777
1.463930
0.687551
-0.246604
-1.041758
-1.792535
-2.066762
-2.273315
-2.436006
-2.351413
-1.853220
-1.017635
-0.047016
1.080357
2.038087
2.586277
2.980550
2.947520
2.413827
1.390195
0.522189
-0.127257
-0.763647
-1.089581
-1.156090
-0.916131
-0.757322
-0.282073
0.009100
0.225211
0.498300
0.718550
1.189468
1.559511
1.566453
1.094632
0.447941
-0.192546
-0.876600
-1.280986
-1.059923
-0.453047
0.205553
0.761038
0.666714
0.260319
0.319854
0.485044
0.559990
0.484011
0.397083
0.406027
0.580958
0.995441
0.834210
0.255847
-0.128484
-0.242514
-0.088206
0.526258
0.571919
-0.339730
-1.352500
-1.422171
-0.920122
0.127052
0.762738
0.789375
0.768317
0.236089
-0.326762
-0.773517
-0.707693
-0.584186
-0.290842
-0.147198
-0.256155
-0.056436
0.514652
0.986474
1.211012
1.107053
0.951906
0.725343
-0.205286
-1.033413
-1.546569
-1.789792
-1.895447
-1.569584
-1.135860
-0.352755
0.561115
1.110311
1.204120
0.878340
0.535885
0.382957
0.165061
-0.330764
-0.757407
-1.051238
-1.059216
-0.931984
-0.776427
-0.360824
0.152773
0.764370
1.220514
1.307988
1.012942
0.619886
0.405597
0.263963
0.352814
0.370728
0.281531
0.176390
0.098098
0.470994
0.575957
0.613824
0.577765
0.661160
0.664342
0.456375
0.357372
0.147570
-0.340316
-0.639890
-0.666884
-0.867753
-0.954217
-1.028221
-0.862185
-0.340357
-0.042353
-0.176006
-0.427517
-0.221574
0.245668
0.582692
0.726059
0.459329
0.191979
0.120958
0.251429
0.388648
0.152287
-0.392631
-0.827527
-0.482324
0.081425
0.474230
0.850266
1.218281
1.508560
1.399086
1.009693
0.820677
0.642896
-0.009555
-0.985178
-1.738367
-1.976106
-1.711248
-0.780724
-0.146659
0.121121
0.594594
1.086357
1.467722
1.295582
0.676606
-0.055035
-0.689587
-1.105542
-1.380988
-1.491568
-1.207393
-0.510759
0.603308
1.612538
2.404270
2.170766
1.425383
0.679177
0.091233
-0.391784
-0.851379
-0.940622
-0.753724
-0.542843
-0.203224
0.290983
0.694660
0.942696
0.882750
0.390956
-0.535250
-1.718824
-2.586389
-3.124633
-3.196813
-2.593144
-1.839974
-1.012776
-0.036205
0.847216
1.471082
1.850971
2.022023
1.564881
1.003271
0.389969
-0.163697
-0.623242
-0.787034
-0.889363
-0.839447
-0.491631
-0.294898
-0.226184
-0.079959
0.410750
0.688057
0.718532
0.860929
0.725642
0.189901
-0.542196
-1.068588
-1.092004
-0.838028
-0.643998
-0.828355
-1.056273
-0.789232
-0.036050
0.319842
0.514558
0.366218
-0.101088
-0.537913
-0.536084
0.119542
0.850380
1.259293
1.169457
0.863569
0.650020
0.605398
0.321072
-0.326986
-1.219824
-1.940934
-2.044692
-1.289387
-0.152872
0.827127
1.224679
0.956354
0.886829
0.765201
0.582193
0.439120
0.023181
-0.297571
-0.206855
0.102407
0.450182
0.464178
0.377774
0.293970
0.157923
0.429015
0.610079
0.149579
-0.172518
0.076899
0.715712
1.192793
1.652322
1.869599
1.453793
0.415018
-0.718916
-1.043953
-0.745852
-0.375610
0.259788
0.922945
1.136857
0.838242
0.075165
-0.677064
-1.091872
-1.156782
-0.924507
-0.742887
-0.679064
-0.534274
0.146201
0.801214
1.089410
1.007809
0.488870
-0.050779
-0.564174
-0.827012
-0.808854
-0.715769
-0.808369
-1.027061
-0.953083
-0.687269
-0.132425
0.533233
0.783346
0.834372
0.997922
1.026686
0.871364
0.403694
-0.308747
-1.262740
-1.746983
-1.929124
-1.587540
-0.982668
-0.375944
0.136975
0.637304
0.833000
0.872033
0.797673
0.370920
-0.049968
-0.385306
-0.657889
-0.766334
-0.750605
-0.711679
-0.544345
-0.352428
-0.035549
0.253624
0.389471
0.098277
-0.168913
-0.352011
-0.614233
-0.548248
-0.431464
-0.058578
0.401812
0.726620
0.783302
0.275177
-0.277686
-0.689755
-0.737557
-0.667790
-0.679765
-0.699974
-0.435118
0.045598
0.473513
0.634802
0.691141
0.854403
0.873903
0.880453
0.815689
0.396372
0.253716
0.575873
1.005266
1.257838
1.139370
0.685737
0.469234
0.503700
0.357057
-0.131168
-0.471428
-0.454206
-0.220413
0.144579
0.338401
-0.017868
-0.298210
0.064536
0.831608
1.389843
1.628739
1.095037
0.369740
-0.090828
-0.558695
-0.844779
-0.814510
-0.922841
-1.058433
-1.211998
-0.929903
-0.442444
-0.047563
0.286928
0.441537
0.095720
-0.347633
-0.312576
0.016560
0.300269
0.215190
-0.033095
-0.024330
0.370273
0.977617
1.341457
0.973521
-0.133061
-1.245365
-1.310768
-0.475718
0.628777
1.317810
1.078944
0.911480
1.227635
1.805343
1.978773
1.278135
-0.140850
-1.523349
-2.341844
-1.942850
-0.975503
-0.288423
0.097662
0.350047
0.778030
1.222189
1.467125
1.406822
0.328423
-0.789334
-1.685427
-2.650207
-3.134293
-2.927235
-1.999585
-0.775874
0.420813
1.297737
1.806187
1.893965
1.479856
0.709460
-0.220850
-0.853335
-1.490318
-1.796015
-1.789589
-1.453364
-0.893282
-0.171519
0.236967
0.378369
0.287631
0.387851
0.863498
1.254666
1.224441
0.584594
-0.231831
-0.505978
-0.177426
0.348159
0.556618
0.476594
0.473491
0.650533
0.966414
0.772258
0.149279
-0.651920
-1.356758
-1.570437
-1.299599
-1.064385
-1.065880
-0.995207
-0.546230
0.145517
0.623264
0.775076
0.577348
0.298992
0.049396
-0.108968
-0.315659
-0.346185
-0.726973
-1.386697
-1.522181
-1.423937
-1.369994
-1.127112
-0.952849
-0.716424
-0.302864
0.211617
0.639035
0.725535
0.719536
0.599277
0.413179
0.250821
-0.128332
-0.736489
-1.296242
-1.421307
-1.176391
-0.944750
-0.707185
-0.411015
0.013165
0.878150
1.503885
1.864606
1.994052
1.802128
1.314817
0.336283
-0.907021
-1.698373
-1.922221
-1.767844
-1.449624
-0.724065
0.224977
1.387143
2.480044
2.789650
2.514256
1.969422
1.110336
0.331653
0.016650
-0.202048
-0.609312
-1.049859
-0.871425
-0.206683
0.719674
1.321480
1.313061
0.521790
-0.459921
-0.927441
-0.749644
-0.221055
0.241046
0.360236
0.126500
-0.513530
-0.772962
-0.269541
0.731920
1.394222
1.419239
1.113134
0.843490
0.568758
0.078742
-0.317624
-0.396771
-0.635500
-1.234705
-1.634321
-1.671658
-1.400901
-1.000630
-0.889516
-0.697047
-0.350794
0.132246
0.412476
0.436903
0.298465
0.058920
-0.125707
-0.785708
-1.174463
-1.206556
-0.913542
-0.584601
-0.492440
-0.284174
0.353614
1.365810
2.242829
2.668685
2.466722
1.860103
1.012603
0.404442
-0.255602
-0.588581
-1.361622
-2.347403
-2.549869
-1.646886
-0.244756
0.793305
1.308450
1.198323
0.803748
0.289648
-0.334104
-1.006076
-1.403809
-1.473201
-1.107298
-0.591982
0.095533
0.723760
1.181858
1.393406
1.441316
1.323058
0.670603
0.136041
-0.041047
-0.030096
0.135301
0.137647
-0.009673
-0.194910
-0.126154
0.121137
0.447992
0.617262
0.617451
0.389485
-0.236023
-0.611438
-0.644561
-0.747959
-0.902737
-1.143069
-1.488063
-1.483052
-1.196374
-0.946096
-0.776728
-0.701811
-0.302903
-0.016842
0.126783
0.145765
0.288963
0.656956
0.934377
0.987912
0.510543
0.086431
-0.254489
-0.338170
-0.628633
-0.800803
-0.906322
-1.102313
-0.706022
0.131582
0.759534
1.121530
1.615604
1.941544
1.747857
1.148203
0.318895
-0.326495
-0.487424
-0.351347
-0.116467
-0.156565
-0.237048
0.034155
0.746931
1.350611
1.486526
1.216222
0.648670
-0.054477
-0.433614
-0.702741
-0.994843
-1.166866
-0.962980
-0.268397
0.306622
0.555210
0.853997
1.000233
0.558342
-0.018369
-0.684931
-1.138238
-1.076787
-0.632575
0.256930
1.368625
2.024261
2.047045
1.982238
1.795387
1.195761
0.611444
0.095218
-0.178456
-0.346917
-0.537497
-0.690079
-0.614873
-0.081409
0.422266
0.825881
1.026728
0.727922
0.051192
-0.434333
-0.464519
-0.608242
-0.770480
-0.696826
-0.910436
-1.384647
-1.775333
-1.392055
-0.388282
1.037328
2.016095
2.091035
1.604263
0.986300
0.105808
-0.588382
-0.734539
-0.589896
-0.854240
-1.591486
-2.032253
-1.714293
-0.824708
0.573086
1.835044
2.358556
1.768349
0.456646
-0.546759
-0.451505
0.188737
0.928970
1.354559
1.585099
1.406957
0.936615
0.403509
-0.340921
-1.311430
-2.512944
-3.271106
-3.145060
-2.274662
-1.152387
-0.252937
0.522520
1.190324
1.534978
1.522524
1.037329
-0.055806
-1.117846
-1.948539
-1.913874
-1.701855
-1.529182
-1.295781
-0.757976
-0.116272
0.523734
0.777142
0.988005
0.726696
0.643022
0.559269
0.272038
-0.005835
-0.371832
-0.525182
-0.334492
-0.131212
-0.285460
-0.418995
-0.247943
0.011038
0.579191
0.569551
0.384569
0.446823
0.363707
0.265218
0.411447
0.261811
0.191280
-0.416135
-1.209311
-1.554272
-0.863112
-0.006525
0.603047
1.113698
1.630195
1.700845
1.470408
0.933464
0.229388
-0.406406
-0.893552
-0.970553
-0.802985
-0.480994
-0.160044
0.032165
0.191129
0.318690
0.630628
0.681448
0.761880
0.377404
-0.536654
-1.494089
-1.892667
-1.665658
-0.980650
-0.278342
0.244114
0.678122
0.920969
0.825499
0.830040
0.963516
0.919779
0.613272
0.124426
-0.301301
-0.417463
-0.595056
-0.551670
-0.128222
0.304877
0.808578
1.297960
1.442301
1.466972
1.344610
0.815870
0.712439
0.881692
0.589158
-0.177762
-0.949821
-1.338026
-0.914018
-0.258813
-0.217671
-0.118252
-0.146430
-0.169621
-0.298297
-0.102020
0.129774
0.235196
0.266468
0.278927
0.436522
0.387943
0.152238
-0.539687
-1.026105
-0.808150
-0.520837
-0.294995
-0.447469
-0.782270
-0.938712
-1.035522
-0.690138
-0.127243
0.384418
0.727412
0.846460
0.705661
0.640786
0.004843
-0.752227
-1.329291
-1.509045
-1.344864
-0.868977
-0.260830
-0.065127
0.117860
0.440522
0.677674
0.947534
0.886993
0.560818
-0.037737
-0.622040
-0.876564
-0.739622
-0.914036
-1.287243
-1.663405
-1.449835
-0.690360
0.667534
1.323012
1.608685
1.664654
1.525544
1.452376
1.205694
