-1.672429
-1.696479
-0.779817
0.434115
-0.957719
-1.267227
-1.039566
-1.041883
-1.140315
-0.723884
-1.652508
-0.768622
-0.367768
-1.273908
-1.727200
-0.856853
-0.537670
0.089437
-1.046318
-0.553766
1.261539
1.719641
1.346434
0.851410
-0.300059
0.650236
2.016855
1.671617
0.961312
-0.349622
-0.549330
-0.552247
-0.446333
-0.084296
0.495758
0.337280
-0.799662
-1.627823
-0.680422
-0.864705
-0.944572
-0.622588
-0.689159
-1.332089
-1.107446
-0.707634
-0.412660
0.027401
0.147353
-0.590729
0.464253
0.877184
0.513699
-0.153383
0.049894
-0.804286
-0.496453
-0.337107
-1.586135
-0.837347
0.237065
-0.419099
-0.968424
0.274943
0.090078
-0.657613
0.409487
0.168048
-0.624121
0.353392
0.926703
1.661462
1.755439
0.812549
1.094292
1.462999
0.578763
-0.035893
0.030556
0.096225
0.339849
0.021968
-0.304890
-0.828131
-0.477572
0.004988
0.607958
0.033226
-0.567847
-0.662114
-0.644283
-0.264228
0.263274
0.300276
0.833706
0.414909
0.071267
0.032922
0.543566
1.599953
1.144446
0.102629
-0.742106
0.072108
-0.133320
-0.898441
-0.932392
-0.855178
-1.221692
-1.942633
-0.520497
-0.359537
-0.252270
0.890476
1.676270
1.893678
2.415557
2.002762
0.933251
1.601050
1.869867
0.061008
-0.469453
-0.881851
-0.600664
-0.641610
0.920856
1.467210
-0.442211
-1.340795
-1.299816
0.739013
1.366967
0.403813
0.091852
0.568816
0.302910
0.423803
1.187862
0.589609
0.720036
-1.100342
0.209136
0.589992
-0.076239
0.428280
0.544732
0.490214
-0.295460
-1.095689
-0.520128
-0.695567
-0.097812
0.440921
0.175589
0.373908
-0.004742
-0.337689
-0.938845
-0.874352
-1.407851
-1.410174
-1.396400
-1.822404
0.023200
0.999154
1.039890
0.094368
-0.273146
0.458257
0.081098
-0.467775
0.071136
0.037394
-0.791472
0.849537
2.102426
1.493021
1.725428
0.975183
0.621899
1.018511
0.542297
-0.788060
0.175976
1.802401
1.174546
0.856269
0.801759
1.239288
1.453982
0.640849
0.216584
0.015520
-0.885470
0.305748
1.762676
0.789390
0.220473
-0.875713
-0.949780
-0.191848
-0.455468
-0.595316
-0.342687
-0.161311
0.612519
0.652738
0.508832
-0.399428
-0.297089
0.566814
0.448635
-0.311656
-0.994916
-0.004159
0.236242
-0.162752
0.303966
0.178280
-0.619978
0.413101
0.615604
0.281574
1.429191
0.544660
0.132270
0.187773
0.304791
0.192058
-0.000256
-0.560281
-0.516097
0.365699
0.151853
-0.485676
-0.188675
0.343343
-0.060687
-0.945076
-2.374946
-0.749666
0.165475
-0.304040
-0.439390
-0.912247
-1.058597
-0.777005
-0.487222
0.471904
-0.075935
-1.545363
-2.009789
-0.952716
-0.206332
-1.453619
-1.202058
0.095607
0.082162
0.139747
-0.000300
-0.696546
-0.887510
-2.746175
-1.233506
-0.181688
-0.188049
0.563795
-0.380988
-0.981034
0.059659
-1.143105
-1.487778
0.223871
0.825211
0.808638
1.057767
-0.105042
-0.341477
0.184406
0.277655
-0.204045
-0.003423
0.719603
1.723053
1.321934
0.358410
-0.631982
-0.316406
-0.341520
-0.097685
0.500265
0.116094
-0.003060
0.798652
1.037167
0.317981
-0.468311
-0.285919
-1.147202
-0.436907
0.626166
1.361142
0.769163
0.928231
1.022775
1.382005
0.807173
0.810001
-0.374631
-0.781755
-1.356449
-0.370806
1.378356
1.300896
2.324068
1.653845
-0.268352
-0.053511
-0.267856
-0.574162
-0.079433
-0.924004
-0.633330
0.265404
0.289161
-0.743231
-1.578736
-0.744542
0.712945
0.632187
0.166643
-0.622955
-0.723027
-0.392430
-1.604897
-2.060528
-1.229076
0.068770
-0.793012
-0.163800
0.718625
-0.099886
-0.037916
0.272627
-0.755351
-0.569352
0.353785
-0.370943
-0.144558
0.379428
-1.012414
-1.404811
-0.254400
-0.559361
-0.592583
-1.143117
-0.188656
1.282759
1.984606
2.828385
2.760419
1.126752
0.804823
0.962190
1.472206
1.461576
1.176995
1.956269
2.466281
1.934402
1.551614
1.146195
1.451180
1.050289
1.129564
0.737061
-1.020113
-2.632463
-0.774264
0.590498
0.131117
-0.690548
0.691630
0.977351
-0.601378
-1.055710
-0.893102
-0.743163
0.498259
0.362463
-0.676404
-1.244333
-1.738372
-1.480817
-0.502113
-0.701176
-1.628517
-1.454959
-0.385723
0.200373
0.337187
-0.236217
-1.577973
-1.219808
-0.293994
0.204871
0.058120
-0.209421
-0.341666
-0.050825
-0.132929
0.107789
-0.604184
-1.235843
-0.847329
-0.390495
-0.110112
0.505232
0.439483
-0.352410
0.273248
0.593424
-1.113816
0.194199
0.845754
0.833307
0.742440
0.400857
1.897022
1.106751
0.047450
-0.446653
0.402714
1.752589
1.051751
1.384902
0.661056
1.340249
0.604364
0.150392
-0.830273
-3.528256
-2.735050
-0.551015
0.226920
0.180853
-0.038402
0.038839
-0.240015
-0.098448
0.209610
0.337964
0.201728
-1.102377
-0.399973
0.011699
-0.031477
0.062301
-0.029339
0.716737
1.073666
0.730062
-1.180304
-2.116840
-2.447061
-1.148289
0.575260
1.633794
2.862125
3.026086
2.146197
1.288149
0.589452
0.466194
0.857401
0.181604
0.443873
1.372765
0.345812
0.612042
1.149699
0.792348
0.963045
0.829099
-0.910325
-1.150736
-1.269508
-2.155196
-2.460869
-2.315380
-1.697446
-0.891325
-0.480821
-0.790618
-1.663181
-0.622966
-0.635499
-1.570493
-0.782297
-0.811393
-1.495735
-1.402217
-0.289892
1.037500
1.691509
2.251044
0.301669
0.261749
1.165139
0.227273
-0.273751
-0.659281
-0.470643
0.812806
1.009785
-0.098061
0.946760
1.239997
0.492309
0.545019
0.132944
-0.680881
-1.034031
-1.229461
-0.560295
0.064339
-0.083202
0.728946
-0.457303
0.121066
0.840714
-0.354250
-0.276641
0.299498
0.917744
1.762443
1.514610
-0.150237
-1.280543
-2.287910
-0.750438
0.717312
0.941802
0.704252
0.169005
1.102016
0.865764
0.475591
-0.384661
0.224551
-0.287223
-1.796871
-1.021005
-0.741722
-0.504078
-1.509616
-1.888819
-1.467853
-1.629441
0.332120
0.500415
0.071457
-0.460756
-0.257020
-0.271947
0.713419
-0.207307
0.533122
0.825365
0.033526
0.383971
0.571592
0.170935
1.518116
1.531044
0.712240
-0.300402
-0.789488
-1.097819
-0.373448
-0.935908
-1.199692
-0.447831
0.619510
0.940601
1.269578
1.998312
1.521199
1.433226
2.085846
1.349890
-0.002061
0.065888
0.707944
1.281880
2.456834
1.947591
1.387649
1.002845
0.950271
1.000100
0.303428
-0.030185
-0.856594
-1.658124
-1.712062
-1.722528
-1.296103
-0.618827
-0.245629
1.000516
0.680601
1.297000
2.071293
1.752297
1.050102
-0.196001
-0.532085
-0.174544
-0.665006
-0.529487
-1.130809
-1.370322
-0.362674
0.494131
-0.342500
0.260205
0.893928
0.011100
-1.045656
-1.493174
-2.230173
-2.714685
-3.284335
-3.412842
-2.236066
-1.583669
-2.026491
-0.727106
-0.030874
0.165332
0.622848
1.364258
1.898916
-0.657156
-0.776367
0.417220
0.253611
0.836047
0.236782
-0.250987
-0.372399
-0.715317
-0.632626
-0.258653
-0.329266
-0.825160
-1.669751
-0.133779
0.353293
-0.836957
-0.941509
-1.099221
-1.076775
-0.156570
-0.633896
-2.078469
-0.341028
1.533458
1.494021
0.922382
-0.437339
-0.104406
-0.181359
-0.543274
-0.440971
-0.469914
0.384099
1.587075
1.538280
1.910106
2.351455
1.975201
1.399847
1.001561
2.497171
1.813129
0.977109
1.231409
1.845516
1.657602
1.049504
1.438805
1.893394
1.970329
1.902240
1.285543
-0.034650
-0.016618
0.383900
0.179316
-1.393240
-1.187292
-1.136641
-1.553538
-1.738680
-1.375127
-0.588544
-1.510173
-1.294738
-0.157708
-0.585267
-0.923433
-0.816638
-0.619841
-1.328333
-1.311010
-1.215210
-0.802733
-0.645540
0.987885
1.684477
0.409034
0.115974
-0.149721
-0.307213
-0.931000
-0.399676
0.199657
0.266781
-0.427037
0.761533
0.784965
-0.042345
0.495825
0.535349
-0.178714
-0.596000
-0.220978
0.171198
-0.589763
-0.208913
-1.535814
-1.197278
0.476130
2.013499
2.102232
0.804639
-0.635364
-0.352064
-1.221065
-0.107880
0.068634
1.200976
0.957005
0.433095
0.636450
0.889450
1.225527
1.395748
0.661056
0.716690
0.512706
1.399562
1.078925
-0.553132
0.474966
0.929237
0.678855
-0.107472
-0.084061
-0.046162
-0.523821
-0.576436
-0.090736
-0.212547
0.005723
-1.547496
-1.051911
-0.322832
0.172046
-0.042715
-1.066946
-0.859769
-0.515203
-1.065621
-1.096214
-0.516606
-1.143119
-0.970332
-0.022785
0.554677
0.087502
-1.194946
-1.796611
-2.036949
-2.029003
-1.469622
0.132938
0.731293
-0.675452
0.452036
1.039403
-0.217003
-0.174475
-0.977363
-0.417351
0.132291
0.586929
0.315440
-0.878810
-1.598192
-0.878481
-0.903226
0.004101
0.728111
0.117336
-0.055436
0.517062
0.836188
0.361441
-0.522557
-0.177703
0.007379
-0.087057
2.018294
2.740206
1.815315
1.763017
0.869679
0.280680
0.200253
-0.271411
-0.734936
-2.351479
-1.560977
0.003401
-0.293330
-0.528367
-0.757425
-0.465569
-0.855741
0.128591
0.143315
-0.429022
-0.881319
0.535911
1.083133
0.948142
0.818556
1.063565
1.191563
0.134102
-0.069944
0.209455
0.662051
0.809622
0.903099
1.972355
1.464224
0.980867
1.286560
0.794571
0.514094
1.995959
1.289877
0.784146
-0.115534
-1.183221
-0.430849
0.729465
0.606564
-0.768329
-0.013849
0.574092
0.197678
-0.014347
0.238760
0.509475
1.232131
0.107841
0.088524
-0.449363
-0.908503
-0.664799
-0.202526
-0.755638
-0.209879
-0.784506
-0.663546
-0.012253
-0.603434
-1.653605
-0.887104
-0.190679
0.221322
0.832603
1.755009
1.822753
-0.574475
-1.155316
-1.766391
-2.328520
-1.335276
-1.069444
0.185751
0.347596
0.320143
-0.003889
-1.018610
-1.749457
-0.332426
0.895577
0.583711
0.209121
0.171425
-1.554347
-0.471852
-0.310153
-1.031291
-1.367933
-0.462076
-0.783257
-1.003908
-1.198937
-1.563488
-0.514376
0.043558
0.461995
0.585198
-0.302123
-0.492861
0.912576
0.580226
0.629099
1.358216
0.788327
0.706687
1.224877
1.317624
0.491608
-0.055407
-0.590182
-0.683722
0.717806
1.830575
1.388877
1.265786
0.768825
1.290495
0.589218
-0.463131
0.297276
0.136637
-0.423333
-0.412694
0.133061
-0.375736
-0.737197
0.775188
0.974502
0.595577
1.144888
0.546055
-0.382017
-0.618291
-0.410927
-0.317497
-1.735859
-0.975490
0.744531
0.700862
0.441703
-0.039608
0.414318
-0.269325
-0.468326
-1.004877
-0.079379
0.659840
0.804940
0.027778
-0.409865
-0.555711
-0.672793
-0.961471
-0.624052
-1.294792
-0.358341
0.417723
0.375162
0.896352
1.336342
1.056926
0.695149
0.733706
0.251191
0.671248
1.191525
0.707672
1.456755
1.896023
0.808356
0.166499
-0.911069
-0.991536
-0.699787
-1.245634
-1.447931
-0.339301
-0.501508
-0.312684
-0.995093
-1.609954
-1.383133
-1.251504
0.115008
0.158204
-0.167496
0.082505
0.314150
-1.501780
-0.995290
