-0.954782
-0.639645
-0.366121
-0.279913
0.159948
0.031193
0.282355
0.353682
0.458892
0.135861
-0.131987
-0.159174
-0.757870
-1.398209
-1.160076
-0.914661
-1.180545
-1.352294
-1.442058
-1.598590
-1.145413
-0.835979
-0.195711
0.102860
0.093101
-0.735444
-1.017714
-0.321593
-0.226327
-0.342171
-0.422914
-0.563893
-0.729939
-0.702199
-0.913813
-0.342844
-0.420302
-0.798423
-0.370776
0.084757
0.522330
1.158732
1.769650
1.962956
1.752471
1.167214
0.844925
-0.033137
-0.264675
-0.052775
-0.025041
-0.177354
-0.412696
-0.827274
-0.611704
-0.109193
-0.142859
0.186692
0.089804
0.296587
1.061431
0.744009
-0.005119
0.194992
0.346521
0.576139
0.656642
0.382993
0.362723
0.158672
-0.039537
-0.218115
-0.041316
-0.025303
-0.266638
-0.758742
-0.856778
-0.312467
0.264257
0.374307
0.650825
0.874441
0.945363
1.027710
0.308596
-0.128022
-0.428098
-0.396330
-0.579094
-0.552199
-0.296841
0.407361
0.779608
0.721294
0.609983
0.564679
0.831882
0.306090
-0.004344
-0.229258
-0.347149
0.041227
0.063155
-0.164750
0.286565
-0.034364
0.364904
-0.278753
-0.746612
-0.298645
0.403399
0.296202
0.757220
1.434687
1.303694
0.186354
0.086750
0.396913
0.103909
-0.243968
-0.702358
-0.971071
-0.936417
-0.834738
-1.245160
-1.032632
-0.246286
0.251743
0.643109
1.234180
1.724722
1.390365
0.829067
0.523651
0.703767
0.764721
0.883718
0.282583
0.212128
-0.226040
-0.413946
-0.541899
-0.935001
-0.885229
-1.003781
-1.174332
-1.160274
-1.122944
-0.929095
-0.924840
-0.785029
0.066360
0.853304
0.966118
0.512970
1.076515
1.121900
0.375322
-0.353813
0.193035
0.219122
-0.143720
-0.313318
-1.079566
-1.036282
-0.777544
-0.334222
-0.238150
0.093113
0.162157
0.130200
0.108390
0.118942
0.044432
0.371392
0.031496
-0.318681
-0.360603
-0.575061
-0.162089
-0.240936
-0.722785
-1.211455
-0.807946
-0.661728
-0.930842
-0.698280
-0.475070
-0.092196
-0.090980
-0.544835
-0.155925
0.184483
0.155102
0.270138
0.367254
0.325866
0.189563
0.261924
-0.137087
0.304275
0.055276
0.382163
0.824150
1.071669
0.889086
1.156372
1.025476
0.509720
0.619392
0.467878
0.573219
0.418783
-0.214688
-0.505814
0.084178
0.650431
0.471535
0.551161
0.752075
0.779177
1.171920
1.084189
1.307596
0.609936
0.352399
0.412958
-0.150067
0.372753
0.124767
-0.590143
-0.378607
-0.620979
-0.818395
-0.869223
-1.284616
-0.523748
-0.166064
-0.321600
-0.577234
-0.566389
-0.323814
-0.191098
0.245248
-0.049314
-0.206867
0.192202
0.399058
0.283261
0.382521
0.035237
-0.267004
-0.918465
-1.146486
-1.457374
-1.113705
-0.696129
-0.323044
-0.186934
0.103336
0.313873
0.227331
0.129168
0.279156
0.250742
0.217812
0.490467
0.204308
0.194727
0.241697
-0.112448
-0.414444
-0.514667
-0.540945
-0.321098
-0.664194
-0.987462
-0.674151
-0.407183
-0.016502
-0.243399
-0.038513
0.494692
0.585479
-0.130348
0.307035
0.561566
0.152556
-0.139644
-0.087614
-0.146905
0.177758
0.221704
0.559985
0.466794
0.049152
-0.048442
-0.169457
-0.448483
-0.601861
-0.027787
0.649231
0.443953
0.399307
0.727301
0.772070
0.519088
0.275908
0.593340
0.324218
-0.142236
-0.364467
-0.676949
-0.947076
-1.018003
-0.798403
-0.778879
-0.646337
-0.131070
-0.050917
-0.100100
-0.149363
-0.196880
-0.178404
-0.239520
0.391575
0.699698
0.119886
0.253888
0.103825
0.440544
0.553799
0.105928
-0.065396
-0.049605
-0.349291
-0.507648
-0.591232
-0.512845
-0.588093
-1.072109
-0.326292
0.497577
0.830299
0.840930
0.919778
0.821915
0.784440
0.673319
0.894327
0.868541
0.662677
0.329499
-0.022404
0.156662
0.213043
0.233942
-0.077251
-0.046452
-0.038373
0.041845
0.746992
1.165650
1.502763
1.389325
0.919894
1.063726
0.967941
0.770565
0.269846
-0.318920
-0.349564
-0.537365
-0.601880
-0.958874
-1.146087
-0.827996
-0.670877
-0.790305
-0.853053
-0.721289
-0.768716
-0.590508
-0.022176
-0.158945
-0.847839
-0.769723
-1.031855
-1.537822
-1.306372
-0.748998
-0.672963
-0.063628
0.016228
0.114382
0.462111
0.071677
0.326990
0.680163
-0.038491
0.161067
0.136366
-0.640239
-0.812590
-0.872460
-2.051911
-2.040831
-1.269903
-1.756679
-1.521344
-1.495939
-1.493997
-0.635992
0.641150
0.708521
1.600867
1.935220
1.633978
1.322586
0.719008
0.590309
0.534620
0.354696
-0.058136
-0.002341
-0.249963
-0.103504
0.182444
0.913100
1.409673
1.360906
1.561865
1.007072
1.100114
1.491907
1.103043
1.284252
0.818658
0.263040
-0.057532
-0.290890
-0.585730
-0.816395
-0.959602
-1.441123
-0.919396
-0.801488
-0.093158
0.432202
0.205984
0.636583
0.720030
1.086955
1.209725
0.976104
0.846336
1.478235
1.347121
1.479693
1.578502
1.144811
0.897289
1.030707
1.070393
0.471452
0.416354
0.621337
0.650918
0.460969
-0.143381
-0.298577
-0.165178
-0.552836
-0.536305
-0.510733
-0.869990
-1.043237
-0.921343
-0.761481
-0.949287
-0.925351
-1.006365
-1.346515
-0.888913
-0.674093
-0.898658
-0.786747
-0.824100
-0.495985
-0.931328
-1.011790
-1.356861
-1.977796
-1.958799
-2.214210
-2.154733
-1.435959
-0.497117
0.047255
-0.055888
-0.320096
0.133464
0.363040
1.009763
1.390286
1.521558
1.194043
1.342694
1.251684
1.083464
1.002108
0.915771
0.112292
-0.043402
-0.488748
-0.772078
-0.097314
0.070943
0.366391
-0.105307
0.166506
0.187309
0.418763
0.344382
-0.006931
-0.202855
0.264230
0.135635
-0.409272
-0.358601
-0.465804
-0.390638
0.013398
0.464654
0.152309
0.223830
0.184466
-0.255847
-0.137483
0.990893
0.558875
0.042429
0.315266
0.302397
0.408686
0.487687
1.043346
0.912737
1.084775
1.009550
1.519210
1.363970
1.127431
1.026978
0.253381
-0.451694
-0.818533
-0.902736
-0.153772
-0.628894
-0.761642
-0.659542
-0.031264
-0.154372
-0.740404
-0.843098
-0.663582
-1.008202
-0.390570
-0.230581
-1.039484
-0.474959
0.195978
0.542834
0.525089
0.661673
0.706252
-0.599501
-0.597784
-0.121674
0.127326
-0.267763
-0.193988
-0.456930
-0.721027
-0.564856
-0.221804
-0.367134
-0.841761
-1.230635
-0.570122
-0.591394
-0.395084
-0.214785
-0.325031
0.147516
0.063244
-0.119129
0.179036
-0.136717
-0.504072
-0.637688
-0.712181
-1.338545
-1.427449
-1.628840
-2.222633
-2.226030
-2.269421
-1.799838
-1.184544
-0.822575
-0.145631
-0.036046
-0.555081
-0.886694
-1.007266
-0.823115
-0.653808
-0.969325
-0.647166
-0.251126
0.038206
0.404112
0.506114
1.294106
1.775003
2.901389
3.009080
2.990593
2.597264
2.555064
2.670023
2.582906
2.124687
2.111399
1.855231
1.614932
1.212608
0.703035
0.427683
-0.066457
0.442105
0.247172
0.057037
-0.165177
-0.505634
-0.514335
-0.575072
-0.687990
-0.479658
-0.514162
-0.076874
0.320170
0.903898
1.157218
0.697937
0.403630
0.007737
-0.500566
-1.298718
-1.487577
-1.456430
-0.894544
-0.453549
-0.444998
-0.294820
0.468697
0.430718
0.605880
0.069495
0.409416
0.719559
0.084186
-0.112938
-0.434015
-0.548251
-0.812266
-0.557354
-0.737960
-0.880690
-0.843255
-0.695571
-0.351759
-0.498067
-0.788601
-0.403833
0.395004
0.580700
0.265791
-0.131996
-0.406137
-0.576160
-0.244443
-0.595157
-0.370545
-0.133125
-0.474154
-0.526889
-0.362965
-0.134106
-0.130885
-0.232289
-0.373306
-0.012020
0.129677
0.150607
0.063402
0.078590
0.531161
0.813655
0.736895
1.230122
1.107452
0.708509
-0.184670
-0.104690
-0.188873
-0.750170
-0.792569
-1.007615
-1.329387
-1.347474
-1.543131
-1.217266
-0.373751
-0.145855
0.022510
-0.011775
0.441353
0.785407
1.139013
1.483629
1.977757
1.524000
0.735579
1.119728
0.378875
0.375550
0.988436
0.478455
0.000917
-0.289329
-1.012202
-1.202628
-1.761695
-1.478237
-1.338795
-1.460137
-1.387882
-0.285739
0.516931
0.644632
0.923856
1.611048
2.044722
1.698386
1.522124
1.617093
2.091928
1.520927
1.332811
0.844500
0.291838
-0.430373
-0.662217
-0.871246
-1.718521
-2.087004
-2.161220
-2.747097
-2.445237
-1.727318
-0.757805
0.060459
0.524894
0.960539
0.593277
1.094907
1.630599
1.675610
1.554772
1.041791
0.822595
0.451801
-0.077327
-0.631276
-1.335024
-1.673582
-1.592734
-1.470676
-1.529301
-1.873549
-1.974009
-2.215671
-1.770879
-1.009675
-1.015434
-1.560986
-1.133925
-0.178329
0.302504
0.909649
1.320149
1.524417
1.883750
2.596038
2.760290
2.775701
3.019563
2.760544
2.075271
1.335682
1.005734
0.558019
0.311827
0.182254
0.171990
0.086481
-0.006838
-0.272585
-0.195389
-0.735052
-0.382283
-0.450299
-0.682167
-0.629128
-0.359124
-0.500078
-0.758953
-0.652715
-0.366239
-0.832193
-0.931047
-0.733558
-0.413598
0.081279
-0.399239
0.226700
1.088475
0.350595
-0.042928
-0.039684
-0.080664
-0.062956
-0.060439
-0.941887
-1.159633
-0.859174
-1.685904
-2.081998
-1.574278
-1.583703
-1.451807
-0.973866
-0.611766
-0.295219
0.390928
0.705532
0.611909
-0.010829
-0.222167
-0.301419
-0.280499
-0.237924
-0.446798
-0.367116
-0.632036
-0.536775
-0.991746
-0.495604
0.638339
1.001022
1.295578
1.532174
1.899368
2.566315
2.023248
1.843582
2.016310
1.391964
1.190615
1.215518
1.378706
0.483292
0.081744
0.481956
-0.364483
-0.639903
-0.411760
-0.066814
0.391150
0.103547
0.131858
0.886783
1.001078
1.014065
1.029529
0.732316
0.513989
0.822027
0.876116
0.736405
0.202798
0.250674
0.156998
-0.278148
-0.391450
-0.317840
-0.133799
0.302917
0.065830
-0.336154
-0.381294
-0.459980
-0.469888
-0.694869
-0.277931
-1.000536
-1.768771
-2.298997
-2.186433
-2.198154
-2.316311
-2.234921
-1.775983
-1.520663
-1.463682
-1.308267
-1.149869
-0.847202
-0.561182
-0.503273
-0.596078
0.607201
0.854959
0.778365
0.936589
0.869385
0.664201
1.028498
0.502320
-0.043325
-0.823612
-2.123015
-1.881402
-1.323939
-1.113001
-1.309274
-1.289647
-1.564012
-1.527745
-0.972423
-1.391485
-1.696015
-1.585597
-1.406348
-1.281692
-1.274624
-0.638968
-0.299216
-0.345978
0.107399
0.129779
0.458570
0.885938
0.659271
0.012572
1.015961
1.993516
1.587492
1.544548
1.604310
1.415501
1.393233
1.479215
1.065034
0.882314
0.368189
0.129191
-0.482757
-1.265252
-1.162254
-1.396008
-2.195621
-2.337899
-2.447172
-1.244251
-0.246635
0.976250
1.873169
1.969289
2.076071
1.922967
1.370171
1.072601
0.734464
0.158650
-0.577306
-0.354406
-0.821430
-1.657547
-1.886747
-2.145278
-2.124687
-1.851877
-1.479057
-1.370215
-0.789665
-0.092880
0.455339
1.215472
1.419655
1.811605
2.150509
2.940009
3.350804
3.576088
3.474546
4.030823
4.334897
3.799403
3.458784
3.203668
