-2.753856
-2.232101
-1.996865
-1.921096
-2.208135
-1.815781
-1.511390
-1.532805
-1.441482
-1.218677
-0.781296
-0.805518
-1.575935
-1.630922
-1.087761
-1.125801
-1.441242
-1.255471
-1.418589
-1.638442
-1.497031
-0.893321
-0.670587
-0.998016
-0.838446
-0.805317
-1.216827
-1.110724
-0.941162
-0.618883
-0.689130
-1.312641
-1.541404
-1.517547
-1.029354
-0.698999
-0.940021
-0.519535
-0.062526
-0.250911
-0.122073
0.264522
0.626904
0.540786
0.605627
0.598073
0.318475
0.142671
-0.307177
-0.205272
0.237238
0.270159
0.399628
0.206154
0.308800
0.829398
0.802877
0.504518
0.753870
0.849750
0.176840
0.406097
0.508315
0.179795
0.392870
0.255258
-0.259706
-0.497466
-0.097036
0.145329
-0.025135
0.154760
0.559950
0.911208
0.448935
1.025316
1.444053
1.499949
1.334650
1.013070
0.999381
0.942593
0.421008
-0.005605
-0.127482
-0.087528
-0.180874
-0.819652
-1.398747
-0.542342
0.014844
0.288538
0.355593
0.801992
1.034900
0.991089
1.306071
1.099751
0.496851
0.553319
0.454379
-0.041663
-0.103959
-0.217199
-0.324837
-0.100222
-0.170662
0.025500
0.120547
0.005977
0.113166
0.520805
1.169622
0.921331
0.637523
0.835287
1.081493
0.846807
0.004091
-0.547362
-0.360550
-0.177136
-0.396349
-0.893111
-0.579984
0.023125
-0.046355
0.308136
0.152171
0.583393
0.589001
0.548955
1.065899
1.052267
0.709806
0.346002
-0.220242
-0.328261
-0.723950
-1.020441
-1.185275
-1.214993
-1.389997
-1.349505
-1.955405
-1.351523
-0.674103
-0.891101
-1.473320
-1.719534
-1.344537
-1.022092
-1.089430
-0.989118
-1.466484
-1.475118
-1.516479
-1.576761
-1.205823
-0.478282
-0.538681
-0.440134
0.244901
0.414304
0.452377
1.093590
1.810699
2.144053
1.846401
1.820584
2.041395
2.022638
1.617046
1.135951
0.586224
0.544636
0.908033
0.787612
0.096883
0.454472
1.055220
0.806350
0.297681
-0.020647
0.023152
-0.042769
-0.172195
-0.061377
-0.567007
-0.399625
-0.376130
-0.874961
-0.918910
-1.030131
-1.013963
-0.096377
-0.051596
-0.417956
-0.524442
-0.536564
-0.483984
-0.282725
-0.164703
-0.026412
-0.228946
-0.637505
-0.488000
-0.685789
-0.884258
-0.955469
-0.502380
-0.245448
-0.546222
-0.093809
0.403114
0.578654
0.399501
0.824997
0.809907
0.899931
0.838042
0.761989
1.021636
0.964678
0.612157
0.393094
0.283679
0.383656
0.422728
0.624851
0.502579
0.350222
0.304875
0.299811
0.174951
0.233142
-0.026129
-0.385470
-0.769955
-0.073746
-0.145566
-0.435955
-0.070299
-0.106418
-0.196650
-0.167432
-0.322419
-0.394425
-0.160535
0.345108
0.293928
0.114328
0.217791
0.102834
0.498411
0.044210
-0.176805
-0.103426
-0.653333
-0.821574
-0.473340
-0.964823
-0.380662
-0.001764
-0.027811
0.279762
0.184808
0.270564
0.765351
0.808178
0.919867
1.073965
1.236903
0.795612
0.316102
0.604416
0.742651
0.431915
-0.088182
-0.419949
-0.618315
-1.194297
-1.401879
-1.322113
-1.106066
-0.725899
-0.671722
-0.358126
0.223861
0.518523
0.886200
1.336574
1.290850
1.168731
0.502749
-0.029201
-0.363847
-0.718634
-1.044605
-1.348488
-1.269433
-0.680704
-0.522956
-0.476172
-0.272838
0.183527
0.546970
0.332141
0.438812
1.124252
1.555525
1.277601
0.668984
0.435845
0.289631
-0.024611
-1.012194
-1.147393
-1.030389
-1.297393
-1.592048
-1.215705
-0.839573
-0.739307
-1.043368
-0.826758
0.114845
0.283157
0.064916
0.015396
0.142679
0.242513
0.022051
0.126226
0.054626
0.042754
0.070475
-0.420874
-0.686945
-0.586935
-0.423832
-0.190595
-0.143362
0.144399
0.237112
0.721981
1.221981
1.275789
1.263742
1.203170
1.262919
0.916306
0.373400
0.735287
0.977707
0.523143
0.039683
0.021966
-0.120306
-0.197734
0.041627
-0.263955
0.104152
0.900385
1.305055
1.316790
1.106924
1.274592
0.936863
0.503749
-0.093420
-0.123816
0.297257
0.490866
0.346951
0.013157
-0.132811
-0.249186
-0.271546
-0.411429
-1.046271
-1.251785
-1.176474
-1.431732
-1.883605
-1.727999
-1.323296
-1.465165
-1.737175
-0.782773
-0.213389
-0.229932
0.299703
0.868212
1.452475
1.669535
1.330541
0.212975
0.349561
0.478005
-0.184480
-0.620346
-0.875228
-0.941497
-1.913856
-1.433650
-0.505631
-0.503926
-0.758652
-0.971688
-0.699932
-0.113267
0.382807
-0.094564
0.046125
0.233415
0.269423
0.670863
0.565360
0.543659
0.934401
1.301954
1.227548
1.368317
1.666192
2.038210
1.752764
1.754426
2.141001
1.989511
1.613235
1.287090
1.057516
1.139075
0.895074
0.724598
0.213485
-0.024651
-0.177925
-1.045122
-1.167838
-1.342659
-1.627125
-1.668223
-1.838122
-1.804882
-1.619873
-1.753973
-1.714412
-2.079284
-2.203942
-2.632795
-2.481170
-2.290378
-2.073444
-2.102289
-2.220950
-1.496375
-1.126757
-0.955827
-0.746188
-0.543676
-0.260969
-0.059697
0.502746
0.954362
1.132245
1.410008
1.581736
1.893655
2.257615
2.122450
1.787464
1.550952
1.323805
1.099197
1.369734
1.729330
1.702885
1.624134
1.143260
0.654130
1.026142
1.003438
0.516412
0.063641
-0.262832
-0.804382
-0.942534
-0.903968
-0.806727
-0.352165
-0.050474
-0.115343
-0.586589
-0.781969
-0.572076
-0.926590
-1.205647
-1.209995
-1.272535
-0.965982
-0.682583
-1.039984
-0.879097
-0.512276
-0.126964
0.504745
0.676374
0.530886
0.463377
0.558657
0.532975
0.399075
0.764204
1.103080
0.936077
1.000415
1.256135
1.260257
0.991809
0.840143
-0.046425
-0.360293
-0.078248
-0.246747
-0.841434
-0.867635
-0.752899
-0.710940
-0.388504
-0.073139
0.862566
1.339872
1.321121
2.051214
2.514819
2.464761
1.895539
1.874427
1.837216
1.139017
0.959124
0.695699
0.370026
0.271701
0.838754
0.977071
0.959530
1.731400
2.258120
1.701960
1.828753
2.156961
2.068602
1.874448
1.390986
1.068688
0.131376
0.302111
0.520609
-0.142109
-0.519453
-0.794911
-0.468018
-0.476030
-0.907383
-0.705646
-0.923316
-1.365861
-1.647751
-1.408907
-1.580040
-1.613552
-1.796779
-2.179932
-2.054793
-1.937168
-1.940488
-1.780125
-1.230874
-1.239665
-1.008236
-0.652563
-0.128360
-0.158005
-0.525902
-1.149890
-1.310580
-1.146816
-1.072895
-1.004407
-1.082252
-1.262289
-1.191572
-0.780322
-0.352984
-0.345908
-0.424577
-0.032404
0.314583
-0.221413
-0.368998
-0.576691
-0.988171
-0.825580
-1.419775
-1.255572
-1.122553
-1.132443
-0.681228
-0.617409
-0.531004
-0.771862
-0.973177
-0.679021
-0.369736
0.039376
0.271768
0.333139
0.447885
0.209942
-0.205756
-0.304084
0.287550
0.133532
0.215204
0.774975
1.119949
1.104050
1.178750
1.229231
1.080624
1.172826
1.357301
1.009997
1.287891
0.828100
0.893479
1.118987
0.960882
1.195579
1.134776
0.629590
0.130219
0.103750
0.391988
0.215667
-0.254422
-0.431027
-0.328155
-0.186645
0.193467
0.122725
0.382948
0.522087
0.625213
0.707208
1.200897
1.422624
1.308239
1.225421
1.002249
1.324022
1.453311
1.291947
1.254733
0.998573
0.547244
0.362796
0.233361
0.030728
-0.035217
-0.502928
-0.337364
0.220609
0.372270
-0.360255
-0.893197
-1.386806
-1.425198
-1.641291
-1.764169
-1.632413
-1.507511
-1.673858
-2.508879
-1.980197
-1.401776
-2.597537
-2.357011
-2.009402
-2.074539
-1.786822
-1.673022
-1.226681
-1.022494
-0.486529
-0.283585
-0.230221
0.300123
0.722316
0.884996
0.931682
0.663868
0.627480
0.565927
0.321345
0.171284
0.569413
1.071917
1.174739
1.181072
0.902709
0.888291
0.777430
0.591451
0.349477
0.025821
-0.099850
0.043792
0.265308
0.081814
0.582095
0.362557
0.091582
0.457898
0.438011
0.161043
0.139338
0.274551
-0.421003
-0.705510
-0.188180
0.172971
0.073465
-0.259945
-0.489743
-0.414643
0.199253
0.341619
0.842958
0.837584
0.704414
0.701249
0.963718
0.956769
0.745698
0.396266
-0.123316
-0.249809
-0.214328
-0.848571
-1.018227
-1.172870
-1.294918
-1.086519
-0.984894
-0.320724
0.505498
0.843794
0.845794
0.752888
0.685778
0.803897
1.098685
0.828028
0.924619
0.850385
0.448196
0.357386
0.370289
0.409932
0.165349
0.045445
-0.381887
-0.669338
-0.899994
-0.540040
-0.653894
-0.861039
-0.461868
-0.324574
-0.265528
-0.253339
-0.381391
-0.194081
0.196291
0.237771
0.140940
-0.174357
-0.312389
-0.197827
-0.372652
-0.505011
-0.789436
-0.209480
0.122309
0.233270
0.270294
0.182529
0.102693
0.134707
0.410711
1.006553
1.404075
1.522481
1.497387
1.424638
1.132134
0.652176
0.474272
0.754293
0.799134
0.573958
0.359810
0.329523
0.237939
0.243927
0.662679
1.099494
1.083872
0.617368
0.339788
0.116576
-0.413899
-0.869717
-1.472376
-1.592846
-1.730285
-1.886368
-1.221358
-1.209077
-0.960605
-0.624423
-0.014967
0.748955
0.913439
0.869986
0.781069
0.809397
0.467728
0.304182
0.439310
0.456157
0.124031
-0.638874
-0.993290
-0.896376
-1.027227
-1.458678
-1.435881
-1.277659
-0.912690
-0.331288
0.150504
0.424355
0.517870
0.373007
0.791490
0.999997
0.478297
-0.095313
-0.657528
-1.201865
-1.633824
-2.312610
-2.457683
-2.039826
-1.932086
-2.169951
-1.690471
-1.040289
-0.700918
-0.748984
-0.180823
0.565501
1.262009
1.440971
1.591148
1.632750
1.791394
2.061947
1.701673
1.092278
0.828899
0.926404
0.692609
0.287795
0.068565
0.535604
0.684397
0.095505
-0.048110
0.021791
0.035711
0.299220
0.731179
0.976197
0.621290
-0.029858
0.353376
0.736334
0.274113
-0.021419
0.312642
0.185898
0.003266
-0.185751
-0.111051
-0.069749
-0.276921
-0.543896
-0.168033
0.182920
-0.243455
0.229242
0.510723
0.300618
-0.197762
-0.572647
-0.727340
-1.324026
-1.006162
-0.930512
-1.364327
-1.556886
-1.336731
-1.035115
-1.233995
-1.471890
-0.971956
-0.254400
-0.416972
-0.462901
0.085282
0.271690
0.325018
0.603139
0.757756
0.988226
0.866797
0.478695
0.053496
-0.657499
-1.448497
-1.718008
-1.367007
-1.616951
-1.850792
-1.672119
-1.891641
-2.418529
-1.781727
-1.127572
-0.951489
-1.219211
-0.863673
-0.193893
0.187288
0.064884
0.109043
-0.163202
-0.141470
-0.269370
-0.393561
-0.168212
-0.479329
-0.360425
0.072051
0.389054
0.517618
0.236377
0.740190
1.889368
2.298420
2.187292
2.276843
2.495961
2.205210
1.672419
1.659996
1.584613
1.716373
1.435980
1.477547
2.052119
2.345091
2.127076
1.689046
1.386923
1.057388
0.818914
1.022347
0.708401
0.450856
0.409239
0.158245
-0.314833
-0.706528
-1.114627
-1.427967
-0.958942
-0.515090
-0.245933
0.243523
0.653364
0.832922
1.087955
1.776438
2.416756
1.820095
1.663761
1.921353
1.798990
1.234867
0.591838
0.369274
0.196799
-0.323588
-0.729093
-0.444722
0.097240
0.461271
