-0.961034
-0.625332
-0.333960
-0.133477
-0.075001
-0.103615
-0.033010
-0.164046
-0.154487
-0.187059
-0.265262
-0.087217
-0.005370
-0.806223
-1.378666
-1.426844
-1.509014
-1.484963
-1.377505
-1.234749
-1.164104
-1.244458
-1.278073
-0.958003
-0.757276
-1.028821
-1.124413
-0.674363
-0.667291
-0.466984
-0.450481
-0.602679
-0.681094
-0.756076
-0.663846
-0.353070
-0.453757
-0.768179
-0.403026
-0.114715
0.359497
0.739935
0.982774
0.766481
0.634663
0.624290
0.065827
-0.465526
-0.607641
-0.478361
-0.342271
-0.198998
-0.142148
-0.384858
-0.362248
0.080659
0.050863
0.200925
0.198208
0.527064
1.044366
0.708258
0.314232
0.320363
0.270678
0.304197
0.182906
0.094408
-0.031718
0.169056
0.062447
0.079260
0.273658
0.507822
0.449758
0.021998
0.026138
0.097430
0.311769
0.746672
0.830196
0.654285
0.317732
0.206511
0.264571
0.107054
-0.114140
-0.074251
0.034618
0.057146
0.232794
0.466335
0.752313
0.677992
0.754351
0.693972
0.355438
-0.112238
-0.342429
-0.584141
-0.599081
-0.275709
-0.246302
-0.595629
-0.518858
-0.549148
-0.636397
-0.491845
-0.582194
-0.414551
0.240890
0.540784
0.931353
1.142547
1.097416
0.924233
0.812063
0.410727
-0.020105
-0.603736
-0.997607
-1.082897
-1.146460
-1.036130
-0.747698
-0.828787
-0.497663
-0.047426
0.600773
1.037498
1.250442
1.408865
1.325645
1.414333
1.198110
1.162563
0.871280
0.417713
0.027037
-0.447809
-0.551518
-0.591374
-0.915664
-0.973203
-1.105645
-0.873207
-1.179934
-1.449669
-1.444235
-1.333070
-1.069545
-0.665059
-0.329245
-0.096429
-0.066597
-0.073272
-0.225937
-0.611145
-0.772782
-0.487613
-0.248892
-0.130893
-0.323633
-0.217255
-0.169120
-0.100548
0.271203
0.582619
0.523418
0.488394
0.761898
0.634133
0.339841
0.262484
0.309299
0.260779
0.295843
0.562799
0.531273
0.245503
-0.047563
-0.355823
-0.261292
-0.032443
-0.290781
-0.163358
-0.217100
-0.286864
-0.086065
-0.086786
-0.266750
-0.264554
-0.221589
0.159194
0.179220
-0.034976
0.226468
0.294377
0.262886
0.456946
0.527175
0.255861
0.405110
0.793628
0.854325
0.762323
0.636963
0.388919
0.452612
0.364407
-0.114630
-0.422574
-0.380039
-0.337242
-0.241342
-0.234008
-0.251898
-0.247631
-0.267320
-0.155812
-0.026430
0.402031
0.415187
0.552640
0.428574
0.055768
0.448019
0.577966
0.421403
0.464753
0.412690
0.219890
0.056134
-0.369298
-0.940056
-0.865942
-0.982094
-0.806104
-0.449106
-0.520439
-0.293751
-0.029289
0.218634
0.385973
0.375739
0.724465
0.948648
1.066487
1.150160
1.157477
0.988469
0.449368
-0.047658
-0.296614
-0.432838
-0.792475
-0.858185
-0.870809
-0.721775
-0.621639
-0.815450
-0.696599
-0.487559
-0.434346
-0.155038
0.336589
0.743694
1.059955
0.949344
0.900852
0.937759
0.919502
0.913255
0.569631
0.594759
0.225221
-0.123173
0.013635
-0.218600
-0.532138
-1.095532
-1.086341
-1.244020
-1.456843
-1.393275
-1.021751
-0.640020
-0.456579
-0.042176
0.429371
0.890859
1.142284
1.084587
0.934387
0.624077
0.165007
-0.043488
-0.381475
-0.684767
-0.546673
-0.658804
-0.444118
-0.349186
-0.392709
-0.240283
0.016482
0.364128
0.718140
0.640172
0.661030
0.678734
0.538449
0.191486
-0.411913
-0.596118
-0.888881
-0.976626
-0.936021
-0.889558
-1.121815
-1.073728
-0.915061
-0.654162
-0.423335
-0.281433
0.202034
0.445922
0.555979
0.700742
0.948927
0.692529
0.401103
0.336078
0.155591
-0.145227
-0.267519
-0.653361
-0.746442
-0.869988
-1.269792
-1.276895
-0.667209
-0.085012
0.168923
0.493853
1.098503
1.305835
1.794645
1.571762
1.284530
1.252987
1.236707
0.658579
0.273611
-0.046193
-0.199250
-0.281520
-0.301439
-0.586301
-0.788711
-0.486152
-0.030413
0.540277
1.016016
1.001810
1.018360
1.173487
1.278671
1.275421
0.631363
0.299663
-0.056719
-0.471902
-0.649211
-0.621450
-0.835054
-1.022901
-1.066673
-1.410980
-1.588382
-1.751579
-1.900564
-2.010149
-2.011726
-1.739375
-1.647009
-1.764722
-1.521330
-1.234145
-0.665899
-0.055962
0.342663
1.005796
1.400577
1.396508
1.457405
1.346910
1.096221
0.740736
0.170120
0.073122
-0.154170
-0.366362
-0.449463
-0.517278
-1.275235
-1.474544
-1.053275
-0.743620
-0.382327
-0.148216
0.271993
0.790106
1.449078
1.414318
1.436177
1.685821
1.449253
1.105413
0.870490
0.524325
0.458945
0.363727
-0.090123
-0.241832
-0.296484
0.189236
0.719070
1.101522
1.437498
1.385548
1.396646
1.111226
1.005243
1.014531
0.592335
0.162228
-0.136843
-0.439388
-1.006058
-1.373340
-1.385950
-1.637821
-1.689787
-1.800813
-1.447910
-0.904264
-0.336558
0.132694
0.197280
0.044890
-0.282374
-0.301571
-0.271195
-0.101974
-0.033161
0.238002
0.625079
0.673896
0.785180
0.839803
0.779103
0.505093
0.233814
0.409830
0.449612
0.567481
0.603023
0.507238
0.585088
0.723282
0.553792
0.136808
-0.054657
-0.232452
-0.299526
0.147159
0.705248
0.988148
1.204242
1.229740
1.034822
0.662386
0.735804
0.747420
0.486013
0.070438
-0.407705
-0.900528
-1.690014
-1.882253
-1.729196
-1.972499
-2.050726
-2.220308
-2.251275
-1.670535
-1.277390
-1.208073
-1.002336
-0.662646
-0.597576
-0.347005
-0.062076
0.031685
0.075076
0.349352
0.931933
1.251077
1.069864
0.989331
0.903302
0.980141
0.709777
0.225259
0.230990
0.543825
0.835615
0.945352
0.736237
0.710174
0.726276
0.870317
0.793109
0.521377
0.521733
0.512805
0.168813
0.002383
0.052360
0.034588
0.010126
0.134994
0.211710
0.190500
-0.046951
-0.098900
-0.268480
-0.566582
-0.695206
-0.632741
-0.877409
-0.683173
-0.596435
-0.481163
0.127703
0.524604
0.908135
1.304558
1.644592
1.990582
1.813116
1.760084
1.644907
1.114341
0.767222
0.478951
0.391280
0.578104
0.580475
0.330490
0.443295
0.175790
-0.065931
-0.388724
-0.506246
-0.526054
-0.692204
-0.757889
-0.993462
-1.133598
-0.835636
-0.633489
-0.571549
-0.592554
-0.654083
-0.807522
-1.185550
-1.300328
-0.998140
-0.730876
-1.055405
-1.079311
-0.949324
-0.919031
-0.640094
-0.469567
-0.722875
-0.713845
-0.508985
-0.414379
-0.428965
-0.209742
-0.228771
-0.141178
-0.043818
-0.242166
-0.130905
-0.233450
-0.268316
-0.882830
-1.242357
-1.426221
-1.369839
-1.361942
-1.572549
-1.473300
-1.790558
-1.619588
-1.004676
-0.648741
-0.359608
-0.042487
-0.241383
-0.390282
-0.653145
-0.689191
-0.702046
-0.722755
-0.749254
-0.812074
-0.374033
-0.055718
0.241649
0.669995
0.892312
1.096999
1.587377
2.019767
2.313713
2.091645
2.159265
2.394301
2.301499
2.319913
2.092598
1.602628
1.131578
0.791311
0.549977
0.558135
0.532186
0.350292
0.030011
-0.281074
-0.523836
-0.792078
-1.014507
-0.974696
-0.980392
-0.949259
-0.766859
-0.395468
-0.062904
0.372131
0.654077
0.679318
0.681461
0.673959
0.108158
-0.251733
-0.358431
-0.532397
-0.337799
0.029456
0.348132
0.614666
0.607886
0.460874
0.540911
0.486144
0.237199
0.467079
0.300802
0.197361
0.269441
0.041190
-0.459216
-0.710353
-1.017389
-1.167438
-1.121459
-1.171187
-1.110462
-0.848177
-0.425933
-0.215032
-0.073629
0.230711
0.299324
-0.025946
-0.217486
-0.300119
-0.149773
-0.006758
0.029503
0.073341
0.216571
-0.054728
-0.099315
-0.171051
-0.372715
-0.378241
-0.421933
-0.020859
-0.056763
-0.337942
-0.227864
-0.097051
0.198205
0.939459
1.070850
0.969090
1.033219
0.594239
0.346151
0.316749
-0.092593
-0.606176
-0.769986
-0.908665
-1.154986
-1.176270
-1.280182
-1.347172
-1.164171
-0.704317
-0.309812
-0.024630
0.265150
0.543292
0.718929
1.096218
1.435638
1.473024
1.348711
1.351872
0.954512
0.832316
0.866119
0.626366
0.308556
0.192275
-0.296458
-0.933694
-1.133268
-1.458591
-1.510903
-1.312517
-1.018355
-0.859378
-0.388102
0.395348
0.608461
1.043090
1.416572
1.268861
1.400891
1.809543
2.106234
2.318146
2.109585
1.466755
0.749242
0.052126
-0.526616
-0.976557
-1.487177
-2.213504
-2.825304
-2.938953
-2.816337
-2.556089
-2.234836
-1.646577
-1.338630
-1.067398
-0.827464
-0.367288
0.229525
0.707826
0.687645
0.647725
0.719694
0.839409
0.571143
-0.031080
-0.067243
-0.118254
-0.343743
-0.324321
-0.501405
-0.781728
-1.005371
-0.969428
-1.014348
-0.808364
-0.494811
0.061776
0.422262
0.941766
1.578722
2.044705
2.393609
2.721765
2.907620
3.370891
3.547876
3.453841
2.770681
2.374016
2.046049
1.250241
0.675480
0.075822
-0.401561
-0.545602
-0.554552
-0.655710
-0.447580
-0.216070
-0.234422
-0.292581
-0.220352
-0.182205
-0.421131
-0.469161
-0.493119
-0.745788
-1.017512
-0.896268
-0.484539
-0.365813
-0.368599
-0.369312
-0.237543
-0.013886
0.501408
0.758137
0.958542
0.681052
0.253764
0.050171
-0.089929
-0.485175
-0.377961
-0.701839
-1.142858
-1.226787
-1.492379
-1.827921
-1.904174
-2.020836
-1.878328
-1.361094
-0.653677
-0.103360
0.639676
0.980910
0.875077
0.296043
-0.152304
-0.246787
-0.525970
-0.784177
-1.010670
-1.018246
-1.093407
-0.987894
-0.955933
-0.730929
-0.031512
0.573971
0.998392
1.248411
1.330064
1.531876
1.669034
1.684650
1.872788
2.027768
1.807179
1.620589
1.378302
1.035512
0.812797
0.935607
0.538431
0.243025
0.283037
0.240435
0.324288
0.208818
-0.076657
0.009925
-0.079413
-0.061536
0.166028
0.161013
0.242038
0.473717
0.537404
0.706290
0.547876
0.488254
0.693987
0.326904
0.306698
-0.141603
-0.363693
-0.212034
-0.368176
-0.494932
-0.341953
-0.214842
-0.225396
-0.470999
-0.637900
-0.796613
-1.104412
-1.675285
-2.184671
-2.305700
-2.113895
-2.013083
-1.610565
-1.219898
-1.044574
-1.086057
-1.128426
-0.902456
-0.798762
-0.843633
-0.626860
0.041867
0.830459
1.171049
1.341614
1.587695
1.570187
1.332993
0.973459
0.490725
-0.143560
-0.824336
-1.288555
-1.522918
-1.501225
-1.495178
-1.474270
-1.983679
-2.049578
-1.880244
-1.922581
-1.836896
-1.934448
-1.962711
-1.731352
-1.422385
-1.159369
-0.998404
-0.732563
-0.651625
-0.517118
-0.148740
0.226174
0.513458
0.437620
0.481385
0.919684
1.003779
0.954000
1.126312
1.023646
1.204914
1.403140
1.365866
0.952035
0.386186
-0.186057
-0.645054
-1.080619
-1.171964
-1.320385
-1.466806
-1.521815
-1.429196
-0.435106
0.862921
1.470240
1.935376
2.261008
2.175710
1.596587
1.098012
0.776992
0.412759
-0.112246
-0.496272
-0.882000
-1.395656
-1.793902
-1.939701
-1.698382
-1.360920
-0.955579
-0.230733
0.309420
0.630406
1.073204
1.347696
1.642726
1.866281
2.189376
2.769603
3.323295
3.777130
3.707400
3.490796
3.466173
3.271459
2.996412
3.049701
2.774012
