-1.589542
-0.369688
0.558756
0.597067
0.200391
0.162218
0.346594
0.569979
0.101999
-0.272713
0.256791
-0.811227
0.825815
0.905573
0.206117
0.467647
0.590214
0.832949
0.249815
-0.208558
0.113094
-0.511191
-1.340035
-1.581709
-0.116498
-0.097356
-0.360787
0.274203
0.426798
1.265974
1.845213
1.549061
0.274961
0.601128
0.624277
-1.273626
-0.972611
-0.748481
-1.406277
-2.146760
-2.176029
-1.392792
-1.350527
-1.191399
-0.004957
-0.114797
-0.226120
0.035544
1.015335
1.706398
1.619346
1.486855
0.695792
1.325697
0.928442
0.284832
0.980276
1.121698
0.603989
0.359646
0.516193
0.290200
-0.792050
-0.523900
0.525593
-0.756255
-0.137751
0.576025
-0.328853
-0.262026
0.459021
0.301154
-0.753566
-0.550554
0.523506
0.629941
0.397793
-0.417526
-0.570291
-1.472882
-1.871623
-1.191731
-0.877049
-1.238911
-1.788397
-1.053739
-0.809068
0.326335
0.828214
1.012083
0.856899
0.409390
1.069548
1.485289
0.862539
0.466645
0.228330
-1.320482
-0.848409
-0.446493
-2.104934
-1.701821
-0.894021
-0.869083
-0.055410
0.401263
1.419239
1.619701
0.990240
0.704156
0.077443
-0.036306
-0.462060
-0.674505
-0.528180
-0.477798
-1.020737
-0.801283
-0.709770
-0.736644
-1.087566
-0.535338
0.210010
1.254458
1.818215
1.541758
1.072881
0.903007
0.498399
-0.545341
-0.450051
0.077251
-0.728251
-0.500202
0.209155
0.381768
-0.077396
-0.000069
0.379625
0.678926
0.652074
0.893401
1.214756
1.220864
1.008740
1.406082
1.319064
-0.088298
0.391105
0.898487
-0.395213
0.040035
-0.341136
-1.368825
-0.580239
0.189925
0.017370
-0.081369
-0.549953
-0.150496
0.437541
0.794776
0.909775
1.352332
1.049196
1.659609
2.035059
0.739714
0.106106
-0.713875
-0.374506
-0.838815
-2.469383
-2.233648
-1.163291
-0.619278
-0.792072
-0.153892
-0.335568
-1.584868
-2.097089
-2.445326
-1.785930
-1.749645
-1.246630
-1.118379
-1.007357
-0.870810
0.247242
0.728017
0.011859
0.656151
0.827504
0.649921
-0.458820
-0.858802
-0.395520
-0.155408
-0.807752
-0.190760
-0.187542
-0.527591
-0.157682
-0.245196
-0.062439
-1.029015
-1.141798
-1.003010
-0.118664
-0.214741
-0.349341
0.622544
1.078881
0.975883
0.186308
0.218670
1.340376
1.395506
0.760010
-0.127009
-0.352786
-0.115444
-0.116528
0.187100
0.482046
1.046045
0.401198
0.706207
1.239729
1.391978
0.784057
0.518009
0.551329
-0.267225
-0.748863
-0.859890
-0.691534
-0.332002
-0.122246
0.791194
1.495457
1.421978
1.290364
1.058316
1.684211
1.565100
1.261256
1.010341
0.665687
-0.642163
-0.050398
0.582573
0.083538
-0.162878
-0.021860
0.356304
0.463484
0.657450
0.242189
0.135865
0.745988
-0.060978
-0.574601
-0.550488
0.591072
1.471357
1.220664
0.784976
0.088656
-0.242617
0.109591
0.057887
-0.294548
-0.917383
-0.280884
-0.053714
-0.397312
-0.962383
-0.450694
-0.729905
-1.050693
-0.830325
-1.188704
-0.756681
-0.678702
-0.625798
-0.631305
-0.568788
-0.554625
-0.761748
-0.495676
0.066257
0.414618
0.225546
-0.167807
-0.525038
-0.246183
-0.100689
0.897679
0.756189
0.349563
0.613185
0.314729
0.414367
0.581517
-0.009816
-0.946714
-0.379678
0.312083
-0.109990
-0.752011
-0.615539
-0.365949
-0.905298
-0.427977
-0.493346
-1.012134
-0.869923
-0.745491
-0.446874
0.368579
0.089160
-0.021722
0.043200
-0.114407
-0.519235
0.348883
0.196948
-0.096591
0.058434
-0.271313
0.065459
0.386746
0.587631
0.430511
-0.374975
0.071794
-0.311033
-0.112357
0.397765
-0.160108
-0.049913
1.337598
0.868217
0.976380
1.060449
1.103362
0.581890
-0.780161
0.273941
0.665869
-0.598397
-0.630134
-0.961255
-0.696241
-0.339018
-0.324881
-0.440041
-0.765839
-0.533574
1.060929
1.548348
0.836795
0.120531
-0.497460
-2.042216
-2.128424
-1.771004
-1.782729
-1.700448
-1.272585
-0.807157
0.013292
-0.008377
0.263199
0.866189
0.377792
0.491586
-0.600562
-0.184457
-0.175845
-0.988145
-1.159208
-0.630908
0.294154
-0.022310
-0.264399
0.773902
0.877640
-0.314074
0.343261
0.562258
-0.393353
-0.989270
-1.117031
-1.064576
-1.085613
-1.058003
-1.002540
-0.821691
-0.272298
0.132838
0.668305
0.237628
0.089552
0.671716
0.818029
1.237645
1.060040
0.440996
0.570853
0.212590
0.786460
0.614918
1.092637
1.704904
1.190368
0.901633
0.579874
0.999143
0.576204
0.114231
0.654356
-0.106257
-0.085456
-0.848472
-1.403838
-0.705447
-0.746322
0.394707
1.472965
1.867095
2.165497
1.749809
1.332387
1.241036
0.705696
-0.373820
-0.405637
-0.500196
-0.348207
0.361944
-0.526989
-0.410110
-0.136771
0.471970
0.964632
0.979199
0.541612
-0.520043
0.467832
1.628248
0.501109
0.222921
0.845982
0.892367
0.428004
-0.150513
-0.069549
-0.198458
-0.476835
-1.468148
-2.381674
-1.644266
-1.073824
-0.889192
-0.998381
-0.724254
-0.724963
-0.206737
-0.844878
0.054445
0.133503
0.695643
1.573847
0.856165
0.579796
0.739780
0.542716
0.203364
0.277386
0.609387
0.416587
-0.591189
-0.803349
-0.453189
0.072486
0.390827
-0.264387
-0.729278
-0.931129
-1.232455
-0.856526
-0.718383
-0.834335
-0.112873
-0.062543
0.335266
0.780072
1.321537
1.640487
1.636350
0.771078
1.053206
1.000329
-0.076540
-0.224474
-0.125996
-0.306540
0.024730
-0.551759
-0.832400
-1.273236
-2.165264
-1.904519
-1.477043
-1.578346
-1.076113
-0.338422
0.031131
0.075543
-0.343793
0.785741
1.376117
0.858844
0.490611
-0.502914
-0.320523
-0.900764
-1.771035
-2.076896
-2.203428
-2.177290
-1.814478
-1.133226
0.361388
1.179069
0.924304
0.883491
0.483986
-0.124369
0.487937
0.568590
0.487009
0.641448
0.507056
0.229910
0.399117
0.010927
-0.736660
-0.915014
-1.489198
-1.164168
-0.268667
-0.193423
-0.247548
-0.184752
-0.516449
-0.158757
-0.225069
-0.428361
-0.162069
-0.709321
0.452741
1.369436
1.407014
0.807018
1.067646
1.860227
1.055557
-0.137747
0.264296
-0.446199
-0.474863
-0.890117
-0.911211
-0.294622
-0.629330
0.166039
0.647424
-0.015130
0.549640
1.383495
1.522564
1.795389
1.783328
1.549630
1.722062
1.835229
1.724674
1.322146
1.515790
1.403641
1.559593
0.374173
-0.291015
-0.300092
0.052008
0.052752
-0.065979
-0.234040
0.006296
0.312982
0.521247
0.002679
0.156195
0.390147
0.703477
1.325660
1.458605
1.347584
1.689092
1.886236
1.673144
1.199393
1.004343
0.686973
0.724239
-0.558837
-2.501645
-1.332913
-1.035384
-1.844026
-2.533189
-2.975056
-3.363244
-3.189686
-2.762494
-2.725065
-3.619825
-4.010152
-2.596805
-2.236164
-2.168416
-2.320606
-2.679973
-2.624022
-2.921773
-2.962279
-1.822187
-1.158576
-1.733459
-1.562230
-1.236215
-0.414629
0.017979
0.669803
0.899185
0.755366
0.205756
0.354272
0.124412
0.147691
1.143812
1.547008
1.651505
1.675597
1.787342
1.953903
2.557395
3.035052
2.567352
2.382918
2.267670
1.969787
1.818193
2.349997
2.012458
0.838594
0.964774
0.850864
0.757549
0.942633
-0.354250
-0.242937
0.161314
-0.107978
-0.338292
0.766601
1.066887
1.146591
0.547534
0.473297
1.417732
1.894963
1.140316
2.331161
1.948778
1.428311
1.456344
1.138095
0.294113
-0.893291
-0.471040
-0.213493
-1.261680
-1.619361
-1.543813
-1.683107
-1.439639
-0.918443
-0.316706
0.423925
-0.220573
0.694868
1.417473
0.258462
0.654821
0.420235
-0.130875
-0.489216
-0.448629
-1.022933
-1.708795
-1.226185
-0.200745
-0.025450
-0.106921
0.718559
1.006887
1.063909
1.551457
1.889279
1.222877
0.106595
0.317487
0.588502
0.020341
-0.916403
-1.548945
-2.042371
-1.627989
-2.395105
-1.887236
-1.591856
-1.512388
-0.464163
0.415180
1.839200
2.257108
2.309100
1.667105
0.959055
0.326679
0.095212
-0.313696
-0.692551
-1.170839
-0.747429
-0.587787
-0.784225
-0.928176
-0.742127
-0.514514
-0.467494
-0.194654
0.245636
-0.287120
0.142384
0.702667
0.481097
0.663994
0.527000
0.335344
0.504213
0.018489
0.460664
1.107281
0.664332
0.676436
0.909434
0.807682
0.568111
-0.013469
-0.479784
-1.417318
-1.637626
-1.656197
-1.729166
-1.347562
-1.012038
-0.724147
-0.366751
-0.307252
0.436595
-0.349583
0.117834
0.479411
0.073350
0.011287
-0.184129
-0.032203
-0.000105
0.095181
-0.445470
-1.502710
-1.640066
-1.428528
-1.093028
-0.563879
0.283667
0.473442
1.351263
0.651811
1.242861
1.283472
1.062722
0.973348
1.422514
0.900435
0.344546
-0.175415
-0.193709
0.689951
1.007953
0.313832
0.226195
0.120794
0.501819
0.316777
-0.182543
-0.223878
-0.638574
-0.410213
0.010775
0.087830
0.144754
0.000493
-0.354203
-0.780494
-0.121908
0.577175
0.172844
0.842478
1.101535
0.252733
-0.377419
-0.700596
-1.283610
-1.548428
-1.037290
-1.173379
0.047670
0.002241
-0.344059
0.233904
0.224427
0.664608
0.279704
-0.533962
-0.698278
-0.843264
-1.071541
-1.186963
-1.434157
-1.469838
-2.164605
-2.375917
-1.729559
-1.295514
-0.970719
-0.484596
0.103872
0.372810
0.190354
-0.728744
-0.986774
-0.859938
-1.291211
-0.886107
-0.104888
-0.247438
-0.222910
-0.088277
0.218059
-1.052582
0.184982
1.553917
1.715560
1.338768
2.172218
2.595528
2.733971
1.894259
1.260959
1.290427
1.245414
1.226244
0.989421
-0.092907
0.242877
0.569426
1.110457
1.523018
1.437984
1.370057
1.459101
1.561498
1.376919
0.056043
-0.204231
-0.017007
-0.005765
0.008484
-0.133647
-0.755157
-0.556746
-0.366829
-0.205229
0.676146
0.142852
-0.000828
0.450845
0.022646
-0.262793
-0.818458
-0.670008
-0.582650
-0.850653
-1.246441
-0.196618
0.128291
0.149865
0.822673
0.459903
-0.006450
-0.085310
0.166171
-0.225265
-0.569747
-1.304023
-0.405722
0.070794
-0.190217
0.183364
-0.182102
-0.061829
-0.174729
-0.014950
-0.010291
0.412435
-0.536419
-0.556602
-0.030558
-0.649745
-1.083620
-0.919839
-0.293081
-0.301137
-0.724528
-0.481875
-0.252754
0.133560
0.635443
-0.156432
-0.514430
-0.194852
0.231404
1.152792
0.424549
0.137419
-0.103733
-0.624205
-0.796456
-1.331157
-1.417926
-0.737194
-0.883634
-1.032986
-0.656930
-0.954864
-0.064708
0.753766
1.446654
2.200668
1.428870
0.707792
0.282475
-0.795572
0.151454
-0.149549
-0.495796
-0.966009
-0.639406
-0.547863
-0.782212
-0.609586
-0.382517
-0.169034
0.360702
0.642103
0.141250
0.847668
1.570145
1.220732
0.786615
0.499262
1.084266
0.824769
-0.119990
0.316917
-0.541259
-0.628616
-0.326143
-0.224899
-0.996784
0.480024
1.397542
0.546052
0.144057
0.374166
0.381246
0.030669
-0.586963
-0.313982
0.221167
-0.521726
-0.585215
-0.294007
-0.241711
-0.274457
-0.147383
-0.456494
0.252808
