0.040772
0.693619
0.209056
-0.072648
0.016081
0.016722
0.051651
0.033695
-0.402303
-0.398933
0.068324
0.602757
0.692079
0.634332
0.998455
1.028121
0.867610
0.627526
0.398027
-0.294023
-0.289556
-0.415921
-0.425175
-0.374790
-0.126786
0.063685
0.303100
0.506088
0.672393
0.755205
-0.053547
-0.748980
-1.053803
-0.628354
-0.914311
-1.415291
-2.158764
-2.662089
-1.930399
-1.178265
-0.770217
-0.749315
-0.681297
-0.937776
-1.369996
-0.862664
-0.265031
-0.283714
-0.263877
-0.104174
0.414277
0.590496
0.892860
0.978288
1.003976
0.625969
0.003841
-0.439939
-0.561551
-0.235375
-0.164137
0.052183
0.250829
1.381544
1.600917
1.434000
1.133238
0.560041
0.185230
-0.277923
-0.973409
-1.253766
-0.901580
-0.269006
0.271395
0.446175
0.841482
1.001996
0.933833
1.102940
1.569578
0.780253
0.579344
0.619126
-0.179123
-0.665934
-0.631842
-0.290505
0.564410
1.186811
1.112504
0.918445
0.998256
0.899373
0.681062
0.386728
-0.019024
0.271723
0.235395
-0.099933
-0.070311
0.107898
0.165364
0.414826
0.360502
0.364815
0.610870
-0.115617
-0.588593
-0.806666
-0.502400
-0.237539
-0.134169
-0.159972
0.038831
0.165367
0.011428
-0.086342
-0.424045
-0.943679
-0.732512
-0.809866
-1.239164
-1.377897
-1.325578
-0.771224
-0.505873
0.087725
-0.027442
0.116240
0.900641
1.195551
1.263358
1.172319
0.799439
0.762856
0.678859
0.345379
-0.083303
-0.507383
-0.658622
0.337789
1.068874
1.424481
1.892622
1.011576
0.952001
1.171684
0.905227
0.965148
1.369110
1.350015
0.486870
-0.006023
-0.269840
-0.064844
0.104887
0.546072
0.942469
1.331881
1.241140
1.158966
0.889573
0.712632
0.289961
0.175873
0.503122
0.273275
-0.173980
-0.345570
0.514559
0.837775
0.445383
-0.302700
-0.720799
-0.687882
-0.751398
-0.624271
-0.296663
0.080903
-0.058823
-1.261456
-1.049010
-0.996051
-1.073638
-1.303064
-2.668904
-2.778470
-2.648375
-2.767699
-2.438230
-1.754677
-1.077443
0.580227
1.088945
0.453560
-0.164362
-0.452779
-0.411548
-0.423092
-0.381816
-1.627937
-1.688531
-1.659757
-1.467950
-0.918313
-0.164409
0.395372
0.703136
0.063409
0.451731
1.001954
1.140877
1.393176
1.239343
1.041246
1.017733
0.868017
0.005006
-0.200037
0.020818
-0.044427
-0.124171
-0.437439
-0.528001
-1.282443
-1.838529
-2.487993
-3.333347
-2.721131
-2.044426
-1.375368
-0.895955
-1.025871
-0.364036
0.462525
0.620830
0.495290
0.636243
0.326532
0.091018
0.018658
-0.468693
-1.004141
-0.770420
-1.397598
-2.143613
-2.482663
-2.225709
-1.543131
-0.692650
0.137293
0.392326
0.904244
1.244320
1.442806
1.890457
1.837994
1.604288
1.296098
0.904539
0.921796
0.866912
0.410753
0.350894
-0.028281
0.040951
0.259642
0.418824
-0.198039
-0.248403
0.151997
0.408788
0.264002
-0.185991
-0.487476
-0.032223
0.290918
0.519226
0.646205
0.706018
-0.422726
-0.685566
-0.323864
-0.413412
-0.544552
-0.788304
-1.176439
-1.571788
-1.822119
-0.711238
0.371574
1.203209
1.275827
0.905999
0.355925
0.519944
0.507673
0.222081
0.608774
0.393816
0.291224
0.529367
0.002617
-0.774086
-1.684784
-1.919053
-1.734645
-0.729761
0.066962
0.255603
0.382248
0.530484
0.603731
0.467532
0.381238
0.297924
0.157547
-0.615334
-1.096248
-1.570891
-1.815764
-2.057631
-2.531556
-3.040297
-2.716946
-2.379125
-2.611202
-3.022561
-3.110358
-2.219446
-1.323397
-1.035179
-1.428685
-1.212612
-0.783321
-0.724066
-1.221832
-1.313185
-0.867658
-0.539137
-0.182454
-0.210934
0.120300
0.573438
0.999597
1.407895
1.913187
1.729142
1.724164
1.772963
1.663985
1.543991
1.062363
0.640343
0.767667
0.432968
0.490966
0.988522
1.193023
2.065351
2.741168
3.185602
2.820328
2.052829
1.540842
2.045400
2.377260
1.929707
1.541958
0.717949
0.439396
1.110572
1.278005
1.308459
1.866131
1.638465
0.956824
0.464520
0.620660
0.420863
0.010999
0.463672
1.478828
1.130979
0.857600
0.938119
1.238119
1.183197
0.930041
0.071952
-0.005669
0.236487
-0.174425
-0.436600
-0.929599
-0.817415
-0.792596
-0.967434
-1.380884
-0.819362
-0.202951
-0.065426
0.100115
0.248587
0.088352
-0.329841
-0.797806
-0.788865
-0.580810
-0.601816
-0.570057
-0.664027
-0.889674
-1.320456
-1.112431
-1.386029
-1.265017
-0.403413
-0.366304
0.113577
0.542799
1.110274
1.289611
1.038304
0.038487
0.097370
0.310318
0.251274
0.085007
-0.337792
-0.856931
-0.323690
0.091845
0.056351
0.208585
0.694926
1.186715
1.443250
1.727307
1.521956
1.037235
0.373986
0.831023
1.216827
0.413327
-0.351628
-0.667083
-0.453752
0.206167
0.754706
0.986778
1.681453
2.226747
2.004047
1.784471
1.801627
1.923999
1.495136
0.556317
-0.065687
0.679930
1.090438
0.192187
-0.364676
-0.260388
-0.270746
-0.620775
-0.913402
-1.136097
-1.165401
-0.830046
-1.281530
-1.328902
-1.431368
-0.818922
-0.390477
-0.539797
-0.325847
-0.150794
-0.282286
-0.107985
-0.813869
-0.572850
-0.356390
-0.524686
-0.385967
-0.595218
-0.051547
0.562774
1.126524
1.214980
0.959666
0.505368
0.470262
0.234831
0.162341
0.337365
0.202411
0.153596
-0.073705
-0.468033
-0.050889
0.284517
-0.273600
-0.682053
-0.281148
-0.015940
-0.226363
-0.699386
-1.226434
-1.513000
-1.852653
-2.083990
-2.215653
-2.030272
-2.018251
-1.636834
-1.086317
-1.303420
-0.665744
-0.521343
-0.363009
-0.654479
-0.815994
-0.922086
-0.811115
-0.823825
-0.771312
-0.832756
-0.996609
-1.088306
-0.782758
-0.895555
-0.239406
0.143916
-0.029725
0.046420
-0.383436
-0.462759
-0.666648
-0.473588
-0.409472
-0.619139
-0.965505
-0.700329
-0.276993
-0.124252
-0.065413
0.603769
0.382077
0.204751
0.024846
-0.687612
-0.722121
-0.403312
-0.455663
-0.929034
-1.030905
-1.017429
-1.154479
-0.619214
-0.190687
0.381848
0.830800
1.098987
0.451964
0.286340
0.030263
-0.087202
-0.665354
-1.028033
-1.631243
-1.851096
-1.470115
-1.459202
-1.472048
-1.371502
-0.770444
0.012419
0.533381
0.779803
0.689227
0.305961
-0.094250
-0.029930
-0.519075
-0.607352
-0.820222
-1.778192
-1.749833
-1.664774
-1.895943
-1.754736
-1.280496
-1.605615
-1.282871
-0.571319
-0.561018
0.097052
0.122302
-0.176059
-0.469956
-0.186757
0.530315
0.944356
1.337823
1.409097
0.728769
0.527994
0.780701
1.037417
0.617880
0.173047
0.290856
0.362450
1.091420
1.610339
2.507722
2.571670
2.546466
2.480603
2.456895
2.141613
1.765407
1.610427
0.331065
-0.201822
0.391996
0.717342
0.942598
1.621928
1.995899
2.174372
2.244636
2.105379
1.745142
1.866305
1.201623
0.862455
0.172699
0.489176
0.216996
-0.268884
-0.357749
-0.178307
-0.208558
-0.316729
-0.269196
0.390214
1.529439
1.559592
1.200474
0.674896
0.395238
-0.213452
-0.358416
-0.832867
-1.025435
-1.373307
-1.554334
-1.842764
-1.685206
-1.339190
-1.422487
-0.937819
-0.166667
0.524406
0.968918
1.417073
0.973984
0.479407
0.460626
0.425147
0.305393
0.392426
-0.075745
-0.984845
-1.755936
-1.928827
-2.174835
-2.478922
-2.064883
-2.073011
-1.393874
-0.583964
0.078600
0.982801
1.269852
0.950547
0.432394
0.287107
0.472072
-0.163643
-0.362599
-0.594967
-0.848537
-1.153761
-1.414031
-1.769831
-1.965486
-1.249128
-0.732110
-0.213795
0.413860
0.785493
0.529314
0.861280
0.846402
0.486145
0.225160
-0.067707
0.099685
-0.487500
-0.751639
-1.009746
-1.085196
-1.038260
-1.014541
-1.061648
-0.730367
-0.017597
0.460680
0.219542
0.392327
1.086951
0.636620
0.880650
1.180720
0.863679
0.704989
0.365000
-0.008597
-0.298563
-0.149601
0.144046
0.048144
-0.412489
-0.034843
0.715360
0.609570
-0.125407
-0.694372
-0.820678
-0.310958
-0.460661
-0.410267
-0.585641
-0.226214
-0.080529
0.139298
0.336249
0.213053
-0.394018
-0.761438
-0.629506
-0.079537
0.337049
0.472485
0.769436
0.926824
0.633836
0.230943
0.607267
0.273231
0.202240
-0.171079
-0.506027
-0.334007
-0.270547
0.140527
0.424524
0.691130
0.960587
0.753235
0.712060
0.437603
0.342458
0.654288
0.438186
0.618104
0.815097
1.495209
1.110911
0.722283
1.313356
1.342414
0.590088
0.355486
0.086586
-0.688083
-0.577516
0.235908
0.203438
-0.175210
0.020922
-0.183010
0.455126
0.131881
-0.290208
0.100038
0.148771
-0.230680
-0.061777
-0.220059
-0.418795
-0.062553
0.233942
0.922484
1.149500
1.149480
0.720891
1.156999
1.313958
1.355357
1.173727
1.172203
1.255175
0.935060
0.583862
0.393545
0.592254
0.304367
0.315902
0.570220
0.564257
0.630613
0.873500
0.709883
0.908508
1.416983
1.369557
1.560320
1.685726
1.704741
1.810592
1.197404
0.736758
0.526365
0.143381
0.328354
-0.372486
-1.150522
-1.085463
-1.035906
-0.652549
-0.204906
-0.217430
1.109416
1.999170
1.952418
1.892289
1.450179
0.907082
0.201663
0.314518
-0.056721
-0.581880
-1.060603
-0.634014
-0.817993
-0.669758
-0.080085
0.326364
0.640808
0.520665
0.409198
0.458285
0.127953
-0.182270
-0.712035
-1.160114
-1.167198
-0.999106
-0.752893
-0.503889
-0.598484
0.039955
0.390988
0.264505
0.337287
0.344442
0.098398
0.068334
0.153978
-0.066798
0.033215
0.391087
0.410624
0.220541
0.197473
0.378543
0.204162
0.145791
0.278308
0.187810
-0.268430
-0.717457
-0.766456
-0.510783
-0.462681
-0.276834
-0.201531
-0.627379
-0.129205
-0.147943
-0.278300
-0.364166
-0.750823
-0.629219
-0.580981
-0.933821
-1.231904
-1.682099
-1.448669
-1.376548
-1.401205
-1.425013
-1.575784
-1.266720
-1.411930
-1.714420
-1.572397
-1.047222
-0.856789
-0.678098
-0.929786
-0.518689
-0.155658
-0.125150
-0.657771
-0.412836
-0.451308
-0.429914
-0.387080
-0.942623
-0.954724
-0.996747
-0.880138
-1.530648
-0.729583
0.604539
0.645392
0.435472
0.604502
0.643231
1.094853
1.392743
1.271961
1.030541
1.336002
1.649423
1.447111
0.886018
0.529696
0.310998
-0.591035
-0.613880
-0.633426
-0.739806
-0.745014
-0.469790
-0.189319
0.316167
1.120645
0.972192
0.942354
0.771812
0.783335
0.627769
0.487394
0.721869
0.572362
0.058487
-0.019079
0.411952
0.370633
0.225449
0.511740
0.354119
0.689744
0.792775
0.839608
0.910704
0.771513
1.100595
0.632888
0.161848
0.405777
0.854040
1.401801
1.716757
1.370137
1.302301
1.012969
0.845531
0.673167
0.403510
0.218703
0.171155
0.171333
-0.607431
-1.290474
-0.979624
-0.589884
-0.247009
0.102416
-0.196923
-0.154706
-0.036508
0.035176
-0.028159
-0.462461
0.140627
0.203717
-0.341774
-1.436935
-1.921519
-2.314820
-2.253046
-1.882896
-1.491423
-0.929936
-0.694888
