0.436261
0.071836
0.205922
0.615246
0.733293
0.616860
0.984076
1.708745
2.047557
2.390076
2.180669
1.712670
1.111148
0.737528
0.050067
-0.471935
-0.620794
-0.798797
0.076027
0.147109
-0.285875
0.141718
0.867395
1.855491
1.048923
-0.205016
0.076726
0.322508
0.337269
0.797877
0.852404
0.932348
0.485758
0.571169
0.669769
0.691613
0.055636
-0.112120
0.526859
1.154089
1.370390
1.251076
0.667095
0.287779
-0.571831
-1.222810
-1.040997
-1.380521
-1.634427
-1.209682
-0.776105
-0.611386
0.298170
1.090330
1.367078
0.891536
0.605846
0.537267
-0.001901
-0.431534
-0.849207
-0.870309
-0.870985
-0.415184
-0.411346
-0.627058
-0.667340
-0.542290
-0.522799
-0.552815
-0.318425
-0.435815
-0.235209
0.032828
-0.126679
-0.197733
-0.059781
0.017221
0.155209
0.308258
0.419117
0.027651
0.052463
0.809224
1.789280
1.669032
1.147000
0.801522
0.816735
0.214835
-0.463641
-0.409729
0.204205
-0.170781
-0.241033
-0.340366
-0.183533
0.671174
0.939322
-0.081443
-1.071645
-0.853287
-0.914861
-0.882254
-0.569634
-0.459417
-0.486907
-0.678922
-0.464500
0.202368
0.964686
0.913687
0.029290
-0.291819
-0.371898
-0.384884
-0.055128
-0.200318
-0.603540
-0.625028
-0.180906
0.279552
1.011569
1.570172
1.753440
1.331069
0.036068
-0.915226
-1.225757
-1.121681
-1.108230
-0.216572
0.553383
0.615123
0.696499
0.812134
0.834345
0.851383
0.985174
0.607795
-0.470555
-2.043254
-1.974489
-1.239660
-1.050733
-1.188814
-1.023997
-0.532993
-0.112182
0.153630
0.341000
0.364009
0.804715
0.504980
-0.489248
-0.641361
-0.543894
-1.075470
-1.502508
-1.211418
0.188494
0.452775
-0.137009
-0.191532
0.216514
0.344090
0.437666
0.853951
1.047789
1.087627
0.689200
-0.123271
-0.281866
-0.767716
-1.465098
-1.724849
-1.395112
-0.908338
-0.064194
0.713119
0.996871
0.579999
0.586926
0.718785
0.286813
-0.677883
-0.835831
-1.168325
-1.080185
-0.432584
-0.419907
-0.529164
-0.826096
-0.305786
0.518616
0.192383
-0.164141
-0.415849
-0.506767
-0.270280
-0.052100
0.029856
0.252892
-0.050887
-0.875706
-0.817931
-0.268790
-0.028938
-0.266150
-0.145889
0.427950
0.308119
0.419762
0.631604
0.618986
0.295290
-0.251797
-0.621878
-0.223056
-0.472325
-0.608246
-0.596454
0.332120
1.074372
1.202604
1.860493
1.862297
1.229340
0.429285
-0.046421
-0.194837
-0.019028
-0.451100
-0.941752
-0.747316
-0.430978
-0.226269
0.013158
-0.029206
-0.492346
-0.876535
-1.101860
-1.171060
-0.487031
0.029514
0.597659
0.841982
0.985174
1.509953
1.427656
1.316161
1.234738
1.047559
1.144191
0.688876
-0.014664
0.268576
1.125450
1.164017
0.762820
0.529260
-0.079945
-0.243349
0.078794
0.670761
0.672952
1.166364
1.005173
0.731968
0.463783
-0.133542
-1.268148
-1.270990
-1.357240
-1.441028
-1.366376
-0.393935
0.128911
0.626436
0.760423
0.457496
0.107517
0.167490
-0.331792
-0.586495
-0.955914
-1.292969
-0.964102
-0.079283
0.887413
1.440693
1.526165
1.529465
1.693532
1.715407
1.553425
1.362124
1.310046
1.012878
0.296358
0.266246
0.687954
0.957323
1.224239
1.135367
0.414303
0.162584
-0.913766
-1.624739
-1.773250
-1.730948
-0.846703
-0.221778
-0.135809
-0.085810
0.628464
1.045711
0.569481
-0.215616
-0.823708
-1.266107
-1.564758
-1.062701
-0.222686
-0.000917
-0.419539
-0.739793
-0.606913
-0.907930
-1.622322
-2.108837
-2.199590
-2.433944
-2.170226
-0.740375
0.456675
1.341053
1.195941
1.294366
0.842117
0.294521
0.104988
-0.651501
-1.968619
-2.753329
-2.974038
-2.403925
-1.782457
-0.968911
-0.062351
0.565197
0.815562
1.342023
1.634497
0.735023
-0.443047
-1.648698
-2.710666
-3.150920
-3.645094
-3.784464
-2.727975
-1.505634
-0.617917
-0.200674
1.038482
1.485734
1.086933
0.346532
0.041724
-0.160871
-0.892316
-2.090644
-2.589935
-1.856771
-1.019225
-1.134026
-1.249300
-0.790596
-0.379821
0.271033
1.026543
1.658247
1.601494
0.880901
0.090176
-1.235504
-1.752725
-1.577668
-1.232490
-1.022835
-0.904171
-0.324608
-0.196821
-0.267656
0.266901
0.773714
0.886238
0.304815
-0.520555
-0.773618
-0.434276
-0.094752
0.259488
0.599348
0.881209
1.325756
0.925782
1.164431
1.013799
0.404719
-0.208755
-0.832661
-1.557222
-1.541504
-1.094076
-0.203637
0.878853
1.911997
1.908895
0.889099
0.275169
-0.305973
-0.012122
-0.687590
-0.938188
-0.648088
-0.224202
0.841866
0.923865
0.742112
0.992020
1.196717
0.147923
-0.299087
0.093540
0.286691
0.194828
0.281267
0.497816
1.152278
1.127136
0.958735
0.392338
0.087442
-0.194876
-0.716242
-0.669706
0.193742
0.219251
0.065013
0.412550
0.860272
0.666126
0.490627
0.700140
0.323880
-0.024971
0.231939
0.490117
0.262579
0.205094
0.199150
0.624882
1.274761
1.706768
1.356083
1.162228
1.117582
0.468142
-0.461004
-0.846316
-0.846525
-0.512558
0.246646
0.938979
0.604704
0.641748
0.667523
0.324652
-0.020000
0.426541
0.445565
0.235685
0.276454
0.640875
0.553711
0.408859
0.476366
0.237007
0.236290
0.276407
0.030111
0.278018
0.707817
0.945186
0.833510
1.362599
1.373244
0.712644
0.126143
-0.061898
0.756812
0.798680
0.208496
-0.078201
-0.302868
-0.608887
-0.326233
0.582731
0.846325
0.293580
-0.021023
-0.833274
-1.135749
-0.951100
-0.783656
-0.222141
-0.026087
0.063700
-0.100117
-0.381653
-0.395921
-0.572073
-0.516930
-0.361021
-0.643930
-0.850688
-1.037946
-1.199073
-1.045567
-0.840002
-0.345819
0.407305
0.682538
0.415423
0.373221
0.299905
-0.176886
-0.000731
-0.256757
-0.503687
-0.583171
-0.589099
-0.394865
0.203031
0.957946
1.214739
1.373482
1.548289
1.557792
1.230565
0.493170
-0.304542
-0.887517
-0.881230
-0.939630
-1.840768
-2.277266
-2.367898
-1.898262
-0.853102
0.177285
0.728554
0.937159
0.759814
0.431115
0.948442
0.592759
-0.416338
-0.973151
-1.390603
-1.069359
-0.740351
-0.945107
-0.646687
-0.105537
0.129491
0.424672
0.997334
1.224744
1.604189
1.513914
1.260184
0.910603
0.026056
-0.654641
-0.949768
-1.009402
-0.178694
1.018568
1.021816
1.061581
1.117529
0.977529
0.776884
0.589090
0.351778
-0.424716
-0.761210
-1.108349
-1.155546
-0.778430
-0.471392
-0.548617
-0.672566
-0.966043
-0.701686
-0.518412
-0.469077
-0.561115
-0.118991
0.153693
0.184459
0.270334
0.363355
0.791081
1.559898
1.658843
1.062158
0.319232
-0.135247
-0.456504
-0.904564
-1.454793
-1.527123
-1.712111
-0.554866
0.936549
1.608772
1.236616
0.763152
1.291185
1.327950
0.112748
-0.590594
-0.985993
-0.835820
-0.639432
-1.078976
-0.454112
0.696424
0.991411
0.734762
0.439127
0.364642
0.243862
-0.112721
0.036055
0.079163
-0.031248
-0.022694
0.146227
0.456745
0.603748
0.462957
0.311210
0.130905
-0.144710
-0.562517
-1.305340
-1.514946
-0.965081
-0.626703
-0.357509
-0.109724
0.189601
0.753233
0.787179
0.514514
0.542330
1.051157
1.633616
1.420621
0.508845
-0.402998
-0.744047
-0.604373
-0.262277
0.175910
0.422168
0.219617
0.509877
0.784282
1.193742
1.540374
1.142261
-0.011744
-0.774934
-1.297453
-1.158227
-0.448358
0.211462
0.465889
-0.266635
0.296384
0.684206
0.703548
0.695375
0.691697
0.298129
-0.021022
-0.107088
0.067183
0.061003
-0.210785
-1.305002
-2.066660
-1.946068
-0.621700
0.329314
0.429011
-0.637809
-0.579209
-0.372128
-0.212489
0.043080
0.203764
0.249798
0.374260
1.267499
1.300138
0.421126
-0.318159
-0.932198
-1.642866
-1.906789
-1.350551
-0.885095
-0.784887
0.126078
1.142096
0.875230
0.723310
1.076232
1.335660
0.701105
0.615704
0.742911
1.301069
1.503208
1.626443
1.590795
1.497232
0.662746
0.079996
-0.409082
-1.167166
-1.293356
-0.889502
-0.025217
0.653518
0.813974
0.956891
1.853264
1.683236
0.655502
0.288426
0.336385
-0.159220
-1.391578
-2.121596
-1.555563
-0.875629
-1.611233
-1.621568
-0.908131
-0.542283
0.359244
1.049658
1.434179
1.185711
0.620091
-0.414124
-1.304210
-1.948256
-1.692890
-1.563981
-1.174155
-1.639315
-2.322158
-1.897867
-0.603885
-0.160613
0.283416
0.348795
-0.353058
-0.890601
-0.806444
-0.581412
-0.958227
-1.733586
-2.041703
-1.916382
-1.488595
-1.069956
-0.066683
0.211705
-0.297434
-1.069058
-0.712092
0.681432
1.021639
0.199024
-0.049636
0.400543
0.707907
0.416154
-0.039055
-0.178000
-0.184463
-0.534109
-0.568785
0.474922
1.241355
0.833561
-0.040316
-0.315010
0.069209
1.115868
0.851114
0.421885
0.083819
-0.158475
-0.011758
0.216169
0.440042
0.415022
-0.209503
-1.242705
-2.276798
-2.390878
-1.638558
-0.670687
0.119965
0.590219
0.503395
1.038529
1.329732
1.046172
1.126278
0.256168
-1.140629
-1.390500
-0.782741
-0.044660
0.264705
0.442403
-0.014361
-0.460212
-0.079360
0.713120
1.223295
0.636201
0.793286
1.210308
1.356622
1.687414
0.825395
0.110139
0.233363
-0.253699
-0.696792
-1.000818
-1.076310
-1.158700
-0.794647
0.247361
1.089808
0.902031
0.905978
1.714768
1.983919
1.157581
0.010123
-0.468340
-1.187820
-1.332045
-0.819264
0.324674
0.862354
1.469662
1.594490
1.346388
1.323026
1.243916
-0.113563
-1.205789
-1.305970
-0.566568
0.415401
0.338533
0.662870
1.082134
1.161649
0.730538
-0.240640
-1.637091
-2.713304
-2.661853
-1.562899
-1.330251
-1.887075
-2.309830
-1.449879
-0.623024
-0.431914
-0.489996
-0.934571
-1.433351
-2.002599
-2.377605
-1.886553
-1.490287
-0.744339
-0.049345
-0.237953
0.022674
0.258593
0.832437
0.384972
-0.344528
-0.945917
-1.887143
-3.157620
-3.549185
-2.307923
-0.993835
-0.320747
0.227218
0.925762
1.613333
2.262967
1.844920
1.259798
0.308015
-0.383179
-1.390342
-1.583811
-1.435848
-1.388946
-0.367105
-0.164595
0.124433
0.841899
1.453204
2.168408
2.018710
1.119719
-0.426808
-1.737265
-1.485100
-0.578786
0.071228
1.010433
1.269418
1.635221
1.413714
1.289155
1.959308
1.943443
1.013794
-0.541332
-1.208500
-1.088165
-1.364491
-1.464163
-0.968211
-0.241775
0.335051
0.584167
1.038713
1.841939
1.825091
1.655552
1.740265
1.101424
0.948945
0.972423
0.832693
0.507552
0.143606
-0.342014
0.194825
0.551904
-0.073553
-1.057640
-0.987112
-0.372756
-0.235712
0.383903
1.198512
1.708536
1.807987
2.646660
2.540124
1.902101
1.122667
0.318861
-0.133693
-0.257104
-0.617373
-0.808817
-0.282999
-0.641928
-1.087677
-0.411942
0.722527
1.053167
1.120465
0.753031
0.107404
-0.185206
-0.413710
-0.719919
-0.947109
-0.398801
-0.085122
-0.090406
-0.085494
0.137518
0.397615
0.828926
0.549879
