0.201207
-0.069201
-0.643414
-0.817499
0.094640
0.953972
-0.127270
-0.010432
-0.067503
-0.049394
-0.226175
0.164323
0.524902
0.962426
1.363487
0.787543
0.590254
0.608117
1.253840
0.894301
-0.137937
0.487274
1.223336
1.570280
2.459396
1.894685
1.038305
1.455162
1.839277
1.674203
2.099926
1.946896
0.575226
-0.136808
0.839514
1.899609
1.143340
0.995252
0.001540
0.410249
1.758297
1.390964
1.118603
0.210019
0.310394
1.479803
1.270351
-0.257913
-0.757195
0.350112
1.997647
1.523367
1.016193
0.756898
-0.500261
-0.072234
-0.183061
0.421497
1.840053
1.619433
1.040279
0.060739
0.057539
0.012993
-0.287571
0.008581
-0.817317
-1.632735
-0.546981
0.375795
0.856575
-0.418288
-1.181717
-0.741984
-1.055649
-1.963842
-1.725465
-0.491015
-0.206798
-1.393516
-2.225843
-0.875193
-1.059052
-1.510807
-2.431277
-2.425665
-0.925943
-1.140972
-1.276393
-1.450950
-1.057838
-0.792458
-0.431114
0.271229
0.244911
0.491058
1.533127
2.135009
1.535534
1.532692
0.624296
0.844642
0.034454
-0.246171
-0.178734
-0.761157
-1.312743
0.236222
-0.048962
0.060952
-0.891201
-1.141585
0.079473
1.467373
0.047213
0.615298
1.663820
0.586052
-1.082918
-1.099872
0.635160
0.888354
1.235469
0.945281
0.406177
0.562300
1.321195
2.023088
0.989773
0.496330
-0.359283
0.498195
1.002465
0.957176
0.936695
0.869916
-0.914332
-2.704624
-2.042617
-0.062370
1.280241
1.507958
0.274215
-1.022247
-1.254476
-0.684370
-0.540197
-1.333038
-1.421549
-0.841564
0.243460
-0.297915
-0.652845
0.164832
-0.017548
-0.571307
-0.227001
-0.570942
-1.849121
-1.362947
-0.945715
-0.464967
-0.379923
-0.551710
-0.727116
-0.467696
-1.024054
-0.700446
0.388172
0.146576
0.397968
1.351702
0.802445
0.150124
0.451457
1.812521
1.610129
-0.209706
-0.105696
1.314509
1.626650
1.789603
1.294253
1.002184
1.647690
1.842016
1.709291
1.786601
0.734349
-0.028431
0.098112
0.581603
0.381438
0.132489
0.130396
-0.509590
-1.233670
0.087396
1.995872
1.612559
1.691105
0.660607
1.005222
1.370419
0.801393
0.508032
-0.044606
1.673159
1.826622
0.677747
0.271521
-0.166155
-0.217059
-0.223517
0.779854
1.811784
1.604645
1.049325
0.350670
-0.175629
-0.564975
-1.027264
-0.901680
0.239505
0.968010
1.046498
0.190442
1.011625
1.230565
1.300307
0.119664
0.048419
2.005083
2.088157
0.345528
-0.105642
-0.219089
0.317641
0.768834
-0.553917
0.266292
1.365871
-0.003608
0.487742
0.795859
0.673444
0.774063
-0.366776
-1.029056
-0.619766
-0.149128
0.344387
0.546316
0.295758
0.204168
0.714989
0.550764
0.026802
0.801106
1.846692
2.281913
0.161895
-0.557532
-0.160108
-0.211412
-0.541942
-1.256852
-0.958073
-0.509384
-0.410205
-1.002344
-0.776904
-0.002504
-0.741759
-0.726913
-0.600096
-0.795361
-0.690933
-0.789904
-0.760313
-0.728183
-1.523139
-1.310639
-0.339630
0.291632
-1.081674
-1.475983
-1.875571
-0.712718
0.435279
-0.071827
0.622384
-0.248190
-0.546787
1.106604
1.263870
0.929192
0.479879
-0.032639
0.217199
-0.612635
-0.717864
-0.768929
-1.972807
-2.010447
-1.824559
-1.806935
-1.651046
-1.143575
-1.265673
-0.444022
-0.478520
-0.502178
-0.638044
-0.761483
-1.667272
-1.758293
-1.274219
-1.307533
-1.547264
-1.934098
-1.864286
-0.932462
-1.276746
-2.112846
-2.822663
-1.873085
-0.868745
-1.056521
-1.937107
-1.780014
-1.986894
-1.429842
-2.041467
-2.418326
-2.231769
-0.598920
0.093427
-0.236722
-1.224844
-1.695733
-1.753162
-1.052543
-0.327776
-1.583271
-1.924391
-1.554615
-1.635199
-1.233439
-1.106949
-0.563999
0.022485
-0.016264
-0.561305
-0.008954
-0.099415
-0.954383
-0.421279
-1.475107
-1.534687
-0.329044
-0.973349
-1.586161
-0.571656
0.150592
0.510072
0.412126
-0.764741
-0.640248
0.615868
0.015664
-1.392183
-1.713012
-1.187171
-1.130767
-1.262706
-1.477793
-0.602520
0.063710
-0.390130
0.079056
0.442222
0.777821
0.963418
0.883202
1.008113
0.145388
0.785582
0.623328
0.115606
0.600795
0.718937
1.133083
0.533704
-0.508165
-0.877961
-0.325651
0.610836
1.069238
0.870963
0.001694
0.532761
0.605384
1.001346
1.860736
1.155104
0.164056
-0.126307
0.418557
1.189533
1.636743
0.922470
0.879577
0.881065
0.853467
0.777034
1.257535
0.615021
0.013680
-0.478579
-0.581942
-0.384973
-1.120115
-0.398591
0.480284
-0.505070
-0.791958
-0.823440
-1.590964
-1.304963
-0.613374
-1.346615
-1.499093
-0.976296
-0.866223
-1.847588
-2.138962
-1.655493
-1.111515
-0.697058
-0.275648
-0.962627
-1.216452
-0.423016
0.025316
0.483377
-1.000207
-1.689571
-1.003645
-1.321002
-1.048855
-1.162094
-0.863651
-0.136368
0.129492
-0.112119
-0.347577
-1.247901
-1.111147
-1.215874
-1.856993
-1.090481
0.314335
-0.287666
-1.180298
-0.355416
0.208549
0.035457
-0.797127
-1.215484
-2.101762
-2.472220
-1.921376
0.561029
2.645418
1.514441
-0.432903
-0.556612
0.078040
0.736034
0.174332
-0.174286
0.071125
0.539911
0.142967
1.470145
0.991849
-0.575557
-0.551237
0.867688
1.207392
1.761833
0.854530
-0.083722
0.970634
2.191326
2.806142
2.118154
1.154521
1.050135
1.323034
0.705553
1.289795
1.491177
1.238340
1.388442
1.947036
2.393990
2.289890
1.350241
0.621385
0.112417
-0.304317
-0.143012
-0.008517
0.663814
0.264852
0.697410
0.652102
-0.373877
-0.437959
0.324310
0.435779
0.193340
0.653492
-0.009731
-0.092957
0.390900
0.265858
-0.885170
-0.185500
0.301560
-1.039369
-0.899942
-0.700858
-1.492692
-1.282804
-0.532461
-0.654742
-0.801788
-0.867888
-0.875884
0.142695
0.531157
0.306975
0.225277
-1.278699
-1.646926
-0.186662
0.275818
0.008797
-0.888748
-0.931906
0.521884
1.422769
0.880178
0.605734
0.395794
-0.238509
0.022161
0.203856
-0.214637
-0.066782
0.952221
1.236998
1.061006
0.291005
-0.106167
1.024313
1.189522
0.408238
0.224100
1.551689
1.378971
-0.752506
-0.293592
0.988590
0.335189
0.318620
0.499853
0.905186
0.646827
-0.063583
-0.566163
-0.364611
0.015754
-0.465433
-1.250132
-1.030028
-0.909690
-1.143362
-0.708435
-0.891583
0.058554
0.195921
0.773038
0.012459
-0.525217
-0.121040
-0.587625
-1.407600
-1.572932
-1.104395
-0.300289
-0.495593
0.168095
-0.298578
-0.396738
1.359935
0.503127
-0.266642
-1.252016
-0.523417
0.101780
0.041958
-0.126065
-0.554985
-1.057099
0.292018
0.645058
-0.254100
-0.241415
0.438558
0.761521
0.473311
-0.378599
-1.411635
-0.142754
-0.122652
0.158711
0.589954
0.460997
0.260676
0.027852
0.507539
0.973645
1.120847
0.297726
-0.029805
0.640793
1.524259
1.188515
1.012430
0.714658
0.248542
0.080753
0.974519
1.586487
-0.530024
-1.345796
-0.877987
0.083867
1.137355
1.126356
1.355608
0.687995
-0.160632
0.998807
2.131979
1.256873
-1.286893
-1.828931
-0.636547
1.178386
1.820504
-0.538260
-1.501828
-0.398528
0.308235
0.353500
0.471495
0.271366
0.241561
0.591407
-0.374478
0.079602
1.213517
0.875482
-0.392551
-0.989213
-1.118462
-0.153210
0.010327
-0.976635
-0.736459
-0.345697
0.109359
2.322954
2.328943
1.037922
0.859797
0.178378
0.433609
0.184330
-1.049777
0.125171
1.442861
-0.012268
-0.857787
0.091668
-0.109482
-0.594371
-1.162252
-1.301144
-1.676028
-1.568481
-1.642139
-1.816311
-1.249779
0.231736
-0.508552
-1.594009
-2.037579
-0.934608
-1.217391
-1.351778
-1.176078
-0.536480
-0.172939
-1.153517
-0.159160
2.236505
2.869186
0.866798
-0.588566
0.123404
1.274232
1.096334
0.013848
-0.940537
-0.698523
-0.712003
0.415072
0.620177
1.266380
1.587772
0.757526
-0.511637
-1.037506
-0.088243
-0.513010
-0.546653
0.245670
0.139475
0.173691
1.252440
2.039860
1.460535
1.918342
0.990386
-1.258720
-0.642308
0.252316
0.843845
0.945645
0.143209
1.304703
1.581719
1.671111
0.435913
0.529085
0.298871
0.118415
0.033594
0.151021
-0.494627
-1.524697
-0.538439
0.645712
0.173795
-0.116949
-0.458301
1.135817
2.005928
0.152189
-0.994276
-1.289087
-1.430121
-0.369832
1.051671
2.154568
2.929800
1.557390
-1.255331
-1.513018
0.226447
0.635983
0.451948
0.081554
0.801793
1.562129
1.130431
-0.024333
0.040746
-0.082884
-0.958401
-0.290354
0.887982
1.855665
1.899510
0.522521
0.227103
1.323746
1.600885
0.714769
1.062317
1.248197
1.103413
1.494677
0.943039
1.221999
1.490456
0.186094
0.361104
-0.044696
-0.444361
-0.519173
-0.594394
0.668879
1.569966
1.148288
0.833335
0.575625
0.586769
0.580975
0.966751
0.525675
0.367531
0.617588
0.371619
0.116131
0.153449
0.735830
1.212948
1.881150
0.733156
0.237092
0.779315
0.459118
-0.641130
-0.302699
0.106601
0.495964
0.381859
0.393557
-0.244508
-0.468123
0.630140
0.688121
-0.041047
-0.180868
-0.408623
0.252419
-0.198731
0.015802
0.010092
-0.158195
-0.874861
-1.032017
-0.428817
-1.592208
-1.273788
-0.889905
-2.037548
-1.975926
-1.459422
-0.262322
0.333945
-0.690038
-1.906259
-1.198776
-1.093293
-0.900765
-0.648733
-0.786967
-0.896418
-0.870896
-0.884718
-1.901015
-0.641957
1.251743
1.595924
-0.099479
-0.934532
-0.284594
0.054626
0.203309
0.364274
-0.418796
-0.165899
0.229264
0.284655
0.770965
-0.420920
-0.940518
-0.684991
-0.303285
-0.471732
-1.347675
-2.160918
-0.543443
-0.155764
-1.102560
-1.095922
-0.946970
-1.060126
-0.671879
-0.781361
0.091531
-0.569825
-2.189885
-1.216351
-0.495868
-0.428514
-0.797658
-1.526981
-0.713941
-0.802511
-0.668201
-0.795260
0.208278
0.304501
0.166722
0.066947
0.203127
0.694650
0.884110
1.057758
1.362866
1.053164
1.878608
1.016891
-0.680487
-0.732037
-1.153274
-0.881190
-0.803431
-0.676132
-0.523794
-0.023239
0.389648
-0.944286
-1.414926
0.516041
0.753661
-0.664133
-1.184364
-0.185333
0.899926
0.294633
-0.045442
0.130396
0.394567
0.230720
-0.615704
0.047104
-1.004660
-0.919836
0.064178
0.600758
0.923217
0.771806
-0.227388
0.091957
0.243196
-0.069337
-0.441774
-0.838802
-0.981943
0.210494
0.412733
0.036389
-1.222558
-0.471028
0.699207
1.481471
-0.178885
-0.632403
-0.422696
-0.382355
-0.625667
-0.543751
-0.309963
0.211820
-0.316052
-0.416926
-0.098008
1.199194
1.680272
0.670433
-0.044080
-0.786267
0.201617
0.624864
0.846480
0.180341
0.034636
1.067509
0.994448
0.520014
-0.027866
0.133996
1.231926
1.383875
0.673059
-0.266122
-0.216742
-0.179057
0.246873
0.843065
0.325301
0.570001
0.143960
-1.117066
-1.423991
0.142739
-0.063480
-1.011090
-1.033134
-0.055903
0.071253
-0.401532
0.252153
0.852345
