-0.139036
0.230222
0.390865
-0.071653
0.660096
0.670097
0.356259
0.241425
0.052718
0.079909
-0.216187
-0.330577
0.045642
0.297369
0.567767
0.059980
-1.289278
-1.792817
-2.091745
-1.295676
-0.228099
-0.529694
-0.908127
-1.034505
-0.333014
-1.222190
-1.745211
-0.797431
-0.737292
-1.020712
-1.464672
-0.847528
-0.295255
-0.710874
-0.458448
-0.362707
-0.822107
-0.879622
-0.791142
-1.093474
-1.135439
-0.465413
0.065527
0.187157
-0.263959
-0.230392
0.140986
0.410055
0.639182
-0.396410
-0.742250
-0.024142
0.704372
0.019610
0.093251
0.538444
0.299921
0.494822
1.017648
1.239925
2.116999
1.836350
-0.062138
-0.090428
1.110793
1.120292
-0.250121
-0.757515
-0.246568
0.512833
1.170129
0.223585
-0.098277
0.338713
0.144733
0.434752
0.580929
1.007745
1.014878
0.429337
0.946131
0.763759
0.646993
1.252968
1.030769
1.344527
2.444182
2.491534
0.692758
-0.799752
-0.234732
0.616788
1.355896
1.765290
1.407225
1.048627
-0.217429
-0.575598
0.251845
1.311231
1.291001
0.579749
0.238568
0.753835
1.321927
1.666384
1.857002
1.412031
0.537533
0.108173
-0.118461
0.258290
-0.232013
-0.585009
-0.588777
-0.595626
-0.297348
-0.094106
-0.092980
0.432019
1.171508
1.316617
-0.038835
-0.753682
-1.421870
-1.837587
-1.702287
-1.787120
-0.888325
0.353299
1.574927
0.548756
-0.034369
-1.108472
-1.625936
-1.295490
-1.493987
-0.687357
-0.802673
-1.325702
-2.237910
-2.251061
-0.902103
-0.328080
0.044528
0.380527
0.125372
-0.698711
-1.784663
-3.144755
-3.684960
-1.764598
0.615701
1.445109
1.114165
0.783384
-0.201022
-1.091991
-1.005679
-0.040015
-0.142615
-1.560401
-2.010901
-1.946571
-1.201660
-0.359108
-0.523465
-0.491358
-1.212822
-1.014403
-0.313703
-0.585242
-1.107497
-0.476401
-0.122101
-0.161087
-0.631188
-1.934037
-2.220011
-1.696035
-0.478630
-0.406450
-1.041672
-1.211488
-0.985343
-0.189392
-0.121186
-1.117464
-1.392035
-1.472229
-0.688017
-0.070810
-0.880918
-0.713205
-1.229383
-1.268215
-0.341182
-0.058854
0.417984
-0.172171
-0.469005
0.131826
1.385614
2.626317
2.264936
1.243214
0.046352
-0.979634
-0.903028
-0.403503
0.247120
0.321110
0.451688
0.815222
1.421069
2.034711
3.116635
2.606308
0.617976
0.146964
-0.268444
-0.372989
-0.277560
0.258161
1.030951
1.228021
0.358549
0.717150
1.176785
1.011184
0.602902
0.552325
0.723301
0.429379
-0.063045
0.212321
-0.033086
-0.579924
-0.146170
0.411112
1.257876
1.241855
0.902535
-0.014546
-0.533160
-0.427097
0.361567
0.519500
-0.216454
-0.298017
0.673417
0.419712
0.547954
0.577877
-0.326181
-0.669084
-0.074705
-0.265463
0.032024
-0.175986
-1.107857
-0.500253
1.138860
0.687347
-0.558753
-0.768668
-0.324577
-1.017275
-0.747991
-0.495954
-0.688225
-0.382123
-0.594213
-0.538385
0.143580
0.402703
-0.740562
-1.168196
-1.052469
-0.855092
-0.661435
-0.294177
0.003653
-0.808317
0.086532
0.485335
0.082435
-0.854378
-2.043671
-1.330231
-0.449261
0.464731
0.242872
-0.256894
-0.415204
-0.840591
-0.354464
-0.634646
0.615850
1.273698
0.410413
0.175448
0.163879
0.460361
0.772725
0.538839
0.723390
-0.569700
-1.119465
-1.181371
-0.312692
-0.182175
-0.223338
-0.136266
-0.881921
-0.716759
0.244655
0.688925
1.014486
0.194869
0.148658
-0.164171
-0.297108
0.351034
0.723365
0.114884
0.697052
1.119795
0.832396
0.840199
1.291908
0.309543
0.138055
0.285369
-0.274530
-0.717920
0.250988
1.515667
0.286748
-0.272833
-0.393305
-0.976010
-0.016241
0.275897
0.739308
-0.701469
-1.002377
0.012788
0.073543
-0.040362
0.982238
0.955764
0.232493
0.427339
1.098708
-0.161817
-1.020138
-0.192868
-0.295018
-0.453973
-0.591683
-0.475608
-0.334202
-1.281476
-1.190454
-0.294821
-0.377933
-0.589583
-0.683879
0.423991
1.634472
1.480801
1.271823
1.264284
1.468240
1.557807
0.701617
1.052787
0.792896
0.357467
-0.568554
-0.710763
-0.686665
-0.059167
1.108570
0.820463
-0.410517
0.337608
1.279938
1.498357
0.924064
0.127095
0.227168
0.392724
0.771200
-0.325222
-1.182743
-0.939952
-0.144406
0.019029
-0.318004
-0.301319
-0.581007
0.017181
0.862649
0.430202
-0.183527
-1.056143
-0.878245
-0.225712
-0.466995
-0.227180
0.239528
1.275489
1.946208
2.591030
2.213097
0.801551
0.282859
-0.875682
-1.466591
-1.509598
-1.430457
-1.150810
-0.266721
0.321039
0.306975
0.817470
0.172340
-0.349908
0.089311
0.511330
-0.100323
-0.661216
-0.286404
-0.016724
-0.160032
-0.887861
-0.726301
-0.825404
-0.247607
0.708231
0.389326
-0.514557
-1.616696
-1.835397
-1.517074
-0.053212
1.049747
0.322928
-0.523561
-0.590147
-0.227358
0.203256
0.335502
0.182058
0.762554
1.430372
2.578283
3.184311
2.919246
2.686368
2.496709
1.961942
1.610143
0.558096
0.732438
0.974469
1.149589
1.419662
0.914212
0.505580
-0.379011
-0.414903
0.152692
1.346605
2.226870
1.974874
1.847338
1.739956
0.521676
-0.214593
-0.578819
0.228532
-0.202144
-0.057943
0.011149
-0.422384
-0.590746
-0.277650
-0.760579
-1.585376
-1.273809
-1.349747
-1.052925
-1.007719
-0.821919
-0.024433
0.429832
0.878371
1.041237
-0.879798
-1.196965
-0.212725
-0.016115
-0.603773
-0.448515
-0.343244
-0.062639
1.079431
0.805593
-0.363542
-0.770164
-1.366416
-0.771408
0.333360
0.426707
0.134284
-0.078297
-0.157541
-0.019639
1.142221
0.876748
0.034568
-0.708140
-0.746058
-1.492455
-1.185163
-0.576152
-1.128607
-1.382915
-1.425602
-1.909594
-1.469211
-0.985610
-1.131328
-0.656502
-0.557925
-0.809014
-1.054862
-1.091688
-1.112404
-1.169365
-1.773815
-1.579814
-1.295466
-1.347259
-1.223949
-1.368052
-0.559556
0.132485
0.082559
-0.627872
-1.989525
-1.953151
-1.252368
-1.074651
-1.733423
-2.314843
-1.986367
-1.356088
-0.912742
-1.023581
-0.912174
-2.480611
-3.785030
-2.687574
-1.390069
0.494394
-0.277926
-1.788193
-1.915585
-1.119415
-0.346640
0.111633
0.597360
0.686841
0.445233
0.781428
0.544585
0.755095
1.110948
0.533472
0.928639
1.576718
1.466338
1.885543
1.938595
2.262187
2.338612
1.139598
0.717150
0.595646
0.831439
0.566732
-0.290708
-0.600382
0.802199
2.109504
1.986541
0.630285
0.882450
0.470905
0.950272
1.162506
1.573539
2.327832
1.403870
0.402591
-0.125873
0.425426
0.682112
0.792894
1.710024
1.850614
0.861422
0.247528
-1.085371
-0.601439
0.647269
0.280930
-0.399224
-0.166880
0.033001
-0.664885
-0.507263
0.412606
0.861289
-0.355161
-0.565001
0.381466
0.656733
-0.332111
-0.464301
-0.327775
-0.021320
0.261205
-0.088184
0.213431
-0.232710
-1.063732
-1.114067
-0.012368
-0.017654
0.059166
0.819411
0.142156
-0.157419
0.273836
0.454419
0.073757
-0.575947
-0.284971
0.932020
1.592503
1.152873
-0.069153
-1.439198
-0.908567
0.279753
0.450051
-0.918708
-0.534293
0.056495
0.810960
0.058652
-0.353800
-0.556489
-0.280992
-0.567617
-1.023204
-0.645911
-0.333802
0.418923
1.060841
0.120018
-0.404746
-0.771879
-0.521348
-0.002106
-0.236687
-0.863300
-1.137507
-0.535108
-0.393035
-0.344354
-0.738358
-1.107896
-0.478715
-0.058851
0.053608
-0.694524
-1.409672
-1.399852
-0.938743
-0.187325
0.098090
0.240259
0.937706
1.162612
1.376392
1.252214
0.922927
0.304194
0.560101
0.796484
1.269816
1.337802
-0.036041
-0.497710
0.082744
0.785442
0.703287
1.561385
1.024627
0.582096
1.875863
2.439892
1.966925
1.349325
0.389042
-0.017309
0.909762
1.382143
2.217746
3.016590
2.702090
1.412204
0.729884
0.995714
0.781977
0.242821
0.769545
0.863198
2.135056
3.032708
2.342485
2.954813
2.463225
1.505756
0.731518
0.205819
-0.514999
-0.577218
-0.050996
1.285531
1.759490
1.885558
2.328767
2.332579
1.676265
0.848935
0.004109
-1.516769
-2.466059
-1.394604
-0.157794
0.486058
-0.844092
-1.586792
0.205985
0.569388
0.953944
1.246934
1.520849
0.790263
0.314659
0.925385
0.963074
0.852362
0.005630
-0.027338
0.071236
0.413921
0.155654
-0.183922
0.679483
1.099524
1.909760
2.770566
2.919651
1.652106
0.822442
1.011033
0.342994
0.738580
0.804398
1.197201
0.814692
0.757258
0.531001
0.950281
0.763139
0.809694
1.088343
-0.308394
-1.128982
0.291902
1.053702
0.519695
0.186125
-0.138255
0.216705
0.718536
0.523404
0.061127
0.011059
-0.417231
-0.525910
0.852175
1.528510
1.341838
1.401159
1.333726
-0.106156
-0.339064
-0.034634
0.279948
0.520384
0.877482
0.788263
0.246755
0.251214
0.263533
-0.606957
-1.213041
-1.635282
-1.215606
-0.730942
-1.233818
-1.564174
-1.025711
-0.839656
-1.424370
-0.658493
-0.494637
-0.468187
-0.338999
0.003863
-0.122536
-0.249096
-1.050293
-0.277642
-0.019064
0.135585
0.607614
0.313148
1.173543
0.170197
-0.975856
0.148856
0.182794
0.397909
-0.403478
-0.435367
0.244010
-0.204373
-0.270976
-0.349940
-0.334416
-0.527127
-1.186524
-1.835604
-1.498148
-1.259640
-0.920954
0.501220
0.838214
0.356018
-0.390290
0.053835
-0.057757
-0.949622
-1.319978
-1.087190
-0.442405
-0.226628
-0.077809
-1.075240
-1.163178
0.023760
0.420927
-0.792571
-1.307266
-0.910135
-0.179921
0.077470
-0.014559
0.375831
0.032039
-0.578638
0.481055
0.926716
-0.518450
-0.328364
0.354001
-0.448965
-1.055070
-1.763867
-1.949267
-0.601487
0.690106
-0.226589
-0.737189
0.224166
0.320437
0.199428
-0.038236
-0.187775
-0.229820
-0.349969
0.063534
0.132611
0.022942
0.313768
-0.144191
-0.489445
-0.367112
0.569343
0.656819
0.585046
0.099923
-0.533786
-0.754830
-1.188420
-0.718589
-0.593041
-0.992372
-1.350056
-1.016201
-1.878878
-1.517556
-0.998616
-1.546313
-1.624768
-0.422232
-0.215163
-0.664841
-1.103860
0.417105
0.842227
0.031651
-0.241161
-0.958361
-1.506146
-1.156507
-1.460777
-1.892472
-0.709213
-0.221698
-0.274765
-0.346900
-0.725343
-0.981844
-0.458330
-0.583622
-2.102722
-2.033196
-2.106956
-1.624061
0.135692
0.391484
-0.227406
-0.560361
0.234353
0.393052
0.329882
0.792084
0.018184
0.402628
0.499722
-0.243710
-0.134627
-0.030197
0.849775
0.994639
0.328698
-0.647536
-0.367129
0.367618
0.050177
-1.300341
-1.661529
-0.636681
-0.767168
-0.657980
-0.119099
-0.729190
-0.087409
0.526595
0.766257
0.988351
0.728036
-0.227146
-0.091621
0.693609
0.795346
1.083679
1.026830
-0.099458
-0.463100
-2.451091
-2.610120
0.060629
0.649362
0.252398
0.288983
-0.039036
-0.120481
0.594420
-0.102037
-0.288106
0.160890
0.442002
-0.273003
-0.170926
0.911635
0.856035
-0.182497
-0.454767
-0.547371
-0.317088
0.423861
0.926116
