0.180620
0.857122
0.847782
0.487275
0.764180
0.999318
0.588497
0.013046
-0.477456
-0.463096
-0.157776
-0.071231
-0.008393
0.560698
0.878253
0.422205
-0.847243
-1.501056
-1.880344
-1.051813
-0.533226
-0.038169
-0.123325
-0.516580
-0.035168
-0.482300
-0.937792
-0.162370
0.364437
0.011086
-0.097169
0.004355
0.254117
0.580941
0.463377
-0.478379
-1.077207
-0.526565
-0.422789
-0.989786
-0.590291
-0.213263
-0.206252
-0.480360
-0.623535
0.079747
0.804509
0.707702
0.089707
-0.369441
0.267115
0.114236
-0.064692
-0.269999
-0.152126
0.632074
0.099003
0.355043
0.587631
0.412947
0.622336
-0.153243
-1.491704
-1.749622
-0.206389
1.141355
0.264772
-1.494121
-1.747643
-0.794353
-0.413656
-1.423122
-2.250242
-1.011436
-0.146605
0.024907
-0.231642
0.077842
0.302881
0.476484
0.930734
0.441616
-0.149277
-0.284391
0.545339
1.440479
2.182582
1.121761
-0.098719
-0.682246
-0.148316
0.507102
1.015874
0.903958
-0.452737
-0.703130
-0.100683
0.598549
1.237124
2.125681
1.628804
1.135399
0.493902
0.494353
0.547748
0.531881
0.317815
0.876306
1.095793
1.182817
0.206272
0.008021
-0.138410
0.737862
0.503982
0.285845
0.225445
0.040020
-0.168174
0.486364
1.192181
0.502026
0.108928
0.101807
-0.102402
0.243861
0.399452
0.064594
0.359704
1.082234
1.295395
0.861064
0.592400
1.447126
1.876158
1.600703
0.410559
-0.561658
-0.705428
-0.473392
-0.968881
-0.565859
-0.206866
0.102489
0.809155
1.260647
1.152132
0.301657
-0.658967
-2.871720
-3.125843
-1.550679
0.394977
1.487675
1.788628
1.572837
0.509531
-0.430759
-0.552220
-0.167317
0.163109
0.321090
-0.279512
-1.751410
-1.890294
-1.239552
-1.012174
-0.533298
0.105988
0.582679
1.226955
0.646320
-0.011222
-0.305076
-0.511777
-0.770025
-0.930277
-1.703218
-1.398239
-0.051140
0.196014
0.102437
-0.289820
-0.298453
-0.232641
0.589185
0.929410
0.990623
0.380109
-0.446498
-0.568905
-0.186149
0.100678
0.126210
-0.320763
-0.382181
-0.510206
0.090506
0.711073
-0.037745
-0.643515
-0.791556
-0.073379
1.106388
1.101088
1.091522
0.653950
1.123425
1.022356
0.780585
0.458944
-0.332922
-1.041171
-1.046280
-0.697137
1.010607
2.627724
2.855924
1.634820
1.440815
1.132536
0.321207
-0.469987
-0.679598
-0.548140
-0.263339
-0.050546
0.822299
1.440968
1.941460
2.120095
1.618390
1.831554
1.674685
0.962853
-0.062340
-1.265354
-1.508339
-0.483217
0.473325
1.568010
1.770682
1.131638
1.520682
1.319398
0.109283
-0.701700
-1.382380
-1.461450
-0.914732
-0.319418
0.293988
0.676519
-0.412455
-1.598252
-1.193723
-0.433213
-0.625411
-0.902935
-1.410997
-1.511665
-0.963762
-0.865434
-1.218720
-1.259341
-1.075758
-1.641793
-2.295766
-1.717875
-0.748782
-1.217586
-1.707025
-1.984473
-1.233949
-0.331586
-0.008527
-0.608451
-0.748413
-0.604131
-0.803347
-1.223200
-1.184697
-0.571150
-0.692924
0.029571
0.500706
0.411121
-0.573163
-0.988308
-0.079338
-0.035565
0.514103
0.047439
-1.079595
-1.106294
-0.759126
-0.356225
-0.934588
-1.117725
-0.919972
-0.909063
-0.769737
-0.587523
-0.650154
-0.457354
0.135145
0.149100
-0.840724
-1.552103
-1.871424
-1.443498
-1.470768
-1.712169
-1.819746
-1.249522
-0.185588
0.855553
1.238926
1.435195
0.132035
-0.619504
-0.786874
-1.384901
-1.434855
-1.206327
-0.655119
0.319347
1.337307
0.965982
0.046053
-0.497502
-0.438439
0.447921
-0.036356
-1.448203
-2.191075
-0.898204
0.985884
0.724485
0.609970
0.237170
-0.030992
0.746418
0.874965
0.326438
-0.611818
-0.986973
-1.050778
-1.623477
-0.855163
0.465280
0.929718
1.566994
2.471342
2.463328
1.278492
-0.289048
0.133036
-0.478726
-2.084648
-2.688560
-1.862612
-1.011951
-0.431324
-0.082125
0.425175
0.570270
0.306397
0.182323
0.954236
1.146986
-0.190400
-1.335036
-1.363975
-0.428707
1.025396
1.077716
0.880095
0.739690
0.380372
0.751864
0.594099
-0.030785
-0.106479
0.497969
-0.293669
-0.976787
0.420675
1.850729
2.784555
2.278137
1.481138
1.141115
1.111848
0.509556
-0.673853
-1.795088
-1.944219
-0.913300
0.042985
-0.199999
0.220494
0.500642
0.814161
1.271969
0.713257
-0.516758
-1.414603
-1.428506
-1.486013
-0.463956
0.529061
0.717745
0.496277
0.919718
1.527139
1.017008
0.730941
0.254784
-1.025522
-1.107363
-1.174052
-1.310880
-1.630172
-1.156891
-0.823851
-0.160463
0.037211
0.097434
0.323908
0.203539
-0.154342
-0.720365
-0.529067
-0.219243
-0.550984
-1.449653
-2.180301
-1.972232
-0.975909
-0.196949
0.149718
0.171388
-0.313633
-0.403964
-0.709149
-0.993292
-0.648537
-0.773368
-1.247250
-1.031811
-0.230886
0.895959
1.026587
0.791776
0.155179
-0.253901
-0.521474
0.032099
1.062388
1.890747
2.497596
2.051343
0.461497
-0.022632
0.407854
0.854372
0.939989
0.948720
0.394823
-0.306965
-1.045583
-1.054724
0.020208
1.225310
1.888363
1.682402
1.139157
1.419021
1.939990
1.495264
0.773912
-0.145029
-0.219160
-0.310809
0.517388
0.806640
0.678842
0.698120
0.708331
0.754659
0.525692
-0.415341
-1.158239
-0.768704
0.197803
0.907343
1.030541
0.935443
1.075437
0.846222
-0.088006
-0.293350
0.311395
-0.111445
-0.215265
-0.218270
0.580938
0.943806
0.867765
0.290670
0.110317
0.002998
-1.205117
-1.766587
-0.566348
0.008367
0.350838
0.537633
-0.052078
-0.102796
0.946048
1.256959
1.064998
0.093441
-1.099631
-2.056115
-2.118516
-1.994611
-1.792793
-1.461405
-1.966342
-2.583047
-1.804489
-0.756271
-0.715297
-0.549110
-0.400290
-0.942404
-1.058833
-0.888523
-0.894855
-0.978942
-1.116877
-1.071513
-0.468217
-0.323213
-0.837417
-0.794430
-0.205597
-0.194375
-0.237145
-0.939213
-1.569246
-0.855958
-0.172387
-0.167042
-0.555916
-0.835504
0.038853
0.628010
0.519321
-0.031571
0.552617
0.778100
-0.251856
-0.861533
-0.953364
0.387097
1.185802
1.235086
0.866641
1.249916
2.003967
1.651941
1.124767
0.581391
-0.158606
0.496232
0.862377
0.292729
0.533456
1.084216
1.131595
0.845866
0.479091
-0.124572
-1.191180
-1.462197
-1.366915
-1.329287
-0.539624
-0.239345
0.290315
-0.046212
-0.034551
0.031171
0.496054
1.038745
0.223993
-0.870569
-0.556183
-0.407892
0.228834
0.964824
1.045010
0.898150
0.820433
1.098087
0.864969
0.700790
0.143230
0.497479
0.992502
0.722490
0.144141
-0.640792
-1.038339
0.029854
0.754724
0.265406
0.052803
0.368551
0.624269
0.173422
-0.723779
-0.428448
0.576242
1.037442
1.037514
0.711071
0.163716
-0.440233
-0.179309
0.200523
-0.321027
0.018167
-0.410923
-0.447603
-0.139279
0.114943
-0.596211
-0.290340
-0.080798
-0.004547
-0.137400
0.124980
0.609507
-0.175714
-0.598986
-0.451227
-1.025543
-0.414073
0.913142
1.985203
1.456594
0.116766
-0.301038
-0.071745
0.348544
0.115614
-0.758863
-0.482704
0.286399
0.794821
0.708373
-0.277216
-0.516890
-0.179929
-0.366758
-0.718624
-0.654433
-0.455390
-0.178364
-0.275201
-0.360963
-0.353763
-0.398774
-0.512157
0.573982
-0.196383
-1.435860
-2.197031
-1.419921
-0.339162
-0.475059
-0.560066
-0.365866
-0.138704
0.397828
0.924730
0.385191
-0.525970
-1.391291
-1.700503
-0.992862
-0.617470
-1.324330
-1.548487
-1.242013
-0.510691
0.441294
0.882265
0.994938
-0.192476
-0.552659
-0.388312
-0.748866
-0.522939
-0.240500
-0.158712
-0.350203
-0.256102
0.171903
0.393314
0.732134
1.316743
1.155274
0.552315
-0.001449
-0.550229
-0.434542
0.289054
1.152920
2.895205
3.458935
2.143682
1.111973
0.700166
1.057728
1.917556
1.906884
1.908703
2.070880
2.359890
2.614365
2.402278
2.733470
2.317093
1.287537
0.283051
0.033766
-0.006821
0.354387
0.604126
1.458267
1.636444
2.068327
2.430813
1.918715
1.028462
0.625945
-0.224161
-1.759724
-2.569662
-2.091767
-0.726861
-0.730103
-0.881970
-1.192090
-0.227709
-0.187366
-0.552829
-0.397343
-0.749725
-0.370334
-0.295327
0.485585
0.977866
0.826877
0.596647
0.549041
0.920633
1.386930
1.032416
0.124658
0.113877
0.447501
1.509694
2.635134
3.286015
3.231674
2.813177
1.031213
0.159239
0.868566
1.638125
2.160303
1.867092
1.101450
1.035513
0.693699
0.224709
0.498884
0.400973
-0.292296
0.014054
1.169693
1.935915
1.080023
0.880281
1.537047
2.182683
1.511515
0.364602
0.639768
1.009614
0.672329
0.536835
0.990640
1.434164
1.424078
1.281903
1.420501
1.321818
0.560074
0.500839
0.886507
0.996210
1.487034
1.153154
1.126447
1.145019
0.931219
0.258674
-0.326508
-0.007763
0.089666
-0.380303
-1.020351
-0.777351
-0.079841
0.158613
-0.576865
-0.047791
-0.066151
0.431684
0.415712
-0.060480
-0.486333
-0.218367
-0.116935
0.636651
0.768973
1.000860
0.940958
1.209221
1.410852
0.788799
0.211453
0.546059
0.365725
-0.001473
-0.581344
-0.411497
-0.415996
-0.103951
-0.226083
-0.795832
-0.763519
-0.794093
-0.541971
-0.238017
-0.478812
-1.097915
-1.134247
-0.186397
0.731035
0.142882
-0.374837
-0.705224
-0.399057
-0.023969
-0.047104
-0.379136
-0.688467
-0.222966
-0.456557
-1.038646
-0.709634
0.121814
0.394332
0.610436
-0.050706
-0.426678
-0.380734
0.182284
0.532381
0.357648
-0.555344
-0.910398
-0.421246
-0.036215
-1.202581
-1.168700
-0.743708
-1.109439
-1.242747
-1.713706
-2.134932
-1.522240
-0.992634
-1.519627
-1.737018
-1.396433
-0.818089
-0.510680
-0.820013
-0.796828
-0.429875
-0.376740
-0.496493
-1.261924
-0.985881
-1.055563
-1.410386
-1.211923
-1.504699
-0.730414
-0.163079
0.186218
-0.405555
-1.182608
-1.038944
-0.931119
-0.764601
-0.837235
-1.367686
-1.348770
-1.148673
-0.940412
-1.399974
-1.853374
-1.894191
-1.782428
-1.121702
-1.282736
-1.181942
-0.838743
-0.219741
0.107178
-0.726368
-0.653723
-0.460706
-0.940456
-1.840425
-1.807266
-1.461317
-1.047270
-1.081241
-0.905282
-0.320741
-0.556888
-0.463952
-0.243532
-0.386712
-1.442134
-1.152302
-0.818420
-0.616275
0.307001
0.187098
-0.381383
-0.573845
0.436512
0.857019
1.007438
1.138373
1.025032
1.301232
1.238711
0.495416
-0.056092
-0.129002
0.574930
0.749003
-0.342979
-0.924738
-0.758695
-0.281438
-0.696758
-1.745130
-1.559976
-0.924232
-0.896879
-0.754103
-0.056295
0.080202
0.238449
0.997441
1.099659
0.957297
0.848884
0.070769
0.246247
1.054706
1.384631
1.757156
1.254014
0.433047
-0.891366
-1.208498
-1.007132
0.003788
0.999542
1.369164
1.185594
0.770139
0.662088
1.134128
0.278876
0.249980
0.803249
0.250081
-0.883546
-0.310968
-0.251602
-0.333948
-0.574115
-1.581460
-1.703426
-0.519269
0.888920
1.141476
