2.423485
0.727658
-1.202537
-0.182921
-0.332853
0.252783
0.290227
0.735418
1.105147
0.372076
-0.723605
0.297558
0.709578
-0.164709
-0.436294
-0.035867
-0.762972
0.596956
2.564142
0.949829
-1.131998
-1.080981
-0.535103
-1.248058
-0.668330
0.452186
0.258352
-1.567842
-0.927471
-0.476040
-0.777363
-0.092269
-0.246191
-0.509503
-0.231154
-0.898409
-0.638606
-0.695904
0.169311
0.978152
1.122185
2.059352
0.923172
-0.476710
0.366848
1.362615
1.386289
-0.232061
-0.550389
0.989606
2.144389
0.633999
0.672926
1.064657
0.376610
-0.279191
-0.159084
0.055412
1.015094
1.837349
0.320357
-1.143010
0.591819
0.560414
1.312815
0.940322
-0.572557
0.398149
0.582332
-1.065226
-0.911083
-0.422197
0.749755
1.422631
1.399739
-1.538718
-0.228291
-1.095093
-1.660773
1.326112
1.512113
1.506763
0.802603
-0.631352
-1.260056
0.037369
-0.088065
-1.758313
-0.677747
0.163491
0.208702
-0.575250
-0.525478
0.497063
1.634251
-0.292038
0.032650
0.205006
0.158345
0.949521
1.122350
1.106318
-0.230931
-1.386335
-1.332060
-0.758163
-0.928565
0.875621
0.483063
-1.519156
-0.234882
0.566370
-0.938283
-1.518855
-0.947573
1.532638
1.095839
-0.786150
-0.786759
-2.119102
-0.724582
2.498008
3.297027
0.972278
-0.146907
-0.604650
-0.644156
-0.162767
-0.131956
-0.678105
0.291224
0.307731
-0.532972
0.194448
-0.565888
-0.962314
-0.409075
0.674042
0.162990
-0.416601
-0.659541
-0.287275
0.250858
1.073882
-0.621935
-1.211192
-2.450122
-1.443478
0.997341
2.179041
1.774702
-0.700092
-1.135154
-1.563323
-1.171257
0.763447
0.445106
-0.344988
-1.205682
-1.101607
-0.451360
-1.248049
-1.742430
0.817606
1.638055
-0.497370
-1.635545
-2.173355
0.284054
1.078048
-0.824540
-1.506094
-0.744292
-0.048345
-0.806911
-1.426641
1.118604
1.975939
-2.170838
-1.975995
-0.442260
-1.325331
-0.491831
0.471530
1.487705
-0.125871
-1.012387
-0.773090
-1.071344
-0.385928
-0.666240
0.201961
1.414929
-2.043278
-2.995638
-1.121662
-1.057610
0.784169
2.267296
1.422637
0.903396
0.230715
-0.299111
1.067053
2.006457
1.265495
0.902825
0.726111
0.232881
-0.556930
0.168138
1.398414
2.498065
0.796909
0.123276
0.413939
0.076384
0.662612
0.381770
-0.133632
1.322234
1.208052
-0.789881
1.143564
1.610001
1.057130
0.672045
-1.033708
1.002107
1.578668
0.165175
0.491119
0.489382
0.739490
-0.942230
-1.206380
-0.711863
-0.168889
0.690054
-0.420543
-0.826796
0.879035
0.118527
-0.704359
-1.471575
-1.735935
-1.624628
-1.259660
-0.537063
-0.816319
-0.511459
-0.607180
-0.464818
0.144811
0.298704
-0.265045
-1.140116
0.173658
1.458683
0.656955
-0.178537
0.877120
0.773158
0.656836
-0.528424
-0.952951
0.498539
0.305983
0.793615
-0.839876
-1.626906
-0.523846
-0.565915
-0.505814
-0.713793
-1.000697
-0.728377
-0.812660
-1.450149
-1.805657
-0.442431
-1.187717
-0.285259
1.686077
1.331395
-0.903306
-1.537352
-0.848156
-0.055157
0.542417
-0.211550
-0.548801
0.157812
2.484190
2.315944
0.313422
0.275716
0.731747
-0.566882
-0.226248
0.351276
0.858368
1.040776
-0.164086
-0.204075
0.303270
-0.641880
-1.304720
-0.953654
0.321000
2.240864
1.423599
-0.158860
-0.446167
-0.882480
-0.119980
-0.211096
-1.065979
-0.897946
0.690285
1.791809
0.869999
-0.620063
0.094788
0.126950
-0.161781
-0.285299
0.177461
1.775416
1.981203
2.290201
0.824135
-1.088013
0.033017
0.950094
-0.121268
0.367691
0.227352
0.596090
1.710578
1.385322
0.928143
0.074768
-0.365091
0.534176
1.046069
0.520510
0.497566
1.711245
1.390458
0.603970
-0.390470
-0.807537
-0.781830
0.531468
-0.093376
-0.847217
-1.086347
0.146460
1.512315
0.783089
0.144054
1.832133
0.017348
0.116557
1.485398
0.240325
-0.377667
-0.672920
-0.792075
-0.025713
-0.383088
-0.424504
-1.004609
-0.588551
-0.107032
0.473694
-0.864778
-1.147661
-0.667876
-0.542086
-1.085798
-0.869405
-0.943539
-1.950922
-0.357631
1.728837
-0.124773
-1.381513
-1.329543
-1.390702
-0.548051
0.140379
-0.823056
-1.366067
-0.279458
0.308193
-0.187397
-0.650470
-0.289672
-0.465745
0.516873
0.595029
0.682674
1.227921
0.559141
-0.885417
-1.083361
-0.117965
0.795133
0.337635
0.600124
-0.229865
0.147495
1.653425
2.557036
1.377253
0.205332
0.594570
0.465987
0.386388
1.681064
1.579421
2.081379
2.482591
1.021847
1.004377
1.187118
0.283165
1.428912
1.916491
-0.488649
0.176615
1.469113
0.918331
-0.505908
-0.274501
0.264597
1.017674
0.523635
0.773625
0.679074
1.094861
1.244270
-0.737820
-0.975946
-0.237720
0.227119
0.868552
0.063586
0.090821
0.592270
-0.729476
0.125986
0.074736
-0.287121
0.934636
0.525029
0.073850
1.122166
0.246781
-1.353151
0.157908
-0.239565
-0.240433
0.512409
0.513501
0.589734
0.590752
0.316024
1.105793
1.610672
0.439985
0.016156
-1.467867
-0.917880
1.203627
1.499429
0.209782
-0.673665
-0.105359
0.421649
-0.171393
1.869274
-0.523983
-1.318655
-0.281594
0.582408
0.777596
-0.033255
-0.566552
-1.277549
0.216352
1.470003
0.456043
-0.262625
0.896529
0.821453
1.133288
1.052928
1.231892
1.028459
0.872565
0.618031
0.836289
0.381048
0.358149
1.049553
0.210105
-0.637132
0.592847
0.452479
0.199079
-1.034480
0.770440
0.649705
-0.972162
-0.153303
-1.539312
-1.046201
-0.510077
-0.758947
0.673700
1.658609
2.372787
0.611718
-0.212955
-0.254907
-0.541269
-0.196996
0.289593
0.434730
1.048358
-0.187152
-1.948572
-0.195144
-1.011571
-1.097427
0.156977
-0.111246
-0.534218
0.014522
0.910679
1.013230
0.075709
-0.952957
-0.242522
-0.297174
-0.074066
-0.712412
-0.907372
0.375018
0.549563
-0.380987
-0.149089
-2.248449
-0.520137
0.665720
-0.554255
0.190582
-0.645619
-2.069518
-1.814217
-1.882043
-1.509972
-1.224084
-1.158715
-0.111606
1.007916
-0.421255
-1.896013
-2.422324
-2.312971
-0.499409
-0.752064
-0.018551
0.844984
0.767347
0.181128
-0.272374
-1.579291
-1.186900
-0.095056
0.343621
0.485718
1.321687
1.405884
-0.447573
-0.853481
-0.768642
0.585277
1.076679
-0.208205
-0.139849
0.141789
2.067303
2.871759
-1.132679
-1.600313
-0.014110
0.214193
0.494123
-1.685480
-1.158895
0.605092
1.251027
1.318527
-0.084525
-0.233806
-0.243110
-0.785807
-1.651808
-1.910939
0.828002
2.324666
0.270857
-0.599347
0.420957
-0.193700
-0.731057
-0.367001
-0.159812
0.668923
-0.067690
-0.647169
-0.283474
-0.225506
0.081065
-0.308009
1.560066
-0.269420
-2.645033
-2.013519
-0.433850
-0.663447
-0.321373
-0.197379
1.137442
0.510022
-0.747557
0.060086
0.001413
-0.122729
0.638386
1.109498
0.225158
-0.334220
0.103958
-0.376738
0.586972
1.320021
0.213890
-0.615930
-0.227173
-0.838360
-0.371659
0.001077
0.018827
0.606068
1.343095
-0.957505
-1.702471
-1.853070
-0.052814
0.399888
-0.621229
0.073710
0.996003
1.111203
0.800475
0.870191
0.708898
-1.055966
-0.412809
0.875272
0.792143
0.402058
1.914317
1.423575
-0.105716
0.021548
-0.672164
-1.363348
-1.081369
0.415059
-0.109177
-1.115478
-0.183256
-0.841233
-0.759993
0.522247
-0.492285
-0.325813
0.640790
-1.146428
-2.226460
-0.571834
1.691680
1.697081
1.176965
3.517976
2.232056
-0.809014
-1.494945
-1.984433
-0.766283
-0.818213
-1.508788
-2.066941
-0.085098
0.172499
-0.969034
-0.482028
0.658400
0.062543
-1.194769
-1.685854
-1.255090
-1.586779
-2.079853
-1.036436
0.817249
2.035962
1.978438
0.986120
0.913648
-0.196901
-1.424369
-1.031714
-2.272382
-1.937143
-1.002484
-0.994157
0.443676
1.275628
-1.370474
-2.133933
-1.647499
-1.423507
-0.945803
-0.842051
1.452559
0.848708
-0.177089
-0.364645
-0.615660
-0.668866
-1.685447
-0.815096
-0.608872
-0.752870
-0.133499
0.080571
0.319501
0.424943
1.035236
-0.470992
-0.917534
-1.046030
-1.096972
-0.073709
2.623280
2.085994
-1.420991
-1.687609
-0.576984
-0.147389
-0.621355
-1.154057
0.065552
1.624624
1.205921
-0.412016
-0.611735
-0.702264
-0.882108
-0.884942
-0.423327
-0.489002
1.608290
0.238915
-0.780499
1.370131
0.432286
-1.261280
-1.204230
-0.367914
-0.702639
-1.121612
-0.032547
0.100242
0.561946
-0.409984
0.217161
-1.197061
-0.440145
0.181977
-0.737839
0.102217
-0.112223
-0.864612
-0.259668
1.669280
-0.077407
-1.441244
-0.225186
1.253217
0.781582
1.618502
0.265279
-0.139554
0.802315
1.824797
0.409345
-0.985425
0.100346
0.245848
0.596014
0.666749
1.056616
2.298187
0.550755
-0.403737
0.568442
-0.201699
-0.867099
0.394489
-0.291562
-0.525233
1.024978
-0.680521
-2.193090
-1.221420
-0.911991
-0.256108
-0.457249
-0.047650
0.089213
0.471700
0.529432
-0.182799
-0.495720
-0.597527
-1.655688
-1.489672
-0.393918
-0.907655
-0.146838
0.851605
-0.415041
-1.279673
-1.816496
0.332721
0.404415
-0.586681
-0.604179
0.432994
0.939196
0.089239
-0.469959
-1.639610
-1.791293
-1.745881
-1.755334
-0.529123
-0.534251
1.035101
1.210145
-0.093059
-0.916877
0.532776
0.025879
-1.145427
-1.747113
-1.303743
-0.396445
-0.344800
-0.757743
-0.906453
0.528849
-0.262938
-1.354056
-0.587217
-0.581203
0.239870
0.089339
0.180670
0.267206
0.699653
0.515070
0.417413
-0.329811
0.923493
0.664474
-0.659415
-1.053803
-0.216884
-0.691734
0.058195
0.613784
0.762876
0.085365
0.415797
0.235685
-0.233840
-0.128824
0.118008
-0.526988
-0.499618
-0.733985
-0.864799
0.547271
1.575927
1.841877
1.396809
0.123301
-0.445804
-0.693079
-0.427069
-0.140296
0.163973
0.389635
0.258811
1.357778
-0.461364
-1.284125
-0.952307
-0.624895
-0.641724
-0.272041
-0.073128
1.096874
0.521845
0.875266
0.789988
0.393820
-0.912054
-1.027358
-0.557139
-0.600732
0.059904
0.124204
-0.365509
1.331775
0.726522
-0.034436
0.398503
1.452218
1.417650
-0.534396
-0.787705
0.471884
0.624456
0.918906
-0.225425
-0.366367
-0.704636
-0.433115
0.828437
-0.940336
-0.145191
1.478405
0.028123
0.233056
1.112474
0.331071
0.451526
-0.759004
0.111109
0.152062
-0.320312
2.498825
1.856604
-0.136900
0.066418
1.568764
0.452083
-0.626982
-0.129781
1.067964
2.058974
0.564413
-0.789404
-0.038522
0.012719
-0.824434
-1.570661
0.432394
-0.391003
0.291533
2.085962
0.988174
0.317100
0.410513
-0.206034
-1.065435
-0.949714
-0.248471
1.027161
0.363552
0.148579
1.589825
1.994314
1.110193
-0.156998
-1.168479
0.022152
-0.149525
-1.005060
0.167840
2.074005
2.636325
0.646017
-1.146702
-0.405513
0.090822
1.094530
0.651640
-1.067330
1.694608
2.167273
-0.450723
-0.399851
-0.044072
