0.007871
0.196404
0.512688
0.730617
0.437128
-0.376381
-0.179583
0.203057
-0.302201
-0.273848
0.101280
0.814387
1.003933
0.417054
-0.474836
-0.459889
-0.591009
-1.232852
-1.681986
-1.094153
-0.743599
-0.370514
-1.053599
-1.666392
-1.003509
-0.204991
0.286837
-0.130536
-1.390857
-1.496676
-1.261848
-0.508368
-1.628322
-2.183883
-0.627737
0.280248
0.338957
0.454308
0.539547
0.082444
0.206195
0.682521
0.529056
0.148869
-0.278350
0.742155
0.762469
0.359162
0.414765
0.256932
0.755681
0.774336
0.313961
-0.337003
-0.269951
-0.010574
-0.071955
0.935473
1.595786
1.150188
0.833984
0.234622
-0.414205
-0.935034
-0.782155
-0.279256
-0.098123
-0.580655
-0.751575
0.136829
0.598589
-0.133501
-0.772289
-0.029312
1.267915
0.717567
0.197782
-0.053410
0.283438
0.710779
0.870671
0.866072
0.919274
0.839024
0.133983
0.261529
0.976775
1.022652
0.140680
-0.453151
0.079561
0.722631
1.259250
1.479636
1.304988
1.130662
0.751308
-0.088301
0.694763
1.868709
1.687824
0.851093
0.689368
0.354697
0.730579
1.553118
1.406614
1.969637
1.467721
-0.088697
-0.630949
0.057771
-0.083260
-0.253050
-0.255846
0.888312
1.171303
0.705972
0.046984
-0.933580
-0.722629
0.565727
1.087928
1.065099
-0.061480
-1.607212
-2.135072
-2.873537
-2.847105
-0.847289
1.302778
1.481584
0.758954
-0.426526
-2.067730
-2.573174
-1.603659
-1.495752
-1.441319
-0.457909
-1.325176
-1.992870
-1.201159
-0.493725
-0.469817
-0.482452
-0.395085
-0.846693
-1.053264
-1.848308
-2.689804
-1.853899
-0.252409
0.860967
1.033395
0.391770
-0.046459
-0.561040
-0.971568
-0.223659
-0.158551
-0.843349
-1.432921
-1.207753
-0.831842
-0.362715
-0.353312
-0.321829
-0.514123
-1.642329
-1.466964
-0.406781
-0.410353
-0.305980
-0.134958
-0.503004
-1.278371
-1.858230
-1.307250
-0.316741
-0.315363
-0.415924
-1.839475
-1.999119
-0.961065
0.121218
0.182280
-1.587392
-2.502220
-2.406917
-0.343264
0.402998
-0.694384
-1.362241
-2.345462
-1.722402
-0.844261
0.080360
0.861358
0.299860
0.841292
1.250768
1.618434
1.804928
0.472507
-0.658210
-0.805321
0.195075
0.758796
0.902978
1.032368
0.279091
0.072060
1.243597
2.804500
2.889828
2.270403
1.622050
0.722154
0.443766
0.378228
0.115467
0.373548
1.212333
2.107095
1.961152
0.313220
-0.000646
0.596903
0.598676
-0.287172
-0.006841
1.308570
0.700375
-0.415870
-0.149115
0.440590
0.907295
0.657900
-0.296688
0.671022
1.149570
0.495887
-1.034464
-2.023150
-1.591921
-0.508572
-0.194861
-0.726050
-1.130697
-0.374825
0.365968
0.982202
0.847714
0.486138
0.330811
0.730910
1.037109
1.318546
0.958685
1.392837
1.970985
2.046238
1.452420
0.927497
0.068749
0.493286
0.492409
0.088479
-0.657110
-0.839722
-0.220872
0.236820
0.123862
0.274314
0.192336
-1.055092
-2.115290
-2.004866
-0.499631
0.507576
-0.462223
-1.003518
-1.284375
-0.436949
-0.217830
-0.927550
-1.487263
-1.134921
-0.127451
-0.775512
-0.900774
-1.116467
-0.927655
0.573905
0.663424
0.301779
0.199902
0.729773
1.022611
1.189795
0.802583
0.630140
-0.240863
-0.439853
0.160846
0.006908
-0.727476
-0.919575
-0.482367
0.015539
0.465359
1.080515
0.504348
-0.858398
-1.355273
-1.104390
-0.851454
-0.213189
0.164264
-0.041191
-0.175101
0.354895
1.627769
0.996962
0.090353
0.642637
1.698830
0.438536
-0.207649
-0.271322
-0.214590
-0.047425
0.257772
0.058395
-0.204111
0.874661
1.247878
0.741761
0.547406
-0.226014
-0.783541
-0.529378
0.409418
1.017752
-0.353048
-0.640167
-0.330568
-0.768874
-0.386183
0.583925
0.881456
0.193738
0.709686
0.850841
-0.015474
-1.157272
-0.375130
-0.138555
-0.116894
0.737867
0.682446
0.816507
0.738137
0.164977
-0.469196
-1.045545
-1.247495
-1.172055
0.371645
0.865760
1.052401
0.852203
0.353579
0.381972
1.125081
-0.021904
-0.843132
-0.263228
-0.015439
-0.565767
-0.868489
-0.188666
0.241457
0.692481
0.909750
0.563117
1.109764
1.181839
0.568129
0.186331
0.252175
0.514670
0.180416
0.865949
0.483040
0.165077
0.068321
0.164142
0.145043
-0.335532
-0.149390
-0.411438
-0.500727
0.461780
0.216175
-0.202420
-0.701794
-0.530438
-0.239451
0.025769
-0.077842
0.031832
0.850021
1.321299
1.439617
1.083920
1.393560
0.905071
-0.193129
-0.426164
-0.301023
0.105455
0.536905
0.881760
0.613887
0.763471
1.908213
1.131247
0.140695
-0.098666
-0.190619
-0.112619
0.833697
1.018746
0.123777
0.322684
0.292222
-0.212786
-0.637463
0.400518
1.306923
0.841245
-0.018002
-1.227859
-1.926371
-1.127206
0.918460
1.799011
1.271733
0.965925
0.573851
0.260868
0.173064
-0.035587
-0.346616
0.045075
1.339138
2.103604
1.852384
2.087655
1.864771
1.682108
1.175781
1.339636
1.986738
2.316910
1.723967
0.572564
0.830260
1.015259
0.626151
0.607591
0.243296
0.943066
1.909667
1.757803
1.518203
1.561993
1.296475
0.138841
-0.231247
-0.576375
0.025342
-0.385598
0.412867
0.481201
-0.093077
-0.419138
-0.293027
-0.586797
-0.374888
-0.901533
-1.305464
-0.530901
0.003660
0.341555
1.100076
0.874274
0.805202
1.123611
0.290335
-0.337495
-0.227058
0.289773
0.392298
0.208016
0.308463
0.574602
1.163276
0.903581
-0.533970
-0.916397
-1.153682
-0.589892
0.458619
0.052237
-0.560830
0.058604
-0.176006
-0.373654
0.400120
0.479243
0.502745
0.622763
0.096732
-0.282919
-0.648246
-0.894385
-0.927620
-1.003265
-1.207613
-1.997168
-1.742279
-0.786937
-0.596878
-1.133821
-1.372251
-1.610986
-2.006303
-1.711325
-1.404197
-1.127753
-0.052056
-0.693169
-2.235880
-3.106774
-2.989115
-2.303444
-0.876684
-0.221257
-0.765154
-0.944412
-1.744167
-2.697096
-3.184766
-2.686942
-2.326024
-2.222433
-1.746749
-0.983992
-1.384796
-1.823808
-1.552906
-2.220768
-3.291907
-2.577235
-1.677259
-0.221224
-0.132691
-1.071070
-1.194227
-0.935618
-0.858302
-1.075481
0.871915
1.284920
0.888970
0.878930
1.476790
1.341111
1.019916
1.135357
1.018581
0.976117
0.542358
0.779346
0.667757
0.977334
1.050256
0.567858
0.331782
0.050433
0.603039
0.351264
-0.462863
-0.429926
-0.085733
1.323075
1.534167
0.084281
-0.004327
0.591471
1.208655
0.420272
0.152420
1.033494
1.144410
1.345331
0.678882
-0.116811
-0.696559
0.233012
1.105705
1.075253
0.626820
0.537302
-0.890282
-1.254003
-0.398977
-0.086041
-0.072572
0.145916
-0.158007
-0.656090
-0.508099
-0.458269
-0.359365
-1.516853
-1.721904
-0.496019
0.754371
0.474076
-0.143500
-0.834693
-1.363726
-1.421766
-1.262111
-0.319896
0.739144
0.774876
-0.098611
-0.699153
-1.032615
-0.463061
0.093705
-0.387099
-0.010470
0.728642
1.063149
0.211709
-0.409818
0.029205
0.363355
1.154931
0.733024
-0.428118
-1.071313
-0.566610
0.231558
-0.264382
-1.727776
-1.198768
0.019396
0.902378
0.847711
-0.201070
-0.560698
0.526040
0.258985
-0.668754
-0.807411
-1.007464
0.368420
1.640170
0.416448
-0.083460
0.228692
0.136117
-0.026091
-0.739722
-1.171408
-1.765504
-1.852369
-1.718407
-1.181340
0.752121
1.059564
-0.329043
-1.082334
-0.638606
-1.346027
-2.025994
-2.018235
-1.579054
-0.367423
-0.097505
-0.127276
0.865022
1.570252
0.784107
-0.485811
-0.959818
-0.067878
0.169841
0.723083
-0.473873
-1.890524
-1.876433
-1.160656
0.048444
0.548761
1.790513
2.441414
1.106253
0.519368
1.084967
1.455122
1.334624
0.746344
-0.167558
0.437943
2.473274
2.588295
3.052436
3.319244
2.529323
1.145105
-0.328168
-0.571509
0.375056
0.519992
0.856417
1.763016
2.313474
2.508232
2.181280
2.434753
2.133549
0.897980
-0.000494
0.161013
0.794252
0.241795
0.080601
0.687847
0.971383
0.920766
1.997963
2.175219
1.557630
0.608496
-0.195206
-0.977499
-1.545311
-0.856125
0.318393
0.428409
-0.011255
-0.713485
-0.657024
0.179551
0.705472
0.654072
0.589590
-0.266537
-0.720346
0.189168
0.883565
1.273440
0.308909
-0.544799
-0.124746
0.197436
-0.044994
0.294268
1.279493
1.182448
1.784493
1.776407
2.245555
1.863168
1.571701
0.930191
0.132964
0.181993
1.065447
0.942362
1.240684
1.353703
0.974022
0.877021
0.370840
1.074519
1.340399
0.180307
-0.766462
0.089028
1.798772
0.956018
-0.513772
-0.323019
0.347309
0.656710
0.965949
0.200471
0.483527
0.736588
0.797490
0.951243
1.097127
1.248244
1.139433
0.745855
0.040855
0.151042
0.440724
0.906304
-0.185183
-0.179314
0.394007
0.538185
0.376218
-0.269682
-1.096262
-1.503613
-0.748469
-0.515034
-1.045116
-1.523437
-1.672494
-1.326376
-0.985061
-0.883714
-0.484577
-0.328229
0.023832
-0.187761
-0.682069
-1.126264
-0.750783
-0.855149
-0.119569
-0.699911
-1.051015
0.220043
0.766152
0.926249
-0.849354
-1.444237
-0.870514
-0.015079
0.679994
-0.246060
-0.604098
-0.289912
0.601565
0.378220
-0.352356
-0.997606
-1.673642
-2.462725
-2.588157
-1.608646
-1.048409
-0.559083
0.789880
0.940336
0.314019
-0.394078
-0.135721
-1.229868
-1.413509
-1.107847
-1.055820
-0.605167
-0.231610
-0.586548
-0.878953
-0.468314
0.168022
0.217753
-1.098342
-1.751710
-0.881251
-0.352355
0.055466
0.623682
0.995385
0.672130
0.094270
0.604360
1.023175
0.471313
0.321054
0.146678
-0.615479
-0.858978
-1.202125
-1.382996
-0.102559
0.631992
0.586784
-0.061847
-0.300819
-0.045954
0.660050
0.599493
-0.035430
-0.236859
-0.678567
0.205973
0.925521
0.495662
0.113097
-0.323061
-0.153792
-0.366333
0.191546
0.931868
0.534967
-0.094152
0.122631
-0.249676
-1.319436
-1.203575
-0.589132
-0.636944
-0.816027
-1.321337
-2.138088
-1.790781
-1.132854
-0.499791
0.085361
0.074059
-0.554601
-0.982841
-1.072540
-0.286941
-0.212954
-0.651520
-0.249376
-0.436636
-0.627625
-0.623276
-0.580435
-0.497766
-0.033593
0.099244
-0.118434
-0.681894
-1.044605
-1.285316
-0.952038
-1.073182
-2.351674
-2.612059
-1.198528
-0.414242
0.433821
0.347859
-0.569487
-0.393349
0.033315
0.349355
0.617503
0.070854
-0.168941
0.030877
-0.045919
0.401829
0.179102
-0.052895
0.286489
0.425512
0.288755
0.019713
-0.046768
-0.004943
-0.470039
-1.096214
-1.601431
-0.626771
-0.088893
-0.479238
-0.462109
-0.386620
-0.271289
-0.013843
0.211626
0.584927
1.489641
0.253024
-0.770753
0.136683
0.071545
0.509674
0.289220
-0.281192
-0.630560
-1.037889
0.297452
1.183658
0.259064
-0.116495
-0.574616
-0.722179
-0.469875
0.373665
0.365966
1.343134
1.443117
0.725283
0.539292
0.307470
0.676343
0.460281
-0.358814
0.039844
0.610734
0.500432
0.379558
0.356128
