-0.835014
-1.089763
-1.197854
-1.236435
-0.619929
-0.955625
-1.044290
0.173668
-0.377101
0.268100
-1.398153
-1.958223
0.110848
-0.826845
-0.390471
-0.960936
-1.747923
-2.088517
-1.023604
0.287079
0.640648
-1.347722
-0.042810
0.780034
2.481120
-0.515975
-0.939563
-0.683058
-0.326664
1.009235
0.096170
0.249556
-1.172323
-0.370868
0.420706
0.229299
1.861382
0.457528
-2.053362
-1.339323
-0.339780
-0.526319
-1.599013
-0.402804
0.029615
-0.372655
1.114303
0.974076
0.710559
0.090083
0.108389
0.645874
0.485688
1.021936
0.447198
-0.006227
-0.402886
1.566409
2.366488
-0.205655
1.185666
2.225127
-0.274402
-0.735903
-0.013244
1.908298
2.987375
0.893632
0.501700
0.563902
0.932926
0.327490
0.713514
-0.959275
-0.333686
0.327550
-0.609398
-1.982231
-2.199944
-0.293121
0.021182
0.372840
0.929764
0.074788
1.061371
-0.671483
-0.464086
0.107972
1.254231
0.705863
0.311442
-0.025914
-0.617298
0.114075
-0.270816
-0.193069
0.284489
0.457683
1.343608
1.087374
0.432500
0.109610
0.767945
0.026465
0.152663
1.346746
0.229335
0.460625
1.750578
2.444865
2.386069
0.208379
0.718153
0.297222
-0.261714
-0.590524
-1.742650
-1.086672
-0.856481
-0.643895
-0.854964
-1.673228
-1.633667
0.165000
-0.393030
0.237565
1.423442
0.901878
-0.941963
-0.740727
-0.089094
0.097088
-0.616754
-1.404667
-0.540961
-1.110707
-0.670016
-1.663918
-1.979659
-0.258937
-0.631957
-2.104277
-1.096409
0.193848
0.324385
-0.334961
-0.585303
0.221025
-0.722916
-1.334586
-0.757150
-0.314655
-0.167674
-0.607519
-0.369496
1.190721
1.342416
-0.646015
-0.017139
1.121996
0.258482
-0.567973
-0.689832
-0.552592
0.878093
0.809249
-0.015633
1.468127
1.452758
0.385551
0.127693
-0.032736
-0.444923
1.173426
0.938776
-1.895735
-0.714384
0.514870
-0.635261
-0.715286
-1.809993
-1.396372
-1.135052
-0.768388
-1.183093
-0.952694
-0.510256
0.964172
1.863365
1.601721
1.269361
1.106066
2.050128
1.346131
1.196146
1.089179
-0.267990
-0.593082
-0.707242
0.279684
0.979062
0.026070
-0.839621
-0.268235
-1.135190
-2.784406
-1.514023
-0.689036
0.262167
-0.520971
-0.351548
0.041591
-0.518082
-0.411643
0.139559
0.823189
0.142180
-0.706887
0.144766
1.079274
1.109563
0.826198
0.816482
2.504091
1.609658
0.138706
-0.122678
-0.508401
-0.110420
0.464118
0.636065
0.944074
0.445560
-0.180738
-0.261537
-0.067424
0.561179
0.046748
1.367716
1.458328
0.301245
0.006002
-0.153916
-0.464717
-0.480584
-0.032361
0.058108
-0.297651
0.409353
0.457057
-0.048139
0.126344
-0.139787
0.015946
0.008255
0.052937
0.674913
0.497137
0.047889
0.097364
-0.704517
-0.853725
-0.339305
0.066605
0.397930
0.507885
1.147169
0.618963
1.024208
0.527196
0.324756
0.028178
1.038884
1.141968
-0.296582
-1.234794
-0.679749
-0.988988
-0.266647
-1.606712
-2.401860
-1.276445
-1.312308
-2.375869
-1.705388
-0.416962
0.513175
-1.139271
-0.933263
-0.510897
-1.800061
-0.737314
0.999065
0.188013
-0.583779
-0.604086
-0.163325
1.121003
0.153268
-1.443915
0.057226
-1.081096
-1.599824
0.182109
-0.844886
-1.269264
-0.033857
0.853117
0.991570
1.551505
1.314130
2.050890
1.816754
1.893245
1.608445
1.071646
0.354551
-0.029631
0.868229
0.681160
0.285689
-0.188691
0.756037
0.006130
-0.296780
0.289785
-0.002867
-0.074043
0.839929
-0.097725
0.158639
-0.831866
0.067177
0.341908
0.020873
-0.042206
-1.224252
-0.274250
-0.801183
-0.103995
0.028348
0.038762
-1.175047
-1.008525
0.086171
0.222374
-0.770458
-0.959610
-0.089977
1.816084
0.023267
-0.861605
0.562399
1.250716
1.620524
0.537979
-0.799742
0.680192
2.222257
1.037339
0.309556
-1.077069
-0.073074
-0.194168
0.630286
0.298247
-0.970565
-1.455656
-1.707675
0.478950
1.025766
-1.077609
-1.772038
-1.593248
-0.854140
-0.037461
-0.654472
1.216521
0.757992
1.003521
-0.756752
-0.659155
-0.460698
1.344048
0.378197
0.363581
1.423148
0.913412
-0.311999
-0.322828
0.218024
0.125726
-0.554330
-0.666379
-1.043964
-1.222079
-0.143882
0.605311
0.579424
-1.945632
-0.367432
0.518908
-0.413986
0.169237
-0.560502
-1.209394
-0.430879
-0.139628
0.553806
0.002195
0.766626
1.458051
0.785525
0.869191
0.634838
0.357768
0.683515
0.517375
1.091637
1.641039
1.335956
0.418404
-0.353635
0.157804
0.479322
0.975746
-0.936023
0.110225
1.217323
-1.576864
-1.534277
-1.320001
-1.948011
-2.140889
-0.842837
-1.528534
-1.294857
-0.762969
-0.833078
-0.854195
-0.164273
0.261835
-0.794907
0.472214
0.913021
0.766544
0.781350
2.042841
1.541016
-0.184530
0.191342
1.441987
1.143566
-1.004063
-1.408447
-1.768099
-1.817884
1.022457
0.148069
-1.946717
-0.690472
-1.546348
-0.437196
0.226821
-1.780704
-1.049710
-1.183775
-0.014298
1.658988
1.438125
1.379086
1.070039
0.845679
0.789589
1.180452
0.741754
0.949675
0.419694
-0.988152
0.558592
-0.493974
-1.277800
0.230718
-0.726255
0.168820
1.431358
-0.012023
0.000419
0.524066
-0.073220
-0.092584
-0.178456
0.715722
0.592645
1.393630
0.843540
0.133834
-0.327048
-0.732935
-0.398485
-0.447569
-0.893437
-0.848376
0.808317
-0.742277
-0.058759
-0.637366
-0.125441
-0.727479
0.044232
0.510544
-0.186966
0.522365
0.701498
0.070758
-1.257545
-1.090108
-0.286765
0.348317
0.547723
0.197115
-1.023317
-0.663749
-0.256305
0.027233
-0.511624
0.539695
0.887876
0.834690
1.174300
1.244916
1.084622
0.944546
0.752921
2.319562
1.746600
0.817750
0.365727
-0.477661
-0.393854
0.281341
0.290446
-0.452882
-0.749008
-1.584093
-2.560678
-0.782811
0.379007
-0.146213
-0.141659
-0.447198
-0.032607
0.040092
-0.227329
-0.974991
-1.175794
-0.170361
-0.448209
1.035872
1.456701
1.711837
0.537407
-0.348055
-0.259585
0.148740
-0.121658
-0.157397
0.488595
-0.124467
0.688326
-0.423817
-0.149936
0.698569
0.201048
-0.166158
0.160937
-0.387786
-0.003205
0.567138
-0.422170
-0.213116
1.567580
0.565905
-0.181171
-0.454988
1.436998
2.870274
-1.270220
-0.972991
-0.378954
-0.560317
-0.933205
-2.023978
-0.595868
-1.282820
-0.683650
-0.225696
-1.012688
1.712535
0.920548
-0.583736
-0.742287
-0.744102
0.829446
0.395761
1.496373
0.854484
0.862457
0.944084
0.641152
1.580551
1.874537
0.627182
-1.004826
-0.159923
0.891196
-1.144057
-2.844227
-0.675787
-1.637674
-2.161825
-2.084285
-2.221018
-0.332224
0.599964
-0.186915
0.099205
0.349016
0.946543
0.819276
1.347774
1.496452
0.223673
0.066135
1.158290
0.401968
0.650933
1.986832
-0.138585
0.604666
-0.321603
-1.820809
1.108524
-0.874003
-0.791132
-0.402768
-1.718687
-1.159980
-0.650487
-0.585746
-1.967983
-1.121351
-0.419795
-0.996282
-0.906718
-1.024692
0.133288
-1.797741
-0.715246
0.138810
-0.730887
-0.157600
-1.069219
-1.499488
-1.051618
-0.577814
-0.002468
0.599682
1.207993
0.960022
1.510671
1.632452
1.414076
1.302768
1.809770
1.129248
0.410074
0.458921
-0.055401
0.709637
0.759719
0.904062
0.342392
-0.301574
-0.454175
0.121258
-0.020799
-1.031095
0.458084
0.149891
-1.612008
-1.122463
-0.026912
-0.203903
-0.153202
0.912833
-0.315735
-0.551479
0.792791
1.901337
1.422640
0.976916
0.463267
0.604406
0.965739
-0.140408
-1.218346
-0.217323
-0.058245
0.482107
1.319754
1.110129
0.018693
0.320899
0.041097
-0.385661
-0.461402
-0.518828
-0.871297
-1.046513
0.170227
0.113281
0.696590
0.181557
-1.080759
-0.286408
0.100330
-0.572557
-0.422620
-0.597074
-0.935639
-0.841695
-0.281862
0.177636
0.412075
0.027853
0.214531
0.094214
1.153786
1.611633
0.666363
1.212554
1.146342
0.793836
-0.344945
-1.041238
-0.531415
-0.434678
0.398935
-0.751140
-1.409655
-1.596586
-1.152494
-0.981035
-1.352695
-1.230169
-1.581875
-1.943444
-1.679677
0.147352
0.040418
0.224662
0.518055
0.268400
0.214696
1.373075
1.761167
2.222676
3.177826
4.111545
2.332452
-0.058599
0.464899
0.488993
-0.730598
-1.941474
-1.875013
-1.985884
-1.732751
-1.782025
-1.825403
-2.174103
-2.177208
-1.605290
-1.290480
-1.112377
-1.547493
-0.622165
-0.134778
0.206925
0.491860
0.915582
0.703216
1.649233
1.472989
1.494487
0.789633
1.326730
0.696555
0.269577
0.565149
0.514704
2.409420
2.570120
1.294209
-0.054907
0.670198
0.915525
0.430046
-0.318868
-0.046087
-0.332003
0.176975
0.138283
-0.314014
0.009435
-0.049569
0.455072
1.025423
0.262948
0.186918
0.266712
1.159236
1.760398
0.647296
0.575762
0.010846
2.470014
1.495702
-0.885725
-0.423880
-0.550791
-0.846626
0.642439
-0.496090
-0.357340
0.495342
1.213177
-0.418083
-1.084164
0.029079
-0.779686
-1.412347
-1.059117
-2.054561
-1.927356
-0.536826
-0.042580
-0.716195
-0.485374
-0.208513
0.772292
1.037728
0.420149
0.482629
1.492660
1.305124
0.583533
-0.427790
-0.517650
-0.339850
0.266656
-0.380902
-0.885194
-0.538128
-0.588810
-0.753075
-1.253778
-1.238672
-1.319184
-0.558940
0.083471
-0.442806
-0.745752
-0.906165
-0.790963
-2.182733
-0.864070
-1.759190
-2.090218
-0.573164
-0.476252
0.114423
0.282007
0.475601
0.697503
1.394248
2.280021
1.617699
0.627397
0.560847
0.604179
0.235155
0.532043
0.688862
1.161181
0.110247
-0.404185
-0.161482
-1.196375
-1.087244
-1.480786
-0.622924
-0.946436
0.340556
-0.417464
-0.437138
-1.431381
-0.453697
-1.015109
-1.305990
-0.856392
-0.191038
-0.714428
-1.970823
-0.907269
-1.061080
-0.741943
-0.473906
-0.357349
0.559042
-0.049220
0.869098
1.390061
0.971817
0.764130
1.857820
1.725843
1.843331
1.204905
1.359680
0.429486
0.566283
0.477941
0.594328
0.424696
-0.723693
-0.604283
-0.512041
-1.334364
-1.209694
-1.931514
-0.085682
0.587063
-0.638616
-0.486841
-0.648273
-0.146418
-1.265053
-0.527235
0.733917
0.626766
-0.150698
-0.525759
-0.848436
-0.324792
1.158010
0.317679
0.196598
-0.088272
0.635186
1.611889
0.818261
0.590052
0.935985
2.377701
2.225113
0.829719
0.738263
0.567850
0.795802
1.414604
1.362850
-0.130364
0.574593
-0.205817
-0.523444
-0.000383
0.545870
1.140374
0.590053
2.075782
1.580396
-0.458269
-0.859735
0.394003
0.464194
0.501867
-0.271052
-0.019812
-0.309896
-0.567498
-0.489767
-1.279651
-0.717183
-0.700954
-1.104789
-1.511536
-0.823423
-0.304253
-0.158008
-0.479229
0.334982
0.199594
0.048443
0.095634
0.042068
1.014000
1.692794
2.303170
2.425581
2.167208
1.688831
0.295147
-0.466527
0.030244
0.533975
0.691228
-1.167825
-0.693617
-1.100667
-1.472402
-1.190888
-1.154647
