-0.862352
-0.647190
-0.950908
-2.550994
-0.438668
-0.522040
-1.482983
-1.288913
-2.011165
-1.656294
-1.374129
-1.436441
-0.230956
-0.652775
-1.143004
-1.870130
-2.135422
-1.995030
-0.834702
-0.305568
0.706935
-2.211906
-1.026012
-1.869200
-2.325136
0.102472
-0.054273
-1.379655
0.496235
-0.073172
-1.326921
0.364488
-0.040845
-0.424306
0.732016
-0.107088
0.257829
0.106816
-0.606827
0.704012
1.834107
1.442864
0.031016
0.009522
1.498108
1.797682
1.342844
0.550299
-0.357565
-0.468294
0.226465
-0.191404
0.099976
0.365631
-0.143751
-0.105905
-0.476116
0.417008
2.030940
-1.203231
0.295926
1.475256
0.550222
0.358985
-0.118773
1.627511
1.486654
0.936845
0.352444
0.412224
1.637697
0.634319
0.779639
-0.072186
0.271386
1.540696
0.923937
0.109977
-0.309598
1.204809
0.825302
1.813257
1.416350
-0.029034
0.427387
-0.270300
-0.303537
-0.461756
0.341982
0.319518
1.069651
0.756538
-0.214571
0.234873
0.550229
0.617645
-0.056931
-0.805856
-0.003961
0.878221
-0.378827
-1.343900
-0.093495
-1.207532
-1.529719
-0.441317
-1.469817
-0.584703
0.140956
1.443506
0.721701
-0.145561
0.777371
0.616538
-0.119623
-0.405462
-0.331004
0.718346
-0.640670
-0.675683
-1.102189
-2.074030
0.426749
0.711607
-0.688878
-0.093085
1.431307
1.628889
-0.936857
-0.317008
0.040492
0.222675
-0.429299
-1.135641
-0.569247
-0.425068
0.660124
0.422016
-1.201807
0.365201
-0.648600
-1.103083
-0.630564
-0.129575
-0.235901
-1.079529
-0.185494
0.560266
0.132880
-0.413266
0.554928
0.957064
0.872172
0.919086
0.454065
0.978621
1.126223
-1.349235
-0.787456
0.691207
-1.867303
-0.160010
-0.065258
0.062704
0.916225
-0.936236
-1.020740
0.327690
1.435238
0.475104
0.922098
0.538392
0.150788
2.306181
1.444047
-0.251636
-0.283382
-0.069269
-2.232821
0.136567
0.713123
-0.247710
-0.681846
-0.123667
-0.066889
-0.750820
-1.245316
-0.133632
-1.103051
-0.225819
0.352504
-0.897985
-0.731191
-0.242847
-0.594403
-0.694830
-2.352202
-1.102086
-0.087605
-0.289507
0.799249
-0.516743
-0.843849
0.790549
0.680813
-0.580089
0.554907
0.626513
-0.292444
0.779249
-0.413239
-0.280919
-0.346111
-0.911278
-0.188643
-0.473687
-0.189505
-1.388387
0.702949
1.558713
1.133082
0.872303
0.638515
1.956983
1.603755
0.925651
0.466388
0.787457
0.252570
0.328032
-0.193829
0.744752
-0.151730
-0.711176
-0.572617
-1.517792
1.283582
1.722415
1.136234
1.215342
0.395230
0.338879
-0.468333
-1.194212
-0.990164
0.317015
1.289349
0.079177
0.506460
0.543332
1.196032
0.907925
-0.220793
0.370652
1.240764
1.291129
0.963036
1.016691
0.839866
0.878344
0.374563
1.138771
1.156380
1.297071
0.920018
0.358065
0.942293
-1.096230
-0.287761
0.607074
0.201381
-0.518074
-0.036485
-0.816693
0.083388
-0.107349
-0.483309
0.119277
-0.567530
-1.335450
-0.489881
-1.244049
-1.286371
-1.362828
-1.659821
-0.935584
-0.774897
-0.913901
-1.173347
-0.117875
-0.396102
-0.770312
-0.294424
-0.138117
-0.862229
-1.552306
-1.370224
-0.858492
-0.169693
-0.721325
-1.153570
0.051826
0.255214
0.740138
0.494655
-1.250499
0.534127
0.218655
0.119534
0.634878
0.194195
0.638812
-0.711751
0.042333
0.445411
-0.697772
0.446932
-0.114193
0.480058
0.528518
0.387594
0.412853
1.721400
1.036558
0.979777
1.072624
0.138305
1.188747
0.897764
0.264108
1.171939
0.053275
-0.032705
0.445165
-0.531192
-0.787557
0.149890
-0.108326
-0.143775
-0.201247
-0.283219
-0.495473
-0.258605
-0.332206
1.099614
-1.006732
-0.790703
-0.062818
-0.397244
1.325240
0.592532
-2.220042
0.404367
1.479820
0.919308
0.375695
-0.615058
0.276740
1.022733
1.527061
-0.702537
-0.188972
0.048572
0.616646
0.704002
-0.041177
-0.085698
-0.529785
-0.321919
2.128178
-0.045201
0.054996
-0.145678
-1.557909
0.020109
0.325356
-0.698276
0.099033
0.797325
1.010648
-0.582504
-0.471073
-0.972092
-0.238273
0.015248
0.217203
0.739934
-0.398148
-2.170479
0.278004
0.316359
-1.097804
-0.150852
-0.239756
-1.277201
-0.314272
-0.870160
0.903021
-0.248543
-0.743623
1.147052
1.509126
0.873260
0.278520
-0.381418
1.262194
0.655698
0.695335
0.631257
-1.219801
0.824666
1.899704
-0.279717
0.480933
-0.198182
-0.453233
-1.513479
0.356970
0.891826
1.811842
-1.357422
-1.297993
-0.871542
-2.196749
-1.011137
-2.134763
-2.956065
-1.574835
-1.008816
-1.305081
-1.921835
-1.495596
-0.067650
-0.451660
-0.628270
-0.795009
-0.132777
-0.999123
0.492393
0.026548
0.656762
0.359415
0.070699
2.343775
0.954465
0.143218
-0.309476
-0.731219
-0.717979
-0.274437
-0.614256
-1.261062
-1.069389
-2.571225
-2.042128
-3.017928
-1.967553
2.165743
0.728675
-1.621739
-0.251909
-0.367763
0.424907
0.800245
-0.130875
0.311729
0.842041
1.679918
1.400940
0.528587
0.249988
-0.702563
0.443344
-0.937927
1.171442
0.997806
0.766057
0.059450
0.348234
1.085521
-0.542676
-1.033294
0.106178
-0.769992
-0.181512
1.402807
1.222335
0.790241
1.047655
0.273397
0.255799
1.077601
0.990382
-0.024505
0.259988
-0.002036
0.243088
0.492641
-0.306687
0.225422
0.171130
-0.009115
-0.189880
-0.259005
-1.009511
-0.812297
0.008329
-0.859973
-0.963688
-0.721944
-0.311140
-0.270159
0.387457
1.003361
-0.013321
-0.551954
0.027381
1.442078
1.132377
1.075643
0.528818
-0.580302
-0.475249
-0.564623
-0.085227
-0.131535
-0.519394
0.690416
1.091985
0.060663
0.105239
-0.258798
-0.826272
0.577512
1.316603
1.020834
1.070099
0.669069
-0.527850
2.681487
2.832190
0.835342
1.278119
1.021995
0.488010
0.268857
0.766341
0.250684
0.001565
-0.447456
-0.503411
-0.576555
-0.745163
-1.447862
-1.882902
-1.843672
-1.366887
-1.179209
-1.177050
-0.582547
-0.794105
-0.723672
-0.622052
-0.323173
0.719509
0.242357
-0.005348
0.584942
0.011604
3.211878
1.320744
0.219900
0.772548
-0.364212
-0.032782
0.039521
0.209239
1.693216
-0.266187
-0.927347
-0.052768
1.092911
-0.264079
-0.284354
-1.420022
-1.047105
1.161743
-0.814428
-0.762787
0.673672
1.630353
0.861032
0.081802
0.695020
-0.382478
-0.040178
0.594485
-0.358667
0.999687
0.289665
-1.090376
-0.109689
-0.561253
-0.014845
-0.865358
-0.318342
-1.126620
-1.122591
-0.588765
-0.648908
-0.020124
-0.189827
-1.320198
-1.453614
-1.582358
0.484709
-0.683551
-1.094065
0.204895
0.674028
0.422619
-0.403435
-0.074611
1.863629
0.236261
0.854687
1.564579
0.220182
2.096752
1.534413
0.443249
0.372858
-0.346888
-0.483579
0.274276
-0.184856
0.941244
0.133942
-0.659885
-0.444081
-1.266429
-1.504086
-0.410153
-1.308755
-1.230214
-1.112006
-1.639556
-0.900301
0.472375
-0.169694
-0.281543
0.690047
0.434322
0.347289
-0.259123
0.331248
-1.312650
-0.381071
0.609243
0.479069
0.363544
-0.015264
-0.175353
0.128024
0.720972
0.049525
-0.549166
0.431771
0.097739
0.315809
-0.080413
0.477028
0.265541
0.839189
0.856559
0.694558
0.719097
0.091860
-0.818987
0.759894
-0.521636
0.046486
0.879306
0.069110
0.161887
0.684837
-0.340867
-0.590627
-0.375094
-1.085575
-0.665385
0.001216
0.093763
-0.295283
-0.689390
-0.613936
-0.621872
0.288681
-0.057887
0.043253
0.283021
0.103000
0.317517
0.217585
0.321004
0.675233
0.148813
0.380375
-0.146687
0.778074
1.542561
1.573773
1.925128
1.100900
0.162068
0.895774
0.833385
0.324838
0.232725
0.523359
-0.617179
-0.897127
-0.591966
-0.173165
-0.198846
-0.582250
-0.452502
-0.839053
-0.252871
-0.179989
-0.047468
1.384415
1.668252
2.082613
1.835990
2.386595
1.441224
1.765551
2.056850
0.901543
0.495609
0.767026
-0.411513
-0.738302
-1.310322
-1.493193
-1.926459
-1.835304
-1.524387
-2.341370
-1.583644
-1.750298
-1.578078
0.129745
-0.638425
-0.523857
-0.624985
-0.503706
-0.948601
0.043397
0.386413
-0.557971
0.598767
1.705419
1.663092
2.477845
1.053614
1.013419
1.881453
1.826940
0.881700
-0.596936
-0.799298
-1.667489
-2.544419
-2.976461
-3.793192
-2.782167
-2.777079
-2.818608
-3.086243
-2.281552
-2.052913
-1.986371
-1.260043
-1.323142
-0.818788
-0.434217
0.448901
-0.577348
-0.549839
-0.611438
0.079198
0.270560
0.557044
-0.310279
-0.507410
0.202407
0.073144
-0.314891
0.185148
0.576226
-0.166707
0.651039
0.834754
0.511757
0.505574
0.718806
0.287325
0.721793
0.535993
1.172701
1.413537
2.268567
2.535658
1.708047
2.101065
1.891320
2.396635
3.275167
2.537701
1.485406
2.505215
2.379926
1.149915
0.419751
0.581243
1.241415
1.259038
0.229379
0.420833
0.520748
0.701787
0.933525
0.570459
0.246639
0.796588
1.220747
1.097803
0.267423
1.060746
0.544131
0.865810
1.627031
0.513654
1.519334
1.879967
1.217340
1.270306
0.573718
0.593844
1.269996
0.829863
0.715253
0.110155
-0.771585
0.394690
-0.248059
-0.938934
-1.252034
-1.755594
-1.644601
-2.448370
-3.128374
-3.269300
-1.968888
-2.339888
-2.341792
-1.884594
-2.632647
-1.495066
-0.233124
-1.148392
-0.986716
-0.235954
0.318725
-0.274530
0.020791
-1.004628
-1.086963
-0.611403
-0.301612
0.218968
-0.743791
-0.574310
-1.262840
-0.639304
-1.174382
-0.648289
-0.645141
-0.718557
-0.897668
0.328688
0.601737
0.075872
-0.163282
0.006437
-0.673063
-0.240509
0.171997
0.287360
-0.083247
-0.434907
-0.520176
-0.240667
-0.026469
-0.037868
-0.273060
-0.277875
0.102030
0.515814
0.699471
1.072646
0.153567
-0.544810
-0.918275
-0.608142
0.138340
0.600304
-0.193554
-0.042108
-0.369934
0.011460
0.253412
-0.573337
-0.537147
-0.221229
0.336851
0.437190
0.310194
0.238829
-0.388056
0.179700
1.217689
0.880060
0.279224
-0.295059
-0.636432
0.112538
0.486812
-0.505250
-0.483134
0.063043
-0.450341
-0.220970
-0.089518
-0.901368
-0.220328
0.106365
0.108415
1.248096
0.919281
1.099587
0.096832
-0.646334
-0.176948
0.495739
0.403686
-0.596452
0.262957
-0.201117
0.233291
0.186978
-0.251912
0.059219
1.154305
1.462286
0.865784
-0.100952
-0.484018
0.388285
1.403803
1.350289
0.674631
1.083842
0.377851
1.432437
1.461151
0.617543
0.701430
0.198073
0.654873
0.657882
-0.728694
-1.328243
-1.535326
-1.008685
-1.424364
-2.579930
-2.348378
-1.708961
-1.496353
-0.297673
-0.578603
-0.520568
-0.287341
-0.641397
-1.226249
-0.838836
-0.373504
-1.130703
-0.089095
1.328982
0.984224
0.833885
1.770093
1.502969
1.264694
0.988238
1.086572
1.191269
0.291308
0.084840
0.167981
0.144167
-0.287987
0.613234
0.756145
0.866312
1.059342
1.370769
0.589514
-0.279436
0.646794
