0.369875
0.364513
0.116178
0.439475
0.353760
0.829462
1.312884
1.471556
-0.025645
-0.641948
1.220561
0.081800
0.704887
1.810436
-0.222255
-0.454221
-0.308564
1.438030
1.117673
0.643967
-1.429032
-0.371071
-0.126538
0.815719
-1.551499
-3.373818
0.305480
0.309498
1.480844
-0.616500
-1.460430
-0.621242
1.222957
2.178602
1.673661
-2.275967
-1.977548
-0.650643
0.578866
2.738652
0.761860
0.260623
2.006947
-0.186260
0.124491
0.732074
1.629350
0.074640
1.507953
-0.758310
-0.371472
0.737240
0.612906
-0.257680
-0.855524
0.625875
2.861385
-0.759574
-0.346295
2.085595
-0.858588
-2.251219
-0.650649
-0.081805
1.521916
0.411608
-1.697917
-1.784922
0.275463
-0.582187
-1.755720
-0.581878
-0.825661
2.285219
0.753095
0.340615
-0.163735
1.165058
2.997554
-1.384497
1.387366
0.563501
-2.118007
-0.761714
-0.569807
0.491405
-0.079654
0.697536
-0.820898
-0.114079
0.680646
-0.663207
-0.369511
-0.908542
-1.194579
1.036228
0.122007
0.959982
-0.922521
-1.832880
0.221387
-0.386489
-1.358326
-1.181509
-0.357133
-1.824083
1.142313
-1.397410
-2.798356
-2.458493
-2.323443
-1.219622
-1.915331
-1.321654
-1.561020
0.018306
0.623112
0.937295
0.732491
0.703869
0.899041
1.192118
1.786696
-1.243902
-0.032175
-0.270175
-2.287141
-1.944270
-0.053632
-0.090670
-0.342244
0.169345
1.449218
1.778220
2.785331
2.359278
1.070984
3.233277
2.268059
0.648531
0.726033
2.167434
1.647252
0.243912
-0.568290
0.917571
0.198184
-0.098509
0.277224
1.099711
1.347540
-0.499255
-0.750012
1.645338
0.358563
-0.119009
0.001654
1.059553
-0.294076
0.189876
-0.451854
-0.143594
1.203059
0.038529
-1.620494
-0.597040
1.146935
0.617838
-2.102580
-1.618610
-0.709166
0.608830
2.648845
-0.483873
-1.551516
2.138474
-0.607127
-0.794645
0.155724
0.280211
1.476997
1.416487
1.242774
0.973931
0.839146
1.005053
2.051086
0.603164
0.173054
0.346489
0.275512
-0.565761
-0.791974
-0.936541
-2.311905
-1.668784
-0.485798
-0.913972
-0.990892
-1.518651
-2.078806
1.015121
0.747651
-1.179329
0.362676
-0.124475
0.078418
0.318273
-0.433229
-0.463390
0.374554
-0.242467
0.248140
0.692512
0.014300
-0.218792
0.013594
1.208911
0.924704
-0.913783
-1.805750
-0.205950
0.690705
-1.857282
-1.964813
-0.706280
-1.263129
-0.275342
0.012483
-0.107108
0.191359
-0.310265
0.044485
-0.231699
0.969478
1.103072
-0.776126
-0.054673
0.735095
-0.832004
0.491760
0.264370
0.873381
1.005099
1.171948
1.152997
1.585492
0.958506
0.038800
-0.474973
0.058769
0.729705
0.713236
1.196887
0.095376
-0.044766
0.956071
-0.269196
-0.232475
0.342898
0.474859
0.918478
-0.154965
-1.309078
-1.254756
-0.082550
-0.330035
-0.365267
-0.791979
-1.329383
-0.573294
0.107518
0.682644
-1.768484
-2.845421
0.080778
-1.133225
-0.821743
-0.658152
-0.560888
0.674452
-0.667454
0.023173
1.955000
1.530817
0.128681
0.078876
1.053012
0.840852
1.341360
1.113823
0.445140
0.109135
-0.850936
0.551359
0.893559
-0.589323
-1.621272
-1.964553
-1.509151
-0.230848
0.029634
-0.166655
0.229880
-0.877397
0.415078
-1.751663
-0.740477
-1.546787
-0.944058
-1.485724
-0.940841
0.130401
-0.884655
-1.824201
-0.039429
-0.372496
-0.831381
-0.164127
-0.124470
1.210742
1.050088
-0.962028
0.290976
-0.118073
-0.042167
1.550803
0.415428
-0.185158
-0.521999
1.126911
1.118662
-0.946054
-0.192632
-0.809744
0.249785
1.378968
0.442587
0.594908
0.366582
1.387412
0.488616
1.044932
2.797815
-0.020068
-1.198643
0.609812
1.567616
1.475441
-1.104715
-1.159986
0.166155
1.043120
-0.434419
-1.617964
-0.793367
-0.153128
0.394855
-0.264282
-2.390138
-2.581584
0.920604
0.208282
0.128905
-0.162278
-0.590374
-0.082826
1.367112
2.987583
-0.085527
-1.500105
0.576152
1.137306
1.976754
1.635495
-0.109297
0.322747
0.974734
0.095364
0.451107
0.417504
1.233749
1.549325
0.698894
0.181031
-0.016439
-0.495503
-0.700940
-0.337195
0.577207
0.789853
0.177363
0.589121
-0.208806
0.393326
2.087254
-0.180419
-1.087373
-0.759918
0.466965
-0.162613
-1.860906
-0.930421
-1.235468
-0.143340
0.656789
0.704784
0.918506
-0.947009
-0.285007
-0.607550
-2.085439
-0.241484
-0.888609
-1.262653
-0.202067
-0.162506
-2.259140
-2.003036
-1.975998
-1.122773
-1.436784
-3.807621
-2.896981
-0.658290
-1.214522
-0.435706
-0.031456
0.975330
0.007845
-1.584319
-1.054464
0.113242
1.249671
0.198714
0.606281
0.422592
0.983294
0.752513
0.371572
-0.563545
-0.444063
1.495556
-0.815730
-0.864017
0.466986
0.640772
-0.792007
-0.237253
0.850630
0.935418
-0.318748
-0.524627
0.785577
0.674336
0.057642
1.641817
-0.417426
-1.955199
-0.613662
0.143892
1.136968
0.697365
-1.171382
0.424147
1.692619
0.675828
-0.270790
0.045031
-0.487022
0.010380
-0.043347
-0.194131
-0.598424
0.945195
0.984599
0.251077
1.848976
1.541125
-0.756836
-0.456517
-0.676408
-0.107220
0.626776
-0.523795
-1.041247
0.624223
0.452160
1.025277
1.298703
-0.528795
-1.488539
-0.472009
0.148495
0.199858
0.529505
0.729964
0.752698
0.280388
0.896817
0.489803
0.161109
0.557205
0.681988
1.156108
0.773452
0.175363
0.009259
0.649681
1.935210
1.727217
-0.052369
-0.783758
0.263801
1.064230
2.074228
2.366630
-1.009161
-0.355894
-0.039678
-0.668152
0.963118
0.505156
-0.837073
-0.988976
-0.120309
0.650403
-1.623849
-2.020665
-1.413592
-1.014485
0.138221
-0.869736
-2.260074
-1.474386
-1.353651
-0.406783
0.353073
-1.350956
-0.539568
-0.597620
-0.598792
-0.055414
0.641677
0.205013
2.382806
0.613925
-1.258212
-0.011467
0.346574
-0.787025
0.059696
0.103097
-0.652831
0.079233
0.836594
0.682519
0.292076
-1.519191
-0.851730
-0.480823
-1.148481
0.203799
-0.458329
-0.693524
2.542446
-0.742374
-1.891446
0.721968
-1.375042
-0.564475
-0.558151
-2.100641
-0.854495
-0.039554
-0.161737
-0.566868
1.190574
-0.230420
3.217628
1.213245
-1.113411
-0.047388
-0.063977
1.001723
0.944085
-1.057105
-0.678742
0.269994
0.900763
0.595240
-0.033896
2.229843
0.555603
-0.688106
-0.408211
-0.433144
0.600527
-0.464400
-0.319790
-0.360508
-0.465062
-0.471709
-0.387494
0.367416
-0.816987
-0.390109
-0.568123
-0.856823
0.544408
-0.573121
-2.162336
-1.636249
0.430299
-0.944105
-1.610756
0.153509
2.356117
-0.751729
-0.005518
1.420682
0.201263
1.376692
-0.664412
-1.088688
-0.401674
-0.546398
-0.195310
-1.742938
-0.027130
0.893616
-0.251798
-0.296413
-0.045574
-1.420238
-0.707838
-0.149583
-0.265833
1.079396
-2.551551
-0.323109
0.389073
-1.254644
-1.082975
0.250394
-0.015531
2.091390
0.882816
0.010937
1.842817
2.476608
2.183268
1.430252
1.359063
1.225836
1.345964
1.996070
2.213939
1.391993
0.922928
1.553655
1.425186
1.838255
1.542396
2.027314
1.659550
1.532582
0.702912
0.248478
-0.117104
1.553294
0.377341
-1.427334
-0.958236
-0.944060
-0.895227
-0.331234
-0.662854
0.042756
-1.204445
-1.164566
-1.243913
-1.288086
-0.137541
0.119636
-0.721905
-1.560659
-0.495729
-0.500759
-0.537862
0.349644
0.169556
-0.117381
-0.435522
-0.213884
0.210436
0.203908
0.404629
-0.060084
-0.158686
-0.143926
-0.472436
-0.115708
0.346491
-0.838081
-0.548449
0.108944
0.116996
0.229918
-0.101707
-0.927011
-0.720198
-0.070214
-0.019044
0.845009
-0.005457
0.124834
0.615506
1.084070
0.233918
-0.698750
0.341437
0.047093
0.389528
0.731239
0.598937
-0.020161
-0.154962
0.143086
0.746594
0.854972
0.575426
0.807533
0.965075
-0.143135
-0.418124
-0.465971
-0.925962
-0.325117
0.180560
0.211227
-0.473358
-0.349260
-0.979107
0.003560
0.760609
0.587615
-0.063126
0.009835
0.248248
0.324024
0.550352
0.872436
0.637278
1.640823
1.009323
1.107907
0.844492
0.118074
0.929276
0.665849
0.074891
0.476892
-0.249909
-1.191047
-1.249983
-0.239030
-0.453171
-1.556381
-2.144866
-1.648746
-1.226114
-0.847677
-0.469803
-0.280365
0.635487
0.692863
0.431734
0.979887
1.127226
1.089668
0.841166
-0.059728
0.538594
0.588591
0.899591
0.768144
0.901298
0.354340
-0.122253
-0.281065
0.031170
-0.854518
-1.241977
-1.189016
-0.810393
-0.790296
-0.753755
-0.859469
-0.632865
-0.223952
-0.085439
-1.236905
-2.381256
-1.868416
-0.682103
-0.505841
-0.694098
-0.503014
0.033570
-0.299666
0.220998
0.417942
0.210575
0.066398
0.296158
0.617556
0.264701
0.496639
-0.235397
-1.926328
-0.973750
-1.227601
-1.511356
-0.704170
-0.394723
0.281263
-0.085419
0.110291
-0.006473
-0.031220
1.682197
1.648942
0.569329
0.453744
1.276747
0.457360
0.804205
1.247586
0.931164
0.673374
0.613524
0.876565
0.773834
0.588599
0.323157
-0.288500
-0.467733
-0.787038
-0.994043
-0.252340
-1.512499
-2.235033
-1.059584
-1.554447
-1.368933
-0.596498
-0.940822
-0.599256
-0.855283
-0.541841
-0.451087
-0.020484
-0.576564
-0.510553
0.552843
0.430769
0.610549
0.077895
0.554050
0.759000
1.247068
1.586447
0.812131
0.338219
0.247889
0.850601
0.729481
1.160073
0.730126
0.031208
-0.078080
-0.196304
0.104247
0.242811
-0.501511
-0.354226
-0.247866
-0.180265
0.184918
-0.237726
-0.565501
0.074728
0.841939
0.593214
-1.052833
0.173825
0.162085
-1.297284
0.309211
0.403540
-0.080821
-0.005772
-0.619427
0.878255
0.690835
0.318903
0.489186
0.666557
0.251987
0.046441
0.015326
0.864405
0.838059
1.173535
-0.219745
0.396483
0.644296
-0.247076
0.191593
-0.228490
-0.315259
-0.365985
0.013171
-0.300282
-0.814605
-1.100190
-0.281206
-1.105688
-0.484314
-0.905316
-0.692687
0.496791
-1.555273
-1.468778
-0.872247
-0.072730
1.098546
-0.102027
0.385341
0.843230
0.498736
-0.323840
-0.743657
-1.643895
-1.173820
-0.568537
-0.555537
-0.469684
-0.468045
-0.805182
-0.711489
-0.382717
0.066437
0.546522
0.930351
1.480438
0.136057
0.043424
0.020976
0.004099
0.178026
-0.585072
-0.400055
0.216978
-0.337962
-1.173964
-0.755207
-0.639216
-0.045942
0.123463
0.409981
0.728829
1.082828
0.692251
-0.428988
0.614724
0.638176
-0.414279
0.198227
0.330507
0.522773
-1.106546
-0.971250
-0.192376
-0.543027
-0.293678
0.454246
0.597159
0.061228
0.584164
0.576686
0.469086
0.239329
-0.075822
0.296198
0.550588
0.797591
0.026524
0.044431
0.694358
-0.266904
-1.282954
-0.477072
0.306542
-0.740948
-1.321996
0.114916
-0.836399
-1.662493
-1.395597
-1.587610
-0.305987
-0.419307
-0.257463
1.383485
0.126106
0.605587
0.876985
0.490908
0.745584
0.469325
0.846562
0.516166
