-0.203001
-1.263704
-1.495891
-0.416004
0.766629
1.841579
2.462217
2.793886
2.633533
2.524955
2.255767
1.267331
0.629487
-0.019318
-0.069618
-0.368640
-2.218836
-3.628407
-3.502643
-2.363346
-0.986874
0.303134
1.527458
1.525250
1.152768
0.852115
0.131672
-0.282994
-0.574766
-0.743899
-1.004967
-1.686348
-1.896023
-1.159270
-0.365236
0.087641
-0.007311
0.356978
0.186324
-0.050333
0.693939
1.394071
1.486646
0.928373
0.719811
0.038086
-0.541521
-0.333563
-0.016726
-0.055892
-0.397706
-0.405639
-1.391804
-2.771374
-3.196243
-2.669154
-1.623303
-0.057783
1.205141
2.590093
2.450077
1.862058
1.401852
0.734274
-0.061446
-0.946147
-0.923444
-0.964446
-0.920306
0.055235
1.311195
2.290041
2.779587
2.750875
2.095971
0.608486
-0.270165
-0.197033
-0.251836
-0.534146
-1.267177
-1.387092
-1.257315
-0.674547
0.556661
1.195487
0.947779
0.626105
0.499138
0.527143
0.551578
0.113718
-0.620924
-1.005063
-1.822031
-2.299454
-2.466196
-1.932909
-0.914710
-0.568722
-0.122521
0.632886
0.719811
0.254524
-0.688805
-0.837652
-0.994688
-0.458182
0.059835
0.290538
0.517751
0.282934
0.321474
0.350295
0.938390
0.738899
0.042552
0.090073
0.152239
0.158744
-0.259409
-0.394905
0.191641
0.485796
0.609608
0.570726
0.466554
-0.170213
-0.343130
-0.129200
-0.165224
-0.337657
0.271758
0.646059
0.758032
0.720742
0.815254
0.439234
0.411412
-0.438375
-0.761673
-0.536745
-0.463301
-0.429769
-0.366303
-0.271460
0.064926
-0.035200
-0.059976
-0.149636
-0.808481
-0.875509
-0.616704
-0.148243
0.084674
-0.305109
-0.585098
-0.421993
-0.293080
-0.306869
-0.718715
-0.325418
-0.254712
-1.102440
-1.222965
-0.369371
0.274849
0.508506
0.692839
0.637512
0.676852
0.028629
-0.909406
-1.186164
-0.930520
-0.563124
-0.265486
-0.142352
0.704139
0.981559
1.461000
1.136184
0.620093
0.427855
0.017597
0.060607
-0.370238
-0.535843
-0.108432
0.033727
0.259548
-0.087930
-0.419853
0.131629
-0.185163
-0.377478
-0.135797
-0.741900
-1.213990
-1.039204
-0.682964
0.316846
-0.194023
-0.679780
-0.183435
0.089080
0.729727
1.120233
0.891782
0.612769
-0.173233
-1.164392
-1.699384
-1.748992
-0.976750
0.054355
0.290229
0.505114
0.656233
0.663901
0.367584
0.302841
0.388839
0.479129
-0.273526
-0.657327
-0.712680
-0.521352
0.156341
0.803005
1.060160
0.044705
-0.131563
0.231415
0.331486
0.578718
0.956130
1.446042
2.075532
1.730053
0.917929
0.850203
0.838673
0.620287
0.294857
0.074051
-0.537823
-0.632111
-0.289777
-0.197717
0.570923
0.851688
0.533760
0.115357
0.085613
0.054958
0.082071
-0.168202
-0.913658
-1.310536
-1.630173
-1.178646
-0.490700
0.047450
0.499833
0.547607
1.106995
0.893513
0.463122
0.427387
-0.194358
-0.988163
-1.321067
-0.281855
0.357672
0.774592
1.311787
1.734967
1.834217
1.661825
1.589328
1.569957
0.899978
0.070987
-0.383370
-1.429726
-2.087690
-2.316335
-1.650929
-0.379145
-0.376801
-0.579415
-0.145652
0.450263
0.859935
0.886346
0.507539
0.256818
-0.589512
-1.615399
-1.584464
-1.249575
-0.971166
-0.484450
-0.123549
0.787903
0.762222
0.751723
0.849118
0.611062
0.082212
-0.892217
-1.208672
-1.225657
-0.750349
0.427819
1.271696
1.602321
1.496555
1.397387
1.534287
0.929946
0.092412
-0.490108
-0.962898
-1.212138
-1.201182
-1.005829
-0.374422
-0.602609
-0.345764
0.092135
0.115295
0.139572
-0.145015
0.040420
-0.039003
-0.656240
-0.717297
-0.411853
0.242771
0.881310
1.655386
1.102135
0.152726
-0.261876
-0.588159
-0.613635
-0.578705
0.127771
0.050877
0.016788
-0.063838
-0.098955
-0.037938
-0.065738
0.057835
-0.616200
-1.096158
-0.676394
-0.139041
0.157252
0.395596
0.396000
0.633841
0.887949
0.293127
0.138457
0.564411
-0.359388
-0.896307
-0.369866
0.411495
0.620414
0.175249
-0.060203
-0.004765
0.114537
0.362672
0.381661
0.768783
-0.063955
-0.688828
-0.440561
0.146413
0.438264
0.675033
0.222769
-0.706505
-1.332942
-0.962081
-0.414996
0.327155
0.824943
1.213266
0.469687
-0.126874
-0.259014
-0.321223
-0.250405
-0.140221
-0.171722
0.169368
-0.299468
-0.700531
-0.564907
0.041752
0.940612
1.104925
1.190192
0.397910
-0.086920
0.133051
0.020809
-0.418631
-0.850473
-0.189523
-0.106851
-0.113091
0.274148
0.437791
-0.011437
-0.154309
0.467571
0.509527
0.255083
0.413571
-0.155532
-0.762068
-0.988592
-0.874479
-0.190817
-0.369374
-0.009798
0.708223
0.752000
0.645562
0.523859
0.671519
0.408913
-0.520016
-0.776258
-0.858403
-0.897892
-0.513138
0.124724
0.774052
0.436239
0.235238
0.199899
-0.249381
-1.160662
-1.170457
-0.927253
-0.728348
-0.123130
0.672661
0.952131
0.600448
0.252195
0.612994
0.684786
0.311377
0.179071
0.598910
0.577034
0.786468
0.341276
0.026214
0.033306
-0.206666
-0.305101
-0.172266
-0.019259
-0.098890
-0.069612
0.061680
-0.686285
-0.781952
-0.154509
0.288961
0.593465
0.670065
0.675316
0.926859
0.359462
0.185462
0.151819
-0.194982
-0.798994
-1.151135
-0.908878
-0.519788
-0.765457
-0.541117
0.128300
0.671271
1.061321
0.985605
0.728654
0.571130
-0.380431
-0.983167
-0.449174
0.339067
1.249176
1.802955
2.168139
2.005831
1.185439
1.046211
0.771619
0.002141
-0.818584
-1.591675
-1.352309
-1.130581
-0.764196
-0.008840
0.598002
0.989926
1.201581
1.181495
1.183188
0.593865
-0.285842
-0.751118
-0.974983
-1.086298
-1.742135
-1.365041
-0.596653
0.155510
0.573673
0.762763
0.693201
0.618140
0.788273
0.250907
-0.052349
-0.865442
-1.957405
-2.222690
-1.706837
-0.420263
0.701192
0.748314
0.877747
1.271302
1.103578
0.929743
0.139178
-0.377127
-1.777839
-2.709127
-2.513300
-1.784843
-0.335627
0.440868
0.816804
1.289261
1.243931
0.877270
0.707953
-0.182812
-1.173536
-1.549204
-2.070602
-2.100002
-1.016617
0.193908
0.823334
0.959228
0.954642
1.339863
1.446456
0.970317
0.353683
-0.369766
-1.134642
-1.906863
-1.235212
-0.787915
-0.270270
0.195224
0.297535
0.357315
0.650540
0.346926
-0.721897
-0.850808
-0.784378
-0.722916
-0.638807
-0.014195
-0.140082
-0.403258
0.186140
0.714514
1.010698
1.084232
0.759966
-0.161403
-1.786319
-2.876658
-3.398046
-3.110712
-1.471052
0.076321
0.543566
1.098394
1.434789
1.528609
1.391169
1.086005
0.946563
-0.051470
-0.896097
-1.392472
-1.993238
-2.357971
-1.646306
-0.680351
-0.171641
0.735061
1.474039
1.959067
1.968078
1.882654
2.038122
0.893131
-0.221908
-0.509830
-0.648701
-0.486366
-0.325599
0.649006
0.676486
0.410691
0.694652
0.733940
0.527497
0.175148
-0.104780
0.331624
0.111452
-0.128737
-0.095643
0.254572
0.474312
-0.137837
-0.271464
-0.278429
-0.552512
-0.125708
0.095658
-0.073692
-0.505387
-0.597310
0.108378
0.163222
0.190208
0.417868
0.171957
0.147513
-0.199975
-0.505152
-0.314223
-0.730414
-1.027270
-0.556665
-0.080878
0.794391
1.150002
0.808741
1.065325
0.401734
-0.072975
0.128294
0.052977
-0.374334
-1.223733
-1.225539
-0.776752
0.059461
1.325737
1.863121
1.501638
0.844142
0.326439
0.517845
1.248573
1.109394
0.385148
-0.494519
-1.174470
-1.403398
-1.395900
-1.446563
-0.941382
-0.394952
0.385948
0.973937
1.218103
1.079489
0.616892
0.094995
0.320191
-0.043788
-0.452702
-0.135813
0.209869
0.297525
0.505337
0.899400
1.427302
0.664487
-0.174533
-1.302029
-1.893240
-1.318574
-0.739569
-0.043916
0.493309
0.508687
-0.130013
0.114257
0.710178
0.764791
0.326282
-0.296893
-0.366633
-0.093254
0.035341
0.626333
1.591383
1.724448
1.334593
0.810515
0.175359
0.025090
-0.253418
-0.698772
-0.694774
-0.576845
-0.629576
-0.771444
-0.615555
-0.723521
-0.216933
0.607588
1.023127
1.227859
0.301215
-0.167938
-1.231587
-1.575572
-0.745593
-0.028105
0.265311
0.201182
-0.550503
-1.168227
-1.094749
-0.873050
-0.657394
0.071686
0.217890
-0.215632
0.220419
1.091479
1.558819
2.039544
2.128346
1.241964
-0.092162
-0.648684
-0.799301
-0.936437
-0.657210
0.179185
0.023553
-0.048208
0.633703
0.538107
0.397393
0.167328
0.202132
-0.377807
-0.548749
-0.475912
-0.554025
-0.324931
0.283633
-0.000320
-0.830245
-0.723191
-0.350212
-0.212408
0.099094
0.018161
0.487975
0.504707
0.141502
0.236659
0.294040
0.166598
0.140139
0.320528
0.182181
-0.142291
-1.176817
-1.955036
-1.651897
-0.895386
-0.199550
0.784612
0.404501
-0.152768
0.189252
0.774003
1.490184
1.566474
1.150189
0.191101
-1.009427
-1.508477
-1.734428
-1.874653
-1.371275
-0.247801
0.604007
1.073704
1.741959
1.583428
1.072532
0.505825
0.773203
0.179089
-0.638596
-1.190030
-2.176436
-2.375690
-1.902110
-1.620956
-0.822912
-0.131768
0.424971
1.040183
1.322762
2.117558
1.510125
0.081379
-0.540842
-0.548753
0.133637
0.775969
1.568523
1.184948
0.547373
0.355054
0.471695
0.217588
-0.250846
-0.593408
-1.431483
-1.886062
-1.273376
-0.590696
-0.455337
-0.241829
0.304507
0.263170
0.514216
1.139601
0.761627
0.032056
-0.694294
-1.602342
-1.929357
-1.160350
-0.376777
0.011981
0.712256
1.037382
1.349067
0.571414
-0.036752
-0.479187
-1.050222
-1.342766
-1.366048
-1.092496
-1.207138
-0.460569
0.560738
0.860302
0.923805
0.999125
0.951400
0.115478
-0.567265
-0.835712
-1.039661
-0.586499
-0.016067
1.182256
1.552025
1.493685
1.495037
1.733223
1.963724
1.665168
1.701641
0.507374
-0.847865
-1.232571
-1.068296
-0.814844
-0.152336
0.754157
0.751558
0.613272
0.528597
0.255536
0.152538
0.143541
0.456665
-0.139522
-0.324563
-0.020969
0.333150
1.105838
1.979404
2.015282
1.459127
0.398994
-1.548781
-2.433608
-1.692973
-0.816241
-0.628400
-0.810547
-0.527620
0.030024
0.325091
1.187428
1.259221
0.947960
0.539854
0.054255
-0.595911
-1.834323
-3.144325
-4.339253
-4.362438
-2.902033
-1.077109
0.060013
0.344478
1.553811
1.984008
2.143855
2.518546
2.630062
1.888924
1.049538
1.310285
1.297075
1.612172
2.118362
1.488822
0.718522
0.332919
0.339546
0.171950
-0.407733
-0.991170
-1.218998
-1.404909
-1.322227
-1.488163
-1.228327
-1.420006
-1.855720
-1.686802
-0.866933
0.169715
0.680529
0.937858
1.409021
0.886060
0.154009
-0.394039
-0.850917
-0.921466
-0.394447
-0.010488
-0.177658
-0.077758
0.340834
0.359164
0.526231
0.428169
0.283459
0.170518
-0.195753
-0.060439
0.390814
0.699624
0.078114
-0.643768
-0.790068
-1.267863
-1.422008
-1.235007
-1.398986
-1.127088
-0.512958
-0.211396
0.243741
1.080139
1.532784
1.668379
