-0.785616
0.626397
0.079252
-0.385631
-0.582175
0.817156
1.071402
-0.042099
-0.509054
0.192809
1.149468
2.485349
2.331458
1.450445
0.319667
-0.066220
-0.062679
-0.899175
-1.341808
-1.305679
0.165104
0.722676
0.957228
-0.523373
-1.027288
-0.409017
0.546570
0.417320
-0.410347
-0.443073
-0.431289
-0.118713
0.302565
0.442109
-0.852770
-1.425883
-0.866330
0.029933
-0.216014
0.018280
0.055318
1.290635
0.517018
-0.590951
-0.260263
0.020251
1.195269
1.262678
0.714519
0.670803
-0.285164
-0.156271
0.978096
-0.339408
-0.816951
-0.603842
-0.605946
-0.644149
-0.656767
-0.015165
0.089823
-0.072696
-0.363664
0.466070
0.734769
0.403335
-0.433971
-0.105002
-0.279844
0.591149
-0.379841
-0.612872
-0.424560
-0.761282
-1.181814
-0.680865
-0.500369
-0.368861
-1.362754
-1.864147
-0.975832
-1.021452
-0.418699
-0.303894
0.361011
0.991556
1.187293
1.361938
1.700458
1.794646
1.210812
-0.213973
-1.274844
-1.670244
-1.432759
-1.152237
-1.481241
-1.014679
-1.226014
-0.771448
-0.269636
1.234412
1.932223
0.892739
0.284102
0.958599
1.237664
1.754499
1.030721
-0.580558
-0.182470
1.799703
0.983115
-0.019816
0.332472
0.929910
0.729052
0.413760
-0.260250
-0.441145
-0.265941
-0.863513
-0.796526
-0.317234
0.112700
0.475435
0.476814
0.649745
0.811627
1.029776
1.066336
0.404001
-0.982398
-0.410898
0.110884
0.551918
0.297157
0.217445
0.229034
-0.062582
0.032779
0.451210
-0.332890
-0.657174
-0.899988
-1.714623
-1.384331
-1.524830
-0.662877
0.140570
0.625437
0.939350
1.850614
1.152021
-0.108045
-0.748570
-0.469946
0.194809
0.083899
-0.569560
-1.190670
-0.713652
-1.018817
-0.333588
0.936996
1.624339
1.508089
1.904585
0.495235
0.018812
-0.318235
-0.319913
0.017783
-0.342606
-0.189027
-0.689749
-0.293856
-0.505185
-0.471604
-0.399405
0.370988
0.498325
0.509843
0.369878
0.634574
0.530535
0.614444
-0.200298
-0.282321
-0.363756
-0.339772
-0.385655
-0.361590
0.221604
-0.584948
-0.529758
0.158986
1.932114
2.160617
1.794561
1.319139
0.790328
-0.570994
-1.058555
-1.498998
-1.264474
-1.732595
-2.141600
-1.458016
-0.970366
-0.611649
-0.777642
-0.157924
0.800273
0.335312
-0.259414
0.766109
0.931629
0.936236
-0.102211
-0.500753
-0.779889
-1.037783
-0.957473
-1.718246
0.098239
0.248395
1.085367
2.730242
2.054200
0.820627
0.810888
0.718800
0.824362
0.207369
0.442921
0.374239
-1.152988
-1.979408
-2.326996
-2.164569
-1.836332
-0.310656
0.861532
1.290432
1.177310
1.208705
0.740257
1.302268
1.374355
0.732645
-0.152888
0.211357
0.338555
-0.878299
-0.868177
-1.017823
-0.367346
0.621373
2.065629
2.508406
2.309525
1.797639
0.971324
1.090514
1.545090
0.958624
0.969552
0.259978
-0.694094
-0.701756
-0.501832
0.227882
0.598822
0.660729
-0.665813
-1.154759
-0.828459
-0.562578
-0.770898
-0.267793
-1.376217
-2.355651
-2.073577
-1.128844
0.266875
1.593829
2.324390
1.867030
2.566156
1.856058
1.680675
1.051178
0.096126
-0.985641
-0.971801
-1.106936
-1.606722
-1.278709
0.213015
0.946108
0.838793
0.732795
0.010834
-0.632522
-0.603454
-0.780641
-1.058017
-1.068068
-1.753194
-1.601284
-1.774508
-2.097239
-2.631367
-2.012354
-1.405858
-1.289207
-1.208919
-1.023802
-0.280198
-0.364747
0.065763
0.335239
1.011752
0.977923
0.149661
-0.852996
-0.385750
-0.620368
-0.051008
-0.504524
-0.361163
0.000699
-0.289893
-0.346002
-0.814786
-0.804107
-0.955682
0.103836
0.102991
0.055758
0.150066
-0.315858
-0.443580
0.570848
0.302952
0.580164
0.217315
0.695310
0.354825
0.622911
1.461874
0.894029
0.150344
-0.151869
-0.149779
-0.545447
0.013217
-0.125848
0.271354
0.199037
-0.000865
0.545657
1.300830
1.252245
0.819795
1.200852
2.073731
3.552679
2.829060
1.875313
1.633368
0.994992
-0.541171
-1.376732
-1.780260
-1.954027
-1.613743
-0.845861
-0.872140
-1.237882
0.308697
1.403781
1.975020
1.379575
0.833143
0.463087
0.151177
-0.723735
-0.899813
-0.514758
-0.188914
-0.644105
0.253010
1.069056
1.602685
1.703655
1.352376
1.328868
0.373974
0.200294
0.037247
0.177178
0.015544
-0.566189
-0.668026
-0.700042
-0.649976
-1.012739
-1.526816
-0.896947
-0.653479
-0.141435
-0.026153
-0.302266
-0.381382
-1.034934
-0.416392
-0.266228
0.104504
-0.690633
-0.179307
0.369537
0.323370
0.265257
0.531614
1.045871
0.507937
-0.146025
0.147355
0.614964
-0.140053
0.001231
-0.267027
-0.956364
-0.908642
-0.674688
-0.592184
-0.303649
-0.200127
-0.352020
-0.177401
-0.108762
-0.166040
-0.247997
-0.005640
0.610376
0.530263
0.239884
0.625035
0.032232
-0.036218
0.033059
-0.035906
-1.329285
-0.838180
-0.650891
-0.277950
-0.394851
-0.419249
-0.140150
0.480195
0.044528
-0.892853
-0.682643
-0.215124
0.168918
0.041344
0.449953
0.415231
0.202609
0.144312
0.681988
-0.024843
-0.442678
-0.781895
-0.769668
-0.231900
-0.453897
-1.097556
-1.155252
-0.666362
0.172149
0.893997
0.447430
0.878776
0.858111
1.205772
1.473440
1.788859
0.904218
0.311281
-0.060107
-1.154822
-0.595659
-0.501827
0.498987
0.428131
0.475562
0.498206
1.205768
1.077257
0.469915
-0.100816
0.507867
0.940990
0.720149
-0.546987
-0.893104
-0.276117
-1.165322
-0.862849
-0.454970
0.511531
0.742880
1.172491
0.880886
0.625216
0.535052
0.139860
-0.708547
-1.114773
-1.262523
-1.856357
-1.895230
-0.940593
-0.557827
-0.593955
0.162107
0.753054
1.436465
0.655675
0.565140
-0.005945
0.029708
-0.282967
-0.166282
-0.574696
-0.526107
-0.887646
-0.759935
-0.213323
0.045287
0.114769
0.705679
1.731784
2.046548
1.869704
0.692997
0.752089
0.472242
0.179988
-0.460302
-0.902904
-1.032379
-0.565271
-0.447757
-0.925097
-1.064915
-1.588975
-0.479867
0.344269
0.853211
0.576359
0.334340
0.427667
0.915099
0.985261
1.079021
-0.005058
-0.540121
-0.190294
0.311998
0.859473
-0.166885
-0.400565
-0.866709
-0.306446
0.126750
-0.234703
-0.446967
0.451285
0.043650
-0.202490
-0.621493
-0.889197
-0.608599
-0.465910
-0.443281
-0.315548
0.920394
0.545054
-0.003261
-0.364457
0.227602
0.936881
0.520587
-0.680542
-0.446980
-0.307068
0.115118
-0.582622
-1.445959
-0.935495
-0.797325
0.067403
-0.585198
-0.269107
-0.526638
-0.165738
-0.397723
-0.199818
0.430605
0.361895
-0.569553
-0.499134
-1.139915
-1.559223
-1.151707
-0.198834
0.498721
0.580513
0.930041
0.626987
0.299101
-0.226369
0.230956
0.197376
0.581637
0.567887
0.752948
1.197272
1.500546
0.522653
0.951546
1.311641
1.183314
1.112132
0.796482
1.054456
0.878569
2.079724
2.603588
1.773436
0.879336
1.136762
1.080249
1.546438
1.256249
0.510223
-0.342160
-0.692391
-0.867005
-1.739570
-2.041238
-1.991985
-1.140959
-0.712449
0.112638
0.916387
1.463430
1.136537
0.098232
-0.914017
-0.889912
-0.657713
0.135969
0.471091
-0.265330
-0.951579
-1.016632
-0.375079
0.355736
1.089402
0.948624
0.667320
0.296598
0.311301
0.442688
-0.130993
-1.903808
-1.248196
-0.277415
0.039732
-0.148769
0.418918
0.613726
0.261422
0.995055
0.986675
0.404155
-0.968699
-1.257011
-1.710800
-1.456292
-1.237595
-0.726442
-1.366366
-2.367258
-2.249056
-2.329474
-1.723253
-1.105381
0.188254
-0.348251
-0.802166
-0.836334
-0.241684
0.050574
0.478451
1.036573
1.324194
1.215695
1.728139
1.426351
0.181949
-1.015799
-1.166713
-0.771038
-0.913200
-1.075356
-2.005481
-1.886117
-1.124847
-0.708418
-1.001932
-1.027014
-0.721490
-0.557934
-0.314583
0.311678
0.916643
1.241259
1.589323
0.715406
0.062063
-0.404421
-0.427979
-0.078714
0.060207
0.132758
0.567399
0.147524
0.170902
0.590730
1.396276
1.160571
1.358593
2.410646
2.329913
1.231944
1.214876
1.644879
0.748896
0.261901
-0.339853
-0.312206
-0.379613
-1.080309
-1.686441
-1.570708
-1.757921
-1.782531
-1.468039
-1.127906
-0.349776
-0.341011
-0.095021
-0.558387
-0.024836
0.976445
1.721721
1.253914
1.252859
1.625928
1.941196
2.198000
1.963022
1.742689
1.370426
1.442217
1.154337
0.069927
-1.085792
-1.065015
-0.226165
0.889650
0.994942
0.835500
-0.015128
0.428912
-0.178565
-0.809222
-0.818467
-1.062723
-1.014619
-0.593208
0.036970
-0.608241
-0.645590
-0.145745
0.237114
-0.272897
-0.154510
0.383989
0.647928
0.865519
1.660883
1.266329
1.148018
0.473505
-0.597811
-0.587354
-0.995170
-1.613152
-1.472727
-0.310139
0.214423
0.144829
0.120012
0.750451
1.031259
1.114336
0.544751
0.475424
-0.968621
-1.736811
-1.840650
-1.909798
-0.909226
-0.771162
-0.352862
-0.332166
-0.064059
-0.339663
-1.154394
-1.770194
-1.383617
-0.987711
-0.373613
-0.807052
-0.876256
-0.573507
0.647705
1.848615
1.554732
1.191446
1.309593
1.542830
1.019266
0.450235
0.371406
0.653645
-0.337403
0.081648
-0.154258
-0.634938
-1.043266
-0.807665
-0.130270
0.815705
1.478616
1.277796
1.322685
0.484838
0.322944
-0.000209
-0.127569
-0.860307
-0.907054
-0.919317
-0.418176
-0.672836
-0.463177
-0.800365
-0.777224
-0.909249
-0.819193
0.007681
0.532832
1.184710
0.555432
0.613630
0.020424
0.685091
0.822526
0.901750
1.242088
-0.042095
-0.579685
0.155394
0.286496
0.110998
0.879572
0.999618
2.192096
1.481317
0.253072
-0.086111
-0.131982
0.241707
0.533103
-0.319044
-1.274849
-1.216138
-0.507622
-0.323847
-0.124892
0.610961
1.091976
0.508282
-0.575029
0.427490
0.857330
1.080765
0.967751
0.805817
-0.034451
-0.117898
-0.481529
-1.205649
-0.880699
0.683508
0.961099
0.505907
0.905329
0.313690
0.555824
0.250867
-0.750873
-1.047883
-1.114738
-1.700198
-1.118372
-1.057929
-1.491963
-1.062501
0.232039
0.663633
0.443476
0.765693
0.903673
1.281056
1.386184
1.534277
0.742258
0.079506
-0.677583
-0.059027
-0.865724
-1.371363
-1.300241
-0.122454
0.390736
0.684473
1.094147
0.688247
0.666146
0.201387
0.107063
-0.101354
-0.511640
-1.156274
-0.482405
0.622648
1.098036
1.494365
2.218209
1.590181
1.136408
1.148442
1.310983
1.046086
-0.118996
-0.376725
-0.607070
-1.333132
-2.639097
-2.182873
-1.297768
0.926951
2.080639
2.463334
1.823384
1.230117
0.892328
1.126791
0.335131
-0.979789
-1.339190
-2.395264
-3.269880
-3.772185
-2.151569
-1.208724
-0.451191
-0.790814
-0.387024
0.123247
0.494533
-0.089975
-0.331815
-0.716842
-1.915473
-2.670753
-2.667398
-2.353279
-1.040596
1.192534
2.085855
1.863898
0.653995
0.833070
-0.166368
-1.390656
-1.409275
-0.536147
-0.292364
-0.592498
-1.537731
-2.146807
-1.390731
-1.133727
-0.607547
