-0.274399
-0.327361
-0.157167
-0.799458
-0.977261
-1.041696
-0.146527
0.176483
-0.024208
-0.276176
0.367547
0.689049
1.215160
0.639825
0.503753
0.598115
0.157889
0.509753
-0.112388
-0.744894
-0.522953
-0.462001
-0.471528
-0.037161
0.393856
0.509743
0.709020
0.592108
-0.156628
0.035482
-0.175595
-0.557992
-0.176885
-0.715823
-1.665506
-1.297065
-0.790868
-1.310402
-0.646015
0.009390
0.486325
0.495253
0.238856
0.566848
0.644312
0.676340
1.295862
1.356867
0.639240
0.156240
-0.043390
0.738374
0.655969
-0.092453
-0.081031
-0.109958
0.553306
0.962198
0.507340
0.200858
-0.147603
-0.072911
0.107319
-0.250686
-0.672775
-0.529176
-0.178013
-0.767312
-0.703745
-1.024415
-0.794220
-1.005022
-0.612938
-0.917552
-0.411103
0.485531
0.205386
0.324331
0.755567
1.410581
1.327310
0.842588
0.279246
-0.282063
-0.345736
-0.662211
-0.706854
-0.105409
-0.464358
-0.822581
-0.685601
0.021007
0.169905
0.033946
0.027048
0.059106
0.204903
0.183548
0.214079
-0.261582
-0.694524
-1.107680
-0.919745
-0.973205
-0.858731
-0.248550
0.225619
0.249696
0.703575
0.354558
-0.393932
-0.152839
-0.891563
-1.133683
-1.036712
-1.161431
-1.564851
-1.406649
-0.686033
-0.406227
-0.247729
0.098585
0.159170
-0.072407
0.094807
-0.020499
-0.462681
-0.527968
-0.159807
0.037554
0.070628
0.136594
0.656202
1.394923
1.645226
1.600762
2.035452
2.185111
1.973825
1.488310
0.909411
0.622776
0.356873
0.728686
0.065588
-0.227939
-0.150857
0.165471
0.501804
0.785186
0.780389
1.064360
1.223550
0.813309
0.116835
-0.019170
-0.210567
-0.052638
-0.152977
-0.744135
-0.640829
-0.652749
0.401542
0.799703
1.727407
1.905756
1.357139
1.050661
0.884295
0.896753
0.813583
0.368621
-0.212784
0.348092
0.708742
0.920933
1.057352
1.087912
0.896552
0.740153
0.550189
0.443660
0.675818
0.549186
0.345194
-0.192367
-1.003341
-1.075250
-0.484262
-0.114503
-0.092782
-0.577765
-0.112543
0.193326
1.237468
1.509134
0.801855
0.188660
-0.491507
-0.822774
-0.587465
-0.400799
-0.080241
0.143879
-0.254474
0.179287
0.199255
0.494440
0.447661
0.223635
-0.560473
-1.375814
-1.036894
-1.722136
-1.921047
-1.572158
-2.196495
-2.268472
-1.820862
-0.543064
-0.460151
-1.156122
0.827813
1.787370
0.877402
0.525177
-0.225889
-0.355631
-0.419720
-1.031322
-1.481986
-2.377700
-1.795841
-1.478630
-1.371623
-1.380246
-0.998950
-0.385025
-0.245738
-0.116637
-0.634865
-0.338042
-0.288180
-0.114647
-0.170111
-0.494161
-0.909197
-1.333001
-1.711461
-1.202796
-0.674697
-0.588908
-0.037658
0.964301
1.193805
0.537818
-0.041011
-0.117736
0.554975
0.531181
0.931830
0.973420
0.954004
0.428128
0.757667
1.168874
1.303520
1.535121
2.001827
1.803920
1.131799
0.647492
0.420720
-0.130606
-1.183207
-1.939829
-1.938699
-1.200051
-0.294352
-0.039346
-0.027690
-0.586969
-1.473009
-1.217924
-1.471802
-1.761234
-1.669440
-2.117197
-2.309217
-1.898470
-0.767002
0.626271
1.830609
2.518775
3.092222
2.661198
2.095611
1.421638
1.274935
0.407271
-0.259882
-1.022122
-2.226632
-2.214584
0.085811
2.107724
2.169055
2.804917
3.239415
3.284856
3.200335
2.600407
2.086583
2.490374
1.941650
1.603547
0.600456
0.229543
0.397009
-0.482341
-1.224008
-1.721441
-1.921113
-2.196013
-1.561426
-1.202090
-1.000520
-0.577829
0.096807
0.168424
-0.241848
-0.555600
-0.228243
-0.712840
-1.428752
-0.522502
-0.512864
-0.428271
-0.356641
-0.800858
-0.843610
-0.536571
0.150566
0.700199
0.287544
0.266926
0.739420
1.298066
1.730482
1.422463
0.999819
0.650164
0.136456
0.794051
0.742370
-0.364358
-0.944035
-0.660357
-0.786161
-1.092001
-0.270518
0.657237
0.929932
0.504476
0.903976
1.399644
1.079198
0.538580
-0.119112
0.556695
0.802442
0.805305
0.671231
-0.053286
-0.809126
-0.952600
-1.109567
-0.580131
-0.328899
-0.796124
-1.348706
-1.279934
-0.732723
-0.437646
0.132376
0.081385
-0.253384
0.129615
0.446748
0.509185
-0.029368
-1.064929
-1.698453
-2.438930
-2.365772
-1.883225
-2.235160
-2.331344
-1.465614
-0.112470
0.395785
0.913453
1.040041
1.337248
0.810986
0.053694
-0.418699
0.070022
0.185302
0.385412
0.290062
-0.154866
-0.800262
-0.917710
-0.280590
-0.352162
0.386938
0.503048
1.082345
1.861178
1.807028
1.160978
0.327153
0.063660
0.232817
-0.191391
-0.613076
-1.764882
-1.913033
-2.091081
-2.333227
-2.129461
-2.001649
-1.357308
-1.315746
-1.050860
-0.617500
-0.099434
0.383349
0.698714
0.783028
1.162702
1.224796
1.838146
2.207456
1.983274
1.653655
1.137734
1.096753
0.780012
0.908903
0.625279
0.466208
0.182094
0.120679
0.343217
0.512647
0.184859
0.300820
0.278772
-0.355671
-0.237921
0.476583
0.958924
1.149089
1.793766
1.254274
0.473707
0.399901
0.590204
0.397880
0.345119
-0.498809
-0.473064
0.035834
0.615849
1.070363
1.335114
1.356046
0.773741
0.499831
0.498651
-0.073137
-0.750444
-0.711001
-0.542500
-0.782932
-1.355303
-1.113136
-1.049646
-0.297770
0.496176
1.047106
0.943672
0.119160
-0.461122
-0.220907
0.158431
-0.242107
-0.665066
-1.133592
-1.249850
-1.355817
-1.428697
-2.430135
-2.925171
-3.124862
-3.606095
-3.254042
-2.695897
-1.283065
-0.122552
0.911609
1.342498
1.551801
1.053542
0.789743
0.558452
0.476885
0.562829
1.125655
0.979902
1.068025
0.974107
0.717364
0.915736
0.153385
-0.544465
-0.969125
-1.099685
-0.703063
-0.522613
-0.382777
-0.455954
-1.088890
-1.371751
-1.487930
-1.635653
-2.256864
-2.362200
-1.359785
-0.865309
-0.631354
-0.790203
-0.699091
-1.101071
-0.816437
0.353939
1.284937
2.003574
2.415575
2.372916
2.237133
2.280164
2.828249
2.363934
1.805030
1.373206
1.468459
1.659537
1.332553
0.969476
0.764707
0.957683
1.182194
1.266645
1.042431
0.440713
0.525556
0.875182
0.391126
-0.179295
-0.168351
0.326942
0.285310
-0.369516
-0.569487
-0.949539
-1.222840
-0.662922
0.031958
-0.042337
-0.189388
0.031386
1.426146
1.849113
1.881240
1.788594
0.700437
0.372561
0.160316
0.264205
-0.010097
-0.780304
-0.022962
0.175232
0.020348
0.042371
0.475390
0.380242
0.096994
1.017858
0.680274
0.255181
0.380176
0.275567
0.572085
0.192854
-0.261830
-1.043971
-0.810388
-0.409626
-0.726221
-1.231818
-0.744105
-0.236971
0.070254
0.134380
0.059586
0.034716
0.000581
-0.147155
-0.274408
0.338340
0.263443
0.453237
0.423524
-0.272035
-0.589591
-0.602030
-1.543234
-1.584731
-1.532089
-1.086380
-0.920121
-0.594363
-0.267001
-0.109658
0.269934
0.503310
1.009361
0.987361
0.574414
0.045113
-0.098541
-0.309114
-1.468880
-1.490573
-1.087925
-1.097647
-0.538404
-0.411792
-0.126303
0.414683
0.141757
0.186313
0.069309
0.235231
0.538198
0.600121
0.651571
0.134111
-0.583448
-0.612284
-0.812193
-0.823872
-0.327596
-0.246158
0.196271
0.684082
0.625219
0.540430
0.979835
0.534923
-0.257597
-0.290363
-0.403998
-1.055864
-1.380457
-1.455983
-1.285966
-1.136321
-0.701552
-0.414642
-0.141730
1.036992
1.213225
1.116242
0.671311
-0.223175
-0.084973
-0.218309
-1.144296
-1.776552
-1.102860
-0.239841
0.000847
0.530586
0.955352
1.062490
0.989741
0.651043
0.323232
-0.280296
-0.765643
-0.511108
-0.098566
-0.004070
-0.183133
-0.682928
-1.286654
-1.691511
-0.902875
-0.439294
0.174461
1.266072
1.291154
0.932892
0.403956
0.718803
1.237276
1.504461
0.725654
-0.137830
-0.426299
-0.248373
-0.714492
-1.325006
-1.620498
-1.400329
-0.833817
-0.729981
0.007142
0.765460
1.305209
2.044499
2.731162
2.709826
2.138883
1.155938
0.556400
0.062705
-0.095419
-0.739446
-0.803103
-1.182965
-1.617909
-1.217078
-0.487034
0.326790
0.885597
1.535333
1.924314
2.222400
1.560124
0.572297
0.153869
0.314605
0.124176
0.019294
0.123991
0.176344
-0.067634
-0.004868
0.081117
0.119882
0.571250
0.572069
0.596330
0.635561
1.097905
0.663519
0.462020
0.461080
0.355122
-0.468291
-1.122763
-1.335543
-1.534658
-1.871517
-1.363142
-0.736667
-0.609054
-0.324237
-0.527160
-0.876926
-0.532663
0.449494
0.526970
0.200882
-0.062585
0.274767
-0.074030
-0.525855
-0.968534
-0.703280
-0.100338
-0.195426
-0.557389
-0.812905
-0.360709
-0.014357
-0.697474
-1.698995
-1.876988
-1.859853
-1.884941
-1.830448
-0.857068
-0.520669
-0.465697
-0.326230
0.126682
1.531553
1.637665
1.542963
1.486073
1.517178
1.454220
1.210041
0.893460
0.260610
-0.107687
-0.179507
-0.242224
-0.218216
-0.248012
-0.785401
-0.847955
-0.829674
0.182116
0.782257
0.357528
-0.286812
0.129008
0.057132
0.165126
0.071504
0.207921
0.763485
1.701710
1.195676
1.247827
1.022249
0.778299
0.955905
0.183785
0.068951
0.501662
-0.193692
-0.930177
-0.779775
0.140727
0.352790
0.510168
0.518472
0.305341
0.601139
0.370822
-0.124995
0.287338
-0.221572
-1.290147
-1.692875
-1.342317
-1.488783
-1.115955
-1.009456
-0.341991
-0.384257
-0.395374
-0.607162
-0.172372
0.460723
0.599140
-0.045069
-0.164528
0.582107
0.664969
0.031439
-0.044023
0.051879
0.547971
0.676497
0.390889
0.293495
0.365188
0.451335
0.619939
1.242221
1.463764
0.917211
0.315004
-0.098328
-0.433180
-1.128220
-1.106033
-0.886835
-0.528499
-0.791724
-0.675383
-0.411782
-0.074044
0.391639
0.888203
1.085706
0.808505
0.766765
0.545556
0.537252
0.452668
0.359547
0.157856
-0.118462
-0.138047
0.424872
0.056665
0.183411
0.107921
0.222416
0.232525
0.304752
-0.275719
-0.689741
-0.658099
-1.183668
-0.831988
-0.169490
-0.001939
-0.021254
-0.068205
0.093030
0.228563
-0.131973
-0.077293
-0.913415
-0.968334
-1.127577
-0.737128
-0.492863
-0.644800
-0.519977
0.043136
0.359963
0.493948
0.664333
0.508221
0.045057
0.161192
0.983512
0.304318
-0.074785
-0.117924
0.124593
0.168606
-0.347689
-0.493147
-0.069687
0.175037
0.089707
0.122879
-0.026570
0.498907
0.665067
0.556128
0.764449
0.679557
-0.217784
-0.342406
-1.196339
-1.407167
-1.038410
-0.612872
0.550371
0.538956
0.330561
0.117175
0.931264
1.343962
1.922976
2.161749
1.653356
0.890964
0.755580
0.662220
0.578379
0.790485
0.739480
0.436825
-0.331734
-0.178534
-0.082777
-0.980754
-1.288387
-1.100613
-0.858767
-0.722553
-1.244171
-1.447723
-1.555271
-1.197162
-1.415941
-1.764263
-2.183423
-2.201378
-1.755144
-1.249126
-0.726780
-1.145564
-1.224284
-0.538195
0.362772
0.746486
1.172683
0.730303
0.491745
0.394711
0.615249
0.787209
0.375538
0.489716
-0.156646
-0.367601
-0.778486
