-0.969142
-1.712643
-0.388691
-0.594525
-0.549062
-0.615773
-1.295861
0.645405
1.126276
0.176769
0.613659
1.405605
1.720698
1.354643
0.984227
0.163710
1.085246
1.449544
0.346329
0.839257
-1.226469
-1.392906
-0.255043
-0.723531
-0.736405
-0.157332
0.048989
0.157491
0.070972
-0.877888
-1.555497
-1.033181
0.050000
-0.048842
-0.343400
-0.191519
-0.356091
-0.205327
-0.435675
-0.445795
-0.181566
-0.401888
0.021311
-0.327742
-0.018003
0.474261
1.345191
0.719703
0.206287
-0.752857
-1.189085
-0.150171
-0.005958
-0.321693
-0.080303
-0.798896
0.576415
0.540645
0.299286
0.211536
0.080316
-0.531001
-0.573965
-0.944601
-0.692943
-0.544266
-2.017104
-1.479454
-0.265906
-0.368340
0.329084
0.340383
-0.401444
-0.946351
-0.192476
0.735798
0.675315
-0.578819
-1.739217
-1.290647
0.459539
0.646353
-0.625495
-1.206617
-1.731642
-0.681998
-0.039570
-0.335092
0.211494
-0.388923
-0.247107
0.484442
0.638595
0.038732
-1.116136
0.753436
1.133934
-0.495031
-0.233882
-0.037686
-1.174532
-0.913649
0.428670
0.373322
-0.196808
-0.253735
-0.451489
0.721203
1.650089
1.747953
1.202583
-0.613751
0.916952
2.273227
1.225761
0.178476
0.449438
-0.534502
0.211550
0.042118
-0.482435
0.105653
0.627472
-0.530480
0.331296
-0.017635
-0.016319
-0.772566
-1.080056
0.042468
0.306249
1.063213
1.601163
0.300007
-0.129510
-0.405107
0.274500
0.888489
1.128898
1.544432
0.715544
-0.040314
-0.086023
-0.619306
-1.076260
-0.691502
-1.070780
-0.972851
-0.165541
0.357384
-0.565792
0.416862
1.040786
0.845605
0.354097
-0.704904
-0.903057
-0.510013
-0.154788
-0.537248
-1.578070
-1.131306
-0.269352
1.061059
1.791968
1.747072
1.638172
1.320875
1.837306
1.391099
0.845888
0.155666
-0.675811
0.823062
1.196442
0.497927
1.098262
1.129900
1.161351
0.310761
-0.115448
-0.225737
0.244155
0.572159
1.049612
0.722617
-1.494274
-0.650510
0.649984
0.573699
0.137071
-0.824112
-1.719664
-1.173577
1.743841
2.943282
1.522392
-0.030657
-0.964373
0.758628
0.313574
0.047747
-0.768131
-0.995229
-0.718997
-0.958524
-0.708334
-0.632270
-0.680710
-1.142174
0.571083
1.333818
1.225572
-0.172494
-1.296621
-0.705877
0.254604
-0.967664
-0.963359
-1.017726
-0.931910
-1.422882
0.401516
0.935838
1.371066
1.235948
-0.000710
0.094509
0.028158
0.772283
-0.382958
-0.621643
-0.019245
-0.149919
-1.416449
-1.884483
-1.030622
-0.165487
-0.250824
-1.035352
-1.571777
-1.953338
-0.983409
-0.344670
0.057028
0.180645
-0.708152
-2.065110
-1.309188
0.365169
0.223262
-0.835657
-0.724068
-0.604929
0.091781
1.019471
0.879315
0.799882
-0.110493
0.323954
1.197874
2.618319
2.368558
1.365014
0.328894
0.754639
1.582660
2.052000
2.535180
1.871182
0.716232
0.214830
0.898263
0.786573
-0.303188
-1.545607
-1.773987
-1.697922
-0.760258
-0.037156
0.204476
-1.292745
-1.291850
-0.798245
-0.372415
-1.360708
-1.724779
0.336596
-0.091757
0.333608
0.357239
0.651965
1.898790
1.463520
0.679916
0.233654
0.107233
1.016306
0.175775
-0.952057
-1.872323
-2.202363
-2.760744
-2.748271
0.092429
2.185686
2.708263
2.448407
0.373152
1.338445
2.169160
1.318482
1.245627
1.204551
0.177378
0.286445
0.625239
0.700315
0.873716
0.881513
0.113676
-0.630874
-1.526230
-1.581293
-2.531139
-1.700038
-0.343602
-0.594646
-0.125728
-0.740244
-1.624087
-0.112528
0.455949
0.642878
-0.786949
-1.226002
-0.986484
0.019306
-0.365641
0.781304
1.196161
-0.322358
-0.758717
-1.107904
-0.157823
0.509477
1.228213
1.577013
1.336047
1.476261
0.579593
0.217606
0.833516
0.366562
-0.834693
-1.062277
-1.432874
-1.827828
-0.351242
-0.438312
-0.735583
-0.004621
0.277699
1.214517
1.857659
2.141282
2.957252
2.168058
1.257563
1.957320
2.670727
1.296400
0.239416
-0.051579
0.313629
0.165210
-1.145167
-1.515206
-1.484671
-2.657034
-2.310934
-1.091984
-0.525434
0.009576
-1.236669
-0.600814
0.659447
-0.780417
-0.452104
0.071646
-0.256367
0.048821
-1.295711
-2.062335
-1.986594
-1.257450
-0.474190
-0.344110
1.011356
2.182769
1.790731
1.178848
1.539421
1.158498
1.072765
-0.629469
-1.118536
-1.530774
-2.100094
-0.974687
0.992535
0.302351
0.552370
-0.946515
-0.746011
0.098091
-1.202648
-0.623334
-0.253154
0.553146
1.644860
0.746450
0.112739
0.299050
0.015068
0.494087
-0.401577
-0.905380
-0.370115
-0.784012
-1.034705
-0.134981
-0.002658
-1.401629
-0.669955
-0.395719
-0.865249
-0.328897
0.170904
-0.191245
0.125595
0.518685
0.812512
1.677076
0.911671
0.909117
0.338298
1.640563
2.057264
1.499793
0.255918
-0.955918
-1.350154
-0.496536
0.358067
-0.100186
-1.302066
-1.182319
-0.832724
0.062635
0.324023
-0.701813
-0.191662
0.307714
0.963683
1.172024
1.302135
0.723557
-0.041500
-0.533116
-0.273133
1.049534
1.323569
-0.256619
0.270242
-0.506575
0.423062
0.467643
-0.199356
-0.113546
0.521062
0.519831
-0.990340
-1.232450
-0.043863
-0.098955
-0.347874
0.895828
0.687439
-0.394463
-0.304692
-0.171377
-0.748752
-0.167181
0.126954
-0.473811
-0.454681
-0.291493
-0.017510
0.233257
0.436839
-0.601723
-0.022780
0.819977
0.242282
-0.729333
-1.854273
-3.270712
-2.676668
-2.098822
-1.324766
0.106265
0.488275
0.704817
1.380599
2.012528
0.132562
0.122671
0.267766
-0.331926
-0.437879
-0.588753
-1.645342
-1.513011
-0.860678
-0.884749
-0.755823
-0.330555
-0.999745
-1.364478
0.423459
1.298925
-0.392700
0.449726
0.712659
-0.039291
-0.848207
-1.230718
-1.414751
-0.605605
-0.715548
-1.351346
-0.420496
0.792325
-0.031533
-0.218138
0.535624
0.140465
0.186130
1.389238
1.815781
2.460263
2.090122
1.675591
1.324788
0.614519
0.954145
1.654806
1.294316
1.262598
1.153613
1.236825
0.565723
0.765535
1.457075
1.314943
0.853250
0.689422
0.777235
-0.467653
-0.280126
0.506610
0.977045
0.801152
0.069429
-0.378971
-1.045101
-1.209031
-1.032860
-1.141838
-1.340641
0.189311
0.037070
-0.193459
0.791418
1.458875
1.492126
1.396215
-0.418978
-0.299346
0.399104
0.965774
0.452240
-0.345153
-0.249749
0.185005
1.631391
2.342932
0.725299
0.167702
1.022202
0.827809
0.248769
0.038212
0.856274
0.747978
0.595867
0.432805
-0.497048
-1.306797
-1.294509
-0.650061
-2.125558
-1.501274
-0.537241
-0.930393
-1.071429
-1.234484
-0.623368
-0.190035
-0.914021
-0.837431
0.408149
0.353861
0.276321
0.472823
-0.017043
-0.507613
0.081841
-1.308361
-1.364578
-1.407539
-1.582580
-0.662047
0.198739
-1.300400
-1.191047
0.578705
0.512591
0.065568
0.589472
-0.351505
0.598278
1.198068
0.360674
-0.086872
-1.058035
-1.310034
-1.122738
-0.214594
0.364390
-0.193189
0.561473
-0.485302
-0.767861
-0.721732
-1.072408
-0.441533
-0.127871
0.165797
0.448618
-0.546212
0.317732
0.058352
-0.607732
-1.078905
0.353075
1.355588
1.584092
1.630027
1.109971
0.563094
0.558904
0.557393
0.884649
1.309832
0.503516
0.287746
-0.507386
-1.044682
-0.639124
-0.713738
-0.722727
-0.884795
-0.372694
-0.300117
0.570991
1.388772
1.387240
1.379392
1.063357
-0.451967
-1.410640
-2.294753
-1.597281
-0.474269
-0.684180
-0.594858
-0.843735
-0.273710
-0.119487
-0.240574
0.108689
0.402044
0.817766
1.081295
0.131108
-0.918812
-1.563300
-0.933010
-0.410271
0.547849
1.134781
0.007893
-0.045334
0.396139
0.422116
0.280763
-0.496407
-0.170447
0.825431
0.183853
-0.392894
-1.516398
-1.126404
-0.942197
-0.965689
-0.679542
-0.755923
-0.527982
0.517655
0.166036
0.240538
1.255172
1.584432
2.579382
2.372000
2.349960
1.758863
0.052578
-0.338568
0.068507
-0.324739
-0.532403
-0.827862
-0.762051
-0.294138
0.120856
1.106204
0.341913
0.002258
0.674919
1.766285
2.304434
0.930135
-0.322110
-0.525757
-1.047994
-0.786063
-1.353728
-0.786231
-0.272949
-0.984643
-1.378743
-0.830642
0.357252
0.595002
-0.322346
-0.526784
0.202478
0.222046
0.920068
0.252367
0.021838
0.600810
0.207414
-0.470151
-0.001805
-0.207925
-0.327133
-1.178129
-1.447728
-0.856529
-1.020739
-0.312624
0.243450
0.370310
0.239384
0.319618
-0.247535
0.168358
1.206240
0.845146
-0.770368
-0.769592
0.193680
-0.329841
-1.346486
-0.114371
0.309731
-0.369853
0.218265
-0.259400
-0.607627
-0.791902
-0.315067
-0.570596
-1.661930
0.034454
0.841832
0.439663
0.584053
0.593837
0.670991
1.010413
2.060095
2.460326
2.033400
1.738679
1.256340
2.076336
1.421123
-0.337450
-0.641360
0.441460
0.007210
-0.482742
0.108674
-0.874298
-0.855371
0.421687
0.813457
0.832841
1.083944
0.137150
-0.166803
-1.202749
-0.840594
-0.010693
-0.124188
0.388073
1.011904
0.606806
-0.544936
0.809359
2.140962
1.571152
0.763619
0.293417
0.032610
-0.041227
-0.344606
-0.768914
-1.238002
-0.615987
-0.377826
0.319706
-0.062724
0.387499
1.021942
0.530609
-0.225815
-0.184347
-0.830855
-1.386109
0.069111
-0.692662
-2.189226
-1.498201
-0.623773
-1.094387
-0.854570
-0.174868
-0.437612
-0.064769
-0.731741
-0.855393
0.376678
0.462479
0.495228
1.564867
0.286854
0.800442
0.703964
0.637829
0.996089
1.070312
-0.217791
0.415869
1.748785
1.748560
0.494070
0.100147
-0.098210
0.014223
-0.246259
-0.911944
-0.684986
-0.773106
-0.816082
-1.384280
-0.652270
-0.302620
0.868156
1.152683
0.898053
1.529277
1.256523
0.338837
-0.587947
0.701775
1.064486
-0.292089
-0.348606
-0.827987
-1.852044
-2.233248
-1.183828
-0.343782
0.233855
0.703425
0.778202
0.406783
-0.480958
0.010905
0.384995
0.060429
-0.860530
-0.457515
0.211149
-0.985234
-1.277414
-0.907532
-0.821689
-0.765103
-0.482963
-0.998926
-0.704684
-0.300463
0.181988
0.483779
0.153903
-0.410859
-0.082843
-0.173683
-0.456380
0.529748
-0.408870
0.400011
1.251213
0.318648
-0.073836
0.799711
1.280353
0.866792
-0.585914
-1.195611
-0.527664
-0.274301
0.326002
-0.787382
-0.712566
-0.398105
0.233025
1.268016
1.254006
1.395777
1.155312
-0.121339
-1.464528
-0.305498
0.764921
0.516824
0.802951
-0.127088
-2.408799
-1.252392
1.426804
2.313199
0.617135
1.782560
1.944868
0.696460
1.244943
1.377829
1.061464
0.592420
0.769160
0.685373
1.037436
0.507398
-0.770757
-1.241348
-1.330275
-1.824520
-2.721768
-2.580866
-2.202686
-1.954341
-0.458829
-0.088080
0.374064
-0.904739
-2.256928
-1.586871
-1.354308
-1.519193
-0.978409
0.194879
1.031591
1.741873
1.756480
1.694609
0.299454
1.448315
0.742231
-0.965059
-0.966278
-0.788272
-0.755369
-1.555357
-1.306338
-0.147438
0.115834
