-0.730759
-0.338124
0.055977
-0.146091
-0.327229
0.507993
1.419875
1.304428
0.875672
0.832628
1.031799
2.056349
2.821673
2.002946
0.730574
0.136965
-0.313824
-0.625407
-0.807449
-0.779278
-0.333724
0.185203
-0.040482
-0.494823
-0.278038
0.057710
0.035396
-0.310026
-0.851446
-1.334886
-1.549116
-1.043067
-0.655405
-0.737388
-1.020341
-0.874444
-0.362357
0.236436
0.464819
0.468068
0.726222
1.638647
1.383658
0.594451
0.437989
0.461196
1.315129
1.834016
1.786316
1.742513
1.306259
0.730427
0.639808
-0.113128
-0.776264
-1.038509
-1.036091
-0.616463
-0.623481
-0.703449
-0.384161
-0.080727
-0.333868
-0.024058
-0.007146
0.364831
0.264403
-0.105469
0.186886
0.992135
1.000568
0.777944
0.484744
0.402299
0.257424
0.046602
-0.482773
-0.827102
-1.288983
-1.532535
-1.386137
-1.198061
-0.647108
-0.760006
-0.810350
-0.904590
-0.499324
-0.113047
-0.029008
0.276252
-0.032858
-0.661806
-1.188221
-1.340725
-1.572485
-1.531889
-1.162061
-0.737969
-0.703272
-0.506160
-0.266541
0.217547
0.875733
1.289475
0.953611
0.886039
1.357605
1.610716
1.175757
0.374658
-0.166518
0.734767
0.454097
-0.232033
-0.144253
-0.047768
0.221188
0.149378
-0.690483
-1.082370
-0.704235
-0.359822
0.154403
0.144604
0.540050
0.879361
0.664438
0.595189
0.511665
0.720909
0.758135
0.590262
-0.017132
0.280848
0.988079
1.389189
0.930834
0.638607
0.644713
0.827691
0.904839
0.853255
0.597480
0.288423
-0.167829
-1.142863
-1.515868
-1.201277
-0.858144
-0.576318
-0.135759
-0.065199
0.106084
-0.081407
-0.341673
-0.485577
-0.451091
-0.735047
-0.843481
-0.990375
-0.658493
-0.216364
0.174933
0.804379
1.065475
1.247179
1.363090
1.507957
1.346838
1.359228
0.809537
0.367018
0.229823
0.117458
-0.198354
-0.661823
-0.967161
-1.157290
-0.902246
-0.621104
-0.360360
-0.228507
0.006685
0.088305
0.335082
0.483604
0.113766
-0.420369
-0.718972
-0.805218
-1.012783
-0.824919
-0.591417
-0.287227
-0.563202
-0.275759
0.123378
1.065753
1.522118
1.434861
0.998648
0.051485
-0.995976
-1.240041
-1.874111
-2.095532
-2.287503
-1.989695
-1.132496
-0.235458
-0.115958
-0.036141
0.305229
0.726282
0.757629
0.672230
0.708525
0.394797
-0.068000
-0.803388
-0.941451
-0.742920
-0.533924
-0.686503
-0.700794
0.531360
1.129096
1.908131
2.743584
2.126648
1.211571
0.753146
0.441130
0.536102
0.642522
0.629611
-0.119647
-1.303421
-2.068515
-2.169334
-2.023202
-2.398215
-1.436251
-0.126577
0.276586
0.179147
0.436559
0.231268
0.525047
0.140238
0.228754
-0.369062
-0.499652
-0.614372
-0.606626
-0.355387
-0.714862
-0.341495
0.790161
1.211827
1.618945
1.898164
1.653885
1.109339
0.762574
1.180192
1.309765
1.315262
1.117891
0.691904
0.226702
-0.263592
-0.251321
0.315875
0.151073
-0.380874
-0.595937
-0.298037
-0.067484
-0.051690
0.180423
-0.609240
-1.503397
-1.932854
-1.519580
-0.678860
0.112862
1.263001
2.200423
2.613388
2.618705
2.681299
2.089201
1.640647
0.628501
-0.267135
-0.833928
-1.288094
-1.667436
-1.194350
-0.733613
-0.588053
-0.220774
0.478683
0.790458
1.032866
1.089640
0.818465
0.113324
-0.753746
-0.833468
-1.222563
-1.975697
-2.469085
-2.798747
-2.698219
-2.593271
-1.842230
-0.992520
-0.289024
0.101857
0.277310
0.312234
0.942482
1.353088
1.044601
0.566235
0.761774
0.775525
1.080226
0.438730
-0.556444
-1.130194
-1.404605
-1.468051
-1.678024
-1.888937
-1.800404
-1.063341
-0.380960
-0.190001
-0.109455
-0.316772
-0.206849
-0.171900
-0.196739
0.277495
0.392056
0.385392
0.312541
0.558067
0.651349
-0.105973
-0.571835
-0.848064
-1.066682
-1.206493
-0.924371
-1.053820
-1.366603
-1.202522
-0.928395
-0.207534
0.264338
0.674609
1.180529
1.553652
2.373546
3.059947
2.836846
2.402574
2.171967
1.571628
0.371176
-0.851827
-1.906774
-2.291976
-2.210799
-1.718915
-1.271246
-0.463174
0.750998
1.312612
1.610288
1.277762
0.539668
0.422923
0.574667
0.211239
-0.171983
-0.262264
-0.397147
-0.132178
0.251234
0.773655
1.720429
2.282766
2.411849
2.620027
2.180137
1.777629
1.618005
1.506041
1.122810
0.361632
-0.404467
-1.336910
-1.979228
-1.402074
-1.185749
-0.826623
-0.382739
0.307084
0.635633
-0.071089
-1.045907
-0.981025
-0.874198
-0.743502
-0.621745
-0.887450
-0.639272
-0.357341
-0.165412
0.007134
0.484575
1.180719
1.366935
1.215262
0.800380
0.550918
-0.379125
-0.701678
-1.172168
-1.580497
-1.762463
-1.543266
-1.473373
-1.205115
-0.878501
-0.561172
-0.174927
0.120294
0.284947
0.202576
0.645449
0.979155
0.690891
0.421001
0.322167
0.225540
0.384478
0.459755
-0.276771
-1.016680
-1.015861
-0.851695
-0.732331
-1.291502
-1.309118
-1.053708
-0.262109
0.020403
-0.165722
0.019066
0.448329
1.040291
1.159002
1.085601
0.829530
0.867406
0.810622
0.403677
-0.024703
-0.193086
-0.295061
-0.746704
-1.387067
-1.820202
-1.508584
-1.551778
-1.090445
-0.080952
0.590106
0.404502
0.576412
0.786963
0.900783
1.150313
1.204762
1.053276
0.489559
0.362985
0.489258
0.559944
0.419538
0.208763
-0.533782
-0.257627
-0.003784
0.650080
1.438122
1.345753
0.823563
0.938857
0.671278
-0.214746
-1.160316
-1.484690
-1.158729
-1.085352
-0.813223
-0.446263
-0.017740
0.428189
0.615830
0.578310
-0.101375
-0.869946
-1.238472
-2.027703
-2.864489
-3.252427
-3.358764
-2.922242
-1.804143
-0.992799
-0.796136
-0.314827
0.692446
1.553914
1.742066
1.656165
1.354178
0.940993
0.651040
0.077189
-0.087030
-0.043315
-0.148074
0.412149
0.912578
0.479399
-0.123929
0.420680
0.695402
1.198971
1.026911
0.167134
-0.008842
0.405208
0.808123
0.673085
0.270542
0.378897
0.366785
0.247686
0.030078
-0.104336
-0.139138
0.434986
0.523556
0.544743
0.070833
-0.155543
-0.305042
-0.078384
-0.006609
0.306905
0.204955
-0.055923
0.271773
0.286991
0.796857
0.751142
0.311762
0.104234
-0.057559
-0.558496
-0.667499
-0.192622
-0.045998
0.019612
0.464015
0.294601
0.269917
0.072702
-0.473420
-0.677893
-0.325162
0.363086
0.470715
0.206572
0.106436
0.885557
1.540903
0.932964
0.055539
0.036517
0.149432
-0.149552
-0.798921
-0.905486
-0.433252
0.140720
0.477704
0.340222
0.187902
0.176718
0.514377
0.297014
0.254558
0.155894
-0.584723
-0.994680
-0.935660
-1.309020
-1.699197
-1.769109
-0.885984
0.212859
0.290763
0.384729
0.323923
0.024628
-0.240595
-0.049647
-0.291724
-0.153553
-0.161614
-0.206978
-0.256885
-0.195894
-0.418481
-0.028303
0.300001
0.634212
0.574505
0.731516
0.730133
0.567557
1.453650
1.492634
1.186758
0.814727
0.371833
0.087489
0.515578
0.470665
0.015666
-0.543665
-0.417748
-0.125189
-0.486477
-0.991383
-1.171903
-0.838602
-0.444434
0.081680
0.376750
0.665729
1.037457
0.769165
0.286504
0.079033
0.287938
0.565305
0.650621
0.640957
0.685082
-0.281418
-0.140910
0.763025
1.449049
1.330948
1.302834
1.410320
1.198579
0.642382
-0.107225
-0.841796
-0.930746
-0.943715
-0.649735
-0.594516
-0.079450
0.545470
0.898683
0.901523
0.444321
-0.088400
-0.683622
-1.392675
-1.130778
-0.672636
-0.467247
0.005597
-0.362579
-0.848104
-1.424764
-1.721854
-1.392934
-1.506910
-1.441367
-1.928292
-2.336670
-2.146890
-1.607676
-1.119997
-0.038846
1.168042
1.902615
2.033869
1.829170
1.328330
0.394820
-0.501165
-1.090938
-1.405118
-1.092000
-0.779580
-1.188356
-1.547715
-1.974132
-2.027587
-1.392351
-0.744733
-0.694691
-0.768063
-0.315625
0.269409
0.376980
0.902530
1.224322
1.090947
0.939831
0.731997
0.931322
1.254195
1.162993
0.999109
0.266010
0.113066
0.596733
0.533425
0.812830
0.142461
-0.124712
0.380804
0.524334
0.414224
1.298182
2.381149
2.236581
1.340128
0.115592
-0.313487
-0.382800
-1.021847
-2.029677
-1.925555
-1.865027
-1.437436
-1.595512
-1.501353
-0.788306
-0.784754
-0.334276
-0.539305
-0.042003
0.880446
1.343438
1.804575
1.807960
1.706918
1.324709
0.665183
0.462217
0.480381
0.132392
-0.261342
-0.312788
-0.415042
-0.793303
-0.752989
-0.201517
0.828318
0.918736
0.087814
-0.694793
-0.507144
-0.167339
0.147308
0.126011
-0.322884
-0.495770
-0.332844
0.022260
0.111940
0.311816
0.999328
0.911337
0.443914
0.100760
0.369074
1.069223
1.498211
1.327665
0.730525
0.835934
0.652792
0.116999
-0.327577
-0.491252
-0.614865
-0.704736
0.371498
0.856400
0.793788
1.229778
1.364599
0.942740
0.784006
0.712580
0.209190
-0.679218
-1.167160
-1.256247
-1.093626
-0.621470
-0.497257
-0.120921
-0.102301
0.143221
-0.346857
-1.092834
-1.659906
-1.973534
-1.842086
-1.051897
-0.987856
-0.825285
-0.336722
0.558771
1.669454
1.859051
1.761353
1.642816
2.077486
1.597801
0.402714
-0.342693
-0.538419
-0.790154
-0.633640
0.049114
0.511625
0.360470
0.122772
-0.149802
0.273201
0.666412
0.719216
0.777008
0.459806
-0.148491
-0.456530
-0.354936
-0.815271
-1.086471
-1.093193
-0.862823
-1.113538
-1.145433
-1.453014
-1.211674
-0.651762
-0.116766
0.428261
0.468377
0.622488
0.497358
0.329197
-0.221790
-0.289630
0.067479
0.372249
0.903276
0.184607
-0.082875
0.133118
0.471579
0.547173
1.026791
0.685131
0.655423
0.219185
-0.232988
-0.542446
-0.588040
-0.476672
0.023280
0.147294
-0.284587
-0.240388
0.639149
1.267131
1.225620
1.226123
1.213553
0.450604
-0.095991
-0.076068
-0.121705
-0.366012
-0.696842
-1.067362
-0.945632
-0.571044
-0.452880
-0.667636
-0.146156
1.066560
1.324972
0.911111
0.604613
0.050708
0.272879
0.677321
0.208449
-0.525697
-1.269009
-1.583883
-1.263610
-1.663228
-1.621370
-0.776660
-0.027070
-0.079782
-0.065988
0.236869
0.361006
0.259512
0.129264
0.716489
0.885938
0.285354
-0.179595
0.169373
0.342931
0.104195
0.388689
0.799784
0.816139
0.397267
0.087021
-0.520268
-0.777962
-0.979911
-1.056127
-1.031783
-0.951245
-0.627548
0.233798
1.478691
1.919529
2.059843
2.049463
1.687623
1.050321
0.611484
0.757719
0.510751
0.102448
0.086763
-0.124818
-0.553200
-1.075266
-0.893976
-0.088997
0.831605
1.225331
1.591191
1.002644
0.676320
0.359438
0.112070
-0.401275
-1.160578
-1.488304
-1.794115
-2.144352
-2.375883
-1.557668
-0.908214
-0.429883
-0.510626
-0.354885
-0.107656
0.018864
0.158821
0.607092
0.468223
-0.203739
-1.129591
-1.580754
-1.289411
-0.069491
1.325648
2.384454
2.176049
1.723171
1.192472
0.258716
-0.630899
-1.546978
-1.872598
-2.102981
-2.152485
-1.883044
-1.315504
-0.842818
-0.823449
-0.782429
