1.195682
1.565986
1.937658
1.538842
0.739380
0.257726
-0.785795
-1.951392
-1.931454
-1.749835
-2.400992
-3.357861
-2.438298
-0.881134
-0.169095
0.340949
0.554274
1.098235
1.559593
1.380302
1.170237
0.597214
-0.042642
-0.261524
-0.693871
-1.635341
-2.287440
-2.608580
-2.057124
-1.454293
-1.023629
-0.965727
-0.604320
-0.274322
0.086682
0.225810
0.495616
0.843995
0.843255
0.623710
0.024666
-0.177155
0.000219
0.521562
0.595026
0.204847
-0.258986
-0.621685
-0.881702
-0.498663
-0.267444
-0.367151
-0.445292
0.106571
0.748232
0.931078
0.088166
-0.365163
-0.165701
0.174471
0.895377
1.176478
0.716582
0.797617
0.817855
0.112954
0.235718
-0.112877
-0.262880
0.063841
0.492415
0.923318
1.295178
1.426825
1.696857
1.495818
1.230139
0.501856
-0.561102
-1.411926
-1.911320
-1.950590
-1.433469
-0.704067
0.076655
0.617607
0.785558
0.935392
1.015531
1.306626
0.805714
0.003907
-0.485704
-0.614642
-0.621183
-1.011335
-1.083332
-0.683053
-0.443811
-0.684643
-0.254122
0.405429
0.583660
0.953514
0.851702
0.379088
0.197953
-0.410032
-0.610410
-0.520873
-0.599885
-0.160962
-0.230721
-0.670613
-0.578654
-0.486645
-0.658968
-0.298647
-0.035804
0.229567
-0.250952
-0.973895
-0.916447
-0.294949
0.284175
0.385098
0.806835
1.375752
1.514614
1.070951
1.102339
0.323813
-0.024517
0.045238
-0.348203
-1.021212
-1.239766
-1.518433
-1.087945
-0.707304
0.215617
0.784868
1.163537
1.305863
1.097559
1.029477
0.892291
0.351199
-0.381230
-0.743301
-1.378670
-1.109362
-0.537839
0.124465
1.356426
2.068551
1.676772
0.564885
0.259461
0.329657
0.427620
-0.214505
-0.686581
-0.939822
-1.111373
-1.573053
-1.672787
-1.122354
-0.228748
0.413900
0.965822
0.754125
0.413008
-0.316726
-0.815785
-1.245370
-1.116009
-0.666495
-1.058217
-1.416829
-1.176429
-0.646638
-0.636756
-0.756827
-0.319466
0.432370
1.135178
1.277292
0.786368
0.716502
0.737088
0.487436
-0.122747
-1.094311
-1.576013
-1.528663
-1.358312
-1.098736
-0.902696
-0.586016
0.057675
0.655255
0.748994
0.540966
0.163182
0.154014
0.803770
0.873448
0.198255
0.406347
0.503827
0.571695
0.262272
0.032967
-0.365938
-0.455619
-0.416897
0.145662
0.570159
0.520336
0.178414
0.149201
-0.492587
-0.844240
-0.866112
-0.148789
0.610867
0.487803
0.006492
-0.152975
0.260717
0.672894
0.383622
0.053634
0.365382
0.777757
0.718833
0.459936
0.171489
0.293924
0.433276
0.714771
0.762068
0.926631
0.663757
0.987259
1.224482
1.032829
0.463645
0.104937
-0.025053
0.266593
-0.051729
-0.152881
-0.355782
-0.136802
0.575911
0.503148
-0.120517
-0.773924
-0.814495
-0.985318
-1.003732
-0.871656
-0.979687
-1.430777
-2.144191
-2.555457
-2.112763
-1.669631
-0.624852
0.387776
0.382980
0.911488
1.595441
2.349926
2.771507
2.420653
0.966472
0.156936
-0.252541
-0.782941
-0.992409
-0.960784
-0.780999
-0.214377
0.293231
0.499427
1.158482
1.127379
0.938694
0.157363
-0.803146
-1.622507
-2.130111
-1.907950
-1.182823
-0.770520
-0.278841
-0.260594
0.158076
1.117389
1.867447
1.878960
0.696119
-0.330250
-0.902809
-0.930500
-0.308304
-0.265166
-0.345322
-0.283452
-0.139910
-0.177537
-0.698014
-1.649434
-1.969888
-2.321538
-2.162719
-1.524823
-0.546000
0.664447
1.316236
1.475932
1.867485
1.577555
1.348141
0.907899
0.706612
0.774531
1.226553
1.139259
0.818892
0.779881
0.942022
0.960377
0.759251
0.418936
-0.143974
-0.565253
-0.605776
-0.104325
0.126776
0.017199
-0.163873
-0.393714
-0.786704
-1.097990
-0.477637
-0.349197
-0.119197
-0.240509
-0.096871
0.106192
1.108562
1.320634
0.981164
0.619366
0.079504
-0.210543
-0.272564
-0.444089
-1.026561
-1.850711
-2.312816
-1.842765
-1.305556
-0.556663
-0.549509
-0.749705
-1.147468
-0.934487
-0.851372
-0.487082
-0.152541
0.342323
0.613884
1.116091
1.564537
2.172802
1.858955
1.293334
1.391954
1.040755
0.530057
-0.149121
-0.256315
-0.313634
-0.223155
0.256602
0.797240
1.707525
2.368441
2.507372
1.945846
1.562381
1.228693
1.558007
1.327683
0.508229
-0.271487
-1.042203
-1.763246
-1.901917
-1.770184
-0.595914
0.007460
0.681232
0.790538
0.559783
0.048781
-0.162885
0.276419
0.375323
0.348712
0.280827
-0.069611
-0.590295
-0.671753
-1.405041
-1.877058
-1.648553
-1.808502
-1.848110
-0.846594
0.012742
0.453940
0.202717
0.482747
0.734447
0.715092
1.118690
1.029637
0.589223
0.208085
-0.171526
-0.391364
-0.530847
-0.703835
-0.615042
-0.745348
-1.016098
-1.167477
-1.426884
-1.286931
-1.079005
-0.550497
-0.829511
-0.658088
-0.327662
0.215126
0.576976
0.215844
-0.263877
0.098432
0.519753
0.680426
0.579852
0.479559
0.038074
-0.143033
0.178903
0.225684
-0.368247
-1.449562
-1.679260
-1.349787
-0.618142
0.152970
0.964266
1.412606
1.572856
1.613592
1.217533
0.438513
-0.273074
-1.103670
-1.273208
-1.463623
-1.595307
-1.224275
-1.225306
-0.716195
-0.307169
-0.059482
-0.109948
-0.127699
-0.460249
-0.230586
0.250178
0.332411
0.244265
0.135927
0.248109
0.096991
0.598047
0.615579
0.344523
0.174933
-0.226186
-0.460253
-0.570498
-0.460723
-0.109286
0.202635
0.994910
2.277414
3.292804
3.416521
2.473788
1.080186
0.078049
-0.413127
-1.055862
-1.277911
-0.699068
0.102128
0.093068
0.646533
0.938305
0.630961
0.492734
0.155665
-0.774336
-1.858907
-2.511995
-2.183651
-1.163186
-0.304256
0.202723
0.578865
1.170573
1.723720
2.285120
2.525951
2.678251
2.147561
1.586890
1.418310
1.108147
0.586874
-0.205801
0.016060
0.075671
0.162100
-0.219123
-0.790294
-0.942014
-0.900175
-1.059754
-1.089560
-1.130015
-0.838255
-0.587158
-0.277685
-0.507758
-0.196651
-0.185644
-0.515864
-0.965472
-1.065306
-1.409635
-1.183276
-0.579689
-0.787325
-0.707257
-1.130159
-0.439145
0.272115
0.603687
0.775468
0.655033
0.455146
0.504311
0.885382
1.315786
1.336376
0.975936
0.927036
1.037487
0.434847
-0.686995
-1.036709
-1.247889
-1.186812
-1.416593
-1.596391
-1.473973
-0.823652
0.127020
0.346289
0.655101
0.815517
1.136455
1.013560
0.780988
0.003282
-0.606652
-1.037100
-1.337610
-1.606223
-1.573995
-1.263328
-0.825384
-0.496578
-0.175231
-0.104299
0.166881
0.156215
0.045294
0.266816
0.226330
0.767191
0.708233
0.750231
0.390092
0.050611
-0.309128
-0.169772
0.016908
-0.015464
-0.155572
-0.276254
-0.536254
-0.607283
-0.637556
-0.665734
-0.063737
0.265946
0.674681
0.623185
1.424917
1.474884
1.056427
0.793569
0.681952
0.571857
0.090255
0.239981
0.251039
-0.320414
-0.972119
-1.153455
-0.604052
-0.109468
0.321652
0.693700
0.883415
1.265250
1.045763
0.735022
0.434564
0.074470
0.587521
1.590349
1.842871
1.311354
0.627614
0.073852
-0.287968
-0.659728
-0.309374
0.271749
1.085501
1.526744
1.095136
0.724679
-0.039183
-0.670974
-1.049450
-0.684729
-0.975406
-1.610076
-1.401173
-0.470577
0.339435
0.231668
-0.176272
0.146737
0.495644
0.656881
0.798820
0.790586
1.062659
0.480406
-0.714763
-1.388738
-1.690979
-1.482116
-0.648220
-0.306875
0.618056
1.422077
1.873842
1.040820
0.597627
1.246428
1.538524
1.310559
0.781345
0.081511
-0.449963
-0.760847
-0.702369
-0.111303
-0.080178
-0.109491
-0.440429
-0.610223
-0.663679
0.025431
0.062011
-0.031183
0.198194
0.149437
0.133307
0.577647
0.658439
0.787635
0.034851
-0.945376
-0.902252
0.041349
1.114933
1.051626
0.379257
-0.062794
-0.221229
-0.291196
-0.502950
-0.806776
-1.128856
-1.270890
-1.182562
-0.460396
-0.810654
-1.210866
-2.072251
-1.772518
-1.022513
-0.960260
-1.428475
-1.157880
-0.086450
0.694279
1.595671
1.603718
0.932500
0.152919
-0.126632
-0.437787
-0.872984
-1.555453
-1.903579
-1.690572
-1.155472
-0.290645
0.282344
0.312014
0.422836
0.522127
0.361510
0.340397
-0.020632
-0.149353
-0.743431
-0.946177
-0.524869
-0.291586
-0.464646
-0.656996
-0.858686
-0.629234
0.210977
1.161877
1.852932
2.073340
1.450993
0.841584
0.101588
-0.677949
-0.924909
-1.014174
-0.533798
0.114878
0.834525
0.740466
0.199980
-0.357355
-0.246051
0.555451
1.085649
0.965142
1.167499
1.168209
0.578659
0.309382
0.639758
0.506751
0.264420
-0.147832
-0.660451
-0.046654
0.475467
0.516931
0.112641
0.509410
1.612529
2.115093
1.592970
1.014262
0.305420
-0.526703
-0.876582
-0.986193
-1.496581
-1.760777
-1.731300
-1.370453
-1.391758
-1.481704
-0.820236
-0.328408
-0.186253
-0.035465
0.407857
0.589874
0.711066
0.651743
0.248526
-0.474132
-0.956345
-0.518056
0.132537
0.947439
1.510094
2.033065
1.523724
0.812011
-0.553615
-1.346009
-1.405381
-1.355909
-1.780097
-2.221725
-2.263590
-1.523913
-0.581444
0.249477
0.851668
1.204586
1.557487
1.168809
0.739111
-0.163011
-0.785955
-0.988081
-1.128110
-1.136269
-0.975641
-0.164068
0.194394
1.073470
1.742911
2.285734
2.146752
1.448932
0.919135
0.500761
-0.170164
-0.811505
-1.222645
-1.020682
-0.630456
-0.919718
-0.899952
-1.223508
-1.777066
-1.908771
-1.458127
-0.478319
0.033185
0.083106
0.415283
0.985522
1.103410
0.961135
0.832568
0.361646
-0.099579
-0.310029
0.012727
0.282723
-0.529819
-1.057647
-0.665423
0.196712
0.825158
1.164969
1.125624
0.815404
0.434573
0.754863
0.565666
0.195504
-0.458298
-1.562271
-2.022410
-1.391111
-0.557879
-0.427829
-0.305863
-0.497130
-0.548901
-0.146934
0.386918
1.299363
1.419577
0.927432
0.615470
0.835322
0.483266
0.143057
-0.249600
-0.009313
0.333365
0.666886
0.664354
0.402699
0.594648
0.970675
0.913296
0.831565
0.699934
0.962056
0.379397
-0.093240
-0.454548
-0.715080
-0.903960
-1.258339
-0.929696
-0.395661
-0.305468
0.031873
0.614014
0.886517
1.288354
1.398493
0.706401
0.272588
0.333615
-0.127851
-0.949221
-1.328042
-0.976570
-0.483698
-0.502658
-0.691102
-0.561760
0.310784
0.589628
0.877683
0.404422
-0.329689
-1.393787
-1.894849
-1.694459
-1.181826
-0.309471
0.541938
0.891654
1.084944
1.136756
0.915664
1.138575
0.725929
0.026053
-0.633911
-1.136190
-1.961099
-2.443239
-2.325157
-1.402198
-0.859895
-0.939429
-1.369096
-2.048374
-2.125003
-1.592369
-0.605884
0.115770
0.946355
1.285427
1.884058
2.113416
2.242509
1.747825
1.554785
1.452769
1.582207
1.795279
1.885519
1.487959
0.419558
0.001751
-0.359554
-0.705266
-0.681872
-0.546262
-0.316154
0.328024
0.691924
0.885848
0.886852
1.081157
0.568602
0.357198
0.309991
0.550406
0.868958
0.886801
1.107293
1.138157
