-0.086873
0.438773
1.346422
1.937211
1.784526
1.538831
0.594042
-0.461241
-1.014315
-1.421029
-2.200918
-4.018990
-4.328796
-3.109390
-2.084009
-0.670344
0.474681
1.728685
2.907923
3.126356
2.936181
2.036571
1.457263
0.687945
0.296530
-0.175095
-1.717393
-2.198593
-1.889590
-1.724640
-1.525018
-0.901507
-0.383890
-0.085119
0.812845
1.319565
1.754198
1.879242
1.307445
0.537547
0.185557
-0.758677
-0.598073
-0.506821
-1.011436
-1.935821
-2.736589
-3.064967
-2.729193
-1.811264
-0.459660
0.211595
0.521586
1.401987
1.982922
1.958085
1.194934
0.594139
0.584351
0.130815
-0.168379
-0.675374
-1.091772
-0.828016
-0.428936
-0.876764
-0.575248
0.061041
0.877118
0.982522
0.609064
0.808804
1.145456
1.074277
1.128387
0.946372
1.276961
1.379109
0.797493
-0.163131
-0.615387
-0.650823
-0.373004
-0.283829
0.042256
0.151269
0.874449
1.390863
1.273050
1.155841
1.083086
0.737890
0.484999
0.368261
0.171970
-0.752390
-1.198353
-1.026320
-1.000086
-1.027760
-0.637978
0.149538
0.310897
0.264995
0.553714
0.316073
0.342447
0.172751
-0.579793
-0.879480
-0.760643
-0.553633
-0.616785
-1.015052
-0.931788
-0.467742
-0.243006
0.083219
0.511568
0.942197
0.887905
0.423762
0.285404
0.657683
0.610879
0.131124
0.132216
0.076151
-0.369237
-0.580540
-0.361759
-0.305114
-0.239710
-0.176555
-0.723156
-0.951722
-0.959226
-0.830765
-0.441013
-0.096392
0.358437
0.302697
0.645534
0.584023
0.395430
0.333776
0.209583
-0.089936
-0.562669
-0.509720
-0.513858
-0.270035
-0.133330
-0.104836
0.439432
0.513030
0.729444
0.674657
0.778893
0.842438
0.360012
-0.602109
-1.219884
-1.639530
-1.604499
-1.260975
-1.351272
-1.233663
0.146504
1.109087
1.799172
1.417118
1.108299
0.637986
0.376519
0.368344
-0.276032
-0.820940
-1.746742
-2.261729
-1.853827
-1.754847
-1.365143
-1.283502
-1.077896
-0.016445
0.810247
1.129283
1.255940
1.002297
1.211315
1.175676
0.813608
0.124351
-0.692507
-0.649638
-0.495427
-0.831541
-1.605937
-1.699982
-0.736443
-0.385779
-0.110541
0.081894
0.501355
1.254571
2.223582
1.905907
0.913848
0.531133
0.238618
-0.080694
-0.170448
-0.378056
-0.168085
0.131478
-0.023833
0.295104
1.060191
1.205471
1.086273
1.440583
1.049894
0.731514
0.330954
-0.542600
-0.806727
-1.108507
-1.353912
-1.307912
-0.552614
-0.179420
-0.631708
-0.930473
-0.457834
-0.084500
0.433279
1.150778
1.460762
1.761980
1.697756
1.191124
0.662810
0.240662
-0.378084
-0.275560
-0.441543
-0.615055
-0.749641
-1.074391
-0.620954
0.023834
0.116390
0.405567
0.221888
0.229750
0.684640
0.428393
0.054112
-0.537445
-1.145325
-1.490352
-1.507023
-1.006687
-0.914126
-1.132162
-1.587699
-2.150299
-1.939963
-1.348414
-0.402499
0.514306
0.509965
0.798093
0.655810
0.767674
1.339712
1.022058
0.276747
0.305317
-0.255788
-0.735998
-0.735275
-0.516254
-0.543870
-0.030866
0.047950
0.044305
0.260060
0.232098
0.632474
0.496087
0.007205
0.026894
-0.051859
0.149161
0.425052
0.036744
-0.089230
-0.072690
0.115974
0.222994
0.711787
0.912560
0.222425
-0.516532
-1.034903
-0.679225
-0.115905
-0.076849
-0.149400
0.096984
0.226923
0.573635
0.483247
0.383313
0.283532
0.345817
0.108868
-0.455793
-0.331089
0.193670
0.593375
0.357319
0.902210
1.020414
0.622300
0.414085
0.041477
-0.087420
0.131459
0.623572
1.095018
1.059678
1.396865
1.413476
0.850643
0.352148
0.032875
-0.348540
-0.765987
-1.263852
-0.864250
-0.392331
-0.175510
-0.002844
-0.358646
-0.259739
-0.459584
-0.724056
-0.515820
-0.435284
0.075521
0.449758
0.976517
1.168523
0.861174
0.343245
0.425595
0.543753
0.677969
0.141917
-0.385438
-0.750764
-0.978871
-1.124407
-1.780287
-1.483012
-1.666923
-1.848182
-1.827548
-1.063592
-0.226806
0.293362
0.786635
1.234672
1.480534
1.364093
0.818211
0.417047
0.132951
-0.569497
-0.861145
-0.988564
-1.070251
-0.733283
-0.830332
-0.311099
-0.038814
0.014808
0.123515
0.186239
0.594167
1.291039
1.353855
1.387414
1.275573
1.002716
0.032512
-1.090019
-1.224826
-2.303358
-2.575406
-1.939478
-1.439453
-0.757057
-0.020390
0.589626
0.878958
1.241166
0.968907
0.777262
1.175004
1.264550
1.050079
0.798237
0.671347
0.199915
-0.444962
-0.918473
-1.155376
-1.329331
-1.093386
-0.748488
-0.412869
-0.015607
0.383841
0.537149
0.790681
0.828174
0.810651
1.176058
1.666559
1.458209
0.542007
0.198319
0.380040
0.444127
-0.283639
-0.583987
-0.892351
-1.327831
-0.893777
-0.557510
-0.430781
-0.432919
-0.525549
-0.207034
-0.051832
0.056957
-0.022744
0.304846
-0.402852
-0.266052
0.442718
1.204936
1.350393
0.878597
0.978164
0.768844
0.224116
0.325219
0.177182
-0.360545
-0.768411
-0.976374
-1.058836
-0.777163
-0.459790
0.274750
0.299986
0.254683
0.481953
1.455996
1.512129
1.248635
0.877394
-0.037539
-0.590773
-0.900266
-1.325820
-1.136523
-0.865957
-0.876381
-1.223272
-1.459332
-1.094645
-0.824599
-0.235911
0.580119
1.225698
1.526651
1.618934
1.339742
1.012555
0.895050
0.530183
0.284778
0.321611
-0.041552
-0.824603
-0.924404
-0.825028
-0.506847
-0.034073
0.492705
0.892373
1.431140
1.542952
1.641569
1.141197
0.424264
0.360339
0.349551
-0.041876
-0.088928
-0.125049
-0.323641
-0.012931
0.060854
0.163353
0.609353
1.636884
1.937001
1.335818
0.554259
0.280425
-0.509134
-0.873757
-1.176248
-1.597196
-1.251881
-0.179936
0.518730
1.117590
1.636216
1.726752
1.980672
2.208882
1.927970
1.075324
0.167274
-0.202983
-0.339385
-1.213027
-1.748565
-2.075299
-2.212623
-1.603655
-1.367375
-1.394361
-1.430968
-0.786078
-0.177983
-0.468941
-0.677223
-0.585944
-0.385590
-0.684563
-1.282015
-1.372402
-1.874518
-2.050337
-1.694254
-1.120725
-0.667475
-0.669621
-0.424734
-0.161531
0.709788
0.865313
0.756295
0.765692
0.239076
0.012961
0.021840
0.230890
0.094927
-0.330085
-0.610845
-1.156478
-1.029889
-0.775384
-0.395453
0.230992
0.213403
0.240988
0.732579
1.130914
1.230132
1.238262
0.756342
0.711184
0.430625
-0.251748
-1.223810
-1.547186
-0.957151
-0.585351
-0.667053
-0.719879
-0.500332
-0.028673
-0.012928
0.475151
0.575723
0.639943
0.314327
-0.266457
-0.366896
-0.547092
-0.774116
-0.665193
-0.147425
0.080968
-0.245113
-0.552450
-0.687778
-0.180851
0.178534
0.720352
0.974260
0.864998
0.819990
1.136421
0.918649
0.702762
1.057405
0.975133
0.393306
-0.224445
-0.260069
-0.024506
-0.022568
-0.450937
-0.551979
0.109842
0.054571
-0.380999
0.009757
-0.126871
-0.336142
-0.690707
-0.764406
-0.507011
-0.307056
-0.160583
-0.559970
-0.595002
-0.222592
-0.313554
-0.395219
-0.530850
-0.066348
0.080070
0.308704
0.208241
0.160329
-0.150670
-0.287863
-0.434069
-0.878378
-0.732989
0.194144
0.593613
0.583605
0.248203
0.127750
-0.063500
-0.215771
0.114437
0.422380
-0.152222
-0.343843
0.117936
0.470560
0.372971
0.194022
0.486447
0.231230
0.186821
0.124960
0.117491
0.173462
-0.163338
-0.483903
-0.332585
-0.796615
-0.988274
-0.233268
0.456516
1.293924
1.831494
1.859812
0.724818
-0.437956
-0.612045
-0.918715
-0.173243
0.109118
0.046654
0.136599
0.235891
0.669574
1.204729
1.042520
1.016000
0.716378
0.943389
0.894992
0.757377
0.029000
-0.245745
-0.228443
-0.272586
0.093549
0.495843
0.759358
0.685960
-0.376349
-0.692693
-0.272892
0.200662
0.601529
0.544210
-0.064533
0.106374
0.724445
0.851475
1.040512
0.765435
0.473833
-0.035513
-0.526657
-0.443974
-1.141827
-1.504188
-1.522467
-1.441565
-1.143269
-0.706169
-0.749320
-0.694700
-0.486160
-0.350450
0.084889
0.472940
0.626748
0.301674
0.619704
0.909139
0.324734
-1.054652
-1.941042
-1.176985
0.068997
0.661605
0.228483
-0.125413
-0.405816
-1.077437
-1.413244
-1.051601
-0.807320
-0.352753
0.251665
0.639225
1.020667
1.422264
1.075191
0.520284
0.147311
-0.216078
-0.407266
-0.307857
-0.062970
0.517339
0.715400
0.925193
1.207086
1.072461
0.848850
0.577661
0.060717
-0.494277
-0.604211
-0.308631
-0.607584
-0.731430
-0.821047
-0.856878
-1.138366
-1.057101
-0.112396
0.840133
0.877517
1.204848
1.694331
1.573969
1.164200
0.790898
-0.053971
-0.450142
-0.548554
-0.891772
-1.638558
-2.231225
-1.994068
-1.729428
-1.821346
-0.822260
0.059006
0.447879
0.702241
1.174124
1.092790
0.472836
-0.071606
-0.506419
-0.906446
-0.987881
-0.769764
-0.514864
-0.386142
-0.630383
-0.419398
-0.064223
-0.144860
-0.008203
-0.373262
-0.456410
-0.321866
-0.305789
-0.097538
0.640273
1.340055
1.432781
1.352376
1.469526
0.994647
-0.103530
-0.538042
-0.683621
-1.258038
-1.848344
-1.695800
-1.026096
-0.743957
-0.372402
0.172807
0.682698
1.573353
1.602193
1.403524
0.967531
0.784284
0.601285
0.093750
-0.294375
-0.720094
-0.937203
-1.183776
-0.959024
-0.352930
-0.051921
0.583825
1.284681
2.137601
2.710702
2.293693
1.713040
1.531174
1.333365
0.925071
0.853550
0.490786
0.007478
-0.112960
-0.612941
-0.776166
-0.650571
-0.948993
-1.284545
-0.793432
-0.086764
0.400727
0.271895
0.155514
-0.270847
-1.069185
-1.830849
-1.348265
-0.151932
0.254668
-0.223207
-0.439233
-0.229792
-0.612711
-0.495425
0.040078
0.330341
-0.204820
-0.295599
0.104243
0.340228
0.319427
-0.108953
-0.335169
-0.144358
-0.341844
-0.795247
-1.065561
-1.429118
-1.475990
-1.112068
-0.438335
0.578138
0.877346
0.622139
0.720456
0.919504
0.600761
0.292746
-0.253127
-0.416327
-0.106083
0.576617
0.003204
-0.804805
-0.631022
-0.100208
0.228601
0.154605
0.416169
1.224615
1.268218
0.840325
0.703575
0.658066
0.867817
0.737341
0.654147
0.756890
0.457810
-0.379045
-0.423118
-0.176403
-0.193340
-0.474382
-0.529862
-0.541866
-0.676983
-1.285153
-1.648048
-1.039129
-0.149788
0.677190
1.231151
1.441291
1.368005
1.396507
0.887434
0.005969
-0.422488
-1.277521
-2.431297
-2.694576
-1.751651
-0.906770
0.263797
0.273144
0.209009
0.764766
1.002045
0.992243
1.194061
1.010851
0.377202
-0.410701
-0.865431
-1.802671
-2.048819
-2.132279
-1.867784
-1.376817
-0.687309
-0.314801
0.212532
0.714183
1.196535
2.851089
4.456341
4.637184
4.373043
3.201665
2.076716
0.670600
-0.919528
-1.855819
-2.328920
-2.021440
-1.067028
0.347291
1.510404
2.256464
2.449340
2.312593
1.428467
0.688131
0.049413
-0.122992
-0.491670
-0.162210
0.013363
-0.176105
-0.190568
-1.035379
-1.417208
-1.269479
-1.051842
-0.573056
-0.176143
-0.357276
-0.138942
