-0.573756
-0.851770
-0.881498
-1.117168
-0.721023
-0.156406
0.154144
0.884199
1.148296
0.980434
1.032691
1.205455
0.762285
0.374685
0.104619
-0.764215
-1.515436
-1.789200
-0.587619
1.022053
1.069439
0.649348
0.348408
-0.209278
-1.029018
-1.118221
-1.094347
-0.973058
-1.071121
-1.224051
-1.076421
-0.725542
-0.521810
-0.062816
0.630999
0.416990
-0.746723
-0.663395
-0.257193
-0.998885
-1.670468
-1.125422
0.497170
1.734936
1.620210
0.632518
0.655797
0.706024
0.003998
-0.673654
-0.935775
-1.709637
-3.048854
-4.158034
-3.198183
-1.296694
0.084497
0.496929
1.205239
0.820891
0.053894
0.060522
0.734364
0.803273
-0.363574
-1.048042
-0.983050
-1.223751
-0.586126
-0.032986
0.629419
1.357153
1.215769
0.099007
-0.342169
-0.443846
-0.791090
-1.656483
-1.611521
-0.723117
0.177723
0.784121
1.264676
1.235519
0.494473
0.236776
0.688709
0.447519
-0.405141
-0.931595
-0.271818
0.811589
1.351974
0.793794
0.580121
0.596585
0.653377
0.265838
0.029618
0.378223
0.687340
0.453090
0.879805
0.844859
0.814886
0.789484
0.948652
0.993071
0.926097
0.890417
0.622253
0.150901
0.528620
0.205880
0.894828
1.172939
0.823141
0.469657
-0.285818
0.603264
1.988307
2.390020
1.523581
1.119898
1.287855
1.305083
0.754456
0.664583
1.085919
1.329905
1.274482
0.732048
0.591251
0.550461
0.367362
0.514814
0.350376
-0.351188
-0.085686
0.482867
0.696561
0.093882
-0.163016
0.293656
0.646219
0.510669
0.570859
0.266439
-0.770879
-1.397373
-1.117202
-0.909154
-0.836584
-0.380242
0.021568
-0.129143
-0.626465
-1.089009
-1.268402
-1.282836
-1.670344
-1.440147
-1.043145
-0.650470
-0.611672
-0.576020
-0.453992
-0.851105
-1.161823
-1.320960
-1.963262
-1.537676
-0.050163
1.069679
0.901586
0.275630
-0.402646
-0.528777
-0.433344
-0.734679
-1.459246
-1.625332
-1.116192
-0.049539
0.618195
0.842428
1.084891
1.242669
0.580501
-0.125601
-0.778753
-1.478236
-2.310585
-2.947829
-1.766056
-0.048468
0.314715
0.004298
-0.150809
-0.015317
-0.013431
-0.574177
-1.340248
-1.584713
-1.571664
-1.359204
-0.804800
-0.229503
0.382834
0.691903
0.498870
0.553288
0.257688
-0.280740
-0.650797
-1.452307
-3.023758
-3.127518
-2.260071
-1.360585
0.015909
0.484371
0.387631
-0.042656
-0.394115
-0.827680
-0.848337
-0.864166
-1.214639
-1.993971
-2.749467
-1.863138
0.174536
1.328096
1.140673
0.105020
-0.181021
0.026073
0.269528
0.230546
-0.892421
-1.809872
-1.603972
-0.713919
0.152323
0.513686
0.607294
0.105313
-0.331789
-0.050292
0.207673
0.171882
-0.011155
-0.120955
-0.570419
-0.663526
-0.020026
0.183785
0.073507
-0.169953
-0.339800
-0.463163
-0.834455
-0.479946
0.100775
0.005442
-0.024857
0.347696
0.534350
0.072698
-0.626427
-0.680932
-0.729112
-0.801293
-0.726497
-0.590463
-0.115598
-0.622576
-0.945481
-0.289823
0.241236
0.032388
0.361634
0.706358
0.137434
-0.546781
-0.423836
0.478215
0.711326
0.798572
1.398962
1.498748
1.366599
1.247195
0.606464
0.295008
-0.485846
-0.929934
-1.106545
-2.168164
-2.590366
-1.285118
1.122293
2.782504
2.745417
1.727773
0.702643
0.035370
-0.417771
-0.816162
-0.180606
-0.262819
-1.474679
-1.504840
-0.291506
0.566183
0.430715
0.403475
0.202519
0.095186
0.430141
0.694841
0.666062
0.357007
0.465715
0.703775
0.415692
0.281208
0.088043
-0.048416
0.382706
0.832181
0.719928
0.004099
-0.949786
-0.484120
0.863613
1.383992
0.933104
0.557631
0.135187
-0.053652
0.519827
0.032552
-0.573174
-1.023983
-1.436644
-0.551401
0.726759
1.257445
0.466261
-0.401295
-0.556006
-0.770967
-0.673810
-1.037247
-0.952692
-0.700282
-0.714794
-0.634806
0.812271
1.394524
1.473866
1.653005
1.118003
0.537345
0.898019
0.864128
-0.239535
-1.222998
-0.962326
0.168167
0.751005
0.700271
0.839232
0.712779
0.352252
0.385584
0.112845
-0.416379
-0.705061
-1.135852
-1.813255
-1.346130
-0.078583
0.351659
0.535962
0.188023
0.565461
1.048378
0.761659
0.343789
0.444539
1.258129
0.576054
-0.475582
-0.895855
-0.892213
-0.603304
-0.205260
-0.064443
-0.701584
-0.832829
0.534064
1.678746
1.731302
1.620326
0.884493
0.088429
-0.179770
-0.208495
-0.359063
-1.163253
-2.248349
-1.319159
0.642602
2.181591
2.458160
1.880658
1.602147
1.747773
1.283426
0.075550
-0.938620
-1.434681
-1.469373
-1.028418
0.037399
1.506480
2.688829
2.615692
1.491580
0.597513
0.767042
0.791097
0.303934
-0.765666
-1.536446
-0.851437
0.759015
1.891801
1.825594
1.398391
0.956368
1.059451
1.843755
1.694362
0.820611
-0.154347
-1.028138
-0.966100
-0.564446
0.313965
0.541152
1.022844
1.650428
2.201112
1.246338
0.426965
-0.322382
-0.601315
-0.443693
0.388789
1.283832
1.691183
1.042862
0.469108
0.097680
-0.075491
0.063855
-0.830125
-1.255505
-1.370943
-0.748006
0.449757
1.563888
1.792063
1.273591
0.608222
0.231804
0.375229
0.358408
0.089274
-0.051842
0.301208
0.659683
0.874829
1.541153
1.534500
0.806992
0.122407
-0.267139
-0.472461
-0.863246
-0.797096
0.186439
0.122055
-0.434370
-0.711954
-0.357640
0.139361
0.413698
0.111045
-0.331616
0.008215
-0.406771
-0.718058
-0.687502
-0.607685
-0.284673
0.324108
0.524761
0.847708
0.601238
0.412120
0.969400
0.723181
-0.192377
-0.378143
-0.013307
0.435387
-0.211667
-0.279095
0.206305
0.124975
0.119283
0.069847
-0.350796
0.023047
0.055061
-0.925853
-1.792508
-1.521554
-0.960677
-0.926021
-0.441436
0.479339
1.046659
1.893039
2.187975
1.414387
-0.445865
-0.746505
-0.498539
-0.885922
-1.654986
-2.110630
-1.356437
-0.411254
0.920912
1.774741
2.527841
2.101380
0.455088
-0.900976
-0.873488
-0.218109
0.859919
1.035626
0.737891
0.190704
0.523602
1.072060
1.185795
1.199900
0.305718
-0.738293
-0.398533
-0.309895
-0.395434
-0.494233
-0.419484
-0.195101
0.108363
0.991851
1.532467
1.301096
0.225278
-0.612841
-0.457243
0.112738
0.065725
-0.272797
-0.812782
-0.163257
1.102942
1.038730
0.801671
0.664456
0.460951
0.451690
-0.642783
-2.005371
-1.464755
-1.072010
-0.992345
-0.070581
1.354586
2.269257
2.280005
1.639006
0.266484
-0.926078
-1.747541
-1.607224
-1.665305
-1.661235
-1.393182
-0.039859
2.121161
2.522130
1.172865
-0.033692
-0.046574
0.681183
0.451342
-0.480687
-0.937785
-0.669392
0.405765
1.439255
1.199770
0.590310
0.223818
0.324966
0.239593
0.400732
0.589610
-0.422539
-1.060944
-0.879290
-0.291043
0.020389
-0.277960
-0.008904
0.785117
1.156851
0.467081
0.066690
0.037561
-0.369352
-0.412187
-0.682663
-0.354590
0.265140
1.383122
1.767941
1.486197
1.264941
0.673297
-0.437008
-1.065538
-1.087570
-0.410670
0.588395
1.365266
1.761230
1.564629
1.007918
0.681380
0.487946
-0.155773
-0.348832
-0.179608
-0.098384
-0.517899
-0.097504
0.440784
0.966937
0.359506
-0.644857
-0.101751
0.160357
0.005841
-0.661040
-0.893336
-0.450742
-0.483494
-0.153377
-0.085912
-0.237368
-0.326096
-0.129109
0.252677
0.161998
-0.112086
-0.925382
-1.578449
-1.233413
-0.922528
-0.776838
-1.004103
-1.186614
-0.376719
0.154432
-0.541511
-1.100543
-0.843373
-0.358626
0.162141
0.149666
0.089793
0.432914
0.191255
-0.570176
-0.775857
-0.354623
0.352638
0.227481
-0.199982
-1.304622
-1.382669
-0.453959
0.277444
-0.386801
-1.065526
-0.614767
0.432378
0.569877
0.142707
-0.431412
-0.528083
-0.515988
0.044412
0.342967
0.186437
-0.272343
-0.318049
-0.529741
-0.749993
-0.805069
-0.525811
-0.417081
-0.341545
-0.633799
-0.829121
-0.825404
-0.943864
-0.695105
-0.472841
-0.062573
-0.606180
-1.003962
-0.503142
-0.199343
-0.639280
-1.285865
-2.017803
-1.680459
-1.334204
-1.486179
-1.885360
-1.460847
-0.509831
0.510373
0.766538
0.935048
0.548609
-0.090277
-0.145339
-0.179318
0.251694
0.289249
0.465143
0.654068
0.699720
0.664088
0.753403
0.608801
0.206844
-0.062103
-0.325951
-0.175310
0.759352
1.565627
1.920350
1.954048
2.346004
1.559847
0.906042
0.570202
0.130457
-0.548366
-0.781365
0.119380
1.068156
1.768223
1.558023
0.772584
0.680622
1.029843
0.940476
0.435000
-1.166860
-2.486738
-2.562079
-1.708292
-0.340245
1.075995
1.222925
0.846597
1.252161
1.445143
1.079874
0.073458
-0.943108
-1.421764
-1.784328
-0.694429
1.167914
2.375895
2.090509
1.521877
1.383372
1.583488
1.161516
0.321816
-0.373134
-0.938275
-0.946259
-0.595861
0.183771
1.326734
2.060923
1.648479
0.884932
0.434353
-0.057575
-0.272124
-0.009414
-0.307986
-0.587289
-0.464390
0.416826
0.904122
0.782933
-0.128416
-0.267542
-0.026210
0.067350
-0.372670
-0.847656
-0.676278
-0.961482
-0.335873
0.590880
1.202597
2.130968
1.845872
0.464243
-0.099574
-0.362739
-0.449828
-0.939839
-1.492877
-1.602277
-1.096762
-0.431028
-0.109888
-0.256498
-0.136814
-0.859144
-1.548193
-1.880689
-2.224079
-2.340416
-1.876602
-1.228975
-0.586083
-0.138788
0.386704
0.969574
0.498674
0.610262
0.797881
-0.538448
-1.822442
-2.200039
-2.480172
-1.707994
-0.498892
0.308034
0.808388
1.202902
1.437148
0.734763
0.016303
-0.595697
-0.752403
-1.545505
-2.614156
-2.308911
-1.521667
-0.839109
-0.515896
0.155222
1.141310
1.557987
1.158312
0.351149
0.727424
0.647478
-0.522334
-1.430966
-1.327235
-0.181178
0.005211
0.162350
0.610945
0.357396
0.403483
0.529443
0.338870
-0.378869
-0.833162
-0.839117
-0.286231
0.222182
0.885794
1.433871
1.311884
1.060057
1.093084
0.666875
0.233120
0.271469
-0.226300
-0.695329
-0.662495
-0.256338
-0.120360
0.100220
0.964136
1.422837
0.780915
-0.116848
-0.212432
0.093515
-0.124318
-0.674108
-0.760122
-0.374060
0.371582
1.184758
1.692415
1.530088
1.294897
0.708654
0.481345
0.292476
-0.201601
-1.147271
-1.533467
-0.923541
0.553934
1.347861
0.789927
0.103814
-0.367214
-0.172139
0.034713
-0.551882
-1.570244
-1.668790
-1.021462
-0.012983
1.023359
0.906632
0.847627
1.018775
1.003340
0.484940
-0.125303
0.231937
-0.228396
-1.778124
-2.100331
-1.363552
-0.582739
0.291002
1.016259
1.138577
0.841326
0.105578
0.005007
-0.132953
-1.037104
-1.261147
-0.707304
0.245338
-0.235314
-0.647225
-0.000971
0.825076
1.398859
1.110566
0.045514
-0.419078
-0.788454
-1.910907
-2.140921
-2.002757
-1.794582
-1.011464
0.191216
0.876728
0.715465
1.032101
0.842273
-0.085248
-1.005981
-1.655596
-1.345088
-0.191046
0.523293
1.034737
1.585953
1.590172
1.126371
0.373326
-0.048436
0.459870
0.692855
-0.306706
