0.960602
0.225269
-0.269034
-0.345856
-0.280895
-0.205650
-0.533769
-1.072624
-0.977170
-1.001044
-1.101101
-0.616972
-0.737996
-0.813449
-0.601808
-0.779039
-0.868280
-1.158336
-1.092741
-0.793843
-0.898735
-0.199962
-0.189621
-0.718115
-0.870466
-0.304253
0.193716
-0.326485
-1.210998
-0.252509
0.040753
-0.432413
-0.553240
-0.753341
-0.706734
-0.259271
0.201202
-0.508433
-1.367977
-0.978195
-0.371863
-0.150123
0.337153
0.248847
-0.358091
-0.211879
-0.805470
-1.078289
-0.971783
-0.513849
-0.289568
-0.268428
0.008774
0.504341
-0.461609
-0.964753
-0.868365
-0.782535
-0.270907
0.107431
-0.310483
-0.915815
-1.073980
-0.839703
-0.230528
0.059374
-0.326942
-0.555669
-0.412954
-0.818676
-0.504289
-0.272277
0.062072
-0.085562
-0.365866
-0.461815
-0.630133
0.585904
0.635152
-0.245016
-0.168895
-0.531357
-0.392341
-0.720011
-1.112261
-1.054360
-0.938900
-0.556339
-0.902555
-1.248344
-0.775305
-0.679719
-0.301173
0.403184
0.039817
0.089336
0.610409
0.530259
0.457635
-0.003564
-0.024809
-0.569827
-1.247767
-1.111578
-1.155508
-1.024128
-0.885432
-1.154517
-0.727595
-0.454588
0.408830
0.421193
0.463166
0.627424
0.678728
0.171438
-0.630286
-0.970809
-0.774926
-0.876472
-1.587296
-2.176162
-2.223073
-2.916782
-2.593940
-1.614045
-1.362417
-1.911478
-1.978139
-1.119865
-0.847497
-1.204313
-1.030659
-1.237067
-1.887971
-1.893759
-1.098409
-0.360568
0.025652
0.707173
0.582039
-0.000513
-0.074628
0.216235
-0.539855
-0.195019
0.025905
0.696872
1.106998
1.274004
1.385503
2.231806
2.142388
1.479574
0.928756
1.102071
1.083977
0.796734
1.264207
2.208152
2.151695
1.573171
1.468285
1.221483
1.103366
0.673808
0.638103
0.586362
1.075707
2.198758
1.880556
1.168417
0.862472
0.681103
0.685421
-0.081435
0.062808
0.715845
1.085537
0.502481
0.634134
1.404141
0.788786
-0.213672
-0.676686
-0.302862
-0.712626
-0.575393
0.040194
-0.331681
-0.954704
0.264278
1.655402
1.493985
1.222042
0.712352
0.773126
0.631791
0.658388
0.484367
-0.154209
-0.718933
0.272910
0.367543
0.205025
0.704694
0.309708
0.390792
0.489572
0.961625
0.329352
0.217218
1.024985
1.127464
0.941244
1.603824
1.342786
1.102574
1.785906
1.400657
0.391850
0.343352
0.361498
0.732337
1.513198
1.416017
1.239045
1.057370
1.345931
1.361643
1.116413
1.206654
0.653307
0.476869
0.438332
0.845365
0.239579
0.126830
0.382120
-0.752202
-0.279850
0.585825
0.182487
-0.534751
-0.976701
-1.107463
-1.161823
-0.544169
0.607319
0.862344
0.301905
0.423000
0.564311
0.616866
0.973460
1.659197
1.485185
-0.039559
-1.234994
-0.517900
0.419144
1.259901
1.390245
1.594358
1.059309
0.817990
0.451130
0.321955
0.345506
0.225175
0.348859
0.607958
0.081036
0.004870
0.396694
-0.090019
0.247424
0.580305
0.711300
-0.247611
-0.376371
-0.118324
-0.295100
-0.290561
-0.355830
-0.208025
-0.887878
-1.284893
-0.565501
-0.616630
0.101164
0.185738
-0.409973
-0.841274
0.279356
0.606578
-0.308917
0.057784
0.518496
0.264149
0.344211
0.692728
0.192340
-0.269744
-0.173675
-0.232590
-0.113974
0.026937
-0.250995
0.307910
0.462928
0.400555
0.329414
-0.188957
0.661444
0.841887
0.380449
0.837311
0.975105
1.314719
0.541157
-0.472721
-0.491738
-0.441997
-0.177821
-0.146070
-0.587853
-0.241935
0.377924
1.044439
0.664953
-0.479026
-0.272366
0.622100
1.456371
1.153714
0.704740
0.076851
0.251775
0.378053
-0.187294
-0.246208
0.444976
1.247953
1.136745
0.723556
0.813033
0.892751
0.066440
-0.703042
-0.404977
0.030952
0.850159
0.310015
0.240206
1.156314
1.254264
1.044078
1.044015
1.279757
1.384396
0.205830
-0.972591
-0.662323
-0.395223
-0.495851
-0.617773
-0.342990
-0.145654
0.047412
0.637493
0.628017
0.090448
-0.306068
-0.201655
0.488984
0.302756
1.123174
0.587480
-0.078904
0.565008
0.940163
1.232242
1.054471
0.231913
-0.001409
0.176341
-0.467007
-0.743128
-0.141644
-0.079263
0.185278
-0.032772
0.270033
0.851662
0.920309
0.665439
0.540969
0.200915
0.087501
0.041944
0.222182
0.258243
0.316765
-0.138869
-0.708230
-1.297171
-0.773522
-0.470757
-0.086476
0.046357
0.836536
0.054340
-0.185205
-0.830464
-0.828020
-1.263182
-2.279569
-2.367461
-1.542772
-1.692741
-0.724816
-0.298524
0.153491
0.786492
0.263570
-0.248493
-1.095245
-2.220927
-2.838546
-2.607365
-1.799335
-1.086041
-1.231244
-1.202700
-1.196573
-0.652394
-0.751533
-0.846421
-0.698524
-0.867102
-1.255178
-1.853626
-2.125323
-2.018526
-1.735314
-1.731449
-1.320558
-0.549889
-0.262436
-0.039737
0.509772
-0.052965
-0.316580
-0.489447
-0.987554
-0.778975
0.040194
0.376735
0.142285
0.036866
-0.423712
-0.581280
-1.284131
-2.469879
-1.560623
-1.018838
-1.054540
-0.433855
0.491536
1.660309
0.944941
-0.113311
0.185700
-0.686936
-0.869211
-1.454367
-1.967748
-1.203610
-0.774682
-0.627919
-0.478554
0.066071
-0.064161
-0.668002
-1.736070
-2.006865
-1.380293
-1.220894
-0.665244
-0.067127
0.192250
0.449055
-0.388512
-0.621853
-0.316783
-0.840660
-0.566369
-0.532805
-1.443743
-1.283626
-0.400082
0.234684
0.114179
-0.327246
-0.420347
-0.249506
-0.205009
-0.899210
-0.754824
-0.507782
-0.645878
-1.146645
-1.186788
-0.875989
-1.149583
-1.217835
-1.152004
-1.027615
-0.524067
0.086239
0.398962
0.626297
-0.463152
-0.534178
0.408858
-0.133410
-0.407616
-0.521319
-0.631880
0.341640
0.949185
0.226128
-0.181418
-0.303631
-0.957484
-1.781835
-1.869932
-1.558352
-1.086141
-1.064744
-0.648801
-0.462660
-0.255177
-0.747748
-0.831021
-0.622813
-0.544824
-1.069890
-1.690844
-2.012348
-1.897505
-1.940210
-0.852417
-0.430628
-0.403411
-0.228795
0.340585
-1.084008
-2.280025
-2.361721
-2.511114
-2.432965
-2.031052
-1.533209
-0.815334
-1.047456
-0.706290
-0.623264
-1.153856
-1.090425
-0.859939
-0.651953
-0.688199
-0.937577
-1.346232
-0.764144
-0.396978
-0.278131
-1.058587
-1.139260
-1.351733
-1.198457
-0.457125
-0.634600
-0.381700
0.038547
-0.020660
-0.317810
0.263343
0.258923
-0.165471
-0.039533
-0.481238
0.215834
0.470314
0.386877
0.654887
0.896536
1.372055
1.083564
0.260524
0.203798
0.177947
0.985567
1.411998
2.492687
2.762833
1.517773
0.545940
0.468612
0.010089
0.461286
1.534838
1.747907
1.861843
1.441825
0.970135
1.079363
0.706764
0.278621
-0.129282
0.244399
0.066485
0.593548
1.296426
1.152405
1.031096
1.167260
1.317788
1.175154
-0.134995
0.168638
0.665364
0.419491
-0.407046
-0.831085
-0.242905
0.636651
0.939844
1.016019
1.599774
1.374592
1.229847
1.046591
0.066506
-0.837937
-0.163484
1.045208
1.740099
1.774370
1.313239
0.983081
0.695232
0.878107
1.457616
1.166684
1.294534
1.250827
1.084029
0.920953
1.094670
1.060041
0.573021
0.335631
1.219928
1.939780
1.666403
1.063198
1.424653
1.881630
1.461230
0.938100
0.633319
0.916917
1.185026
1.295867
1.699889
2.036248
2.748155
1.972050
0.926020
1.234961
0.982088
1.086769
1.768807
2.073462
1.460016
1.811122
1.801162
0.683705
0.771740
1.833827
1.663307
0.766214
0.746010
1.781427
1.552292
0.927099
0.792827
0.628682
1.195518
1.857774
1.461969
0.703305
0.475932
0.883547
0.322119
-0.129111
0.258747
1.403909
1.777198
1.098255
0.698286
0.699893
0.193850
-0.317985
-0.239299
0.836055
0.564871
0.655720
1.494460
1.003704
0.586124
0.573436
0.750480
0.319914
0.103897
0.363885
0.487317
0.447008
0.230218
0.650949
0.730485
1.261700
1.248611
1.081413
1.443330
1.068252
0.320613
0.219305
0.662918
1.412195
1.561771
1.032560
0.615910
0.952883
1.020250
0.913052
0.629771
1.086504
0.529982
-0.330446
0.080016
-0.503591
-0.705301
-0.557472
-0.162177
0.191872
1.090776
1.536217
0.862521
0.093326
-0.074031
-0.527357
-1.122468
-1.162476
-1.401284
-1.060686
-0.666574
-0.306807
-0.549032
-0.689224
-1.812897
-2.807561
-3.281702
-3.253054
-3.367797
-3.164332
-2.502401
-2.047558
-1.534333
-1.248382
-1.460093
-1.379316
-1.108685
-0.908724
-1.411025
-1.363383
-1.283734
-1.734775
-1.662005
-0.753726
-0.414028
-0.089282
-0.007349
0.150305
-0.582218
-0.133202
0.662053
0.132885
-0.423642
-0.085473
0.183707
0.164265
-0.164021
-0.002357
-0.209569
-0.747874
-1.455715
-1.208399
-0.546909
-0.019104
-0.004505
-0.916208
-0.684109
-0.049933
0.386137
0.296147
-0.337894
-0.304005
0.140671
0.295239
-0.728006
-0.809160
-0.469471
-0.280038
-0.292807
-0.813593
-1.350311
-1.470449
-0.618077
-0.970722
-1.056322
-0.265495
0.563191
0.969971
0.699334
1.071174
0.836516
0.087755
0.409580
0.251982
-0.481041
-0.819747
-0.423874
0.001608
-0.369377
-0.960016
-0.103360
0.306001
-0.087405
-0.183123
-0.160784
0.259265
0.155638
0.181888
1.462481
2.259506
1.009167
0.321295
0.711274
0.968195
1.407377
1.105278
-0.077125
-0.395808
-0.224191
-0.564704
-0.966134
-1.114616
-1.163599
-0.187880
0.079147
0.430941
1.498423
0.729913
-0.882057
0.116464
0.070034
-0.644387
-0.030370
-0.810913
-1.862305
-2.114139
-1.856245
-1.614188
-1.409056
-1.711268
-1.709177
-1.804437
-1.990753
-0.110762
0.252025
-0.680193
-0.029899
-0.509768
-1.074202
0.413215
0.083548
-0.658643
-0.889644
-0.928410
-1.021820
-0.278760
-0.585973
-0.548432
-0.056041
-0.404006
0.625660
0.671295
0.312190
0.431814
0.375717
-0.387185
-0.549615
-1.439417
-1.761303
-1.592873
-1.201986
-0.525766
0.017002
-1.231084
-1.169168
-0.308519
-0.408107
-0.099349
0.062364
0.080643
0.933446
0.275919
-0.601438
-0.860648
-1.046765
-0.885535
-0.043125
0.184750
0.193610
0.338404
0.624167
0.387189
-0.032274
-0.114496
0.657491
-0.917448
-2.036290
-1.941925
-1.232220
-0.366316
-0.102728
-0.444935
-1.371805
-1.706744
-0.789745
-0.607501
-0.129686
1.053945
0.858402
1.065502
1.277741
0.993896
0.076314
-0.272624
-0.042955
0.417677
-0.210685
-0.621778
-0.106480
-0.492232
-1.461197
-1.481207
-0.552467
0.109764
-0.489918
0.320784
2.002215
1.559943
0.686163
0.965996
0.735420
0.822684
0.611763
1.104838
1.647556
2.027059
2.023277
1.948642
1.745687
1.667956
0.860971
1.181929
1.585254
1.579994
1.107721
1.040251
1.736682
2.280638
1.825350
1.767932
2.719795
2.368754
1.874707
2.061923
1.248232
0.053075
0.248076
0.714581
0.862090
0.375236
1.041259
2.344658
1.383627
0.301199
0.665918
0.548101
0.243257
-0.330260
0.148134
0.794159
1.144235
1.053910
0.447270
-0.123665
0.466133
