0.476366
0.584714
-1.436177
-0.220786
1.319580
0.606607
0.431533
0.223182
0.024008
0.185264
-1.040758
-1.619989
0.826184
1.209577
-0.433478
0.463779
0.413769
1.355193
1.053511
-3.135379
-1.438043
1.524233
1.032983
-0.087864
0.078238
0.037032
0.384635
-2.313702
-1.195032
0.734536
1.728948
1.653316
1.004877
-0.266944
-2.250524
-0.182009
0.811456
0.184194
-0.944475
-0.237150
0.839238
0.452121
-1.636763
-0.504452
0.685814
0.680410
0.108994
-0.535431
-0.896012
0.012527
-0.873229
-0.103204
0.713985
0.478428
0.885660
0.527174
0.403896
0.198043
-2.450157
-0.312925
0.715634
0.303646
0.478158
-0.153160
0.001873
0.153660
-1.314058
-0.935512
-0.775554
-0.491317
0.515835
0.053774
-1.607042
-1.513862
-1.324602
-0.958491
-0.131954
0.763727
-0.298883
-0.681071
-1.641090
-0.494943
-1.002412
-2.519744
-0.140150
0.645813
-0.210022
0.416462
0.815420
0.295095
-0.203037
0.101072
-1.207133
-0.325265
0.066380
0.498813
1.363350
0.742763
0.203183
-0.205485
-2.304911
-1.673986
-0.951991
0.035593
1.271438
0.338705
-0.418062
0.022950
-1.261567
-0.444907
0.675933
1.185599
0.960063
0.878871
-0.854712
-0.710528
-2.059698
-1.488896
1.213354
-0.172412
-1.385501
-1.185655
-0.375885
-0.163760
-0.661861
-2.571497
-1.266120
-0.224216
-1.596692
-0.468687
-0.745703
-1.022700
-1.597275
-1.870901
0.207712
-0.216576
-2.137604
-0.908765
-0.191826
0.096171
-0.549591
0.895969
1.853753
0.668497
-0.069931
-0.974500
-0.524442
-1.428751
-0.373110
1.978004
1.034810
0.392858
0.262444
-0.925516
-0.886080
-0.544522
-0.049136
-0.119211
-0.543227
0.037878
1.762184
0.874129
0.322548
0.440841
0.210165
-0.857289
-1.462798
1.178676
1.605330
-0.060493
0.276146
0.573696
0.582341
0.738170
0.402767
-0.003659
-0.098606
-1.669607
0.212266
0.897050
-0.051908
-0.389640
-0.464315
-0.500743
-0.577588
-1.716156
-0.089908
-0.680271
-1.103776
0.037426
0.706166
0.349458
-0.412187
-0.408171
-1.222591
-2.676234
-1.231463
0.114058
-0.129385
0.108972
-0.812189
-0.352195
0.342500
1.139502
-0.361817
-0.255915
0.281458
0.158351
1.054208
-0.706593
-0.300023
1.147669
-0.425906
0.968599
1.282523
0.290255
0.904306
0.770342
1.634616
1.177202
-0.203374
-1.054869
0.810152
1.509145
-0.422718
0.359117
1.100777
0.840109
-0.259506
-2.418237
-0.881257
0.747793
0.956375
-0.045731
-0.060988
0.994619
0.761039
-0.720751
-2.681944
-1.364607
0.982463
-0.152598
-0.878499
-0.088568
0.602877
1.037606
-0.751302
0.078610
0.858536
0.247887
-0.460251
0.022771
0.431146
0.458662
0.396216
0.681463
-0.829092
-0.557077
-0.027386
0.602142
1.100930
0.121653
1.104547
0.872113
0.167428
-1.635796
-0.986995
1.207406
1.470527
0.650255
0.711739
1.268656
1.743476
0.451314
-1.599034
-0.858900
0.729124
0.893524
0.137597
-0.115268
0.238585
1.132625
1.966161
-1.370405
-1.075116
1.169256
0.393679
0.353001
-0.107945
0.442244
0.246023
0.546013
-0.859228
-0.252334
1.260523
1.351530
1.200028
0.974042
0.884154
1.924586
1.460034
0.463932
-1.476516
-1.130016
1.521603
2.500470
1.306987
-0.122312
0.146875
1.781943
0.605906
-0.603684
1.031029
2.600358
1.550702
-0.102126
0.995435
1.987008
1.970640
0.489658
-0.592330
0.042259
2.536902
1.381115
-0.485250
0.382121
1.152306
1.167870
0.571236
-0.582914
0.472370
1.620709
0.727416
0.028669
0.881828
1.711765
0.811195
0.487363
1.005128
-0.354845
-0.154159
0.913201
1.037412
1.125087
0.480070
0.503053
1.715314
-1.757292
-2.358764
0.165898
1.425084
1.066512
-0.345308
-0.041301
0.592535
1.745880
1.123476
0.838066
-0.504455
-0.713776
0.190116
0.904007
0.191960
-0.053733
0.507350
0.959520
0.392466
-1.548639
-0.107772
1.652112
0.787464
0.866099
0.579714
1.383440
1.616774
-0.198384
-0.717152
-1.117035
0.421968
0.651687
0.333166
0.949210
1.772526
-0.161294
-0.849343
0.120198
-0.955477
0.120652
0.897254
-0.195823
-0.087760
0.122870
-0.076531
-0.831023
-0.013411
0.614262
-0.605940
-0.097406
-0.700019
-0.751177
0.737881
0.579846
0.597089
-0.290196
-1.623734
-1.177667
-1.654857
-0.029997
0.559591
0.006810
0.912300
-0.503282
-0.834074
0.200991
0.515527
-0.902698
-1.707541
-0.985726
-0.613762
0.078625
0.157467
0.003672
-0.194365
0.542243
-0.545836
-0.985182
-1.510657
-2.132671
-1.217290
-1.117764
-0.822967
0.357362
0.066970
-2.436636
-2.005345
0.754914
0.123549
0.315903
-0.330433
-0.338232
-0.677286
-2.636031
-1.941290
-0.831209
-1.278510
-1.377740
-2.208422
-2.239162
0.267369
0.409682
-1.062029
-0.603847
-0.821443
-0.707037
-1.799094
-1.561590
-0.360685
0.071493
-0.845611
-0.056994
-0.282668
-1.035254
-0.862048
-2.492164
-1.700047
-0.617501
-1.330434
-0.349238
1.568964
-0.364244
-0.907938
-0.038338
1.489282
-1.114491
-1.751695
-2.183156
-2.571490
-1.419143
-0.925597
-0.030604
0.044597
-0.547611
0.906262
-0.084773
-1.492630
-0.556924
-0.865925
-2.114723
-2.116500
0.854436
1.924889
0.555978
-0.053735
0.248621
0.536239
-0.466193
-1.083089
-2.199954
-0.505557
1.515571
1.184707
0.906421
0.915838
0.436424
-2.312461
-0.604014
1.409780
0.341425
-1.621853
-1.708559
-0.815340
0.036835
-1.140004
0.328963
1.657104
0.099291
0.058640
-0.577304
-1.426849
-0.487844
-2.009087
-0.001284
0.461961
0.294784
1.090253
0.420239
0.975540
2.176072
0.695396
-3.047299
-1.621299
-0.388559
-0.591718
0.614404
0.966732
-0.962282
-0.320253
1.139972
0.398300
-0.782135
-0.513585
0.707330
0.888386
0.675775
-1.021303
-1.745177
-0.554322
-0.087288
-0.358923
0.655124
1.335866
0.805904
0.011529
-0.246699
0.311813
-0.342709
-0.254569
-1.372702
-0.284356
0.236840
0.118658
0.373154
0.658340
-0.373698
-0.447424
-0.402669
0.731385
-1.181567
-1.721635
-0.424238
0.361368
1.236088
1.099127
0.917846
1.203597
1.065071
-0.387386
-1.358895
-0.119762
0.881289
-0.582118
0.311409
0.139283
0.114379
0.193540
0.755414
0.390271
-0.565241
-0.302815
1.765169
0.423694
-0.221414
0.421509
1.531039
1.148583
0.273748
0.072705
-0.450825
0.936176
0.773719
-0.973858
0.750721
-0.280501
0.297700
0.879549
0.350425
-0.988439
1.074116
2.179368
0.098584
-0.363122
0.291774
0.349341
0.424604
-0.458828
-1.576081
0.203789
1.300905
1.523648
1.490834
1.266667
0.805614
-0.005176
-0.190143
0.356303
0.480080
0.816103
-1.175077
-0.438291
0.735500
-0.091550
0.461677
0.287905
-0.366662
-0.067579
0.001243
-1.646859
-0.496354
0.805021
0.458935
2.506752
1.481385
0.094830
0.097723
0.082096
-1.103141
-0.575143
0.702475
0.340357
0.791059
1.141751
-0.688050
-0.698636
0.150556
0.413500
-0.443600
-1.084382
0.152911
0.874163
0.036125
-0.142687
-0.136967
0.849700
1.350329
0.890011
0.597389
-1.777872
-1.001444
0.854631
0.460343
1.033994
0.141830
-0.809064
-0.303151
0.605932
-1.014166
-0.285719
1.614140
0.951032
0.069823
-0.677496
-0.476059
0.538007
1.069482
0.945653
-0.280667
-1.870157
0.973884
1.990378
0.228019
-0.283323
1.103619
1.007326
0.083717
0.022167
-0.999795
0.219326
0.600935
0.516188
0.698317
0.358305
-0.759517
-0.997950
-0.872446
0.153148
0.627470
0.091798
-0.295588
1.058108
0.089215
0.528165
0.149905
0.040298
-1.090347
0.243151
1.146886
1.210007
1.164334
0.148890
-0.157013
0.470813
-0.917722
0.336589
1.122784
0.776822
0.197510
0.214672
0.188443
0.413055
-0.030428
-0.140045
-1.420653
-0.026711
1.100025
0.370111
0.523891
0.105243
1.048745
0.258984
-0.216062
-0.678887
-1.203934
0.855410
0.691139
-0.330126
0.866314
1.541022
1.163228
-0.663183
-0.232881
-1.067385
-0.439205
0.528175
0.425066
-0.221414
-0.253269
-0.754485
0.047494
0.059120
-1.638855
-0.150018
0.072592
-0.413740
-0.160422
0.185764
-0.043866
-0.313965
0.064193
-2.265376
-0.967327
1.986289
1.518491
-0.489081
-0.508628
-0.604877
-1.013759
-0.997124
-1.468627
-0.781863
-1.695774
-0.782295
0.830498
0.816300
1.451268
-0.260305
-1.197170
-1.507183
-0.024504
0.829851
0.283127
-1.126667
-0.837776
-0.431061
1.421983
0.833090
0.543240
-1.198554
-0.331424
1.152673
0.062699
0.703537
0.492470
-0.328690
0.736701
-0.781471
-0.797631
0.627812
0.773387
1.078356
0.363525
-0.934664
-0.496523
-0.457857
0.974215
0.406682
-1.981335
-0.734620
1.167245
2.295396
1.288098
0.633791
0.115908
0.283711
0.408538
-0.889538
-1.536206
-0.597754
1.488729
1.629124
0.007285
0.441048
1.054526
1.117398
-0.435417
-2.189973
0.424005
1.884356
1.482054
0.683418
-0.608181
-0.083910
0.925452
-0.409350
-0.303044
0.017922
-0.514063
0.049652
-0.729763
-0.960331
0.084818
-0.369597
-0.251021
1.039662
0.708779
-1.077612
-0.046728
-0.287049
-1.280322
-1.112167
1.568851
1.375889
1.253883
0.060711
-1.368151
-1.037868
0.411657
0.736550
-1.268427
-1.109074
-0.302951
0.296245
-2.076665
0.276634
0.585275
-2.659659
-0.335361
0.844045
-2.024327
-1.078622
0.737858
0.272012
0.267308
-0.146287
-2.539203
-3.423429
-0.106787
0.610016
-1.290539
-0.701291
-1.028029
1.013633
-0.252611
-0.679595
0.008656
1.095761
-0.314339
-1.567139
-0.856200
-1.814967
-0.310708
0.298923
-0.577630
-0.594691
-0.810767
-0.921624
-0.667752
-0.235062
-1.236121
-0.754450
-0.044865
-0.856966
-0.710574
-0.726623
0.160292
-0.242425
-0.245512
-2.137481
-0.293137
2.137394
-0.503483
-1.232908
-1.946995
-0.597400
0.438153
-1.201120
0.076089
1.242525
1.668136
0.763058
-1.203240
-0.967264
1.153389
1.263546
-0.841834
0.081825
2.293130
0.740507
-0.434994
0.463673
0.019890
0.895724
0.507267
-1.871598
-2.041103
1.056774
0.885677
-1.908841
-1.955236
0.016015
1.753805
-0.593907
-1.082508
0.982822
1.967804
0.304438
-0.955073
-0.322206
2.166883
0.927964
0.029341
-1.705973
-0.676737
1.810736
0.842616
-0.163594
0.849845
0.796883
0.988001
0.035323
-0.552328
-1.146340
-0.573199
1.537212
1.970702
1.316572
1.113523
1.871977
0.575264
-0.278104
0.425669
-1.289112
-0.142297
1.292752
1.583463
0.780666
0.788492
0.577314
0.046530
0.417261
-0.765851
0.492261
1.286967
1.367809
0.786150
0.747552
0.605683
0.477403
-0.765783
-0.205748
1.558075
0.441577
-0.239999
1.369348
0.767924
-0.788869
-1.355544
-0.352392
0.729664
0.215774
1.577482
-0.985624
-0.320087
0.680229
0.526971
0.388208
-0.271310
-0.156953
-1.575065
-1.145055
-1.117480
1.174320
2.020465
0.047987
0.869852
