-1.059405
-0.865445
-0.294050
0.608985
0.460887
1.652301
2.725904
2.636816
1.438699
0.737433
0.740838
0.671694
0.079291
-0.425683
-0.326598
-0.609437
-1.029048
-0.658730
-1.065531
-1.108454
-0.791279
0.479459
0.941244
0.418915
-0.024667
-0.068830
-0.119770
0.968640
1.709069
1.742212
1.216421
0.659197
0.325275
-0.102073
-1.043893
-0.833603
-0.492617
-1.246935
-1.329591
-0.481754
-0.752672
-1.300117
-1.864427
-0.882682
0.343437
0.540473
0.612821
0.507775
0.263295
0.593248
0.089412
0.001272
0.739609
0.348323
-0.152336
0.109248
-0.131688
0.057985
-0.501572
-1.113296
-0.042892
0.193435
-0.299657
0.053331
0.148870
-0.151019
-0.718980
-0.763088
-1.017462
-0.611849
0.294077
0.462933
0.345807
1.066260
1.332286
0.992424
-0.156055
-0.306596
0.400457
0.127471
-0.478906
0.023907
0.789519
0.632661
-0.438682
0.005949
0.515003
0.411616
0.103207
-0.320954
-0.691144
-0.341031
-0.671893
-1.402172
-0.233978
0.554406
0.797555
1.409898
1.221625
1.375203
1.685053
0.638702
1.075383
1.429207
0.495345
0.031156
0.021582
-1.044327
-1.554537
-1.275957
-0.838132
-0.063384
-0.172380
-0.737544
-0.747709
-0.514265
0.150396
0.799315
0.730414
0.721920
0.942381
-0.013658
-0.005150
0.883287
0.356768
-0.656458
-1.940458
-1.839815
-0.476099
0.545561
0.130320
-0.602248
-0.528046
-0.181171
-0.680090
-0.561843
0.386281
0.336262
-0.599591
-1.351527
-1.628244
-0.858808
-0.242255
-0.841442
-1.290523
-0.627328
-0.677844
-0.498133
0.302265
-0.154051
-0.663890
-0.882946
-0.572174
-0.453435
-0.401675
0.030623
0.044770
-0.520275
-0.917083
-1.349433
-1.830516
-1.052384
0.100402
-0.165434
-0.071345
0.137557
0.629032
0.685090
0.227726
0.597019
1.211493
1.058743
0.381745
-0.227942
-0.180737
-0.171163
-0.711814
-1.291023
-0.233020
0.391244
0.246864
0.465985
0.266919
0.200168
0.112189
0.888930
0.895338
0.083270
0.698586
1.551603
1.904798
1.810391
1.099376
0.158569
-0.427878
-1.035897
-0.342733
0.506404
0.877996
0.828035
0.583323
-0.210348
-0.256664
-0.151089
-0.527773
-0.302516
0.288518
0.174385
-0.115906
-0.585213
-0.489737
-0.273219
-0.459620
-0.399718
0.126951
0.954470
0.749025
0.205303
0.090203
-0.370659
-0.752595
-1.711795
-0.935902
-0.714113
-0.972152
-0.411720
-0.476628
-0.275804
0.289686
0.234594
0.414697
0.585166
0.516701
0.629987
0.218306
0.508610
0.828549
-0.402581
-1.182715
-1.230521
-1.365714
-1.350020
-0.688490
0.113793
0.408333
0.595923
1.108307
0.800679
-0.540919
-0.277491
0.432028
-0.045103
-0.956220
-1.449843
-0.952465
-0.978048
-0.855394
-0.529206
-0.972018
-1.063872
-1.313748
-1.481514
-0.733601
-0.905116
-0.158481
0.355613
0.209747
-0.030940
-0.069207
-0.154718
-0.005659
0.073032
-0.413078
-0.488983
-0.281814
-0.576349
-0.184725
0.400452
0.266427
-0.191384
0.581941
1.423399
1.437139
1.434678
1.904874
1.893576
1.502680
0.599029
1.586647
1.668215
0.619398
0.143127
-1.021176
-1.390431
-1.112250
-1.699922
-1.171834
-0.220901
0.355584
0.393473
0.488632
0.758596
0.637693
0.107472
-0.084121
0.483295
0.715602
-0.228316
-0.449339
-0.113195
-0.515057
-0.342168
-0.568870
0.362974
1.013124
0.960393
1.086081
0.798158
0.690761
0.639612
-0.500686
0.274148
0.915880
0.682315
0.341267
0.505150
0.718739
0.174217
-0.253288
-0.044849
-0.296013
-1.074652
-0.662902
0.733215
1.811824
1.369227
0.642624
0.417857
1.176333
1.346654
0.931792
0.848530
0.208558
-0.262848
-0.842046
-1.166124
-1.559919
-1.111494
-0.199838
0.161199
0.251510
0.577829
0.589720
0.705188
0.974397
0.708210
0.690826
1.081085
0.276585
0.644666
0.404487
0.141616
-0.030581
-0.274842
-0.688452
-0.401926
-0.079753
-0.266039
-0.548417
-0.503685
-0.859309
-0.679116
-0.826617
-0.664526
-0.117416
0.539999
0.793400
0.884292
0.927878
1.186581
1.054800
0.423045
0.433251
0.571639
1.200623
1.404110
0.828984
0.623994
0.224775
-0.523173
-1.124143
-0.725242
0.553251
0.592741
-0.436393
-0.605389
-1.005799
-0.699155
-0.723897
-0.655898
0.019577
0.029576
0.171643
0.465982
0.048100
-0.863368
-1.826050
-1.617635
-1.202001
-1.360762
-2.163704
-2.445461
-2.316634
-1.127506
0.261771
0.400991
0.794499
1.536555
1.263507
0.502811
0.212242
0.318256
-0.580542
-1.551520
-2.319593
-1.772890
-1.101571
-1.155703
-1.269964
-0.733780
0.003353
0.307146
-0.232912
-0.408476
0.760954
1.631909
1.548326
1.010390
0.614817
0.225842
-0.661210
-1.475584
-1.427308
-1.169538
-0.868500
-0.516142
-0.404819
-0.224207
-0.644747
-0.109245
1.300820
1.472530
1.419620
1.152724
0.792840
0.570400
0.668681
0.569146
-0.702347
-0.703240
-0.131216
-0.147594
0.354752
1.056146
1.545311
1.142092
0.595000
0.009597
-0.153526
1.053229
1.331188
0.547771
-0.159480
-0.574853
-0.278172
0.084512
-0.177916
0.006074
0.905981
0.820391
0.584348
1.082072
1.626437
1.442741
0.794793
0.107125
0.099722
0.303722
0.484382
0.703553
0.542341
0.291128
0.200567
0.142653
-0.141761
-0.334496
0.206935
0.157755
-0.145400
-0.769740
-1.612795
-1.458394
-1.117703
-0.720541
-1.421697
-1.137694
-0.922295
-0.912897
-0.832419
-0.413047
-0.052666
0.751952
1.550566
0.714461
0.497214
0.666981
0.354430
0.037975
-0.997344
-1.395285
-1.291975
-1.198997
-1.586266
-1.877496
-0.992460
-0.391961
-0.442189
-0.519275
-0.339646
-0.435926
-0.557689
-0.437342
-0.419853
-0.316764
0.042029
0.517855
1.349387
0.807990
0.281986
0.136506
0.104640
-0.410329
-0.353010
-0.757406
-1.355872
-1.292641
-0.782020
-0.517660
-0.214407
0.095841
0.541789
0.859679
1.362039
1.334697
0.660839
0.965997
0.936665
0.789006
0.797102
-0.473836
-0.849915
-1.837336
-2.205264
-1.063881
-0.335471
0.349843
0.720071
1.049595
1.147799
1.597680
2.361469
1.898485
0.875047
0.897487
0.516195
-0.080571
-0.514363
-0.808658
-0.603805
-0.409987
0.115767
0.429800
0.221010
0.674545
0.867048
0.189193
0.256687
0.478859
-0.063492
-0.321825
-1.050306
-1.226530
-0.556361
-0.870348
-0.570332
-0.036343
0.265304
0.432743
0.162087
0.050249
0.065617
-0.126596
-0.500071
-0.009860
0.257431
-0.908462
-1.218212
-1.496385
-1.407126
-1.467673
-0.016978
0.537261
0.026307
0.186335
0.606043
0.575206
-0.330885
-0.398409
0.714391
0.534111
-0.685776
-0.623349
-0.463923
-0.469096
0.545896
1.291132
0.330022
0.848028
1.491111
1.545588
0.748069
-0.346804
-1.383826
-1.475574
-1.391369
-0.766124
0.152355
0.009068
0.702657
2.088226
2.217025
1.554292
0.957724
0.598565
0.038341
-0.827384
-0.492898
-0.307591
-0.480811
-0.584030
-0.118104
0.417269
-0.294691
0.092395
0.894777
0.494110
0.273751
0.519420
0.730668
0.416470
0.332559
0.917787
1.018262
0.607395
0.252901
-0.047878
-0.115103
-0.974443
-0.792797
0.326644
0.796251
0.272219
-0.233378
-0.608065
-0.903839
-1.775946
-1.534647
0.119408
0.616831
0.400460
0.249859
-0.179264
-0.949668
0.107701
0.695868
-0.305116
-0.233513
-0.138531
-0.770835
-1.252899
-1.597018
-1.695740
-1.143124
-1.021966
-0.417970
0.683040
0.588323
0.126431
-0.496500
-0.067644
0.811511
1.031473
0.744816
0.772968
1.050245
0.114060
-0.544462
-0.808443
-0.896809
-0.376432
0.267151
0.632265
1.024936
0.929799
0.313617
0.447343
0.409809
0.283434
0.085727
-0.821895
-1.222421
-0.187192
-0.205308
0.255204
1.020764
1.079336
0.854805
0.172680
-0.181324
-0.423487
-0.636863
0.250335
0.801466
0.265446
0.007538
-0.244787
-0.824139
-1.052501
-0.250265
0.130061
0.075798
-0.096136
-0.618846
-0.651510
-0.654043
-0.489402
-0.466290
-0.183868
-0.500675
-1.162235
-0.528402
0.347523
-0.336611
-0.598779
-0.368911
-0.280049
-0.532579
-0.660560
0.051009
1.112314
1.172685
0.858934
0.422325
0.029987
-0.951134
-1.208136
-0.604392
-0.310144
0.233866
0.676186
0.600817
0.411622
0.414344
0.407743
0.263377
0.570494
1.112132
0.811077
1.157129
1.824439
1.248645
0.621255
0.176904
-0.393167
-0.221717
-0.009533
-0.679983
-1.105177
-0.345686
-0.180923
0.051225
0.728622
0.783475
-0.374240
-0.063771
0.591127
0.552093
0.600365
0.208028
-0.601365
-0.522734
-0.099141
0.417269
0.403227
0.402363
0.069640
-0.415525
-0.649838
-0.772245
-1.510934
-0.690855
0.064747
0.323015
0.915277
0.644987
0.571520
0.499123
0.731886
1.339921
1.068224
0.577460
0.913485
0.989769
0.763319
0.705831
0.838810
0.449723
0.938412
1.202647
0.549971
0.186181
0.624928
0.087312
-0.055499
-0.044473
-0.896824
-0.755715
-0.696619
-1.887006
-1.855577
-0.939269
-0.412722
-1.219976
-0.510947
-0.210731
0.391865
0.583487
0.520012
0.092828
0.235300
0.339701
-0.194275
-0.877271
-1.451456
-0.998310
0.025382
-0.413969
-0.708785
-0.609312
-0.968669
-0.838983
-1.259790
-0.701924
0.137936
-0.745598
-0.819881
-0.006028
0.438602
-0.084862
-0.987554
-0.387928
-0.342428
-0.590265
-0.408058
-0.469607
-1.377543
-2.090524
-1.142957
-0.614319
-1.014409
-0.258478
-0.489937
-1.197849
-1.249601
-0.383573
-0.060265
-0.433556
-0.518695
-0.269956
-0.267309
0.007099
-0.117891
0.440905
0.616354
-0.180002
-1.184655
-1.343418
-0.935708
-1.368039
-1.675758
-1.670257
-0.738180
0.648829
1.802042
3.039229
3.612297
3.307049
2.723022
1.690741
0.766172
0.085740
-0.308552
-0.953241
-0.851716
-1.221405
-2.224077
-3.499120
-4.733642
-4.916660
-3.088619
-1.545451
0.063713
1.396316
1.502152
1.887823
1.784406
2.325896
2.452123
1.764473
1.457296
1.014274
0.389967
-0.466394
-1.379676
-2.217865
-2.500541
-2.206092
-2.515022
-2.921453
-2.958336
-2.474338
-1.065461
0.522017
1.750164
2.212832
2.896220
3.616551
3.437902
3.193662
3.144945
2.964193
2.386102
1.563166
1.775617
1.835957
1.026576
1.048132
1.135272
1.374153
1.224446
1.102920
1.162882
1.399914
1.406574
1.075929
0.427475
0.564972
-0.229662
0.422645
1.050676
-0.404494
-1.687817
-2.842055
-2.021206
-0.601179
-0.373371
0.294148
0.975953
1.489382
1.622162
1.775534
1.158085
0.312484
-0.823414
-2.010148
-2.771424
-2.417086
-2.060156
-1.690054
-0.980443
0.025123
0.142026
0.007500
1.114551
1.826971
1.703875
1.073740
1.089727
0.892995
0.175700
-0.486835
-1.343067
-1.835342
-2.149745
-2.075346
-1.093082
-0.482489
-0.790712
-0.865184
-0.930927
-0.214112
1.418103
1.795435
1.482632
1.663694
1.223056
0.234105
0.408560
1.422863
1.227181
0.615014
-0.577877
-0.618283
0.040369
