-0.400878
-0.454003
-0.530147
-0.845865
-0.757981
-0.033126
0.577723
0.824282
0.724722
0.035859
-0.598448
0.029410
0.701955
1.276718
1.998527
1.866234
0.896032
0.323770
0.546134
0.502365
0.301740
-0.195955
-0.659912
-0.903141
-1.126808
-1.312734
-0.875453
-0.338780
0.536014
1.401675
1.533513
1.595217
1.647437
1.224600
0.428084
0.056832
-0.188645
-0.081935
0.100958
-0.181676
-0.367311
0.024908
-0.105939
-0.121733
-0.107355
-0.427820
-1.206089
-2.057901
-2.518137
-2.594430
-2.429412
-2.111170
-1.696855
-1.157017
-0.286964
0.463839
0.754592
0.533169
0.151270
-0.250976
-0.862207
-1.320289
-1.644766
-2.209648
-2.259501
-1.778399
-0.761844
0.013161
0.514607
0.982238
1.240059
1.268994
1.066231
0.690210
0.476545
-0.044074
-0.223427
0.370318
1.184670
1.955145
2.141194
1.638339
1.189853
1.046713
1.067642
0.634966
-0.231616
-0.431985
-0.215213
-0.241189
-0.268278
-0.263214
-0.418481
-0.474002
-0.279911
-0.099673
0.216785
0.797774
1.186040
1.519459
1.877858
1.918407
1.783156
1.405282
0.845819
0.539740
-0.117891
-1.201164
-2.181752
-2.865310
-2.742116
-2.281694
-1.366574
-0.599740
-0.359656
-0.334839
-0.172911
-0.580889
-1.117559
-1.199159
-1.194518
-1.485714
-1.375169
-0.699856
-0.008425
0.285795
0.585320
0.672154
0.335624
-0.061651
0.000498
0.175798
-0.082569
-0.074437
0.194351
0.572000
1.226404
2.236384
2.784496
2.871440
2.850673
2.502415
2.085464
1.712747
1.225607
0.734214
1.133672
1.609968
1.768407
2.161915
2.379667
2.207111
1.618795
1.136130
-0.149762
-1.136941
-1.257384
-1.348183
-1.332427
-1.021926
-0.454781
0.014330
0.664202
1.548861
1.811850
1.431735
0.991481
0.838467
0.640788
0.737234
0.492593
-0.308937
-1.042779
-1.293406
-1.237812
-1.521221
-1.648315
-1.612963
-1.083170
-0.952444
-1.089974
-1.442211
-1.468321
-1.254684
-0.755565
-0.241332
-0.122256
0.210612
0.309499
-0.051004
-0.338364
0.083792
0.427598
0.486574
0.496815
0.780785
0.948309
0.908623
0.283415
-0.718226
-1.403959
-1.854684
-1.905823
-2.335332
-2.959863
-2.713031
-2.205186
-1.845083
-1.060361
-0.686849
-0.037040
0.519986
0.943981
0.763342
0.195462
-0.051786
0.316102
0.710942
0.561718
0.273031
0.055772
-0.275455
-0.731132
-0.867268
-1.022273
-1.275468
-1.798513
-1.707109
-0.840694
0.116127
0.516858
0.612627
0.699412
0.834788
0.609316
-0.124336
-1.082592
-1.556066
-1.174583
-0.510556
-0.120983
0.276285
0.639319
1.215743
1.297125
1.125831
1.104594
0.399469
-0.151614
-0.631508
-0.827131
-0.308737
0.528173
1.108163
1.702029
2.064911
1.493395
0.894325
0.704008
0.483621
0.140790
-0.229719
-0.628240
-0.908615
-0.836383
-0.152432
0.599725
0.786391
0.748878
0.916044
0.872586
0.700280
0.658649
0.811063
1.114477
0.776475
0.332225
0.029332
-0.313647
-0.885771
-0.787688
-0.848059
-0.829886
-0.533465
-0.592121
-0.461817
-0.280058
-0.270964
-0.099390
-0.195860
0.007207
0.240054
0.324052
0.193126
-0.150889
-0.630274
-0.912735
-0.801230
-0.749867
-0.358292
-0.107801
-0.336136
-0.428563
-0.451063
-0.429777
-0.238204
-0.090998
0.241444
0.353007
0.070539
-0.005262
0.141097
0.041584
0.009828
-0.162496
-0.316253
0.052366
0.531613
0.715954
0.587788
0.190518
0.292672
0.512200
0.752670
0.742516
0.963921
1.052874
0.933546
0.984234
1.125663
0.943948
0.783348
0.606878
0.524492
0.134757
-0.177865
0.044524
-0.190254
-0.695246
-0.999937
-1.098819
-1.773141
-2.461876
-2.266605
-1.819737
-1.235774
-0.583442
-0.039535
0.368387
0.474649
0.814137
0.949846
0.571556
-0.038473
-0.301426
-0.270721
0.125889
0.865185
1.158269
1.249424
1.360100
1.505430
1.321861
1.135604
0.793112
0.344464
0.336528
0.195665
-0.439470
-0.536034
0.062952
0.120721
0.074309
0.261014
0.488085
0.189714
-0.549283
-1.333347
-1.589640
-1.571188
-1.096787
-0.381015
-0.162777
0.038212
0.280741
0.558405
0.370911
-0.114726
-0.331019
-0.788535
-1.779223
-1.678310
-0.745114
0.380670
0.884675
1.449320
1.975993
2.094438
2.079731
1.668243
0.775820
0.126151
0.309095
-0.315706
-0.707880
-0.865622
-0.672032
0.193287
0.954275
1.049407
0.784937
0.593292
0.520434
-0.099084
-0.589955
-1.067788
-1.424831
-1.397702
-1.324778
-0.599636
0.342347
0.813032
0.767493
0.712637
0.613674
0.805250
1.128205
0.838682
0.088774
-0.511508
-0.817920
-0.899733
-0.940505
-0.914885
-0.826382
-0.882078
-0.504469
0.370977
0.804903
0.786763
1.076411
1.181534
0.970048
1.046713
1.061464
0.578766
-0.205081
-1.153677
-1.800723
-1.573164
-0.957527
-0.850829
-0.775768
-0.473971
-0.163119
0.375777
0.743640
0.385679
0.178394
-0.054898
-0.144126
-0.440064
-1.101337
-1.709138
-1.505481
-0.911105
-0.309262
0.287841
0.795678
0.978105
1.097153
1.046202
0.595461
0.128721
-0.238512
-0.585787
-0.615135
-0.190871
0.765962
1.816963
2.442126
2.748107
3.079507
3.234826
3.438491
3.542548
2.938761
1.977460
1.141912
0.148381
-0.513529
-0.978275
-1.347779
-1.354120
-1.244771
-1.301045
-1.194520
-1.061734
-1.028535
-0.888924
-0.663938
-0.875613
-1.020307
-1.038065
-0.553219
-0.182316
-0.002021
0.051872
-0.257226
-0.498991
-0.547565
-0.657464
-0.923873
-0.751531
-0.949132
-1.249068
-1.404820
-1.956403
-2.709925
-2.795452
-2.182780
-1.236876
-0.789794
-0.176370
-0.060489
-0.059370
-0.089593
-0.277046
-0.014192
0.199006
-0.057106
-0.521015
-1.063838
-1.182415
-1.027611
-0.928010
-0.804155
-0.766364
-0.408417
0.027165
0.828771
1.318426
1.156876
0.702813
0.295387
0.327775
0.338356
0.281275
0.110251
-0.218708
-0.729265
-0.920856
-0.510310
-0.101867
0.102512
0.039335
-0.140899
-0.038705
0.211200
0.301607
0.232245
-0.070391
-0.219367
-0.595552
-1.643205
-2.382417
-2.201959
-1.262271
0.271190
1.349742
1.914725
1.802914
1.455465
1.070474
1.003649
1.335948
1.376426
1.151353
0.373212
-0.482305
-1.110189
-0.916443
-0.294305
0.046719
0.203995
0.729940
1.051312
0.688823
0.479508
0.728035
0.796719
0.604576
0.495537
0.361436
0.341043
0.310125
0.058817
-0.220466
0.056037
0.564265
0.707566
1.015042
1.158649
0.979862
0.813552
0.700788
0.419437
-0.028645
-0.314073
-0.139185
-0.094237
-0.071856
0.068827
0.072080
-0.357183
-0.544004
-0.106512
0.015245
-0.326247
-0.928244
-1.513144
-1.263036
-0.760253
-0.056722
0.762641
0.696461
0.576117
0.668309
0.705605
0.820586
0.256753
-0.631527
-1.138668
-1.441748
-1.352266
-0.982074
-0.572786
0.002918
0.175143
0.404332
0.257916
0.381279
0.341449
0.109978
0.120387
-0.282991
-0.328315
-0.119962
0.062087
0.267651
0.369226
0.706751
0.485170
0.333068
-0.071533
-0.670759
-0.967193
-0.816256
-0.513894
-0.110783
0.294346
0.256537
0.125582
-0.185810
-0.381369
-0.373054
-0.201995
-0.063398
-0.322465
-0.321588
-0.211929
-0.293718
-0.046693
0.353122
0.901876
0.966376
0.664557
0.295381
0.204481
0.796499
0.820981
0.239487
0.169497
0.665709
1.054328
1.164680
0.892319
0.684018
0.645248
0.429440
0.308665
0.261063
0.173284
-0.421311
-0.657701
-0.241078
0.024970
-0.231378
-0.552430
-0.862041
-0.793411
-0.358679
-0.429511
-0.646914
-0.638780
-0.630497
-0.577951
-0.572043
-0.581197
-0.354797
-0.129548
0.458287
1.013680
1.019950
0.653260
0.439322
0.058479
-0.884865
-1.091213
-1.036637
-1.096138
-1.019979
-0.952224
-0.949091
-0.742015
-0.661935
-0.476598
-0.435433
-0.172370
0.388200
0.748980
1.004129
1.669828
2.433071
2.199036
1.681272
1.293552
0.897209
0.684150
0.535382
0.112423
-0.072201
0.421286
0.687016
0.489939
-0.031673
-0.509584
-0.735521
-0.911999
-0.938677
-0.496703
0.032300
0.368007
1.290469
1.573809
1.352208
1.137346
0.906647
0.623459
-0.022374
-0.581667
-0.760317
-0.750805
-1.033603
-0.982364
-0.418753
0.003946
0.282661
0.433967
0.855575
1.296034
1.216270
0.991576
0.609301
-0.071446
-1.011759
-1.891948
-2.014632
-1.811931
-1.374688
-0.585777
0.357768
1.303377
1.558740
1.600791
1.668135
1.379618
1.039366
0.446690
-0.529502
-1.329841
-1.853862
-1.990415
-1.771546
-1.509720
-1.386597
-0.939003
-1.426858
-1.618741
-1.115399
-0.843563
-0.218379
-0.027804
-0.313635
-0.281266
-0.260975
-0.237435
-0.025406
-0.309127
-0.413390
-0.013272
0.438356
1.177962
1.449785
1.273488
0.980601
0.658616
0.025435
-0.819593
-1.098181
-0.762491
-0.324809
0.026887
0.234729
0.598752
1.206597
0.833121
0.353542
0.071304
-0.261464
-0.526381
-0.658060
-0.663722
-0.593690
-0.116755
0.570196
0.620401
0.462983
0.332912
0.032134
-0.129184
0.006585
-0.099131
-0.144334
-0.006122
0.022737
-0.021060
0.458034
0.841362
0.646039
0.653430
0.750892
0.997977
1.056158
0.932637
0.730567
0.469650
-0.153097
-1.121065
-1.875533
-1.617648
-1.040741
-0.810026
-0.617741
-0.451642
-0.051054
0.420065
0.556721
0.798480
1.000120
0.587984
-0.051922
-0.393622
-0.376691
-0.067369
0.451264
1.059421
1.200376
1.341202
1.258422
0.971875
0.304173
-0.638662
-1.460151
-1.813510
-2.292032
-2.375152
-1.786250
-1.025904
-0.078870
0.847208
1.295918
1.517811
1.526177
1.101285
1.051814
1.215131
0.824942
0.368927
-0.010176
-0.280542
0.080066
0.421316
0.653982
0.683326
0.602763
0.312915
-0.017905
-0.512580
-1.031898
-1.374766
-1.694253
-1.561340
-1.294166
-0.801269
-0.292042
0.120032
0.486275
0.884471
0.920772
1.002692
0.716008
0.493161
0.378813
-0.196063
-1.197934
-1.857741
-1.390837
-0.439208
0.413899
1.003327
1.358884
1.534908
1.471408
1.169737
0.590298
-0.145775
-0.284904
-0.531735
-0.935234
-0.989758
-0.540053
0.325559
0.999937
1.280924
0.955061
0.597073
0.321628
0.219105
0.098462
-0.164681
-0.678872
-1.148782
-1.631682
-1.504330
-1.101078
-0.431042
0.075734
0.632973
1.169151
1.603078
1.762912
1.598287
1.286885
0.941492
-0.069581
-1.332298
-1.519256
-1.118359
-0.395122
0.388275
0.812419
1.226195
1.402085
1.311981
0.820071
0.412933
0.221610
0.005005
-0.326110
-0.592450
-0.421682
0.071232
0.014388
-0.075393
-0.145576
-0.333921
-0.626090
-0.822409
-1.128768
-1.456743
-2.072737
-2.520372
-2.006708
-1.432434
-0.782499
0.048465
0.429585
0.555638
0.492299
0.457164
0.732384
0.879110
0.538475
0.207484
-0.035421
-0.267470
-0.374156
-0.600184
-0.643652
-0.064905
0.231851
0.395445
0.273401
-0.552265
-1.513892
-1.988657
-1.561133
-0.674432
-0.201515
-0.175245
-0.098234
-0.027082
-0.099325
