0.603434
0.237994
0.131078
-0.004657
-0.466241
-0.490856
-0.083408
-0.330914
-0.036897
0.030834
-0.404616
-0.413329
-0.505649
-1.169921
-1.045037
-0.791874
-0.961934
-0.874581
-0.419211
-0.332212
-0.467460
-0.277494
-0.047494
0.193857
-0.551315
-1.095228
-1.509172
-1.796993
-1.470115
-1.147361
-0.957450
-0.569420
-0.060184
0.226387
-0.001273
0.070373
0.603160
1.044474
1.304704
1.365964
1.264214
1.368653
0.746770
0.434847
0.452545
0.429804
0.517455
0.360905
0.448894
0.488976
0.423755
0.434833
0.431020
0.156078
-0.392055
-0.231581
-0.125936
0.151881
0.499066
0.227181
-0.044281
0.044524
0.617962
0.713354
0.358782
-0.144206
-0.202635
-0.008915
-0.185194
-0.124209
0.379936
1.160202
1.470113
1.535183
1.379858
1.094441
1.144231
1.086441
1.340765
1.101580
0.922243
0.665615
-0.399734
-0.893342
-0.862377
-0.732258
-1.058472
-1.338470
-1.181001
-1.506935
-2.133133
-1.693005
-1.477739
-1.993741
-2.612214
-2.071758
-1.632127
-1.112138
-0.564994
-0.236298
0.267569
0.470588
0.867065
1.217640
1.465516
2.655295
2.906813
2.124644
1.643647
1.276932
0.569548
-0.401590
-0.744677
-0.841698
-0.797234
-1.046874
-1.109978
-1.242515
-1.257665
-1.229137
-1.077649
-0.451999
0.276280
0.194137
-0.160264
-1.069808
-1.387381
-0.975551
-1.003369
-1.266281
-0.593949
-0.205480
-0.119326
0.045510
-0.022041
0.356816
0.677028
0.609387
0.499569
0.770608
0.739867
0.401532
-0.029337
-0.395009
-0.337720
0.294166
0.408507
0.485677
0.116951
0.082342
0.241099
0.140227
0.047637
0.554798
0.370745
0.160248
0.574938
0.742293
0.763975
0.461432
0.224082
0.142060
0.172158
-0.210793
-0.868876
-1.389801
-1.854749
-2.071819
-1.763460
-0.459233
0.672171
0.584855
1.030322
1.272200
1.647332
2.125891
2.238975
1.707188
1.269206
1.154634
0.811654
0.764307
0.734865
0.149779
-0.328493
-0.491437
-0.619911
-0.155441
0.130005
-0.078022
0.258439
1.426182
2.345206
2.727233
2.158864
1.681151
1.625747
1.569032
0.998960
0.638281
0.699643
1.389552
1.169751
0.561723
0.124829
-0.421051
-1.032461
-1.264387
-1.646187
-2.005048
-1.832010
-1.784596
-1.333357
-0.997299
-0.611578
-0.663769
-0.445562
-0.623412
-0.828763
-0.500571
-0.507211
-0.674967
-0.875276
-0.919647
-0.992117
-0.920244
-0.769292
-0.203939
-0.462656
-0.891446
-1.069776
-1.368996
-1.247496
-0.913877
-0.345058
-0.189614
0.092130
0.311149
0.251356
0.000110
-0.029223
0.374503
0.583879
0.367890
-0.100554
-0.481348
-0.367664
0.413845
0.809898
0.721347
0.452145
0.593678
0.439474
0.806605
0.746788
0.081113
-0.560293
-0.808580
-0.635116
-0.065672
-0.394480
-0.618425
-0.733683
-0.684210
-0.288210
0.224102
1.124727
0.651845
0.307903
0.395005
0.198615
-0.192206
-0.405201
-0.342693
-0.070258
-0.245204
0.165559
1.357621
2.336622
1.822493
1.524268
1.005826
0.734354
0.563948
-0.097175
-0.649750
-1.127264
-0.813873
-0.426265
-0.262434
0.168510
0.491040
0.465885
0.573785
0.674309
0.294156
0.044156
-0.094733
0.127447
0.378249
0.430618
-0.037242
-0.162287
-0.628554
-1.335431
-1.656459
-1.598986
-1.141503
-0.990111
-0.798417
-0.465307
0.175655
0.917853
1.614587
1.959970
1.449648
1.235702
1.171832
0.693619
0.073414
-0.180961
-0.185471
-0.179987
-0.139259
-0.003864
0.300817
0.724091
1.001569
1.508758
0.969361
0.574196
0.939979
0.989469
0.873962
0.480622
-0.094688
-0.377588
-1.148787
-1.267594
-1.400934
-1.394054
-1.016184
-1.097523
-0.835113
-0.361182
0.015755
0.627464
0.650442
0.202509
0.064953
-0.048275
0.144891
0.349808
0.380924
0.313535
0.357924
0.466270
0.610910
0.726175
0.555016
0.116236
-0.116867
-0.663950
-1.216879
-1.255065
-1.735949
-2.034836
-1.789157
-1.498125
-1.628888
-1.382865
-0.850988
-0.912725
-0.365608
0.087707
0.261781
0.111141
0.190773
0.273444
0.147279
0.369076
0.342700
-0.088866
-0.542049
-0.641459
-0.692528
-1.242866
-1.482271
-1.058677
-1.112151
-1.013757
-0.000134
0.712246
1.107088
0.934316
0.992274
0.844302
0.277465
0.400301
0.704619
0.788798
0.470897
1.008591
1.021509
0.914999
0.838748
0.671996
0.266698
-0.429451
-0.439282
-0.368013
-1.224850
-2.212827
-2.344090
-1.863105
-1.208414
-0.965757
-0.488735
-0.382044
0.052515
0.341635
0.116662
0.493579
0.558940
0.420593
0.093142
0.392498
1.018258
1.290051
1.328187
1.777133
1.656047
1.595615
1.481476
1.155242
0.933526
0.151546
0.208210
0.820290
0.948958
1.206729
1.793063
2.383273
2.646761
2.524091
2.732518
2.520204
1.780233
1.022137
0.458281
-0.006805
-0.455322
-0.356294
-0.376288
-0.819106
-1.093215
-1.022278
-1.226823
-1.369104
-1.406336
-1.678494
-1.652541
-1.405974
-1.218252
-0.485643
0.046399
0.157654
0.108746
-0.069396
-0.400833
-1.267645
-0.906780
0.512863
1.174289
1.682568
2.519116
3.210573
3.508447
3.521391
3.222310
2.917536
2.463747
1.460327
0.801339
-0.083439
-0.373445
-0.333754
-0.355008
-0.348354
-0.403242
-0.445682
-0.359725
-0.573742
-0.725377
-0.572751
-0.646016
-0.347893
0.131451
-0.258168
-0.793671
-1.070867
-1.953209
-2.291044
-2.757169
-2.670350
-2.298644
-2.485779
-2.260205
-2.406009
-2.457037
-2.370248
-2.081914
-1.863871
-1.626707
-1.900761
-1.882489
-0.786660
-0.387001
0.027073
0.060786
-0.118239
-0.418962
-1.111750
-1.426262
-1.559134
-1.115907
-0.715796
-0.973755
-0.454123
0.283083
0.948468
1.033430
1.161311
1.439820
1.063929
0.176768
-0.672752
-1.792220
-2.323864
-2.155473
-1.628472
-1.524418
-1.889639
-1.940541
-1.626306
-1.287269
-0.833183
-0.179889
-0.124947
0.145693
0.597501
0.472551
0.597944
0.432375
0.276206
0.477320
0.372264
0.519294
0.575135
0.703818
0.751330
0.620791
1.147686
2.087464
2.090287
2.240247
2.194112
2.177125
1.957119
1.260646
0.888075
0.591151
0.104517
-0.576794
-1.251247
-1.374397
-1.028551
-0.759946
-0.078918
0.192649
0.339971
0.903221
0.598594
0.052192
0.268624
0.262621
0.124477
0.502639
0.797128
0.846801
0.508162
0.239468
0.968556
1.082748
1.056803
1.447439
1.536899
1.009603
0.807585
0.634242
0.246772
-0.358607
-0.888550
-1.279805
-1.218376
-0.643827
-0.301230
-0.480411
-0.288540
0.095097
0.302050
0.776686
0.675817
0.230045
-0.364940
-0.617764
-0.158672
0.164644
0.136409
0.473032
0.389378
0.146755
0.260389
0.500909
0.755735
0.370195
0.050942
0.032706
0.088310
0.398035
0.494861
0.580502
0.465134
0.777770
1.485654
1.999261
1.536194
1.163376
0.674887
-0.040358
-0.246110
-0.074217
0.165440
0.574534
1.030558
1.205232
1.435196
1.286612
0.961009
0.812852
0.519460
-0.178992
-0.631148
-0.848945
-0.823234
-0.632150
-0.609042
-0.403483
-0.277582
-0.296841
-1.058040
-1.556022
-2.026436
-2.166881
-2.295173
-2.580314
-2.490019
-2.004794
-1.923911
-1.331648
-0.589678
-0.269057
-0.217188
0.047082
0.371214
0.607207
0.627155
0.989720
1.159081
1.101059
1.279852
1.053635
0.660720
0.477242
0.286538
0.293295
0.210827
-0.077969
-0.423642
-0.428300
-0.603032
-0.523437
-0.496997
-1.027178
-0.917180
-0.779155
-0.848331
-0.174740
0.695747
0.412651
0.061128
0.507860
0.551163
0.251989
0.416875
-0.162797
-0.534336
-0.965789
-1.119163
-0.805476
-0.638473
-0.851588
-0.659199
-0.057384
0.899679
1.335034
1.241966
0.963780
0.538968
0.763439
1.121172
1.074432
0.288548
-0.434765
-0.587239
-0.923006
-0.672238
-0.621973
-0.255714
0.078279
-0.012030
-0.096215
0.239478
0.863054
1.281337
1.149293
1.053163
1.534102
1.972766
1.763807
1.026013
0.336645
0.140884
0.071258
0.239626
0.251593
0.317287
0.733993
1.361700
1.322825
1.051958
1.494011
1.083261
0.750189
0.416769
-0.323545
-0.476163
-0.652858
-1.048975
-1.064996
-1.254249
-1.062672
-0.759380
-0.563875
-0.484833
-0.573414
-0.574264
-0.329391
-0.262071
-0.405230
-0.821240
-1.082399
-1.101464
-1.049249
-0.825247
-0.971251
-1.171043
-0.750934
-0.326921
-0.164759
-0.242078
-0.836325
-0.685210
0.118565
0.759017
0.693807
0.883546
1.298705
1.494522
1.307705
1.072664
0.345057
-0.288733
-0.422906
-1.236133
-1.807239
-1.624255
-1.715320
-1.401192
-0.994467
-0.910530
-0.476880
-0.496328
-0.590934
-0.533581
-0.066103
0.107127
0.104436
0.296540
0.003679
-0.175467
0.311610
0.463132
-0.180617
-0.278153
0.193551
0.326645
0.029302
-0.704674
-1.096576
-0.924827
-1.190982
-1.146555
-0.711190
-0.637006
-0.374528
-0.310207
0.045526
0.243921
0.214895
0.573696
0.832044
1.125117
0.779804
0.998690
1.367899
1.300414
0.793584
0.753308
0.919790
0.405464
-0.286844
-0.436582
-0.204322
-0.018392
-0.271013
-0.030418
0.046353
0.132161
0.298661
0.012230
-0.145986
-0.089755
-0.585877
-0.166922
0.278424
0.361071
0.528318
0.935324
1.198624
1.700740
1.472665
0.908918
0.883233
0.533577
0.060597
-0.752726
-1.004243
-0.669419
-0.970195
-1.543698
-1.414979
-1.157621
-0.545402
-0.252041
-0.112330
0.735249
1.080735
1.276693
1.013379
0.909228
0.713759
0.577080
0.310743
-0.181861
-0.407166
-0.372305
0.293028
0.616017
0.613403
1.164430
1.355151
1.080039
0.506956
-0.376544
-0.305857
-0.230493
-0.327873
-0.814572
-0.463539
0.041409
0.687018
1.013652
1.342360
0.791673
-0.057495
-0.014659
0.264130
0.302486
0.020997
-0.158529
-0.164980
0.022246
-0.047613
-0.099052
-0.121649
0.161611
0.223907
0.044249
-0.193865
0.068245
0.111156
-0.052543
0.515595
0.592952
0.238491
-0.086995
-0.609507
-1.188366
-1.326646
-0.801489
-0.598163
-0.641750
-0.441155
0.161521
0.379865
0.374097
0.321329
0.273994
0.595719
0.522819
0.855747
1.029112
0.945712
0.901286
0.444403
0.237688
0.150977
-0.440352
-0.173204
0.638268
0.796948
0.427774
-0.093849
-0.349651
-0.082705
0.265326
-0.189538
-0.286841
-0.274500
-0.110564
-0.479547
-1.301365
-0.998049
0.133394
0.043647
0.053589
0.376642
0.343716
0.321152
0.383512
0.679133
0.956204
1.046755
0.775526
0.245830
0.413181
0.881800
1.021147
1.007192
1.513399
1.748398
1.116563
0.594502
0.468806
-0.212431
-0.620983
-0.581342
-1.143839
-1.275239
-1.005347
-1.133999
-1.609105
-1.920051
-1.701652
-1.532751
-1.554301
-2.485080
-3.041493
-2.545967
-2.159028
-1.927614
-1.872874
-1.020821
-0.447802
-0.060842
0.501099
-0.089562
-0.400605
-0.014443
0.050081
-0.267037
0.109590
-0.066904
-0.633397
-0.655100
-0.286314
0.310513
0.664428
0.448890
0.785894
0.597404
0.985520
1.464378
