-0.762372
-1.213712
-1.049442
-1.567997
-1.720315
-1.219754
-0.346105
0.212066
0.737347
0.669528
0.149424
0.401344
0.450360
0.633363
1.126510
1.224212
1.066143
0.368163
0.511783
1.356008
1.498127
1.276565
1.100132
1.065308
0.659860
0.042943
-0.454814
-0.182916
0.759632
1.172897
1.073282
1.144276
1.852118
1.982896
1.654539
1.458786
1.292930
1.295734
1.002332
0.393649
0.033631
-0.257973
-0.290411
-0.055696
-0.036843
0.096263
-0.463730
-1.373117
-1.801441
-2.278667
-2.462030
-2.336539
-2.349339
-1.821924
-1.022151
-0.106112
0.122757
-0.017240
-0.223589
0.059410
-0.038902
-0.206766
-0.470881
-1.286725
-1.866058
-1.667464
-1.068800
-0.123045
0.482973
0.668829
0.599459
0.632521
0.768294
0.951503
1.078851
0.060726
-0.417380
0.178717
0.655983
0.689617
0.529541
0.300474
0.138058
-0.293100
-0.525161
-0.280739
-0.437352
-0.680984
-0.418443
-0.324546
-0.229549
0.166459
-0.016824
0.042010
0.281659
0.247741
0.505691
0.697561
0.653937
0.412212
0.974562
1.537372
1.888129
1.688050
1.649599
1.535094
1.381086
0.964558
0.281816
-0.164360
-0.529780
-0.870932
-0.526380
-0.753812
-1.233521
-1.594055
-1.656683
-1.765549
-1.904207
-1.744170
-1.480682
-1.707602
-1.820959
-1.130862
-0.934090
-1.091994
-0.727791
-0.363336
-0.131619
-0.485127
-0.535821
-0.320496
-0.766127
-0.631581
-0.175632
0.156248
0.826895
1.545647
1.566363
1.414043
1.518025
1.222421
0.969249
0.896148
0.815877
0.735474
0.965819
1.031564
1.096689
1.444255
1.707972
2.015320
1.688652
1.484253
0.822636
0.397065
0.510676
0.272081
-0.221676
-0.485452
0.332060
1.288189
1.562186
1.611477
1.800051
1.716656
1.308051
1.123745
1.398986
1.905993
1.223110
0.118966
-0.772460
-1.207391
-1.013366
-1.224488
-1.376847
-1.210233
-0.565519
-0.148389
-0.057135
-0.359087
-0.907900
-1.674170
-1.709948
-0.829145
-0.555845
-0.663808
-0.415304
0.300082
0.462700
0.597660
0.632653
0.316546
0.197141
0.024193
-0.544683
-1.105320
-1.614166
-2.067475
-2.253521
-2.285430
-1.577362
-1.325289
-1.568157
-1.520327
-1.290092
-1.237444
-1.049418
-0.853384
-0.833515
-1.057158
-0.929825
-0.764431
-0.942671
-0.857835
-0.281388
0.066674
0.396488
0.176322
-0.345852
-0.492440
-0.658663
-0.566848
-0.496963
-0.410826
-0.404371
-0.162606
0.632683
1.154195
1.642712
1.497585
1.602939
1.769226
1.109943
0.344483
-0.436538
-0.625868
-0.672965
-0.377830
-0.297740
0.316038
0.374651
0.813800
0.652223
0.184042
0.160396
-0.183947
-0.077562
-0.400582
-0.897413
-0.783669
-0.023376
0.554593
1.023733
1.077220
0.248146
0.161097
0.315931
0.436242
0.402438
-0.304263
-0.660549
-0.616389
-0.657182
-0.337601
0.065754
0.034766
0.115738
0.190336
0.130749
-0.077254
0.133178
0.961773
1.461543
1.561954
1.406055
1.296697
0.887793
0.710584
0.697792
0.363302
0.130422
-0.153102
-0.743220
-0.713901
-0.623882
0.024953
-0.023332
-0.399630
-0.280949
0.260387
0.488228
0.459338
0.558489
0.363160
-0.235378
-0.869310
-1.706649
-1.999057
-1.692607
-1.712820
-1.571003
-1.474083
-1.191381
-0.445444
-0.137596
0.783863
0.922132
0.580142
0.489501
1.055348
1.063871
1.150662
1.070989
0.884592
1.072162
1.268556
0.851141
0.310125
-0.433181
-0.693748
-0.294591
-0.001695
-0.143685
0.128273
0.362094
0.215521
0.793372
0.965847
0.997948
0.930197
0.714680
0.101620
-1.272559
-2.170905
-2.026022
-1.669300
-1.640789
-1.240425
-0.461483
-0.765577
-1.216786
-0.588323
-0.299743
0.024110
0.563848
0.584358
0.175096
0.299431
0.839744
1.002727
0.929081
0.572030
0.377307
0.542063
0.898464
1.415586
1.515334
1.243670
1.509120
1.426186
1.072418
0.716583
0.172538
-0.115801
-0.000991
-0.172771
-0.945489
-1.578455
-1.233721
-1.297225
-1.355480
-1.251951
-0.456210
-0.307117
-0.820118
-1.258998
-1.185205
-1.031843
-0.711870
-0.613429
-0.732654
-0.874322
-0.966205
-0.886656
-1.118195
-0.937625
-0.681522
-0.979508
-1.548772
-1.163423
-0.668398
0.700806
1.310008
1.480481
1.992959
1.749843
1.349606
1.749391
1.430279
1.537647
2.408704
2.032247
1.683878
1.365508
0.700419
0.851747
0.874950
0.346764
-0.102758
0.305780
0.860147
1.005783
1.313099
0.990117
0.424500
0.202616
-0.352964
-1.144714
-1.155732
-1.225162
-1.023333
-0.189006
0.332022
0.953426
1.348915
0.996918
0.473020
0.388199
0.147548
0.052040
0.132656
0.678470
0.662649
0.208177
-0.239523
-0.336062
-0.196570
-0.094281
0.257829
0.258684
0.000116
-0.296746
-0.665879
-1.252719
-1.564187
-1.689550
-1.834296
-1.815020
-1.194525
-0.803197
-0.836801
-0.598093
-0.736797
-0.981466
-0.918148
-0.969304
-1.093153
-1.116976
-0.712224
-0.301136
-0.587833
-0.689388
-0.830262
-0.618201
-0.018373
0.066242
0.301495
0.265348
0.539861
1.124797
1.224918
1.690174
1.633903
1.341825
1.436473
1.824338
2.089310
2.726565
3.230470
3.216530
3.359671
3.159462
2.632552
2.755275
2.534269
1.751866
1.379313
0.807742
0.516454
0.464908
0.011035
-0.384019
-0.635747
-1.220527
-1.605255
-1.699938
-1.919427
-2.394279
-2.504011
-2.506213
-2.688877
-2.454150
-1.863545
-1.797739
-1.708220
-1.259758
-0.861067
-0.509228
-0.572605
-0.578080
-0.389742
-0.562876
-0.676075
-0.781749
-0.836106
-0.604505
-1.004581
-0.983901
-0.108053
0.659144
0.685286
0.529687
0.285952
0.287327
0.121932
-0.493154
-0.946132
-1.198600
-1.249208
-1.298492
-1.832040
-1.977692
-1.915826
-1.925467
-2.292621
-2.121644
-1.429125
-0.515455
0.205241
0.025867
-0.431550
-0.467574
-0.065078
0.615991
0.630195
0.434209
0.098532
0.214932
-0.013742
-0.115836
0.130649
0.499115
0.747686
0.673798
0.583173
0.063595
-0.146251
-0.165961
-0.376957
-0.615460
-0.539417
0.161707
-0.596041
-1.497736
-1.147790
0.254312
1.738108
2.405485
2.057247
1.789075
1.623793
1.153364
0.939324
1.085995
1.394697
1.252711
0.562125
0.038024
0.175810
0.669129
0.910323
0.422605
0.615792
1.129824
1.391342
1.334625
1.209525
1.641824
1.464690
1.231142
0.843144
0.291111
-0.248287
-0.537849
-0.586268
-0.931798
-0.724156
-0.490907
-0.060818
0.700451
0.487115
0.137882
0.320997
0.955823
0.870499
0.450872
0.102738
0.063496
0.119944
0.274469
0.575559
0.969326
0.701084
0.469127
0.490936
0.122423
-0.553590
-1.157322
-1.867113
-1.432847
-0.949742
-0.218807
0.909735
0.956715
1.069164
1.181156
1.224502
1.234971
0.676880
-0.019479
-0.766987
-1.392150
-1.664543
-1.468939
-1.353465
-0.781980
-0.320056
-0.038537
-0.344188
-0.193894
0.142008
0.119189
0.901633
0.666427
-0.029381
-0.033736
-0.074101
-0.340902
-0.605928
-0.200016
-0.472189
-0.910576
-1.019047
-1.233311
-1.078127
-0.763224
-0.779115
-0.677467
-0.824935
-1.125452
-1.288788
-1.154458
-1.006130
-0.866396
-0.529243
0.154108
-0.033361
-0.161799
-0.156621
-0.380396
-0.337233
0.405463
0.945038
0.767723
1.042070
1.365695
0.484387
0.179180
0.595324
1.044220
1.472592
1.174249
1.388893
1.010059
0.548472
0.678669
1.142977
0.879114
0.735682
1.319878
1.340340
0.870239
0.198719
-0.447730
-0.894304
-1.463272
-1.721932
-2.099771
-1.371583
-0.706852
-0.661926
-0.415832
-0.152959
-0.141539
0.052496
0.443359
0.556685
0.576984
0.466354
0.798626
0.957812
0.449923
0.390546
0.644579
0.567795
0.184921
0.312563
0.378355
0.049960
-0.110561
-0.799473
-1.570235
-1.574913
-1.730610
-1.757070
-1.446237
-1.125576
-0.311181
0.259001
0.568696
1.381433
2.182016
1.891984
1.389296
0.915515
-0.081942
-0.469439
-0.649709
-0.907727
-0.753391
-0.280460
0.298772
0.442757
0.190597
-0.004170
-0.148463
-0.229554
0.123722
0.407631
0.411094
0.047595
0.657666
0.613462
0.209213
0.076122
0.309531
0.350221
-0.052055
-0.220982
-0.053132
-0.167237
-0.768669
-1.095529
-1.184032
-0.796816
-0.459396
-0.149038
-0.023363
-0.000431
0.160708
0.271975
0.578152
0.136783
-0.616047
-1.044649
-1.067060
-0.688587
-0.280998
0.294506
0.543155
0.662329
0.841561
1.153536
1.370707
1.017519
0.343036
0.011000
-0.406021
-0.866086
-0.736458
-0.388520
0.004827
-0.060831
0.349387
1.022597
0.813042
0.968379
1.068553
0.630378
0.491716
0.590088
-0.020028
-0.629082
-0.987763
-0.698567
-0.181571
-0.269806
-0.396642
-0.165435
0.125334
-0.002258
-0.060623
-0.147683
-0.246037
-0.120943
-0.761746
-1.792296
-2.257844
-1.847973
-0.934162
-0.503408
-0.121074
0.060838
0.798826
0.987661
0.920322
0.318320
-0.082975
-0.016116
-0.561467
-1.085231
-0.999208
-0.672410
-0.349155
-0.678507
-1.130903
-0.772604
-0.752273
-0.438559
-0.659112
-0.786470
-0.841994
-1.054575
-0.763816
-0.949611
-0.364838
0.619111
1.024284
1.291151
1.794458
1.450387
0.873018
0.977862
0.993635
0.673143
0.040215
-0.619560
-1.147903
-0.702852
0.129198
0.539644
0.516717
0.329751
0.304980
0.364372
0.659263
0.826706
0.555084
0.309127
0.305148
0.403498
0.552578
0.282468
-0.243637
-0.272478
0.026486
0.069977
0.097786
-0.251728
-0.038248
-0.416796
-0.516820
-0.562255
-1.145052
-1.505045
-1.552577
-0.754292
0.397858
1.143115
1.429050
1.440081
1.319659
1.185017
1.770658
1.972485
1.237843
0.681432
0.606788
0.534971
0.591844
0.623699
1.032807
1.326639
1.613740
1.257711
0.467779
-0.129927
-0.891146
-1.182810
-1.570271
-1.537708
-1.083806
-0.353769
0.264290
0.892517
0.957559
0.672063
0.841210
0.812331
0.590926
0.319690
0.057144
-0.512039
-1.867237
-2.802322
-2.621022
-1.980057
-0.939567
-0.348819
-0.045348
0.422610
0.861366
0.754730
0.436513
0.059128
0.149734
0.489164
0.382073
0.313859
0.733015
0.890910
1.323277
1.149105
0.497270
0.062495
0.238509
0.374080
0.359132
0.423198
0.314578
0.003901
-0.330278
-0.308325
-0.329754
-0.413364
-0.575394
-0.671684
-0.147572
0.380446
0.961655
0.891478
0.767955
0.607640
0.148994
-1.006047
-1.359071
-1.125619
-1.014337
-0.189024
0.328253
0.578716
0.797248
0.943125
1.108549
1.254775
0.893977
0.245556
-0.289433
-0.482110
-0.144066
0.196167
0.255861
-0.109741
-0.198429
-0.428532
-0.530857
-0.516693
-0.762258
-1.284725
-1.646703
-1.807941
-2.082354
-2.028229
-1.364359
-0.735940
-0.405976
-0.254922
-0.072401
0.016439
0.354500
0.662998
0.888446
0.483127
0.193435
-0.346908
-0.605004
-0.497815
-0.681946
-0.358373
-0.000052
0.198416
0.438291
0.333189
-0.577845
-1.540878
-1.277267
-0.967635
-1.038040
-1.009483
-0.401790
0.072919
-0.009620
