-0.622117
-0.209613
-0.085289
0.274795
0.058633
-0.055594
-0.252197
-0.531091
-1.026411
-1.263402
-1.354659
-0.829654
-0.530707
0.364723
0.806549
1.444686
1.609724
1.435380
1.537110
1.690595
1.764463
0.953578
0.356969
0.202829
0.469824
0.014927
-0.625952
-1.089817
-0.986514
-0.893149
-0.850977
-0.943797
-0.913291
-0.492075
-0.080617
-0.100357
-0.943830
-1.097854
-0.983936
-0.438128
-0.366654
-0.490033
-0.985481
-1.241852
-1.180023
-0.283401
0.200297
0.674154
1.099517
1.098604
1.284287
0.615593
0.346965
0.221472
0.611818
-0.211234
-0.952134
-1.272943
-0.708434
0.072815
0.722097
0.445882
-0.088707
-0.181523
0.044779
0.303318
-0.593127
-0.602945
-0.798930
-0.553573
-0.902637
-1.097391
-1.232551
-0.747720
-0.789372
-0.408478
0.064988
0.251151
0.262229
0.417897
0.624491
0.336261
0.502005
0.449017
0.881767
0.582172
0.448374
-0.159347
-0.542177
-0.295178
0.622093
0.661606
0.504970
0.576507
0.711187
0.627592
0.130137
-0.271405
-0.497693
0.471795
0.823464
0.793337
-0.308938
-0.967286
-0.841221
0.024577
0.653709
1.302830
1.014249
0.365750
0.232285
0.118452
0.222633
0.007849
-0.240001
-0.437964
0.075891
0.365783
0.468263
0.274366
0.274157
-0.481384
0.011962
0.425234
0.851352
0.461261
0.016860
0.262200
0.827163
0.929535
0.209466
-0.129879
-0.366206
-0.136903
-0.032765
0.399526
0.070952
-0.465946
-0.683345
-0.210947
-0.027663
-0.049296
-0.336587
-0.109209
0.528172
0.652041
0.693082
0.426347
0.716978
0.459945
0.542188
0.727243
1.344669
0.674653
-0.498618
-1.620692
-1.465401
-0.940573
-0.345060
0.035576
-0.129447
0.652630
0.806717
1.228743
1.155690
1.342125
0.715086
-0.140317
-1.015676
-1.034894
-1.558917
-1.580494
-1.538651
-0.610206
0.254769
0.829203
1.682319
1.289103
1.195340
1.166696
1.033815
0.239269
-0.460551
-0.944003
-0.790340
-1.356180
-1.498668
-1.971197
-1.786057
-1.374315
-0.961647
-0.427737
-0.068584
0.261806
-0.128505
-0.251751
-0.614629
-0.463395
-0.340653
-0.021232
-0.195277
0.505985
0.577086
-0.166448
-0.486179
-0.482890
-0.397635
0.251003
0.703115
0.218984
-0.295633
-0.292547
-0.104508
-0.579486
-0.644609
-0.533865
-0.175984
-0.117121
0.150799
0.700050
1.279563
1.096749
1.026231
0.736619
0.108027
-0.034134
-0.105499
0.203310
-0.651069
-1.308399
-2.192989
-2.461121
-2.658711
-2.260358
-1.880142
-0.945196
-0.206173
1.017330
2.212647
2.864477
2.958000
2.609662
2.044448
0.779020
0.615559
0.235183
-0.187086
-0.474330
-1.133930
-2.371781
-2.444360
-2.196619
-0.836406
0.304182
1.352240
1.949949
1.352401
1.352078
0.590927
0.737362
1.066375
1.003986
0.353995
-0.120376
-0.851423
-1.253658
-1.583694
-0.924727
-0.090019
0.878812
1.970894
2.258849
2.074033
1.880201
2.177516
1.517495
0.806458
0.108781
-0.241529
-0.552048
-0.749395
-1.510960
-1.622268
-1.856707
-1.236842
-0.298838
0.523614
0.943367
0.416912
0.316689
0.439638
0.819025
0.837961
0.198092
-1.347911
-2.626570
-2.336554
-0.758224
0.438825
0.901934
0.395436
0.157119
-0.010359
0.753738
1.401281
1.728905
1.974178
1.024358
0.127074
-0.324338
-0.356154
-0.706888
-1.127023
-2.309533
-2.617866
-2.410758
-1.843796
-1.494003
-1.051319
-0.558163
-0.380766
0.384067
0.848159
1.280595
1.300064
1.628544
0.785422
-0.192666
-0.820793
-0.141119
0.118632
-0.034589
-0.663156
-1.095527
-0.887624
0.090379
1.333931
1.611808
1.714288
1.588504
1.672608
1.500494
1.284873
1.203358
1.019433
-0.154280
-0.813056
-0.936775
-0.638088
-0.502762
-0.647488
-0.339245
-0.174437
0.246268
-0.270913
-0.000857
0.257519
0.534166
0.029389
-0.403699
-0.960044
-1.051159
-1.361102
-0.979939
-1.063049
-0.991108
-0.692252
-0.559895
0.027043
-0.014500
0.212631
-0.189525
0.058542
0.152305
0.233069
-0.333872
-0.353718
-0.167670
0.316129
0.006492
-0.188519
-0.600594
-0.169297
0.580818
0.560085
0.756172
0.385055
0.519157
0.673881
0.881875
0.540916
0.386679
-0.529586
-0.745848
-0.951876
-0.765332
-1.037225
-1.677979
-1.903225
-1.614483
-0.820893
-0.675157
-0.697148
-0.481325
0.631970
0.117758
-0.158737
-0.765850
-0.756060
-0.375010
-0.353842
-1.044076
-1.228920
-1.013800
-0.520745
0.674197
0.681842
0.752384
0.669731
0.588087
0.330975
0.609625
0.754196
0.640460
0.241846
-0.211400
-0.581518
-0.735810
-0.818493
-0.850855
-0.387963
-0.245176
0.322582
0.447347
0.664308
0.746518
0.962600
0.045327
-0.037444
0.158453
0.518697
-0.018337
-0.648197
-0.670616
0.172991
1.627432
2.423882
2.960633
2.299171
1.815655
1.045007
1.263846
0.902534
0.694610
0.219282
0.300643
-0.119286
-0.488415
-1.115076
-0.921697
-0.296079
0.516709
1.463600
1.184480
1.093359
1.288439
1.915786
1.895518
1.742462
0.836898
0.621678
0.704533
1.219192
0.362847
-0.512307
-0.985255
-0.613659
0.231595
0.972083
1.670730
1.412831
0.917164
0.547737
0.723835
0.363638
0.147206
-0.273297
-0.641393
-1.115955
-1.569793
-2.228786
-2.578124
-2.463489
-1.918453
-1.076288
-0.006598
0.457189
0.200336
0.593051
0.192129
-0.052172
-0.114499
0.161468
-0.961971
-1.960358
-2.713237
-1.807096
-1.366576
-0.935902
-0.605123
-0.551049
-0.158856
0.354634
1.343812
1.582222
1.448997
0.417433
0.046166
-0.066096
0.037049
-0.065030
-0.249373
-0.351981
-0.178749
-0.689861
-0.844748
-1.296596
-1.719673
-1.872407
-2.499105
-1.827980
-1.704885
-1.757174
-1.974533
-1.487730
-1.310366
-0.220680
0.590585
1.196951
0.630720
-0.265062
-0.790316
-1.263554
-0.726523
-0.375811
0.367656
0.624272
1.106742
1.005129
0.853688
0.362380
0.290479
0.412314
0.656392
0.345235
0.592238
0.643429
0.508097
0.629833
0.505521
0.309356
0.002752
0.342488
0.497892
0.881837
0.285500
-0.000156
-0.123265
0.462825
0.388206
0.282255
0.435779
0.557732
0.899091
0.691587
0.998769
0.855834
0.734332
0.160121
-0.249861
-0.652488
-0.137446
-0.312017
-0.198643
-0.023832
0.347475
0.181889
0.417506
0.527900
0.537770
0.319624
0.196458
0.082661
0.135156
1.465308
1.793852
1.567094
0.918058
1.320694
1.187161
1.199193
0.231375
-0.488014
-0.712319
-0.238022
0.078822
-0.106538
-0.323043
-0.982113
-1.042670
-1.063584
-0.375004
0.169198
0.940709
1.196714
1.288220
0.887144
0.682002
0.124499
-0.061710
-0.484289
-0.422376
0.309334
0.258617
0.393167
0.176122
-0.071510
-0.307209
-0.006802
0.139286
0.367180
-0.188864
-1.045726
-1.674260
-1.766712
-1.282896
-0.717149
-0.615116
-0.594713
0.146599
0.579073
0.990409
0.641631
-0.122571
-0.440649
0.025026
-0.561341
-0.827990
-1.250879
-1.529016
-1.600437
-1.385285
-0.564104
-0.245219
0.436308
1.004292
1.520801
0.809809
0.222987
-0.680371
-0.885159
-1.225123
-0.722121
-0.177730
0.500579
0.003214
0.176717
0.290586
0.383390
0.907741
0.545324
0.669332
0.773154
1.094291
0.734808
0.128435
-0.057922
0.639417
1.071331
1.400436
0.597871
0.248358
-0.308877
-0.423154
-0.538186
-0.702700
0.101393
0.337309
0.914349
0.494262
-0.078037
-0.538727
0.257028
0.348867
0.201896
-0.201338
0.479006
0.778127
0.746451
0.261173
-0.532896
-0.326281
-0.295389
-0.252638
-0.816567
-0.671093
-0.754731
-0.209631
-0.530598
-0.686672
0.189640
1.046151
0.387439
0.004349
-0.049157
0.507535
0.116686
-0.306032
-0.255330
-0.532263
-0.076323
0.112932
0.181728
-0.028924
-0.434167
-1.220602
-1.767414
-2.467198
-2.310329
-2.174283
-1.965625
-2.149662
-1.976407
-1.111686
-0.440972
-0.274086
-0.407124
-0.622545
-0.797821
-0.242814
0.034503
0.815688
1.072119
1.154261
0.362220
0.044382
-0.189662
0.009701
0.568326
0.970499
1.297521
1.090558
0.504240
-0.464276
-0.888814
-1.064690
-1.024435
-0.838502
-0.271354
-0.414995
-0.012625
0.439468
0.809170
0.561605
0.571458
0.911263
0.839679
1.179813
0.953561
0.572676
0.480551
0.964797
0.685626
0.623778
0.624940
1.293759
0.963626
0.664920
0.437517
0.034919
0.026755
-0.590907
-0.786073
-1.476602
-1.508295
-1.981803
-1.312582
-0.490201
0.629826
1.329191
2.153033
2.503115
2.162880
0.967956
-0.462629
-0.903589
-1.034660
-0.785157
-0.579331
-0.404048
-1.022705
-1.507884
-2.166127
-2.207712
-1.796305
-0.541153
0.404555
1.030583
1.235544
1.576023
1.630134
1.447479
0.913769
0.254968
0.329790
-0.411047
-1.112195
-1.791832
-1.937176
-1.958794
-1.446329
-1.117827
0.025099
0.825269
1.927180
2.091829
1.844993
1.970452
1.694261
1.324600
0.419130
-0.456193
-1.289844
-1.536850
-1.651138
-1.239600
-0.723551
0.101618
0.182203
0.716173
0.415528
1.178606
2.136386
2.631641
2.518432
1.796643
1.538106
0.485181
-0.205609
-0.720220
-0.636342
-1.037109
-0.872620
-0.923270
-0.428511
-0.490941
-0.574971
-0.408642
-0.066012
-0.251809
-0.561461
-0.117407
-0.012807
0.265729
0.029866
0.645080
1.003099
1.796067
2.421391
3.049159
2.844353
2.773680
2.423914
2.145824
1.157751
0.158769
-0.808926
-1.589646
-1.721966
-2.288531
-2.019902
-2.575150
-2.646691
-2.564596
-1.587086
-0.374996
0.858493
1.464625
1.897056
1.246661
1.235157
1.111613
0.505872
-0.275322
-1.088087
-1.366964
-1.160478
-0.531533
-1.291739
-1.631448
-1.456933
-0.704562
-0.355017
0.055441
0.342678
1.134588
1.371636
1.002225
0.559276
0.087110
0.252202
0.423897
1.204822
1.316871
1.439225
0.832228
0.544557
0.279270
0.558954
0.415826
0.612422
0.880477
1.168293
1.199849
0.645115
0.388052
-0.014069
-0.468484
-0.881542
-0.789868
-0.574896
0.073169
0.207125
0.352432
0.199026
0.424713
0.890529
1.075971
0.650670
-0.100173
-0.663081
-0.856626
-0.537501
-1.021981
-1.630761
-2.011293
-1.969639
-2.124795
-1.960969
-1.664634
-0.728005
-0.387563
-0.376003
-0.230238
0.139739
0.510407
0.592162
0.981803
0.061994
-0.516577
-0.054737
0.512256
-0.020737
-0.432547
-1.195201
-1.256619
-1.071769
-0.475647
-0.113782
0.176667
0.766506
1.241353
1.344640
0.580356
0.972214
1.125746
0.973155
0.191069
0.130624
-0.364819
-0.028529
0.134153
0.349901
0.175632
0.838491
1.376864
1.170811
0.718506
0.184843
0.442328
0.369239
0.757636
0.335088
-0.067319
-0.736062
-0.396063
-0.125694
-0.447235
-1.027592
-0.790023
-0.882008
-1.008304
-1.246362
-1.338249
-0.758412
-1.036517
-0.893019
-0.626556
-0.213652
-0.531653
-0.633168
-0.973216
-1.036069
-0.377511
0.661237
0.651343
0.229295
-0.048595
-0.038073
-0.171943
-0.068469
0.458966
0.284789
0.294204
