0.442981
-0.166467
-0.048155
0.479377
0.873919
0.766838
0.781733
0.920638
1.259748
1.638910
1.956300
1.448563
0.532871
-0.436642
-1.224538
-1.833607
-2.081142
-1.646116
-1.552434
-1.812603
-1.750355
-1.100464
-0.649233
-0.389753
-0.541524
-0.163261
0.441361
0.611577
0.310993
0.003127
0.041963
-0.043514
-0.411135
-0.818495
-0.839126
-0.661339
-0.241412
0.016287
0.119302
0.416457
1.073969
1.158218
1.497218
1.464710
0.928044
0.159415
-0.588060
-1.142899
-1.148834
-1.151566
-0.988176
-0.608939
-0.257020
0.025043
-0.410763
0.029910
0.350236
0.256519
0.171340
0.086014
0.077030
0.220293
0.920874
1.231115
0.644263
0.484722
0.857788
1.048517
0.677782
0.112276
0.190364
0.208888
0.480136
0.529005
0.298473
0.051829
-0.305502
-0.335737
0.066380
0.601643
0.390465
0.324796
0.081713
-0.359016
-0.557907
-0.634022
-0.555552
-0.314222
-0.265338
-0.431704
-0.589647
-0.958498
-0.712720
-0.652555
-0.532229
-0.605513
-0.662185
-0.432664
-0.239589
-0.739467
-1.207071
-1.234814
-0.457704
0.524657
0.640748
0.637078
0.419261
0.022019
-0.238038
-0.038056
0.234771
0.133744
-0.166055
-0.162165
0.005308
0.216850
-0.306891
-0.433763
-0.337471
-0.120314
-0.320273
-0.610782
-0.951738
-1.170465
-0.979719
-0.539888
-0.153867
-0.133413
-0.412213
-0.317939
0.017790
0.500562
0.882227
0.893631
1.185466
1.178328
1.471233
0.982532
0.786134
0.422085
-0.208206
-0.230017
0.104715
0.314105
0.105809
-0.175858
-0.733555
-1.171343
-1.493547
-1.330708
-1.060865
-0.890450
-1.315052
-0.938879
0.164799
0.727728
1.070389
1.152354
0.701942
0.647206
0.493335
-0.378874
-0.828668
-1.233392
-1.298754
-1.132782
-0.519227
0.085700
0.872028
1.253867
1.574157
1.552376
0.999237
0.069641
-0.330515
-1.002028
-1.420707
-1.187220
-0.877828
-0.308837
0.360244
0.625499
0.582250
0.738260
0.681899
0.765824
0.446152
0.222253
-0.202706
-0.224986
-0.046614
-0.161863
-0.438028
-0.535221
-0.295346
-0.011206
0.446074
0.777499
0.884817
0.579672
0.227242
-1.105609
-1.628023
-1.313901
-0.613308
-0.214543
-0.136033
-0.731608
-1.310282
-0.962764
-0.245681
0.354568
0.723684
0.883688
0.821806
0.724009
0.456202
0.504686
0.348092
-0.139249
-0.998135
-1.364356
-1.627160
-1.102412
-0.482767
-0.406304
-0.072490
0.407855
1.413241
2.400370
3.381674
3.138557
2.559077
1.729153
1.677778
1.338360
0.624349
-0.044938
-0.742051
-1.336536
-1.448281
-0.973807
-0.503203
0.327318
0.380349
0.237440
0.449770
0.586682
0.584188
1.042540
0.977490
0.408593
-0.138663
-0.690261
-1.129078
-1.771634
-1.718811
-1.519330
-0.825739
-0.687066
-0.977684
-0.643204
-0.250546
-0.089990
0.431574
0.852632
1.144199
0.752192
0.327975
0.023480
-0.765024
-1.291297
-1.057988
-0.831339
-1.153039
-1.163439
-1.019171
-0.268976
0.397745
0.905132
1.119133
1.808563
2.299560
2.485178
2.062906
1.334287
0.301391
-0.702830
-0.592144
-0.286810
-0.175479
-0.029687
0.381596
0.785447
1.555373
2.175779
2.048923
0.916937
0.229004
-0.343357
-0.412163
-0.232089
-0.190338
-0.091700
-0.690195
-0.788006
-0.767567
-0.647360
-0.476549
-0.291146
-0.318534
-0.633916
-0.417695
0.093383
0.210959
0.007752
-0.659112
-1.130436
-1.521848
-1.868734
-1.707220
-1.604089
-1.772281
-1.775421
-1.365580
-1.068801
0.142949
1.424435
2.236795
1.669834
1.515141
1.179993
1.402110
1.403482
0.607510
-0.282120
-1.528438
-1.673993
-1.581511
-1.699255
-1.623716
-1.382656
-1.183593
-0.663186
-0.235153
0.282117
0.472617
0.166534
0.247545
0.373952
0.440538
0.127032
-0.514560
-0.732146
-0.612939
-0.562115
-0.723717
-1.066332
-0.929977
-0.531639
0.150715
0.264676
0.574851
0.524410
1.039566
1.301773
0.981513
0.703862
0.049566
-0.184657
-0.173342
0.255372
0.480011
0.560651
0.433361
0.708422
0.888014
0.859572
0.703903
0.818291
1.036342
1.256163
1.055942
0.548114
0.329263
-0.083745
-0.414096
-0.290603
-0.349810
-0.160162
-0.276277
-0.420227
-0.063497
0.334750
0.740516
1.106368
0.460251
0.669242
1.059220
1.121559
1.247344
1.185607
1.365114
1.365996
0.597110
0.918851
1.261635
1.697562
1.508710
1.068164
1.287437
1.447061
1.472797
1.271361
0.734201
0.040524
-0.549841
-0.684638
-0.559084
-0.634269
-0.669387
-0.608740
-0.477519
-0.584145
-0.350027
0.029757
0.286321
0.538041
0.460008
0.032568
0.057404
0.188894
0.114331
-0.162685
-0.360516
-0.682457
-1.080833
-0.532900
-0.013619
-0.228954
-0.890322
-0.785574
-0.174620
0.596187
0.573979
-0.278354
-1.135541
-1.638134
-2.045617
-1.891502
-1.406394
-1.008909
-0.746125
-0.741664
-0.581983
-0.503236
-0.281153
-0.019873
1.191435
0.775912
0.155336
0.097165
-0.627095
-0.882217
-0.568508
-1.182220
-1.797299
-1.815962
-1.361521
-0.800876
-0.797420
-1.310900
-2.225708
-2.213456
-1.034994
-0.475495
-0.530943
-0.949252
-1.068319
-1.031863
-0.673847
0.062579
0.319782
0.278389
0.544093
0.744300
0.956372
0.623098
0.391551
0.576737
1.368290
1.841839
1.549673
1.254555
1.027375
0.608369
0.434266
0.397491
0.159842
0.190175
0.564497
1.100683
0.753631
0.921485
1.605903
1.917069
1.362690
0.971320
0.365184
-0.131150
0.114601
0.272208
-0.052089
0.055957
0.273594
0.152821
0.203610
-0.130694
-0.426216
-0.930539
-1.418353
-1.580426
-1.079568
-0.731627
-0.608721
0.236060
0.813091
1.418494
2.265228
3.080725
3.099460
2.617489
2.569337
2.572692
2.029734
1.601375
0.416945
-0.628186
-0.874558
-0.602632
-0.428714
-0.309296
-0.341757
-0.446520
-0.519287
-1.023721
-1.183122
-1.534155
-1.425977
-0.969956
0.164318
0.887665
0.402454
0.027927
0.139015
0.364586
0.413618
0.093030
-0.586317
-1.092711
-1.271454
-0.952678
-1.235147
-1.096005
-0.748086
-0.104347
0.623827
0.904279
0.641125
0.572410
0.075304
0.015012
0.321383
0.630189
0.640605
0.132035
0.004210
0.092079
0.364260
0.985545
1.016220
0.299528
0.340417
0.441042
0.206286
-0.051090
-0.003805
-0.186366
-0.484242
-0.678711
-0.685536
-0.599179
-0.112302
-0.063960
-0.829080
-1.319991
-1.326955
-0.925915
-1.344671
-2.055426
-2.837894
-2.334528
-1.600409
-1.009889
-0.578827
-0.296565
0.122520
0.318857
1.108386
1.452157
1.432898
1.070082
0.574309
-0.109786
-0.077592
0.004763
0.234712
0.443426
0.529323
0.361669
-0.023679
-0.364298
-0.885275
-1.127936
-1.203789
-1.004134
-1.032409
-1.045901
-0.967128
-0.832597
-0.820579
-0.535491
-0.327622
0.090593
0.007242
-0.144601
-0.226709
0.059407
0.074391
-0.241777
-0.440917
-0.271399
0.594601
0.098240
-0.185159
-0.545875
-0.484655
0.063131
0.666838
1.400023
1.731878
1.336405
0.698095
0.586494
0.609081
0.732615
0.414900
0.365165
0.427872
0.994342
1.005514
1.485808
1.347810
0.854122
0.280178
0.217876
-0.023776
-0.514429
-0.826572
-0.943020
-0.877207
-0.565163
-0.070038
0.221912
1.079943
1.914095
1.152784
-0.391042
-1.186194
-1.478641
-0.825039
-0.549493
-0.657414
-0.564781
-0.472850
-0.028844
-0.483165
-0.665450
-0.737155
0.066978
0.736655
1.311244
0.853038
0.344027
-0.188947
-0.360514
-0.930696
-0.856906
-0.294387
0.445911
1.107299
0.905656
0.546014
0.191540
0.669163
0.999086
1.315889
1.212848
1.313009
1.367212
0.781465
-0.414111
-0.809534
-1.156616
-1.795566
-2.081989
-1.648652
-1.048611
-0.610001
0.131901
0.350110
0.524393
-0.203723
-0.599376
-0.774690
-1.489387
-1.591511
-0.645409
-0.107129
0.018155
0.408175
0.640123
0.200376
-0.403572
-0.583093
-0.425610
0.053076
0.252323
0.286889
0.194892
0.246689
0.165108
0.005517
-0.114796
0.352523
0.855082
1.044804
0.834550
-0.041764
-1.060316
-1.948270
-2.334662
-2.273521
-1.964935
-1.760247
-1.130863
-0.306104
0.850616
1.557464
2.212732
2.771767
2.187267
1.530903
1.306664
1.321471
0.842902
0.189092
-0.486999
-0.293926
0.152499
0.665060
0.709561
1.044168
1.381016
1.382086
0.997270
1.090901
1.411300
1.403639
1.234478
1.228872
1.660797
1.684652
1.257943
0.639164
0.408547
-0.169923
-0.609407
-1.571822
-1.730670
-1.976551
-1.463879
-0.985728
-0.293986
0.578425
0.967685
1.050490
1.084309
0.682140
0.447841
0.679091
0.637527
1.228123
1.389481
0.777238
-0.062746
-0.786161
-1.410182
-2.016667
-2.302419
-2.254501
-1.629344
-1.127733
-0.737472
-0.664755
-0.148384
0.992418
1.955183
2.218838
2.592941
2.267618
1.974637
1.233060
0.769424
-0.409544
-1.249026
-2.066134
-2.342555
-2.395226
-2.136326
-1.176086
-0.587584
-0.156692
0.607074
1.489231
2.058454
2.132313
1.499473
0.982000
0.476784
0.201856
-0.488110
-0.802701
-0.750134
-0.660319
-0.134018
0.025607
0.652198
0.818935
0.752176
0.241529
0.077960
0.027745
-0.214854
-0.954025
-1.209384
-1.286766
-1.135486
-0.823785
-0.597237
-0.286898
-0.081556
0.212640
0.465336
1.237450
0.609183
-0.058043
-0.130768
-0.749683
-1.564196
-2.340604
-2.799614
-2.326478
-1.593250
-0.710878
0.157564
1.056699
1.736102
2.413324
2.890393
2.742035
2.634033
2.570146
3.041482
2.547028
1.273670
0.018064
-1.212127
-1.611070
-1.019023
-0.639595
-0.359562
0.083363
0.366625
0.422906
0.168004
0.156484
-0.063381
0.431341
0.714003
0.478974
0.174906
0.291332
0.264060
0.325013
-0.540053
-0.913347
-1.048165
-1.054644
-0.690389
-0.736205
-1.765278
-2.438699
-2.341311
-2.626325
-2.186489
-1.460111
-0.907247
-1.049227
-0.783393
-0.602351
-0.755031
-1.283367
-1.054528
-0.568446
-0.209666
0.213365
0.194438
0.017639
-0.293675
-0.299270
-0.303694
-0.180336
-0.248190
-0.191590
-0.387090
-0.357664
-0.190694
-0.182832
0.124558
0.407169
0.236539
-0.660569
-0.903160
-0.270859
0.567683
1.001779
1.456469
1.605340
1.478714
0.946676
0.468715
0.083646
0.214077
0.349313
0.485165
0.362583
-0.075743
0.072227
0.134942
-0.832433
-1.109371
-0.407278
0.402629
0.896927
1.437690
1.212348
0.568348
0.308003
-0.016218
-0.464271
-0.624375
-0.135433
0.547688
0.505228
-0.146769
-0.483223
-0.206536
0.135427
0.274694
-0.014916
-0.061081
-0.258116
-0.216929
-0.601539
-0.901032
-0.891026
-0.708252
-0.002987
0.234127
0.762324
1.110481
1.514702
1.539866
1.523332
1.041165
0.892527
0.008542
-0.520196
-0.697136
-0.974019
-0.696500
-0.320231
-0.009111
0.125316
-0.125076
-0.192688
-0.346843
-0.366142
0.136266
0.438515
0.522997
0.265358
-0.520852
-1.162419
-1.171530
-0.764919
-0.819150
-1.003516
-0.928948
-0.833661
-0.549613
-0.310482
-0.102045
