-0.489293
-0.860078
-0.615001
-0.290916
-0.271187
0.007591
-0.313489
-0.484002
-0.486923
-0.185481
0.156508
0.276697
0.370671
0.736862
1.215966
0.876824
0.309708
0.037623
-0.494933
-0.650920
-1.108077
-1.625232
-1.277413
-1.074471
-1.903287
-1.750670
-1.095380
-0.422346
-0.149569
-0.598085
-0.534573
-0.531226
0.216544
0.582126
0.787306
0.459080
-0.109654
0.237767
1.059088
1.401364
0.763698
-0.318997
-0.581629
0.283500
0.636489
0.936538
0.655220
0.525424
-0.436177
-0.790371
-0.558611
-0.713284
-1.277666
-1.477141
-1.020448
0.299367
1.417611
2.037830
2.119372
1.471382
0.165765
-0.237600
0.018123
0.021200
0.308223
0.000111
-0.506063
-1.318641
-1.957725
-2.967008
-3.297259
-2.535541
-2.277534
-2.471475
-1.737587
-1.255803
-0.744880
-0.807377
-1.550645
-1.427027
-1.238447
-0.292251
0.281552
0.220177
-0.059580
0.065523
0.330065
0.669782
0.236916
0.009136
-0.259985
-0.156650
0.525689
1.238825
1.392322
1.354400
1.472120
1.499436
1.380959
1.198984
0.862017
0.486845
0.246495
-0.315477
-0.646699
-0.020033
0.228699
-0.379603
-0.097358
0.139274
0.340475
1.000683
1.523303
1.754457
2.056615
1.931459
1.674096
0.992825
0.530853
0.151141
-0.640565
-1.250424
-1.445758
-1.239448
-1.217301
-1.265993
-0.629311
0.028531
0.449456
0.642836
1.399859
1.246627
0.892219
0.235388
-0.704263
-1.273378
-0.948456
-0.478190
0.323093
1.071381
0.839212
0.393159
0.541822
0.508057
0.617849
0.923946
1.259085
0.564201
-0.455098
-0.660141
-1.773394
-2.760137
-2.503088
-2.324388
-1.658518
-0.893868
-0.276375
-0.045144
0.058832
0.737664
1.318700
1.801680
2.193921
1.933346
1.251766
1.299080
0.920379
0.585183
0.338705
-0.343048
-1.175466
-1.446674
-0.270630
0.811079
0.914761
0.165445
-0.392261
-0.522848
-0.122308
0.046955
0.100776
-0.408916
-0.797645
-0.529039
0.123121
0.649980
0.506702
-0.263393
-0.603597
-0.199824
-0.046305
0.210766
0.416518
0.952141
2.037717
2.520142
2.690500
2.391820
1.145484
0.167853
-0.078576
-0.187099
-0.217706
0.473852
1.330929
1.898567
2.256866
1.647332
0.379750
-0.471492
-1.026725
-0.843223
-0.626875
-0.241966
-0.153457
-0.467991
-1.141412
-0.472314
0.762946
0.772507
-0.511875
-1.799885
-2.143856
-2.086385
-1.123885
0.178578
0.454369
-0.054637
0.011210
0.405607
0.057899
-0.315154
-0.998752
-1.447055
-1.768482
-2.538638
-2.669689
-2.350259
-2.153693
-1.535794
-0.761000
-0.553550
-0.701112
-0.234498
0.113607
-0.205547
-0.084102
0.508149
0.534695
1.196895
1.127963
0.522152
0.318311
0.068516
-0.794925
-1.250874
-1.090549
-0.596088
-0.013401
-0.128039
-0.521381
-0.693681
-0.513331
-0.679131
-0.832437
-0.990391
-0.954497
-0.763768
-0.520959
-0.291923
-0.536254
-0.577954
-0.402865
0.034583
0.345701
0.268377
-0.367579
-0.469043
-0.355673
0.231039
0.357378
0.391801
0.200935
0.192817
-0.025710
0.164297
-0.140206
-0.880549
-0.992492
-0.842671
-0.433487
-0.189261
-0.670458
-0.564082
-0.491496
-0.375131
-0.071141
-0.106052
-0.409024
-0.542769
0.052108
0.771733
0.854746
0.985171
0.657045
0.440541
0.264589
0.198701
0.314141
0.457227
0.247752
0.211348
0.545176
0.727421
0.547943
0.891574
1.119420
0.064301
-0.672944
-0.218852
0.289091
0.378365
-0.063176
-0.906146
-1.055354
-0.473052
0.700398
1.549725
1.265512
0.826211
0.512797
0.745052
0.295614
-0.167664
-0.739989
-1.315510
-1.349092
-0.518559
0.029256
0.679118
1.272217
1.541570
0.872456
-0.116217
-0.779083
-0.426734
-0.033753
0.066488
0.311804
0.171327
-0.159044
-0.623786
-0.267485
-0.329018
-0.708386
-0.701358
-0.246353
0.467078
1.436411
2.021290
1.748183
0.795382
0.368969
0.624233
1.376155
0.837372
0.311226
0.734057
0.834724
0.760912
0.981490
0.558500
0.415892
0.486138
0.238111
-0.620396
-0.728504
-0.145074
0.146431
0.694221
1.084663
0.646632
-0.259606
-0.711352
-0.500027
-0.395700
0.138095
0.604122
0.941818
1.037890
0.887361
0.172530
-0.233777
-0.186214
0.634616
1.008350
0.991741
0.700696
0.918747
1.289931
0.433423
-0.565588
-1.040161
-0.700235
-0.983065
-0.799299
-0.128540
-0.076521
-0.445981
-0.348220
0.027339
0.471691
0.602773
0.642722
0.371876
0.256086
0.549256
0.283670
0.519273
0.356991
-0.614930
-0.966760
-0.579456
-0.520407
-0.944099
-1.070941
-1.013449
-1.363832
-1.360476
-1.197219
-1.016687
-0.893331
-0.695132
-0.254312
0.006856
0.064336
0.226490
0.493638
0.991008
1.156527
0.839314
0.508016
0.358939
0.293052
0.426096
-0.633905
-1.183387
-0.701178
-0.336161
0.052165
0.597467
0.716195
0.402664
0.898743
1.354226
1.222040
1.153123
0.647367
0.077165
0.405659
0.619956
0.470315
0.140261
-0.526104
-0.642045
-0.197501
-0.406824
0.191984
1.024813
1.119369
0.989650
1.163171
0.482961
-0.400050
-0.778086
-1.185472
-1.566199
-1.614913
-1.835332
-1.175690
-0.200263
-0.515026
-0.565969
-0.938205
-1.750493
-1.834672
-1.186456
-0.396531
-0.206651
-0.466965
-0.465579
-0.189596
-0.517478
-0.584104
0.042106
0.637777
1.150972
1.571560
1.638548
1.891379
1.997879
1.803704
1.208116
0.662176
-0.491689
-0.987924
-0.697832
-0.345210
-0.138132
0.209612
0.883484
0.843409
0.282706
0.078618
0.558588
0.812953
0.933169
0.667760
0.541080
0.094774
-0.668366
-1.055667
-0.990673
-0.242912
0.385945
0.697444
0.900232
0.924559
0.526245
0.265903
0.463009
0.528835
-0.082863
-0.616631
-0.411342
0.095999
-0.514668
-1.023042
-0.711461
-0.569155
0.303257
-0.149776
-0.434009
-0.137361
0.921371
1.875699
2.484908
2.503517
1.958329
0.983477
-0.128109
-0.882199
-0.873651
-1.769821
-2.090839
-1.837905
-1.173340
-0.182072
0.337052
0.944697
0.929499
1.138458
1.164340
0.849273
0.377398
0.072910
-0.530971
-0.748968
-0.476835
-0.309237
-0.234099
-0.148298
0.123995
0.410758
0.381548
0.103096
0.081139
-0.521283
-0.450533
-0.587585
-0.713362
-0.396961
0.271576
0.775051
0.711543
-0.121501
-1.324400
-1.666619
-1.391490
-1.787219
-2.057700
-1.302104
-0.836714
-1.028544
-0.994325
-0.867150
-0.813237
-0.832964
-0.743746
-0.268421
0.907949
1.862771
2.514366
3.035750
2.660094
1.044535
-0.234370
-0.950582
-0.681630
0.060208
0.332973
-0.030047
0.298797
0.694787
0.636701
0.343363
-0.129544
-0.103354
-0.171256
-0.360556
-0.374858
-0.060962
-0.306874
-0.896557
-1.086975
-0.677198
-0.300651
0.169233
0.460531
0.117408
-0.514256
-0.206034
0.852906
1.419420
1.342619
1.070129
1.157248
1.408394
1.462114
0.833429
0.181205
0.448956
1.438563
1.342148
0.304549
-1.057462
-1.589531
-1.826378
-1.709215
-1.163102
-1.087594
-1.083262
-0.905414
-0.811539
-0.748464
-0.757461
-1.231220
-0.884905
-0.077672
0.527108
0.586070
0.717387
0.232469
-0.138353
0.111863
0.892144
0.667894
-0.272907
-0.697607
-0.514441
0.023587
0.735190
0.790000
-0.472563
-0.635610
-0.172196
0.730748
1.649709
2.658017
1.952953
0.314209
-1.164691
-2.121437
-1.913159
-0.729604
0.670775
1.577946
1.843342
1.609168
1.089188
-0.020072
-1.012469
-0.809103
0.022047
1.020366
1.790808
2.422676
2.178355
1.108090
-0.031405
-0.458721
-0.722981
-0.849785
-1.241383
-1.708799
-1.300698
-0.657058
-0.227130
-0.936028
-1.762818
-1.439036
-1.133228
-0.055493
0.721506
0.714698
0.163545
-0.752543
-1.222856
-1.430210
-0.917399
-0.223661
0.658808
0.692565
0.759183
-0.093675
-0.716282
-0.712529
0.113216
0.809125
1.532354
2.209001
2.139575
1.841420
1.539603
0.837815
0.048710
-0.734006
-1.120101
-0.920700
-0.810047
-0.724690
-1.211279
-1.182611
-0.402153
0.740324
1.261775
1.016610
1.190735
1.203441
1.214287
0.357457
-0.267408
-0.585585
-0.371108
-0.608991
-0.632020
-0.237767
0.413978
0.130164
0.555678
1.866110
1.719597
1.011507
-0.136840
-1.189775
-1.554561
-1.522245
-1.594439
-1.859769
-1.957242
-1.810368
-1.796822
-1.760458
-1.742440
-1.441456
-1.391122
-1.402872
-1.331866
-0.678471
0.045681
0.138826
-0.018152
-0.211379
0.246731
1.483431
2.222242
2.165519
1.612240
1.005307
0.598483
0.160097
-0.154012
-0.650313
-1.279691
-1.107729
-0.514004
-0.251145
-0.011118
-0.035561
0.007191
0.021592
0.337265
0.211041
-0.574270
-0.864167
-0.782028
-0.173699
-0.049257
0.381707
0.653398
0.684950
0.853444
0.791892
0.610781
1.121877
0.805556
0.342601
-0.442401
-1.073721
-1.021876
-0.672707
0.060289
0.362548
0.963782
1.422730
1.303356
1.066757
0.934601
1.392161
1.771322
1.460161
0.737349
0.471820
0.363480
0.222896
-0.085550
-0.099662
-0.586049
-0.870456
-0.879013
-0.120386
0.508449
0.558113
1.363325
2.154698
2.744129
2.445241
1.485944
0.787759
0.423083
-0.301559
-0.673939
-1.161231
-1.181859
-1.462251
-1.028541
-0.848603
-0.338413
0.158238
0.098709
0.484563
0.404292
0.193924
-0.519143
-0.798388
-0.961282
-0.817253
-1.032220
-1.087231
-0.893658
-1.316286
-1.338003
-1.208049
-1.214379
-0.718119
-1.098369
-1.038453
-0.848637
-0.496948
-1.251345
-1.834630
-1.824279
-1.747577
-1.212695
-0.089867
0.962984
1.368697
2.454763
3.613351
3.363280
2.406662
1.240713
0.416193
0.516918
0.774518
0.316317
0.354591
0.908088
1.291231
0.803795
0.706441
0.287113
-0.286186
-0.204964
0.124689
-0.249617
-0.270781
-0.309135
-0.365897
-0.157930
-0.108922
-0.066329
-0.195039
-0.311393
-0.589197
-0.704850
-0.835889
-0.387967
-0.258532
0.432647
0.904106
1.079239
1.348145
2.196469
2.410920
2.246399
1.784370
0.863553
0.525656
0.327090
-0.385426
-1.057668
-1.778481
-2.012445
-2.260723
-1.880060
-1.518105
-1.007964
-0.622709
-0.703998
-0.087777
0.580869
0.432463
-0.188678
-0.446115
-0.407001
-0.397256
-0.167051
0.272543
0.817130
1.267393
1.274395
1.138612
1.379601
0.892422
0.471955
0.540941
0.076479
-0.262982
-0.437998
-0.589724
-0.551832
-0.046986
0.071537
-0.032298
-0.071093
0.051049
0.312209
-0.205865
-0.190609
0.583939
0.733973
0.477758
-0.250991
-0.844102
-1.344432
-1.167331
-0.633739
-0.938731
-0.876753
-0.435045
-0.077861
0.313721
0.384678
0.085361
-0.018199
-0.004826
0.155072
0.361815
0.627693
1.114061
1.399885
1.855077
2.031553
1.225344
0.540304
0.787530
0.195578
-0.421345
-0.510705
-0.752951
-1.238120
-1.513818
-1.231134
-1.294654
-1.339285
-1.096063
-1.226510
-1.245496
-0.967504
-0.619470
-0.156853
0.574773
0.528494
0.526605
0.625101
-0.093305
-0.401133
-0.276453
0.123718
0.111054
-0.245720
-0.554192
-0.800964
