0.434191
0.663499
0.656096
0.397841
0.261053
0.425388
0.389156
0.282701
0.283171
0.011915
-0.388454
-0.317300
0.189523
0.103559
-0.218082
0.188185
0.609540
1.052173
1.188591
1.090485
0.969699
0.818763
0.419606
-0.058454
0.062389
0.004046
-0.216425
-0.422446
-0.564190
-0.523348
-0.632848
-0.482824
-0.047085
0.016857
0.437284
0.244566
0.066124
-0.182999
-0.454119
-0.553768
-0.776101
-1.110068
-0.966769
-0.616038
-0.108593
-0.236814
-0.256625
-0.028529
0.164192
-0.037040
-0.352566
-0.288996
-0.617316
-0.888501
-0.473892
-0.003791
0.045809
-0.040285
0.154648
0.527428
0.063338
0.127959
0.433581
0.439610
0.610812
0.882536
1.338928
1.466873
1.844753
1.857713
2.120945
2.270588
2.725676
2.760379
2.432524
1.955803
1.500088
0.858944
0.573903
0.494639
0.602913
0.403488
-0.166410
-0.351898
-0.366535
-0.444963
-0.743812
-0.844989
-0.795154
-0.779975
-1.093202
-0.885756
-0.491941
-0.228449
0.164445
0.292912
0.364781
0.079968
-0.290676
-1.146391
-1.490181
-1.555269
-1.841385
-1.719712
-1.613670
-1.399763
-0.956533
-0.563091
-0.248673
0.191968
0.461995
0.252892
-0.039473
-0.202985
-0.480243
-0.401855
-0.401506
-0.650952
-1.377638
-1.299435
-1.157254
-0.758331
-0.421871
-0.451533
-0.438816
-0.466773
-0.245059
-0.165706
-0.372643
-0.413976
0.173036
0.531530
0.931178
1.006916
0.761502
0.282361
0.018179
0.440566
0.761059
0.596121
0.460680
0.653172
1.039024
1.167753
0.932435
0.661711
0.255281
0.455162
0.312119
0.042006
1.042723
2.420820
2.720772
2.531408
1.872693
1.416749
1.024271
0.704140
0.461217
0.254276
0.446172
0.425105
0.203888
-0.246219
-0.345627
-0.022246
0.056536
-0.442825
-0.436231
-0.535696
-0.571459
-0.729300
-1.092970
-1.208196
-1.294626
-1.280519
-0.858042
-0.181786
0.350806
0.750615
0.781517
0.782962
0.555505
0.113006
-0.407624
-0.849955
-1.084584
-0.934293
-0.535051
-0.455620
-0.670098
-0.677021
-0.105994
0.362449
0.702336
0.386877
0.192740
0.027595
-0.237243
-0.500261
-1.543161
-2.068973
-0.888841
0.261579
0.906071
1.684892
1.435561
1.678040
1.991214
2.253749
2.237648
2.048835
1.726675
1.198596
0.343611
-0.146021
-0.693600
-1.062808
-1.102733
-1.101509
-0.501765
0.553291
1.413871
1.753850
1.572226
1.285485
1.450300
1.151583
0.888908
0.067873
-0.588909
-0.809502
-0.008567
0.478858
0.893161
1.648599
1.725877
1.460543
1.124868
0.732686
0.426305
0.247048
-0.138169
-0.466965
-0.561189
-0.291555
-0.219702
-0.326113
-0.761615
-0.975990
-1.017693
-0.923348
-0.744154
-0.893981
-0.501070
-0.015903
0.383058
0.525256
0.267378
0.351799
1.023150
1.374898
1.487120
1.544307
0.857371
0.764634
0.935405
0.742212
0.579064
0.564607
0.415763
0.537808
0.638336
0.445169
-0.125303
-0.474464
-0.695771
-0.603787
-0.538695
-0.646159
-1.024358
-1.002440
-0.815813
-0.822613
-1.100463
-1.291881
-1.320645
-1.155490
-0.921329
-0.680864
0.161455
0.610738
0.643484
0.859083
0.595980
0.059689
-0.512751
-0.539205
-0.266680
-0.345621
-0.001919
-0.030941
0.018852
0.246127
0.203706
0.081524
-0.174005
-0.516615
-0.302217
0.078292
-0.499123
-0.670281
-0.927129
-0.820446
-1.078078
-1.477477
-1.492554
-1.057330
-0.885974
-1.222107
-1.522915
-1.621820
-1.428955
-1.620986
-1.856817
-1.513969
-1.278148
-1.234836
-0.799166
-0.149910
0.421382
0.707098
1.047903
0.932166
0.446898
0.410552
0.088649
0.423793
0.594491
0.673523
0.267102
-0.181381
-0.277886
-0.405460
-0.642215
-0.736142
-0.508369
-0.450815
-0.908818
-1.143996
-1.037449
-1.008068
-1.099711
-1.285359
-1.206960
-1.054810
-1.089797
-1.424988
-1.454402
-1.412602
-1.271146
-1.071218
-0.564812
-0.265876
-0.130372
0.154861
0.146855
0.095542
0.159747
0.123774
-0.047936
0.153533
-0.230968
0.111986
1.019184
1.874245
2.865982
3.509974
2.930469
2.800671
1.973084
1.260208
1.181999
0.768120
0.288460
-0.409280
-1.300500
-1.329147
-1.135257
-1.378452
-1.464879
-0.986642
-0.773454
-0.746146
-0.717069
-0.796561
-0.653731
-0.518189
-0.989715
-1.225195
-1.281177
-1.416781
-1.994147
-2.099457
-1.669369
-0.962896
-0.571355
-0.236709
-0.450962
-0.392707
-0.477559
-0.370547
-0.593641
-0.566438
-0.567426
-0.782018
-0.753255
-0.753365
0.133136
1.390124
2.029749
2.879505
3.258509
2.393032
2.293617
2.216524
1.796687
1.434459
0.979305
0.622303
0.577841
0.652948
0.773150
0.736457
0.437781
0.472924
0.415770
0.416788
0.253744
-0.101959
-0.442876
-0.491384
-0.433144
-0.468848
-0.690816
-1.011675
-0.882785
-0.754069
-0.540305
-0.463305
0.012835
0.239793
0.210033
-0.103987
-0.439193
-0.517222
-0.709173
-0.707603
-0.743041
-0.399913
-0.579510
-0.965923
-1.157567
-1.093692
-1.158104
-1.194834
-1.166900
-1.117166
-1.381695
-1.175024
-0.796616
-0.696987
-0.647478
-0.111281
0.412214
1.221494
1.449431
1.120965
1.447256
1.388022
1.359923
1.780162
1.456898
0.642059
0.469850
0.264853
0.493183
0.500264
0.158548
0.152919
0.297557
0.155521
-0.337506
-0.674100
-0.758889
-0.859087
-1.008763
-1.059230
-1.166712
-1.173913
-1.271600
-1.391634
-1.291466
-1.156184
-1.078120
-0.764262
-0.743679
-0.687194
-1.016895
-1.265864
-1.316865
-1.039378
-1.067231
-1.493440
-1.370228
-1.226402
-0.861149
-0.867482
-0.790054
-0.447388
0.015926
0.094051
-0.164863
-0.173456
-0.258852
-0.073595
0.347615
0.211326
-0.023774
-0.173251
-0.057950
0.428450
0.515164
0.650882
-0.128452
-0.135516
1.608779
2.372890
2.414405
2.049565
1.056588
0.942436
1.077614
1.398098
1.113110
0.465479
0.366648
0.375207
0.508640
0.691626
1.096585
0.959836
0.816629
0.445921
-0.038889
-0.189881
0.052130
-0.269545
-0.724846
-0.524079
-0.386821
-0.414962
-0.700592
-0.580999
0.047427
0.168819
0.111896
0.132717
0.288963
0.694217
0.743766
0.344433
0.052175
-0.083675
0.202175
0.488772
0.924762
1.018942
0.911464
0.382038
0.460063
0.495739
0.287150
0.273585
0.537619
0.658174
0.708069
0.359201
0.068571
0.294239
1.192857
2.236166
2.207157
1.942432
1.951516
1.874216
1.153952
0.539492
-0.010270
-0.331933
-0.995915
-1.789207
-2.159963
-1.858499
-1.629791
-1.372496
-1.222407
-1.043334
-0.586261
-0.007950
0.449140
0.541207
0.283559
0.212547
0.333729
0.169572
-0.252196
-0.537655
-0.879268
-0.992236
-1.154953
-1.425465
-1.425026
-0.868419
-0.977748
-0.585857
0.085342
0.363676
0.234709
-0.110407
-0.475217
-0.446360
-0.581047
-0.702252
-1.051110
-1.364223
-1.314204
-0.714989
-0.081017
0.148314
0.364143
0.522149
0.199541
-0.001797
-0.146797
-0.033732
-0.191111
-0.333503
-0.268367
-0.253176
-0.059576
0.091027
0.190992
0.397287
0.583743
0.733083
0.905403
0.655660
0.676931
1.039045
0.929205
1.157030
1.780054
2.172326
1.715026
1.265805
0.980482
1.030512
1.080836
0.730921
0.739352
0.248574
0.127662
-0.009081
-0.252936
-0.130704
-0.352835
-0.567889
-0.875522
-0.831714
-0.737962
-1.007447
-0.970697
-1.149516
-1.362836
-1.299346
-1.377406
-0.926748
-0.612464
-0.164108
0.091916
0.419350
0.390123
0.281315
-0.034156
-0.628548
-1.156659
-1.148806
-0.569787
0.111051
0.155529
-0.150725
-0.073284
0.148340
0.326452
0.112153
0.490249
1.346557
1.993504
1.969441
2.011493
2.038959
1.767069
1.468313
0.706874
0.375379
0.285170
0.006600
-0.271235
0.023198
-0.027101
-0.263113
-0.241591
-0.199076
-0.542774
-0.752147
-0.745711
-0.861910
-0.904540
-1.231996
-1.438051
-1.480022
-1.507406
-1.090391
-0.898752
-0.606997
-0.463952
-0.391556
-0.277069
-0.363777
-0.164529
-0.149753
-0.285816
-0.584555
-0.969668
-1.112558
-1.248900
-1.292836
-1.285541
-1.129058
-1.028565
-0.342027
0.072002
0.499913
0.513581
0.204129
0.132141
0.059870
0.345524
0.295746
-0.439375
-0.368943
-0.326870
-0.241419
0.499837
1.185524
1.506606
1.014512
0.557271
0.194479
0.424782
0.275913
0.290379
0.148380
-0.273442
-0.545023
-0.702026
-0.809357
-0.880678
-0.758992
-0.851473
-0.632574
-0.591119
-0.626458
-0.955276
-0.670747
-0.404943
-0.132196
0.105297
0.013418
-0.699706
-0.740548
-0.887980
-1.408098
-1.757977
-1.859292
-1.547442
-1.405379
-1.114666
-0.931332
-0.461639
-0.276112
0.102152
0.245833
-0.068728
-0.169683
-0.118748
-0.201820
-0.257008
-0.255548
-0.239556
0.159806
0.272582
0.615061
0.614424
1.190448
1.976355
2.425038
2.508938
2.693291
2.749919
2.578326
2.301070
1.751329
1.415906
1.195017
1.052672
0.523995
0.194291
-0.184771
-0.513666
-0.634519
-0.641062
-0.709673
-0.650834
-0.692630
-0.707139
-0.391690
-0.250346
-0.250993
-0.107373
-0.186386
-0.458367
-0.438228
-0.574178
-0.529818
-0.557601
-0.215451
-0.322236
-0.535896
-0.507625
-0.272817
0.041982
0.028004
0.012990
0.268413
0.674347
0.823442
0.516166
0.331746
-0.045575
-0.694787
-1.122459
-1.091836
-0.955951
-0.755262
-0.370040
-0.190843
-0.070062
0.193476
1.305173
2.352934
2.292230
2.146950
2.434084
2.368189
1.503179
1.455500
1.500793
1.501247
1.147178
1.142381
0.735673
-0.000326
-0.392487
-0.826886
-1.491077
-1.906486
-1.829488
-1.217600
-0.875936
-0.811264
-0.690092
-0.632260
-0.181724
-0.146449
-0.418561
-0.845595
-1.217994
-1.347609
-1.253259
-1.352371
-1.544103
-1.956741
-1.769672
-1.690414
-1.103822
-0.675044
-0.404981
-0.128929
0.049465
-0.078477
-0.457123
-0.822299
-1.129918
-0.889417
-0.662017
-0.248177
0.424978
0.826100
0.798420
0.748733
0.905267
0.948006
1.676316
1.888820
2.080594
2.150832
2.107146
2.136894
1.865305
1.316231
1.039802
0.598567
0.149177
-0.536004
-0.778860
-0.629793
-0.702672
-0.596979
-0.389131
-0.146935
0.068347
-0.144443
-0.749395
-1.177612
-1.470450
-1.634492
-1.832897
-1.818497
-2.010776
-1.854374
-1.633916
-1.647917
-1.483302
-1.426439
-1.227995
-1.043931
-0.788098
-0.888584
-0.675202
-0.202709
-0.058814
-0.443651
-0.357278
-0.690737
-0.775146
-0.318296
0.137639
0.000408
-0.293283
-0.501233
-0.650466
-0.472172
-0.516483
-0.803749
-1.296646
-1.282231
-0.115802
0.664592
1.066316
0.973039
0.751411
1.094777
1.371514
2.063366
2.375793
2.467599
2.588348
2.444788
2.279709
1.694739
1.058960
1.010029
0.839026
0.733394
0.426741
-0.071935
-0.134196
-0.183377
-0.320307
-0.150280
-0.158326
0.006125
0.270145
0.547142
0.688929
0.766414
1.214860
1.833629
2.033454
1.253776
0.927016
1.499219
1.644141
1.245627
0.674363
0.190717
0.112063
-0.259170
-0.416682
-0.473408
-0.652676
-0.796486
