-0.535840
-0.826961
-0.836952
-0.783804
-1.169245
-1.352994
-1.201053
-0.935336
-0.534953
-0.097692
0.370038
0.664951
0.537877
0.421863
0.794996
0.532211
-0.109957
-0.522571
-0.738204
-0.862865
-1.220911
-1.623507
-1.152232
-0.992135
-1.435426
-1.516090
-1.006418
-0.079444
0.534530
0.386879
-0.164503
-0.564534
-0.785609
-0.902094
-1.143840
-1.199226
-1.239205
-0.366519
0.273681
0.340038
0.244686
0.605052
0.599521
0.669256
0.743847
0.976341
0.955404
0.855777
0.710328
0.436807
0.617358
0.498455
0.260064
-0.299022
-0.145021
-0.120819
0.146960
0.430495
0.693568
0.590280
0.776986
0.864196
0.463628
0.467926
0.693174
0.855161
0.461052
-0.171447
-0.870328
-1.053672
-1.911136
-1.917701
-2.518263
-3.072113
-2.502491
-1.728489
-1.331632
-1.381959
-1.560020
-1.464234
-1.117273
-0.581155
0.466929
0.620190
0.803195
0.900131
1.105112
0.767751
0.230547
-0.148703
-0.160189
-0.081068
0.247754
0.400572
0.521408
0.492024
0.585135
0.807140
0.915229
1.175900
0.914800
0.824938
1.242143
1.205509
0.946962
1.434434
1.627165
1.352863
0.769156
-0.250581
-0.896136
-0.981351
-0.572579
-0.190733
0.445051
0.749751
0.750222
0.821036
1.261640
1.166341
0.551008
-0.123350
-0.275656
-0.315686
-0.298525
0.065421
0.159949
0.268970
0.395234
0.343292
0.529143
0.810171
0.536527
-0.172313
-0.903249
-0.943501
-0.892573
-1.129753
-1.307444
-1.126439
-0.704811
-0.448868
-0.534517
-0.360790
0.327747
0.767664
1.028297
0.488915
0.096951
0.137956
-0.529526
-1.900398
-2.101950
-1.959689
-1.438971
-0.642794
-0.162408
0.015792
-0.105409
0.020829
0.073165
0.247513
0.352565
0.552335
0.622867
0.858449
0.763930
1.103855
0.911915
0.379865
-0.068117
-0.279213
0.236088
0.478400
0.560658
0.378857
-0.257916
-0.961599
-1.453646
-1.924032
-2.083167
-2.280116
-1.779888
-0.565709
0.544985
1.357744
1.647453
1.448623
0.981309
0.690711
0.206220
0.001837
-0.440344
-0.623002
-0.577560
-0.199953
0.136681
-0.091969
-0.455202
-0.008682
0.804565
1.719080
2.095144
2.230145
2.694365
2.532887
2.206018
1.328182
0.742902
-0.117525
-1.149307
-1.807613
-1.638059
-1.338859
-0.468842
0.086961
0.564581
1.483741
2.642695
3.049862
2.047887
0.242843
-1.225912
-2.182620
-2.433468
-2.019069
-2.003342
-1.597282
-1.144581
-0.234591
0.296473
0.807902
0.676071
0.727511
0.075845
-0.924486
-1.225921
-1.579955
-1.225858
-0.544338
0.056014
0.217702
0.304203
0.266003
0.136923
-0.310264
-0.215234
0.245593
0.868657
1.384696
1.330271
1.057879
0.697195
0.500794
-0.173961
-0.529174
-0.602916
-0.617663
-0.162328
-0.451996
-0.959536
-0.691364
-0.949480
-0.675324
-0.391487
-0.514827
-0.687853
-0.741876
-0.554661
-0.576133
-0.568430
-1.004298
-1.270306
-0.928501
-0.284806
0.055041
0.161912
-0.318383
-0.230538
-0.375566
-0.277672
-0.250030
-0.399847
-0.005407
0.225976
0.373204
-0.065459
-0.242226
-0.731571
-1.015260
-0.896194
-0.903956
-1.072181
-0.787016
-0.531832
-0.241777
-0.004352
0.166593
-0.070070
-0.174669
0.086405
0.246147
0.110580
-0.189070
-0.244395
-0.411209
-0.549442
-0.602396
-0.915570
-1.006487
-0.569152
-0.396542
0.063934
0.406935
0.667624
0.935785
0.712575
0.091085
-0.081362
0.272411
0.268111
0.538124
0.194096
0.139618
0.425659
0.880674
0.992290
1.251581
1.231248
1.292530
1.049681
1.230593
0.680557
0.522423
0.477763
-0.171865
-0.399672
-0.756510
-0.931680
-0.826939
-0.164619
0.645614
0.723954
0.354785
-0.161686
-0.288446
-0.384651
-0.306979
-0.316784
-0.226714
-0.283763
-0.244111
0.234727
0.789543
0.895347
1.100682
1.254306
1.809976
2.366892
3.023773
2.811269
2.071028
1.338963
0.935189
0.515565
-0.105619
-0.516152
-0.386512
-0.506478
-0.761644
-0.790619
-0.719566
-0.228497
0.228538
0.035404
-1.033390
-1.517882
-1.664491
-1.436718
-1.411070
-1.108535
-0.850195
-0.752880
-0.301481
0.063104
0.542751
0.958266
1.120444
1.382109
1.859156
1.541680
0.982097
0.263693
0.099709
0.137031
0.228649
0.216730
0.193001
0.564695
0.652439
0.584606
0.206457
0.238512
0.702745
0.479838
-0.381942
-0.662816
-0.419709
-0.104419
0.173119
0.664939
1.010196
1.112738
0.944748
0.937618
1.250530
1.482519
1.478347
0.456000
-0.674866
-2.032376
-2.505831
-2.604536
-2.156154
-1.884805
-1.382496
-0.937218
-0.410148
0.192100
0.519441
0.660276
0.556918
0.512520
0.256364
0.459659
0.103491
-0.373379
-0.769825
-0.584326
-0.255232
0.097671
0.238826
0.522122
0.873694
0.977734
0.954010
0.525456
0.699166
0.582221
0.081681
-0.494249
-0.800131
-1.243890
-0.858552
-0.503720
-0.406255
-0.058931
0.147868
-0.096918
-0.442980
-0.077063
0.409482
0.353628
0.237052
0.549861
0.496434
0.333314
0.599311
1.248427
1.121804
1.022261
0.755058
0.424047
-0.263951
-0.561641
-1.082003
-1.378677
-1.215669
-1.586372
-1.270455
-0.508920
-0.752816
-0.990266
-0.877039
-1.107608
-0.573191
-0.068067
0.345085
0.693053
0.287639
0.085031
0.298878
-0.157921
-0.409415
0.279489
0.544006
0.743687
1.073376
1.328060
1.322222
1.802520
2.049944
1.785473
1.361501
0.663497
0.278018
-0.097779
0.177349
0.137914
0.408316
1.137019
1.105967
0.467823
0.506705
0.676821
0.672129
0.562542
0.756648
0.658489
0.512558
0.122075
-0.579683
-0.929101
-1.348175
-1.260663
-1.418105
-1.058216
-0.838549
-0.145856
0.054092
0.408587
0.860320
0.782304
1.168229
1.931714
1.924100
0.242116
-0.551557
-0.906928
-0.794758
-0.516612
-0.467888
-0.889913
-1.262551
-0.639229
0.504757
1.178593
1.794557
1.571057
0.811873
-0.254078
-1.041123
-1.033550
-1.128304
-1.176228
-1.379999
-1.462785
-0.689955
0.113018
0.383964
0.771967
1.135667
1.557378
1.112409
0.946665
0.708833
0.637804
0.065337
-0.527136
-0.995973
-1.537398
-1.469986
-1.258030
-1.035830
-0.856678
-0.873514
-0.891478
-0.559700
-0.704747
-0.409263
-0.305888
-0.058819
0.262173
0.450484
-0.000381
-0.445979
-0.981159
-1.046439
-0.430628
-0.937129
-1.346603
-1.159007
-0.595640
-0.746199
-0.925268
-1.228382
-0.985790
-0.600368
-0.129562
-0.160058
0.556328
1.501800
2.411152
2.815991
2.522172
1.664437
0.665860
0.106135
0.315482
0.489591
-0.303229
-1.187010
-1.532717
-1.626738
-1.469030
-1.091865
-0.654964
-0.032155
0.516770
0.368195
0.957731
1.602610
1.609086
1.149363
0.600162
0.117128
-0.593376
-1.028823
-1.002031
-1.066108
-0.954015
-0.312558
0.511780
1.153482
1.292913
1.480583
1.548087
1.543748
1.184666
0.692757
0.383456
0.391983
0.761891
0.689083
-0.114904
-0.972290
-1.586357
-1.571885
-1.281211
-0.857125
-0.396939
0.007142
0.143982
-0.183988
-0.135114
-0.341024
-0.309310
-0.039995
0.187628
-0.742940
-1.296901
-1.394955
-1.168200
-1.252839
-0.456463
0.350729
0.776700
0.243833
-0.088095
-0.148904
-0.133667
0.619487
0.661029
0.078669
-0.047669
0.314278
0.416156
0.328699
0.313278
-0.033133
-0.708016
-0.658467
-1.004749
-1.043296
-0.323237
0.364941
1.068814
0.871852
0.689431
0.083787
-0.177028
-0.747049
-0.788412
-0.740223
-0.563474
0.040212
0.333596
0.143356
-0.287956
-0.576058
-0.309412
0.086417
0.189003
0.486169
0.523770
1.041755
1.343460
0.877074
-0.474623
-1.115264
-1.263190
-1.426962
-1.189562
-0.785578
-0.191121
0.379304
0.064462
-0.303778
-0.468243
-0.673385
-0.134890
0.151012
0.378977
0.231656
0.372251
0.089691
-0.106318
0.337438
0.880482
1.042997
1.369413
1.314627
1.482368
1.645415
1.299607
0.886154
0.476688
0.375489
0.329179
-0.187597
-0.723953
-1.103666
-1.283472
-0.676623
0.213227
1.022747
1.236375
1.574983
1.986485
1.593232
1.126337
0.438475
-0.211643
-0.846890
-0.830376
-1.047160
-0.740703
-0.635471
-0.655501
-0.322940
0.699115
0.788367
0.640451
0.149396
-1.070998
-1.356501
-1.531350
-1.386451
-1.393120
-0.869003
-0.355418
0.053885
-0.121621
0.092272
0.127435
0.166437
0.157333
-0.188356
0.118989
0.482128
0.556220
0.237545
-0.112046
-0.157806
-0.197960
-0.625044
-1.071580
-1.705747
-1.781102
-1.296795
-0.837910
-0.483527
0.531941
1.245649
1.580639
2.044379
1.851206
1.838254
1.620394
1.255639
0.468231
0.513911
0.014429
-0.396080
-0.820598
-1.157680
-0.886183
-0.189162
0.545479
0.954938
1.580935
1.712439
1.864637
1.722384
1.719597
1.075687
0.516127
0.107755
-0.584164
-1.345423
-1.272841
-1.102758
-0.266036
0.604461
1.161677
1.068336
0.681279
0.577950
0.534652
0.428625
0.388359
0.428019
0.220290
0.334334
0.220641
-0.025027
-0.239648
-0.619205
-1.038667
-0.641764
-0.050101
0.241062
0.681223
0.907280
1.324384
1.784059
1.750351
1.003241
0.459403
0.375756
0.012234
-0.277258
-0.657684
-0.674617
-0.893799
-1.157385
-1.217849
-1.020497
-0.832687
-0.878814
-0.980540
-0.441192
-0.205388
-0.160160
-0.579292
-0.708357
-0.394947
0.041928
0.401908
0.753705
0.025506
-0.991700
-1.285997
-1.688761
-1.704961
-1.998566
-2.152051
-2.409539
-2.742393
-3.535348
-3.393460
-3.189324
-2.326664
-1.104763
-0.027424
0.994939
1.913717
2.560113
2.860985
2.669114
1.923236
1.212980
0.772074
1.050959
1.050689
0.694685
0.124689
0.355597
0.455519
0.881160
1.207444
1.280261
1.031188
1.491979
1.746463
1.654422
1.436212
1.205659
0.961808
0.322463
0.561278
0.794150
1.495873
1.406665
0.991518
0.302256
-0.199987
-0.653402
-0.955750
-1.020768
-1.056184
-1.121321
-1.112827
-0.452653
-0.485425
-0.208360
0.038914
-0.273835
-0.334754
-0.290621
-1.049291
-0.772566
-0.734306
-0.516764
-0.511087
-0.418107
-0.338462
-0.341903
-0.040519
-0.303396
-0.225673
-0.105454
-0.421264
-0.704585
-0.505251
-0.474944
-0.265605
0.316347
0.857802
1.079888
1.629616
1.636012
1.730668
1.715610
1.736932
2.012695
1.668268
0.906723
0.242015
-0.094438
-0.814498
-0.985975
-0.994552
-1.104523
-1.186857
-0.819922
-0.325458
-0.120398
-0.320042
-0.105484
0.500396
0.820332
1.022530
0.857620
0.998659
1.213472
1.554427
1.770818
1.128056
0.771551
1.112861
1.390575
1.294234
0.948493
0.113114
-0.770461
-1.561533
-1.839312
-2.280663
-2.273566
-2.295532
-1.671434
-1.316766
-0.979184
-1.005264
-0.537586
-0.144239
0.397442
0.919789
1.253155
0.865582
0.287859
-0.126607
-0.107437
-0.357490
-0.591962
-0.804231
-1.105177
-1.316910
-1.901044
-1.832210
-1.470901
-1.102876
-1.340480
-0.942249
-0.466171
-0.223292
0.137831
0.435258
0.946170
0.936358
0.859802
0.619811
0.427671
