-1.022188
-1.283160
-1.469056
-1.065021
-0.517912
-0.147118
-0.366919
-0.315304
-0.137661
0.073881
0.310342
0.040028
-0.425115
-0.526435
-0.551365
-0.957965
-1.523848
-1.710495
-1.372612
-1.311147
-0.745178
-0.214745
0.377309
0.876369
0.664623
0.241695
0.158923
0.270267
0.457389
0.151342
-0.154805
-0.332149
-0.703989
-0.982818
-1.018543
-0.537337
-0.216402
0.375402
0.764182
1.000944
1.270057
1.584782
1.399559
0.396280
-0.953581
-1.635960
-1.305135
-0.682119
0.253359
0.901601
1.415136
1.667088
1.988448
1.846019
1.272148
0.409537
-0.240334
-0.518897
-0.466239
-0.381043
-0.219678
0.033565
-0.314558
-0.307445
0.248507
0.391672
0.221167
0.194982
-0.245047
-0.583938
-0.804909
-0.805593
-1.508870
-1.822235
-1.677236
-1.530821
-1.359629
-1.052795
-0.503326
-0.242593
0.062108
0.712480
1.280389
1.415934
1.221586
0.597914
0.068585
-0.227744
-0.169026
-0.151117
0.187944
0.255368
-0.342883
-1.271981
-1.517253
-1.542916
-1.458227
-0.554240
0.602665
1.896200
2.199421
2.122614
1.962486
1.574641
1.168373
0.712056
0.172039
-0.426762
-0.587413
-0.599331
-0.458146
-0.350445
-0.163776
-0.356496
-0.152021
0.294548
1.003290
1.594712
1.977820
1.715836
1.529222
1.291075
1.333462
1.475580
1.667646
1.634695
1.010594
0.395792
-0.025196
-0.251010
-1.152971
-1.438677
-1.853067
-1.940989
-1.698915
-0.846965
-0.449989
-0.660500
-0.991088
-0.831332
-0.459715
-0.409897
-0.486391
-0.865920
-0.789117
-0.754007
-0.524708
-0.466200
-0.103543
0.109347
-0.482032
-1.159834
-0.983379
-1.029473
-0.743350
-0.572519
-0.326683
-0.172747
-0.104889
-0.171729
-0.299718
-0.324540
-0.408195
-0.053267
0.360812
0.210707
-0.050614
-0.284994
-0.277221
0.136780
0.448822
0.616942
0.896640
1.292102
1.544426
1.383938
0.996455
0.199753
-0.589197
-1.003397
-0.789897
-0.256942
0.006243
0.193030
0.819001
1.360161
1.260698
0.552409
-0.216616
-0.477170
-0.198709
-0.206868
-0.596436
-1.106819
-1.591553
-1.786284
-1.660926
-0.793066
0.488547
1.949510
3.730699
4.350562
3.085202
1.430666
0.065237
-1.318909
-1.435700
-1.858330
-2.020282
-2.065098
-1.907052
-1.952423
-1.623874
-0.652545
0.641907
1.481528
2.429800
2.526003
2.124827
1.240824
-0.177384
-1.235933
-1.992480
-1.946037
-1.982880
-1.435507
-0.887142
-0.176630
0.222086
0.848184
1.136586
0.699491
0.049740
-0.438271
-1.012466
-1.538690
-1.801948
-1.583260
-1.093562
-0.670372
-0.323134
-0.003147
0.428247
0.749060
0.638004
0.601628
0.863395
0.915054
0.933018
0.680360
0.631207
0.742405
0.599453
0.422851
0.354688
-0.135985
-0.551191
-0.560682
-0.156286
-0.056774
-0.682179
-0.798777
-0.843745
-0.776332
-0.169222
0.075539
-0.077249
0.049297
0.034009
0.016951
0.018616
-0.368791
-0.427401
-0.477978
-0.442012
0.031871
-0.228968
-0.828883
-0.752164
0.006604
0.977527
1.534594
1.400402
1.215309
1.064905
1.193486
1.159474
0.822970
-0.140734
-0.919747
-1.166547
-0.991183
-0.598413
-0.344301
-0.123131
-0.046908
-0.190339
-0.044426
-0.254473
-0.347522
-0.119513
-0.153709
-0.272106
-0.712576
-0.939670
-0.552406
-0.145251
-0.194887
0.057809
-0.024982
0.002809
-0.021827
0.560778
0.686611
0.737206
1.151871
0.956930
0.230316
-0.276142
-0.317978
0.035811
0.627496
0.677825
1.336901
1.413008
1.108786
0.678402
0.552361
0.534603
0.768584
0.733570
0.184914
-1.007178
-0.966512
-0.475940
-0.164615
0.341399
-0.149009
-1.010331
-1.448435
-1.042028
0.023141
0.617747
0.821540
0.896669
0.431799
-0.185168
-0.471508
-0.302975
-0.048910
0.253747
0.465455
0.180363
0.138723
0.231127
0.587534
0.546297
0.859561
0.824827
0.519837
-0.021677
0.036868
0.102470
0.100639
-0.270912
-0.643066
-0.475417
-0.358807
-0.283133
-0.148435
0.357513
0.949127
1.735563
1.254370
0.198556
-0.918709
-1.343519
-1.646959
-1.621761
-1.597660
-1.156352
-0.579945
-0.317877
0.079740
0.222748
0.639971
1.360387
1.680798
1.555148
1.622667
1.343723
0.667794
0.033647
-0.465419
-0.608226
-1.056111
-0.533575
0.511596
1.195435
1.803338
1.737319
1.577418
1.959588
1.835447
1.102780
-0.012465
-0.967717
-1.281643
-0.471681
0.128233
0.205303
-0.553997
-0.994096
-0.784863
-0.254774
0.554807
1.119968
1.296939
0.393852
-0.958075
-1.797933
-2.036022
-1.766358
-1.015526
-0.601465
-0.338173
0.052384
0.511026
0.682824
0.616225
-0.144528
-0.941433
-1.331012
-1.551355
-1.195017
-1.153614
-0.866796
-0.865603
-0.526519
0.293840
1.131608
1.251532
0.788923
0.569763
0.839386
1.523636
0.967218
0.233500
-0.399887
-1.017573
-1.341715
-0.897138
-0.400960
0.291443
0.604704
1.044000
1.349014
1.173767
0.954921
0.828090
0.616411
0.338050
0.466366
0.541632
0.642792
0.599520
0.632443
0.513966
0.556358
0.091598
-0.524908
-0.761647
-0.703301
-0.602575
-0.693917
-0.979658
-0.711022
-0.389813
-1.067741
-1.314635
-1.347771
-1.383699
-0.879365
-0.245844
-0.094731
0.194905
-0.421387
-0.944294
-0.992896
-0.645355
-0.651966
-0.642281
0.016217
0.504913
0.582068
0.818146
0.995907
1.113503
1.518001
1.155430
0.863197
0.544643
0.662778
0.822060
0.914068
0.575734
0.245820
-0.218858
-0.076202
0.338724
-0.075581
0.074385
0.218653
0.247555
0.215679
0.031115
-0.069639
-0.077287
-0.340000
-0.290463
0.078608
0.524863
0.573874
0.740824
0.817252
0.504349
0.115373
0.308913
0.917244
1.272319
1.054052
0.387743
-0.041324
-0.412608
-0.268638
-0.276982
-1.585770
-1.570611
-0.990408
-0.003648
0.950973
1.524723
1.329965
0.645248
0.132182
0.785543
1.200329
0.856243
-0.048994
-1.072942
-1.658150
-1.642230
-1.279766
-0.300013
0.722351
0.898543
0.829648
0.981763
1.330467
1.035900
1.197683
1.341594
1.182031
0.614645
0.115736
-0.449537
-0.870791
-1.554594
-2.078841
-2.132376
-1.188548
0.111622
0.829663
1.200817
1.183592
0.812997
0.264381
0.198278
-0.282562
-0.375308
-0.637521
-1.303802
-1.903827
-2.096892
-2.139869
-1.466526
-0.699369
-0.048050
0.317736
0.229559
-0.305152
-0.846257
-1.234623
-1.015309
-1.004731
-1.272844
-1.236360
-1.075155
-0.660605
0.022785
0.479779
1.138594
1.232751
1.056887
0.972275
0.921356
0.921178
0.601004
-0.454070
-1.543272
-2.421157
-2.135676
-1.730944
-1.106402
-0.609336
0.259701
1.179271
1.728284
1.679787
1.900814
2.240283
2.098527
1.567866
0.452971
-0.207140
-0.630673
-0.724985
-0.751125
-0.371876
0.283882
1.093498
1.304587
1.500027
1.357153
1.654327
1.639474
1.344254
0.456720
-0.743994
-1.359113
-1.458979
-1.449745
-1.121657
-0.650623
-0.290271
0.197158
1.074116
1.614712
1.514415
1.532291
1.406292
0.698388
0.284946
-0.180257
-0.491747
-0.492808
-0.643882
-0.761157
-1.090244
-1.194624
-0.970075
-0.524458
0.032818
0.318119
0.487445
0.489121
0.506986
0.211926
-0.614280
-1.203687
-1.902100
-1.772216
-1.383455
-1.013371
-0.769533
-0.802556
-0.710192
-0.255320
0.267511
1.204594
2.200491
2.768387
2.988614
2.954949
2.526463
1.361674
0.384298
-0.324034
-0.662197
-1.550229
-2.133953
-2.279209
-2.313749
-1.910784
-1.397108
-0.680989
0.113242
0.476673
0.627888
0.721978
0.597324
0.767623
0.504716
0.234676
-0.086649
-0.516325
-0.956116
-1.186355
-1.663556
-2.045981
-2.173477
-2.141105
-1.399149
-1.042959
-0.346694
0.148097
0.573045
0.598876
0.448482
-0.444074
-1.034684
-1.489933
-1.287488
-0.883149
-0.402797
0.058761
0.243432
0.283565
0.587476
1.264087
1.729444
2.034225
1.824797
1.253853
0.417220
0.406917
0.575515
0.483764
0.264528
0.162331
-0.134081
-0.470841
-0.454112
-0.274962
-0.020539
0.519470
0.889867
0.661089
0.669688
0.677027
0.441296
-0.166208
-0.032396
0.117791
0.310986
0.477508
0.392672
-0.223773
-0.949597
-1.185345
-0.103850
0.687495
1.268263
1.191973
0.471810
-0.136699
-0.643579
-0.338259
0.008398
0.289057
-0.324921
-0.323313
-0.306255
0.234722
0.800074
0.834136
0.649096
0.522591
0.438522
0.050693
0.118769
0.376772
0.602710
1.092359
1.413031
1.571363
1.353414
1.143647
0.892286
0.606913
0.651822
0.603777
0.252709
0.171009
0.289956
0.347529
0.183870
-0.002846
-0.368516
-0.329529
-0.484265
-0.442686
-0.528105
-0.181669
0.687182
0.922294
0.805305
1.061549
0.996510
0.821164
0.662917
-0.283064
-1.035569
-1.340236
-1.163916
-1.193345
-1.152460
-1.509111
-1.587210
-1.901252
-1.834490
-1.151307
-0.946763
-1.063563
-1.104666
-1.187941
-1.001465
-0.562160
-0.242418
0.373314
0.693943
0.728580
0.543864
0.994250
1.063599
0.660162
-0.065270
-0.401986
-0.589403
-0.413088
0.110381
0.725585
1.113368
0.605834
0.091442
-0.387537
-0.597369
-0.548267
0.034214
0.490738
0.524058
-0.084617
-0.244849
-0.084235
-0.279027
-0.863405
-1.801712
-1.802989
-1.279726
-0.257505
0.537385
1.011794
1.393136
1.783422
1.412327
1.117521
0.686202
0.189060
-0.376896
-0.951710
-1.589379
-1.948177
-1.488427
-0.774313
-0.435962
-0.690669
-0.293572
-0.172598
-0.296366
-0.649931
-0.358917
-0.010390
0.749847
1.299055
1.545191
1.387351
1.135694
0.823250
0.205671
-0.135662
-0.087141
0.343247
0.486076
0.554238
0.376912
0.064313
-0.079318
0.479873
0.926415
1.482041
1.416160
1.122099
0.719095
0.409825
0.276227
0.723708
1.061037
0.857986
0.822116
0.439149
0.118138
-0.032658
0.229389
0.330252
0.853110
1.136572
0.873340
0.298581
-0.147612
-0.383175
-0.592879
-0.474363
-0.466945
-0.239493
-0.620595
-0.724360
-0.498293
-0.769738
-0.998398
-0.963170
-1.283403
-1.045093
-1.193805
-1.005528
-0.649766
-0.394835
0.027184
0.025892
-0.060023
-0.289606
-0.575902
-0.821695
-0.745027
-0.110407
0.770335
1.150979
1.337175
1.675083
1.618389
1.458173
0.877446
0.353455
0.081967
-0.111631
-0.094708
0.326580
0.560417
0.600282
0.547648
0.606301
0.326536
0.175093
0.344688
0.599450
0.347069
0.131141
-0.322429
-0.846625
-1.017613
-0.293838
0.953767
1.771213
1.949386
1.805362
1.753136
1.414554
1.364856
1.382012
0.631681
0.134815
-0.454224
-0.564163
-0.471225
-0.774854
-0.979917
-1.581250
-2.275502
-2.698622
-2.910276
-2.371168
-2.034482
-1.484381
-0.994165
-0.697644
-0.545018
-0.669538
-0.322620
0.329227
0.787098
1.083306
0.921915
0.591051
0.581578
0.421224
0.024072
-0.534868
-0.899024
-1.161854
-1.518803
-2.028956
-2.324708
-1.826999
-1.149734
-1.360627
-0.835743
-0.065786
0.323410
1.170050
1.077345
0.639798
0.099976
-0.143962
-0.178156
0.006501
