0.352331
0.100863
-0.073737
0.143711
-0.505243
-0.820480
-0.527028
-0.486413
-0.650015
-0.446748
-0.056296
0.689878
0.753559
0.160101
0.303511
0.090819
-0.607332
-0.616201
0.029962
0.912294
0.440127
-0.226689
-0.003827
-0.028865
-0.391615
-0.119915
-0.365534
-0.424059
-0.081736
-0.201242
-0.484964
-0.321093
-0.670506
-0.598272
-1.130922
-0.846681
-0.375537
0.013607
0.214615
-0.227277
0.024617
0.815849
0.303893
0.356375
0.587221
0.608883
1.079583
0.669879
0.552155
0.168236
0.151815
0.059538
0.195658
0.056358
0.347516
0.204553
-0.240813
-0.165940
-0.119530
-0.040575
0.106563
-0.155878
-0.309600
-0.298198
-0.270507
-0.135439
-0.628871
-0.819654
-0.901628
-1.053983
-1.089858
-1.249804
-2.072880
-3.036566
-2.238521
-0.275970
0.049197
0.167042
-0.651053
-1.406114
-0.788287
-0.675497
-0.310903
0.483176
0.464782
0.376727
0.875661
0.265603
0.155913
0.336618
0.648452
0.375504
-0.357457
0.099259
0.204980
0.514243
0.930571
1.280730
1.368216
1.587118
0.709733
0.474444
0.661463
0.960880
1.076710
0.813139
1.135646
1.567792
1.083475
-0.257296
-0.454685
-0.678275
-0.664597
-0.510173
-0.320675
-0.066138
-0.398785
-0.345431
0.506771
0.758705
0.419247
-0.134488
-0.095205
0.205427
0.052801
0.022264
-0.063783
0.187012
0.622235
0.572274
0.718736
0.946194
0.895190
-0.344588
-1.114620
-1.143239
-0.273391
-0.639793
-1.279212
-0.962220
-0.446513
-0.231440
-0.637749
-0.330624
0.409017
0.610458
0.825386
0.384845
0.059678
0.092866
0.365376
-0.938445
-1.438582
-1.640611
-1.365837
-0.872082
-0.142322
-0.002051
-0.274597
-0.172423
-0.288643
-0.147529
-0.058542
-0.055448
0.330708
0.517423
0.769990
1.544678
1.218852
0.938862
0.730896
0.889106
0.489465
-0.297644
-0.056631
-0.207735
-0.409915
-0.824842
-0.901945
-0.791059
-0.590791
-0.758134
-0.678352
-0.000898
0.588821
0.600410
0.838871
1.169548
1.608046
1.190454
0.615948
0.601184
0.568451
0.261966
-0.018426
0.469569
0.428840
-0.410419
-1.525086
-1.643375
-1.298364
-0.395689
0.408283
0.513642
0.889371
0.917133
0.799270
0.731101
0.245491
-0.454881
-1.464417
-2.001194
-2.022553
-1.609915
-1.230834
-0.614466
-0.227891
1.019562
2.798101
3.460631
2.621951
0.962762
-0.237929
-1.020154
-1.544300
-1.688672
-2.001052
-1.668402
-1.127563
-0.870762
0.062572
0.980031
1.031924
1.402627
1.362831
0.870355
0.459849
-0.167645
-0.539187
0.024317
0.510229
0.478545
0.052972
-0.310974
-0.411491
-0.939947
-1.025569
-0.811182
-0.628018
-0.198519
-0.079963
-0.145812
0.049921
0.378605
-0.191305
-0.320228
-0.038949
-0.042948
0.008401
-0.230007
-0.153137
-0.261195
-0.628703
-0.561425
-0.486312
-0.756631
-0.900635
-1.285309
-1.304271
-1.151161
-0.823790
-0.859402
-1.082640
-0.794077
0.238340
0.346891
0.100361
0.203244
0.274344
-0.675611
-0.929423
-0.903076
-0.699224
-0.542527
-0.351292
-0.232129
-0.266040
-0.087979
0.503162
0.273549
0.044827
-0.449118
-0.898487
-0.988813
-0.453223
0.114570
0.481205
0.778141
0.745171
0.989593
0.701341
0.339011
0.062774
-0.017200
0.267084
-0.363511
-0.316802
0.298462
-0.632970
-0.881006
-0.194008
0.282720
0.330311
0.615848
0.993357
1.384853
0.704647
0.019241
0.375266
1.169066
0.840494
0.729966
0.610094
0.562042
0.801494
0.686072
0.118288
0.498629
0.648685
0.539691
0.343134
0.660034
0.373442
0.249411
0.209304
0.167196
-0.025106
-0.650911
-0.626178
-0.703959
-0.655553
-0.324859
0.059682
0.415060
-0.181370
-0.450498
-0.032764
0.363131
0.521707
0.923678
0.873543
1.238668
1.638107
1.932562
1.685152
1.018773
1.147073
1.608701
2.083266
2.963799
2.954289
2.014325
1.080792
0.579535
0.394518
0.042419
-0.301752
-0.521916
-0.777611
-0.976217
-0.999669
-1.445659
-1.206795
-0.658470
-0.652234
-0.867091
-1.596219
-2.043947
-1.851674
-1.993453
-1.748588
-1.547429
-1.135636
-0.762347
-0.796330
0.087472
0.598213
0.733437
0.945222
1.176733
0.749283
0.439091
0.174820
0.038135
-0.094212
0.154377
-0.350854
-0.861666
-0.382430
-0.644444
-0.382172
0.128494
0.154438
0.201108
0.337866
-0.212959
-0.111172
0.097456
0.360564
0.926147
0.995163
1.278568
1.698547
1.400028
1.073124
1.005256
0.546731
0.051868
-0.632960
-1.572036
-2.191065
-2.578229
-2.987188
-2.778896
-2.059713
-1.815706
-1.784378
-0.862194
0.291311
0.893238
1.177718
1.098039
0.736996
0.038045
0.040050
-0.418733
-1.482637
-1.319824
-1.502730
-1.565439
-0.950736
-0.677895
0.380027
0.343434
0.431598
0.737504
0.878289
1.684944
1.590292
1.010732
-0.117510
-0.856691
-1.053322
-1.070490
-0.775378
-1.029520
-0.910955
-0.247997
0.541069
-0.409043
-0.445923
0.958875
0.913668
0.819313
1.250905
1.049085
0.746551
1.136311
1.178004
0.742491
0.665882
0.275146
0.157908
0.084744
0.656557
0.715161
0.633500
0.935978
0.635938
0.744954
1.052086
0.355122
-0.162172
-0.395620
-0.586215
0.012845
0.267081
0.438923
0.558006
0.547045
0.533715
1.372872
-0.007848
-0.377916
0.861583
0.421515
0.091509
0.041180
0.092715
0.413082
0.793888
1.985313
2.591948
2.411331
1.997057
1.514568
1.206429
1.104020
0.572561
0.462347
0.746852
0.055664
-0.809722
-0.124076
0.505237
0.826531
1.225497
1.382602
1.469668
1.351555
0.539923
-0.202532
-0.818372
-1.653178
-1.415782
-1.206224
-1.569115
-1.387345
-0.485731
-0.315978
-0.853690
-0.484107
0.269465
0.914853
2.218689
1.542493
0.641042
0.498203
-0.277073
-0.844424
-1.277435
-0.904970
-0.921440
-1.234940
-0.718543
-0.771892
-0.385099
0.620929
0.769084
0.804835
0.588318
0.438947
-0.050505
-0.127196
-0.661554
-1.326024
-1.718139
-1.738867
-0.918485
-0.699187
-0.218630
0.083660
0.432920
0.068812
-0.231852
-0.598800
-0.501653
-0.148282
-0.477157
-1.019178
-1.290881
-1.232343
-1.389859
-0.876987
-0.890580
-0.741655
-0.593639
-0.162550
0.219596
0.133644
-0.111750
-0.070376
0.201325
0.012793
-0.193552
-0.387693
-0.333193
-0.053002
0.124273
-0.785219
-1.616183
-1.456410
-0.822040
-1.451363
-1.287042
-0.707742
-0.507418
-0.191505
0.197477
-0.156274
-0.222689
0.066805
1.155608
1.154378
0.738088
0.353057
0.345690
0.538899
1.045348
1.182292
0.687298
-0.206443
-0.323765
0.095839
0.235398
-0.105626
-0.568722
0.113760
0.565985
0.271282
0.585885
1.781846
1.775174
1.224690
1.438298
0.876868
0.289921
0.270507
-0.203390
-0.746875
-0.814727
-0.949721
-0.932722
-0.068433
0.373486
0.354908
0.576061
1.076049
0.947970
1.029559
1.262902
1.606809
2.251130
2.200068
1.049846
-0.151580
-1.655599
-2.151382
-1.416574
-0.902821
-0.855466
0.141610
0.081885
-0.687066
-0.647509
-0.643696
-0.288957
0.099493
-0.207897
-0.961078
-1.409442
-1.821832
-2.292462
-2.349089
-1.526108
-0.527774
-0.516030
-0.297189
0.088317
0.526762
0.531141
0.982167
0.678767
0.191578
0.588867
0.394155
0.318035
-0.085777
-0.419409
-2.531460
-4.263162
-4.072418
-4.372506
-3.737546
-2.476844
-1.075363
0.996939
0.825628
-0.158567
0.171929
1.122469
1.156692
1.293686
0.849003
0.337900
0.021674
-0.058022
-0.549004
-0.906035
-0.492976
0.047948
0.538800
0.792303
1.536343
1.733290
1.994009
1.916951
1.706051
0.433606
-0.251429
-0.533711
-1.169784
-1.302747
-0.967817
-0.653208
0.133573
0.191960
-0.121925
0.228647
0.883283
1.656118
1.895458
1.588345
1.306552
1.927843
1.199586
0.045812
-0.245220
-0.289393
-0.149922
-0.044374
-0.259139
0.205695
0.825308
1.037042
1.027494
1.017228
1.260430
1.052458
0.788823
0.675842
1.022601
1.035700
1.201727
1.275795
1.122210
1.310955
0.934816
0.942785
0.949587
0.559814
0.486756
-0.221804
-1.243438
-1.059598
-1.064585
-0.979099
-0.893926
-0.910139
-0.296032
-0.107121
-0.522528
-0.471775
-0.207110
-0.715161
-0.625108
-0.600114
-0.645390
-0.654747
-0.397052
0.018632
0.179443
0.354559
0.694195
0.231048
0.262615
0.421762
0.304524
0.557243
0.692566
0.260911
-0.817696
-0.934131
-0.642098
-1.170184
-1.848884
-2.055682
-2.093213
-1.674477
-0.449902
0.084065
0.362941
1.521912
3.273040
3.385613
3.110754
2.633256
2.626731
2.454360
1.334500
-0.131440
-0.590050
-0.835727
-1.009404
-1.686028
-1.962815
-1.743071
-1.174957
-0.243352
0.250593
0.765201
1.042111
1.664856
1.708297
1.710018
0.859766
0.402909
0.571942
-0.499537
-1.290121
-1.389969
-2.076940
-1.554350
-0.996538
-0.204439
-0.450545
-1.112706
-1.033801
-1.060908
-1.146725
-1.008841
-0.643713
-0.486735
-0.568879
-0.514204
0.091793
0.734799
0.582127
0.413182
0.750300
0.745477
-0.668148
-0.637001
-0.279585
-0.092646
0.457745
0.755623
0.634615
-0.150482
-0.388657
-0.357777
0.236530
-0.249791
-0.767016
-0.286262
-0.333089
-0.382028
-0.214375
0.116044
-0.254318
-0.673659
-0.062671
0.290738
0.485921
0.634348
0.518042
0.446549
0.649487
0.952744
1.744962
0.319024
-0.008697
-0.560091
-1.544234
-1.561305
-1.628469
-2.085724
-2.147432
-2.107583
-2.285616
-1.528340
-0.879584
-0.498316
0.022612
0.426842
0.949028
1.379471
1.256426
1.345344
1.530979
0.907466
0.804373
0.273081
0.336250
0.169516
0.043928
-0.250899
-0.722147
-1.295431
-0.935070
-0.163538
-0.112504
-0.000903
0.530648
0.399632
0.983256
0.965236
0.941183
1.076847
0.721931
0.919179
1.274175
1.850056
1.448784
0.779744
0.055358
-0.022080
-0.559536
-0.982645
-1.039246
-0.905357
-0.629008
-0.788648
-0.575449
-0.098472
0.312125
-0.130018
-0.878733
-0.757616
-0.563251
-0.705529
0.176586
0.528700
0.867312
1.030501
1.264352
1.158323
0.326944
-0.083299
-0.129552
0.099869
-0.127920
-0.554021
-0.624757
-0.300866
0.389738
0.234063
0.221393
0.830116
1.009867
1.958304
1.800926
1.711025
2.356993
2.703316
2.268360
1.331468
0.873667
0.327746
-0.115044
-0.543227
-0.352949
-0.026864
-0.123790
-0.198366
1.085744
1.652465
1.497374
0.844179
0.197148
0.045251
-0.012969
0.154644
-0.311859
-0.526775
-0.507525
-0.215743
0.137844
0.255927
-0.052451
0.552865
0.615086
0.370597
-0.079716
-0.605192
-0.836653
-1.484866
-1.551100
-1.583228
-2.073067
-2.419948
-2.069401
-1.607890
-1.164167
-0.856207
0.017885
0.177676
0.620061
1.046799
0.828970
0.182248
0.206260
0.033356
0.048872
0.342062
0.318800
-0.189991
-0.267058
-0.759579
-1.398879
-1.347123
-1.375822
-1.240505
-1.607269
-1.784490
-1.732208
-1.036068
-0.410756
-0.499075
0.251436
0.743035
1.014118
1.315457
1.488995
