0.236806
0.334532
0.265866
0.158565
-0.195548
-0.305495
-0.260990
0.035921
0.217800
0.326796
0.007256
-0.110017
0.529415
0.224896
0.133850
0.260514
0.245101
-0.159942
-0.342936
-0.610178
-0.535594
-0.415843
-0.158169
0.025957
0.041796
0.054943
-0.123128
-0.211195
-0.474288
-0.582273
-0.235945
-0.153416
-0.846048
-0.860893
-0.484144
-0.285758
-0.221189
-0.218173
-0.226203
0.004286
-0.520226
-0.867559
-0.934398
-0.780124
-1.169988
-1.231030
-1.036691
-0.731767
-0.597920
-0.770406
-0.491188
-0.247359
-0.048381
-0.142659
-0.038676
0.042742
0.313372
0.602371
0.983086
0.841016
0.394180
-0.134624
-0.167712
0.136431
0.281573
0.043509
-0.263829
-0.318106
-0.199216
0.142717
0.311225
0.386775
0.498995
0.962420
0.830467
0.604332
0.334891
-0.095004
-0.514330
-0.631769
-0.732066
-0.866633
-0.993951
-1.236361
-0.837099
-0.600952
-0.438763
-0.060644
0.171692
0.161574
0.576505
1.046181
1.525857
1.716738
1.752923
1.679847
1.196400
0.693839
0.174277
0.046362
-0.501782
-1.044037
-1.714307
-1.687087
-1.229945
-1.033718
-1.115311
-0.780905
-0.496459
-0.067507
0.195874
0.646625
1.408915
1.954520
2.051656
1.706460
1.545103
1.397809
1.224257
0.774538
0.608772
0.257101
0.005522
-0.152907
-0.255323
-0.343718
-0.380028
-0.282531
0.050792
0.290994
0.266307
0.541358
0.659102
0.728907
0.536329
0.504490
-0.022207
-0.130993
-0.424122
-1.125529
-1.612703
-2.063116
-2.288122
-1.939248
-1.352514
-1.612739
-1.506762
-1.138320
-0.720801
-0.437901
-0.133195
-0.027527
0.114493
-0.048777
0.713157
0.882591
0.983654
0.724034
0.375280
-0.168560
-0.243725
-0.204488
-0.089206
0.017922
0.005766
-0.100871
-0.254706
-0.005777
-0.113842
-0.338487
-0.634975
-0.188139
0.543153
1.239234
1.919276
2.422045
2.127255
1.081002
0.285182
-0.224861
0.039809
0.574913
1.037173
0.936209
0.668591
0.173001
-0.354505
-1.117944
-1.289578
-1.602579
-2.043838
-2.495668
-2.942154
-3.044406
-2.737843
-2.538539
-2.457320
-1.916628
-1.238853
-0.723909
-0.085957
0.051398
0.059531
0.122265
-0.029622
-0.062895
0.034650
0.378221
0.836767
1.162775
1.327677
1.059184
0.995213
1.013923
1.073451
1.016833
1.138527
0.752501
0.358716
-0.167806
-0.666487
-0.639833
-0.676348
-0.484624
-0.326342
-0.158841
-0.617193
-0.374750
0.080039
0.467717
0.630115
0.757269
0.818627
1.164668
1.185051
1.202859
0.896484
0.697548
0.647128
0.673695
0.510894
0.426632
0.508855
0.730309
1.155977
1.003488
0.804029
0.080880
0.038520
0.323423
0.266382
0.153972
0.191577
-0.281355
-0.387263
-0.454510
-0.301230
-0.295535
-0.721526
-1.187423
-1.167285
-0.636789
-0.710649
-0.723863
-0.277267
0.350487
0.236695
-0.025145
-0.169230
-0.251036
-0.277086
-0.114741
-0.191169
-0.634049
-0.609675
-0.683109
-0.350720
-0.074500
0.336230
0.656209
0.779581
1.074482
0.909138
0.643607
0.296785
-0.471698
-0.662111
-0.483151
-0.582254
-0.180874
0.373281
0.675453
0.884758
0.877360
0.410663
0.023078
-0.338247
-0.652049
-0.952370
-0.504217
-0.759109
-0.607741
-0.554633
-0.464120
-0.105000
0.247527
0.774486
0.896028
1.024856
0.767412
0.740415
0.655933
0.518323
0.471536
0.229680
0.113322
0.004015
-0.156650
-0.630346
-1.388949
-1.676997
-1.553113
-1.525925
-1.014588
-0.420503
0.151111
0.437670
0.828499
0.588465
0.912691
1.908532
2.515596
2.057507
1.821821
1.520468
1.021838
0.386603
-0.719823
-1.364274
-1.299494
-1.188213
-1.163064
-1.196104
-1.700595
-1.813806
-2.025793
-2.226471
-1.817780
-1.258453
-1.172762
-0.930078
-0.655441
-0.572746
-0.342732
-0.346337
0.213945
0.692471
0.906760
0.810060
0.875333
0.596998
0.072928
-0.666627
-1.154326
-1.248559
-1.341135
-1.679363
-1.568637
-1.061832
-0.607974
-0.082643
0.463149
1.001981
0.995715
1.269325
1.637449
1.305932
0.081196
-0.825486
-1.232139
-1.507102
-1.102062
-0.256140
0.248745
0.826313
1.517667
1.610689
2.043662
2.335007
2.305307
2.050695
1.694804
1.192376
0.910541
0.714506
0.640306
0.093014
-0.356634
-0.745927
-1.105562
-1.437000
-1.720329
-1.362494
-0.751547
-0.392811
-0.346838
0.121814
0.567253
1.090111
0.838454
0.911542
1.522268
1.486308
0.860819
0.554272
0.215709
-0.078675
-0.219492
-0.294971
-0.033643
0.202882
0.307258
-0.114085
-0.328392
-0.641762
-0.869398
-0.869537
-0.429866
-0.078349
0.109686
0.093529
0.432358
0.720135
0.652324
0.600016
0.358521
0.501331
0.420579
0.745108
0.928530
1.342453
1.517154
1.741611
2.214478
2.269364
2.021866
2.125997
2.067833
1.726460
1.319458
0.846690
0.746123
0.062069
-0.533151
-1.473102
-2.095498
-2.489116
-2.602215
-2.872754
-2.725556
-2.509944
-2.032801
-1.730692
-1.382482
-1.315580
-1.109725
-0.694427
-0.287237
0.106134
0.432563
0.926444
1.265113
1.232831
1.180676
0.933304
0.689705
0.783344
0.990126
0.977935
1.008820
0.742198
0.872266
0.555203
0.551289
0.488810
-0.266849
-1.259568
-1.623637
-1.490004
-0.708704
-0.336004
-0.212439
0.069892
0.280231
-0.011492
-0.089460
-0.456068
-1.000832
-1.013128
-0.624808
-0.281765
0.013407
0.405743
0.502307
0.432649
-0.091632
-0.455847
-0.340111
-0.278833
-0.559910
-0.354685
-0.110158
0.091093
0.473035
0.542353
0.496927
0.360861
0.491422
0.514581
1.016063
1.511866
1.761425
1.869908
1.624933
1.239211
1.570293
1.702666
1.719929
1.211497
0.771694
0.726481
0.785138
1.019265
0.516833
0.163345
0.198546
-0.006355
0.231606
0.181189
0.131571
0.361191
0.640758
0.656178
0.405788
-0.122614
-0.468434
-0.593259
-0.504514
-0.808991
-0.965779
-1.266459
-1.082249
-0.535420
-0.174727
-0.637716
-1.481284
-1.880741
-1.890680
-1.979864
-2.191221
-2.360614
-2.201869
-2.257521
-2.491917
-2.446276
-2.119972
-1.408148
-1.110487
-0.803063
-0.631530
-0.195244
-0.183090
-0.345053
-0.573783
-0.715249
-0.345083
0.136438
0.225104
0.061177
0.291482
0.571749
0.722430
1.028352
1.424203
1.309725
1.434359
1.586438
1.809235
1.682283
1.619700
1.284735
1.050313
0.730532
0.733962
0.921004
0.983100
1.196835
1.006098
0.664530
-0.031225
-0.535872
-0.809572
-0.692738
-0.597434
-0.317719
-0.305421
-0.564198
-0.421576
0.116142
0.780926
0.405659
0.369940
0.131525
-0.080294
0.187384
0.781571
1.071058
1.179127
0.838876
0.186392
-0.079585
0.161534
0.433379
0.276429
-0.378205
-0.755931
-0.867219
-1.256957
-0.642248
-0.180041
-0.082968
0.099974
0.336345
0.092367
-0.155446
-0.231791
-0.010069
-0.169406
-0.202820
-0.225039
-0.361120
-0.537620
-0.541806
-0.433939
-0.241005
0.110226
0.115011
-0.205180
-1.111898
-1.345727
-1.026040
-0.476556
-0.356638
-0.198244
-0.435046
-0.192268
0.167096
-0.147227
-0.406558
-0.647562
-0.709335
-0.890087
-0.926729
-0.946445
-0.905640
-1.090311
-1.272091
-1.598588
-1.531610
-1.393900
-1.081038
-0.427933
0.300260
0.634508
0.958553
1.447368
1.952418
2.462304
2.132968
1.806209
1.848898
1.967214
1.763228
1.509260
1.285759
1.088939
1.067246
0.413726
0.073399
-0.414365
-0.668638
-0.883297
-0.817340
-0.879288
-0.883079
-0.728301
-0.746724
-0.877258
-0.574259
-0.831913
-1.110933
-1.173341
-0.688689
-0.133662
-0.108078
0.064543
0.156193
0.194659
0.504179
1.249136
1.072240
0.883998
0.438115
-0.363017
-0.918788
-1.183153
-1.252677
-1.057683
-0.866934
-0.899287
-0.718367
-0.921465
-1.133929
-1.095580
-1.100465
-0.716501
0.033860
0.430466
0.353287
0.062612
-0.149967
-0.039230
0.342943
0.014210
-0.172868
-0.215983
-0.149119
0.316774
0.525226
0.515054
0.558494
0.392312
0.286303
0.497727
0.393600
-0.172632
-0.553149
-0.263297
0.244355
0.297083
0.049988
-0.272729
-0.040698
-0.158322
-0.132012
-0.386989
-0.288361
0.061064
0.174882
0.061153
0.165413
0.329450
0.758464
0.963341
1.100321
1.465516
1.760489
2.086212
1.999478
1.723738
1.375833
1.270215
1.058150
1.165890
0.825577
0.560350
0.504451
0.663715
0.409359
0.324855
0.020609
-0.095187
-0.421505
-0.612978
-0.575607
-0.621868
-0.499677
-0.739850
-0.828167
-1.003433
-0.902202
-0.853443
-0.410031
-0.533896
-0.450681
-0.254973
-0.145982
-0.221259
0.099275
0.622174
0.675999
0.679593
0.564974
0.267472
-0.449528
-0.563043
-0.486757
-0.731533
-1.098014
-1.247221
-0.941858
-0.673019
-0.421043
-0.207683
-0.243736
-0.462354
-0.651835
-1.141341
-1.157689
-1.197087
-1.265306
-1.493745
-1.810472
-1.880834
-1.693762
-1.789833
-1.327157
-0.823708
-0.343998
0.244158
0.252542
0.525188
0.984885
0.996095
0.901436
1.292402
1.626600
1.955921
1.883144
1.586084
1.411588
1.359745
0.514281
-0.125879
-0.256172
-0.326106
-0.739998
-1.158302
-0.990979
-0.908536
-0.671725
-0.806857
-0.950648
-0.684751
0.085368
0.453850
0.725775
0.791412
0.798144
0.451212
0.127235
-0.285408
-0.533371
-0.905535
-1.409259
-1.747226
-2.016619
-2.059880
-2.161495
-1.593175
-0.810483
-0.168004
0.177773
0.474484
0.584886
0.809321
0.896467
1.087916
1.052261
0.734077
0.639213
0.923652
1.306844
0.903886
1.110977
0.858580
0.266628
-0.688600
-1.270384
-0.999860
-0.436792
-0.198968
-0.060246
0.632656
1.199685
1.440306
1.534753
1.495167
1.578674
1.813725
1.452682
0.908292
0.654218
0.909605
0.869352
0.456023
0.481654
0.828638
0.882988
0.913762
1.026366
1.015534
1.039618
0.680884
0.260068
-0.230319
-0.330708
-0.406319
-0.279975
-0.615047
-0.375014
0.051726
-0.049176
-0.028489
-0.223462
-0.455221
-0.699392
-0.951317
-0.968690
-0.656872
-0.793538
-0.687510
-0.644845
-0.338534
-0.043717
0.434342
0.635174
0.567000
0.233630
0.078767
0.247587
0.672346
0.798372
0.304887
0.578433
1.085508
1.237802
1.379753
1.508310
1.412761
1.551973
1.537258
0.951587
0.884107
0.980870
0.414934
-0.333780
-0.617208
-0.730608
-1.272243
-1.931567
-2.600316
-3.550574
-3.710211
-3.424104
-3.054723
-2.901783
-2.236602
-1.648965
-1.183879
-0.691902
-0.166469
-0.210384
0.520828
1.312401
1.164681
1.190547
0.994843
0.800313
0.896842
0.754566
0.280313
0.321399
0.637051
0.930050
0.679513
0.646302
0.482217
0.214749
0.265811
0.765078
1.077841
0.737578
0.838231
0.818315
0.461258
-0.503687
-1.134032
-1.519364
-1.750541
-1.866085
-1.622572
-1.035351
-0.261472
0.466236
1.071865
1.148557
1.291748
1.525663
1.565625
1.743744
1.755737
1.417282
1.139492
0.978354
0.155130
-0.421178
-0.574041
-0.395101
-0.208819
-0.081715
-0.440424
-0.652104
-0.595531
