1.062117
1.604956
1.934925
2.100198
2.080622
2.350227
2.386166
2.667297
2.179930
1.660818
1.904157
2.322515
2.420878
2.316050
2.235692
1.180027
0.984459
1.338101
1.139641
0.784617
0.164685
0.068472
0.364066
0.497609
0.583400
0.616664
0.353562
-0.440366
-0.848116
-0.531581
-0.001183
0.207148
0.965807
0.481787
0.197132
0.136354
0.179878
0.080421
-0.151940
-0.342993
-0.165657
-0.444456
-0.821933
-0.251796
0.184562
0.222085
0.246178
0.148840
-0.354259
-0.777096
-0.322330
0.080983
-0.076872
0.364353
0.314618
-0.148752
-0.090438
0.174616
0.393648
0.147913
0.070413
0.050754
-0.113667
-0.170638
0.190490
0.367696
0.492344
0.066510
-0.053438
0.051278
-0.131015
-0.365710
-1.109756
-1.279369
-1.369475
-0.613680
-0.197382
-0.245850
0.095239
0.502698
0.102684
-0.751976
-1.185445
-0.677955
-0.460886
0.073760
0.306860
0.238610
0.247431
0.128687
-0.495534
-0.289048
0.324660
0.263291
-0.178079
-0.077406
0.195205
0.172313
-0.242837
-0.508840
-0.793541
-0.381421
-0.390857
-0.824944
-1.285788
-1.004736
-0.343822
-0.430105
-0.742358
-1.206747
-1.495738
-1.583789
-1.163027
-1.060186
-1.089100
-0.539977
-0.533820
-0.520643
-0.607048
-0.586326
-0.447189
-0.723174
-0.444646
0.166196
0.286680
0.408502
0.704741
1.493876
1.643670
1.274495
1.417843
1.322648
0.851965
0.365678
0.102839
0.255746
0.086324
-0.041584
0.093354
0.011170
0.131476
0.292962
0.323799
0.960763
0.995852
0.015022
-0.127408
0.079936
0.088438
-0.386863
-0.435195
-0.292958
0.151674
0.254315
0.404558
0.238090
-0.081439
-0.179268
-0.204608
-0.110324
-0.405083
-0.840620
-0.864362
-0.427852
0.245107
0.653913
1.384323
1.151674
0.576534
0.357447
-0.086519
-0.468741
-0.405695
-0.064017
-0.005357
0.104011
0.142338
0.287253
0.971287
1.176645
1.294614
1.181681
0.754241
0.414206
-0.020571
0.296359
0.399270
0.299566
0.078841
0.157508
-0.069195
-0.028419
0.079127
0.392309
0.622380
0.478960
0.471261
0.983110
1.250303
0.943306
0.210889
-0.121918
0.459421
1.260406
1.667336
1.920757
1.470156
0.632624
0.376472
0.406565
0.352482
-0.044776
-0.086792
-0.266331
0.137639
0.296801
-0.013907
-0.333790
-0.359878
-0.270299
-0.581217
-0.838464
-0.983998
-0.597689
0.144796
0.779199
0.554996
-0.620638
-1.514039
-1.511714
-1.295369
-0.531147
0.032391
0.058614
-0.547011
-0.457109
-0.461648
-0.467120
-0.478673
-0.406078
0.070498
-0.126658
-0.982767
-1.214329
-0.966322
-0.071337
0.113033
0.090706
0.015430
0.084202
0.059709
-0.047428
0.085338
0.217473
0.111698
-0.356870
-0.499827
-0.324587
-0.793642
-0.992413
-0.638572
-0.006916
0.267928
0.331822
0.450218
0.486648
0.503367
0.883919
0.848843
1.005495
0.913281
0.597810
0.392864
0.143704
0.216804
0.038704
0.269671
0.613647
0.981927
1.482096
1.310426
0.941863
0.981470
0.966434
1.174023
1.129808
1.562642
1.329282
1.149291
0.446791
0.076604
0.167505
-0.496817
-0.053054
0.485688
0.391767
0.073329
-0.586611
-0.649166
-0.119039
0.290553
0.197352
0.223856
0.287401
0.275313
-0.008299
-0.216735
-0.184925
-0.476002
-1.034892
-1.496530
-1.579750
-1.608332
-1.860094
-1.532661
-1.681797
-2.055081
-1.990127
-1.784022
-1.403816
-1.023822
-0.777239
-0.355340
0.386729
0.458766
0.009295
0.453414
0.840017
0.652883
-0.141253
-0.193691
-0.817959
-1.104282
-0.982555
-0.754971
-0.162889
-0.175449
-0.633771
-0.918884
-1.128000
-1.043372
-0.757711
-0.482448
-0.387073
-0.361175
0.508957
1.242904
1.162818
1.212127
1.228457
0.698741
0.383859
0.371733
0.293657
0.470057
0.359347
0.417546
0.041007
-0.261100
-0.088597
0.103206
-0.080651
-0.384963
-0.519997
-0.346292
-0.078996
0.001061
-0.136017
-0.270140
-0.341019
-0.163509
-0.271529
-0.211220
0.209985
0.149959
-0.569010
-1.003242
-1.376009
-1.134625
-0.737390
-0.391021
-0.356838
-0.298673
-0.122041
-0.192328
0.125868
0.469915
0.718313
0.451474
0.481303
0.468648
-0.112878
-0.271319
0.125197
0.050365
-0.503075
-0.593756
-0.430964
-0.864852
-1.079258
-1.428774
-1.230388
-0.697282
-0.548572
-0.088938
0.066455
-0.596123
-0.932062
-1.185503
-0.405095
-0.330362
-0.260557
-0.224620
-0.398806
-0.645605
-0.806910
-1.146696
-1.274919
-1.171418
-1.036354
-1.106172
-1.161456
-0.432645
0.045974
0.187644
0.445372
0.362651
0.397723
0.154837
-0.180042
-0.831176
-0.619819
-0.581845
-0.011858
-0.167953
-1.130942
-1.078176
-0.831263
-1.069245
-1.346681
-1.039846
-0.532426
-0.217430
-0.686475
-0.429353
0.171472
0.959559
0.859105
0.341913
0.257361
0.237702
0.437704
0.426820
0.389636
0.259743
0.664223
0.618278
0.517798
0.581400
0.889062
1.063319
0.972458
1.392412
1.850562
1.457569
1.063492
1.246627
1.145545
0.743512
0.443552
0.507377
0.443256
1.016340
1.271354
1.400831
1.348494
1.333938
1.116209
0.701894
0.506012
0.555311
0.633866
0.524287
0.972878
1.170226
1.400903
1.171497
1.339295
1.614746
1.687695
1.673877
1.049157
0.062972
-0.736739
-0.951455
-0.880759
-1.321824
-1.850963
-2.318838
-2.491764
-2.164184
-1.367842
-0.364362
0.453519
1.018505
1.190136
1.221894
1.409481
1.847821
1.500903
0.707217
0.610842
0.193739
0.107239
-0.022191
0.311243
-0.031431
-0.614178
-0.343848
-0.330489
0.021856
-0.345907
-0.736412
-0.540452
-0.388658
0.060124
0.347949
0.892901
0.928841
0.849347
0.661625
0.584941
0.769308
0.974441
0.840670
0.634445
1.018207
0.446615
-0.229305
-0.378201
-0.077990
0.254109
-0.103005
0.058759
0.149843
0.144323
0.871060
1.022424
1.313995
1.062945
0.845727
1.313579
1.715150
1.206566
0.841779
1.026062
1.503614
1.332533
0.803635
0.472115
0.790069
0.423589
-0.374962
-0.964100
-1.212623
-0.876160
0.022110
0.077459
-0.179769
-0.628837
-0.788888
-0.626861
-0.484858
-0.427964
-0.659727
-0.233248
-0.290524
-0.514484
-0.425166
-0.095982
0.167789
-0.434573
-0.662538
-0.599897
-0.862565
-1.037665
-0.590360
-0.446017
-0.900487
-1.194308
-1.101930
-1.244073
-1.255653
-2.168542
-2.239687
-1.513902
-0.639893
0.215509
0.362625
0.300840
0.655403
0.843019
1.230789
1.234246
0.776026
0.188616
0.124508
0.282123
0.157878
0.061098
-0.247062
-0.577593
-0.954588
-1.109419
-0.967895
-1.109116
-0.964765
-0.472171
-0.517900
-0.935099
-1.139970
-1.138575
-0.282025
-0.257181
-0.261815
-0.368253
-0.711817
-1.505314
-1.335405
-1.489482
-1.655233
-1.245817
-1.054005
-0.344754
-0.345064
-0.008449
0.292561
1.037290
1.305677
0.967184
0.308115
0.272450
0.907011
1.789111
1.576247
0.615051
0.171841
0.600821
1.123057
0.660612
0.390175
0.386247
1.496694
2.216154
2.144268
2.211284
2.565258
2.547092
2.812241
2.263293
1.818482
1.476013
1.216193
1.453699
1.794460
1.718261
1.595086
1.126640
0.572522
0.692163
0.846202
0.931567
0.980971
1.082177
1.282591
1.989303
2.556499
2.719079
2.792941
2.215204
1.431246
1.187657
1.199383
1.485243
1.761618
1.504826
0.630609
-0.077497
-0.509869
-0.387927
-0.491755
-0.649659
-1.292494
-1.288748
-1.611740
-1.121085
-0.660806
0.092188
-0.183042
-0.276800
0.530072
1.375736
1.210420
0.394626
-0.750075
-1.443439
-1.871665
-2.312856
-2.062638
-1.491449
-1.587642
-2.252404
-2.771836
-2.615237
-2.418714
-2.649426
-2.887431
-2.987743
-1.993091
-1.615020
-1.772876
-1.972184
-1.845305
-1.483767
-1.368951
-0.953152
-1.163697
-2.053222
-2.407897
-3.206537
-3.484039
-2.796967
-2.050875
-1.064102
-0.107299
0.204884
0.080288
-0.810301
-1.503530
-2.127538
-2.479550
-2.050426
-1.621198
-1.143729
-0.795993
-0.046099
-0.655742
-1.475566
-1.489753
-1.033602
-0.232270
0.321948
0.411364
0.094546
0.012053
-0.105303
-0.127821
0.048386
0.196915
0.171737
0.292720
0.309065
0.193774
-0.123643
-0.385912
-0.226234
0.264306
1.146639
1.839418
1.705661
0.949369
0.025438
-0.129385
0.272131
0.879484
1.130550
0.744030
0.603467
0.301772
-0.164788
-0.829968
-1.491073
-1.428351
-1.188786
-1.248956
-1.471656
-1.462843
-1.904569
-1.689825
-0.391824
-0.253349
-1.031295
-0.825540
-0.435370
-0.188810
-0.006836
0.311551
-0.016876
-0.406381
0.317728
0.748837
0.919178
0.333684
-0.070995
0.171923
0.831536
0.942955
1.175694
1.551004
1.601324
1.996893
2.097208
1.844197
1.871086
1.764138
1.711446
1.816176
1.681973
1.391341
0.968072
1.033260
0.738052
0.472559
0.138137
-0.083757
-0.317311
-0.583999
-0.978941
-1.336075
-1.400225
-2.283417
-2.544187
-2.378115
-2.200241
-1.280593
-0.778991
-1.025189
-1.127881
-0.917432
-0.851841
-1.116006
-1.331574
-1.773424
-2.187689
-2.572964
-2.541246
-2.205889
-1.729916
-1.385826
-0.763630
-0.127710
0.402292
0.175924
-0.105472
-0.388312
-0.082208
0.425096
0.636342
0.554275
0.468503
0.318587
0.639413
1.163988
1.304330
1.413608
1.243047
1.293305
1.355705
0.837032
0.538509
0.298881
0.176253
0.169820
0.189221
0.327276
0.191724
0.658336
0.889233
1.050305
0.841843
0.236634
0.006268
0.471494
0.559257
0.243834
0.211926
0.245530
-0.314192
-0.522276
-0.468589
-0.877666
-0.717499
-0.995807
-1.544951
-1.749005
-1.538399
-1.395036
-1.177700
-1.540244
-1.610469
-0.970865
-0.338324
0.087273
0.094863
-0.265446
-0.319337
-0.463896
-0.458700
0.061200
0.547106
0.206758
0.603843
0.816911
0.516650
0.240286
-0.038068
-0.199900
-0.220239
-0.327378
-0.501682
-0.789958
-0.450214
0.142810
0.229304
-0.408230
-0.669176
-0.672371
-0.707087
-1.022836
-1.103442
-1.274852
-1.413366
-1.469298
-1.513237
-0.896327
-0.621267
-0.053473
0.624382
0.793504
0.296500
-0.062185
-0.075429
-0.072855
-0.090820
-0.464921
-0.020753
-0.330654
-0.633745
-0.747668
-0.609291
-0.308299
0.006386
0.079122
0.445608
0.076350
-0.132217
-0.158406
0.187582
0.438514
0.461948
0.400973
0.702095
0.600725
0.881558
1.572190
2.114318
2.220572
1.430259
0.955481
0.495100
-0.122194
-0.514928
-1.111750
-0.872517
-0.934544
-1.230339
-1.483313
-1.497751
-1.257944
-1.087943
-1.462652
-1.289952
-0.867735
-1.028697
-0.232387
0.991484
0.937501
1.039026
0.743822
0.706981
0.643797
0.556931
0.156658
0.128567
0.180583
-0.459073
-0.537227
-0.820198
-0.821006
-0.379972
-0.098370
0.360018
0.221179
0.264411
0.896746
1.068441
1.368670
1.639107
1.561590
1.466680
1.030804
0.642893
0.684895
1.269635
1.308693
1.679929
1.895070
1.606317
1.076088
0.151007
-0.207084
-0.201172
-0.019892
0.420934
