-1.504425
-1.889316
-1.829989
-1.492437
-0.889379
-0.878688
-1.056470
-1.035526
-1.017072
-0.818624
-1.034660
-1.727341
-2.062325
-2.149885
-2.010030
-1.621194
-1.365495
-1.079602
-1.031798
-0.697184
-0.988081
-0.652437
-0.620848
-0.926415
-1.063864
-1.242626
-0.422740
-0.029535
0.676838
0.727331
-0.082762
-0.536665
-0.751711
-0.522979
-1.164461
-1.213430
-1.176349
-0.843323
-0.823961
-0.773338
-0.632486
-0.237380
0.283782
-0.081150
0.065865
0.096098
0.115509
0.243676
0.044900
0.529519
0.481754
-0.227185
-0.355390
-0.412028
-0.245529
-0.000145
-0.158724
-0.357312
-0.591967
-0.582370
-0.850376
-0.455086
0.236711
0.602968
0.276206
0.628592
0.729021
-0.025182
-0.329401
-0.040495
0.018197
0.448816
1.087716
1.570856
0.879635
0.250054
-0.447432
-0.072313
0.203529
-0.083784
-0.201601
-0.065908
0.821169
0.815968
0.165561
0.391768
0.786168
0.113479
-0.499127
-0.595826
-0.064857
0.101508
-0.231339
-0.280784
-0.015655
-0.344603
-0.124960
-0.143404
-0.066824
0.131979
-0.096440
-0.382976
0.228001
0.909184
0.742461
0.348123
0.260886
0.191368
0.971635
1.010745
0.365602
0.501398
0.633667
0.715561
0.280150
-0.718365
-0.508867
0.121483
0.464946
0.891785
0.588733
0.160808
-0.440060
-0.773204
-0.675102
-0.783521
-0.545873
-0.530804
-1.032868
-1.123741
-0.597116
-0.261682
-0.225731
-0.821086
-0.415143
0.534347
0.603411
0.293784
-0.012676
-0.286467
-0.600666
-0.678136
-1.271008
-1.584153
-1.141673
-0.692480
-0.189523
-0.435621
-1.047476
-1.432463
-1.058241
-0.941624
-0.376813
-0.294116
-0.789761
-0.306171
0.258643
0.386397
0.365981
0.443963
1.032781
1.505133
1.486004
1.427598
0.937934
0.029869
0.001666
0.227366
0.382704
0.205159
0.055054
0.161267
0.004465
-0.132381
-0.290663
-0.202544
-0.378235
-0.467042
-0.947790
-1.609640
-1.725231
-1.816221
-0.925209
-0.580450
-0.722162
-0.879954
-0.592484
-0.259674
0.384749
0.653695
0.882149
1.120566
0.587483
0.428684
0.408508
0.498499
0.697860
0.698121
0.501284
0.667078
1.109846
1.049298
0.280253
-0.311830
-0.604706
-0.610156
-0.562097
0.206123
0.827054
0.854361
0.606228
0.701333
0.872034
0.517752
-0.190652
-0.475578
-0.105175
0.257856
0.653020
0.522672
0.066599
-0.140665
-1.081208
-2.214970
-3.061741
-2.755160
-1.491796
-0.378326
-0.065263
-0.064394
-0.094645
-0.301149
-0.467868
-0.860893
-0.525576
-0.042013
0.157873
0.358010
0.554267
-0.417080
-0.858401
-0.602073
-0.254918
0.385803
0.584637
0.477408
0.413303
0.395314
0.340724
0.605745
0.173876
-0.322546
-0.422147
-0.934393
-0.815079
-0.370366
-0.280989
-0.348390
-0.311144
0.150474
-0.183165
-0.705082
-1.101340
-0.430127
-0.131225
-0.308445
-0.090416
0.216195
0.192002
-0.092913
0.038355
0.195309
0.234721
0.241550
0.093877
0.154939
-0.072134
-0.001563
-0.117990
-0.334731
-0.680623
-0.564431
-0.326955
-0.135521
-0.174858
-0.414010
-0.272873
0.774528
1.248216
1.300931
1.205184
1.070845
0.539648
0.897188
0.504968
0.018167
-0.238399
-0.564548
-0.408377
-0.596943
-0.470485
-0.133427
0.094503
0.144688
0.134949
0.320602
0.565828
1.001556
1.386770
1.968342
2.214080
2.146044
1.710880
1.510028
1.570414
2.071981
2.186423
2.444321
2.403641
2.089211
1.983279
1.359714
0.876415
0.851546
0.703015
1.166113
0.903219
0.389428
0.238654
0.010955
-0.235832
-0.120098
0.059314
-0.049182
-0.484524
-0.628229
-0.638348
-0.183340
0.616798
0.860449
0.722063
0.538051
0.552244
0.215933
0.235792
0.316097
0.081132
0.427736
0.261900
0.279124
0.473073
0.837073
1.241468
0.972998
0.699951
0.197611
0.038936
0.560837
1.142723
1.075134
0.610950
0.053711
-0.191473
0.320460
0.667006
0.263641
-0.082988
-0.193432
-0.301494
0.262138
0.816287
0.728251
0.157108
-0.327805
-0.376167
0.075408
0.755402
1.071757
0.855111
0.759988
0.830431
0.445858
0.287157
0.840578
1.196082
0.831733
0.488192
0.480665
0.676844
0.289706
0.074008
0.428675
0.507653
0.418030
0.565336
0.740150
0.462564
-0.229553
-0.578119
-0.339735
0.202940
0.155194
-0.446138
-0.533899
-0.165628
-0.038373
0.461666
1.221847
1.221181
1.847871
2.115732
1.759834
1.582213
1.856029
1.658189
1.321655
1.460025
1.767845
1.646698
1.755519
1.904832
1.242568
0.385787
-0.262473
-0.560464
-0.352813
-0.006319
0.022965
0.239408
0.591338
0.479866
0.443586
0.474181
-0.098450
-0.019658
0.031774
0.074288
-0.346509
-0.329648
-0.143058
-0.102416
-0.309271
-0.674200
-0.436424
-0.435832
-0.985630
-1.385557
-1.879761
-1.675701
-0.916429
-0.520133
-0.975685
-0.777883
-1.014414
-1.735760
-1.823076
-1.446888
-1.320270
-1.062433
-1.228717
-1.917687
-2.403952
-2.273299
-1.905132
-2.015237
-1.919477
-2.184228
-2.471234
-1.761125
-1.178614
-0.922590
-1.800578
-2.164205
-2.164306
-2.264378
-2.512109
-2.728437
-2.285237
-1.793691
-1.538350
-1.498629
-1.023204
-1.525659
-1.576325
-1.417322
-0.816328
-0.998122
-1.480648
-1.880464
-2.234747
-2.037423
-1.714412
-1.272554
-1.089569
-0.230695
0.649529
1.119459
1.107219
1.553685
1.414359
0.851901
0.667209
0.237268
-0.549801
-0.920939
-0.989185
-0.962635
-0.812459
-0.663889
-0.115020
0.069779
0.404264
0.482375
0.619253
0.511944
0.160866
-0.111182
-0.372115
-0.153283
0.064051
-0.064199
0.259207
0.356733
-0.105115
-0.812158
-0.861706
-0.833340
-0.804370
-0.775414
-0.634908
-1.198295
-1.258058
-1.315016
-1.356315
-1.258592
-0.806038
-0.497847
-0.339671
0.149643
0.029678
0.062932
-0.082638
0.042777
-0.034467
-0.786379
-0.586273
-1.034619
-1.530387
-0.885345
-0.264354
-0.850491
-0.887693
-0.563139
0.058962
-0.028375
-0.294070
-0.529020
-0.253717
0.354034
0.086929
-0.069030
0.463007
1.267646
1.413739
0.800446
0.448676
0.137519
-0.023450
0.389019
0.646940
0.104845
-0.386370
-0.890675
-0.842810
-0.409820
-0.271771
0.098264
0.333960
0.405924
0.052503
-0.352739
-0.632372
-0.611548
-0.147936
0.463655
0.939271
0.681985
0.386147
0.227558
0.610623
1.302689
1.186235
0.969203
1.677673
1.619384
1.174399
0.022342
-0.320330
-0.615951
-0.050047
-0.384101
-0.850641
-0.950350
-0.535429
0.125218
-0.141486
-0.403756
-0.689908
-0.789005
-0.246240
0.332785
0.478613
0.380433
-0.159490
-0.663164
-0.360763
-0.243452
0.360024
0.735313
0.812318
0.646245
0.025624
-0.317130
-0.090542
-0.092253
-0.180032
-0.250271
-0.064293
0.482701
0.769690
0.431590
0.351355
0.094768
0.047499
-0.159326
-0.918966
-1.294145
-1.313851
-1.100694
-0.961221
-0.667959
-0.697701
-1.011734
-1.333882
-1.709988
-1.656060
-2.219787
-2.489784
-1.863455
-0.997606
-1.008926
-1.424226
-1.973545
-1.810142
-1.662496
-2.226160
-2.560759
-2.577325
-2.161234
-1.572595
-0.900052
0.060280
0.265176
-0.160138
-0.297682
-0.564640
-0.457352
-0.628250
-0.660492
-0.561054
-0.226333
0.050026
-0.325345
-0.452387
-1.120261
-1.995809
-2.362252
-2.024523
-2.171751
-2.016472
-1.615147
-1.399271
-1.389823
-1.568602
-1.342886
-1.343212
-0.604570
-0.143242
0.538232
0.430916
0.142724
0.221066
0.733955
1.354634
1.710126
1.485754
0.824732
-0.012595
-0.231320
-0.101296
-0.276485
-0.623956
-0.547539
0.033617
1.381600
2.060391
1.715369
1.153372
0.938812
1.189363
1.524940
2.637927
4.072522
4.198693
3.120604
2.319011
2.128425
1.842039
1.818066
1.710587
1.587470
1.835878
1.522908
2.018799
1.901694
1.616990
1.034191
0.727624
0.649441
1.037846
1.432046
1.779930
2.176560
1.941767
1.684838
1.732836
1.840005
1.740118
1.182756
0.885560
0.806330
0.945546
1.292341
1.471475
1.750680
1.940739
2.274808
2.026371
1.395290
0.319812
-0.478564
-0.446195
0.036973
0.401443
0.542561
1.066734
1.460729
0.779435
0.489987
0.263130
-0.053563
-0.455570
-0.550473
-0.394082
0.222930
0.559179
0.335679
-0.399444
-0.666570
-0.362182
0.266906
0.966509
1.253902
0.752107
0.209583
-0.414417
-0.107131
0.403377
0.779028
1.230433
1.108751
1.602745
1.858847
1.227656
0.765006
0.999748
1.215538
1.272697
0.828058
0.428803
0.130271
0.533274
0.696052
0.390678
0.381735
-0.091365
-0.248000
-0.100468
-0.003163
-0.039474
0.307871
0.031972
-0.028631
0.472622
1.083503
1.405356
0.874394
-0.173511
-1.316092
-2.306475
-2.401995
-2.115609
-1.494101
-1.264731
-0.939770
-0.774732
-0.071622
0.848053
0.818386
0.479434
0.121854
-0.322566
-0.538549
-0.806923
-0.572561
-0.346566
0.265870
1.395720
1.728804
2.087073
2.200847
1.785180
1.710317
1.441536
0.740545
-0.089729
-0.492607
-0.164237
0.211892
0.469297
0.666561
0.904007
0.340431
0.212223
0.105317
-0.074671
-0.009012
-0.450819
-0.585726
-0.703148
-0.603930
0.237256
0.672575
0.444844
0.423535
0.671174
0.462204
-0.398454
-0.259008
-0.534686
-1.067611
-0.809122
-0.798607
-0.686561
-0.805087
-0.116203
-0.076715
-0.233010
-0.030187
-0.063113
-0.050617
-0.563581
-1.394044
-1.375392
-0.437857
0.481760
0.444563
0.426040
0.146721
-0.436421
-0.924038
-0.488915
-0.526198
-1.072181
-1.322165
-0.935822
-0.084413
0.497537
0.741914
1.195335
1.687978
1.604332
1.790222
2.174081
1.807235
1.561660
0.851869
0.409275
1.355616
2.126345
2.434182
2.324986
1.843643
1.231029
0.735163
0.487206
0.163136
0.371881
-0.240099
-0.466305
-0.121816
-0.010473
-0.254982
0.119791
0.720389
1.114805
0.571276
-0.066859
0.257886
0.118518
0.297447
0.159986
-0.185479
0.090780
-0.009718
-0.218935
-0.220502
-0.249479
0.115835
0.461999
0.322887
0.418877
0.579376
-0.072698
-0.192347
-0.381862
-0.338550
-0.413143
-0.070311
0.147981
0.063547
0.466018
0.881234
0.662214
0.978505
1.336371
1.086684
1.047016
1.163842
1.274305
1.312277
1.154689
1.214300
1.096435
0.798924
0.425315
0.197639
-0.346865
-0.554808
-0.328345
-0.585054
-0.960124
-1.449962
-1.021095
-1.498548
-2.298163
-2.832246
-2.025037
-0.760030
-0.513257
-0.388865
-0.292149
0.465453
1.070341
1.225928
0.988615
1.197872
0.773161
0.141073
0.279070
0.802424
0.527442
0.042322
-0.293936
-0.272083
-0.731023
-1.600822
-1.520030
-0.935617
-0.965299
-1.015203
0.357810
1.274757
1.252124
1.085429
1.184655
1.325196
1.098297
0.896140
0.017096
-0.992424
-1.037272
-0.738003
-1.115307
-1.224607
-1.291834
-1.258398
-1.248210
-1.308530
-0.558777
-0.292260
-0.394180
-0.357309
-0.711475
-0.473435
-0.587472
-1.240438
-1.062963
0.160407
0.657557
0.990791
0.791960
0.111796
-0.773505
