0.486541
0.457124
0.571809
-0.261349
0.220248
-0.281801
1.519187
1.235611
1.422462
1.250516
1.056279
1.416782
1.246151
0.818477
0.673142
0.317031
-0.065925
0.624904
0.268313
0.299298
-0.362775
1.050148
0.243955
1.110974
1.679014
1.059296
0.964577
1.015964
0.864046
0.946927
0.432364
-0.386586
0.265400
0.247595
0.033225
-0.136618
-0.261758
-1.716305
-1.322424
-0.901782
-0.398505
0.272484
-0.020058
-0.486759
0.018693
-0.072597
-0.018041
0.432030
0.952451
1.303781
0.377301
0.875705
0.128974
-0.052751
-0.018788
-0.454854
-0.262334
0.155579
-0.687724
0.059339
0.238733
0.326626
0.201068
0.320331
-0.088529
-0.451455
-0.115417
-1.275497
-0.212112
-0.178075
0.374600
-0.182876
-1.190699
-0.400239
-0.079126
0.035391
-0.440324
-0.551652
0.387925
0.668656
-0.051680
0.489606
-0.108719
0.614510
0.041308
0.442948
0.928790
0.912004
1.077490
1.465376
0.544497
-0.533632
-0.604938
-0.655066
-0.428445
-0.545893
-1.129831
-1.096425
-0.190662
0.277705
1.497295
1.354414
1.577238
0.449103
0.810958
0.564800
0.050746
-0.473063
-0.824029
-0.298022
-0.554193
-0.653538
-1.158007
-1.019689
-1.125122
-0.212822
-0.576022
-0.172156
-0.276534
-0.397603
-0.058455
0.251819
0.719470
1.694874
1.858203
1.663911
1.208538
0.736325
0.571586
-0.527540
-0.112223
-0.826450
-0.559444
-0.954342
-0.690952
-1.169569
-0.980648
-0.026425
0.267029
0.704516
0.530902
0.086196
-0.409841
-0.463698
-0.924942
-0.179315
-1.185242
-0.504018
0.292433
0.932821
0.138055
0.160578
0.127004
0.616831
0.411457
-0.018323
0.501423
0.663535
0.097007
-0.547259
-0.286251
-0.734342
0.130065
-0.418851
0.168276
-1.219351
-0.358934
0.532062
0.405519
0.442347
-0.130789
-0.605752
-0.636416
-0.519054
-0.676345
-0.705513
-0.805882
-0.712210
-1.515078
-1.020033
-1.414171
-0.885695
-0.554619
-0.139699
-0.010784
0.276997
-0.463885
-1.375621
-0.884796
-0.537879
0.215891
1.242629
1.464204
0.517972
0.747715
0.853907
1.622650
1.387486
0.967117
0.812612
1.854647
2.744467
2.499248
2.286481
2.181020
2.462573
2.562198
3.270758
2.738607
3.276000
2.531552
3.058334
2.704721
3.374267
3.025765
2.880770
2.701613
2.527111
1.900751
1.042490
0.459432
-0.022910
-0.501190
-0.661951
-0.516355
-1.071624
-0.685871
-0.666266
0.229855
-0.087693
0.666039
0.255195
0.469940
0.355436
-0.109804
0.174547
-0.506522
-0.782150
-1.270310
-1.014317
-1.414130
-0.731222
-1.510244
0.167221
0.042527
0.700064
0.661458
0.083750
0.438561
0.231869
-0.642959
-1.577917
-1.404958
-0.991563
-0.659637
-1.028267
-1.473207
-1.550618
-0.539072
-0.698930
-0.194679
-0.852328
0.008168
0.266220
0.179404
-0.099088
-0.182018
-0.547936
-0.496776
-0.014490
-0.154901
-0.261963
-0.905905
-0.450966
-0.464553
-0.159052
-0.951502
-0.910017
-1.333337
-1.560910
-0.782923
-0.618173
-0.619638
-1.045184
-0.835037
-1.586295
-1.840889
-1.813351
-1.858355
-2.414939
-2.100264
-2.725952
-2.243937
-2.668530
-2.368905
-1.566407
-0.609482
-0.875774
-1.033953
-1.460527
-2.003932
-1.905813
-2.088015
-1.601155
-1.899284
-1.738201
-1.471441
-0.736556
-0.958814
-0.208254
-0.089157
0.026735
-0.188419
-0.097237
-0.058951
-0.125364
-0.470920
-0.596377
0.217395
0.636432
1.858291
0.733118
1.133725
0.629615
1.195073
0.486975
0.718166
0.456123
1.065724
1.642590
2.112998
1.942340
1.471429
2.060693
1.674455
1.481706
1.168626
1.772020
1.583506
1.359637
1.074121
0.652365
-0.533719
-0.796666
-1.832991
-1.145658
-0.399793
-0.070376
0.058895
0.110804
0.123534
-0.824966
-0.401854
-1.196163
-0.825750
-1.137491
-0.598103
-1.114192
-0.350924
-0.087197
0.021150
0.313537
-0.313279
-0.460099
-0.650087
0.403059
0.152302
-0.354804
-1.051721
-0.720861
-1.341087
0.201011
0.408190
0.699071
0.604622
-0.412688
-0.759358
-0.929862
-1.317525
-1.306362
-1.209776
-0.977257
-0.088531
-0.967203
0.495027
0.043900
0.576346
-0.162836
-1.012631
-0.430693
-0.215878
-0.931250
-0.574862
-0.334706
-0.002448
0.290984
0.933541
1.564321
1.060222
0.971189
0.183785
0.467464
-0.411223
0.390909
-0.387083
-0.466876
-0.215432
-0.370944
-0.368462
-0.160797
0.774113
0.738402
1.389997
1.568852
1.379899
0.291819
-0.008371
-1.247823
-1.162461
-1.664065
-0.315616
-0.138858
-0.197362
0.504759
0.786326
1.039240
1.544538
1.477718
1.045508
1.900555
1.654998
1.534431
1.080358
0.938251
0.271617
0.335470
0.092675
-0.023674
0.444774
0.592558
0.225427
-0.189951
-0.791577
-0.452388
-0.193658
-0.873483
-0.252805
-0.420037
0.777175
0.599643
0.984223
0.446921
0.566074
0.638303
0.356821
0.966163
0.946301
0.899578
1.163741
0.546933
0.656439
0.015923
-0.508668
0.748149
-0.401350
-0.645622
-1.200555
-0.230215
-0.415913
0.026455
0.891602
1.708999
1.505698
0.615214
0.566123
0.343514
-0.476922
-1.021145
-1.124277
-1.431685
-0.960930
-1.552645
-0.541224
-0.574968
-0.063271
0.060358
0.121235
-1.091002
-0.944762
-0.140755
-0.472490
-0.286609
-0.233658
-0.151442
0.251808
1.693618
1.134528
1.230232
1.040656
1.657574
1.025155
0.747420
0.675641
0.415241
0.562624
-0.157094
-0.079115
-0.203808
0.481292
0.344257
0.332076
-0.715236
0.530049
0.460230
0.900499
-0.052217
0.159027
-0.359249
-0.705705
-0.392121
0.107648
-0.468739
-0.556400
-0.800324
-0.931525
-1.425085
-1.915631
-0.596293
-0.815396
0.281835
-0.117359
0.448033
0.278321
-0.229895
-0.516232
-0.565996
-0.905064
-1.747826
-0.984353
-0.558407
0.109495
-0.242346
-0.282738
-1.039484
-0.655632
-1.008198
-0.716697
-0.938880
-0.557313
-0.136861
-0.376337
-0.735142
-1.168516
-0.862616
0.087593
0.315680
-0.082954
0.813147
1.044488
0.980664
0.491140
0.589504
-0.756167
-0.016360
-0.052470
-0.557483
-0.026961
-0.048182
0.465000
0.720501
0.200002
0.074918
0.064605
-0.558194
-0.315692
-1.148073
-1.037430
-1.967021
-1.210614
-0.863428
-0.240103
-0.154767
0.350367
0.826531
-0.119265
-1.371551
-1.806947
-1.176506
-0.979967
-0.142522
-0.492672
0.070703
-0.555466
0.108447
-0.284367
-0.352204
-0.504647
0.501554
1.513652
1.835656
1.653875
1.648769
1.551650
1.168383
0.841625
0.728014
1.146456
0.544771
0.591760
-0.123059
0.706498
0.944206
0.950690
0.823092
0.694367
1.032893
-0.147690
0.177858
0.550010
1.707664
1.271553
0.409440
-1.212946
-1.171978
-1.210165
-0.116677
-0.723630
-0.510170
0.219511
0.101268
0.252177
0.732484
0.555274
0.194379
1.071752
0.922132
0.906199
0.242834
0.442213
0.034557
0.503828
-0.110935
0.068218
-0.387283
-0.506321
-1.122553
-1.045691
-1.022051
-0.848190
-0.643326
-1.048251
-0.405507
-0.230506
0.928784
0.760844
-0.054309
-0.887518
-0.900761
-1.349677
-1.427315
-1.781741
-1.461989
-0.675878
-0.317590
-0.156524
0.555620
0.553320
0.109016
0.588255
-0.060430
0.501979
0.146297
0.211926
-0.452643
0.113246
-0.538373
-0.164288
-0.510396
-0.182224
-0.264384
-0.457420
-0.003875
-0.587194
-0.994638
-0.547415
0.106264
-0.077305
0.362601
-0.209732
0.490926
0.174119
0.598059
0.547459
0.454914
0.713017
1.067873
1.055092
0.211442
-0.337957
0.210716
0.868649
0.430478
0.807880
0.503585
0.936448
0.514982
0.501947
-0.425715
-0.554058
0.706689
1.145828
1.131286
1.322419
0.839790
0.314846
0.971304
0.609282
0.035821
-0.755612
0.190892
-0.623713
0.248714
-0.461614
-0.121050
0.066790
0.876765
0.755104
0.054456
-0.258274
0.155229
0.678468
0.055354
-0.046867
-0.006220
0.608961
0.652248
1.775368
0.645490
0.899300
0.324591
0.588824
0.379234
0.051803
-0.826975
-1.625656
-1.128074
-0.858075
0.060861
-0.246799
-0.155068
-0.677508
-0.002696
-0.246387
-0.166211
-0.446722
-0.709727
-0.895779
-0.751223
-0.453634
-0.486593
-0.094501
-0.083162
-0.326578
-0.176966
0.770251
0.752949
0.634139
-0.328211
0.335725
-0.456034
-0.577583
-0.808064
-0.445999
-0.144196
-0.761796
-0.543741
0.119206
0.162454
-0.561656
-0.879583
-1.552343
-0.595426
-0.978514
-0.680954
-0.599087
-0.342760
-1.318326
-0.568924
0.030627
-0.030845
-0.126466
-1.333217
-1.778161
-1.346643
-0.281602
0.328974
-0.001679
-1.035487
-0.864812
-0.687986
-0.077524
-0.833941
-1.497901
-2.037702
-1.546749
-0.334296
-0.008258
0.101122
0.514639
0.693472
0.457238
1.162856
0.301944
-0.148240
-0.431102
-0.257627
-0.662868
0.382235
0.937640
1.778983
2.157158
2.009633
1.590919
1.209997
1.016889
0.594552
0.730730
1.077074
1.498071
1.216195
2.112654
1.555205
1.857512
0.747223
0.859601
0.465041
-0.569447
-0.673853
-0.240567
-0.037221
0.269304
0.291701
-0.136441
0.201415
0.122841
0.617402
0.623431
1.428324
0.815085
1.250576
0.719451
0.237816
0.109149
0.324086
1.082397
0.886564
0.444838
0.558459
1.098994
0.956573
0.924344
0.166278
0.545655
0.172299
0.125319
-0.217836
1.169976
1.609813
2.323715
2.669145
2.601200
3.127985
3.198814
2.676926
2.323930
2.155582
1.281913
1.543485
1.313437
1.233173
0.370458
0.167717
0.021557
0.061449
0.030172
0.201801
0.234658
0.037458
-0.383933
-0.904947
-0.389313
-1.038275
-0.803370
-1.105894
-0.854781
-1.377081
-1.166854
-2.014096
-1.885932
-2.497521
-2.134406
-2.276285
-2.627086
-2.401444
-2.652657
-1.943970
-1.884174
-0.907135
-1.460131
-1.490700
-1.831798
-0.640634
-0.857638
-0.427622
-0.563271
-0.629853
-0.284540
-0.717450
-1.454097
-1.653576
-1.910157
-2.036031
-2.235409
-2.095206
-0.731561
-0.836479
0.261639
0.058068
0.871302
0.981469
1.257439
1.252579
0.974528
0.764455
0.451499
1.318616
1.246674
1.352944
1.501793
1.444206
1.445916
1.755853
0.827301
1.395208
0.508251
0.814727
0.818162
0.573413
0.913180
0.824396
0.944588
0.697624
1.306154
0.698788
1.193661
0.774000
0.706968
0.617389
0.619429
-0.026817
0.656998
0.500460
0.740552
0.633305
0.233032
0.301989
-0.172781
0.015132
0.176389
0.175681
1.053271
0.365260
0.907406
0.790638
-0.409872
-0.132007
-1.516964
-0.470717
-0.851401
-0.690754
-0.854652
-1.129842
-1.411217
-1.798511
-2.426840
-1.665221
-1.053176
-1.884438
-2.086058
-2.644528
-2.025680
-2.023455
-1.587478
-2.113924
-1.446424
-1.399459
-1.909038
-1.375813
-1.090850
-0.944627
-0.818250
-0.545528
-0.298938
-0.218738
-0.629290
-0.440423
-1.051124
-0.406397
-0.967619
-0.344010
-1.212877
-0.956213
-0.336129
-0.403322
-0.766128
-0.845721
-1.043469
-0.014949
0.306776
-0.040856
-0.207741
-1.039282
0.203596
-0.375971
