-1.419887
-1.315042
-1.777658
-1.733198
-2.330042
-2.088885
-2.748902
-2.966959
-2.766872
-2.068640
-2.180051
-1.858307
-1.388333
-0.843847
-0.554009
-0.866572
-0.506258
-0.853101
-0.574249
-1.226661
-1.554290
-0.341083
-0.817652
-1.312237
-0.874863
-1.144176
-0.914580
-0.724710
-1.268400
-0.974483
0.027148
-0.262006
-0.156845
0.036174
0.017587
0.188415
0.720576
1.568508
0.769402
0.582746
-0.350455
-0.132899
0.113399
0.603439
0.420516
-0.011968
0.068739
-0.004805
-0.247374
0.110426
0.744233
0.311635
0.478641
0.008510
-0.270498
-0.515239
-1.535600
-1.858021
-1.619184
-0.247472
-0.372026
-0.410981
0.381511
0.730575
1.511802
2.137573
1.947056
2.060419
1.695287
1.529405
0.779907
1.628876
1.920386
0.313650
0.479185
0.378454
0.164424
0.039150
1.161882
0.441846
0.644326
0.699157
0.922826
0.618578
-0.420759
-1.109213
-0.844359
-0.973522
-0.760277
-0.978476
-0.680594
0.453841
0.349254
0.047926
-0.062833
0.735470
0.621933
-0.039225
-0.908383
-1.501655
-1.450284
-1.492623
-1.467742
-0.833342
-1.094265
-0.363930
-0.058944
-0.217477
-0.060390
0.338343
0.164581
-0.172303
0.626969
0.543094
0.093691
-0.448099
-0.753614
-1.322632
-0.750163
-0.318362
-0.392106
-0.266680
-0.646494
-0.972829
-0.318056
-0.098355
-0.284146
-0.260318
-0.126030
0.882006
0.910898
0.672763
0.746400
0.761319
0.382789
0.722347
0.394740
-0.205970
-1.241964
-0.941176
-0.486405
-0.324484
0.118898
0.408942
0.901691
0.741018
0.594425
-0.118241
-0.584185
-0.901541
-1.037298
-0.870298
-0.439065
0.177244
0.173285
0.216804
0.031580
0.673299
1.157034
1.294808
1.041846
1.433415
1.531556
1.272781
0.688983
0.779599
-0.509726
-1.544373
-2.275915
-2.477221
-2.083365
-1.494096
-1.106007
-0.400918
-0.020158
0.163252
1.694570
2.126004
2.451899
2.097130
1.879142
1.805717
1.877966
0.991032
0.677696
-0.014540
0.572635
1.714827
1.378219
1.041290
1.595319
1.089073
0.084000
1.064192
0.181917
-0.256040
-0.622695
-0.304006
-0.202729
-0.617165
-0.774189
-1.000061
-0.829540
-0.974750
-0.738540
-0.515069
-0.637403
-0.710077
-0.317572
-0.504985
-0.666300
-0.153747
0.031213
-0.352735
-0.075749
-0.151648
-0.143567
-0.336640
0.414538
0.670360
0.335822
0.195821
-0.367933
-1.101623
-0.814680
-0.185055
-0.771909
-0.725242
-1.971884
-1.615524
-1.653476
-1.240532
-0.637250
0.020517
0.598147
0.914652
1.234382
0.795938
1.494026
1.468762
1.684258
1.666938
1.546238
0.512741
0.063584
-0.062215
-0.571851
0.054130
-0.090534
-0.360830
0.070149
1.017459
0.978714
0.643169
1.288991
2.001443
2.252813
2.156450
1.620233
0.856568
0.302259
-0.460258
-1.270521
-1.055754
-1.377685
-2.489520
-2.655083
-2.632868
-2.785940
-2.673163
-2.186368
-1.990918
-1.950206
-2.134815
-2.022566
-1.665271
-0.995734
-0.603383
-0.205472
0.118442
0.046958
-0.566429
-0.018830
-0.515708
-0.595754
0.130800
0.173200
1.592790
1.196165
1.816460
1.557797
1.409816
1.725017
2.133008
1.902878
0.524928
0.889298
0.917756
1.316832
1.375816
1.984668
2.779820
3.122911
3.030881
2.370509
1.413931
1.300203
0.332068
0.101238
-0.855712
-1.632719
-1.474750
-0.918054
-0.707555
0.000458
0.357465
0.603004
0.632437
-0.015395
-0.320902
-0.742124
-0.758724
-1.339273
-1.244454
-1.281590
-0.861723
0.115681
0.604764
-0.170157
-1.081786
-0.948216
-1.160043
-1.009948
-0.964361
-1.207715
-1.656212
-1.114862
-1.234990
-1.218873
-1.034498
-0.067107
0.001515
0.294272
2.059999
1.986186
0.961299
0.707357
0.909898
0.168360
0.592581
0.284394
0.058628
-0.082008
0.339978
-0.241878
-0.704149
-1.115020
-0.691755
-0.815814
-1.088750
-1.298272
-1.661513
-1.031643
-0.170969
0.174599
-0.759894
-0.806444
0.803683
1.602912
1.749164
1.374056
0.299475
0.215810
-0.371356
-0.737215
-0.776633
0.047905
0.518103
0.409272
0.636923
0.658731
0.239399
0.362721
0.481207
0.238251
0.185945
0.121109
0.499881
0.871066
0.658814
0.436500
0.945124
0.662007
0.625649
-0.005661
-0.698883
-0.040156
-0.762758
-1.033982
-0.715606
0.318204
0.182057
0.549733
0.546341
0.438457
0.670335
1.531855
1.451308
2.248847
1.597140
0.548482
-0.035783
-0.846459
-0.983278
-1.205184
-1.107113
-0.215415
1.073000
1.256880
1.362432
0.998997
1.077866
1.007959
0.950955
0.473349
0.058954
-0.018838
-0.211649
-0.159489
-0.508826
-0.700958
-1.475737
-1.317177
-1.043058
-0.098395
-0.279170
0.369442
0.249720
0.727553
0.716951
0.422238
-0.187077
0.028769
0.336681
0.084857
-0.271760
0.465975
0.371388
-0.421939
-0.832801
-1.311882
-2.051458
-2.119603
-1.390285
-1.516203
-1.730624
-1.878979
-1.140094
-0.976179
-0.287816
0.181936
-0.369107
0.269877
0.022846
0.417548
1.177272
2.025455
2.273366
2.074782
0.671243
-0.359361
-0.999160
-1.019984
-1.040163
-1.480414
-1.539862
-1.593221
-0.958227
-1.307413
-0.268681
-0.173597
0.630616
0.549995
0.077240
0.447180
0.937687
0.987190
1.287490
1.489341
0.942717
0.425627
-0.259868
-0.535548
-0.129424
-0.469369
-0.725103
-0.006563
-0.823073
-1.365334
-1.087640
-0.339932
-0.671806
-0.418660
0.197187
0.478508
0.759815
0.377849
-0.012581
-0.113198
-0.510637
-0.747248
-0.386150
-1.125822
-1.672791
-2.066072
-1.451762
-0.747457
-0.432015
-0.612315
-0.116894
1.064525
1.170443
1.178660
1.366191
1.225003
1.445234
1.653780
1.349184
1.208095
-0.051360
-0.127469
0.224734
0.364736
0.201558
-0.249683
-0.659684
-0.028753
0.787292
0.877628
0.346721
0.124224
0.985222
0.925317
0.862219
0.612099
0.790516
0.441646
0.429222
0.055644
-0.041689
0.369349
0.875350
1.101280
1.014945
0.865006
0.631429
0.225401
-0.417710
-0.480174
-0.443475
-0.105311
0.693923
1.286610
0.865858
0.842177
0.480170
-0.529563
0.477313
0.997015
0.838836
0.466065
0.110040
0.226205
0.638803
0.566421
0.163750
-0.101092
0.423933
-0.039448
-0.668435
-0.726007
-0.748644
-0.920307
-0.923932
0.021993
1.275548
1.678407
1.150370
0.341386
-0.063953
0.195440
0.198596
0.521338
0.263074
0.182985
-0.022681
-0.337167
-0.852615
-1.154463
-1.716059
-2.599400
-2.134309
-1.919220
-0.768512
0.106941
-0.036557
-0.140155
0.079501
-0.117405
0.196875
-1.098363
-1.605101
-0.892416
-0.924231
-0.731323
0.362650
0.696825
0.731434
0.128414
-0.209865
-0.396040
0.057890
0.873136
0.801365
0.654406
-0.157675
0.277759
-0.518768
-0.351784
-0.274776
-0.663324
-0.650270
-1.294565
-0.993736
-0.739905
-0.665694
-0.540696
-0.527161
-0.911975
-0.923811
-1.208195
-0.895062
-1.160008
-0.894140
-0.039044
1.176012
1.626296
1.553108
1.636292
1.409827
1.525681
1.012309
0.419021
0.082624
-0.200004
-0.601465
0.950185
0.763293
1.812349
1.696231
1.751861
2.122179
2.021681
1.417506
0.340128
0.509468
0.187200
-0.004814
-0.152521
0.252315
0.472491
0.421271
0.036189
0.558359
0.073894
0.128674
0.345796
0.146676
0.659509
0.658729
-0.058682
0.152117
0.604150
0.097904
-0.656860
-0.576815
0.263168
-0.044577
0.436086
-0.705260
-0.920497
-0.986508
-1.175438
-1.173056
-0.782745
-0.732439
-0.510105
0.000732
0.426850
0.404659
0.489771
0.920331
-0.361989
-0.737221
-0.827468
0.417699
0.378867
0.657022
0.137605
0.012169
0.201873
-0.368698
-1.044056
-0.935227
-1.001510
-0.894904
-1.000216
-1.362046
-0.683588
-0.950814
-0.732528
-0.624804
0.267448
-0.128003
-0.246325
-0.061486
-0.444433
-0.362411
-0.288102
-0.148406
0.235380
0.955592
1.063095
0.893563
0.351136
-0.290509
-1.047766
-1.085414
-0.673115
-0.183600
0.023051
-0.001459
0.214770
0.064559
0.157922
0.090163
0.035154
0.101006
0.196876
0.212884
0.425974
0.975308
1.034705
0.635953
0.896610
0.835390
1.769854
1.701228
1.468647
0.494550
-0.349350
-0.113748
-0.373595
-0.876514
-1.583153
-0.680699
-0.117714
-0.235443
-0.037932
0.168910
0.128874
0.219502
0.531438
1.102505
1.439316
1.263616
0.318569
-0.065975
-0.027543
-0.313963
-0.631069
-0.987252
-0.627149
-1.354142
-0.812194
-0.665381
0.716286
1.155937
0.700040
-0.514718
-0.068025
0.234915
1.117080
1.644210
1.070659
1.212149
1.409010
2.156090
1.974690
1.843206
1.248570
1.848250
1.529970
1.446004
0.431570
0.275602
-0.020362
-1.023222
-1.327621
-1.359240
-1.287124
-0.911342
-0.568941
0.034422
0.860998
1.516367
1.269630
0.415252
0.280400
-0.552804
-1.024040
-1.309337
-1.022840
-0.301853
0.184022
0.111865
0.036927
0.127476
-0.530179
-0.602275
-1.019117
-1.443638
-1.908242
-1.731377
-2.185183
-1.507613
-0.231321
-0.118508
-0.632994
0.159342
0.432031
0.482050
0.223522
0.179251
0.069843
-0.028628
0.235510
-0.208709
-0.252034
-1.281557
-0.771105
-0.785728
-0.853700
-0.838208
-1.307036
-0.812777
-0.195500
-0.612960
-0.987653
-0.565866
-0.378445
0.098490
0.045677
0.285117
0.108254
0.282436
-0.143121
-0.774330
-1.545379
-1.249531
-2.012472
-2.306126
-1.757951
-2.120634
-1.818215
-1.770170
-1.065285
-0.659190
-0.267885
0.189399
0.677490
0.789645
0.984910
0.249554
-0.243583
0.086034
0.464285
0.454578
-0.052836
0.014114
0.049822
0.232292
-0.639774
-0.405421
-0.086050
0.138828
0.140826
1.325187
1.462781
1.651223
1.952847
1.759963
2.006922
2.023515
1.602642
1.187430
0.538536
0.658228
0.706339
0.108731
-0.486013
-1.411171
-1.058948
-1.370948
-1.190243
-1.285322
-1.238751
-0.976887
-0.244565
-0.038894
0.550661
1.533778
2.012054
2.175725
2.297779
1.965926
1.065774
1.652008
0.625876
0.184909
-0.314830
-0.538919
-0.068661
0.248992
0.026808
-0.417372
-1.309567
-1.400793
-1.569549
-1.396984
-0.717141
-0.923114
-0.490525
-1.213992
-0.279780
0.398200
0.394546
0.701834
0.722416
0.371013
-0.182561
-1.050222
-0.299918
-0.916485
-1.255997
-0.589184
-0.552348
0.166275
-1.214025
-1.035995
-0.912200
-0.612491
-0.874947
-0.890116
-0.332266
-0.171833
-0.723634
-0.249828
-0.080466
-0.759040
-1.089359
-1.331119
-1.045413
-0.955114
-0.177437
0.041788
0.727528
1.124942
1.106306
1.181531
1.001114
1.030576
0.663301
1.236621
1.284299
1.602431
1.013638
1.512298
1.166115
0.744040
0.455274
0.609532
1.009806
0.750690
0.181019
0.685070
0.329373
0.148477
0.851236
0.355958
0.378468
0.825042
0.979632
1.083189
0.728832
0.950636
1.486886
1.084882
0.897197
0.711498
0.370474
0.552529
0.323825
0.932955
0.472304
1.047326
0.218899
-0.191791
-0.481163
-0.440905
0.380346
0.675840
0.303011
0.580221
