0.778228
0.759310
0.538192
-0.530187
-0.886772
-0.884550
-1.412745
-1.961737
-2.427225
-1.510923
-1.509407
-0.529285
-0.171965
0.803445
1.087388
0.449552
0.354005
-0.205570
0.734330
-0.352565
-1.674908
-0.489841
-0.627126
-1.215830
-0.898210
-0.827231
-0.712027
0.026380
-0.051957
0.138605
0.564130
0.845338
0.378529
0.351236
0.443180
-0.181410
0.344939
1.052999
0.603094
0.528122
-0.486271
0.283864
-0.039162
-0.230018
-0.644258
-1.076658
-0.669516
-0.171767
0.057538
-0.015135
0.830429
0.287833
0.112434
0.443725
-0.845416
-1.101308
-1.439785
-2.087208
-1.838667
-0.060568
-0.521570
-1.329895
-0.561042
-0.433146
0.892473
2.168758
2.097980
1.658145
1.302436
0.459873
-0.378737
-0.443210
0.631703
-0.271589
0.106607
0.121696
-0.646594
-1.218381
0.210301
-0.154639
0.037857
0.987566
1.315531
1.465696
0.678038
0.900404
0.697650
1.015212
1.551522
1.107741
0.841322
1.177695
0.190607
-0.881248
-1.199728
-0.758531
-1.204064
-1.736523
-1.704407
-2.065438
-1.455610
-1.613247
-1.809110
-0.408030
0.451024
1.061984
1.030516
1.434219
2.148602
2.312188
2.136588
2.025330
1.687616
1.165701
0.605147
-0.259169
-0.226647
-0.780980
-0.779897
-0.356070
-1.204642
-0.966046
-1.222821
-1.328555
-0.910799
-0.690411
-0.316397
-0.741330
-0.714202
-0.953890
-1.037379
-1.170481
-0.758997
-0.975744
-1.459293
-1.453915
-0.892641
-0.477792
-0.935192
-0.423719
-0.188021
-0.027109
0.857732
1.361977
1.175348
0.572260
-0.130333
-0.486513
-0.934071
-0.002549
0.424962
-0.426563
-1.124457
-1.094945
-1.660239
-1.048464
-0.452193
0.404178
0.766963
0.354078
0.992842
0.819278
1.361465
1.201948
1.637980
1.616205
1.356988
1.128891
0.079770
-0.558164
-0.408855
-0.723149
-0.550892
-0.525908
-1.041741
-0.745159
0.293808
0.615204
0.374474
0.145216
-0.521562
-1.038085
-0.420650
-0.176242
0.188359
0.177482
-0.124584
0.760105
0.539048
-0.326727
0.323072
0.491695
0.064487
-0.100200
-0.629552
-0.729222
-0.863126
-0.224097
0.536479
0.466063
0.424745
-0.240276
0.485627
0.682260
1.130910
1.347011
0.784460
-0.185818
-1.133617
-1.646345
-1.814662
-0.757070
-0.586462
-1.400723
-0.792738
-0.635465
-0.846110
-0.928903
-0.747369
-0.384926
-0.157387
-0.504366
-0.945110
-1.677314
-1.172902
-0.562713
-0.354521
-0.318585
-0.089728
0.913144
0.989375
1.292600
1.658609
1.639146
2.327786
2.310706
2.078251
1.647953
1.659812
1.738894
1.393801
0.825087
0.264112
-0.072881
-0.307797
-0.104931
-1.272850
-0.899044
-0.934748
-0.853599
-0.639493
0.075965
-0.291932
-1.283918
-0.326177
0.039303
0.633392
0.429448
0.685403
0.160016
-0.273072
-1.248796
-2.050845
-2.074435
-1.836200
-1.707265
-0.772747
-0.077945
-0.346749
-0.015178
0.143177
0.233063
0.164241
0.107179
-0.011531
0.786292
0.999878
1.162001
0.557616
0.310202
0.889773
0.847245
1.060069
0.682895
1.043534
1.421184
1.017531
1.402050
0.789200
0.946926
0.827229
0.341786
0.213418
0.060677
-0.161942
-0.722848
0.397670
0.315342
0.702535
0.208156
0.477516
0.815008
0.600661
0.946387
0.730613
0.907179
0.447181
0.722551
1.264953
0.661146
0.009557
0.267057
0.922764
0.464285
0.834948
0.972165
0.447333
-0.059916
-0.474149
0.004960
-0.177417
-0.322623
-0.661748
-0.567791
-0.375960
-0.293929
0.434979
0.024778
-0.736553
-1.638950
-1.078135
-1.169690
-1.028205
-0.666268
-0.673801
0.111053
0.869578
0.650441
0.104757
0.402367
1.000344
1.071964
0.704766
1.987906
0.577898
-0.430082
-0.352054
-0.730440
-1.691961
-1.618298
-1.594771
-1.357020
-0.687183
-0.486680
0.163417
0.371814
-0.026885
-0.056333
0.039743
-0.447855
-0.768290
-0.559275
0.398791
1.355247
1.361743
0.663527
0.052040
0.617440
-0.388634
-0.574724
-1.393036
-1.994925
-1.526089
-1.316650
-0.883691
-0.032156
1.125082
1.147695
1.040087
1.827950
1.728102
1.541279
1.551367
1.108598
1.096752
0.926235
1.309634
0.125184
-0.065068
-0.059664
-0.829684
-0.988228
-1.149088
-0.525835
-0.480546
-0.824126
-1.078693
-1.688529
-2.837917
-2.175347
-1.610006
-1.404544
-1.052713
-0.821635
-0.816666
-0.804482
-0.290682
-0.141142
0.756995
1.000913
0.180472
-0.406182
-0.768429
-1.236642
-1.231116
-1.133992
-0.139389
-0.321263
-0.239484
-0.138237
-0.385403
-0.860439
-0.816894
-0.330108
0.207803
-0.189558
0.061659
0.765361
0.710878
0.916057
0.623605
-0.335503
0.153874
-0.239353
-0.207455
0.296004
0.032874
0.243312
1.029475
1.446707
1.929975
1.111511
1.656711
2.395297
2.475284
2.244364
2.852992
2.319057
1.324517
0.240056
-0.336729
-1.623340
-0.917679
0.263151
0.373316
0.279234
-0.085413
-0.584100
-1.303257
0.139302
0.601685
0.519296
1.038131
1.354262
1.397286
2.137403
1.515547
1.189410
0.428224
-0.068264
-0.083413
-1.495989
-1.846481
-1.751369
-1.386023
-0.874608
-1.146709
-0.416470
-0.871438
-0.419307
-0.326677
-1.103074
-0.733416
-0.650107
-0.956360
-0.475342
-0.082629
0.099871
0.173712
-0.251924
-0.977356
-0.874873
-0.031711
-0.288416
-0.617985
-0.870307
-0.498879
-0.737705
-1.168547
-0.231496
-0.278126
-0.378163
-0.461721
-0.751773
-1.031137
-0.857564
-1.226501
-1.045488
-0.033455
-0.085712
0.348864
0.933424
0.774172
0.128099
0.408459
0.560371
0.471372
0.667073
-0.178425
-0.590481
-0.109400
-0.219978
-0.210376
-0.367377
-0.399625
0.376289
0.030783
0.520288
0.492892
0.605572
1.403980
2.182544
2.098814
2.172611
2.064753
2.000241
1.839777
1.425680
1.292154
0.435234
-0.687344
-0.628463
-0.235491
0.028440
0.122853
0.513614
0.507070
0.933592
1.020986
1.044155
0.553049
-0.405329
-0.984201
-0.963012
-0.327630
0.130592
0.758817
0.451378
0.274120
0.534748
0.757319
0.985654
0.454575
-0.170579
-0.201660
-0.334222
-1.203091
-0.660733
0.394141
0.238459
0.203877
0.404128
0.847446
1.030898
1.076790
0.458052
0.107462
0.172376
1.269628
0.653684
0.814532
0.795651
0.499316
0.267755
0.195603
-0.012289
0.496576
-0.465992
-1.815466
-2.208759
-2.393095
-2.067809
-1.984644
-1.343086
-0.208926
0.263736
0.410266
-0.217814
-0.738313
-1.950512
-2.490482
-1.480782
-1.486590
-1.024232
-0.721627
-0.411709
0.165159
0.712485
0.975114
0.388195
-0.112767
-0.282614
0.075168
-0.627175
-0.995996
0.186204
-1.382974
-1.682580
-2.159986
-1.720815
-0.891053
-0.546140
0.491976
1.093492
1.167258
1.275545
1.479639
1.150213
1.314472
1.061011
1.457690
1.683996
1.711898
1.769065
1.336881
1.066397
0.507103
-0.702831
-2.066589
-2.527973
-2.570599
-2.487234
-2.405680
-2.366776
-1.623109
-0.983262
-0.547920
0.155997
0.798402
1.137564
2.025540
1.858740
1.609331
1.157319
0.086217
-0.858325
-0.565241
-0.501794
0.205863
-0.232570
-0.406560
-0.375829
-0.366975
-0.293579
-0.791242
0.258856
0.936967
0.866281
0.953565
1.231580
1.439735
0.933782
1.226905
1.611250
1.359390
1.406417
1.951275
1.653583
2.263232
2.047142
0.797974
0.995389
1.332047
0.400262
-0.891653
-1.371888
-0.556735
-0.626927
-0.491994
-0.825584
-0.719376
-0.453530
-0.186251
-0.740548
-0.904221
-1.068976
-0.519057
-0.356328
-0.512102
-0.543228
-0.460313
0.062760
-0.301216
-0.996936
-1.075309
-0.418889
-0.335559
-0.393166
-0.557895
-0.011846
-0.168300
-0.401937
-0.514365
-0.513623
-1.126885
-0.809267
-0.902340
-1.355369
-1.024573
-0.839926
-1.641560
-1.090055
-0.774253
-0.161099
0.613570
0.332796
-0.150319
-0.064057
0.574475
0.600513
0.419367
0.473294
0.691419
0.408182
0.323144
-0.528400
-0.262941
-0.199095
-0.352462
0.009614
-0.238814
-0.259512
-0.504945
-1.306832
-1.549236
-0.961261
-0.892103
-1.059165
-1.299109
-0.958168
-0.535229
0.344432
0.513932
0.918068
1.055586
0.541448
0.451740
0.053129
-0.060159
-0.115995
0.859205
1.540026
1.497495
1.669464
1.861470
2.075608
1.952628
1.287682
1.484851
0.799587
0.095507
-0.827319
-0.745139
-0.290917
0.027673
0.067032
-0.413421
0.315675
0.589153
0.319654
0.114423
-0.017221
0.445242
0.196268
-0.159381
-0.445452
0.240165
0.775438
-0.002051
-0.638374
-1.533351
-0.788513
0.847635
0.909828
0.453188
0.369339
0.781222
0.952409
1.348187
1.105273
0.765139
1.020704
0.595902
0.300201
0.414199
0.026271
-0.491684
-0.701472
-0.782670
-0.808715
-0.851673
-0.150675
0.083949
0.571217
0.708213
1.466124
0.777713
0.391946
-0.417201
-0.571766
-0.254124
-0.423594
-0.355066
0.232509
0.364568
-0.138013
-0.321067
0.425883
0.228593
0.368936
0.508419
0.091545
0.088801
-0.290823
-0.731336
-0.286582
-0.024178
-0.250787
-0.759937
-0.755237
-0.387481
-0.459910
-0.831344
-0.212564
-0.312791
0.256340
0.950713
0.854469
0.705363
0.273320
0.110292
-0.006115
0.052051
0.293724
-0.174307
0.519374
0.906958
0.487628
-0.113363
-0.710407
-0.859561
-0.275374
-0.087669
-0.852827
-1.135178
-1.635341
-2.504401
-3.235729
-3.545072
-2.810298
-2.556731
-3.070852
-2.535239
-2.006534
-0.939889
-0.229713
-0.099648
0.640465
0.589396
1.159228
0.853237
1.184202
1.366469
0.970735
0.485570
0.691927
0.730176
0.388981
0.231172
0.301166
0.222715
-0.055665
-0.241749
-0.018216
1.178234
1.384524
1.392741
1.774664
1.691705
1.770162
1.512074
1.110422
1.142017
1.054468
1.204241
0.901874
0.500936
0.727590
0.659637
0.402852
-0.083945
-1.203744
-1.318423
-1.954022
-1.998100
-2.307658
-2.590858
-2.878030
-2.043428
-1.945106
-1.801616
-1.052827
-0.034966
-0.208877
0.575158
1.022175
0.700263
1.043411
0.494990
0.172336
-0.198168
-0.087835
0.711638
0.692455
0.796458
0.459651
0.032287
-0.174576
-0.787141
-1.068765
-1.290058
-1.158978
-0.858698
-1.340222
-0.656579
-0.091866
0.019401
0.424035
-0.211463
-0.549028
-0.196779
-0.153732
0.567734
-0.141388
-0.697011
-0.047407
-0.011521
0.238806
-0.332326
-0.835080
-0.940939
-1.438410
-1.708322
-1.498260
-0.167086
0.563392
0.577684
0.697916
0.760868
0.313482
-0.017735
-0.251688
-0.415197
0.120900
0.323619
0.982006
1.425192
1.715065
1.374683
1.782892
1.489152
1.068107
0.276443
1.511159
1.565548
2.213530
1.430924
1.257872
0.915920
0.276763
0.432415
-0.212973
0.178561
0.141477
0.130424
0.406121
-0.171613
-0.124550
0.666936
0.394876
0.421734
0.743545
0.457111
0.889733
0.313325
0.196012
0.168151
0.336355
0.258740
0.187902
-0.366025
-0.185499
-0.505586
-0.242331
-0.345069
0.116100
-0.687621
-0.639584
-0.039564
0.116029
0.593838
0.768503
0.735502
0.433080
