0.662502
0.080995
-0.667067
-1.073516
-0.578100
-0.733973
-1.186594
-0.857646
-0.609824
-1.142847
-0.776832
-0.754425
-0.912290
-1.060725
-1.452729
-0.991041
-0.377201
-0.014852
0.123065
-0.342001
-0.171398
-0.091035
-0.623941
-0.660928
-0.072728
0.408039
0.545363
0.269168
-0.118929
-0.183084
-0.155018
-0.016933
-0.383966
-0.805144
-0.485869
0.490135
0.845778
0.953932
0.327180
-0.303896
-0.419131
0.665010
1.049563
0.094678
0.111474
-0.197307
-0.079605
-0.067545
0.640885
1.218140
1.424861
1.177681
1.309277
1.273579
0.632676
0.869345
0.881069
0.145616
-0.361224
-0.342795
0.233428
0.223204
-0.056171
0.688420
0.740822
0.143823
0.630171
1.090365
1.351513
1.516632
0.944898
0.753815
0.617304
0.656611
0.257116
0.008581
-0.122218
-0.334503
0.067891
0.142877
0.149552
-0.655877
-0.875767
-0.297774
-0.314086
0.243949
-0.165254
-0.448547
-0.357155
-0.476002
-0.546136
-0.618855
-0.641978
-0.411683
-0.511692
-0.364214
-0.440948
-0.378776
0.393578
-0.627026
-1.341097
-0.733757
-1.055767
-0.804937
-0.021477
0.637953
1.006837
0.528331
0.527794
0.359066
-0.390827
-0.564911
-0.634944
-0.888568
-0.447295
-0.728085
-0.673278
-0.740486
-0.403107
0.198226
0.927164
0.663751
0.250635
0.171876
0.180572
-0.314051
-0.954900
-0.706796
-0.887549
-0.903649
-0.750646
-1.048346
-0.045514
0.033106
-0.700450
-0.531602
-0.205400
0.078235
0.053716
-0.045032
0.643160
0.618577
0.695721
1.017768
0.573228
0.176760
0.144027
-0.644661
-0.346371
-0.187601
-0.917072
-1.096186
-1.013919
-0.413330
-0.127752
0.353454
0.526642
-0.017093
-0.412522
-0.373254
0.023461
0.237401
0.333777
0.097623
-0.219928
-0.224438
-0.008229
1.382482
1.678498
0.672676
0.399520
0.059672
-0.313910
-0.513591
-0.017415
0.356623
0.761856
1.474782
1.891753
1.316048
0.439084
-0.697567
-0.790685
-0.186313
-0.096301
-0.276391
-1.026534
-0.744843
-0.918000
-0.110940
0.870538
1.478484
1.379528
0.495359
0.594958
0.272913
-0.698527
-0.967332
-0.808160
-0.622178
-0.828821
0.378893
1.423990
0.912347
0.323099
0.329371
-0.579861
-0.414296
-0.291172
-0.466209
0.616238
0.752349
0.833650
1.947242
1.792157
1.242033
0.918892
0.240717
-0.775693
-0.865677
-1.516944
-1.503902
-1.003919
-0.352186
-0.078975
-0.050197
-0.865678
-1.435089
-1.431304
-0.713600
-0.398497
-0.217124
0.106420
0.005991
0.248012
0.088028
-0.862569
-1.499408
-0.802762
-0.133040
0.560741
0.064446
-0.258426
-0.257852
0.133250
0.162386
-0.057524
-0.172604
0.128084
-0.116851
0.317183
1.208774
0.726676
0.708004
0.112200
-0.725137
-0.537821
-0.508888
-0.672478
-1.292195
-0.917717
-0.763731
-0.765949
-0.752226
-0.666183
-0.650200
0.138178
-0.203193
-0.725554
-0.376740
0.100992
0.661399
1.024280
1.623659
1.430076
0.042698
-1.012472
-1.327223
-0.317188
-0.301829
-0.600121
0.238939
0.985908
1.567083
2.212890
2.858849
3.409487
3.028887
2.224638
0.835792
-0.026050
-0.436541
-0.556222
-0.519625
0.307634
1.018270
1.264870
1.300833
2.078910
1.442879
0.866597
0.608122
0.330129
-0.099627
-0.123191
-0.480032
-1.032780
-1.186144
-0.635481
-0.944161
-1.499439
-1.316751
-0.855365
-0.429231
-0.202630
0.116647
0.672242
0.082344
-0.750139
-1.242575
-1.872966
-1.762866
-1.464180
-1.150325
-1.198849
-1.022791
-0.630146
-0.787734
-0.904270
-0.627999
-0.436653
-1.001235
-0.891512
-1.034481
-1.189588
-1.006691
-0.935968
-1.196408
-1.554838
-1.784841
-0.923610
-0.120267
0.789108
2.044271
1.635222
1.204930
0.656518
0.152965
-0.139958
-0.348920
-0.546719
-0.799649
-1.511623
-1.181702
-1.019672
-0.878162
-0.507915
0.265850
0.778118
0.674709
0.608737
0.516051
0.903279
1.492419
1.214767
0.208396
-0.159371
-0.601484
-0.888728
-0.265709
0.809437
1.038261
0.403788
-0.453704
-0.289937
0.461323
0.839757
0.714716
0.991238
1.221787
0.554376
0.236458
0.201968
0.867647
0.963781
0.845060
0.829522
0.515762
1.054218
1.442302
0.661352
0.085074
-0.410116
-0.844325
-1.334160
-0.927094
-0.474305
-0.579713
0.067954
-0.094962
0.165653
0.575069
1.161568
0.407414
-0.499659
-0.764365
-1.141178
-0.621084
-0.257372
0.538508
0.722317
-0.087345
-0.786210
-0.057632
-0.778324
-1.511820
-0.846712
-0.252429
0.002386
0.444973
0.677158
0.308955
0.468681
0.740818
0.700594
1.101562
0.355585
-1.401161
-2.523857
-2.699527
-1.004230
-0.409568
0.080808
0.720212
0.893179
-0.146402
-0.885783
-0.325644
-0.133626
-0.343969
-0.276775
-0.780612
-0.807051
-0.051348
0.076890
-0.504159
-0.415197
0.354639
0.062056
0.152866
0.425533
0.123541
0.032656
0.321833
0.462992
0.965940
1.362583
1.278780
0.687305
0.336942
0.013537
0.117640
0.345552
0.417761
0.249949
-0.324549
0.192446
0.021411
-0.244565
-0.047805
-0.496615
0.363951
1.025607
1.573259
1.499564
0.569827
0.249604
-0.373730
-0.991932
-0.934272
-0.580400
-0.535679
-0.760355
-0.226152
0.146578
0.335209
0.608481
0.332489
0.307726
-0.028355
-0.488064
-0.063177
0.116286
-0.173873
-0.563256
-1.139573
-0.763955
-0.749279
-0.846400
-0.358610
-0.174512
-0.543576
-0.531890
0.441575
0.445628
0.578895
0.679991
0.756837
0.389938
-0.055383
0.361748
1.303485
0.823150
-0.665614
-0.654339
-0.249465
0.189977
0.347973
0.034551
0.194500
0.501202
0.090904
0.446699
0.313244
0.120329
-0.191199
-0.417661
-0.724973
-0.153275
-0.358287
-0.408739
0.188000
0.762133
0.738918
0.873790
0.858400
0.700786
0.611365
-0.798390
-0.979504
-0.065611
-0.175447
-0.044389
-0.349261
-0.512067
-0.419014
-0.522805
-0.164203
0.424982
0.423927
-0.279640
-0.405081
0.562827
-0.164798
-0.838134
-0.402854
0.270873
-0.033443
-0.070667
-0.041171
-0.049864
0.135363
-0.449779
-0.863415
-0.755910
0.047398
0.437909
0.219643
0.500794
0.443984
-0.009120
-0.745873
-1.243467
-1.278014
-0.687564
0.247624
0.027251
-0.870352
-0.551946
-0.043010
0.117858
0.354053
0.452112
0.809737
0.425740
-0.002215
0.475252
1.046981
1.294274
1.228954
1.176983
0.681341
0.123638
0.104214
0.193121
-0.103164
-0.194653
-0.105241
-0.142665
-0.124194
0.046260
0.604635
0.067082
-1.184194
-2.136053
-2.152404
-1.919878
-0.977836
0.203440
0.693030
1.100152
1.183395
-0.098171
-0.816745
-0.602597
-0.588412
-0.557249
0.038193
-0.050420
-0.646727
-0.672325
-0.138558
0.500389
1.111562
1.269316
0.784462
0.711747
0.674926
0.784296
1.226136
1.171822
0.622054
0.243187
1.133252
1.217468
0.709989
0.679985
0.968360
0.968080
1.333112
1.200961
1.314182
1.247058
1.483135
1.656276
1.450408
1.406518
1.250370
0.682390
-0.173090
-0.756629
-0.818759
-0.245193
0.003233
0.105139
-0.348898
-0.496552
-0.680055
-0.232951
-0.387997
-0.584721
-0.475962
-0.213345
-0.383971
-0.849959
-1.291738
-0.814741
-0.231976
0.355640
0.346001
-0.275826
-0.943639
-1.671851
-1.255069
-1.454269
-1.982026
-2.113428
-2.288101
-2.054834
-0.598431
-0.104814
-0.550725
-0.240579
-0.332550
-0.539318
-0.950405
-1.216606
-0.801410
-0.668160
-0.620281
-0.751202
-0.485522
-0.187221
-0.321094
-0.517543
-0.771536
-0.362806
0.031945
-0.693622
0.224907
1.616015
1.900985
1.407306
0.875010
0.574922
0.001980
-0.485471
0.123111
0.275122
0.089496
0.006618
-0.251626
0.444184
0.557200
1.613803
1.332011
0.640931
0.490457
0.056475
-0.596878
-0.954453
-0.832525
-0.077172
0.673141
1.062181
0.791884
0.434210
0.714254
0.800797
0.760297
0.653681
-0.204334
0.030306
-0.014785
-0.524144
-0.401257
-0.703648
-0.640976
0.013693
0.266707
0.503593
0.640199
0.763705
0.293353
0.273105
-0.250814
-0.309393
0.276282
-0.036028
-0.631382
0.068167
0.455197
0.629991
0.351538
0.152006
-0.003635
-0.022244
0.222178
0.311161
1.268874
-0.443312
-1.461804
-1.165378
-0.536520
-0.018029
0.517086
0.282387
-0.079971
0.391718
0.757812
0.390711
0.635023
0.668234
-0.365517
-1.154696
-1.170597
-0.136064
0.599577
0.840789
0.766551
1.085601
1.417607
1.474273
1.194455
0.251850
-0.591300
-1.053246
-1.481756
-1.739139
-1.433571
-1.023128
-0.831679
-0.234194
0.086590
0.627416
1.554581
1.674697
0.823639
0.059013
-0.046232
-0.437809
-0.587125
-0.737569
-0.821704
-0.639112
-0.357093
0.112900
-0.309284
-0.465409
-0.155642
-0.387648
-0.024098
-0.052650
-0.298900
-0.022618
-0.621156
-1.202234
-1.222174
-0.940799
-0.545224
-0.027014
0.973305
1.075133
1.171065
0.516242
0.162065
-0.699154
-1.250358
-1.190514
-1.033522
-0.034499
-0.520031
-0.533255
-0.328823
-0.321303
0.100849
-0.404390
-0.506320
-0.146232
-1.163574
-0.518360
0.557151
1.020163
0.076268
-1.159485
-1.342373
-0.971303
-0.913377
-0.780196
-0.346300
-0.074482
0.748322
1.290996
1.413548
0.904975
0.191102
-0.621990
-0.879025
-0.925099
-1.653847
-1.219474
0.116796
0.633132
1.033984
1.539213
1.290992
0.550962
0.021104
-0.268530
0.444258
1.182098
1.139654
0.347227
-0.622555
-0.997846
-1.393856
-1.091147
0.313031
1.312817
0.980111
1.215622
1.809907
0.430311
0.762166
0.743794
0.347082
0.602272
0.433221
0.086815
0.597128
1.264167
0.206014
-0.539048
0.154401
0.905424
1.267274
0.821943
1.024607
1.466592
1.309790
0.154164
-0.941243
-0.716388
-1.023120
-0.730368
-0.485619
-0.420346
-0.202715
0.593249
0.505424
-0.525703
-0.702912
-0.100861
0.479449
0.489424
0.093857
0.324182
0.564586
0.624652
0.675725
0.406604
0.256333
-0.099477
0.049485
-0.033278
0.258341
-0.569512
-1.020802
-1.173958
-1.648949
-2.348794
-3.386939
-4.994699
-5.989668
-5.703931
-4.945442
-4.847969
-4.726949
-3.877594
-3.702965
-2.882207
-1.790420
-0.594009
0.052244
0.471313
1.283860
1.342017
1.204733
1.399864
1.656853
1.802267
2.244080
2.518477
2.189633
1.604823
1.555666
1.592561
1.821063
2.058681
1.758170
2.049077
2.822697
3.239250
3.482727
3.116834
2.402077
2.738828
2.179692
1.376948
1.239281
0.533132
0.142472
0.374751
1.169305
1.231650
0.908557
1.149198
1.718523
2.403842
2.420754
2.314887
2.542500
1.944304
1.355109
0.760765
0.640151
0.145301
-0.549056
-0.257684
-0.464542
-0.239560
1.017511
2.102386
1.753186
1.221823
0.778784
0.324206
0.304468
0.348853
-0.002584
-0.242024
-0.926620
-1.402693
-1.384895
-0.514867
-0.607031
-1.093280
-0.821517
-0.573821
-0.846292
-0.721439
-0.721966
-0.945589
-0.483308
0.040378
-1.152253
-2.138553
-2.608608
-2.089101
-1.732540
-1.186573
-0.218969
0.081935
0.496965
