0.648929
-0.026799
-0.982574
-1.732807
-1.257019
-1.285723
-1.236639
-0.919956
-0.801966
-0.953232
-0.726786
-0.945458
-1.335778
-1.478876
-1.979290
-1.655986
-0.945437
-0.234884
0.138188
-0.065167
-0.143913
-0.674686
-1.185027
-1.097623
-0.534653
-0.072813
-0.182079
-0.212021
-0.460657
-0.395641
0.115179
0.247822
-0.103385
-0.266151
-0.081273
0.612084
1.074498
1.179261
0.818970
0.695809
0.345485
0.775684
0.539768
-0.252038
-0.840465
-1.135626
-0.418579
0.319926
1.361748
2.038683
2.113907
1.756193
1.518170
1.240081
0.866355
0.729655
0.257294
-0.082665
-0.082899
0.296124
0.365330
-0.001235
-0.269572
0.439399
0.973400
1.248805
1.595120
1.673054
1.679994
1.473891
0.805065
0.741692
0.365291
0.042411
-0.095057
-0.087605
0.149319
0.913655
1.421767
1.131137
0.650440
-0.363456
-0.576307
-0.141624
-0.277450
-0.229638
-0.261268
-0.168380
0.161578
0.047246
-0.381596
-0.814628
-1.078397
-1.098563
-0.952617
-0.566948
-0.397661
-0.340791
0.274315
-0.098295
-0.421451
-0.203974
-0.631475
-0.630343
-0.484684
-0.460624
-0.349994
-0.198883
0.403862
0.361174
-0.476051
-0.640643
-0.586449
-0.588496
-0.530981
-0.676298
-0.382923
-0.569557
-0.490070
-0.521322
-0.184103
-0.193713
-0.227341
-0.182038
0.068596
0.201449
0.074203
0.068100
-0.224878
-0.362267
-0.338623
-0.742376
-0.386119
-0.189220
-0.529109
-0.367757
-0.053669
0.217561
-0.171905
-0.752943
-0.456242
-0.476164
-0.160939
0.273033
0.572652
0.554289
0.282533
-0.106379
0.416504
-0.155852
-0.854481
-1.026790
-0.950203
-0.378927
0.253891
0.232044
0.281292
0.004735
-0.252622
-0.217565
0.042783
0.369694
0.584082
0.357498
-0.070392
-0.075869
0.253782
0.974724
0.775382
0.177414
-0.206454
-0.409168
-0.162205
0.130590
0.604774
0.964405
0.992264
1.192290
1.588076
1.154988
0.560566
-0.040508
0.352602
0.689213
0.653448
0.116435
-0.721607
-0.935752
-0.978586
-0.325212
0.491928
1.073100
1.217177
0.610076
0.344014
0.154192
-0.773685
-1.148179
-0.994877
-0.811993
-0.643194
0.389340
1.025173
0.895549
0.816267
0.821658
-0.171939
-0.615792
-0.620025
-0.423461
0.008023
-0.102967
0.092994
1.034183
1.130015
0.725939
0.537969
0.490820
-0.123028
-0.690485
-1.067681
-1.174976
-0.816878
-0.435200
-0.298829
-0.276664
-1.176356
-1.356518
-0.864679
-0.296374
-0.117816
-0.310075
-0.482061
-0.817674
-0.831334
-0.747125
-1.292508
-1.538618
-1.233253
-0.712956
0.194042
0.566498
0.738522
0.497898
0.388493
-0.184674
-0.757278
-0.987725
-0.455597
-0.204709
0.209707
0.577543
0.353785
0.452247
0.243520
-0.074309
0.105191
0.016519
-0.378095
-0.850197
-0.733650
-0.469050
-0.232900
-0.223398
-0.139051
-0.241819
-0.451221
-0.658276
-0.677360
-0.581200
-0.241968
0.172500
0.636570
1.088126
1.024117
0.178488
-0.589650
-0.647591
0.201375
0.461824
0.656108
1.335297
1.568245
1.519545
1.656038
2.032384
2.316091
2.314581
2.025912
1.062663
0.360036
0.448052
0.577599
0.734474
1.285592
1.843063
1.716402
1.266032
1.404889
0.796883
0.362058
0.235673
-0.026701
0.049953
0.389563
0.169524
-0.238232
-0.265691
-0.464915
-1.122045
-1.894839
-1.721472
-0.918947
-0.510285
-0.414251
-0.472892
-0.549428
-0.989654
-1.421992
-1.899109
-2.502158
-2.276280
-1.629873
-1.206797
-1.131016
-0.840684
-0.585934
-0.616271
-0.726650
-0.823335
-1.003771
-1.182788
-1.077732
-1.091803
-1.242418
-0.827156
-0.272727
-0.278374
-0.499343
-0.354551
0.466644
0.991530
1.136198
1.610094
1.093913
1.043950
0.399733
-0.441796
-0.961295
-1.041712
-1.231212
-1.474313
-1.669905
-1.354040
-1.195707
-0.576843
-0.102264
0.276470
0.647447
0.426926
0.243234
0.394407
0.399881
0.717940
0.452970
-0.021152
-0.009842
-0.311092
-0.462555
-0.102892
0.803342
1.260119
1.016807
0.559568
0.472565
0.704945
0.705536
0.702136
1.083412
1.423812
1.024264
0.963325
0.815995
1.328366
1.179888
1.063944
0.565024
-0.211417
-0.297317
-0.049276
-0.191934
-0.141478
-0.011475
-0.424912
-1.013954
-0.748383
-0.317254
-0.172377
0.689545
0.896494
0.664589
0.336781
0.412113
-0.434895
-1.299735
-1.431483
-1.306743
-0.807461
-0.339108
0.416390
0.709955
0.420799
0.114510
0.689691
0.486430
0.150070
0.178961
0.017793
-0.100484
-0.157939
-0.297179
-0.529203
-0.252770
0.007531
0.208656
0.591606
0.238712
-0.958600
-1.669501
-1.595596
-0.699207
-0.010953
0.214212
0.583002
0.507669
-0.365358
-0.951401
-0.535443
-0.474070
-0.677259
-0.492403
-0.485705
0.098738
0.816550
0.699222
0.026820
0.109799
0.602782
0.200405
0.042797
-0.061391
-0.229787
0.048632
0.083955
0.340409
0.826284
1.328337
1.613367
1.169356
0.831194
0.641808
0.862971
1.082214
0.906964
0.503682
-0.047405
-0.040393
-0.207318
-0.341440
-0.270333
-0.573873
0.007249
0.516958
0.916371
0.849092
-0.038492
-0.227741
-0.462661
-0.568367
-0.515191
-0.176521
-0.013063
-0.347286
-0.319253
0.160011
0.462242
0.481270
0.335869
0.068190
-0.618496
-1.056213
-0.646435
-0.231464
-0.025390
0.207686
0.019259
0.135141
-0.332081
-0.549528
-0.569159
-0.514745
-1.106180
-1.332157
-0.401197
-0.034695
0.573975
1.032883
0.866027
0.759596
0.211212
0.005151
0.661830
0.200983
-0.860895
-0.969291
-0.462909
0.200174
0.354101
0.298006
0.210296
0.018803
-0.250991
-0.274282
-0.400190
-0.585040
-0.523675
-0.380724
-0.434472
-0.126657
-0.080102
-0.490201
-0.400874
0.146375
0.001063
0.371803
0.723888
0.691781
0.605455
-0.255663
-0.550728
-0.524389
-0.633621
-0.148513
0.041234
0.008838
-0.017616
-0.114706
-0.012698
0.065360
0.062024
-0.488150
-0.486137
-0.164273
-0.016749
-0.058697
0.233120
0.396330
0.353578
0.559888
0.586809
0.334439
0.627622
-0.052730
-0.809226
-1.066002
-0.299378
0.077087
-0.251051
-0.343652
-0.157736
-0.347976
-0.447979
-0.442312
-0.480443
-0.399435
0.252172
-0.076227
-0.327654
-0.021577
-0.137910
0.012357
0.116959
-0.030848
0.308506
0.306689
0.261254
0.715880
1.385789
1.742128
1.557311
0.904590
0.189161
-0.224464
-0.245880
0.079381
-0.202149
-0.409555
-0.320949
-0.111321
-0.214609
0.065057
0.353823
-0.157442
-0.749104
-1.176558
-1.677471
-2.058066
-1.638214
-1.108559
-0.158866
0.832016
1.515677
0.651667
0.085436
0.169645
-0.299218
-0.630453
-0.180886
-0.148442
-0.598250
-0.499417
0.130852
0.619520
0.845864
0.755482
0.534994
1.070082
1.520142
1.623904
1.801766
1.988144
1.464675
1.103933
1.351879
1.070245
0.705273
0.554008
0.589219
0.951581
1.542178
1.900154
2.007021
1.700079
1.683711
1.602707
0.921437
0.761078
0.492106
0.427859
-0.028122
-0.708131
-0.888165
-0.821470
-0.702928
-0.484425
-0.555840
-0.579045
-0.635783
-0.330944
-0.358278
-0.426535
-0.320577
-0.792909
-1.198252
-1.402466
-1.342008
-0.886141
-0.571224
-0.125032
-0.016243
-0.733270
-1.491665
-1.827610
-1.909879
-2.098912
-2.003778
-1.767447
-1.451460
-1.104367
-0.193108
-0.087497
-0.750921
-0.694474
-0.665804
-0.743550
-0.650866
-0.664400
-0.387540
-0.261247
-0.215076
-0.217676
-0.086764
-0.164780
0.068653
0.363868
0.240744
0.149813
-0.076393
-0.527825
0.110228
1.203489
1.356934
0.766971
0.498495
0.088414
-0.460032
-0.683561
-0.582954
-0.319098
-0.377868
-0.458502
-0.341176
-0.157546
-0.049937
0.717859
0.688991
0.032116
-0.234360
-0.170441
-0.432818
-0.532099
0.070410
0.672825
0.783426
0.674985
1.141150
1.402678
1.675180
1.399402
1.237355
0.889845
0.069987
0.055102
0.250468
-0.238597
-0.118698
-0.166598
-0.231290
-0.328585
-0.446226
-0.102123
0.391739
0.751690
0.908239
0.766901
0.265149
0.086176
0.041178
-0.378813
-1.188039
-1.124028
-0.510270
-0.221217
0.113978
0.045450
0.501673
0.728034
0.841614
0.685169
0.632346
-1.008385
-2.104229
-1.820857
-1.221501
-0.722001
0.033345
0.293398
0.309840
0.763055
1.231930
1.120652
0.991211
0.901957
-0.327587
-1.446293
-1.583492
-0.597267
0.709910
1.185988
1.481966
1.788812
2.226356
2.038597
1.527934
0.503747
-0.306031
-0.866773
-1.275366
-1.523908
-1.115422
-0.721930
-0.416361
0.156032
-0.015092
0.261019
1.145556
1.383242
1.052837
0.802495
0.820271
0.446244
-0.057976
-0.081495
-0.159875
-0.350392
-0.564225
-0.356736
-0.761056
-1.512348
-1.695124
-1.555129
-0.725451
-0.148234
0.097317
0.361553
-0.454171
-1.012688
-1.152549
-1.004929
-1.110638
-0.855500
0.104510
0.447291
0.418997
0.152254
-0.430223
-0.893995
-1.303171
-1.606509
-1.334426
-0.379103
-0.477034
-0.369912
-0.053205
0.316587
0.236190
-0.368088
-0.345411
-0.119371
-0.968895
-0.594578
0.070311
0.391480
0.093630
-0.725577
-0.781749
-0.671346
-1.218264
-1.096840
-0.801480
-0.657199
0.130313
0.650501
1.368701
0.885620
0.082676
-0.938489
-1.184392
-1.228261
-1.443953
-0.907063
-0.109534
0.267043
1.014332
1.257055
0.894577
0.305026
-0.080340
-0.112034
0.691605
0.911206
0.627275
0.595162
0.149463
-0.450194
-0.948154
-0.901116
0.195881
0.911886
1.081529
1.908991
2.117960
1.402963
1.717272
1.335387
0.710082
0.715365
0.196408
-0.011387
0.471024
0.989348
0.704783
0.715981
1.258276
1.497523
1.360134
0.932090
0.758941
0.938573
0.666651
-0.317445
-0.640397
-0.788364
-1.199554
-0.802238
-0.808642
-0.623870
-0.172572
0.470238
0.503437
-0.119787
-0.289104
-0.077916
0.478706
0.488203
-0.013971
-0.152072
-0.042303
-0.108314
0.063519
0.171646
0.391793
0.174463
0.435430
0.717528
0.877210
0.450969
0.260187
-0.126831
-0.820270
-1.728389
-3.202721
-4.860263
-5.812870
-5.777901
-5.410800
-5.318556
-4.600105
-3.666995
-3.017196
-2.478637
-1.803453
-0.786335
-0.533646
-0.130533
0.884314
0.933308
0.434746
0.621668
0.748977
0.768291
1.190121
2.172620
2.580711
2.384122
2.454872
2.247686
2.223542
2.207890
2.162344
2.322043
2.945810
3.465643
3.817767
3.708815
3.147967
3.229749
3.060005
2.653653
2.161110
1.486415
1.112022
0.851505
1.007703
1.064738
0.636807
0.990884
1.297602
1.714277
1.489190
1.509283
1.726007
1.395196
0.710984
0.385661
-0.215034
-0.690264
-1.232274
-0.832801
-0.789737
-0.694085
0.268660
1.065758
1.456794
1.191946
1.250153
0.937616
0.435298
0.112007
-0.707295
-0.938766
-1.108834
-1.078026
-0.698432
-0.351222
-0.318682
-0.785160
-0.647275
-0.653180
-0.912617
-0.790846
-0.550740
-0.521913
-0.319442
-0.058511
-0.955813
-2.021037
-2.229743
-1.615376
-1.277692
-0.994867
-0.070661
-0.146199
-0.111920
