-0.010061
-0.615190
-1.506707
-1.956755
-1.053401
0.823468
1.849124
1.414969
0.579503
0.660137
0.060380
-0.374629
0.078582
-0.053513
-0.420503
0.186462
-0.049494
0.103177
0.661764
0.396876
0.391218
1.238277
1.337096
1.491581
1.542543
0.495333
0.931446
0.627202
0.452774
-0.241952
-1.227712
-1.723885
-1.106694
-0.128675
0.488421
0.377944
0.784309
-0.062917
-0.502529
-1.000309
-0.439538
0.117686
0.375095
0.426965
0.972473
1.224575
0.819545
0.011230
-0.476648
-0.540758
-0.937757
-1.049704
-0.947747
0.050578
0.507829
0.037360
-0.139705
-0.137364
0.367839
1.106253
1.959265
1.644362
0.866968
-1.031885
-1.368592
-1.307997
-0.646391
0.194852
0.756437
0.294415
0.819260
0.584877
0.187323
0.257507
0.689738
1.291206
0.130121
-1.211886
-1.855959
-2.894504
-3.006967
-2.325743
-1.154474
-0.379936
0.196359
0.501748
0.387863
0.273446
-0.875529
-0.951812
-0.460560
-0.348178
0.892774
1.070520
0.803810
0.202647
-0.008801
0.390594
-0.141361
-0.102784
0.158979
0.654358
0.477392
0.058971
-0.257501
0.173197
0.913829
1.409776
0.679301
0.547823
1.169833
0.840652
0.833592
1.520474
1.811554
1.354982
0.798364
0.585016
0.434463
1.174481
1.700616
3.274266
2.234210
1.252929
1.194547
-0.096346
-1.022859
-1.401964
-1.546792
-2.571949
-1.776625
-0.888199
-0.052033
0.327570
0.019619
0.765903
1.021989
1.208588
0.855077
0.512921
0.145207
-0.635420
-1.067722
-0.811791
-0.888485
-0.140907
0.016460
-0.690656
-1.427693
-0.745990
-0.812939
-0.510754
-0.445828
-1.207604
-0.286499
-0.697578
-1.159203
-0.600741
-0.161562
-0.236618
0.118835
0.126638
0.412042
0.259176
0.389632
-0.324592
0.399236
0.243527
-0.800485
-0.616776
0.160469
0.741671
1.060922
0.247502
-0.940834
-1.057364
-0.717316
-0.908595
-0.656689
-0.195649
-0.077385
0.424306
0.485500
0.802909
0.688838
-0.060438
-0.343989
-0.716694
-0.640394
0.017959
0.512238
0.618768
0.848452
1.112544
0.683635
0.069561
-0.384556
-0.716689
-0.860785
-0.987618
-1.060878
-0.605233
-0.334016
0.597531
0.734585
0.621117
0.616173
0.081730
-0.495060
-0.783279
-1.216850
-1.102057
-0.322892
0.006724
0.102995
0.232166
0.477305
0.139602
-0.485661
-0.365060
-0.463438
-0.124031
-0.008391
0.183912
0.589751
0.687196
0.124194
-0.214577
-0.505169
-0.297204
-1.065310
-0.548217
-1.283083
-2.332076
-2.938257
-2.824633
-1.747739
-0.846939
-0.112019
0.358279
0.319099
-0.588570
-0.496633
-0.835049
-1.456555
-0.979753
0.435017
1.270440
1.907649
2.714977
1.605371
1.166507
1.415682
0.554357
0.430820
1.251125
0.430820
1.251125
1.262724
1.412896
1.426483
0.945629
0.982722
0.684167
0.760991
1.697868
2.286609
2.354504
1.593329
0.131768
-0.528396
-0.912588
-0.863480
-0.525491
-0.672032
-1.213371
-0.417524
0.617560
0.729960
-0.091777
-0.900608
-0.423306
-0.076276
0.887983
1.644845
1.416116
0.464079
-1.257092
-1.684539
-1.347824
-1.226479
-1.380020
-0.962745
-0.563751
0.488014
1.977470
2.460216
1.547582
1.145130
0.503367
-0.472593
-1.319121
-1.941156
-2.665585
-3.262399
-2.886218
-1.383469
-1.089763
-0.495061
0.476602
-0.104957
-0.683365
-0.577863
0.558943
1.621332
2.178083
1.181143
0.648649
0.653541
1.137061
1.347794
0.773276
-0.643211
-0.347796
-0.041981
-0.575852
-0.663021
-0.636624
0.022813
1.084500
0.572226
0.318909
0.435489
0.330610
-0.056359
-0.977458
-1.181123
-1.350177
-1.433493
0.124408
0.616587
0.454785
-0.424703
0.006460
1.477690
1.272565
0.522321
-0.371209
-0.661393
-0.806737
-0.856640
0.684109
0.752648
0.172718
1.056550
1.041932
0.714522
0.258825
0.443945
0.274930
-0.127421
-0.165276
-0.366535
0.384319
0.185446
-0.077864
-0.132976
-0.923330
-1.088766
-1.303408
-1.426365
-0.871819
1.005063
2.089341
2.557341
2.108392
1.584199
0.949499
0.265509
-0.071687
0.156750
0.144712
-1.019545
-1.249252
-0.927372
-0.461728
0.938457
1.114797
1.019036
0.853635
0.396331
0.629988
0.781335
0.689850
0.295852
-1.145710
-2.006455
-1.677053
-1.212353
-1.060108
-0.483997
0.128198
-0.132181
-0.268063
0.154916
1.179752
1.959149
0.969718
0.183094
-1.334280
-2.085907
-1.335694
-0.777539
-0.588276
-1.159710
-0.757204
1.110305
1.808294
1.428235
0.459291
0.804197
1.147808
1.201955
0.870987
0.686316
0.482130
0.627421
0.071555
-0.598730
-0.671709
-1.154929
-1.735791
-1.521612
0.299719
1.491420
1.607143
1.729948
1.758835
1.116129
0.532327
-0.081014
-0.753213
-1.197069
-1.880086
-2.065664
-0.400277
0.458358
0.098349
-1.827327
-2.651723
-1.041313
-0.472173
-0.178546
0.177675
-0.420347
-0.571940
-0.695987
0.023564
-0.571753
-0.418192
0.468758
-0.049797
-0.381312
-0.498783
-0.274341
0.671800
0.357465
-0.649718
-0.714891
0.452526
1.160200
1.325241
1.769776
0.665690
-0.603035
-0.947739
-1.344130
-0.720611
-0.152782
-0.476462
0.429785
1.415754
2.702436
3.026769
2.714174
2.700615
3.095572
2.298151
1.364132
-0.202587
-0.673109
-0.413502
-0.441800
-0.668697
-0.459040
0.274265
0.632827
1.748630
2.532439
1.130461
0.145209
0.193852
-0.090532
-0.214249
-0.667636
-1.266130
-1.291501
0.023124
0.454696
-1.039865
-2.116092
-2.812152
-3.039041
-2.028050
-1.102701
-0.669281
0.375271
0.749788
0.553997
1.017350
0.885701
-0.364444
-1.614735
-1.702673
-1.399245
0.030989
0.345568
-0.086258
1.365008
2.112200
1.415830
1.439422
0.720017
-0.185908
-0.804553
-0.747367
-0.737999
-0.124811
-1.128480
-1.785221
-1.376258
-2.011685
-1.142461
-0.576587
0.248388
0.852490
0.903369
0.397086
-0.446276
-0.109425
-0.143008
-0.066978
-0.114740
-0.325797
-0.318954
0.263022
0.390341
0.110748
0.112997
-0.416877
0.067759
-0.417544
-0.337540
0.441535
0.778486
0.692014
0.884009
1.047038
1.270813
0.964661
0.255254
-0.278073
0.363351
-0.595010
-0.946472
-0.077153
0.330020
0.132851
-0.252770
-0.433433
-0.107746
0.684452
1.029303
0.816867
0.450143
-0.136089
-0.022038
-0.143611
-0.268369
0.233385
0.089802
0.351515
1.253558
0.427649
-0.688950
-0.475745
0.529095
1.416639
1.161897
0.122262
-0.437101
-0.305177
-0.720262
-0.414151
-0.216159
-0.692826
-0.626804
-0.338781
-0.092520
0.182498
1.228792
0.737023
0.291698
-0.186629
-0.401848
-0.272420
-1.095113
-1.345524
-1.309419
-0.262726
0.084551
-1.119196
-1.423738
-0.344963
0.637098
1.107580
0.421171
0.773004
0.101352
-0.298932
-0.134713
0.192743
0.164731
0.401963
0.771508
0.471090
0.276868
0.875054
-0.054249
-0.587062
0.132727
-0.008104
-0.013292
0.295312
0.851104
1.795045
2.072085
1.363273
-0.779074
-0.995707
-0.331941
0.445695
-0.118048
0.311625
-0.159381
-0.105744
0.112130
-0.001842
1.076254
1.423032
2.580542
2.366230
1.817251
0.893354
0.117349
0.128659
-0.615686
-1.158055
-0.843051
-0.138887
-0.251495
-1.630194
-1.195093
0.381290
0.609157
-0.092299
-0.468778
0.380870
0.556661
0.364609
-0.421165
-0.673958
-0.876745
-0.529390
-0.720561
-1.654491
-2.295074
-2.043976
-1.112976
0.735503
0.170511
-0.487997
-0.075704
-0.492010
-0.439607
-0.465129
-0.377074
0.562269
0.252198
0.009578
-0.170020
0.147120
0.245254
-0.255398
-0.269113
0.171490
0.914479
0.459283
-1.343131
-0.953736
-0.191491
0.358900
0.558318
0.527846
1.005601
0.833483
-0.026434
-0.412699
-0.669513
0.085342
0.481846
-0.145204
-1.025311
-1.364382
-1.657052
-1.709737
-0.679227
-1.385938
-2.059116
-1.577041
-1.006515
0.007646
1.214241
1.252915
0.517650
0.276036
0.716917
-0.321619
-1.347270
-0.664974
-0.841901
-0.956871
-0.789586
-0.993591
-0.628145
-0.485941
0.262719
1.299885
1.499725
1.020307
1.247918
0.346413
-0.561502
-0.460708
-1.257254
-0.846363
-0.772770
0.221780
1.167185
1.169619
1.529527
1.360183
0.659614
0.156618
0.411244
0.157714
-0.323673
-0.439359
0.246113
0.147542
0.207411
0.015374
0.197596
-0.020178
-0.972505
-1.254240
-0.596338
0.426991
0.968232
0.387270
0.113648
0.288465
1.066133
0.208668
-0.504175
0.767411
0.524402
0.721432
0.201471
-0.894209
-1.497158
-0.728647
0.428465
1.137471
1.393402
2.101357
0.749515
-0.830257
-0.377707
0.164041
-0.204261
-0.191583
-0.227204
0.531153
1.039794
-0.022764
-0.550032
0.319869
0.710090
1.055760
1.073317
0.873924
0.233010
-0.378502
-0.462273
-0.512184
-0.623461
-0.851273
-1.437975
-1.171508
-0.400724
0.418252
0.594573
1.334536
1.585773
1.116313
-0.396559
-0.673595
-0.630743
-0.816205
-0.384977
0.868933
0.542010
0.918499
1.510903
1.777724
0.509574
-0.339791
-0.785592
-0.768505
-0.434795
-0.167958
0.123349
0.389887
0.277136
0.865681
1.461829
1.428386
1.184491
0.792961
0.201739
-0.387333
-0.354115
-0.328074
0.604091
0.770697
-0.862742
-0.953985
-0.376351
0.578140
1.574686
0.661899
-0.617993
-0.482713
0.890097
0.552199
-0.897761
-0.926148
-0.614629
-0.437062
-0.711322
-0.966451
-1.081250
-0.973910
-0.207571
-0.041079
0.863037
1.932446
0.523051
-0.802730
-0.602640
-0.792902
-1.068884
-1.079456
-1.443036
-0.080621
-0.022574
0.240337
0.746166
0.318774
-0.188017
0.522061
-0.194787
-0.273993
0.344988
-0.395191
-1.067795
-1.070285
-1.345477
-1.143720
-0.736245
-0.230941
-0.176545
-0.152072
0.299617
-0.457054
-1.503073
-0.614111
1.391459
0.203095
-0.524209
0.086440
0.338783
0.964374
0.811401
0.193508
0.154864
-0.589391
-0.868767
0.617637
0.887802
0.471464
-0.380438
-0.946848
-1.318315
-0.611971
-0.119053
0.044618
-0.488774
-0.267793
0.558990
0.382937
-0.827465
-1.074824
0.129248
1.845331
1.735436
1.380757
1.265412
0.912745
0.895247
1.153289
0.815131
0.305270
-0.330689
-0.949501
-2.071902
-1.414469
-0.870331
-1.122792
0.215136
1.723623
1.491125
0.938934
0.582288
-0.072391
-0.270612
0.402848
0.404139
-0.202050
-0.937604
-0.409970
0.351068
1.478464
1.433705
0.708517
-0.279669
-0.901339
-0.155157
0.949462
0.649659
0.364587
-1.089221
-1.270949
-0.437671
0.357959
0.429924
-0.164882
0.331664
0.170694
0.612490
0.436127
0.373307
0.830249
0.917074
1.029542
0.321226
-0.338613
-0.349429
0.866156
0.150050
-1.228104
-1.107051
-0.413066
0.195314
-0.043696
-0.361958
-0.629421
-1.634433
-2.734477
-2.513668
-1.625651
0.255099
1.457908
2.095229
2.009701
-0.245709
-2.284514
-3.568458
-3.431811
-2.970213
-2.633494
-1.811859
-1.858921
-0.531793
0.648497
0.575194
-0.464477
-0.529738
-0.167179
-0.226742
-0.797817
-0.620707
-0.072824
