-0.274683
-0.903574
-1.537898
-0.896053
0.025915
-0.234930
-0.818711
-1.258074
0.338383
1.507253
0.878585
0.441081
0.096373
0.216667
0.654349
0.460891
-0.585196
-1.248839
-1.226350
-1.225548
-1.764269
-1.713382
-1.085077
0.434532
1.583630
1.591621
0.686132
-0.174756
0.185901
0.014436
0.090145
0.401613
0.223789
0.402727
0.224779
0.923517
0.520708
0.464423
0.825570
1.416238
0.102042
-0.690683
-0.160934
0.162235
-0.070373
-0.359824
-0.506732
-0.791170
-0.211364
0.815400
0.962632
0.297442
0.128195
-0.207763
-0.561416
-0.491596
0.147230
1.238991
0.939398
0.323245
-1.788088
-1.297622
0.344873
0.029512
-0.848694
-1.325205
-1.195285
-0.617378
1.046178
2.770451
1.687504
0.091837
-0.333751
-0.826595
-1.723130
-1.659515
-0.953648
-0.697066
-1.092589
0.299670
1.547633
0.610692
-0.903790
-1.745717
-1.440070
-0.034666
0.125069
0.827652
1.824063
1.200431
0.345798
-0.629234
-0.718269
-0.537376
-0.265419
-0.323383
-0.003003
0.120021
0.668025
0.436904
0.713746
0.401501
0.218796
1.701386
1.376682
0.176982
-1.508012
-2.097918
-1.216357
-1.339737
-1.523083
-1.590312
-1.584443
-0.336752
1.056575
-0.229594
-0.530887
-0.209859
-0.092669
0.109206
-0.156056
-0.150737
0.660004
-0.091782
-1.224923
-0.372943
-1.048081
-0.625327
1.671249
1.163558
1.166937
1.532929
-0.065291
0.050653
-0.254924
-0.852596
1.319058
0.151752
-0.215855
-0.293677
-0.121885
1.246798
1.625867
1.064676
1.805642
2.576921
1.910221
1.996527
1.243868
1.126415
1.614781
0.565097
0.079958
-0.151917
-0.288230
-0.425749
0.175574
0.200510
0.660538
1.130169
0.943284
1.507669
0.175783
0.020211
0.147777
-0.056616
0.139256
0.259012
-0.806087
-1.698106
-1.726098
-1.940404
-2.437409
-1.112413
-0.977686
-0.818016
-0.461519
-0.926566
-0.389347
-0.442669
0.483662
0.978547
1.051287
0.557890
-0.106793
0.220046
-0.063299
0.355510
-0.115454
-1.075612
-0.567352
-0.438055
0.341713
0.069692
-0.647647
0.071511
0.144915
0.079909
-0.058892
0.358027
0.007853
-0.615232
-0.893057
-1.016140
0.225830
0.107725
-0.438068
-1.530593
-1.043882
0.019987
-0.962052
-1.664244
-1.152118
0.280567
2.575643
0.790840
0.213466
1.796612
0.895010
0.458674
0.077719
0.436191
1.097268
1.282521
-0.215487
-0.381469
-0.949223
-1.304450
-1.059415
-1.099866
-1.078221
-0.817162
-0.207835
0.617331
0.265570
0.113452
0.125208
-0.866447
-0.929683
-0.172825
0.606303
-0.881710
-1.066381
-0.053601
0.400667
0.628583
1.002510
0.498165
-0.223585
0.883961
1.371991
1.458291
1.724933
0.837897
0.699122
0.733225
0.699122
0.733225
1.020641
1.727325
1.465516
1.241345
0.460069
-0.652337
-1.393176
-2.335172
-0.373480
1.052810
2.181334
2.022344
2.437270
2.600118
1.563344
0.004084
-0.431115
0.637759
-0.723458
-0.741029
0.470596
0.442878
0.701277
0.656715
1.002044
0.896599
-0.228488
0.357730
1.297257
1.160126
-0.652980
-0.843238
0.112337
-0.314305
-0.976451
-1.121605
-1.135406
0.406404
0.900579
1.058452
2.006034
2.158879
1.974207
2.189014
1.004739
-0.827173
-0.896337
-1.322066
-2.496629
-0.835337
0.321132
-1.399109
-1.728441
-1.238139
-0.589977
-1.325792
-0.504517
0.894230
0.680296
0.946916
1.760466
1.709148
-0.525601
-1.107665
0.705933
-0.636672
-1.141869
-0.866167
-0.411461
0.161392
0.837731
1.660895
0.871768
0.611337
-0.369864
-0.200983
0.759779
0.898703
1.237441
0.254221
0.429365
-0.429115
-1.282810
-0.087660
0.111909
0.009917
-0.393404
-0.053519
0.818351
0.707113
0.136185
-0.825532
-0.335528
0.171833
0.777149
0.173895
-1.367991
-1.107259
-0.353659
-0.274040
-1.167193
-1.877370
-0.386287
0.661996
0.727554
1.494332
1.830101
1.554272
1.230403
-0.122544
-0.839547
-1.336198
-0.647533
-0.883915
-0.871773
-1.663787
-1.730607
0.253722
1.095717
0.449778
0.018829
0.211225
0.438497
0.423620
0.042072
0.632522
0.975784
0.095141
-0.658695
-0.203623
0.502255
-0.212083
-0.677485
-1.269172
-0.842136
-0.110998
-0.514590
-1.999933
-0.699732
1.000515
1.210865
1.095425
0.589731
-1.218151
-1.774428
-0.833764
-0.109390
-0.964371
-1.242186
-0.892203
-0.904953
-0.286063
-0.229375
0.261114
0.288363
0.486201
0.175058
-0.223886
-1.562671
-0.303705
0.398913
-1.133178
-1.060655
-1.254095
-1.201843
-0.724759
-0.356144
-1.382944
-1.518636
-1.543584
-1.141550
-0.402051
-0.623429
-0.133014
-0.188023
0.326654
-0.358380
-1.335500
-1.743283
-0.629648
0.614131
1.109371
2.097085
1.132137
-0.960194
-0.573782
-0.227026
-0.440583
0.175902
1.187608
2.761217
2.189975
1.928351
1.966780
1.446600
1.811737
2.022124
2.138256
1.455539
0.557662
0.765575
0.373237
-0.624685
-1.430744
-2.038538
-1.060742
1.364788
1.256681
0.926212
1.788691
1.451983
1.007267
0.645920
0.813884
-0.101346
-0.962428
-1.172068
-1.790658
-1.361978
0.094200
0.409558
-0.182323
-1.179011
-1.254385
-1.010986
0.122520
0.886027
0.053229
1.001170
1.544076
0.848233
1.143905
0.665051
-0.968695
-2.086931
-1.774427
-1.272403
-0.788659
-0.972372
-0.920985
-1.472579
-0.736307
0.699732
1.303092
1.544008
1.680646
1.479137
0.597064
0.025225
-1.075611
-1.455281
-1.356820
-0.005339
0.919101
0.685622
-0.183548
0.217369
1.204482
0.658263
0.506457
1.110534
0.227537
1.167257
1.514717
0.247513
0.425771
0.466819
-0.518962
-1.012611
0.188560
0.331995
-0.259627
-0.703118
-0.406100
-0.332385
-0.183246
-0.274667
1.135493
0.874618
0.154533
-0.869492
-0.734535
-0.869547
-1.516226
-1.156738
-0.289561
0.011718
0.613605
0.116768
-0.679344
-0.190879
0.167608
0.125587
0.202963
-0.129108
-0.081349
0.209079
0.536179
0.938762
0.654218
-0.687600
-0.691308
-0.198091
1.198151
1.544725
0.993487
0.527828
2.072630
1.995016
0.801134
0.766327
0.457353
-0.002034
0.271565
-0.419759
-0.869991
-0.697361
-0.610736
-1.012755
-0.131846
0.819825
0.638563
0.431854
0.437335
-0.030708
0.018268
0.188452
0.143055
-0.562484
-0.426272
-0.009821
0.516489
-0.170415
-0.190132
-0.356306
-0.658667
-0.710859
-0.215671
0.806964
0.631272
0.915422
0.938941
0.918293
0.249209
0.359708
0.120024
-0.757435
-0.436595
-0.372032
-1.706451
-0.647285
-0.356942
-1.450028
-1.141931
-0.235353
1.181044
1.508031
-0.250389
-1.373742
-2.460640
-2.145671
-0.783914
-0.708723
-1.398251
-1.169979
-0.883289
-0.952222
-0.468238
-0.654833
-1.380950
-1.521106
-0.581716
0.680038
0.750719
-0.367178
-1.207325
-1.925835
-2.244666
-0.793845
-0.699570
-1.671615
-1.704288
-1.504829
-0.277911
0.790564
1.099377
0.853839
0.472988
1.035799
0.852588
1.111026
0.068960
-0.326647
0.464760
0.970015
1.415113
1.481783
0.740864
0.684361
0.836151
1.122167
0.923841
-0.596819
-0.552316
0.503435
0.647366
0.676617
0.415119
0.463565
0.722763
1.048544
0.694080
0.571622
-0.033376
-0.386057
-0.385763
0.098181
0.177193
0.602592
1.199504
0.562009
-0.179433
-0.438331
0.118197
-0.363817
-1.357045
-1.278621
-0.336337
-0.158811
-0.165792
0.781694
0.226765
0.449877
-0.501148
-1.160507
-0.505232
-1.000519
-1.023865
-1.477640
-1.878863
-0.572071
-0.543379
-0.450521
0.147843
0.258170
1.095383
0.540636
0.450872
0.403682
0.481189
1.613353
2.020079
1.157797
0.345064
1.653100
2.724581
1.310189
1.127214
1.330996
0.670147
-0.407646
-1.287871
-1.435591
-1.246920
-0.774968
-0.308872
0.214929
-0.109098
0.120634
-0.609017
-0.753326
0.285875
1.149967
1.097935
0.690443
0.183812
0.522307
0.822432
0.462563
-0.058815
-0.567037
-0.683858
-0.323128
0.378864
0.546512
1.160521
1.269883
0.317343
-0.283128
0.242070
0.180286
-0.042460
1.010779
1.177507
0.237844
0.616029
1.157340
1.570253
0.834006
0.231661
-0.150308
0.938950
0.478374
0.311290
0.144305
-0.651062
-0.664936
-0.103938
-0.326062
-0.716802
-0.289585
0.694288
0.492637
0.024219
-0.073795
-0.292827
-0.721227
-0.459314
-0.327927
-0.908836
-1.436851
-1.217042
-0.689574
-0.228189
-0.258376
-0.330308
-0.785394
-1.397080
-0.552385
-0.341409
-1.419214
-0.644172
0.088936
0.072964
0.733288
0.368069
-0.463502
-0.824478
-1.131846
-0.852068
-0.654058
-1.181673
-0.737496
-0.454212
-0.222654
-1.075847
-1.377218
-0.836231
-1.362370
-0.729080
-0.077334
-0.276789
-0.243238
-0.157358
-0.006419
-0.106233
0.346677
0.839281
0.445169
0.210724
-0.110759
-0.655973
-1.226100
-0.922960
-0.467878
-0.239835
-0.519796
0.343937
1.775952
-0.398742
-1.184585
-0.294378
-0.671912
-0.747743
-0.815290
-0.421708
0.194270
-0.350586
-0.289231
-0.615471
-0.790931
-0.781396
-0.176623
0.370576
0.394033
0.121900
0.826177
1.443429
1.779752
0.913625
0.124631
0.269555
0.471183
-0.149089
0.170696
1.016197
0.893759
1.063315
1.837076
2.019826
2.872842
3.571256
2.146704
1.207301
3.443348
2.223835
0.376241
0.019305
0.423339
-0.143714
-0.357014
0.094079
-0.198092
0.090906
1.071309
1.716110
2.246523
1.596936
0.626938
0.098254
-1.643157
-2.469962
-1.715056
-1.635678
-0.286350
0.243682
0.162326
-1.157664
-0.838654
-0.833645
-0.857026
-0.210406
0.636225
1.639713
1.710916
1.086889
-1.005374
-1.236123
-0.287868
-0.282576
1.610966
1.275506
0.078289
-0.218631
-0.987500
-1.506009
-1.033239
-0.453975
0.371636
1.554547
1.154291
0.745572
0.278398
0.626851
0.342900
-0.640174
-1.344473
-1.440372
-1.206692
-0.609537
0.746764
1.201560
0.925151
0.766593
0.419487
1.465390
1.362953
1.005500
0.968992
-0.226883
0.044079
-0.536979
-0.241564
-0.693744
-1.920356
-0.825357
0.407882
-0.812030
-1.204936
-0.203363
0.500762
0.407145
0.124042
-0.169677
0.567757
1.143474
-0.047136
-0.416952
0.328265
-0.359846
-0.617243
-0.333385
0.508354
-0.096211
-0.629090
-0.663439
-0.207400
1.570314
1.904129
0.681109
0.133805
0.052445
0.390645
0.121650
-0.188015
-1.214215
-0.430316
-0.076336
-0.273449
-0.362738
-0.957903
0.174131
0.950572
-0.720247
-0.855692
-0.213785
-0.171697
0.375470
0.183556
0.389388
-0.470292
-0.641964
-0.457498
0.452423
-0.157530
-0.238511
0.125485
-0.849488
-1.307764
-1.162889
-0.084490
0.351876
0.969843
0.908743
-0.322564
-2.060287
-1.435907
-0.867977
-1.464884
-0.645077
-0.029861
-0.343421
-1.223782
-1.952979
-1.645455
-0.949071
-0.300465
1.242691
1.929472
2.290678
0.981398
-0.514963
-1.116286
-0.757922
-1.544080
-0.780804
0.283750
-0.693862
-2.136108
-2.934347
-3.273716
-3.707998
-2.411454
-1.084236
1.285297
1.842882
