0.330209
1.264319
1.258116
1.115223
0.602052
-0.276033
-0.629889
-0.642658
-0.656242
-0.260395
-0.070441
0.109238
-0.101828
0.273017
0.474721
0.689556
0.690888
0.009690
0.143541
1.606407
2.380783
2.953581
2.502285
1.712744
0.818376
0.489184
0.404850
0.132213
0.160032
-0.455265
-1.588291
-2.143711
-1.677614
-1.263804
-0.874776
-0.848273
-0.632628
-0.369777
0.159906
0.476470
0.273875
-0.155830
-0.319809
-0.169392
-0.559683
-0.710209
-1.157797
-1.515750
-1.534239
-1.071172
-0.778733
-0.635325
-0.823780
-0.794608
-0.409370
0.121184
0.441845
0.495111
0.210868
-0.237184
-0.124056
-0.124054
-0.037272
0.174988
0.081551
-0.030073
-0.020482
0.381976
0.508408
0.145795
-0.305062
-0.861463
-1.383772
-1.657724
-1.627826
-0.952315
-0.584938
0.382758
0.897515
0.246292
-0.677184
-0.404274
0.409805
1.650270
1.556614
1.060182
0.097294
-0.638495
-0.743244
-0.683556
-0.296624
0.509226
1.431413
1.358179
1.321364
1.469341
1.169419
1.007821
1.372418
1.430904
1.364204
1.029485
1.121046
0.652690
-0.628705
-1.572413
-1.791778
-1.821260
-1.444750
-0.427745
0.591681
1.018589
1.439694
2.029649
2.455563
2.818628
2.244074
1.329134
-0.239345
-1.215730
-1.672620
-1.681986
-1.447523
-1.719790
-1.792974
-1.316235
-0.217002
0.499888
0.857233
0.698298
0.731634
0.554372
0.885020
0.857182
0.461253
0.116035
-0.199821
-0.600099
-1.400759
-1.567197
-1.277975
-0.412554
0.165990
0.842666
0.758313
0.685725
0.668708
0.742034
1.112773
1.638837
1.326732
0.598162
-0.054665
-0.917971
-0.649115
-0.145784
0.359145
0.552945
0.138039
-0.737312
-1.659578
-1.699632
-1.773802
-1.506113
-0.936377
-0.488952
-0.200476
-0.117862
0.113758
0.393333
0.185726
0.135282
0.128085
0.166059
0.213118
0.542149
0.864954
0.993274
0.735393
0.738807
0.538340
0.131311
-0.781432
-1.652962
-2.305924
-2.275938
-2.072983
-1.837514
-1.147521
-0.709570
-0.188403
0.207430
1.606032
3.322571
4.044577
3.966412
3.827215
3.121618
2.575880
1.964152
0.812558
-0.227938
-1.196948
-2.098700
-2.540532
-2.132264
-1.888738
-1.906871
-2.174308
-1.990487
-1.522568
-1.037779
-1.226472
-0.994484
-1.009584
-0.651219
-0.452128
-0.355236
0.181442
0.362737
0.685093
0.608351
0.617838
0.823267
0.507921
0.306878
-0.230376
-0.497082
0.053994
-0.093736
-0.020915
-0.149446
-0.372468
-0.539162
-0.907077
-0.663848
-0.575964
-0.190075
0.522186
1.182826
1.665595
1.401531
0.604945
0.499386
0.156390
-0.003239
-0.621272
-1.373055
-1.258235
-1.698853
-2.000708
-1.783406
-0.854718
-0.344835
0.038701
-0.046236
0.564896
0.591984
0.501842
0.027502
-0.437378
-1.056965
-1.343096
-0.863785
-0.568261
-0.572038
0.083651
1.190789
2.042341
2.607350
2.976790
2.458533
1.887211
1.124123
0.433378
-0.238035
-1.146534
-1.302437
-1.180244
-0.948974
-0.996766
-0.748417
-0.609578
-0.671266
-0.189264
0.274261
0.402872
0.171839
-0.070069
0.140666
0.330303
0.213048
0.091788
0.308639
0.849299
1.047938
0.963012
0.490812
0.083319
0.077982
0.084884
-0.016224
-0.129743
-0.382899
-0.734155
-1.174729
-1.546665
-1.374826
-1.157440
0.100451
0.913054
1.408924
1.990766
2.450265
2.475865
2.262552
1.797766
0.770048
-0.320685
-1.072176
-1.379598
-1.318406
-1.556878
-2.042278
-1.928179
-1.436495
-0.509326
0.514261
1.058949
1.264297
1.240737
1.245648
0.776408
0.516325
0.287140
0.261242
0.074430
-0.146083
-1.029066
-1.394666
-1.162461
-0.867307
-1.067519
-1.335897
-1.254333
-1.191286
-0.878619
0.128133
1.112073
1.842018
1.787923
1.675731
1.063183
0.355346
0.040218
-0.400198
-0.221899
-0.430781
-0.906142
-0.908678
-1.041223
-1.598037
-1.960374
-1.131579
-0.518962
0.153899
0.420605
0.450178
0.243415
0.175866
-0.019880
0.227710
-0.194667
-0.384169
-0.810399
-0.727735
-0.349252
0.263207
0.772630
1.031977
1.463716
1.782373
1.497730
0.956333
0.692483
0.216532
-0.556539
-0.847670
-1.220815
-1.864508
-1.500736
-1.257785
-1.247794
-0.635885
-0.311395
0.080379
0.855627
0.961688
0.850920
0.881367
0.394036
0.451339
0.334620
0.143563
-0.456807
-1.325326
-1.974581
-1.949580
-2.020637
-1.942648
-1.069150
-0.676794
-0.007143
0.260804
0.896159
1.968057
2.137795
1.829596
1.081806
0.611607
0.768879
0.280239
0.075148
-0.795392
-1.669139
-1.597962
-1.525481
-1.411653
-1.159143
-1.139820
-0.702226
-0.517635
-0.302325
-0.071422
-0.050843
0.102380
0.321287
0.134507
0.214819
0.179611
0.496470
0.747141
1.292040
1.915208
2.153642
1.762507
1.690041
1.682886
1.874650
1.721676
1.371333
0.663035
0.237362
-0.003422
-0.099946
-0.158290
-0.345163
-0.752415
-1.002931
-0.809392
-0.410262
0.270706
0.543422
0.939694
0.841069
0.585073
0.840415
0.954202
0.579402
0.227479
-0.591105
-1.370385
-1.269744
-1.335915
-1.207885
-0.797371
-0.382266
-0.234632
0.255104
1.230010
1.525985
1.206633
0.505614
0.131276
-0.188058
-0.742920
-0.935532
-1.246734
-1.312122
-1.043139
-0.759604
-0.354795
-0.622344
-0.045386
0.387303
0.409333
0.611645
0.712619
0.831014
1.062797
0.618964
-0.265645
-1.031624
-0.864939
0.120276
0.110093
-0.164256
-0.179508
0.026396
0.587061
1.180864
1.165199
0.724022
0.304519
0.703643
0.810860
0.460340
-0.085134
-0.506597
-0.830673
-1.088778
-0.784739
-0.934515
-0.473202
-0.366968
-0.070638
-0.070363
-0.109931
-0.385293
-0.378320
-0.141982
0.801826
1.260292
1.313151
1.302348
1.034838
0.629164
0.234993
0.197076
0.058164
0.177519
0.348533
0.160554
-0.237836
-0.155152
-0.098467
0.096223
-0.016101
0.043592
-0.088502
-0.161738
-0.415329
-1.102003
-0.932010
-0.859242
-0.010028
0.612086
0.816072
0.548283
0.041999
-0.322968
-0.060714
0.012668
0.040261
-0.537989
-1.518514
-1.661565
-1.263775
-0.371630
-0.051796
0.202780
-0.089035
-0.096800
0.120690
0.426439
0.523801
0.771820
0.681129
0.379576
-0.537017
-1.082789
-0.695272
-0.066271
-0.050784
-0.889780
-1.483223
-2.133140
-2.113019
-1.372596
-0.595963
-0.121422
0.367761
1.159439
1.543441
1.924137
2.362576
2.084569
1.270639
0.317315
-0.625688
-0.771604
-0.995150
-1.194079
-1.001227
-1.064418
-1.194972
-0.979762
-0.611610
0.210657
0.480415
0.432356
0.210227
0.584741
0.408565
-0.004794
-0.361955
-0.622540
-0.593058
-0.409897
-0.298433
-0.242035
-0.798182
-1.180323
-0.509814
0.593769
1.227887
1.659099
1.545542
0.576773
-0.256649
-0.786466
-1.377523
-1.595932
-1.401656
-0.861627
-0.957905
-0.310921
0.441767
0.833858
0.923393
1.471616
2.136031
2.019071
1.768075
1.097663
0.496217
-0.178345
-0.545262
-0.760191
-0.544971
-0.691231
-0.666243
-0.554213
-0.046059
0.150153
0.237678
0.107795
0.254766
0.495711
1.086780
1.081821
1.195509
0.812223
-0.038081
-0.634887
-0.887286
-0.823524
-0.534503
-0.273438
-0.019280
-0.140407
-0.574680
-0.523997
0.063092
0.692536
0.997547
1.133228
0.783014
0.569351
0.211203
0.133537
0.847474
1.144514
0.828310
0.189435
-0.198699
-0.200337
-0.189561
0.107351
0.570882
0.595846
0.523148
-0.366992
-0.646965
0.153721
0.702217
0.542779
0.518559
0.737719
0.665033
0.361808
0.333132
0.215336
-0.643754
-1.411517
-1.766035
-1.564968
-1.239011
-1.281036
-1.200924
-0.604775
0.157144
0.908301
1.340068
1.759911
1.288127
0.546009
0.300481
0.262416
0.123276
-0.425410
-0.775890
-1.017206
-0.984012
-0.800638
-0.970185
-1.157559
-0.981733
-0.686157
-0.412798
-0.203411
-0.219546
0.063940
0.100245
0.777506
0.970574
0.563900
-0.269298
-0.906966
-1.286561
-1.132744
-1.068599
-0.554322
0.358627
0.767292
1.119706
1.422689
1.060274
0.197502
-0.453989
-1.205801
-1.570611
-1.584488
-1.865517
-2.748605
-2.322359
-1.357845
-0.260844
0.408779
0.985849
1.719536
2.185299
2.587728
2.413498
1.764958
1.036569
0.189407
-0.798607
-1.113922
-1.690576
-2.198641
-2.633036
-1.951746
-1.046283
-0.383794
0.486936
0.495273
0.836218
1.507161
1.678775
1.176086
0.491840
-0.251944
-0.903632
-1.010342
-0.417043
-0.379042
0.000526
-0.206557
0.007518
0.596206
1.460852
1.667597
0.927380
0.604532
0.483645
0.767436
0.738488
0.294090
0.000490
0.169456
-0.125639
0.079262
0.433636
0.354310
0.606674
0.794200
0.506753
0.067221
0.043158
0.060440
-0.232098
-0.066098
0.355948
0.271913
0.040178
-0.199090
-0.296207
-0.808097
-0.704787
-0.552331
-0.480149
-0.538834
-0.550536
-0.063323
0.586845
0.823460
1.132242
1.297157
1.383662
1.505972
1.542579
1.387333
0.851976
0.656620
0.442653
0.254353
0.194038
-0.151608
-0.304331
-0.399877
-0.166353
-0.408136
-0.676437
-0.420590
-0.008693
0.640510
1.140752
0.775489
0.605507
0.435715
0.276464
0.148185
-0.651089
-1.262540
-1.482215
-1.308607
-1.003351
-0.838209
-0.399862
-0.316185
-0.481261
-0.449036
-0.153637
0.056103
-0.185312
-0.355346
-0.810507
-1.408749
-1.304947
-1.420286
-1.531887
-1.365193
-1.180417
-1.296209
-1.423158
-1.407134
-0.659837
0.298855
0.636693
0.189554
0.302787
0.628887
0.484389
0.314139
-0.053925
-0.304143
-0.519092
0.249234
0.328972
-0.020502
-0.425229
-0.518729
-0.364251
-0.002957
0.094211
0.551323
0.488953
0.111555
-0.424693
-0.557987
-0.830109
-0.473454
0.046560
0.506684
0.863137
0.736691
0.868502
0.789028
0.477623
0.534278
1.007052
1.005859
0.483050
-0.189637
-0.117257
-0.182488
0.154949
0.203918
-0.312922
-0.498987
-0.446151
-0.351005
-0.393354
0.025450
0.959821
1.410868
1.215018
1.265464
0.831641
0.885162
0.902305
0.839698
0.547209
-0.263642
-0.333137
-0.491733
-0.232659
-0.155674
-0.078908
-0.033169
-0.072334
0.094346
0.385309
0.547404
0.517388
-0.066016
-0.235062
-0.348366
0.153973
-0.007624
-0.471839
-0.339094
-0.493647
-0.649256
-0.271544
0.295506
0.261772
0.531814
0.997386
0.976898
0.483658
0.376462
0.307148
-0.408532
-0.813598
-1.042780
-0.500282
-0.513878
-0.474508
-0.720119
-0.894854
-0.578709
-0.317455
-0.026590
-0.049085
-0.431452
-0.147733
-0.097526
-0.585365
-1.553713
-1.813885
-1.678222
-1.706420
-1.079024
-0.530667
-0.255070
0.112738
0.117335
0.583941
0.915496
1.068153
1.290993
1.325846
0.992467
0.517396
0.468228
0.284553
-0.439409
-0.452404
-0.605274
-0.626101
-0.566698
-0.255263
-0.786706
-0.737493
-0.291362
0.588647
1.250388
1.645624
1.543270
0.972160
0.398401
0.286483
0.054590
-0.659411
-0.814338
-0.105163
0.429094
0.228083
-0.068550
-0.035124
0.857797
1.000967
