-0.093713
-0.280391
-0.087753
-0.006350
0.145674
0.584108
0.676330
0.670274
0.458766
-0.003010
-0.033761
-0.074273
-0.063487
-0.545161
-0.564804
-0.373373
0.446500
0.848698
0.566151
-0.359767
-0.878469
-0.967962
-0.961906
-0.445665
0.176001
0.285568
0.602964
0.964737
1.406415
2.087712
2.495400
2.402624
2.007440
1.972009
1.907090
1.926173
1.913717
1.951985
1.207663
-0.123748
-0.905487
-0.487827
0.157408
0.071154
-0.701775
-1.247635
-0.834857
-0.349241
-0.150061
-0.114775
-0.662458
-0.947988
-0.506481
0.123068
0.265211
-0.068978
-0.186627
-0.136180
-0.399361
-0.396341
-0.493857
-0.289197
-0.417691
-0.427335
-0.503765
-0.802129
-1.009716
-0.447982
-0.346293
-0.268368
0.129258
0.649655
0.582328
0.533547
0.766521
0.569605
0.502233
-0.254620
-0.814457
-1.611791
-1.433037
-1.601946
-1.685674
-1.383697
-1.063081
-0.479871
-0.308286
0.048210
0.376368
0.643572
0.582666
0.093878
-0.495417
-0.564776
-1.014955
-0.892878
-0.972275
-0.722043
-0.599404
-0.538082
-0.390449
-0.280176
-0.193460
0.199649
1.074755
1.643629
2.272554
2.870768
2.625200
1.511857
0.587296
-0.266405
-0.505627
-0.795560
-1.024164
-1.107633
-1.019804
-0.231082
0.191498
0.338201
-0.064429
-0.879876
-1.265754
-1.300777
-1.165517
-0.539430
-0.569851
0.079019
-0.220584
-0.383164
-0.556228
-0.501405
-0.200284
0.603995
0.656383
0.540100
0.860945
0.915218
1.029621
1.299528
0.754837
-0.086995
-0.796988
-1.010851
-0.693486
-0.352917
-0.375065
-0.119012
0.015418
-0.112362
0.224072
0.166078
-0.422121
-0.385013
-0.142417
0.123606
-0.024191
0.147321
0.175698
0.815371
1.199961
1.366680
1.079703
0.502585
0.398115
1.008450
1.474277
1.552520
1.356575
0.393431
-0.603766
-0.856198
-0.664352
-0.845086
-0.999160
-1.313538
-1.230522
-1.319667
-0.335976
1.286405
2.535081
2.372471
1.947244
1.561325
1.791630
2.247288
2.241013
2.060637
1.257596
0.630971
0.083242
0.030742
-0.751388
-2.267598
-3.672515
-3.548053
-2.867204
-2.084853
-1.349635
-0.670963
-0.076309
0.629659
1.198688
1.205468
1.015631
0.355067
-0.257078
-0.087641
0.682339
-0.166833
-0.957618
-0.733245
-0.502639
0.120352
-0.092568
-0.168501
0.429374
0.719780
0.385361
0.141730
-0.389631
-0.456296
-0.447311
-0.469444
-0.557428
-0.537159
-0.624635
-0.660537
-0.975305
-0.687847
-0.004908
0.288667
0.306175
-0.242940
-0.771956
-1.570925
-2.107725
-2.374280
-2.133025
-2.163413
-1.332931
-0.361242
-0.068278
0.241043
0.337546
0.391021
1.262342
1.814366
2.332469
2.553078
2.285353
1.263231
-0.132505
-0.690919
-1.585688
-1.882822
-1.930035
-2.512316
-2.585634
-1.590284
-0.995236
-0.324050
0.235627
0.057551
0.331417
0.947833
1.346097
0.727347
-0.326111
-1.247671
-1.331120
-0.798684
-0.093822
0.230804
0.419308
0.818739
1.414949
1.471953
1.798355
1.620127
1.568847
1.791999
1.508159
1.245099
0.449603
0.057936
-0.235570
0.370249
0.568501
0.792157
0.574501
0.072207
-0.650487
-1.077134
-1.215251
-1.045187
-0.313026
0.684378
0.918431
0.293392
-0.103358
-0.614437
-0.721949
-0.546387
-0.253041
-0.050355
0.632713
1.210791
1.212017
0.934657
0.849535
0.476467
-0.218434
-1.239986
-1.835642
-1.616276
-1.635291
-1.332462
-0.680082
0.076877
0.821046
1.276260
1.459722
1.830650
1.938712
1.375094
0.591893
-0.322697
-0.854189
-1.081057
-0.892696
-0.689405
-0.297131
-0.116088
-0.315102
-0.742899
-0.715168
-0.304065
0.942354
1.625385
1.634627
1.294173
1.315230
1.277766
0.945696
0.812763
0.476884
0.358960
0.014755
-0.558016
-0.826004
-0.715504
-0.446881
0.146786
0.691010
0.911937
0.466829
0.287072
0.258279
0.039121
-0.074313
0.240906
0.523793
0.460017
0.396160
-0.019957
-0.188700
-0.365328
-0.344472
-0.414441
-0.395193
-0.377403
-0.151413
-0.120235
0.108113
-0.018258
-0.707137
-0.361828
-0.306727
-0.470421
-0.892189
-1.216402
-1.275308
-0.951376
-0.785930
-0.387989
-0.072809
0.470072
0.953354
0.783207
0.700301
0.701649
0.301795
-0.569285
-1.086603
-1.341558
-1.654688
-1.572311
-1.255868
-1.004303
-0.219878
0.033039
0.337824
0.572208
1.261603
1.281740
1.509431
1.954501
1.899303
1.365122
0.723800
0.674067
-0.148388
-0.315969
-0.159650
-0.817814
-1.277048
-0.942931
-0.814470
-0.435162
-0.304262
0.274273
0.910692
1.139575
1.166794
0.620250
0.279582
-0.021907
-0.607407
-0.793764
-1.011349
-1.257875
-0.861334
-0.648644
-0.219860
-0.086786
0.120537
0.148300
0.416972
0.594302
0.274425
0.084444
-0.446825
-0.693357
-0.894863
-0.639272
-0.707903
-0.720826
-0.358510
-0.081997
-0.197283
0.378132
0.600819
0.372776
0.287462
0.448833
0.903872
0.945529
1.135620
0.915641
0.673661
-0.138036
-0.511774
-0.563835
-0.253964
0.111521
-0.049926
-0.128746
-0.056349
0.031692
0.309782
0.631132
0.937186
1.494420
1.814381
1.360409
0.302917
-0.159182
-0.724645
-1.059408
-1.212404
-1.093509
-0.914756
-0.432627
-0.121089
0.382696
1.012867
1.536742
1.685489
1.735602
1.384143
0.521556
0.280196
-0.425375
-0.846217
-0.825353
-0.435126
0.262424
0.777853
0.786697
0.992356
1.400532
1.933159
1.886301
1.152080
0.733120
0.683956
0.470868
-0.357392
-0.867703
-1.978685
-1.999538
-1.797402
-0.960743
-0.811399
-0.920658
-0.626581
0.301490
0.937609
1.057918
0.428343
0.300964
0.369785
-0.240660
-0.140047
-0.479387
-0.479127
-0.709207
-0.741271
-0.728650
-0.721517
-0.881016
-1.060761
-1.215357
-1.225588
-1.057594
-0.400470
0.062885
0.020936
-0.104587
-0.611538
-0.660226
-0.633602
-0.186306
-0.721948
-1.071562
-0.899185
-0.788896
-0.521687
-0.430100
-0.481453
-1.124881
-1.552663
-1.602253
-1.123977
-0.963692
-0.813918
-0.632768
-0.260393
0.090778
0.172489
-0.199125
-0.129625
0.089132
0.167465
-0.123113
-0.451241
-0.285089
-0.307003
0.170481
0.592156
0.315782
-0.106883
0.099099
-0.026664
-0.349786
-0.746829
-0.820774
-0.474346
-0.090424
0.018685
-0.234287
-0.071953
0.159406
0.436229
0.506212
0.938084
1.571114
1.844927
1.322434
1.145879
0.977153
0.667550
0.387110
-0.287682
-0.492347
-0.111565
0.369567
1.338693
1.703576
1.156087
1.173095
1.207422
1.191495
0.926988
1.001917
0.989049
0.717733
0.027803
-0.348737
-0.400268
-0.604628
-0.881955
-0.844149
-0.814286
-0.327902
0.249922
0.470453
0.649961
-0.045035
-0.394940
-0.710984
-1.060850
-1.268497
-1.692015
-2.337428
-1.935071
-1.428646
-0.468152
0.608492
0.943370
1.436963
1.657455
1.438086
0.908309
0.612467
0.195932
0.066094
-0.206607
-0.350549
-0.896744
-1.116199
-1.425695
-1.235874
-0.823539
-0.544446
-0.521206
-0.639961
-0.422103
-0.230391
0.245062
0.467347
0.573449
0.832008
1.210460
1.082679
0.953652
0.870138
0.875625
0.586680
0.383364
0.081721
-0.251176
-0.189722
-0.116908
0.264038
0.318389
0.182822
0.002707
-0.189967
-0.106054
0.108648
-0.252664
-0.334665
-0.803932
-1.153166
-1.042671
-1.362278
-0.938584
-0.453240
-0.316122
-0.675178
-0.797219
-0.681381
-0.443751
-0.582603
-0.373486
-0.363280
0.128593
0.561584
0.579217
0.510366
1.129974
1.274131
0.563765
0.047935
-0.097049
-0.113972
-0.333773
-0.197955
-0.057769
0.131755
0.230865
0.675254
0.796830
1.092987
1.072826
1.580264
1.745100
1.399559
0.712170
-0.022879
-0.972777
-1.406555
-1.659068
-1.485766
-0.936688
-0.747876
-0.567237
-0.079021
0.454678
1.176117
1.784230
1.809651
1.784702
1.630208
1.248089
1.402515
1.044389
0.683314
0.454276
0.023655
-0.737165
-0.901402
-1.511984
-1.527751
-0.871597
0.217302
0.660711
0.704499
0.410758
-0.353120
-1.105992
-1.722112
-2.177771
-2.078746
-1.809824
-1.731670
-0.875511
-0.029861
0.732832
0.814691
1.012223
1.378089
1.799631
1.366770
0.612900
0.177153
-0.440650
-0.736814
-1.293924
-1.888169
-1.928428
-1.876682
-1.443484
-0.869369
0.007677
0.949944
1.271282
1.772478
2.344670
2.781976
2.584431
2.178020
1.752102
1.318747
1.314601
0.379483
-0.237070
-0.489871
-0.327916
-0.536543
-0.602944
-0.594141
-0.484530
-0.145355
0.101310
0.250119
0.475343
0.870714
1.404179
1.777641
1.768788
1.717829
1.616722
1.496221
0.735690
0.106349
-0.507131
-0.369885
-0.420512
-0.693997
-0.921275
-1.217668
-1.298813
-1.475136
-1.297532
-0.943762
-0.126093
0.043719
0.270761
0.216424
-0.035677
-0.261958
0.067767
0.058962
-0.149610
-0.235571
-0.088350
-0.399801
-0.454053
-0.385691
-0.447287
-0.265768
-0.448375
-1.704590
-2.726493
-2.855400
-2.915945
-2.839949
-2.724111
-2.695586
-2.637960
-2.097568
-1.861237
-1.437875
-0.996223
-0.644028
-0.146758
0.334608
0.466817
0.272654
0.663653
0.830886
0.874554
0.434034
-0.203128
-0.975335
-1.098562
-0.434922
-0.180404
-0.120555
-0.031364
0.457632
1.136567
1.151201
1.303612
1.586677
1.129126
0.912255
0.768798
1.021751
0.847613
0.314787
-0.106539
0.080131
0.539087
1.131277
1.804650
2.107617
2.203039
2.091391
2.044541
1.400930
0.881950
0.761718
0.578275
-0.176662
-0.942040
-0.850803
-0.232963
-0.125722
-0.436847
-0.573699
-0.524265
-0.234821
0.364870
0.582645
0.461614
0.747806
0.838161
1.086873
0.793663
0.518618
0.439466
0.730103
0.531012
0.676600
0.529847
0.250699
0.341147
0.306135
0.023949
-0.524894
-0.913743
-0.991462
-0.491270
-0.173797
0.358874
0.677919
1.134859
0.944576
0.534130
0.454318
0.443233
0.307125
0.251363
0.564928
0.406648
-0.058758
-0.632257
-0.792891
-0.516181
-0.345617
-0.996317
-1.387386
-2.007651
-1.579183
-0.911502
-0.473568
-0.422879
-0.195969
-0.050605
0.099749
0.403228
-0.059872
-0.204037
-0.175386
-0.313149
-0.451098
-0.413804
-0.456910
0.110264
0.385832
0.136048
0.312280
0.391757
0.442331
0.335023
-0.218506
-0.570193
-0.588495
-0.474808
-0.007230
0.459368
0.401759
-0.096496
0.076213
-0.095398
-0.485128
-0.709169
-0.742935
-1.043091
-1.114763
-0.552627
0.309737
0.929366
1.015792
1.213590
1.238821
1.000190
0.624027
0.508131
0.346267
0.212423
0.191118
0.045658
-0.119005
0.121154
0.905118
0.854763
0.415753
0.116873
-0.120507
-0.369008
-0.493726
-1.063355
-1.539658
-1.950636
-2.134707
-2.446702
-2.518858
-2.518398
-1.859361
-0.531927
0.276171
0.855612
1.103006
1.470705
1.669071
1.740982
1.516599
1.151510
1.019121
0.943144
0.586475
0.190367
-0.234186
-0.660825
-0.713890
-0.798773
-0.502982
-0.612997
-0.911618
-0.306613
0.889150
1.356394
0.968654
0.017986
-0.780329
-1.241847
-1.625588
-1.646616
-0.909104
