-0.708691
-0.688277
-0.123312
0.526925
0.667785
0.883956
0.777307
0.770718
0.188179
-0.435094
-0.847277
-1.076798
-1.066740
-1.133310
-1.151628
-0.587786
-0.203112
0.748098
1.058053
0.960714
1.050479
1.158831
0.779105
0.685245
1.074100
0.792763
0.133632
0.089299
0.310318
1.137377
2.091894
2.387065
2.401125
1.602012
0.776285
0.986744
1.167794
1.011714
0.890166
0.599177
0.822558
0.831261
0.480593
0.402885
0.062916
-0.257095
-0.254770
-0.182698
0.577385
1.566304
0.861106
0.211341
0.241359
0.641233
0.583841
-0.112193
0.161605
0.400391
-0.037683
-0.035774
-0.511119
-0.702861
-0.822681
-0.639930
-0.137793
-0.035232
-0.227904
0.108732
0.014540
0.087204
0.460733
0.563394
-0.075541
-0.312784
-0.861641
-0.854421
-1.109891
-1.625751
-2.340462
-2.321523
-1.963092
-2.694909
-3.538199
-3.827268
-2.759477
-1.640384
-0.909701
-0.002008
0.303089
0.552255
0.112870
-0.536491
-0.896082
-1.536011
-2.340249
-2.990685
-3.447325
-3.402966
-2.903275
-2.079978
-0.983562
-0.114629
0.349721
0.525451
0.577211
0.534274
0.546392
0.721567
0.488078
0.212319
-0.650728
-1.639468
-1.861635
-2.131076
-2.344248
-2.229417
-1.955773
-1.599231
-0.823494
-0.305934
-0.110680
0.657441
1.252627
1.409946
1.728812
1.742842
1.717200
1.943330
1.473109
1.131643
1.352848
1.018581
0.917688
1.669517
1.333958
0.458509
0.184268
0.424807
1.485678
2.311705
2.567132
2.737302
2.457744
2.260162
1.984498
1.920391
1.900660
1.376060
0.160069
-0.151741
0.161982
-0.467359
-0.636912
0.354628
0.966178
1.789495
2.609513
2.579547
2.797812
2.628149
2.412425
1.801799
0.959852
0.419878
-0.250986
-0.445201
-0.966814
-0.702110
0.264755
0.319908
-0.232846
0.297856
0.670319
0.502688
0.165450
0.063136
-0.432883
-0.516009
-1.127265
-0.179598
0.990376
1.028463
0.245869
-0.308578
-0.286476
0.137501
0.321570
0.342389
-0.025677
-0.036575
-0.165664
-0.597186
-0.751265
-1.592615
-2.330185
-2.595789
-2.531585
-2.948924
-2.069748
-1.244227
-1.073222
-0.224070
0.304701
0.500060
0.703783
0.662162
0.283084
-0.322268
-0.750200
-0.779602
0.012440
-0.158183
-0.516580
-0.891662
-0.708545
-0.013245
0.162582
0.051720
-0.068370
-0.296466
-0.601135
-1.047719
-0.655831
-0.867311
-0.949356
-1.313965
-1.587280
-1.621660
-1.532591
-2.032460
-1.392896
-0.542946
-0.145875
0.488031
0.948918
0.583765
0.273183
-0.167141
-0.707405
-0.348607
0.049618
-0.380163
-1.064824
-0.966294
-1.068060
-1.209036
-0.010292
0.312722
0.222382
0.810805
0.941836
0.366733
0.017583
-0.313214
-1.340247
-1.999908
-0.702587
-1.057465
-1.702928
-0.578438
0.362674
0.797728
0.937937
0.580139
0.644679
1.029540
1.019254
0.631282
0.602221
0.698904
0.239404
0.356957
0.633455
0.937109
0.921123
0.912828
0.321031
-0.008419
-0.087549
-0.065659
0.270943
0.289120
0.023530
0.160804
-0.199307
-0.182849
-0.073976
0.110204
1.061167
1.457823
2.209952
2.504012
2.401610
2.195528
1.494308
1.463873
1.575926
1.743551
0.813124
-0.155042
-0.527762
-1.005246
-1.297244
-0.749120
-0.091169
-0.283830
-0.219400
0.320556
0.896049
0.828254
-0.016313
-0.747695
-1.590164
-1.778505
-0.993508
-0.980695
-1.190180
-0.909605
-0.493029
0.597250
1.102154
0.379792
-0.022568
-0.633597
0.042423
0.663708
0.313221
0.033806
-0.654461
-0.866014
-0.498622
-0.690737
-0.899299
-1.114885
-0.344431
-0.362586
-0.911078
-1.101155
-0.702246
-0.061657
-0.053039
0.011175
0.030810
0.186697
0.258730
-0.251464
0.010582
0.095110
-0.607545
-0.949904
-1.390624
-1.672015
-1.230683
0.089913
0.980896
0.802504
0.576458
0.214347
0.379241
0.367543
1.026960
1.320900
1.202083
1.143534
0.702324
0.506044
0.348692
0.374810
0.201590
-0.246242
-0.227372
-0.785113
-1.148731
-1.119657
-1.290232
-1.792500
-1.668761
-1.534880
-1.099089
-0.678282
-0.306398
0.157380
0.294194
0.213672
0.560594
0.739027
0.650322
0.584973
1.036532
1.066870
0.606974
0.227468
0.236292
-0.196136
-1.064773
-0.728187
-0.062321
-0.558011
-0.454685
-0.221934
0.128776
-0.017063
0.076303
0.487528
0.939563
0.958340
1.170661
1.393932
1.724124
1.797621
1.198669
1.152293
0.574377
-0.157143
-0.007729
-0.431543
-0.478091
0.217883
0.338581
0.119777
-0.138933
0.210627
0.614164
0.635832
0.851154
0.722260
0.786272
0.311537
-0.237163
-0.411841
-0.614738
0.305883
0.870143
0.685868
1.279294
1.021702
0.831542
0.666587
0.344615
0.509974
0.209848
-0.541636
-1.037966
-1.460520
-1.072260
-0.257739
-0.513482
-0.716374
-0.757456
-0.116122
-0.032783
0.122965
0.139858
-0.072791
0.038416
-0.195456
0.228865
0.458552
0.634889
1.002266
0.199556
0.015163
-0.141592
-0.764489
-0.856291
-0.703565
-0.473370
0.216480
0.091335
-0.210065
0.240998
0.731493
1.400393
1.538327
1.263270
0.456447
0.617187
1.140475
1.184781
0.871773
0.155597
-0.117022
0.049664
0.308425
0.218149
0.116318
0.133269
-0.333315
-0.386373
0.042944
-0.286613
-0.710208
-0.553588
-1.021611
-1.607630
-1.012923
-0.263688
0.391342
0.299450
0.307697
-0.074877
-0.458517
0.230750
0.953210
0.457572
-0.318435
-0.364280
-0.948296
-1.149960
-1.052414
-2.090221
-1.725237
-1.151413
-0.941939
-0.991675
-1.093559
-1.010176
-0.715519
-0.694829
-0.391678
-0.409072
0.046497
0.110673
-0.459465
-0.749152
-0.683900
-0.683657
-0.900948
-0.550087
0.036014
0.235348
-0.296889
-0.658991
-0.037057
0.528654
0.301802
0.341136
0.390605
0.352430
-0.149049
-0.240093
-0.285495
-0.259766
0.160082
0.424857
0.671371
0.642181
0.552361
0.418022
0.502525
0.451953
0.424447
0.215504
-0.022483
-0.149962
-0.382222
-0.048069
0.314439
0.854345
1.183631
1.067162
0.910573
0.975381
0.415080
0.489068
0.600673
0.483713
0.255161
-0.336879
-0.653154
-0.447140
-0.321349
-0.332915
-0.140839
0.316239
-0.177736
-0.739721
-0.810497
-1.254451
-0.702878
-0.600234
-0.646188
-0.684753
-0.278170
0.168975
0.234234
0.637884
1.039161
0.911884
0.423760
0.258212
0.292631
-0.378669
-0.830087
-1.078575
-0.887739
0.040757
0.299489
0.631588
0.781017
0.460387
0.090014
0.311944
0.487030
0.622967
0.311156
0.683566
1.195754
0.934987
0.583865
0.728477
0.537013
0.278407
0.122816
-0.041101
-0.160075
-0.193764
-0.560626
-0.585912
-0.281612
-0.994131
-1.288841
-0.849916
-1.043546
-1.631140
-0.701717
-0.325598
-0.617632
-0.294484
0.138787
0.835478
1.487494
1.500436
1.484886
1.756053
1.479281
1.278962
0.582636
0.138403
-0.184820
-1.459333
-2.046563
-2.145247
-2.160904
-1.775484
-0.940880
-0.156781
0.496751
0.891646
1.264006
1.134836
1.535701
2.018148
2.069310
1.657946
1.347047
0.460646
-0.382412
-1.142488
-1.602749
-1.218932
-0.926764
-0.091253
0.154149
0.604634
1.153441
1.396798
1.076797
0.909751
0.540174
0.044985
-0.520912
-0.667895
-1.318706
-2.137981
-2.654462
-2.548701
-2.465048
-1.685537
-1.038457
-0.527088
0.285853
-0.022458
-0.105262
0.116326
-0.015896
0.179105
-0.194876
0.072041
0.668464
0.302310
-0.337155
0.050725
-0.004788
-0.092851
-0.001353
0.246036
0.229356
-0.549957
-0.614150
0.474429
1.033747
0.742658
0.582706
0.695168
0.779586
0.569022
0.660519
0.815168
0.492954
0.041868
-0.454521
-1.152219
-0.789698
-1.022417
-1.434247
-1.495682
-0.936105
-0.385065
0.263769
0.953184
2.009429
2.385669
1.835023
2.001680
1.664949
1.115963
0.878279
-0.030004
-0.943799
-1.348218
-0.408404
-0.162749
-0.125981
0.069838
0.436799
1.434001
2.260373
2.674771
2.334823
1.104914
0.006352
-0.507602
-1.656460
-2.848374
-2.944131
-2.307120
-1.850744
-1.434065
-0.643658
0.067548
0.526447
0.902409
1.627064
1.254075
0.466006
-0.239697
-1.221282
-1.799223
-2.650646
-2.596717
-2.194815
-2.040592
-1.418029
-1.013133
-0.669538
0.149224
0.455355
0.565082
0.649856
0.991658
1.590285
1.789585
1.410610
0.629934
0.033168
-0.160618
-0.458261
-0.651528
-0.696419
-0.929811
-0.935353
-0.614686
-0.797319
-0.886851
-0.760493
-0.530480
-0.391717
-0.373440
-0.193778
-0.076186
-0.491284
-0.308697
0.216291
0.314676
0.586718
0.449152
0.624732
1.008670
1.137574
1.090364
1.217927
1.005992
0.729607
0.463098
0.297776
0.079882
0.218929
0.027209
-0.578703
-0.750485
-0.611254
-0.656394
-0.101308
0.016229
-0.183734
0.386053
1.263742
1.401025
1.108756
1.056352
1.120099
1.255317
0.852076
0.491873
-0.491450
-1.063594
-1.183799
-1.047593
-1.551075
-1.826567
-1.607300
-1.360900
-1.431316
-1.210939
-0.815247
-0.593337
-0.838358
-0.563666
0.461379
0.391096
0.017374
0.000294
0.156237
0.578642
0.357770
-0.046449
-0.194019
-0.118988
0.310842
0.357337
0.221394
0.304564
0.379775
0.246774
0.450362
0.786052
0.859186
1.005032
0.994552
0.479093
0.141554
-0.021732
0.052094
0.040875
-0.167623
0.070408
0.435438
0.683503
0.966940
1.056822
0.570065
0.717280
0.688702
0.778204
1.241340
1.260181
0.746150
-0.161130
-0.648578
-0.454111
-0.545864
-0.262567
-0.390180
-0.535838
-0.266841
0.293275
0.496349
0.384400
0.267766
0.543774
0.583945
0.501370
0.244892
0.171083
-0.514817
-0.316960
0.011455
-0.317144
-0.388450
-0.113264
0.044026
-0.029190
-0.159298
0.050609
0.360722
0.637228
0.744253
0.285868
0.394349
0.631434
-0.120343
-0.121398
-0.003166
-0.204345
-0.332166
-0.576828
-0.091767
-0.048520
-0.294409
-0.065847
-0.599145
-0.912718
-0.945411
-1.169603
-1.915955
-2.495248
-2.668212
-2.427289
-1.636331
-1.397300
-0.610456
-0.090495
-0.142957
0.329044
-0.106431
-0.625294
-0.981163
-1.109626
-0.662991
-0.435569
-0.091347
0.439355
1.079827
1.227688
1.201179
0.508278
0.555438
0.263628
-0.256200
-0.394205
-0.603036
-0.878707
-0.823437
-0.193868
0.326766
0.626423
0.980129
1.204510
1.031032
0.437685
0.404378
0.314422
0.248492
0.392838
0.816206
1.394926
1.476419
0.893859
0.535723
-0.261140
-0.228412
-0.145641
0.276840
0.341964
0.130345
0.760792
0.609070
0.068767
0.419026
0.943694
1.490317
1.020769
0.607669
-0.007564
-0.889024
-1.038536
-0.910158
-1.102551
-1.850379
-1.950471
-1.633344
-1.441164
-1.017437
-0.540227
-0.169287
0.180196
0.602653
0.753766
0.938742
0.621390
0.219487
-0.120956
-0.435251
-1.082253
-0.650593
-0.064829
-0.078156
0.291011
0.434204
0.544972
0.629954
0.717295
0.627842
1.194751
2.121696
1.984871
0.857211
-0.607259
-1.163604
-0.448012
-0.231437
-0.055706
-0.130417
