-1.046492
-1.104363
-0.314245
1.244151
1.341108
1.186604
1.832136
0.776203
0.206762
0.303584
-0.956067
-0.738703
0.647088
0.549228
0.246808
-0.601665
-0.474713
-0.235584
-0.271130
0.088803
0.539426
0.119175
-1.142643
-0.832969
1.115684
1.090621
-1.070725
-0.991309
0.365010
-0.157929
-1.377093
-0.723573
-0.221457
-0.507399
-0.805463
-0.914006
-0.045306
0.401662
0.816671
0.751745
0.504996
1.314570
1.766568
1.153753
1.268764
-1.386613
-0.277889
0.555614
-0.280960
-1.346783
-2.285436
-0.488022
0.395723
-0.258043
0.033955
1.836356
2.847112
2.338941
2.750109
3.043647
2.684343
1.661028
-0.782559
-0.374546
0.436212
0.594208
-0.119027
-1.106387
-1.961138
-2.508291
-0.875640
0.649195
1.082044
1.455126
1.215628
1.414953
0.638572
0.290280
-0.328638
-1.079654
-0.438501
-0.592600
-1.785542
-2.175539
-3.000692
-3.205828
-0.929118
0.006045
-0.510293
-0.054087
-0.478893
-0.431539
0.801335
1.276089
0.836902
0.696549
-0.637817
-0.716025
-0.827420
-1.126578
-1.629425
-0.853331
0.673898
0.321912
0.963414
0.209834
0.422681
0.650750
0.897756
0.788689
0.336051
-0.583789
0.597684
1.689616
1.141784
-0.133797
-1.342615
-2.767392
-2.089147
-1.939412
-1.532269
-0.486865
-0.914951
-0.641466
-0.559431
-0.001828
0.346921
1.637474
2.145825
1.070932
-0.208916
-0.569820
-0.600166
-1.705017
-0.981735
0.035743
-1.073861
-1.068535
-0.113162
-0.006467
-0.153104
0.487135
1.531319
2.497506
2.484543
2.404674
3.223098
3.197572
1.578437
0.635885
0.180233
-0.157232
-1.787467
-2.185164
-2.530640
-1.657850
0.443742
-0.000205
-0.027936
-0.044040
-0.648051
-0.285546
1.054819
1.457372
0.432672
-0.700926
-1.278803
0.648372
0.814380
-0.222497
-1.367369
-0.899737
-0.373876
-0.584947
-0.807236
-1.071482
-0.168468
0.202077
0.188069
0.178349
-0.815933
-0.706623
-1.229533
0.544975
0.609980
0.279704
0.293476
-0.185461
-0.675292
-0.146043
0.471976
0.760883
0.481194
-0.234206
-0.339885
0.070433
0.512987
-0.352571
-1.337104
-0.853242
0.295210
0.152498
1.101004
1.288653
1.180483
0.672758
0.896373
-0.002409
-0.669308
0.233803
0.673981
0.040715
0.600627
0.850237
1.009703
0.246365
-0.145862
-0.003493
0.943456
0.015769
0.050765
1.228102
0.563403
0.402741
0.519865
0.164129
0.187286
0.214838
-0.212316
-0.119151
-0.588224
-0.785625
-0.022687
-0.059867
-0.303832
-0.007654
0.752759
0.617633
0.237073
0.235312
0.562271
0.477289
-0.297749
-0.653966
-1.110359
-1.539626
-0.634154
0.514590
0.306014
-0.470436
-0.572713
-1.348276
-0.877507
-0.367880
-0.408084
-0.752784
-0.534491
-0.457056
0.227738
0.329113
0.343934
1.562807
1.236919
-0.877184
-0.802399
-0.634551
-0.136053
-1.116523
-0.252414
0.944241
0.556597
-0.292092
-0.201171
-0.250254
0.212059
0.074322
-0.818431
-0.474329
-0.244119
-0.093618
0.111494
0.006681
-0.483539
-1.428729
-1.136360
-0.231034
1.310358
1.982135
1.257173
1.144584
0.725961
-0.723167
-1.864510
-0.460512
-0.200321
-1.303973
-1.856314
-1.350393
-2.343014
-2.256393
-1.676490
-0.910101
-0.154008
0.062865
0.697976
1.518657
2.187539
2.873589
2.190421
1.843851
1.260113
0.490877
0.668128
0.841463
-0.546176
-1.650431
-1.282918
-0.585197
-0.954315
-0.283866
1.258421
2.281975
2.040618
1.356127
1.173674
0.111114
0.174808
1.172567
0.322670
-0.107897
-0.302291
0.089144
0.875417
-0.060733
-0.592029
-0.697528
0.079971
0.169421
-0.855925
-1.339622
-1.213258
-0.968329
-1.143569
-0.820172
-1.427792
-0.985784
-0.149131
0.064122
0.417031
0.707806
0.413815
0.721853
0.536681
-0.237311
-0.354342
-0.372732
0.385148
0.252213
0.023041
0.607107
1.087657
0.943330
0.791699
0.629920
-0.016685
0.634129
1.165660
0.745832
0.273621
0.964419
0.901024
0.325261
-0.112572
-0.662311
-0.196366
-0.818686
-0.222985
0.085268
-0.658924
-0.291709
-0.712106
-1.047508
-0.461586
0.525843
0.833179
0.191531
0.150536
-0.046853
-0.411158
-0.408986
-1.923166
-0.931464
1.445688
1.307483
-0.197085
-0.901240
-0.777242
0.045617
0.060270
0.087543
0.308434
-0.264847
-0.836864
-0.656725
-0.622067
-0.485782
-0.414492
-0.191723
-0.783619
-0.661036
0.129699
-0.278430
-0.988791
-1.206084
-0.206469
-0.149419
-0.823404
-1.286735
-2.288865
-1.532703
-1.073138
-0.982507
-0.379027
-1.542464
-0.633451
1.094927
0.267908
0.001118
0.244871
-0.240549
0.015961
-0.201684
-0.510659
-0.560200
-0.507224
-0.017776
1.295048
2.178060
1.839512
2.264651
1.801473
1.046691
0.734241
0.929623
0.852762
0.664116
-0.491037
-0.207585
0.491092
0.976469
1.450052
0.617139
0.161459
0.746158
0.943420
0.853807
1.385566
0.717658
0.450395
0.495634
0.740691
0.027584
-0.637247
-1.473343
-1.150957
-0.523829
-0.499751
-0.627003
-0.525241
1.081938
1.734515
0.355315
0.386429
0.346298
-0.102303
-0.276445
0.102616
-0.277348
-0.141808
-0.055701
-0.786303
-1.252742
-0.691832
0.363570
0.480905
-0.191703
0.481895
1.841742
1.308827
1.064075
0.977338
0.562418
-0.211940
-0.469751
-0.465191
-0.640339
0.062572
0.641602
0.046357
-0.206282
-0.110033
-0.354649
-1.188699
-0.421319
-0.398285
-0.251930
-0.491311
-1.113762
-1.282873
-1.660019
-1.764758
-2.451911
-1.517913
-0.368225
-0.596199
-0.491924
-0.221384
0.144502
-0.076559
-0.652077
-0.935535
-1.127103
0.225874
0.584036
1.071095
0.567880
-0.235849
-0.354463
-0.923386
-0.420215
0.167554
0.331454
0.505393
0.313337
1.014784
1.226040
0.502208
0.995546
1.419783
0.671880
0.657246
1.149122
0.335826
-0.609672
-0.984982
-0.668210
-0.390216
-0.021241
0.597536
0.274057
-0.872680
0.470416
1.162652
0.329653
-0.152404
-0.618651
-0.677619
-1.486569
-1.546231
-1.535975
-0.975838
-0.386980
-0.782488
-0.783845
0.872014
1.368869
1.068583
1.073616
0.096934
-0.457461
-0.265171
-1.601067
-1.372877
-0.678448
-0.530298
-0.485509
-2.110407
-0.408371
1.875992
1.607089
1.173249
0.525134
0.599291
1.240035
0.491299
1.151108
1.076044
0.148055
-0.115819
-0.259320
0.022032
0.466567
0.339057
0.572489
0.748087
1.617259
1.545396
1.768845
1.916281
1.977312
1.722883
0.854224
1.012098
1.692793
1.351761
0.271162
0.691845
0.873004
0.633448
-0.140776
-0.492112
0.649430
0.151943
-0.379464
0.138486
-0.650666
-0.869922
-0.412153
-0.233169
-0.604259
-1.461293
-1.213477
-0.375379
-0.096977
-0.018905
-0.360061
-1.874108
-0.993486
0.000278
-0.859194
-0.685922
0.231138
0.293078
0.655784
-0.045250
-0.758859
-1.664325
-1.812084
-0.705188
-0.319977
-0.943340
-1.405880
-1.674090
-1.207409
-0.995156
-0.415140
-0.735871
-1.638859
-1.381811
-0.487983
-0.235295
-0.623343
-1.302680
-0.532168
-1.128300
-1.386124
-0.522543
-0.732309
-0.949166
-0.611795
-0.031170
0.816915
0.605741
0.878720
0.567290
0.749804
0.198346
-0.124240
-0.030534
0.431075
0.467174
0.175262
0.425521
0.636188
0.929492
1.313572
1.199479
1.592495
1.194376
0.833904
0.682373
0.075293
-0.107872
-0.240809
0.443850
0.506311
-0.410872
-0.817649
-0.787898
-0.997868
-1.935367
-1.065329
-0.537514
-0.817098
-0.117554
-0.063549
-0.274253
0.165678
-0.482142
1.019900
2.468570
2.215151
1.470242
0.965883
0.667674
0.432094
0.224389
0.133494
-0.339201
-0.180827
0.709554
0.548174
0.089652
1.240077
1.436913
1.457311
1.096122
0.439219
1.089490
1.631860
1.043877
0.865113
1.105255
1.071358
0.011714
-0.141718
0.920705
0.743777
-0.100535
-1.140388
-0.938258
-0.765432
-1.676932
-1.543452
-1.193802
-1.535197
-1.123878
-0.621949
-0.263582
0.132111
-0.153163
-0.699647
-0.625244
-0.762466
-0.751225
0.489913
0.695452
-0.034906
-1.646713
-0.985586
0.363885
0.938633
0.351028
0.770709
0.497312
-0.200376
-1.157287
-0.621741
-0.253134
-0.886344
-1.961912
-1.183022
-0.144362
-0.078767
0.729161
1.693864
1.570137
0.902078
0.616592
1.657343
2.239240
0.574515
-0.490858
-1.028974
-1.181732
-1.936816
-2.689509
-3.141759
-2.148868
-1.537864
-1.102952
-0.129491
-0.244664
-0.009238
0.883581
0.476579
0.047381
0.253079
0.638074
-0.038806
-0.711315
-0.247907
0.053669
0.326414
1.510942
1.375260
1.303094
1.197424
1.142113
1.416110
0.870528
0.068471
-0.362838
-0.912348
-0.778963
0.940653
1.580338
1.270312
1.270659
0.969986
0.978154
-0.392176
-0.663238
0.553985
-0.014593
-0.777891
-0.530671
-0.627600
-0.376624
-0.534367
-0.557226
-0.619173
0.117017
0.538845
-0.329135
-0.917266
-1.117628
-1.618537
-1.267075
-1.418544
-1.812121
-1.707796
-1.065447
-0.952161
-1.156209
0.173218
0.991776
0.497150
0.497861
0.747020
0.712120
0.545627
0.522707
0.845419
0.510146
-0.078932
-0.778732
-0.496381
0.121164
1.027833
0.683285
1.212657
1.511810
2.394009
2.190310
1.238020
0.490355
0.683174
0.978168
0.064013
0.315351
1.224290
0.710099
0.232790
-0.067833
-0.458467
-0.801640
-0.607869
-0.198909
-0.384889
-0.539590
-0.172921
0.454888
0.002969
-0.760916
-0.559191
-0.180801
0.190641
-0.368196
0.038603
2.642316
2.817214
2.537057
2.247231
2.237473
2.611585
1.797272
0.430641
-0.133998
-0.167614
0.149533
-0.439645
-0.023693
0.125037
-0.929339
-1.309081
-0.874362
-1.629519
-1.263675
-0.697754
-0.806068
-1.311561
-0.991417
-0.324312
-0.488341
-1.240986
-0.439741
-1.003798
-0.015012
2.144289
1.700766
0.359338
0.347264
0.774670
0.544986
0.282590
0.090900
0.446107
0.660919
0.172606
-1.128725
-0.419321
0.075166
0.114495
0.460794
-0.269731
-0.611868
-0.541878
0.079808
-0.367913
-0.504646
0.195574
0.196392
0.363033
0.151355
0.010119
0.182276
-0.338439
-0.442427
0.121119
-0.472282
-0.245620
-1.121360
-2.205410
-2.740927
-2.326698
-0.701450
0.288376
0.070353
0.440795
0.266837
0.016655
-0.907879
0.480872
0.599030
-0.626155
-1.210808
-1.616193
-1.912138
-1.731665
-1.493742
-1.776421
-1.450014
-1.773941
-0.635398
0.877167
0.899189
0.544541
0.816154
0.667728
-0.484794
-0.544438
-0.016649
-0.012174
-0.930421
-0.594414
0.448003
1.030147
0.871215
0.155783
-0.321572
-1.801940
-0.956706
0.594491
0.837705
0.180762
0.261992
0.773441
1.441036
0.245541
1.247725
2.046733
1.480301
1.159377
1.390268
0.428948
0.358758
0.493146
0.616982
0.315630
0.846573
1.453285
1.323413
-0.182691
-1.886493
0.240289
1.523370
0.462147
0.305458
-0.403168
-0.310388
-0.706192
-1.007169
-0.660204
-0.121823
-0.018000
-0.340244
-1.003833
-1.217184
-1.278046
-0.904269
-0.330137
-0.842827
-0.473802
