-1.255372
-1.404505
-1.527607
-1.692945
-1.795060
-1.845785
-2.002974
-1.942280
-1.447665
-0.817389
-0.120458
0.530837
0.856616
1.135442
1.323917
1.481556
1.230731
0.990945
0.774541
0.182610
0.124839
0.115750
0.000713
-0.533783
-0.800341
-0.646068
-0.478283
-0.407656
-0.474510
-0.391739
-0.019757
0.377029
0.640362
1.019428
1.385224
1.554777
1.508179
1.098722
0.570630
0.520536
0.307862
-0.420326
-0.746455
-1.110370
-1.288772
-1.293155
-1.678652
-1.579807
-1.055367
-0.546978
0.164540
0.758835
1.177710
1.502671
1.669383
1.726221
1.536616
1.178614
0.820737
0.541785
0.136092
-0.044262
0.326861
0.145109
-0.308503
-0.621630
-1.071886
-1.493074
-1.439562
-1.025398
-0.673613
-0.238335
0.322268
0.563719
0.533536
0.439231
0.114066
-0.283323
-0.461830
-0.842454
-1.349384
-1.478640
-1.174492
-0.707425
-0.263804
0.096376
0.388294
0.485168
0.652601
0.683867
0.573449
0.430735
0.253512
-0.048892
-0.254637
-0.466560
-0.195095
0.004868
-0.272502
0.013493
0.480674
0.538654
0.352634
0.313741
0.154294
0.210655
0.213639
0.141789
0.267946
0.258227
0.574625
0.660805
0.525497
0.405428
0.018030
-0.467989
-0.535446
-0.616395
-0.467656
0.027320
0.118332
0.051022
-0.056961
-0.453438
-1.019639
-1.349659
-1.317479
-1.356269
-1.274217
-0.870999
-0.285054
0.117989
0.454498
0.297646
-0.050770
0.220459
0.513202
0.615125
0.377183
0.017929
-0.025889
-0.098331
0.189690
0.588497
0.482446
0.500811
0.590508
0.481395
0.503033
0.666673
0.897577
1.142225
1.332998
1.255412
0.592271
-0.260853
-0.846360
-1.417881
-1.890544
-1.903266
-1.804494
-1.211982
-0.838998
-0.485056
0.052690
0.492823
0.794557
0.599964
0.747445
1.189164
1.081531
0.770352
0.153580
-0.483014
-0.588913
-0.372423
-0.120833
0.293311
0.640092
0.902540
1.289243
1.386016
1.739615
1.947054
1.639516
1.167191
0.455936
-0.330296
-1.306173
-2.378904
-3.105972
-2.672322
-1.742038
-0.922489
-0.195483
0.442748
1.106458
1.698960
2.004838
1.980026
1.637084
0.877322
-0.184549
-1.012337
-1.561740
-2.102239
-2.359382
-2.342963
-2.030784
-1.957956
-1.838124
-1.404509
-0.552925
0.569707
1.520269
1.929785
2.398783
2.703279
2.634171
2.268965
1.672235
0.820589
-0.302671
-1.615948
-2.773511
-3.264100
-3.058504
-2.759619
-2.413093
-2.062226
-1.845646
-1.299911
-0.718194
-0.569164
-0.242920
-0.073847
0.141395
0.378523
0.400128
0.303899
0.227637
0.604517
0.289724
-0.286814
-0.865309
-1.243909
-1.529355
-1.782652
-1.520148
-0.944595
-0.496003
0.624754
1.405153
1.590870
1.921432
2.250478
2.259502
1.960119
1.298054
0.847364
0.409235
-0.049809
-0.064683
0.142993
0.297671
0.537580
0.078418
-0.063243
-0.021825
0.040259
0.508046
1.115261
1.469473
2.059184
2.554753
2.878983
2.720471
2.026685
1.322794
0.638832
0.007736
-0.081059
0.214339
0.649275
0.730873
0.451843
0.279498
0.330667
0.594780
0.946233
1.204199
1.547754
1.348564
1.048522
0.282703
-0.604213
-0.916634
-1.011703
-1.063941
-0.977918
-1.000401
-0.681319
-0.375175
-0.184560
-0.169447
-0.259261
-0.390914
-0.606126
-0.402865
-0.080643
0.213350
0.258684
0.238486
0.213547
-0.013886
-0.262236
-0.387319
-0.851449
-0.904016
-1.039513
-1.581819
-1.680019
-1.806539
-1.684714
-1.300757
-0.518569
0.172200
0.421017
0.214454
-0.163965
-0.066672
-0.173472
-0.206564
-0.130697
0.213048
0.569439
0.535231
0.617249
0.528477
0.014262
-0.598740
-1.016196
-1.353250
-1.794248
-1.701217
-1.585051
-1.390074
-1.025110
-0.534313
-0.458012
-0.354345
0.098641
0.478826
0.606816
0.409945
-0.057166
-0.739621
-1.030562
-1.046499
-0.803699
-0.653884
-0.241983
0.433125
0.919211
0.892687
1.200369
1.309215
1.028271
0.972513
0.682506
-0.000126
-0.417139
-0.533633
-0.567630
-0.516027
-0.339839
-0.169730
0.107203
0.625484
1.312819
1.938793
2.272030
2.335011
1.848881
1.666066
1.730647
1.693591
1.517384
1.372970
1.192081
0.942315
0.191643
-0.326935
-0.440996
-0.587653
-0.845893
-0.921750
-1.195169
-1.277025
-1.074370
-0.698806
-0.028729
0.554303
0.985099
1.017908
0.958004
0.929521
1.033247
0.958477
0.794541
0.406354
-0.320698
-0.589584
-0.877886
-1.534847
-2.113578
-2.073296
-1.670196
-1.199567
-0.713142
-0.219951
0.402218
1.026235
1.625743
1.618161
1.338211
1.329171
1.187061
0.592360
-0.106155
-0.871207
-1.693694
-2.598568
-3.272986
-3.316193
-2.886329
-2.359891
-1.853550
-1.160155
-0.694466
-0.111059
0.303250
0.565775
0.640299
0.210266
-0.405441
-0.698241
-0.990050
-1.275771
-1.300632
-1.335720
-1.165760
-0.844150
-0.327265
0.298591
0.854243
0.692382
0.553934
0.588939
0.899328
1.113209
1.210161
1.171709
1.070625
0.902177
0.280466
0.121316
0.099678
-0.349364
-0.197282
0.106626
0.332371
0.358213
0.321873
0.560254
0.496378
0.288039
0.223370
0.344296
0.511506
0.858823
1.167155
1.209579
1.324561
1.062686
0.379651
-0.106852
-0.349465
-0.634436
-0.755978
-0.559461
-0.382396
-0.250820
0.154070
0.789270
1.354443
1.614166
1.494845
1.693368
1.467659
1.366241
1.238191
0.686424
-0.081136
-0.605470
-0.840684
-1.146885
-1.160213
-0.767296
-0.285043
0.441405
0.923976
0.759478
0.424131
0.133135
0.136032
0.285394
0.065505
-0.222087
-0.373277
-0.625930
-0.973292
-1.133822
-0.815987
-0.747187
-0.377628
0.087310
0.346717
0.294690
0.556315
0.714268
0.944086
0.911794
0.561376
0.092600
-0.540973
-0.733459
-1.382547
-1.907892
-1.934678
-1.493751
-0.879030
-0.238276
0.287075
0.589441
1.049966
1.382093
1.342409
0.981686
0.515252
0.050946
-0.830946
-1.478695
-1.757260
-1.817696
-1.414543
-0.653322
-0.098238
0.120613
0.395184
0.701286
0.760226
1.307947
1.481671
0.680758
-0.144105
-1.036091
-1.206579
-0.711110
-0.113995
0.420730
1.048557
1.068903
1.140970
1.001996
0.858312
0.866969
0.471975
-0.046020
-0.197878
-0.316125
-0.258465
-0.191095
0.015670
0.443162
0.486437
0.605031
0.782705
0.548458
0.148365
-0.418787
-0.660712
-1.044191
-1.650570
-2.125900
-2.439076
-2.229597
-1.576896
-0.722299
0.054210
0.734318
1.228088
1.728781
1.877102
1.574181
0.976937
0.799671
0.417298
-0.245471
-0.658161
-0.964800
-0.948230
-0.572360
-0.045920
0.500824
0.975872
1.322366
1.631168
1.604569
1.368856
0.971910
0.375550
-0.146283
-0.529221
-0.547878
-0.303833
-0.099829
-0.220182
-0.332590
-0.188461
0.053507
0.313417
0.363530
0.229029
0.057716
-0.035062
-0.292780
-0.149541
0.102493
0.173050
0.257588
0.123446
0.072170
-0.051825
-0.219010
-0.337438
-0.531883
-0.696663
-0.743211
-0.767916
-0.723588
-0.433671
-0.220450
-0.081885
0.293372
0.603615
0.639281
0.539083
0.435223
0.010327
-0.382370
-0.988752
-1.353282
-1.562167
-1.381538
-1.397216
-1.697047
-1.706375
-0.988079
-0.311653
0.078906
0.359332
0.665856
0.668252
0.022110
-0.451481
-0.912685
-1.289006
-1.369496
-1.418488
-0.828739
-0.549833
-0.438791
-0.194491
0.500382
1.279482
1.736214
2.100487
2.309257
2.215397
2.017831
1.428027
0.987850
0.557061
-0.180288
-1.033962
-1.488764
-1.825407
-1.946344
-1.524468
-0.879439
-0.381281
0.137715
0.507570
0.607620
0.580852
0.665223
0.673999
0.527079
-0.057975
-0.719543
-1.315377
-1.812942
-1.792534
-1.437891
-1.235999
-1.006790
-0.856879
-0.640391
-0.522169
-0.049022
0.330195
0.537157
0.679839
0.645254
0.419371
-0.092070
-0.246489
-0.357419
-0.369441
-0.099686
-0.035587
-0.114456
0.004709
0.225708
0.466945
0.917916
1.357322
2.026486
2.463912
2.124190
1.735304
1.443854
1.146607
0.709282
0.182893
-0.083576
-0.091079
0.025057
0.157512
-0.366270
-0.309269
-0.014587
0.084777
0.199809
0.482572
0.717829
0.736811
0.519342
0.500613
0.181258
-0.037103
-0.291793
-0.590925
-0.507845
-0.558793
-0.486540
-0.356926
0.019922
0.037939
0.104002
0.350073
0.493341
0.199906
-0.024148
-0.239968
-0.184222
-0.313287
-0.343540
-0.350800
-0.335380
-0.201194
-0.029522
0.091785
0.343685
0.440836
0.608014
0.520646
0.320072
0.084386
-0.056762
-0.553116
-1.013195
-1.320893
-1.637613
-1.854697
-1.744116
-1.212927
-0.540606
-0.202814
0.045635
0.250347
0.239497
0.122844
-0.209167
-0.404770
-0.741961
-1.198014
-1.204283
-1.024806
-0.481161
0.112599
0.682202
0.939733
1.154931
1.021396
0.876760
0.793459
0.568072
0.343562
-0.124756
-0.448469
-0.698836
-0.413530
-0.184787
0.204034
0.664304
0.947790
1.169065
1.305142
1.406071
1.134220
0.704589
0.351116
0.351831
0.081387
-0.371951
-0.722131
-0.728114
-0.422510
-0.183416
-0.147220
-0.163278
-0.143320
0.020387
0.408345
0.603763
0.310993
-0.046899
-0.331246
-0.635959
-0.893280
-0.997716
-0.949725
-0.141211
0.822664
1.339209
1.604810
1.327046
0.976307
0.841893
0.656876
0.389598
0.331935
0.247168
0.083656
-0.219764
-0.685804
-1.145529
-1.228919
-0.922115
-0.508744
-0.313208
-0.253945
-0.106624
0.170682
0.599586
0.930345
1.159284
1.153981
1.100113
0.620248
0.194234
-0.060016
-0.069921
-0.373232
-0.371146
-0.497408
-0.457652
-0.493566
-0.311444
-0.211545
-0.569133
-0.891728
-0.741582
-0.895404
-0.689527
-0.355789
-0.298230
0.027377
0.387883
0.666035
0.589073
0.457219
0.492910
0.728965
0.799660
0.659760
0.447066
0.272312
-0.121385
-0.221671
-0.319034
-0.298447
-0.318745
-0.366280
-0.265306
-0.223566
-0.568646
-0.725282
-0.972079
-1.251113
-1.265357
-1.501918
-2.011057
-2.744622
-3.043233
-2.891444
-2.438256
-1.933422
-1.603083
-1.524513
-1.343634
-0.928602
-0.484762
-0.070173
0.264191
0.443585
0.444871
0.584324
0.876437
0.898059
1.122696
1.523085
1.860544
1.856488
1.382664
0.801282
0.511057
0.474050
0.593137
0.829805
0.473924
0.261790
0.374106
0.559359
0.680353
0.777593
1.150469
1.490850
1.518293
1.172895
0.550426
0.258573
-0.097024
-0.661355
-1.002437
-1.134495
-0.805346
-0.393098
-0.053691
0.346637
0.542958
0.641541
0.556817
0.492384
0.327785
0.029725
-0.291790
-0.563742
-0.627938
-0.493104
-0.472174
-0.371531
-0.340710
-0.378908
-0.215920
0.055557
0.195043
0.137928
0.299858
0.283145
0.050462
-0.145467
-0.214854
-0.160916
-0.132761
-0.014174
0.092612
0.547556
1.012285
1.182824
0.982686
0.742562
0.687638
0.761941
1.167718
1.225164
0.730717
0.739526
0.553540
0.117351
-0.150593
-0.208099
-0.186643
-0.003974
0.167161
0.127166
0.123751
0.252103
0.492827
0.454769
0.270317
-0.038831
