-1.662548
-1.075947
-0.592244
0.116880
0.688595
0.815716
0.826474
0.924617
1.027259
0.593152
0.506858
-0.076540
-0.398539
-0.062148
0.446347
0.278951
0.073243
0.022915
0.267897
-0.003296
-0.115476
-0.249152
-1.028866
-1.419077
-1.900261
-1.252855
-0.732871
-0.323832
0.482517
0.841036
0.651348
0.981417
0.577645
0.403674
0.959998
1.555131
1.067293
0.393999
0.169415
-0.115239
0.295950
-0.206718
-0.493074
-0.520746
-0.246772
-0.435208
-0.057953
-0.071403
-0.199535
-0.057691
0.316878
0.326539
0.265847
0.707765
0.408317
0.533373
0.815000
1.774170
1.584091
1.183637
0.853394
0.391267
-0.288279
-0.750356
-0.332745
0.772768
1.098277
0.918517
0.497769
0.215788
-0.177634
-0.301291
0.198169
-0.068581
-0.331344
-1.104016
-1.501208
-1.632279
-1.894409
-2.486944
-2.007415
-1.375226
-0.104508
0.790011
1.209691
1.350875
1.180573
1.292037
0.653398
-0.084520
-0.286004
0.340980
-0.395689
-0.681158
-0.584012
-0.592079
-0.488840
-0.391337
-0.403020
-0.419900
-0.081916
-0.187210
-0.307695
-0.385254
-0.051515
-0.415009
-0.434940
-0.167785
-0.101352
-0.285646
0.095304
0.474204
0.102686
-0.070847
0.246169
0.260003
0.743988
0.606540
0.137690
-0.115245
-0.019846
0.240745
0.394346
0.561640
0.946859
1.519531
1.375470
1.217898
0.732730
0.059510
-0.147505
-0.444154
-0.465546
0.098801
0.665488
0.515815
0.351316
-0.247456
0.128774
0.234114
0.220544
-0.761995
-0.919512
-0.657783
-0.343710
-0.347068
-0.214636
-0.048239
-0.176261
-0.388197
-0.053272
0.699357
0.735852
1.010365
0.721635
0.750578
0.111135
-0.043014
-0.335480
-0.535776
-0.325851
0.117733
0.782590
1.001851
1.115496
1.233794
0.506224
-0.826772
-2.225518
-3.108611
-2.461633
-1.165633
0.546274
1.037123
1.657743
2.039175
1.766205
0.723339
-0.031509
-0.168542
-0.270923
-0.669508
-1.054908
-1.200741
-1.206135
-1.165260
-1.220224
-0.598213
-0.776568
-0.583892
-0.505768
-0.987069
-0.916081
-0.844040
-0.648019
-0.436192
0.165866
0.406772
0.346101
0.313885
-0.129215
-1.100954
-1.013696
-0.888681
-0.322408
0.381789
1.055505
1.255972
1.076658
0.721186
0.533985
0.482477
0.335158
0.135728
-0.115120
-0.498251
-0.310613
0.078258
-0.031280
-0.138372
-0.496760
-0.489162
-0.796569
-1.057049
-0.883576
-0.193067
-0.313493
0.091820
0.457466
1.222902
1.162988
0.696313
1.056002
1.232616
1.416388
0.663054
0.304608
-0.231870
-0.024436
0.166928
0.018229
-0.264848
-0.484821
-0.611945
-0.583015
-0.209070
0.007371
-0.347008
-0.077327
0.809215
0.746622
0.701091
0.391026
0.157019
-0.587254
-1.120880
-0.999485
-0.761686
-0.765392
-0.573557
0.105734
0.338904
0.322631
-0.134388
-0.311457
-1.083887
-0.824469
-0.236121
0.277912
0.796232
1.002662
0.798231
0.838172
0.776370
0.091404
-0.530054
0.005796
0.539651
1.183515
1.295806
0.713087
0.794272
-0.163980
-0.190247
-0.045928
-0.005400
0.079403
-0.077468
-0.349582
-0.500129
-0.759573
-0.323854
0.242236
0.558514
0.785433
1.209879
1.177315
0.203359
-0.544887
-0.673521
-0.522837
-0.667703
-0.065860
-0.365602
-0.545739
-0.516771
-0.484131
-0.489953
-0.852413
-1.162187
-1.793275
-1.511121
-0.849166
-0.074048
0.339014
0.612673
0.889818
1.565623
1.543470
1.418605
0.659217
-0.538900
-0.903803
-0.444859
-0.201506
-0.136897
0.348107
0.095931
0.095875
-0.040894
-0.885755
-1.850088
-0.764761
-0.224350
-0.208275
-0.500963
-0.373769
0.060187
1.524882
2.004800
2.103386
1.547575
0.169627
-0.202333
-0.680733
-1.010460
-1.228100
-0.764364
-0.550264
-0.332307
-0.015504
0.037578
0.091712
0.426310
0.371918
0.413839
0.628166
0.051246
-0.368272
-0.511629
-0.419640
-0.276424
-0.331458
-0.475489
-0.590934
-0.472263
0.280622
0.611650
0.876839
0.952199
0.170283
-0.239246
-0.004764
0.293709
0.494298
0.681921
0.437158
0.551415
0.271510
0.381544
0.805387
0.752713
0.571332
0.202507
0.441454
0.192741
-0.010671
0.021468
-0.003719
0.446042
0.496451
0.351252
0.978017
0.129949
-0.580784
-0.977769
-0.459974
-0.602049
-0.524517
-0.429962
-0.535557
-0.296428
0.360903
0.390356
0.235341
0.249576
-0.077921
-0.730773
-1.472169
-2.019300
-1.987595
-0.504324
0.088917
0.352910
0.886265
1.342316
1.501015
0.675972
-0.128118
-0.856562
-1.816762
-2.556023
-1.862272
-1.146670
0.199255
0.992500
1.276646
1.391141
1.475063
0.416055
-1.008076
-2.081099
-2.331816
-2.132384
-1.414793
-0.395508
0.090514
0.289236
0.557640
1.119293
1.006603
0.832452
-0.163100
-0.614087
-0.971725
-1.052139
-1.212579
-1.270635
-0.730685
-0.716990
-0.753484
-0.782485
-0.374729
-0.079406
-0.072865
-0.796753
-0.866340
-0.702837
-0.391983
-0.519591
0.413774
1.363358
2.286836
2.526600
2.536800
1.813034
1.242692
0.774669
-0.084617
-0.672911
-0.778685
-0.357521
-0.078344
-0.023223
-0.379115
0.032727
0.674603
1.236160
1.194067
1.045425
0.387533
0.301395
0.860975
0.796238
0.766833
0.773389
0.652550
-0.026054
0.224220
-0.217102
-0.438291
-0.656950
-0.791597
-0.739655
-0.467968
0.039954
0.438045
-0.224095
-0.809296
-1.260162
-1.196439
-0.006624
0.872855
1.434919
1.776631
2.093353
1.717634
1.085371
0.177416
-0.813999
-1.521787
-1.054228
-0.830634
-0.988148
-0.493088
0.212419
0.691470
0.826703
0.508128
0.218711
0.125205
-0.567660
-0.730129
-0.834880
-0.118523
-0.096774
-0.178980
0.093391
0.337949
0.448395
0.724906
0.159984
-0.456064
-0.922927
-1.547152
-1.598291
-1.097918
-0.454343
0.177779
1.237718
1.792452
2.059894
1.839031
1.109546
0.296276
0.206380
-0.763255
-1.758757
-2.105810
-2.278440
-1.661486
-0.862133
-0.181627
-0.136320
0.968228
1.298707
1.223318
1.247703
0.872042
-0.089637
-0.817414
-1.192025
-1.436214
-1.452166
-1.282690
-0.690741
-0.619639
-0.257467
0.383041
0.516362
-0.122241
-0.130840
0.324105
0.704998
0.205992
0.258269
0.008751
-0.016971
0.196291
0.613928
0.775404
0.745909
0.277316
-0.820971
-1.085372
-1.271184
-1.479884
-1.161471
0.021107
0.702656
1.317314
1.420069
1.448682
1.457228
1.246795
0.813705
0.129701
-0.208787
-0.616461
-0.723535
-1.654297
-1.496150
-0.763545
-0.085347
0.360642
0.799640
1.086797
1.591629
1.179063
0.597345
-0.198503
-0.961011
-1.168803
-1.460079
-1.141847
-1.081413
-0.567130
0.522906
1.316569
1.454357
1.315174
1.210030
1.208809
1.169139
0.987326
0.769499
0.429453
-0.396483
-0.654350
-0.428421
-0.237469
0.017093
0.262718
0.443833
0.695269
0.720099
0.350406
0.221163
0.195563
-0.449432
-1.144628
-0.898912
-0.283088
-0.019986
0.300765
0.421614
0.701682
0.462009
-0.505373
-1.527730
-1.061922
-0.969787
-0.238793
0.319387
1.157925
1.512330
1.409377
0.892275
0.230848
-0.424230
-1.170196
-1.393218
-0.968452
-0.242202
-0.063950
0.507869
0.531589
0.701431
0.737406
0.729246
0.369561
0.467372
-0.004372
0.027862
0.214652
0.204015
0.263272
0.312656
0.565477
0.055637
-0.265980
-0.555357
-0.912186
-1.434504
-1.276262
-1.369718
-1.228223
-1.162858
-0.715898
-0.408883
0.122112
0.493801
0.037634
0.238017
0.353258
-0.057592
-0.344177
-0.269103
-0.326840
-0.580002
-1.246597
-0.697105
-0.299205
0.059365
0.525483
1.038882
0.895306
0.462129
0.313963
0.088254
0.238569
0.044092
0.492113
0.713381
0.586335
-0.148498
-0.088478
-0.898002
-1.099343
-0.568506
-0.440196
-0.464150
-0.654849
-1.218499
-2.578347
-3.131374
-3.914166
-4.350780
-4.553924
-4.628138
-4.250234
-3.104015
-2.433374
-1.819146
-1.623470
-1.101220
-0.378561
0.388865
1.076115
1.439363
1.674346
1.422013
0.863502
0.305617
1.269804
1.976105
2.097694
2.254063
3.048002
3.146847
3.329354
3.022870
2.222581
1.602613
1.184249
0.950241
1.474057
2.211807
2.445937
3.008318
2.914672
2.014895
1.240423
1.307861
1.716309
2.340012
2.494750
2.529059
2.997460
2.200584
0.979309
0.007685
-0.271094
-0.288978
-0.063426
-0.466982
-0.464900
-0.293047
-0.012439
-0.054589
-0.423107
-0.823323
-0.782211
-0.287907
0.057818
0.182785
0.422446
0.259512
-0.187626
-0.150348
-0.647517
-0.840779
-0.440433
-0.000382
0.126565
-0.234073
-0.837241
-0.912879
-0.918970
-0.442944
-0.175212
-0.727426
-1.006921
-1.523057
-1.274661
-0.811304
-0.597190
-0.788142
-0.891511
-1.253595
-1.113945
-0.968293
-0.963969
-1.042798
-0.468893
-0.013461
-0.047178
-0.061720
0.127748
-0.074710
-0.200575
0.086803
0.030154
-0.363954
-0.725879
-0.544770
-0.965064
-1.284499
-1.137513
-0.938603
-0.898385
-0.397792
0.149708
0.093823
-0.247729
-0.293791
0.040039
-0.541571
-0.854131
-1.075620
-0.736534
-0.444117
-0.286586
-0.724624
-0.595804
-0.691160
-0.272516
0.245380
1.231972
1.694944
1.438202
1.287539
0.719895
0.300153
0.139220
0.149008
-0.106983
-0.144577
-0.843508
-2.318975
-3.167779
-2.861445
-1.871004
-0.565401
0.693086
1.087086
1.541344
1.944080
2.004695
1.610793
1.421066
0.748170
-0.054608
-0.477287
0.103544
0.381656
0.556081
-0.072424
-0.657522
-1.014310
-1.050851
-1.043428
-0.484788
-0.812154
-0.435244
0.239334
0.538090
1.108601
1.361593
1.646487
0.773614
0.349784
0.022670
0.085886
0.203199
-0.098019
-0.165600
-0.456938
-1.020800
-1.214155
-0.735426
-0.696945
-0.752481
-0.438691
0.445577
0.922349
1.322170
1.552837
1.489905
0.803391
0.503277
0.186986
-0.359756
-0.613486
-0.850883
-0.817437
-0.540383
-0.245863
-0.252187
0.517708
1.087135
1.988961
1.862867
1.802147
1.493212
1.684763
1.051395
0.267078
-0.509077
-1.219571
-1.203948
-1.243035
-0.769925
-0.623659
-0.515769
-0.015966
0.471403
0.658259
1.271473
1.180262
1.084219
0.759390
-0.112252
-0.841166
-1.107856
-0.942919
-1.763362
-2.351557
-2.092394
-1.534042
-1.144599
-0.544957
-0.289466
0.008758
0.687701
0.776119
0.435298
0.298442
-0.653185
-0.705055
-0.350650
0.008428
-0.556815
-0.532860
0.016068
0.163580
0.756251
0.385509
-0.234528
-0.801780
-0.953766
-1.300247
-1.006517
-0.630679
-0.439921
-0.401713
-0.270465
-0.059763
0.339065
0.984895
0.786364
0.804983
0.185802
0.217225
0.485684
0.764366
0.732465
0.795310
1.023950
1.130855
0.329291
-0.351700
-0.515768
-0.110183
-0.005905
-0.019194
0.573848
1.032174
1.175517
1.129142
1.661242
1.583061
0.718741
0.280389
0.330217
0.010555
-0.125799
-0.574040
-0.854718
-0.121971
0.593673
1.161400
1.265940
1.242434
0.761387
0.792041
0.828251
0.758060
-0.030689
-0.643510
-1.593041
-2.227501
-2.338309
-2.136273
