0.692519
-0.090652
-1.456257
-2.182408
-2.494168
-2.130544
-1.975700
-1.370566
-0.531798
0.232735
0.418891
0.470175
0.517125
-0.133171
-0.573906
-0.929248
-1.375960
-1.563179
-1.840993
-1.699236
-1.700148
-1.435823
-1.079359
-1.089855
-0.770127
0.115336
0.760326
0.706874
1.069054
1.685770
1.657011
1.498929
2.381645
3.371029
3.687100
3.486246
2.845512
1.999833
1.021177
0.132957
-0.564695
-1.771663
-2.692632
-2.662426
-2.119725
-0.767731
-0.611509
-0.860271
-0.621257
-0.262527
0.220944
1.098514
1.857660
1.675637
1.503513
1.308608
1.524607
1.535524
1.046799
1.061344
0.991577
0.313574
0.006100
-0.009125
0.143906
0.609863
0.550826
0.120318
-0.762292
-1.656095
-1.734401
-1.177672
-0.287716
0.408958
0.176832
-0.314099
-0.613511
-0.289313
0.292288
1.257646
1.596055
1.450853
1.446365
1.128808
0.456734
0.685012
1.107956
0.932888
0.321891
-0.121087
0.485896
0.609675
-0.049905
-0.601948
-1.008654
-1.282565
-1.144940
-0.754058
-0.715446
-1.145061
-1.278688
-1.365615
-0.941060
-0.366059
-0.612578
-0.311810
0.503715
0.866299
0.854810
1.079016
0.955216
0.007886
-0.194773
0.159185
0.388315
0.243695
-0.081085
-0.702463
-1.388669
-1.952603
-2.335131
-2.349588
-2.210691
-1.232583
-1.198055
-1.382938
-1.478022
-1.690859
-1.199337
-0.709578
-1.058964
-1.266219
-1.018512
-1.083046
-1.213279
-0.696208
-0.125245
0.226059
0.263025
0.323990
0.109255
0.041753
0.176448
0.548549
0.661370
0.646154
1.046951
0.884461
0.788558
0.676518
0.373463
0.278868
-0.093948
0.093155
-0.155379
-0.100764
0.066334
0.128894
-0.515008
-0.879460
-0.567047
-0.247053
-0.060961
-0.085631
-0.576037
-0.725214
-0.056025
0.254529
0.673081
0.604267
0.405223
0.612176
0.543821
0.474083
0.661273
0.651812
0.197783
-0.071581
0.046618
0.435131
0.779884
0.492545
0.189648
0.273027
0.502092
0.589850
1.037956
1.141039
0.828880
0.932615
0.603020
0.347479
0.717118
0.858951
0.701133
1.049581
1.403095
0.996963
0.913817
1.463497
1.141512
0.578363
0.000161
-0.171084
-0.651036
-0.997165
-0.677864
-0.972474
-1.400300
-1.898229
-2.240555
-2.280024
-2.293337
-1.301922
-0.455122
0.443119
1.195812
1.120874
1.124476
1.334455
0.897894
1.005262
1.044076
0.806168
0.601072
0.239082
0.582543
0.804117
0.677253
0.786772
0.858458
0.526874
0.830602
0.682121
0.121057
-0.514429
-1.291105
-1.289310
-1.043053
-0.960563
-1.080905
-0.942100
-1.301378
-1.389491
-1.132593
-1.382501
-1.586563
-1.420994
-1.173802
-1.034448
-0.357375
-0.103833
-0.118979
0.143852
0.236921
0.137441
-0.331587
0.090258
0.535102
0.364185
0.166272
-0.228497
-0.099447
0.601282
1.085914
0.963625
0.288749
-0.988514
-1.623295
-1.338499
-0.793569
-0.455597
-0.572297
-0.616906
-0.145931
-0.076203
-0.290451
-0.543438
-0.399151
0.557567
0.612556
0.296659
0.445280
0.742252
1.266391
1.861608
1.638064
1.331760
1.682321
2.017908
2.149190
1.713746
1.216092
1.049704
0.702731
0.392557
0.501597
0.229183
-0.225520
-0.297964
-0.416529
-0.461228
-0.423934
-0.030063
0.469970
-0.091694
-0.097646
0.076825
0.108856
-0.506098
-0.527625
0.161410
0.359539
0.973403
1.087900
0.693159
0.649745
0.819774
0.361656
-0.780940
-1.790100
-1.041929
-0.404956
-1.096170
-1.618342
-1.764343
-1.495689
-1.127126
-1.046845
-1.132838
-0.841436
-0.679661
-0.276602
0.242888
0.811498
0.545086
-0.129747
-0.644185
-1.346236
-1.694434
-1.338440
-1.588120
-1.829663
-1.668034
-1.419457
-1.354529
-0.998213
-0.520746
-0.349087
0.515701
1.156312
0.955733
1.032662
1.127746
0.686606
0.628422
0.439803
0.445797
1.205124
1.996510
1.830041
0.717650
0.356833
0.243674
-0.886717
-1.679758
-1.493437
-0.684370
-0.600140
-0.732544
-0.177506
0.160639
-0.345938
-1.084476
-1.145158
-0.080768
0.525885
0.491644
0.000619
-0.430094
-0.778275
-0.577523
0.235049
1.041823
1.100526
0.590831
0.304778
1.023357
2.138926
1.950990
0.859194
0.088039
0.041787
0.642291
0.184491
-0.392058
-0.919777
-1.084826
-1.021418
-1.056524
-0.639412
-0.875621
-1.128740
-0.698693
-0.243349
0.852333
1.420445
1.208651
0.867586
0.485816
0.549670
0.413941
-0.006143
-0.476565
-0.344298
0.131507
0.626514
0.431184
0.141517
0.384658
0.499629
0.631900
0.828801
1.527982
1.206460
-0.137358
-1.350115
-1.870403
-1.673138
-0.526818
-0.072189
-0.088006
-0.811872
-1.111496
-0.369361
0.462301
1.288391
1.301786
0.809709
0.714446
1.490423
1.317452
0.888807
1.163437
1.226790
0.976967
0.489451
-0.090628
-0.266730
-0.569418
-1.197095
-1.916370
-2.500070
-2.224030
-2.033243
-2.225591
-1.372289
-0.770995
-0.557292
-0.660025
-0.448078
-0.375498
-0.652446
-0.639889
-0.406179
0.151805
0.850975
1.239303
0.903241
0.950724
1.140800
1.719509
2.268844
2.129346
1.548263
1.334147
1.214528
0.511990
0.795274
0.880879
0.568502
0.709350
0.369114
-0.012702
0.484373
0.191251
-0.126580
-0.354523
-0.392432
-0.659442
-0.767910
-0.696300
-0.901369
-0.827052
-0.663178
-0.536895
-0.951371
-1.522984
-1.348641
-0.984599
-0.581051
-0.344567
0.121786
-0.160109
-0.449543
0.124455
0.302561
-0.392859
-0.716913
-0.758775
-1.376658
-1.121621
-0.420646
0.264358
0.190888
-0.213188
-0.242101
-0.820733
-1.148077
-0.318424
0.401570
-0.092425
-0.995043
-1.193313
-0.832392
-0.247476
-0.037841
-0.104136
0.074918
-0.176401
0.350230
0.698248
0.600776
0.428987
0.814477
0.699257
-0.101174
-0.402960
-0.557440
-1.573912
-2.150449
-2.114627
-1.747409
-0.325562
1.214720
1.378531
0.237505
-0.236114
-0.272679
-0.269335
0.310214
1.313371
1.980072
1.701634
1.436284
1.612156
0.893723
-0.438252
-1.213149
-1.303335
-0.704197
0.180664
-0.100987
-1.179533
-1.112580
-0.657628
-0.715650
-1.328464
-1.319305
-0.052995
0.916123
1.938316
1.856321
1.297165
0.828428
0.496917
1.016695
1.016654
0.393040
0.029343
-0.430421
-1.383232
-1.801560
-1.475709
-0.858960
-0.695765
-0.519302
-0.071270
0.211680
0.129034
0.552473
1.167837
1.431054
1.302976
1.594379
2.010683
2.095314
1.712145
1.182152
1.279986
1.289192
0.741761
0.440244
0.099488
-0.476491
-1.125363
-1.570027
-1.900891
-2.231312
-1.941116
-0.543660
0.022678
-0.049071
0.630672
0.850506
0.743366
0.362927
0.586446
1.253909
1.457843
0.927782
1.250854
1.860799
1.977574
1.940491
1.875988
1.836686
1.951092
1.447655
0.415053
0.101120
0.802474
1.687529
1.373485
0.498030
-0.028865
-0.157399
0.004440
-0.270090
0.374699
0.818425
0.870190
1.106337
1.075599
0.125661
-0.411428
-0.367819
0.205979
0.539191
-0.183668
-0.728793
-1.110847
-1.497559
-1.449585
-1.660442
-2.255255
-1.955703
-1.689969
-1.456168
-1.400176
-1.656393
-1.677179
-1.365405
-1.000409
-0.939922
-0.714242
0.005641
0.567786
0.951263
1.150725
0.988387
1.089997
1.416623
1.393663
1.245762
0.395932
0.362692
0.607673
0.143291
0.072333
-0.231471
-0.854225
-1.032640
-1.256179
-1.534729
-1.717341
-1.554101
-1.205883
-0.865416
-0.936942
-0.921702
-0.716735
-0.241852
0.809109
1.433868
1.383412
1.350419
1.000979
0.713339
0.505904
0.365652
0.131372
-0.565815
-0.699673
-0.849248
-1.099596
-0.709161
-0.616176
-0.310957
0.374512
0.794308
1.118155
0.879172
0.019558
-0.360348
0.057583
0.632875
0.425681
-0.380266
-0.213359
0.507981
0.896762
1.152030
0.417885
-0.604008
-1.203002
-0.261989
-0.693783
-1.590818
-1.703113
-1.173058
-0.589297
-0.280841
-0.231253
-0.140643
-0.281210
-0.605451
-0.443880
0.213527
0.843851
1.039227
0.437585
-0.240304
0.462388
0.955362
-0.117195
-0.969461
-0.729690
-0.855750
-0.692824
0.243522
-0.323959
-1.054046
-0.575838
-0.281021
-0.652862
-0.363851
-0.336625
-0.134857
0.207861
0.576419
0.455507
0.772317
0.168451
-0.588309
-0.257125
0.790528
0.881321
0.339090
0.060840
0.594735
1.021683
1.112577
1.127820
0.618665
0.488066
0.499650
0.653536
1.094353
0.309770
-0.931264
-1.271406
-0.968692
-0.690487
-0.568781
-0.642573
-0.848954
-1.020264
-0.797254
-0.742532
-0.707254
-0.287018
0.807695
1.498597
1.442655
1.198923
1.943523
2.277716
1.802042
1.341908
0.827517
1.105960
0.735695
-0.583776
-0.938921
-0.102968
0.832264
0.538252
-0.077986
-0.142876
-0.177972
-0.633862
-0.774126
-0.435946
-0.206235
-0.130354
-0.902469
-1.362054
-1.576885
-1.353352
-0.904881
-0.493273
-0.397149
-0.183252
0.007839
0.777522
1.169426
1.422840
1.537196
0.717172
0.551034
1.304258
1.752150
1.059347
-0.198355
-1.122483
-1.212798
-0.570957
-0.274563
-0.226160
0.298808
0.389849
-0.169163
-0.556072
-0.595114
-0.145416
-0.773787
-1.806948
-1.235858
-0.582964
-0.681484
-0.300384
0.176214
0.016662
-0.279157
-0.240778
-0.021741
0.750171
1.487076
1.564435
0.786393
0.349822
1.038979
1.518266
1.302711
1.274621
0.864393
0.158701
-0.198081
-0.609000
-1.160556
-1.120189
-0.691173
-0.884368
-1.349289
-1.480913
-1.486892
-1.251250
-0.457800
-0.359374
-0.008973
1.380435
1.593381
0.613387
-0.127986
0.347672
0.886055
0.966994
0.931360
0.402533
-0.261045
0.070590
0.530838
1.416145
1.505211
0.463436
-0.480672
-0.410346
-0.537577
-0.869944
-0.776326
-0.541814
-1.016748
-1.025061
-1.055999
-0.946092
-0.129430
0.168371
0.105522
-0.266909
-0.540025
-0.843069
-0.535897
-0.234969
-0.296902
-0.364266
-0.448580
-0.297900
-0.012899
-0.161098
0.012469
0.512270
0.651682
0.935094
1.168863
0.828314
0.442026
0.292063
-0.378060
-0.768953
-1.071366
-1.287805
-0.404933
0.118200
-0.113643
-0.418790
-0.307927
0.263913
0.724746
0.902477
0.786410
0.249545
0.181213
0.038635
-0.424627
-0.601529
-0.148891
0.654247
1.038319
0.713828
0.102956
0.477531
1.584556
1.833675
1.370415
0.760776
0.139821
-0.543702
-1.068316
-1.091573
-1.313742
-1.731387
-1.603904
-0.849710
-0.070824
0.532183
0.834812
1.015554
1.352540
1.532954
1.219147
-0.097195
-1.189948
-1.393029
-1.564687
-1.892391
-1.558977
-1.086759
-0.839928
-0.724589
-0.406607
-0.109620
0.067217
0.238774
0.895908
1.412475
1.256643
1.401757
1.730849
1.361513
0.990385
0.877189
0.591313
0.654792
0.404029
-0.107735
-0.047968
-0.050106
0.077571
0.111677
0.061406
0.006023
0.235155
-0.470711
-1.118868
-0.824197
-0.407515
-0.697067
-0.840783
-0.445196
-0.372388
-0.485906
-0.349829
-0.237632
0.119963
0.489042
0.698299
0.952871
1.456548
1.523211
1.171858
0.832224
-0.059468
-0.761353
