-0.870580
-1.123244
-0.652150
-0.078918
0.413841
1.349026
0.988097
0.554938
-0.262159
-1.123077
-1.094587
-1.136670
-0.662635
0.161665
0.727823
0.837854
1.229379
1.366850
1.763380
2.481221
2.124381
1.335428
0.923419
0.489904
0.351371
0.170999
-0.020775
-0.332657
-0.701325
-0.382115
-0.041927
-0.210049
-0.900008
-1.775494
-1.668574
-1.303934
-0.787173
-0.226853
0.229959
1.094276
1.908619
1.834340
1.901073
2.425905
2.523363
2.317545
1.038950
0.029351
-0.297430
-0.594697
-1.154147
-0.991375
-0.302465
0.118619
0.580719
0.271384
-0.435292
-0.963381
-1.593385
-1.950980
-1.883614
-1.400363
-0.694836
-0.282958
0.071194
0.386450
1.042798
1.189802
0.318633
-0.421595
-0.708742
-0.543036
0.109274
0.231968
0.082558
-0.041327
-0.264068
-0.384224
-0.570323
-0.702974
-0.561349
-0.158115
0.013090
0.219283
0.284153
0.620468
0.972111
0.788419
0.380299
0.088602
0.075336
-0.520884
-1.559368
-2.398771
-2.197075
-1.592897
-1.234100
-1.029569
-0.959378
-0.857607
-0.415810
0.410743
1.049825
1.247204
0.894423
0.835649
0.921081
0.653205
0.238092
0.211499
0.009921
-0.216456
-0.279269
0.055063
0.321988
0.163244
0.031073
-0.248102
0.174692
0.856476
1.195819
0.767226
-0.101041
0.146718
0.329679
-0.088540
-0.099701
0.112890
0.309701
-0.063441
-0.360266
-0.291392
-0.123518
-0.439293
-0.792927
-0.849308
-0.984309
-1.097138
-0.738233
0.067477
0.240587
0.027127
0.042844
0.099665
0.158765
0.678787
1.092610
1.131492
0.223980
-0.667956
-0.402102
0.322492
0.730867
0.721832
0.623472
0.428419
-0.024449
0.107919
0.323316
0.497012
1.054533
1.280077
1.335189
1.054717
0.714894
0.549183
0.451781
0.566465
0.504049
0.103916
-0.522592
-0.945392
-0.907513
-1.075435
-1.065381
-0.526040
-0.298634
0.134364
0.305328
-0.134165
-0.158648
-0.384463
-0.486202
-0.506044
-0.695938
-0.813257
-0.839928
-1.016661
-1.159123
-0.533823
-0.176873
-0.191084
-0.046916
0.005568
-0.007106
-0.002295
-0.962249
-1.673797
-1.769520
-1.610039
-1.442495
-0.999348
-0.687492
-0.527519
-0.263366
0.012101
0.504377
0.664179
0.712478
0.812802
1.269021
1.273412
0.767993
0.021091
-0.527117
-0.822062
-0.927753
-0.983507
-0.910994
-0.234949
0.330289
0.912363
1.075338
1.522574
1.659070
0.710933
-0.143968
-0.672422
-1.182760
-1.424919
-1.108049
-0.919256
-0.809295
-0.435055
0.140621
0.009426
-0.502034
-0.578355
-1.349296
-2.225983
-2.398499
-1.923175
-1.184874
-0.400994
0.486968
1.081020
1.362098
1.721126
1.814837
1.795624
1.734217
1.565044
0.679167
-0.262197
-0.860606
-0.940993
-0.720158
-0.653034
-0.890602
-1.090483
-1.123341
-0.269568
0.335171
0.422489
0.820651
1.669881
2.314263
2.486418
2.236243
1.446264
0.626563
0.190159
-0.053558
-0.607417
-0.510090
0.161693
0.524719
1.023766
1.282787
1.508056
1.151660
0.781417
0.930200
1.244137
0.743412
-0.110132
-0.888554
-1.453255
-1.496511
-1.263968
-0.902034
-0.536993
-0.118455
0.478799
0.416537
0.212964
0.493372
0.416563
0.291067
0.361750
0.469162
0.472533
0.464030
0.640275
1.157261
1.105176
0.504372
0.094691
0.465522
0.488541
0.233133
-0.195319
-0.817627
-1.229469
-1.235415
-1.152686
-1.186556
-0.820625
0.012131
0.963515
1.565814
1.824745
1.584142
1.082261
1.336305
1.242667
1.169319
0.920891
0.786911
0.905494
0.468648
-0.446053
-1.189676
-1.883253
-2.182730
-1.596194
-0.603200
0.334315
0.971333
1.256845
1.352089
1.279534
1.271210
1.239504
1.156014
0.480807
-0.217657
-0.963206
-1.789617
-1.546630
-0.947498
-0.656433
-0.525506
-0.463434
-0.409042
-0.608398
-0.905792
-0.909278
-0.754635
-0.818209
-1.204659
-1.243826
-1.114744
-1.270676
-0.919074
-0.356559
-0.153657
-0.224104
-0.107217
0.316401
0.634791
0.218936
-0.531616
-0.567515
-0.024277
0.042739
-0.241769
-0.369824
0.002441
0.463582
0.489508
0.461927
0.072005
-0.344843
0.048273
0.047535
-0.243572
-0.202411
-0.238608
-0.043053
0.473977
0.946032
0.921616
1.078171
0.656606
0.264724
0.332916
0.319068
0.355372
0.586794
0.961074
0.651031
-0.009094
-0.645012
-1.386817
-1.677265
-1.798963
-1.716599
-1.139929
-0.335701
0.223860
0.645105
0.660650
0.648938
0.624828
0.520719
0.572292
0.115039
-0.523383
-1.048329
-1.366867
-1.186192
-0.704983
0.101561
0.568222
0.620599
0.775301
1.042036
1.004398
0.849525
0.738315
0.909286
0.900109
0.467269
-0.022356
-0.708251
-1.193157
-1.098630
-0.738527
-0.808365
-1.138406
-1.188286
-1.047618
-0.772056
-1.084418
-0.742231
0.314451
0.772612
0.754915
0.657141
0.481746
0.606848
0.194697
-0.415619
-1.503610
-2.508461
-2.963052
-3.344118
-3.629956
-3.631111
-2.779360
-1.628512
-1.056903
-0.149988
0.639199
1.022077
1.266044
0.841696
0.190208
-0.191671
-0.389562
-0.240393
-0.068425
0.024441
0.190562
0.545999
0.978477
1.274122
1.618061
1.770263
1.472360
0.919796
0.524983
0.357095
0.349104
0.761813
1.661260
2.115361
2.356282
2.407809
2.186351
1.895071
1.535391
1.516855
1.300868
1.183524
1.426896
1.305684
1.151611
1.144307
1.012968
0.921098
1.407122
1.522235
1.139764
1.169696
1.114982
0.976694
0.526940
0.130271
-0.460846
-1.422899
-1.475369
-1.035005
-0.814899
-0.649580
-0.630154
-0.570526
-0.065754
0.315749
0.369343
-0.054411
-0.416484
-0.364290
-0.466641
0.016278
-0.078927
-0.640166
-1.042899
-1.418032
-1.447502
-1.175851
-1.402432
-1.536739
-1.176730
-1.338017
-1.242433
-0.498612
0.095413
0.293190
0.617646
0.736657
-0.252026
-0.932285
-0.814139
-0.619208
-0.479772
0.145032
0.367858
-0.222785
-0.832725
-1.454544
-2.084210
-2.172786
-2.062844
-1.406528
-0.331688
0.024054
0.796351
1.427235
1.192300
1.150179
0.722160
0.579161
0.481850
0.444590
-0.021857
-0.086454
-0.195845
-1.025882
-1.496957
-1.548206
-1.356953
-0.380433
0.174001
-0.307654
0.160674
0.416396
0.251470
0.010888
-0.133377
0.030860
0.101111
0.326908
0.034076
-0.305800
-0.032109
-0.042330
0.161392
0.293774
-0.121558
-0.172274
-0.393215
-0.752983
-0.759774
-0.389826
0.350810
0.933939
1.101037
1.146032
1.500967
1.326451
0.877099
0.578622
0.241854
-0.107266
-0.136750
-0.296040
-1.315134
-2.705730
-3.026261
-4.013057
-4.380879
-3.750803
-3.172230
-2.824137
-2.964275
-2.519307
-1.874849
-1.180062
-0.315713
0.307667
0.122139
-0.025974
0.300792
0.871906
0.922292
0.827251
1.005155
1.528897
1.578616
1.874974
2.507410
2.572200
2.693323
2.788788
2.963152
2.997718
2.885063
2.801246
2.113769
1.166112
0.190983
-0.155993
0.332052
0.486606
0.145445
0.182912
0.510507
0.661067
1.151075
1.199362
1.140002
1.680960
1.375795
1.386093
1.605118
1.374455
1.164911
1.374201
1.181311
0.969753
0.988636
1.012472
0.484252
0.199302
0.044089
-0.343792
-0.620123
-0.796144
-1.238178
-1.063430
-0.748038
-0.263900
0.397024
0.423966
0.160454
-0.207998
-0.618847
-0.463169
-0.050237
-0.222207
-0.361104
-0.135520
0.012362
-0.199436
-0.779698
-0.244487
0.362958
0.042379
-0.028480
0.016845
0.063450
0.245860
0.117577
-0.165390
-0.153920
-0.163204
0.241823
-0.289960
-0.821026
-0.712355
-1.083501
-1.083372
-0.412155
-0.214103
0.164651
0.043273
-0.105316
0.059158
-0.068482
0.311204
1.583314
2.533603
2.867029
2.199891
1.289225
0.908980
0.652079
-0.014781
-1.095266
-1.937903
-1.923788
-1.149957
-0.316024
0.729590
1.951666
1.389067
0.348924
0.030593
-0.392246
-1.134118
-1.849229
-2.000585
-1.837339
-1.771879
-1.570399
-1.067725
-0.976053
-1.058442
-1.097321
-1.076545
-1.372019
-1.000965
-0.380491
-0.210245
0.337948
1.007930
0.412957
-0.078557
0.488858
0.792877
0.879842
0.699766
0.834078
0.646392
0.416606
-0.293607
-0.731380
-1.454584
-1.589842
-1.038629
-0.896743
-1.055598
-0.693147
-0.537529
-0.454150
-0.476360
-0.511167
-0.029626
0.599883
0.876654
0.587206
0.334389
0.074456
-0.186543
-0.209048
-0.327619
-0.003078
-0.046709
0.076846
0.526964
0.992465
1.069467
1.142397
1.396578
1.431753
1.483549
1.149474
0.668239
0.863176
0.813380
0.561699
-0.264993
-1.167720
-1.600003
-1.796615
-1.646270
-1.615850
-1.108999
-0.144717
0.618185
0.873059
0.965282
0.800652
0.233495
-0.334828
-0.252279
-0.152544
-0.186058
-0.547551
-0.704415
-0.545870
-0.800112
-0.625669
-0.139207
-0.069866
-0.206388
-0.184762
-0.141829
-0.323475
-0.134952
0.420251
0.812761
0.469370
0.053481
0.073111
0.260179
0.083670
-0.395501
-0.607324
-0.832197
-0.739466
-0.728407
-0.368285
0.359144
0.548484
0.315078
-0.250602
-0.681462
-0.569612
-0.677030
-0.603807
-0.519451
-0.887541
-0.854542
-0.325519
0.000693
-0.001882
-0.258167
-0.481674
-0.729081
-0.476432
-0.013165
0.367183
0.839098
0.486991
0.154119
-0.218263
-0.450980
-0.645216
-0.239078
0.079430
-0.397727
-0.516509
-0.776457
-1.126875
-0.554747
-0.453341
-0.575220
0.080826
1.061804
1.789143
1.543359
1.202035
1.467089
1.373874
1.281383
0.916429
0.139776
-0.441904
-0.528816
-0.152293
0.226027
0.207230
0.091513
-0.003631
-0.009905
-0.034597
-0.156754
-0.016010
0.234142
0.053034
-0.034570
0.286658
0.304064
0.106627
-0.348491
-0.614786
-0.221646
-0.044850
-0.246194
-0.404806
-0.441101
-0.280592
-0.119190
0.001390
0.397322
0.799106
0.677164
0.573170
0.188860
0.532770
1.035165
0.183066
-0.672823
-0.460244
-0.014836
0.008336
0.231379
0.169700
-0.107418
-0.049039
0.255555
0.607114
0.770722
0.390961
0.329098
0.433478
0.166425
-0.298880
-0.611725
-0.581412
-0.489927
-0.758726
-0.613920
-0.525632
-0.423301
-0.572194
-0.890560
-0.576540
-0.577043
-0.628207
0.055499
0.865621
1.262222
0.867096
-0.145182
-0.521586
0.047516
0.344367
-0.023341
-0.065467
0.103343
0.138592
0.060956
-0.179746
-0.185163
-0.165696
0.229150
0.342457
0.409261
1.090559
1.102894
0.352453
-0.241218
-0.313983
-0.281622
-0.230056
0.127845
0.611372
0.609016
0.490525
0.737817
0.727073
0.816848
0.974092
0.565842
0.628730
0.952951
0.402237
-0.511647
-0.938765
-1.202856
-1.654696
-1.789126
-1.722777
-1.963258
-1.831901
-1.184433
-0.384311
0.164527
0.168813
0.495189
0.770572
0.415949
0.124008
-0.203211
-0.219067
-0.013485
0.397008
0.703439
0.765516
0.605928
0.469800
0.352127
0.191663
0.165351
0.131914
0.460757
0.833159
1.192078
1.104434
0.934123
0.725196
0.027885
-0.319506
-0.487925
-0.665658
-0.634694
-0.362898
-0.238157
-0.914576
-1.378043
