-0.806858
-0.626530
-0.048722
0.635162
0.969831
1.498415
1.566232
1.293448
0.710440
0.170472
0.200057
-0.286328
-0.590824
-0.088894
0.233483
-0.183456
-0.308030
-0.076725
0.246606
0.815054
0.267381
-0.109302
0.082489
-0.102130
0.108138
0.363484
0.961133
1.168478
0.874125
0.231685
0.053807
-0.386398
-0.748818
-1.038377
-1.015811
-1.256868
-1.605535
-1.466274
-0.726260
0.171346
1.636923
2.356577
2.248775
1.731464
1.301441
1.353327
0.999301
0.747596
0.762343
0.188014
-0.835692
-1.286388
-0.836523
-0.841922
-0.450520
-0.506186
-0.443330
-0.371966
-0.229458
-0.335274
-0.530838
-0.737312
-0.889880
-0.993330
-1.245280
-1.360546
-0.855966
-0.703293
-0.811219
-0.517568
-0.196029
-0.201027
-0.143293
-0.015882
0.006026
-0.742395
-1.239325
-1.187051
-0.849098
-0.898332
-1.193938
-1.217822
-1.217077
-1.002933
-1.289721
-1.294583
-1.106487
-0.943076
-0.747189
-0.784524
-0.532700
-0.443620
-0.459770
-0.534607
-0.236628
0.302289
0.143696
0.090586
0.074811
-0.262116
-0.423028
-0.007279
0.390850
0.861440
1.203346
1.230838
1.230991
1.129892
1.052920
1.202364
1.170107
0.846494
0.869695
0.685778
0.785903
0.886647
0.837914
0.547946
0.544393
0.986856
1.427818
1.425390
0.966305
1.489231
2.033383
1.687649
1.144735
0.568727
0.153382
0.119996
0.254404
0.768627
1.120045
1.057687
0.601897
0.189140
-0.482238
-0.953606
-1.112003
-0.806434
-0.538143
0.036993
0.495993
0.289393
-0.091908
0.359636
0.877992
0.741279
-0.112711
-0.507831
0.122421
0.609345
0.148122
0.050194
-0.229081
0.011079
0.248997
0.740658
1.318493
1.587491
1.546683
1.161152
0.864285
0.661530
0.751281
0.579179
0.123889
-0.465310
-1.238412
-1.653975
-1.419285
-1.238632
-1.199277
-1.196623
-0.920568
-0.537507
-0.832545
-1.002608
-1.267744
-1.369998
-0.864226
-0.479019
-0.230530
-0.339675
-0.448359
-0.658736
-1.394713
-1.755356
-1.549124
-0.545522
0.002204
-0.189635
-0.571119
-0.870758
-0.352694
0.183501
-0.016647
-0.401490
-0.500901
-0.069660
-0.072763
-0.055178
0.180172
0.434852
0.443588
0.641144
1.329468
1.495438
1.634144
1.649791
1.238245
1.065767
0.540829
0.384868
0.258198
0.040413
-0.157901
-0.569939
-0.494626
-0.058125
-0.002302
-0.194605
0.151747
0.970349
1.377750
0.835784
0.301977
-0.246855
-0.511276
-0.408670
0.008954
-0.414676
-0.831687
-0.885695
-0.199285
-0.158459
-0.424043
-0.414761
-0.684248
-0.709372
-0.180276
0.313449
0.548981
0.477760
0.160419
-0.107964
0.006860
0.025601
-0.673886
-1.136561
-0.934751
-0.667712
-0.702394
-1.060318
-0.884977
-0.525785
-0.030834
0.304477
0.057706
0.469890
0.967033
0.879882
0.711060
0.359053
0.418439
1.211828
1.438381
1.794409
2.154135
1.953520
1.810445
1.711484
1.015618
0.351867
0.010269
-0.354438
-0.597172
-0.344507
0.013036
0.069913
-0.654289
-1.304480
-0.884387
-0.292759
-0.193048
-0.371175
-0.559871
-0.615122
-0.660032
-0.684135
-0.573855
-0.283284
-0.114275
0.328917
0.441349
-0.124152
-0.364142
-0.620979
-0.485713
-0.412307
-0.477817
-0.385784
-0.571683
-0.654253
-0.382943
-0.525510
-0.264185
-0.424052
0.049613
0.604732
0.605088
-0.371099
-1.460097
-1.445116
-1.097131
-0.922679
-0.780817
-0.223708
0.552643
1.275103
1.900629
2.169545
1.742581
1.309896
1.308123
1.299421
1.134697
0.876689
0.826077
1.037768
0.938217
0.253846
-0.164368
-0.264905
-0.487343
-0.498016
-0.440578
0.090412
0.486397
0.605811
0.793290
0.629417
1.063452
1.207593
0.943803
0.331096
-0.040153
-0.460319
-1.052989
-0.977711
-0.798139
-0.849996
-0.891100
-0.649566
-0.327466
-0.445976
-1.020438
-1.820870
-2.014410
-1.726289
-1.773510
-1.371508
-0.971794
-0.514091
0.205271
0.700933
0.468994
0.307283
0.517225
0.691539
1.022235
0.767409
0.164993
-0.226450
-0.282009
-0.212394
-0.153742
-0.375267
-0.608403
-0.306544
-0.102542
0.045879
0.172137
0.181891
0.236018
-0.118884
-0.686826
-0.555541
-0.681671
-0.655640
-0.384285
-0.248174
-0.007913
0.243209
-0.460215
-1.044256
-0.442239
0.251661
0.643505
0.618241
0.918422
1.039213
0.087920
-0.749601
-1.254401
-1.467516
-1.151173
-1.065686
-0.732392
-0.428362
-0.024303
0.855874
1.491799
1.479635
0.834766
0.195500
0.071968
-0.225855
-0.711826
-1.168472
-1.587827
-1.665797
-1.077498
0.202773
1.130165
1.627297
2.053467
2.064847
1.317521
1.156703
0.864139
0.599037
0.678026
0.671186
0.162666
-1.080893
-2.204313
-2.283081
-1.820656
-1.361934
-0.465198
0.191278
0.248851
0.535026
0.653297
0.831572
1.486367
1.342451
0.969925
0.425691
0.243543
0.550536
-0.054590
-1.219656
-1.995460
-2.684913
-3.157034
-3.729876
-4.026709
-4.027922
-3.231871
-1.682496
-0.734725
0.295711
0.938266
0.981735
1.323686
0.882973
0.383440
0.518034
0.224048
0.113273
-0.150779
-0.142823
0.118251
0.133208
0.759458
0.535278
0.272735
1.139059
1.626505
2.026481
2.413313
2.150386
2.407714
2.039514
1.557063
1.054799
0.950864
0.827369
0.508808
0.560344
0.629473
1.052957
1.271319
1.149451
1.313660
1.099255
0.939226
1.020188
0.795249
0.345681
0.319233
0.084653
0.041536
0.869545
1.078320
1.023178
0.910211
0.852403
0.327025
-0.052313
0.070250
-0.269272
-0.748974
-0.842879
-0.557105
-0.672245
-0.944830
-0.902759
-1.201244
-1.110116
-0.600807
-0.015376
0.143931
0.556950
0.192460
-0.478970
-0.631565
-0.755621
-0.786211
-0.681167
-0.739405
-0.878891
-0.770613
-0.849573
-1.015957
-0.597556
0.196444
0.490395
0.738858
0.950963
0.366832
0.191537
0.491320
0.516702
0.395902
0.425056
0.302245
-0.222558
-0.413342
-0.704994
-0.916263
-1.008255
-1.248178
-0.920698
-0.512727
-0.763012
-0.226559
0.428738
0.627339
0.672140
-0.037984
-0.894790
-0.641721
-0.060659
0.163198
0.715856
0.690779
-0.082720
-0.926122
-1.156414
-1.046319
-0.297753
-0.076070
-0.487767
0.264235
0.352739
-0.084156
-0.334006
-0.306779
0.572095
0.645041
0.171266
0.044208
-0.131709
-0.201595
-0.300715
-0.089138
0.490945
0.856408
0.980872
1.017009
0.820447
0.547782
0.312251
0.284624
0.536164
0.798239
0.225154
0.239616
0.146973
-0.142693
-0.275605
-0.094148
-0.191117
-0.575885
-1.361062
-2.685070
-3.509534
-3.399802
-3.627787
-3.655647
-3.355419
-3.197213
-3.012763
-3.069771
-2.961790
-2.381012
-1.659431
-1.381495
-1.619405
-1.989224
-1.700286
-0.741229
0.825815
1.409356
1.753343
2.646361
3.455964
3.507600
3.638324
3.675351
2.857279
2.274794
1.931205
1.758245
1.617022
1.765692
2.209785
1.672890
1.131367
0.738392
0.555046
0.796410
1.133977
0.602551
0.729995
1.512918
1.846308
2.266735
2.316871
1.635462
1.666069
1.172070
1.005685
0.967544
0.639410
0.598921
0.816268
0.615940
0.661820
0.327301
0.174977
-0.108015
-0.138452
-0.211006
-0.702378
-0.989366
-0.995095
-1.365643
-1.538302
-1.122199
-0.796472
-0.375673
0.006454
0.086925
-0.384271
-0.633893
-0.649293
-0.397503
-0.664637
-0.366210
0.399284
0.995604
0.775637
0.349981
0.994435
1.359665
0.849656
0.598985
0.203393
-0.013819
-0.355586
-1.019973
-1.402453
-1.302009
-0.868973
-0.448256
-0.823537
-1.375085
-1.262220
-1.116467
-0.496587
0.731740
1.291575
1.862002
1.913010
1.581624
1.309817
0.911586
0.686099
1.210509
1.843274
1.924001
1.762277
1.967492
1.661144
1.305791
0.967357
0.287954
-0.233046
-0.395522
-0.123117
-0.142313
-0.295881
0.707724
0.477589
-0.425655
-0.667698
-1.283913
-1.700263
-1.823192
-1.714771
-1.456711
-1.388727
-1.622072
-1.454215
-1.713168
-1.887263
-1.396434
-1.109243
-0.707805
0.208840
0.941649
1.206980
1.687822
2.383614
1.765696
0.901164
0.959208
0.655192
0.125820
-0.681003
-0.630043
-0.647899
-0.709468
-1.270003
-1.547620
-1.944526
-2.173547
-1.689624
-1.099671
-0.999011
-0.711130
-0.815012
-1.259559
-1.282766
-1.053302
-0.730243
-0.342057
-0.231678
-0.709371
-0.617789
-0.090932
0.169231
0.234387
0.288314
0.271220
-0.482371
-0.708184
0.024892
0.331277
0.322703
0.132790
0.219763
0.787505
0.841291
0.140196
-0.182517
-0.245676
-0.740029
-0.735829
-0.797606
-1.380959
-1.741365
-1.768465
-1.258329
-0.784043
-0.257577
0.212663
0.031098
0.207309
0.745712
0.663239
0.605435
0.457903
0.012424
0.027472
0.258267
-0.028636
-0.457160
-0.381023
-0.379470
0.067312
0.661068
1.087229
1.388107
1.587647
1.366620
1.177986
0.842567
0.710889
0.587323
0.230620
-0.112705
-0.357927
-0.429262
0.007180
0.040744
-0.621927
-0.944005
-0.139420
0.137679
0.157542
0.293279
0.135774
0.070433
-0.251448
-0.875990
-1.202520
-1.314039
-1.060939
-0.884783
-0.735842
-0.436000
0.024892
0.717815
1.157863
1.245868
1.190780
1.199403
1.373263
1.323210
0.921373
0.703167
0.248976
-0.185252
-0.572008
-0.636620
-0.749813
-0.505093
-0.351369
-0.492781
-0.350542
-0.089292
-0.187623
0.052436
0.069206
-0.234453
0.181291
0.668890
1.070146
0.726280
0.194797
0.381540
0.550343
0.985498
1.314735
0.596664
-0.538661
-0.717458
-0.503480
-0.464731
-0.661305
-0.870031
-0.880312
-0.355615
0.149966
0.111634
0.434870
0.783202
0.772203
0.592633
1.103370
1.475551
0.916379
0.178098
-0.275545
-0.044309
-0.037762
-0.246870
-0.234519
0.081922
0.248617
0.150634
0.275864
0.421463
0.307528
0.180888
0.249945
0.116428
0.385067
0.641251
-0.243736
-0.601419
0.239118
0.347558
-0.071058
0.160573
0.096529
-0.191276
-0.396258
-0.699663
-0.600160
-0.518831
-0.381956
0.350607
0.281933
-0.261018
-0.478654
-0.626498
0.113277
0.562436
0.460337
0.345115
-0.005872
0.011873
-0.319831
-1.181699
-1.121141
-0.944610
-1.440468
-1.438717
-0.951468
-0.362440
-0.064539
0.035103
-0.178750
-0.030368
0.277918
0.073114
0.206437
0.293226
0.152755
0.160658
0.176286
-0.094953
-0.163268
0.069725
0.364481
-0.008818
0.256075
0.977220
0.640476
0.200981
0.036872
0.159012
0.301116
0.318673
0.732300
1.261038
0.872405
0.686611
0.763930
0.945714
1.286078
0.773547
0.750328
1.175571
0.603647
0.097199
-0.169327
-0.177987
-0.293120
-0.255695
-0.275335
-0.702113
-0.654252
-0.335919
0.052366
-0.085921
-0.435646
-0.273708
0.100828
-0.178938
-0.393606
-0.467829
-0.749912
-1.067611
-0.906901
-0.677200
-0.524182
-0.424310
-0.477157
-0.776475
-0.500378
-0.262133
-0.562470
-0.840694
-0.808119
-0.346710
0.093474
0.447752
0.230713
-0.670500
-0.942755
-0.763523
-0.593978
-0.119137
-0.013929
0.204156
0.209944
-0.359940
