0.076090
0.278858
0.734069
1.303638
1.376042
1.808971
1.596639
1.377806
0.813497
0.296471
0.232628
-0.228074
-0.686236
-0.608956
-0.647836
-0.925266
-1.070709
-0.705615
-0.124400
0.517845
0.199896
-0.222305
0.188126
0.383006
0.526655
0.718474
0.905590
0.948516
0.513494
-0.120927
-0.332575
-1.253899
-1.773296
-2.106928
-1.870756
-2.243988
-2.544362
-1.881024
-0.623084
0.609871
2.395804
2.798135
2.167562
1.067382
0.372631
0.633364
0.945890
0.958735
0.761843
0.416595
-0.545039
-1.269015
-1.063256
-0.945870
-0.793240
-0.955064
-0.782176
-0.724627
-0.473173
-0.584283
-0.921980
-1.055538
-0.711032
-0.217897
-0.099262
-0.030732
0.238440
0.309604
0.299266
0.424023
0.174949
-0.021037
0.461345
0.505372
0.121878
-0.648617
-0.904768
-0.745301
-0.265264
-0.421273
-0.965249
-1.293079
-1.293689
-1.043925
-1.373046
-1.587779
-1.366061
-1.592236
-1.366037
-1.308061
-1.124600
-0.515166
-0.125151
-0.090755
0.030188
0.336775
0.455060
0.686953
0.685082
0.313713
0.121324
-0.023953
0.121750
0.566019
0.559419
0.083448
-0.311563
-0.327274
0.187113
0.564137
0.642376
0.280240
0.515899
0.807408
1.114007
1.017395
1.165626
1.152684
1.036672
1.328495
1.836563
1.932616
1.617612
2.004910
2.023922
1.337310
1.032164
0.772129
0.482009
0.653431
0.392990
0.562625
0.863220
0.900130
0.686223
0.506522
0.041169
0.111891
0.135953
0.182605
-0.414429
-0.771542
-0.553983
-0.580164
-0.808521
-0.602329
-0.303014
-0.552336
-0.926539
-0.987466
-0.279572
0.678678
0.667844
0.370969
0.261037
0.527186
0.617871
0.570162
0.910682
1.325582
1.071690
0.318393
0.174028
0.147843
0.460175
0.661951
0.252441
-0.015173
-0.700316
-1.274051
-0.909498
-0.818270
-0.873976
-0.551282
-0.120973
0.102116
-0.243597
-0.038060
-0.142134
-0.355310
0.021294
0.071012
-0.157629
-0.287017
-0.513269
-0.956388
-1.401869
-1.515135
-1.778691
-1.355628
-1.124778
-1.033987
-0.753993
-0.573126
0.019347
0.623635
0.088938
-0.550280
-0.648327
-0.274767
-0.192569
-0.158112
-0.299903
-0.319552
-0.202118
-0.176025
0.299768
0.586502
1.054527
1.477659
1.614623
1.641642
1.337778
1.039106
0.995920
0.862640
0.434649
-0.341462
-0.452332
-0.164352
-0.507991
-0.626956
-0.012437
0.416168
0.470663
0.265222
0.353854
0.229286
0.027220
0.032972
-0.102921
-0.989496
-1.160956
-0.800733
-0.219592
0.016983
-0.086146
-0.281974
-0.491247
-0.319201
0.189899
0.333432
0.385159
0.307351
0.369367
-0.139439
-0.308710
-0.284598
-0.992367
-1.106644
-0.773450
-0.163021
0.111563
-0.194951
-0.103928
0.314463
0.773243
1.344749
1.171369
1.136836
1.194150
0.684253
0.080416
-0.207761
-0.237879
0.371424
0.841575
1.251946
1.563486
1.756185
1.993831
1.973194
1.477270
1.228363
1.023206
0.287601
-0.293853
-0.506090
-0.194196
0.169527
-0.336727
-1.087538
-1.438548
-1.280046
-1.065439
-1.044864
-1.248361
-0.998526
-0.838714
-0.565225
-0.141013
0.102306
0.303927
0.701110
0.729578
0.384234
0.195273
0.096238
-0.055726
-0.357659
-0.947669
-1.261921
-1.157122
-0.946953
-0.539447
-0.288234
0.012057
0.037344
0.578086
0.807123
1.208565
0.507048
-0.545941
-1.050643
-0.957332
-0.554910
-0.593339
-0.460836
0.216333
0.332649
0.036943
0.033420
0.043983
0.072718
0.476108
0.566509
0.273908
0.275256
0.630586
1.075191
0.668943
-0.117674
-0.094324
0.203040
-0.054666
-0.268733
-0.402748
0.003854
0.257552
0.392778
0.494672
0.303274
0.097315
0.250385
0.554673
-0.236528
-0.765909
-0.724420
-0.794014
-0.508241
-0.710305
-1.277588
-1.322682
-1.248224
-0.982292
-0.715457
-1.171268
-1.884454
-2.001897
-1.470771
-1.211823
-0.756591
-0.104874
0.419242
1.146680
1.113684
0.747857
0.769619
0.918773
1.220704
1.383070
0.904112
0.207448
-0.253260
-0.616958
-0.452398
-0.179641
-0.527847
-1.005442
-1.057393
-0.823484
-0.351706
-0.006773
0.111800
0.372170
0.067613
-0.476717
-0.423951
-0.463615
-0.425438
-0.641239
-1.011565
-1.144999
-1.167125
-1.555498
-1.510629
-0.612421
0.180623
0.836502
0.807893
0.944404
1.110214
0.721721
0.261523
-0.411828
-0.353832
0.207818
0.115732
0.077593
0.108022
0.061383
0.360652
0.601250
0.603551
-0.025014
-0.863805
-0.522690
0.045292
0.105240
-0.112556
-0.267802
-0.157006
0.108153
0.662956
1.220472
1.382344
1.761830
1.769033
1.011290
0.817555
0.272650
0.167146
0.274043
0.054148
-0.342939
-1.347263
-1.921847
-1.504128
-0.872841
-0.851816
-0.434987
-0.282965
-0.216334
0.516053
0.860666
0.761811
1.100785
1.142682
0.709208
0.076925
-0.431574
-0.284443
-0.664556
-1.484044
-2.468642
-3.149132
-3.590776
-4.040410
-4.177504
-3.663039
-2.658407
-1.181411
0.013935
0.467385
0.580380
0.726940
0.800311
0.599120
0.534739
0.684264
0.543130
0.305793
0.011152
0.116059
0.501710
0.728034
0.938723
0.988547
0.997819
1.073663
1.330664
1.911523
1.948490
1.849839
2.042421
2.123840
2.077366
1.802099
1.780303
1.445751
1.003608
1.265353
1.637219
1.913360
1.750880
1.623044
1.808997
1.663552
1.281822
0.863477
0.695936
0.583534
0.448954
-0.313624
-0.558620
0.396477
0.637271
0.750628
0.714256
0.658949
0.568219
0.344959
0.386411
0.001933
-0.452649
-0.563363
-0.419906
-0.355589
-0.684609
-0.738691
-1.082510
-1.380355
-0.889320
-0.222027
0.368140
0.431895
0.004611
-0.154157
-0.122087
-0.249479
-0.371317
-0.368596
-0.540633
-0.997903
-0.474248
-0.259990
-0.259531
-0.289898
-0.400617
-0.172342
0.103131
0.376785
0.026257
-0.275410
0.055351
0.185806
-0.038173
0.299982
0.264103
0.269876
0.039304
-0.394145
-0.617392
-0.829086
-0.201363
0.265393
0.015392
-0.256412
0.153468
0.597657
0.636538
0.666965
-0.154638
-0.620679
-0.341364
0.020213
0.278070
0.404062
0.387288
-0.074518
-0.532660
-0.608901
-0.580138
-0.323835
-0.175959
-0.443111
-0.103003
-0.306466
-0.297003
-0.380869
-0.345680
0.245621
0.021651
-0.221353
0.149132
0.362601
0.389512
-0.008894
0.024314
0.480663
0.702817
0.723057
0.854066
0.737544
0.334329
0.060346
0.129317
0.220917
0.010587
-0.741543
-0.524654
-0.027997
-0.058160
-0.215931
-0.093269
-0.203079
-0.445531
-1.337598
-2.743928
-3.468317
-3.015622
-3.074704
-3.623608
-3.994150
-4.221845
-4.210594
-4.591900
-4.484100
-3.625908
-2.511029
-1.997216
-1.755132
-1.674014
-0.947309
0.252117
1.740402
2.414286
2.402781
2.614920
3.132074
3.088839
2.933168
2.652586
2.010994
1.130435
0.830049
0.528072
0.157500
0.232847
0.946551
1.059148
0.759810
0.826249
1.118484
1.595241
2.186734
1.994681
1.735072
2.219170
2.521115
2.801090
2.636998
1.945279
1.574542
0.903237
0.415521
0.160148
-0.122753
-0.058226
-0.114288
-0.030174
0.033388
0.164571
0.279786
0.350335
0.420402
0.452961
0.224928
0.004537
-0.015025
-0.036504
-0.243647
-0.076137
-0.002235
0.077604
-0.091222
-0.309597
-0.436338
-0.817820
-0.543187
0.044164
0.048249
0.399268
1.096137
1.784523
1.940781
1.759578
2.073750
2.070259
1.389589
0.794804
0.139039
-0.207190
-0.293428
-0.739193
-1.181037
-1.180622
-0.975049
-0.694778
-1.036944
-1.869300
-1.742943
-0.967622
-0.256931
0.644354
0.973192
1.513084
1.576656
1.301647
1.070862
0.402018
-0.058307
0.144703
0.572092
0.465917
0.181055
0.523900
0.370220
0.054993
0.178856
0.120014
0.128688
0.241076
0.256078
0.344766
-0.032566
0.611363
0.253389
-0.675011
-1.262951
-1.662878
-2.234613
-2.450848
-2.422516
-1.929742
-1.745331
-1.704337
-1.431462
-1.625885
-2.033734
-1.572353
-0.833020
-0.161966
0.182995
0.297987
0.184367
0.632919
1.025755
0.417415
0.035570
0.801685
0.961631
0.465309
-0.263798
-0.011391
0.080281
0.109364
-0.550091
-0.777271
-1.126460
-1.374168
-1.238892
-0.872901
-0.955192
-1.036121
-0.960479
-1.058540
-0.984547
-0.612711
-0.540411
-0.509127
-0.278066
-0.314811
0.098383
0.706640
0.701917
0.585362
0.328211
0.804340
0.766101
0.401415
0.635820
0.475669
0.576400
0.666466
0.747522
0.890596
0.852697
0.645797
0.175707
-0.405763
-0.775296
-0.449433
-0.314473
-0.674301
-1.184138
-1.313662
-1.241599
-0.698701
0.023882
0.248356
0.250524
0.253915
0.758994
1.076794
1.117514
1.149348
0.934106
1.054308
1.315664
0.883250
0.604324
0.591724
-0.233294
-0.339072
0.135682
0.733056
1.283034
1.514806
1.167163
0.530701
0.348477
0.510316
0.675531
0.384942
-0.319170
-0.912162
-0.899947
-0.196483
0.053673
-0.497669
-0.850773
-0.150347
0.455507
0.478000
0.134760
-0.653868
-1.043156
-1.211489
-1.405826
-1.483526
-1.409331
-0.922175
-0.312969
0.062064
0.308617
0.733170
1.228700
1.445118
1.447347
1.379279
1.689860
1.575708
0.918898
0.465305
0.104907
-0.219082
-0.517559
-1.263558
-1.123142
-0.635242
-0.562987
-0.602510
-0.957345
-0.396690
0.202829
0.697402
0.559489
-0.030333
-0.269586
0.106766
0.762088
1.013045
0.122352
-0.475136
0.040008
0.337229
0.834409
0.990686
0.263278
-0.513819
-0.928425
-1.386484
-1.242332
-1.283357
-1.521142
-1.827677
-1.235083
-0.755502
-0.788726
-0.105940
0.417953
0.496927
0.592941
0.871944
0.780521
0.340540
-0.002934
-0.214394
0.146247
0.243764
0.111565
0.131363
0.303736
0.287618
-0.029663
-0.091268
0.166586
0.435700
0.409991
0.492539
0.445972
0.325884
0.092824
-0.499512
-0.892934
-0.135802
-0.013004
-0.088913
-0.120119
-0.191203
-0.110266
-0.027080
-0.184675
-0.182422
-0.176052
-0.105360
0.619605
0.729290
0.312052
0.269015
-0.003003
0.423503
0.735979
0.732258
0.699129
0.493460
0.623981
0.355876
-0.731975
-0.987474
-0.790443
-1.154288
-1.461805
-1.414240
-0.942076
-0.594449
-0.272384
-0.300949
-0.340712
-0.197930
-0.527205
-0.573849
-0.272134
-0.128973
-0.012500
0.208614
0.193528
0.206237
0.480267
0.715236
0.183532
0.386150
1.035590
0.644183
0.025890
-0.155598
0.290778
0.556296
0.481734
0.647909
0.841292
0.289275
-0.008302
0.073460
0.465282
1.051238
0.579835
0.254210
0.339111
0.188363
-0.087283
-0.482077
-0.172309
-0.120966
-0.091661
-0.215625
-0.504214
-0.550271
-0.573393
-0.136584
-0.102839
-0.378278
-0.407046
-0.186335
-0.094842
-0.141780
-0.233096
-0.856204
-1.327864
-1.048508
-0.480344
-0.404431
-0.480226
-0.759482
-1.012689
-0.894735
-0.924258
-0.954895
-0.758495
-0.307492
0.117659
0.728011
1.232377
0.990894
0.160755
-0.162094
0.042340
0.237240
0.381180
0.301244
0.446498
0.249635
-0.100741
