-0.373811
1.593924
0.373064
-1.133523
-0.944134
0.457696
-0.206719
0.148542
0.669208
-0.171245
-0.690339
-0.725835
-0.191351
0.119530
0.476054
-0.647056
-0.319269
2.084496
0.092014
-0.479547
1.072235
-0.756425
-2.162845
-1.470521
0.692746
0.282752
-0.667371
0.684916
1.566443
-0.223607
-2.051690
-1.971363
0.300272
-0.507447
-1.405532
-0.808309
0.469424
0.229840
-0.801068
-0.803683
1.222558
0.058479
0.143340
-0.024444
1.259754
0.090561
0.019636
0.454258
-0.695790
0.951874
1.036936
0.561610
2.458509
0.669861
-1.320627
-0.315747
-0.206847
-0.217474
-1.131677
-0.180411
1.082621
1.464430
0.448891
1.059852
1.070969
-0.514356
0.513850
0.499334
0.961027
-0.550740
-0.873493
1.227787
0.794807
-1.192901
-0.686566
0.781171
0.405766
-0.952546
0.147975
0.650024
-0.288902
-0.073022
-0.831030
0.211619
-0.402918
-0.878754
-2.279265
-2.342113
-0.993579
-0.464133
-0.217620
2.077733
-0.089587
-1.378480
0.609590
1.054977
1.048073
-0.036919
0.004193
0.248132
-0.972904
-1.319660
-0.044769
-0.221363
-0.275332
0.018308
2.328974
0.391193
-0.230609
2.107033
0.292370
-0.548018
0.652905
2.123083
0.644253
-0.680100
-1.083893
-0.610007
-1.434636
-0.264642
0.022592
1.081668
0.497907
-0.581415
0.234776
-0.404280
-0.840170
-0.404948
-0.961531
0.995352
1.121416
0.208526
1.434465
0.443906
-0.667669
-1.440318
-0.292466
-1.102779
-1.057540
-0.330204
-1.112403
-0.137802
0.987586
1.480465
-0.047248
0.949269
1.487587
-0.118928
-0.366205
-0.197384
1.136631
0.419983
0.661350
2.503411
0.128833
-1.371078
-0.492618
-1.101884
-1.174231
0.301547
-0.207219
-0.825166
-0.204639
0.076356
1.054869
0.139626
0.584838
0.362981
-0.995583
-2.195720
-1.784828
-0.213403
0.970309
0.979314
0.217452
0.498304
1.125029
1.177266
0.343061
1.841521
1.149799
-0.060569
-0.339124
-1.246673
-0.818793
-0.141107
1.147494
-0.367189
-1.633594
-2.041091
-1.598497
-1.194344
-0.464332
0.924791
1.113886
-0.205793
-0.325810
-0.113984
0.542006
0.569476
-0.052150
-1.352418
0.815989
-1.587330
-2.112141
-0.944514
-0.225697
0.682845
-0.039368
0.926120
1.416029
-0.421106
-0.272815
-0.021844
-0.852834
-0.142239
0.499834
1.480742
0.416503
-1.434997
-1.576543
-1.177294
-0.392215
0.552192
0.270552
2.651559
1.827515
-0.640057
-0.371177
0.378623
1.422626
1.247419
0.263269
-0.288481
-0.643753
-1.240540
-1.515534
-0.741244
1.174344
1.592533
0.669808
0.785267
0.382487
0.141384
0.165705
-1.564984
-1.363157
0.122371
-0.596408
-0.302209
1.570567
1.632393
0.808309
0.440114
-0.355819
-0.766299
-1.115033
0.113976
1.069041
-0.472121
-1.564175
0.150535
-0.960565
-0.680549
1.084832
0.508839
-1.259720
-0.473482
0.440950
1.077399
-0.528945
0.833082
0.634241
0.624028
1.809365
0.198599
-0.042344
1.042519
-1.009582
-0.972015
-0.933569
0.732855
1.484254
0.759315
0.607903
-0.856390
-0.764191
0.326744
0.360854
1.702276
2.115362
-0.975210
-2.155264
-0.896353
0.091181
-0.135049
0.810576
2.641740
-0.611071
-2.368567
-0.976202
-0.902877
-0.336166
0.392442
2.720973
-0.116657
-1.841769
0.048632
-0.394966
1.370084
1.455066
0.790216
-1.325716
-1.817607
-1.929434
-0.541843
-1.719651
-0.583776
0.485678
-0.611814
0.254188
0.956766
0.894584
0.598599
0.089504
-1.119727
-0.916786
-0.015940
-0.275262
0.101386
-0.149657
1.282954
1.283480
0.098818
0.707316
0.598374
0.333915
0.743364
0.144783
2.193058
-0.749380
0.203222
-0.377179
-2.074806
-1.783961
-0.713434
-0.186658
0.226953
0.360723
0.745531
-1.154348
-1.210512
-0.185311
-0.382201
-1.151446
-0.131274
0.328213
-0.000713
-1.038537
-0.314455
0.940807
0.310290
0.287932
0.548335
0.486353
1.409582
-0.115678
0.289581
1.066721
-0.411721
-1.031605
0.114401
1.169342
1.728421
0.572003
-1.637260
-1.504943
0.148055
-0.301970
0.272642
0.688790
-2.526279
-2.728628
-0.120418
-0.178116
0.727100
1.634977
1.628569
-1.482830
-2.500327
-1.293405
-1.060744
-0.188004
0.700277
0.554614
0.429739
-0.317263
-0.240228
1.335939
0.856151
0.656214
1.763940
0.110881
-1.470398
0.448050
-0.807284
-0.978810
-0.080986
0.821298
0.102808
-0.457897
0.432208
0.318493
0.719387
0.086348
0.057388
-0.760953
0.107008
0.396808
0.162845
1.887734
0.816273
1.162760
-0.219516
-1.042441
-0.365851
0.502916
0.446477
1.862121
-0.937041
-2.099731
0.193784
0.776410
0.933450
0.109243
0.123870
0.259481
-1.290147
-1.114191
-0.144820
2.158980
-1.126583
-0.952616
-0.351027
-1.251645
-0.807304
0.370975
0.493316
-1.348012
0.954427
-0.293132
-0.866143
1.161433
-0.291147
-0.173794
-0.680908
-1.485058
-0.554425
0.937768
-0.169037
-0.741389
0.514984
-0.503226
0.295006
-0.190822
-1.258936
-0.365060
0.299469
2.473704
0.593903
0.779727
0.910010
-0.871235
-0.513536
1.293775
0.796186
0.129103
-0.222996
0.191754
-0.427892
-0.726557
-0.773354
1.055680
0.333866
-0.338475
0.946072
0.380750
-0.441617
0.907952
0.781307
-0.600212
-0.639270
0.012924
0.234058
2.465931
1.325796
-0.560683
-1.806492
-1.700070
-0.795291
0.418354
0.166342
1.580506
2.506749
0.031232
-0.941755
-1.040297
-1.465619
-0.655021
-0.465271
0.712814
0.829938
0.067155
0.404626
0.043245
-0.195907
1.556502
0.881858
0.121416
0.660789
-0.384807
-1.631206
-1.065631
-0.070402
-0.953848
0.236945
0.102328
0.501423
0.289609
-0.258063
0.120175
0.511775
-1.220236
0.032357
-0.282857
1.153814
0.393675
-1.212075
-0.613333
0.587219
0.996851
-0.377916
-0.234975
0.508853
-1.489058
-0.956826
0.441636
2.144198
2.428730
0.801170
0.759530
0.195786
-1.512285
-1.309388
-0.054232
-0.231924
-0.489584
-0.245525
1.103152
-0.133529
-1.459780
1.129802
0.082849
-1.246825
-1.117662
-0.493434
0.639900
1.453786
1.087464
1.233481
0.048581
0.419620
0.586461
0.665269
0.202826
-0.707170
-1.493846
-1.018263
-0.276208
-0.211956
1.664188
0.764963
-0.849646
-0.547139
-1.126050
0.416444
1.267999
1.273802
2.352710
1.288793
-0.448135
-0.526726
0.247275
0.181330
0.307779
0.432988
1.910006
-0.969063
-1.668592
0.690485
-0.322730
-1.282994
-0.641716
-1.415480
0.917930
-0.057850
-2.379672
-1.571943
-0.612025
0.590276
0.951361
1.453362
2.359596
-0.215281
-1.553926
-0.781918
-0.243533
1.266589
1.336726
0.564312
-0.926441
-2.165786
-1.558811
-0.743421
-0.332369
-0.563672
-0.859994
-1.450281
-0.207201
0.202384
0.531392
3.340586
0.068230
-0.316229
-0.778378
-1.218304
0.049911
-1.277451
0.225419
-1.334611
-0.549204
-1.210461
-1.218746
0.660974
1.505891
-0.296100
-0.336896
0.533790
0.256700
0.156190
-0.329380
-0.663299
0.477459
-0.504638
-0.600583
0.007651
0.036707
-0.902420
-1.130720
1.029406
0.447257
-0.399074
0.386796
-0.395636
-0.371720
1.286507
1.105660
0.642257
0.601703
1.404635
-1.031130
-1.126306
0.779684
1.719452
1.017889
-0.059915
0.604108
0.496503
-0.599488
-0.930573
-0.146959
1.108748
1.447520
-0.354611
0.636157
1.020241
-0.481440
0.114449
1.745220
0.167295
-1.448717
-1.494287
-0.908739
0.596217
-0.931057
-1.231694
-0.016656
-0.470793
0.755778
0.421683
0.988334
2.763064
0.189883
-2.015429
-0.087968
-0.432696
-0.591618
-0.429675
2.207822
1.225025
-1.198220
-0.748207
0.606565
-0.783044
-0.323903
0.274268
0.166010
1.348024
0.293742
-0.588387
0.769530
0.448204
-0.601312
0.414432
-0.397097
0.742955
-0.010969
-0.450417
-0.428410
-0.331986
0.162981
-0.040949
-0.738195
-0.223492
0.334736
1.561169
0.156760
-0.328600
1.065935
-0.225400
-0.775669
0.812737
1.414940
-0.590720
-1.220732
-0.043915
-0.912848
-0.173812
-0.619934
0.062653
-0.597892
-0.987102
1.814294
-0.268946
-0.673061
-0.322857
-0.164588
1.238735
-0.633404
0.053491
0.851509
1.210960
0.108866
0.187435
0.581336
0.864186
1.535962
-0.508183
-0.434140
-0.967676
-1.472608
-0.464138
0.031603
0.877974
0.980942
-0.377888
-1.623966
-0.481401
-0.216981
-0.560574
-0.145872
0.159964
0.800341
-1.370243
-1.163196
0.584300
0.680677
1.283721
0.582131
1.657591
-0.851632
-2.279631
-1.338491
-0.175075
-0.827358
-0.358448
0.223617
-0.120225
-1.292620
-0.852740
0.503331
0.488945
-0.734886
-0.603213
0.009138
-0.986446
0.031988
0.741108
-0.337988
-0.333188
0.969719
0.845949
-0.635011
-0.514195
2.575055
0.215733
-0.545158
1.723418
0.127471
-0.536849
0.537048
0.719705
0.272338
-0.498391
-0.857999
-0.176946
0.275100
-0.838403
-1.970382
-1.649826
-1.158742
0.739268
1.795365
2.355387
-0.401023
-1.123306
-0.300102
-0.345364
-0.325786
1.873700
0.805716
-1.025995
-1.045712
-0.245408
0.147868
0.565016
1.417556
0.184294
-1.044207
0.711756
0.589183
-0.875349
0.055369
1.137534
-0.394689
-0.362593
-0.198825
0.083991
0.629124
-0.441414
0.465969
0.222059
0.747579
1.557944
1.311807
0.042377
-0.098408
-0.805244
-1.113042
-1.321459
-0.546220
0.935518
2.015787
-0.829207
-0.572752
0.014647
0.194366
1.104700
0.463652
0.925624
0.670695
-0.300620
-0.583217
0.131878
0.983892
-0.113964
-0.460544
0.479900
-0.295186
0.085286
-0.536677
-0.489067
0.054185
0.015636
1.170785
1.515510
-0.145067
-1.218316
-0.863133
-0.525907
-0.049963
1.430493
0.794820
-1.590519
-0.946534
-0.575465
-1.137689
0.866329
2.286420
-0.965331
-1.752961
-0.175628
-0.113042
-0.236523
1.488678
1.288575
-1.579637
-0.893867
0.372678
1.434697
1.554674
0.930216
-1.281953
-2.165300
-1.010223
-0.477611
0.388888
0.599377
-0.252568
0.779802
0.280177
-0.500217
0.001179
0.053479
1.274541
-0.568750
0.281527
-1.043312
-2.028224
-0.778976
0.389149
0.362037
1.269917
1.164192
-1.087182
-2.014785
-1.255307
-0.311302
0.873199
1.743775
0.561327
-1.086544
-0.528042
-0.279113
0.642880
1.840890
-0.559526
0.272977
-0.760328
-2.120780
-0.881787
0.933961
-0.785049
-0.581948
1.281091
0.296094
1.286049
2.091182
0.664000
0.337410
1.521479
0.160562
-1.657136
-0.550134
-1.689094
-1.178737
-1.199937
1.014215
2.915827
1.067080
1.008216
0.579512
-0.781113
-0.334377
0.562756
-0.609708
-1.549855
-1.727333
-1.066026
-1.014507
-0.319829
0.535376
1.101754
-0.386165
-0.364655
1.092548
0.899020
0.490853
-0.005228
-0.934635
-1.720032
-0.873505
-0.611295
-1.170880
1.127872
0.937752
0.346815
-1.937425
-3.473430
-1.901719
-0.119770
1.604762
2.337613
0.734194
0.446421
0.913972
0.701271
0.880915
2.678067
0.211467
-2.501797
-1.439509
0.036252
1.576130
