0.237443
0.361334
0.487499
1.063170
0.907318
0.612631
0.706826
1.469560
1.813815
1.416779
0.623896
-0.306477
-0.151205
-0.338405
-0.232497
0.260916
-0.116935
-0.432664
-0.161588
0.510645
1.106431
0.751059
0.824805
0.334168
-0.347297
-0.315411
-0.440965
-0.810116
-0.131062
0.454843
0.979469
0.886050
0.157783
-0.179558
0.444445
1.352767
0.861042
0.496673
0.027290
-0.641672
-1.531233
-1.309213
-1.173240
-0.987008
-0.579405
0.069102
-0.035437
-0.034485
0.196049
-0.389904
-0.473809
-0.536046
-0.734724
-1.036239
-0.764207
-0.564787
0.041579
-0.190477
-0.035470
0.746376
0.683562
-0.500478
0.158833
0.871736
0.663961
0.235936
-0.618336
-0.199593
-1.039076
0.185430
1.231704
0.685740
0.026417
0.090677
0.205724
0.016409
-0.342351
0.454106
1.030226
1.575195
2.349596
1.574936
1.083653
0.676974
0.625843
0.124474
0.417075
0.760960
1.051174
0.756196
0.472251
-0.008597
-0.004520
0.019485
-0.921275
-1.342620
-0.694245
-0.139313
0.144862
0.740252
0.423501
0.558933
0.297814
0.036549
0.391767
0.839508
0.169748
-0.131401
0.016351
-0.180689
-0.953381
-1.130070
-1.726776
-2.804071
-1.530003
-0.451694
0.269247
0.111016
-0.264339
-0.253002
-0.253350
-0.631222
-0.422019
0.133037
0.487301
0.841983
1.281799
1.061260
0.874857
-0.330851
-1.009844
-0.632583
-0.975647
-1.602512
-2.199442
-0.952642
0.124752
0.656177
0.510237
-0.359948
-0.442847
-0.725262
-0.778877
-0.256100
-0.150661
-0.400129
-0.243295
-0.485004
0.028591
0.070490
0.338852
-0.092312
0.054464
-0.237123
-0.758675
-0.170874
0.060918
-0.431238
0.112339
0.593978
0.261291
0.205035
0.487549
0.477823
-0.235067
-0.079517
-0.945894
-0.840952
0.613894
1.211803
0.730283
0.029615
-0.378991
-1.028399
-0.640150
-0.650091
-0.578554
-0.275559
0.444502
0.087334
-0.298043
-0.818937
-1.678266
-0.860792
0.447510
0.375365
-0.534289
-0.858224
-0.364038
0.336511
0.345188
-0.358442
0.311138
1.323231
1.164854
1.364841
0.527792
0.411950
0.968048
0.791158
0.949665
1.178855
1.386238
2.139065
2.661328
2.452935
2.004163
0.957421
0.079376
0.228017
0.091720
-0.723177
-1.381379
-1.883110
-1.600912
-0.964784
0.235417
0.409279
0.775206
0.821734
0.164243
0.332396
-0.893739
-0.999155
-0.545624
-1.329771
-1.261747
0.714102
0.904324
0.286054
-0.550701
-0.379853
0.104276
-0.074845
-0.401244
-0.432037
-0.629297
-0.335942
0.152229
0.348727
1.153878
1.111396
1.164611
1.020316
0.622635
-0.023922
-0.379253
-0.766296
-0.535672
0.122705
0.328420
0.870202
1.162713
1.039335
0.046301
-0.579194
-0.889465
-1.443970
-2.196288
-1.015971
0.845860
1.031990
0.446266
0.216878
-0.181532
-0.609078
-0.431458
-0.997033
-1.592248
-1.288020
-0.430066
-0.130015
0.223500
-0.016350
0.246846
0.214750
0.507070
-0.266220
-0.076329
-0.231795
-1.267010
-1.820579
-1.561635
-0.905966
0.402091
1.479795
1.175736
0.411576
-0.195886
-0.132469
0.056495
0.206062
-0.481353
-0.764215
-1.027179
-0.714816
-1.269470
-1.353046
-0.347919
0.729484
1.303868
2.297343
3.153470
1.834119
0.087756
-0.924241
-0.683319
-0.453376
-0.902067
-1.519323
-0.946633
0.246110
1.218998
1.354330
1.624767
1.969341
2.380594
1.900095
0.436511
-0.346952
-0.798896
-1.051782
-0.704718
-0.495146
0.050743
0.416749
-0.148767
-0.535755
-1.592750
-1.895056
-1.391338
-1.643985
-1.424870
-1.028299
-0.329576
0.161188
-0.676951
-1.376790
-0.298346
0.173298
0.551861
0.676929
0.895301
0.959334
1.180424
1.033853
1.167049
1.344075
0.664064
0.151647
0.354231
0.271997
0.063462
-0.889153
-0.952614
-0.056699
-0.014194
0.592725
0.780084
0.118980
-0.171685
-0.473298
-0.295022
-0.556001
-0.651267
0.300285
1.720609
2.115857
1.538686
0.610517
-0.325586
-1.443332
-1.821106
-1.635136
-0.526720
0.301760
0.280391
0.142946
-0.107700
0.321847
0.960045
1.805798
1.721871
0.622572
-0.129210
-0.515937
-0.244089
0.405022
1.177966
1.616009
1.030453
1.386554
1.175528
1.208091
1.209383
0.360814
0.549003
0.006081
-0.685159
-0.756183
-0.400123
-0.043914
0.309440
0.550419
-0.715158
-0.422622
0.414622
-0.641938
-1.249137
-1.676839
-1.865230
-1.175349
-0.475673
-0.747804
-0.608561
-0.211539
-0.359271
0.079142
-0.360024
-1.156511
-1.397583
-1.260906
-0.956098
-0.629923
-0.786566
-1.078591
-0.859262
-0.505649
-0.339057
-0.410019
-0.190012
-0.442868
0.445627
0.683796
1.194400
0.996118
1.206265
1.710930
1.314611
1.022261
0.778531
1.073603
0.896676
0.708046
-0.004041
0.007491
0.480169
-0.212854
-0.589456
-0.830835
-1.405623
-2.053057
-1.392429
0.594564
0.991280
1.095365
0.532587
0.406485
0.467930
0.551564
0.782039
0.707154
1.146376
1.261779
0.967788
0.666937
-0.179477
-1.150404
-1.590815
-1.154636
-1.091361
-1.111589
-0.734850
-0.862130
-0.538844
-0.632349
-0.328209
0.017301
-0.672483
-0.735486
-1.194881
-0.161742
0.202503
0.212492
0.066069
-0.184649
0.056393
-0.529547
-0.466435
-0.434446
0.121552
0.727864
0.390846
-0.602607
-1.397073
-0.713108
0.164205
0.695530
1.082122
0.694728
1.218532
1.492124
0.330646
-1.342033
-0.250861
0.031883
-0.777112
-0.547935
-1.081130
-1.238432
-0.547904
0.081324
0.029722
-0.117506
-0.232802
-0.590237
-1.448885
-1.376282
-0.555841
-0.615624
-0.660222
-0.129706
0.288316
0.257197
0.676636
0.727626
0.739245
-0.198545
-0.961747
-1.141014
-0.566118
-0.409566
-0.611269
-1.123997
-0.937022
-0.516426
0.092626
0.949272
1.419309
1.262614
1.219675
1.114487
1.543350
2.015422
2.286801
1.561700
0.378699
-1.878548
-2.327787
-1.050716
0.208362
0.009104
-0.607653
-0.525000
0.268903
0.874498
1.366256
1.523298
1.157102
0.602863
0.350315
-0.338575
-1.045992
-1.307865
-0.675254
-0.385052
0.240405
-0.281614
-1.493160
-1.942779
-1.544366
-0.319429
1.030710
2.244270
1.983349
1.702015
0.938933
0.781285
0.591867
0.256269
-0.411971
-0.672988
-1.140845
-1.120349
-0.681550
-0.756363
-0.787295
-0.558286
-0.235113
-0.311330
-1.191798
-1.314141
-0.140054
-0.683960
-1.372890
-1.411233
-1.590787
-0.680608
0.237864
0.079367
-0.359204
-0.053116
1.147983
2.181266
1.543705
0.496338
0.928924
1.276710
0.313579
0.373476
-0.182989
0.361909
0.192896
0.255481
0.204566
0.058173
-0.003078
-0.128563
-0.682014
-0.536190
0.279379
1.693224
1.953145
2.088084
2.053581
1.928234
1.700948
0.364596
-0.827496
-1.529227
-1.689178
-2.045719
-1.290340
-0.116558
0.499869
1.147497
0.874440
0.624417
-0.840057
0.091528
1.505248
1.826532
1.595890
1.146898
0.447085
1.010892
1.385937
1.614451
1.418164
1.489466
1.634186
1.791152
1.762616
1.146342
0.779743
0.592719
-0.473411
-1.245521
-1.590565
-2.931489
-2.919176
-2.655825
-3.221933
-2.866713
-2.167835
-1.416174
-0.821644
-0.433680
0.161998
-0.154019
-0.318572
0.413167
0.433759
-0.121310
-0.087167
-0.180185
-0.931598
-1.091282
-0.999753
-0.182199
-0.525036
-1.039404
-0.307712
0.046021
1.111697
1.686998
0.954665
0.316901
0.368511
0.612433
0.362732
0.290078
0.299682
0.166336
0.929086
0.248424
-0.327038
-0.797874
-1.353935
-1.199547
-0.777753
-1.604899
-1.334047
-0.495551
-0.213972
0.358697
-0.541055
-0.287107
-0.463399
-0.631614
-0.129197
0.331223
-0.692950
-0.598058
0.322963
0.351576
0.184612
-1.101450
-1.383510
-0.743894
-0.661930
-1.153399
-0.547229
-0.109042
0.645085
-0.265507
-0.307997
0.342549
-0.067018
0.080034
0.175890
0.519657
0.780564
0.685799
0.215907
0.100090
-0.055842
-0.349152
-0.870780
-0.850644
-0.148499
0.500238
0.092260
1.010653
1.374739
1.406827
0.966953
0.548601
0.530357
-0.199439
-0.984776
-2.020950
-1.289892
0.384598
1.535105
0.968582
0.770163
0.697982
0.501725
-0.211091
-0.756943
-0.652759
0.090320
0.204246
1.018790
1.225822
1.142717
0.681568
0.799187
1.534874
0.761051
-0.139629
-0.921628
-1.161849
-1.225240
-1.310659
-0.345440
0.291765
-0.630302
1.710512
3.445936
2.808409
2.462011
0.707299
-0.076545
-0.285854
-0.138859
-0.107183
0.373831
0.247244
0.842876
1.532524
1.415872
1.199132
1.523440
0.694791
0.476823
0.394172
0.154656
0.163582
-0.411770
-0.431304
-0.756434
-0.338214
0.582357
0.612968
-1.804381
-0.725641
0.719263
-0.368649
-1.028141
-2.095320
-2.368534
-2.629650
-2.774996
-2.176319
-2.008990
-1.862931
-0.983116
-0.890878
-1.458296
-1.844540
-1.426170
-0.841469
-0.066705
-0.129550
-0.547187
-0.702277
-0.880837
-0.170344
0.144124
0.173687
0.234070
0.421456
0.632885
0.633839
-0.098615
-0.611418
-1.249125
-0.768425
0.256789
1.008741
1.205649
1.542260
1.701510
1.231343
0.320612
-0.681610
-0.126343
0.994570
1.693510
1.012834
-0.430670
-0.547237
0.206056
0.027712
-0.380629
-0.171546
-0.226853
0.129503
0.631383
0.264704
0.622556
0.760480
0.604378
0.875692
-0.001010
-0.197176
-0.888580
-0.983714
-0.900784
-0.848746
-0.535957
-0.015012
0.152339
0.382952
-0.005615
-0.164366
0.629983
1.330784
1.163619
0.129283
-0.517932
-0.315652
0.323183
0.195899
-0.109047
-0.004344
0.580110
0.497546
0.875815
0.729207
-0.873018
-0.268000
1.269385
2.012133
1.250523
0.717533
-0.068110
-0.213590
-0.150552
0.119788
-0.183343
-0.288822
0.247074
0.152476
-0.264794
-0.747196
-0.789953
0.434886
1.218758
0.747257
0.843438
-0.231713
-1.351460
-2.092735
-1.600477
-1.433897
-1.487213
-2.074528
-1.665586
-0.409827
0.634442
1.051924
0.379997
0.526134
0.966563
1.280892
0.853964
-0.004549
-0.109478
0.026404
-0.306526
-0.662169
-0.339079
2.371638
2.779364
2.088191
1.041940
0.517838
0.964848
1.131760
0.963047
0.795699
0.683770
0.822957
1.757075
1.202042
1.243587
0.364148
0.321570
0.017796
-0.453794
-0.516013
-1.311771
-1.906625
-2.020095
-1.855284
-1.006570
0.229381
0.562597
1.116746
0.928313
-1.187356
-1.000587
0.810247
-0.109900
-1.742124
-1.489824
-1.989185
-2.176983
-1.611092
-1.515749
-1.378679
-0.680414
-0.997789
-0.580753
-0.959117
-1.368906
-1.754568
-2.287729
-2.065812
-1.056741
-1.264170
-1.002059
-0.364702
0.187548
-0.085676
-0.838792
-0.973252
-1.015682
-1.028628
-1.479970
-1.535013
-0.403355
0.704786
1.949521
3.089882
2.557873
2.035605
2.382153
1.680637
0.971337
0.566443
0.751590
0.677686
-0.210694
-0.378285
1.254520
1.662056
0.634014
-0.486692
-1.134567
-2.034714
-0.715513
0.205562
0.538244
0.812522
0.466011
1.343863
1.628630
0.603169
-0.463600
-1.427661
