0.027346
0.372984
0.495992
0.188770
-0.411290
-0.705714
-0.389535
0.377613
0.496361
-0.124443
-0.703030
-0.968245
-0.587243
-0.552303
-0.661523
-0.833957
-0.544780
-0.198219
-0.376918
-0.588376
-0.209563
-0.127158
-0.047664
-0.317949
-0.338400
-1.195595
-1.547074
-1.253567
-0.350888
0.234522
0.093027
-0.216012
-0.274404
-0.163529
0.686636
1.157034
0.877121
0.290852
-0.405967
-0.418251
-0.206008
0.022701
0.607296
0.573523
0.982052
1.190444
1.309558
1.091991
0.433888
0.506045
0.429192
0.144721
-0.048100
-1.021763
-1.863518
-2.109052
-1.280631
-0.405573
-0.029097
0.532159
0.913227
1.270352
1.046108
0.883479
0.450411
-0.203237
-0.609366
-0.631013
-0.587586
-0.249107
0.351695
0.917478
0.255029
-0.565822
-0.443221
0.035079
0.107745
0.238017
0.601596
1.150629
1.702475
1.146122
0.211216
0.017855
-0.032862
0.127429
0.415548
0.758762
1.055102
1.203762
1.363342
0.440912
-1.330515
-1.750158
-1.361690
-0.455899
-0.249774
-0.356959
-0.291452
0.309698
0.648898
0.785349
0.751204
0.937530
1.510497
1.961066
1.960602
0.993723
0.249283
-0.168897
-0.943812
-1.123319
-0.834854
-1.035790
-1.089377
-0.887435
0.067380
0.353793
-0.247624
-0.900365
-0.896472
-0.615783
-0.633140
-0.969289
-0.838519
-0.480346
-0.039842
-0.040093
-0.449843
0.337653
0.771496
0.929304
-0.077059
-1.150687
-1.980337
-1.838279
-1.645743
-1.334952
-0.813633
0.529405
0.669925
0.608298
0.555117
0.411799
-0.143355
-0.613527
-1.117715
-1.365951
-0.843776
0.086608
0.802522
1.028201
1.617219
1.542187
0.577256
0.284198
0.295625
0.015330
-0.330083
-0.505719
-0.839938
-0.013263
0.491810
0.707018
0.880253
1.259404
1.053426
0.497772
0.182261
-0.546270
-0.811743
-0.853363
-1.264955
-1.255753
-1.084977
-1.311213
-1.017495
-0.710591
0.455479
1.433470
1.492281
0.965084
0.991007
0.478092
0.021462
-0.711954
-0.742375
-1.074299
-1.468634
-1.431382
-0.763106
0.081174
0.974444
1.331319
0.726631
0.485890
0.535958
0.423190
0.539922
0.364464
0.082552
0.312022
1.402315
1.930535
2.009456
1.140877
0.252399
-0.136743
-0.356407
0.017997
-0.558434
-1.163083
-1.383205
-1.666567
-1.602983
-1.409028
-0.422254
0.641165
1.006219
0.384171
0.385365
0.777028
0.657561
0.555111
0.126731
0.452033
0.517383
0.063147
0.035464
0.745925
1.233307
0.738762
-0.325360
-0.948502
-0.841621
-1.540377
-2.400140
-2.327649
-1.172991
-0.311984
0.497255
0.898461
1.176120
1.253618
1.081871
0.652698
0.075384
-0.972503
-1.182868
-0.752551
0.342449
1.554511
1.848835
1.058220
0.058366
-0.570541
-1.103151
-1.214053
-1.304791
-1.451370
-0.915599
-0.060646
0.234479
0.893661
1.162487
1.402276
1.578458
1.015531
0.639328
0.060686
0.029218
0.545328
0.232019
-0.453480
-0.183944
0.214862
0.284190
0.174785
-0.075974
-0.444456
-1.032163
-1.585476
-1.326539
-0.896780
-0.473300
-0.280448
0.073456
0.634949
1.131252
1.425369
1.175804
-0.003780
-0.469247
0.139023
0.758528
0.404388
-0.379115
-0.903241
-1.005125
-0.587685
-0.009457
0.104081
0.516299
0.737118
0.097373
-0.704895
-0.026833
1.090097
1.527503
1.358630
1.052693
0.702032
0.572442
0.929439
1.420401
1.987218
1.071372
0.147072
-0.880408
-1.443256
-1.238189
-1.489027
-1.802375
-1.815124
-1.492167
-0.685739
0.079143
0.581999
0.403322
0.328315
-0.046032
0.138240
0.134957
0.303465
0.116169
-0.279516
-0.453245
-0.050702
0.592631
1.291661
1.007444
0.913010
1.350239
0.529142
-0.352522
-0.949753
-1.263071
-1.537144
-1.778967
-1.404873
-1.420259
-1.720338
-1.490185
-1.334009
-0.953662
0.613823
1.765470
2.157348
1.683634
1.244213
1.180639
0.873083
0.381657
-0.095698
-0.633554
-0.792784
-0.041584
0.795957
1.105939
0.391035
-0.762348
-1.213420
-0.705665
-0.079970
0.368233
-0.129475
-0.594015
-0.293352
-0.773214
-1.006791
-0.361113
0.263539
0.403029
0.854822
0.319159
-0.507796
-0.902136
-0.915873
-0.594604
0.064684
0.145720
0.064065
0.300219
1.000736
1.224778
1.038568
0.565496
0.243322
0.213181
-0.082124
0.052556
0.185267
0.537876
0.335673
0.399818
0.687863
0.640090
0.468187
0.748379
0.322028
0.135162
0.384580
0.414617
0.583803
0.060063
0.016879
0.082488
0.303089
0.085967
-0.050696
0.153535
0.291230
0.154469
-0.841461
-1.448696
-1.297108
-0.634079
-0.281194
-0.334462
-1.075198
-0.632099
0.008042
0.902069
1.581672
2.092437
2.334896
2.108501
0.841902
0.001199
-0.513654
-0.312053
-0.462727
-0.199109
-0.608949
-0.886747
-1.759896
-1.942239
-1.089643
-0.809820
-0.822257
-1.180265
-1.164856
-0.938078
-0.706651
-0.531658
-0.214166
-0.119006
-0.021366
0.039581
-0.095951
0.132659
0.940854
1.382883
1.724407
1.653444
1.130109
0.282027
-0.687401
-0.683020
-0.481591
-0.196085
-0.214027
-0.502195
-0.859685
-0.532631
-0.625379
-0.767063
-0.642862
-0.448813
-0.294930
-0.981864
-1.047443
-0.450670
0.004723
0.292239
0.705407
0.723874
0.800293
0.640167
0.676135
1.021845
1.192679
1.070471
-0.373140
-1.165400
-1.371584
-0.717749
0.254758
0.867311
1.142792
0.788377
0.175143
-0.109294
-0.896566
-1.125219
-0.624140
-0.109232
-0.548034
-0.862649
-1.245710
-0.770718
0.090994
0.485283
0.780496
0.657644
0.967081
0.995733
0.622264
-0.328889
-1.047903
-0.430288
0.320783
0.298421
0.046941
-0.417367
-0.139803
0.308699
-0.632078
-1.397585
-1.585967
-1.009409
0.032600
0.717118
0.874643
1.066457
1.048793
0.556154
0.300673
0.332041
0.399329
0.352511
0.025415
0.005330
0.482078
0.973998
1.801252
2.159476
1.006540
-0.767013
-1.250382
-1.312475
-1.295869
-1.699747
-2.063248
-1.719090
-1.339045
-0.403671
0.863684
2.051146
2.159019
1.904244
0.779706
-0.810817
-1.299675
-0.890674
-0.155228
1.139736
1.725157
1.178909
0.497354
0.228554
0.573846
0.818428
0.923330
0.441766
-0.062141
-0.394702
-0.771721
-0.514174
0.260279
0.482053
0.223149
-0.024544
-0.222716
-0.228708
-0.075949
0.111872
0.120524
0.231068
0.813092
0.807391
0.461187
0.092022
0.205892
-0.263209
-1.192193
-1.149668
-1.127153
-0.871606
-0.804014
-1.245329
-1.378718
0.052277
1.312656
2.004050
1.389370
0.269869
-0.040663
-0.340493
-0.283186
-0.623019
-0.515283
-0.245929
0.484354
0.872973
0.950494
0.891861
0.992244
0.439047
0.360944
0.289556
-0.289372
-0.250044
0.104427
1.175416
1.717185
1.491739
0.374083
-0.373473
-0.416149
0.087050
-0.043865
-0.836816
-1.210502
-1.479414
-1.057654
-0.664527
-0.912525
-0.615030
-0.569236
-0.034578
0.731694
0.944169
1.158550
0.678665
0.134807
0.065589
0.744091
0.992755
1.729603
2.316491
2.255629
1.788302
0.943759
-0.306619
-1.164591
-1.799905
-2.580488
-2.483716
-2.055195
-1.586939
-1.537870
-1.439661
-0.862461
-0.160744
0.147832
-0.371915
-0.875930
-0.282939
0.510924
0.574696
0.861388
0.652699
0.097898
-0.973472
-1.727564
-1.594599
-0.868469
-0.563420
-0.628598
-0.741672
-0.150912
0.799706
0.938441
1.566973
1.694277
1.186362
0.768024
0.598591
0.397185
0.147384
0.071091
0.082717
-0.265920
-0.608187
-0.852701
-0.543165
-0.134075
0.196830
-0.530383
-1.208718
-0.709697
-0.226794
-0.269086
-0.428878
-0.081470
-0.097824
-0.497194
-0.226583
0.047790
-0.336325
-0.318739
-0.679131
-0.141650
1.005250
1.918152
1.527825
0.243632
-0.263122
-0.729663
-0.864744
-1.581323
-1.860414
-0.761797
-0.003187
0.852182
1.030661
1.016202
1.044814
0.530952
-0.029470
-0.133962
0.124832
0.696935
0.892699
0.782068
0.177674
0.107363
0.251810
0.049036
-0.134857
-0.588092
-0.776387
0.140933
1.166035
1.647633
2.087479
1.891003
0.988250
-0.187495
-0.756441
-1.137213
-1.283983
-1.822843
-1.110175
-0.350522
0.114516
0.484157
0.289489
0.244306
0.364725
0.688690
0.543277
-0.009820
-0.080097
0.566485
1.143793
0.900637
1.023658
0.881533
0.099124
-0.590555
-1.145687
-1.589704
-1.873206
-1.743672
-1.446006
-0.141507
0.477627
0.835124
0.812680
0.394645
-0.169561
-1.267314
-1.607812
-1.374177
-1.446861
-1.196953
-0.711346
0.709520
1.745918
1.547416
1.206834
0.769134
0.424693
0.258256
-0.180676
-0.706033
-1.168471
-0.716255
-0.179610
0.244379
-0.311460
-0.776987
-0.746346
-0.274734
-0.487443
-0.728527
-0.606299
-0.145302
0.303622
0.560310
0.499316
-0.207202
-0.561452
-1.511948
-1.343861
-0.749282
-0.311460
0.221263
0.540914
0.592661
0.566418
0.482420
0.595423
0.537325
-0.103906
-0.928113
-0.888738
-0.173500
1.033645
1.737635
2.018177
1.762752
0.419587
-0.686805
-1.199066
-1.716147
-1.699657
-0.770965
0.479297
1.681249
2.546821
2.445956
1.725646
0.811651
-0.543521
-1.779454
-2.108999
-1.209343
-0.726065
-0.525118
0.022256
1.011860
1.099302
0.913926
0.508892
0.497779
0.882047
1.237640
1.746037
2.044245
1.741576
1.668234
0.847409
0.231915
-0.648282
-1.290466
-1.766259
-1.198772
-0.666785
-0.388185
-0.300676
-0.447927
-0.281931
0.169562
0.441754
0.725526
0.864309
1.345196
1.177248
0.361300
-0.284913
-0.746132
-0.320347
0.431603
0.347637
0.230892
0.814839
1.394795
1.333002
0.966978
0.461739
0.187858
0.408159
1.151165
0.605847
0.066550
-0.502698
-0.424272
-0.359622
0.137620
0.276056
0.381453
0.476015
0.384305
-0.699913
-0.962033
-0.338348
-0.001671
0.338854
0.306066
-0.037654
-0.900381
-1.353528
-2.093096
-2.041710
-1.868048
-1.693945
-0.954905
-0.318059
0.719688
1.982375
2.617124
2.383343
1.866582
1.872649
1.520582
-0.245710
-1.769680
-2.323439
-1.747590
-0.749806
0.885119
1.220432
0.627533
0.151505
0.340110
1.065053
1.205000
1.427744
0.700172
0.747075
0.793220
-0.200279
-0.938317
-1.545490
-1.886003
-1.838468
-1.614036
-1.666849
-1.535481
-1.122823
-0.743357
-0.429573
-0.132873
-0.020562
0.808991
0.770494
0.239963
-0.534718
-0.861183
-1.272941
-1.186504
-0.335147
0.597638
1.662026
1.360371
0.284790
-0.439650
-1.291982
-2.281385
-3.298230
-2.941850
-1.576844
0.321004
1.188637
2.359821
2.840015
2.230617
1.251934
0.362609
-0.842684
-2.157692
-2.996849
-3.467661
-3.138258
-2.091976
-1.517383
-1.203325
-0.579220
0.301014
1.183402
1.570100
1.377301
1.823140
1.521924
1.778961
1.909065
1.834343
1.295564
0.368492
-1.230265
-2.073130
-1.446096
-1.525788
-1.524499
-0.373371
0.819802
1.453162
1.759395
1.967101
1.540825
-0.251461
-0.922131
-0.670365
-0.342503
-0.286817
0.478926
0.912693
0.092055
-0.488126
-0.897109
-0.756650
