0.014385
-0.269253
-0.348731
-0.226509
0.227492
-0.036247
0.046115
-0.456698
-1.910516
-1.868131
-1.193486
-0.654291
-0.915203
-0.298767
-0.015031
0.627790
0.676017
-0.196114
-0.335261
-0.125682
-0.383825
0.285414
-0.049262
0.691228
-0.309664
0.513482
1.390613
0.666593
0.090917
0.025946
0.107670
0.017478
1.123827
1.009430
-0.404675
-0.972255
-0.417867
0.436838
1.401506
1.399816
1.195740
0.599488
0.711148
1.073250
0.454093
-0.342851
-0.636694
-0.245788
-0.620896
-0.943198
-1.027617
-0.491741
0.108633
1.031539
1.681868
1.865093
1.422931
1.210160
0.168887
-1.686113
-2.727914
-2.603399
-2.012763
-1.384750
-0.974882
-0.368522
0.430210
-0.178867
0.445307
0.169447
-0.657721
-0.764406
0.025595
0.086553
0.179307
0.395268
0.087711
-0.176831
-0.261968
-1.155419
-2.031982
-1.149975
-0.014364
0.024789
0.567871
1.495082
1.369721
0.695781
0.161201
-0.498557
-0.951862
-1.381207
-0.184671
-0.160136
0.366761
-0.210843
-0.415752
0.277045
0.135572
-0.125754
0.188366
0.504506
0.655501
0.806371
-0.640283
-2.011738
-1.834694
-1.509297
-0.971412
-1.146834
-0.066508
0.565099
0.617439
0.841381
0.217472
0.387347
0.031824
0.082292
0.539849
0.749376
0.546930
0.999382
1.390746
0.719883
-0.334756
-0.218818
-0.219498
-0.416179
0.403083
0.297397
0.070350
-0.576255
0.297740
1.316372
2.174131
2.112050
1.703103
0.606646
0.468962
0.271075
0.193232
0.333478
-0.304358
-0.813646
-0.131775
0.038279
-0.215578
0.755775
0.221164
0.054127
-1.482441
-2.057613
-1.731218
-0.807836
-0.288920
0.037885
0.441191
0.798740
-0.081773
-0.639631
1.029520
0.192860
-1.325248
-0.750390
-0.213792
-0.864526
0.131051
0.616045
0.352109
0.300839
0.269467
0.236275
0.660911
1.263430
0.623923
0.412799
0.671144
0.543853
-0.783352
-1.117808
-0.877102
0.040946
0.251446
0.401643
-0.982741
-0.458676
0.500565
1.007479
2.439586
1.889035
1.310369
1.069541
0.092394
-1.369185
-1.700500
-1.129432
-0.705185
-1.402137
-2.086227
-1.067580
0.055195
-0.526071
-0.930617
-1.627530
-2.336489
-1.935781
-1.160234
-0.518628
0.469229
0.398745
0.471895
1.328921
2.119934
2.460303
1.924171
1.315278
0.217493
-0.618765
-1.076354
-0.043532
0.158775
0.108795
-0.402593
-0.697250
0.689590
1.158815
-0.151857
-1.720967
-0.965204
-0.738743
-1.290787
-0.544057
-0.695418
-0.851803
-0.150687
0.615742
1.618779
1.095558
0.150746
0.126400
-0.927398
-1.165121
-0.926185
-1.056723
-1.026444
0.168008
1.030877
1.469288
1.282275
0.898488
-0.498321
-1.596745
-1.534150
-1.244446
-0.747865
-0.123714
0.583493
0.674011
1.573494
1.257655
1.156965
0.528232
0.989070
1.168778
0.805534
0.415850
-0.405622
-0.325119
0.127152
0.595946
1.175628
-0.318039
-0.977613
-0.203870
0.612232
0.990251
0.076033
-0.617872
-1.038240
-0.401605
1.414876
2.687750
2.133502
0.762158
-0.619618
-1.028277
-0.509070
-0.408911
-0.363470
-0.713159
-0.744319
0.378884
1.334242
1.659229
0.834716
0.137971
0.635442
0.559834
0.088328
-0.129818
0.182031
-0.112077
-1.307673
-0.516941
-0.118194
1.152685
0.980572
0.001423
0.774182
0.998746
-0.262521
-1.162121
-1.668429
-1.548819
-1.699910
-1.786647
-1.021720
-0.662205
0.000856
0.282832
0.278181
0.442306
0.554174
0.154429
0.645434
0.187936
-0.522946
-0.878712
-0.639256
-0.329062
0.115285
0.877472
1.861485
1.833020
0.694258
-0.433324
-0.596539
-0.435389
-0.854715
-1.227991
-0.888339
-1.170919
-1.955586
-1.501956
-0.518976
1.130582
1.649637
1.035346
0.627937
0.360827
0.734890
0.854089
0.474662
1.383698
1.716353
0.343285
-0.019643
-0.270533
-0.693212
-1.089179
-1.161333
-0.244202
0.122026
0.472426
0.192630
-0.911000
-1.596294
-1.637272
-1.766447
-0.818273
0.894320
1.853197
1.707914
1.090406
0.900317
0.269005
0.056075
0.723174
1.099931
1.485699
0.670929
0.248863
-0.026333
-1.018003
-1.094589
-0.262942
-0.407077
-0.021956
0.290060
-0.301552
0.150961
-0.517635
-1.107104
-1.282573
-1.284245
-1.650507
-1.875984
-1.379265
-1.013871
-0.483112
-1.146068
-0.627369
-0.506983
-0.878316
0.143336
-0.178524
-0.801887
0.215242
0.451705
1.049861
1.468726
0.119904
-1.405188
-1.059199
0.441872
0.206051
-0.309147
-0.706819
-0.315507
0.350407
0.915245
1.232525
1.112549
0.419728
1.077963
2.188904
2.381580
0.734263
0.096344
2.007945
1.808413
0.389666
-0.198678
-1.361159
-2.476471
-2.456577
-2.274963
-1.619123
-0.594034
-0.656422
-1.665521
-0.413523
0.607929
0.440120
0.402280
1.201315
0.828967
0.207698
0.664107
0.437242
1.303716
1.313003
1.107864
0.710532
0.280797
0.187003
1.260794
1.143855
0.610106
0.290064
0.105661
-0.354967
-0.751908
-0.852462
-1.314868
-1.188453
-0.371278
1.312658
2.289340
0.340765
-0.587049
-0.215298
0.125521
0.417430
-0.084394
0.027470
0.109019
0.025843
0.389724
0.534837
1.115534
0.658156
0.771400
0.185430
-0.721477
-0.555407
-0.926681
-0.665319
-0.212481
-0.974988
-0.688290
-0.546841
-1.036842
0.444439
0.910070
1.335191
0.944525
0.240855
-0.206524
-0.750596
-1.073837
-1.216395
-0.479293
0.379019
1.152702
1.015605
0.292247
0.505214
1.013589
1.076134
-0.081233
-0.909802
-0.372802
-0.309558
-0.402516
-0.532266
-0.520436
-0.252653
1.471805
2.790048
1.963811
0.473690
0.453295
1.210932
0.801774
-1.125055
-1.108886
0.610694
1.110258
0.962260
1.080957
0.431120
0.442277
0.954979
0.329855
-0.083947
-0.130797
-0.728089
-1.097151
-0.848861
-0.882029
-0.777917
-0.973621
-1.147209
-1.690331
-2.152708
-2.223663
-0.117696
0.463794
0.027718
0.167518
-0.200677
0.829927
1.499706
1.042086
0.018385
-0.527492
-0.593199
-0.343643
-0.642929
-1.651508
-0.506714
1.612011
1.779379
0.187947
-0.736703
-1.759436
-1.249463
1.002581
1.204999
1.175361
0.498509
-0.845210
-1.913840
-1.361402
-1.217350
-1.295608
-0.848807
-0.436590
-0.549411
0.218338
-0.214246
0.939738
0.955449
-0.219148
-0.491782
0.072402
0.276746
0.358499
0.098775
0.304307
1.181526
1.247270
0.177225
-0.044633
1.307138
1.341155
1.179479
0.233875
0.084831
-0.106977
1.146486
-0.149782
-1.592213
-1.972535
-1.522246
-0.143014
0.556004
1.068317
-0.053321
-0.348943
-0.456690
-0.407458
-0.359346
-0.795463
-0.930746
-0.792536
-1.501071
-0.620974
-0.289769
-0.537009
-1.031650
-0.799328
-0.873707
-1.693610
-1.419697
-1.232429
-0.459917
0.238160
0.596882
0.059297
0.126815
1.396671
1.271373
0.843962
0.447623
0.001318
0.953804
1.809681
1.664549
0.369852
-0.723096
-0.931748
-0.942209
-0.388132
-0.074511
-0.324560
-1.114228
-0.115968
-0.450047
-1.500512
-2.150143
-2.178695
-1.147641
-0.098527
0.335788
1.361261
2.450711
2.337731
2.901241
3.285326
2.726444
2.217108
0.961269
0.599937
-0.100786
-0.733115
0.019240
-0.230481
-1.111363
-0.286502
-1.395365
-1.758234
-0.879661
-0.453051
0.248567
1.931817
1.588087
1.090053
0.446036
1.109629
0.254233
-0.464635
-0.352403
-1.762682
-2.614454
-1.702611
-1.092400
-1.045711
-0.625762
0.133391
0.662680
-0.313705
0.542228
-0.344969
-0.160792
0.303672
0.672006
0.561849
-0.283542
0.482444
0.525606
0.386244
0.740559
0.599569
-0.650369
-0.473599
0.331297
0.362586
0.406862
0.664924
-0.296494
0.946367
1.225837
0.470463
-0.685142
-0.437625
1.356944
1.110200
1.096732
0.772319
1.124833
0.884590
-0.096949
-0.214672
0.148727
0.503172
0.106635
-0.255386
-0.518065
-0.046975
0.269692
-0.083608
-0.175014
0.185680
-0.906977
-0.840270
-0.319848
0.190498
0.211545
0.451011
0.440063
0.665997
-0.476129
-0.935383
-1.114143
-0.914225
-0.504083
0.268039
0.604211
0.693722
1.347728
1.405573
1.143905
0.006818
-0.306420
-0.682353
-0.551221
0.057024
-0.587831
-1.081640
-0.398056
-0.118711
-0.009985
-0.064547
-0.859474
-1.128276
-1.144111
-0.849717
-0.787656
-0.289208
0.490205
1.157884
1.117189
1.256294
1.776851
2.254321
1.245034
0.621495
-1.414552
-2.819617
-2.012740
-1.736776
0.433769
0.123221
-0.655466
-0.328875
0.095504
0.322889
0.205532
-0.832842
-0.994731
-0.898172
0.283716
0.189878
-0.354824
-0.352732
-0.031771
0.346554
0.351790
1.200738
0.983789
0.706659
0.689299
-0.245903
-0.807608
0.177125
0.153678
-0.324180
-0.124018
0.065151
0.682595
0.842489
1.400636
1.451362
1.796508
1.552161
1.476506
0.888815
0.579376
1.048276
0.707354
0.300049
0.438958
-0.440198
0.086606
0.699521
1.552757
1.593369
0.846805
0.721413
-0.643961
-1.768007
-1.598486
-0.806543
-0.210687
0.313862
0.254192
0.872951
0.311425
-0.742561
-1.653691
-2.665564
-2.958797
-2.427691
-1.665780
-0.903926
0.575079
1.074566
0.505709
-0.054808
0.713013
1.576545
0.093141
-0.996246
-0.556893
0.055920
0.045785
-0.197851
-0.664090
-1.206464
-1.145300
-1.220108
-1.305966
-0.459262
-0.210997
-0.007717
0.609106
1.569353
1.286837
1.154079
0.799767
0.496229
0.577450
0.335957
-0.440480
-0.982778
-1.126393
-0.817665
-1.370849
-1.912142
-1.262130
-0.663309
-0.283860
0.080618
0.364011
0.876766
0.382151
-0.862784
-0.151709
-0.208066
0.052207
0.592694
0.146471
-0.845581
-1.557348
-0.464062
-0.342760
-0.449978
-0.191529
-0.137335
-0.100546
0.610262
-0.060310
-0.170520
-0.258928
1.339381
2.087322
1.257175
0.591566
0.902139
0.876987
0.175381
0.993418
1.164760
2.464195
2.118157
1.275299
1.611411
0.886541
-0.132815
-0.978228
-1.613596
-1.235917
-1.243088
-1.110884
-1.315977
-1.225211
0.182077
0.598252
0.711095
-0.148198
0.134271
-0.386735
-1.292954
-2.020622
-1.851144
-1.482676
-0.462001
-0.540411
-1.118237
-0.167297
0.081476
-0.451463
-0.749173
-0.435310
-0.193756
-0.092367
0.133138
0.524728
0.500394
0.629803
0.402446
0.542591
0.804937
1.243365
1.724370
0.689138
0.471875
0.399979
0.507821
1.000631
1.228725
1.503992
1.077960
0.529742
-0.094901
-0.777205
-0.546144
0.781450
1.010140
1.334208
2.021089
1.948660
1.780324
0.895376
0.273438
-0.464598
-1.430302
-1.181348
-0.866572
-0.657296
0.255568
1.648053
1.879307
2.063016
1.381224
0.749726
0.660485
1.512485
0.879188
-0.325351
-0.349274
-0.595521
-0.368883
-0.359934
-1.209666
-2.350444
-1.647111
-0.943856
-0.826780
-1.054352
0.481862
1.490693
-0.309090
-0.367451
1.186213
1.435981
0.143029
-0.874730
-1.414691
-1.637105
-0.842424
0.526816
-0.056264
-0.794562
-1.865791
-1.230538
-1.159638
-1.942695
-1.881573
-1.624892
-1.001362
0.492333
