-0.672942
-0.978849
-0.218058
-0.087104
0.613847
1.179223
1.269490
0.091242
-0.848998
-0.805805
0.769221
1.569438
0.654405
0.260456
-0.489935
-0.436670
-0.378949
-1.321434
-0.205645
0.231413
-0.045171
0.250927
0.744325
0.695792
1.100779
0.497285
-0.046342
0.446830
0.038494
0.391853
0.050403
0.170295
0.950830
0.409307
-0.690912
-0.878066
-1.348560
-1.487187
-0.662090
1.032030
0.811354
0.384990
-0.337276
-0.795264
-0.827215
-1.264148
-0.091541
-0.091639
-0.291136
-0.430014
-0.939399
-0.786196
-0.980815
-0.416968
0.275779
0.470096
0.417297
0.191346
0.978058
0.457848
0.820948
0.741851
0.316407
-0.698673
-0.897002
0.392177
-0.223373
0.180467
0.219795
0.553665
0.078297
-0.027962
0.399536
1.100331
-0.492200
-0.465258
-0.381869
-0.035897
0.303914
0.403068
0.301767
0.192374
-0.280757
0.180127
1.618031
1.134102
1.206240
1.751041
0.540790
-0.595092
-0.870317
-0.484389
-0.262822
0.611431
0.975565
0.779646
-0.293886
-0.395519
0.940344
0.662368
0.146946
-0.360291
-1.890404
-1.083216
-1.163900
-1.795425
-2.020644
-0.609529
0.175228
0.622754
1.152844
-0.291333
0.618752
1.069158
1.026075
0.576652
0.203785
0.899468
1.177117
-0.510837
-0.938211
-2.151373
-2.371549
-0.131533
0.636821
-0.509897
-0.935618
-0.085877
0.160476
-0.369711
-0.179907
-0.666261
-0.996746
0.313207
1.230225
1.584660
1.563438
0.589069
0.233060
-0.185406
-0.054299
-0.327015
-1.441455
-1.359727
0.441412
0.413126
-0.073371
-0.516064
0.400613
-0.624316
-1.430740
-0.357134
-0.853357
-1.770412
0.277065
1.056225
1.067391
0.596479
0.699412
1.799630
1.479226
0.362225
0.421512
0.410042
-0.492427
0.293791
1.370553
0.621278
0.115928
1.119437
0.869286
1.256708
1.926187
1.088325
0.399091
-1.100053
-2.731707
-2.653546
-1.535713
-1.461027
-0.984581
-1.271885
0.022165
1.452122
1.652664
1.370138
0.706014
1.247122
0.877165
1.766664
1.988582
1.095084
0.465070
-1.111008
-2.111443
-0.431154
0.883469
0.132685
-1.031311
0.284697
0.862286
0.445936
0.008450
0.099642
-0.032644
-0.234637
-0.668604
-0.614598
-0.610574
-1.319557
-1.664154
-0.745901
-0.317331
-1.650552
0.108401
1.147907
-0.034354
-0.932376
-0.578731
0.744412
1.173671
-0.152839
0.999191
1.320962
-0.153919
-0.276491
-1.484502
-1.275437
-1.093078
-0.842386
-0.587915
-0.633792
0.047967
0.938862
0.415109
0.600813
0.623118
0.693956
1.163057
0.076511
-1.060631
-1.102831
0.221687
0.294310
0.332791
-0.077315
-0.419690
-0.793825
0.278673
-0.569606
-1.649274
-1.130252
-1.061150
-0.115292
0.629252
0.027061
1.003333
0.891851
-0.471776
0.669226
0.130310
-0.118347
0.166955
0.155068
-1.294600
-1.285043
-0.900370
0.252486
0.316094
-0.452603
-0.258478
-1.241600
-1.322900
-0.277354
0.398645
-0.264837
0.018505
0.333479
1.154018
0.575256
0.422833
0.100816
-0.074208
-1.138626
-1.149794
-0.958253
-0.399910
0.561388
-0.450354
-1.031493
-1.700339
-0.278366
0.757325
0.055114
-1.261237
-1.169927
-1.276438
-1.357447
0.252246
1.503938
1.631625
0.039530
-0.832617
-1.254311
-0.179519
0.973698
1.633227
1.428050
1.205647
1.031320
-0.330114
-0.241591
0.272361
-0.234963
0.451117
0.358183
0.969292
0.294040
0.371020
0.677156
0.455663
-0.639420
-1.155023
0.748063
0.851159
-0.070042
0.443247
-0.146401
0.110162
0.027583
0.299250
-0.580043
-0.580143
-1.043673
-1.004932
-0.316754
-0.064638
-0.527411
-0.126730
-0.524666
0.478742
0.598947
-0.039352
-0.188772
1.086978
1.375001
-0.193806
-0.868127
1.876756
2.017556
0.724432
1.068673
1.506086
1.433714
1.158696
1.593930
0.144622
-0.759672
-0.154095
-0.580367
-1.501626
-1.364910
-2.251526
-2.930482
-0.471886
0.662950
0.125151
-1.193712
-1.328185
-0.095745
0.486388
-0.169994
-0.323667
-0.993395
-1.624079
-0.185608
0.644679
-0.123985
0.275666
1.540973
1.515967
-0.217269
0.337860
0.335795
0.249705
0.513360
0.777881
0.130043
-1.456170
0.878866
1.586251
0.228392
0.446784
0.050303
0.475526
-0.343916
0.049979
0.375716
-0.291216
0.279480
1.261053
0.118866
0.885344
1.118921
-0.105748
-0.671148
0.775818
0.179752
0.016185
-0.822330
-0.792442
0.298158
0.339902
0.927115
0.424602
-0.042590
0.030800
0.240199
-0.396966
-0.739912
-1.612103
-1.480622
-1.611190
-0.022109
0.681144
1.035566
-0.028842
0.100404
0.260836
-0.441339
0.407346
0.795658
-0.261709
-1.519319
-0.176475
0.482318
0.045468
0.535677
0.579566
0.298224
0.273456
0.560488
0.177530
0.633194
1.436571
-0.038695
-0.435605
0.382150
0.446185
0.421641
-0.343894
-1.181909
-2.035142
-1.608875
0.049572
0.791002
0.037118
-0.298640
-0.451576
0.478454
0.064372
-0.858200
-0.435523
-0.751731
0.238265
0.373712
0.619829
-0.530700
-1.170070
-0.742180
-0.469375
-0.490003
-0.337335
-0.455594
-0.357809
-0.448442
0.484880
0.606249
1.002165
0.943149
1.140352
0.435770
-0.493288
-1.123119
-0.623472
-0.229011
0.004629
0.076197
-1.349052
-1.320088
-0.150837
0.431724
0.109165
-1.058091
-1.401121
-1.162156
-0.526316
-0.438336
0.357282
1.045279
0.698945
-0.309824
-1.003487
-0.282257
-0.930668
-1.294109
0.687243
0.911410
0.822640
0.885630
0.487482
1.301712
0.399675
0.469454
0.361794
-0.198179
0.033023
0.317938
-0.161776
-0.220744
-0.688965
0.035708
0.013856
-0.228801
0.389242
0.223116
0.661392
1.882441
2.421847
1.190619
0.257342
1.044521
1.485470
-0.925989
-1.172823
-1.193206
-1.455897
-1.474503
-1.021966
-0.324907
-0.151976
0.172059
0.802301
0.405825
-1.032125
0.176458
-0.964059
-1.656367
-1.664773
-1.921539
-3.257173
-2.384775
-0.851531
-0.556875
-1.061291
-0.049301
1.911741
1.422386
1.064373
1.166677
1.348922
-0.593782
-0.851415
-0.463668
0.360988
0.639213
-1.310614
-2.879073
-2.987873
-2.779032
-2.179349
-0.998160
-0.756045
-1.281750
0.166315
1.808123
2.776599
2.623792
0.950684
2.323287
1.674563
1.209053
-0.517340
0.351470
2.051661
0.276232
-1.665173
-3.144183
-2.198564
-1.632897
-1.629186
-1.320736
-1.887797
-2.623389
-0.100703
1.141197
0.117172
-0.064096
0.610618
-0.395019
0.457901
2.239989
2.545131
1.414474
0.371501
0.426967
0.423330
0.332364
0.251864
0.735936
1.050633
0.087246
-1.349491
-0.441938
1.847171
1.704244
1.431353
0.032722
-0.289181
0.278171
1.917643
3.073626
1.836989
0.905312
1.295840
0.747307
0.739509
1.362764
1.485314
-0.465745
-0.833269
-1.817360
-2.361182
-1.226514
0.857417
0.422682
-0.267994
0.127140
0.414754
0.465711
0.341397
-0.200236
-0.211287
0.417004
1.441699
1.350710
0.439280
0.230675
0.039395
-2.018502
-2.091623
-1.516726
-1.970290
-1.074043
-0.152405
-0.328577
-0.077791
1.093510
1.609937
-0.111644
-0.744383
-0.918212
-0.403449
0.363790
-0.450326
-0.573757
-0.206930
-0.040302
-1.801391
-0.834767
1.127614
1.198371
-0.902519
-1.863490
-1.191874
-0.432093
-0.308400
-0.039207
0.265082
1.054463
0.506593
0.221528
0.078733
-0.219971
-0.468125
-1.184428
0.231696
-0.595924
-1.183378
-0.733427
-0.974429
0.232149
1.515403
0.746635
1.483903
1.041761
0.697479
1.519126
-0.294815
-0.783669
-0.165399
-0.540106
-1.336989
-0.315845
-0.681392
-0.551304
0.917071
0.308126
-1.139752
-1.090315
-1.028322
0.054437
-0.297738
0.005717
0.254831
-1.418407
-1.790686
-1.970715
-0.966072
-0.134632
-0.482221
-1.591967
-1.217934
-0.581749
0.356617
0.114534
-0.776637
-0.147083
0.096471
0.875469
1.177788
-0.186887
-0.571472
-0.240398
-0.483365
-1.022639
-0.532227
-0.391535
-1.109642
-0.026626
-0.197044
-0.421273
-0.389685
0.072457
0.636826
0.238827
0.028057
-1.226411
-0.393088
0.817065
1.335943
0.976221
0.192241
0.112302
-0.266120
0.035743
1.330883
-0.864026
0.220711
1.017243
-0.999301
-1.323296
-1.028032
-0.703055
-0.340563
0.285081
-0.856908
-0.025864
1.147542
1.855535
1.750116
0.672753
-0.935192
0.312279
0.675828
-0.466376
-0.381786
-0.194261
1.467022
0.963307
0.722693
0.957864
0.197111
-0.644553
-1.189772
-1.180168
-1.038686
-0.581991
-0.757305
-0.668549
-0.943209
-0.912229
0.676695
0.680141
0.784010
1.258860
1.261102
0.332034
-0.323086
0.109537
-0.662673
-0.682636
0.708306
1.325169
0.305008
1.397151
1.189291
0.953704
0.648153
0.658177
0.656431
0.901049
1.066326
0.603897
0.457841
0.188145
0.561799
0.699265
0.274036
-0.911516
-1.036514
-0.132874
-0.789825
-0.222038
1.375831
0.887881
0.486135
0.764864
1.443840
1.702389
-0.336359
-0.313811
-0.680275
-1.348630
-0.289644
0.775803
-0.143585
1.275906
0.451404
0.699748
0.412389
-0.140882
0.258401
-0.905759
-0.541143
-1.418711
-0.808890
0.992319
1.741975
1.124439
0.521844
-0.347358
1.018959
0.904941
0.784100
0.827827
0.857021
-0.003825
-0.481392
-0.774494
0.131850
0.201425
-0.941199
-1.875112
-1.386877
-0.910388
-0.267593
1.670253
0.792705
0.275509
0.139320
-0.450792
-1.421555
-0.703093
0.734076
-0.105874
-0.480469
-0.421858
-0.295513
-1.531745
-1.055276
-0.565272
-0.128096
-0.782014
-0.806398
-0.927739
-1.009790
-0.058338
0.506123
-0.211384
-0.484267
-0.413874
-0.257738
-2.225334
-2.231823
-1.090047
-0.335583
0.215354
1.158907
0.804379
0.651964
0.272424
0.192110
0.944973
1.249864
-0.117812
-0.518167
-1.408704
-1.877184
-1.541969
-0.784237
0.036795
0.978965
1.432462
0.774142
0.907552
1.170251
0.902636
0.635408
-0.570327
-0.604054
-0.880447
-0.508793
-0.104132
-0.113836
0.027812
-1.037880
-2.219626
-1.561786
-0.901351
-0.574000
0.195187
-0.554554
-0.050310
0.255708
0.319978
0.289078
0.260898
-0.964818
-1.259295
-0.613527
-0.871605
-2.307052
-1.190173
1.251237
1.170582
1.220949
0.475553
-0.337220
0.088385
0.902218
1.674309
0.368237
0.095444
-0.463390
-0.192021
0.758413
0.278641
0.462789
-0.043269
-0.781733
-0.885159
0.846696
0.931163
-0.589798
-1.181201
-1.431538
-1.310603
-1.277517
-0.057526
0.824980
0.526680
2.323087
3.093426
3.552587
2.179423
1.090079
0.934777
0.110546
-0.260193
-0.135415
0.932736
1.698332
1.925406
3.027202
3.007506
3.329399
2.642726
1.913628
1.567659
1.737086
0.019479
-1.058544
-0.899402
-1.719031
-2.348960
-2.209011
-0.470391
1.353633
1.271266
0.757184
0.932307
1.100885
1.770897
1.524366
0.605809
-0.467771
0.435308
2.010806
0.914297
-0.295679
-1.804929
-1.580886
-0.532757
-0.532106
-0.489293
-0.378306
0.310503
0.396549
-0.029560
0.671454
0.954466
-0.498382
-2.067249
