-0.310680
-0.204089
-0.460787
-0.595164
-0.944721
-1.259698
-1.440417
-0.394666
1.142185
0.933082
0.010857
0.255696
-0.668557
-0.815084
-0.447004
-1.165828
-0.890222
-0.714625
-0.038672
-0.117733
-0.689996
-0.868322
-1.680739
-1.558977
-0.614050
-0.750524
-0.746469
-0.786226
-0.274368
-0.901334
-1.388496
-1.753495
-1.712528
-1.249782
-1.727316
-1.605327
-1.799614
-0.879999
-0.456684
-0.726634
-0.048076
0.225076
-0.916445
-0.848846
0.046276
0.888343
1.567282
0.886965
1.322939
1.502394
1.093582
0.943194
0.220747
0.004269
0.764399
1.034812
1.132883
0.997107
0.614038
1.699903
1.049936
0.306222
0.376070
0.119153
-0.083729
0.866243
1.054157
0.795840
1.034896
-0.976116
-1.469334
-0.030323
-0.559819
-0.513470
-0.541036
0.066337
0.227603
0.553761
0.309982
0.679703
1.998298
2.039736
1.238506
0.532543
0.502010
0.810736
1.120725
-0.628481
-1.939811
-0.788014
-0.895148
-1.689301
-1.702611
-1.813404
-1.082097
-1.059615
-0.380602
-0.231985
-0.995487
-0.190921
0.911115
0.667258
0.668121
-0.189247
-0.300187
0.474452
-0.706236
-0.706881
1.805914
0.545073
-1.342883
-1.150913
-0.889257
-0.549299
-0.251519
-1.218576
-0.131223
-0.959144
-1.868229
-1.691536
-1.676181
-1.254520
-0.480298
1.513293
1.358591
-0.204404
0.450501
0.641347
0.164843
-0.267783
-0.729886
-0.012014
1.524168
1.320750
-0.622106
-0.406125
-0.270993
1.319807
1.452765
1.397881
1.563915
1.291659
0.811699
1.028285
1.448554
1.120606
0.592856
0.593027
1.541510
2.261856
1.864612
2.125977
1.762817
-0.763960
0.172725
0.160119
-0.776506
0.527433
1.235647
0.024591
-1.472263
-0.694905
-0.665327
-1.116673
-1.133019
0.522634
-0.182953
-1.012336
-0.686050
-0.141010
-0.601233
-2.204752
-0.628669
-1.385737
-1.000002
-1.360578
-0.602867
-0.438195
-0.803273
-0.351519
0.204440
-0.300609
0.859054
0.072240
-0.283957
0.503323
1.007318
1.464137
1.480209
0.369718
0.436357
1.221990
0.460362
0.077184
0.497682
0.271357
2.199377
1.831063
1.177222
0.957862
1.040141
0.104101
-0.355325
1.002541
0.446086
0.952101
1.627862
0.239510
0.077296
0.930049
2.178277
1.323776
0.903067
0.915543
1.878248
0.914455
0.862215
1.566046
2.030219
0.892775
1.040942
0.581609
-0.393892
0.139982
0.410145
0.298500
-0.231007
-0.732700
-0.774515
-1.211359
-0.581082
-0.185821
0.817037
1.224813
-0.092176
-0.197306
-0.019304
0.453290
0.609415
-0.502168
0.055047
-0.189213
-0.229452
-0.567554
-0.108719
-0.963103
-0.448382
0.770228
0.568722
0.366997
-0.490185
-1.073693
-0.975435
0.167297
0.475656
0.240928
-0.384317
-0.154650
0.322016
0.320672
-0.098209
-0.681062
-0.082810
1.410187
1.342665
0.906338
1.056051
0.541469
1.467165
0.069383
-0.677153
0.095250
0.448704
0.367712
0.287330
0.729569
1.269767
0.920110
-0.258485
-0.484764
-0.417350
-1.099854
-0.667070
0.460559
0.978729
-0.405895
-0.764186
-0.629890
-0.383876
0.365062
-0.343062
-0.233424
0.664921
0.856014
0.934979
0.402394
0.810443
1.300990
1.764731
0.718961
1.234215
1.560561
0.446083
0.946759
1.868364
0.715841
0.121290
0.286363
-0.541892
-1.007455
-0.560934
-0.911824
-0.013396
-0.054300
0.325547
0.844543
-0.899604
-1.700152
-0.652328
0.299756
0.624010
0.583305
0.187755
0.679055
0.449587
-0.827017
-1.072615
-0.135974
0.396788
-0.592441
-1.015813
-0.238107
0.045910
-1.179447
-2.322191
-1.886669
-0.741965
-0.266193
-0.093250
0.761553
0.155645
-0.972514
-0.730991
-0.463222
-0.094889
-0.191085
-0.258255
0.489683
-0.284957
-0.950097
-1.179717
-1.327159
-0.429079
-0.311415
-1.155516
0.708125
0.230731
-2.022864
-2.507578
-0.766427
-0.538927
-1.049438
-0.777596
-0.233439
-0.096122
0.093187
-1.142383
-1.776938
-0.865460
-1.585525
-1.694788
-1.448916
-0.756333
-0.636430
-2.740669
-2.852303
-1.371655
-0.880213
-0.976782
-0.525784
-0.566699
-2.170736
-2.428021
-2.291248
-1.378892
-0.931802
-0.908213
-0.460610
0.504195
-0.419841
-2.308324
-1.370621
-0.706431
-1.003080
-1.875553
-1.575218
-0.557687
-0.677988
0.749200
-0.120630
-1.576298
-2.518641
-1.482731
-0.799369
-0.585798
0.311200
0.393471
1.031584
0.065484
1.029224
1.190199
1.244737
1.203946
1.408610
0.975396
1.109480
0.458275
0.571090
0.571394
0.094597
0.079789
-0.733749
-0.540702
-0.001629
-0.080432
-1.094139
-1.161935
0.535151
0.399711
0.085273
-0.636251
-0.635140
0.114171
2.014759
1.823331
0.421224
-0.202088
-0.675119
-0.551943
-0.891020
0.795502
-0.090622
0.058538
0.617730
0.123278
0.757613
0.704399
-0.160872
-1.013921
-0.378335
2.503140
-0.527403
-2.173494
-0.039241
-0.159369
-1.447180
-1.256002
-0.932515
-1.380037
-0.227459
0.806957
-0.875440
-1.529844
-2.303736
-3.485507
-1.825444
-0.602634
-0.413562
-0.900411
0.510856
-0.741230
-2.372428
-0.996620
-0.712643
-1.178673
-0.773047
-0.815118
-0.841524
0.652958
-0.165633
-1.143358
0.339840
0.044063
-0.554255
-0.079238
0.909796
0.908546
-0.664994
-1.207231
-0.272214
-0.037907
-0.557907
-0.369423
0.151796
-1.068445
0.193298
0.777286
0.054001
0.308884
-0.423242
-0.190663
-0.108729
0.054291
1.258955
1.395430
1.853355
1.177571
-0.246815
-0.330858
-0.573833
0.102695
0.007381
1.341093
0.986628
-0.142535
-0.387103
0.112806
0.221311
0.755133
0.685629
0.113306
0.464145
0.276181
1.500484
2.388285
1.410773
2.044121
1.502625
1.624744
1.938113
0.281281
-0.198447
0.987636
0.038301
0.012179
0.026043
0.852132
1.165183
1.358769
1.168827
2.320846
0.942994
0.417149
0.396230
-0.638671
-0.746803
-1.041645
-0.551442
-0.675946
-0.076221
0.101409
-0.292622
-0.184194
-0.541500
0.177185
1.308943
1.219063
0.892784
0.081504
0.435685
1.763093
1.212828
0.777425
-0.052230
-0.227085
0.359946
0.543503
0.664246
-0.204772
-0.260333
-0.705764
0.071906
0.940471
1.247221
1.220953
0.446651
-0.042610
0.744902
0.704870
0.261303
0.112949
0.084027
1.415115
-0.227088
-0.389167
0.751753
0.105599
-0.837804
-1.477170
-0.972098
0.220875
0.544130
0.271954
0.377500
0.135676
-0.337103
0.639021
1.020516
-0.036056
-0.595047
-0.854272
-0.189326
0.857037
0.618093
1.379098
1.900761
0.314185
-0.125031
0.730282
0.650386
0.583980
0.516887
0.417683
0.402623
0.359636
-0.223534
-0.425982
-0.125671
-0.045995
0.221042
0.739446
0.576640
0.431319
-0.014641
-1.074434
-1.141096
-0.260758
1.074694
0.464197
0.734444
0.592164
0.809976
1.707624
1.490021
1.046056
0.936756
1.452302
1.216845
1.148348
0.461919
1.021197
0.925157
0.583187
-0.337056
-0.828627
-1.722260
-1.206665
0.322919
0.526458
-0.570489
-1.466641
-0.514603
-0.145362
-0.008353
0.151113
-0.131015
1.633169
2.696353
-0.021968
-1.015393
-0.701259
-0.470281
-0.291573
-1.036736
-1.281455
-0.453274
-0.144072
-1.084045
-2.061277
-1.772045
-0.957811
-0.686360
-1.529142
-0.931369
0.685490
-0.134009
-1.073001
-0.800506
-0.731688
-0.925006
-0.881649
-1.057620
-0.476880
-1.239709
-1.677164
-0.644328
-0.440210
1.203945
-0.474359
-1.235631
-0.395301
-0.558207
-1.046506
0.356668
-0.144242
-1.787992
-0.929123
0.401950
0.724248
0.016170
0.411389
0.000714
0.014991
1.479611
-0.261106
-0.121581
0.801462
0.472591
2.117450
0.107106
-1.712393
-0.539582
-0.091889
0.272419
-0.217142
-0.178893
-0.274498
0.490248
0.084131
-0.272161
0.461317
-0.490839
-0.853971
-0.856082
-0.273861
-0.014801
0.165901
-0.391428
-0.785907
-0.406605
-0.854689
-0.690634
-0.011290
-0.365327
0.193055
0.245015
0.228648
-0.829009
-2.537369
-2.702368
-1.251508
-1.021959
-0.379029
-0.401821
-0.310472
0.513739
-0.383445
-0.546328
1.325794
1.571378
0.931810
-0.154812
0.063226
0.282587
1.587358
0.711828
-0.728482
-1.020029
-0.040247
-0.349927
-1.016534
-0.434686
0.067825
-0.721654
0.663028
0.104441
-2.065109
-1.411667
-0.259043
0.211299
-0.587307
-0.417457
-0.636194
-0.639223
0.297040
-0.393613
-0.598983
-1.058689
-1.353482
-0.259017
0.988356
-0.149988
-1.399109
-0.977785
-0.445365
-1.516806
-2.235593
-1.911176
-1.353466
1.372279
-0.340719
-1.262966
-0.569203
-0.327722
-0.491281
-1.279564
-1.628701
-1.083431
0.016783
-0.829385
-1.110722
-0.733511
-0.424219
0.174224
-0.960762
-1.977231
-1.217158
-1.016692
-0.852464
-1.490669
-1.437714
-1.923309
-1.830972
-1.670367
-1.289075
-0.365306
-2.306933
-2.088557
-0.076127
-1.409022
-1.819646
-0.599713
-0.994619
-1.377570
-1.027091
-0.584589
-0.053518
1.004563
0.596018
-0.694546
-0.951542
-0.315420
0.064526
-0.936869
-1.304401
-1.655834
-0.802853
0.160373
-0.236778
-1.197394
-1.046011
0.175679
0.624929
-0.871553
-1.329304
-0.488761
0.557697
-0.910138
-0.452641
-0.000285
-0.225113
0.387593
-0.009963
0.831589
-0.565809
-1.109671
-0.107948
0.315848
-0.400228
-0.999722
-0.910426
-0.760923
0.516861
1.358413
1.380258
0.255059
0.412869
0.645284
0.084299
0.339452
0.957082
0.223351
-0.721932
-0.516502
0.273361
0.313883
0.856326
0.815777
-0.134311
-0.718006
0.622381
1.234088
1.736278
2.740946
2.104494
1.928020
1.625483
2.130871
1.398231
1.248419
1.559992
2.035841
1.506650
0.854069
-0.216214
-0.486511
-0.498676
-0.849219
-0.551757
-0.255020
-0.189699
0.574594
-0.105847
-0.298626
-0.269821
0.138376
1.238767
0.015549
-0.568488
0.860338
0.452013
-0.199511
0.455103
-0.308542
-0.612210
-0.205266
-0.459540
-0.416045
0.519201
1.182818
0.678001
0.145339
-0.643409
1.379373
0.795526
-0.978871
-0.786217
-0.323890
-0.260107
0.497371
0.685702
0.777636
1.728592
1.446480
0.702595
0.213282
0.050170
0.239458
0.418322
1.140378
1.979616
1.188995
0.891143
1.668854
2.894216
2.172109
0.501020
1.225253
0.994851
1.411845
1.846875
1.275824
0.731102
2.278663
2.729647
2.271867
0.994900
0.868474
0.908654
0.158036
0.296208
0.978108
0.624433
0.651588
0.635700
1.053252
1.651254
1.187313
1.394083
-0.557323
-1.167535
-0.800657
0.368370
0.979674
0.825059
1.731669
0.926256
0.706637
1.538401
0.806530
1.254877
1.472496
1.610071
2.273443
2.180938
1.543274
1.964746
1.913342
1.724765
0.937709
-0.134957
-0.190149
-0.379656
-0.181163
0.007086
-0.289340
0.171465
0.335727
0.959723
1.718567
0.112857
-0.774126
-0.093649
0.954904
1.539049
1.557332
2.331608
1.137632
0.034476
0.214032
0.855633
0.744104
-0.939544
-0.656182
0.362881
-0.598814
-0.586925
-0.627878
-1.159255
-0.563000
-0.755300
-1.557823
-1.024617
0.307436
