-1.327895
-0.440641
0.634072
1.046171
0.985776
0.691189
0.260105
-0.347244
-0.503573
0.353902
1.075237
1.301420
1.503029
1.102778
0.911914
1.031007
0.754104
0.126689
-0.301651
-0.375583
-0.639556
-0.808232
-0.773689
-0.663794
-0.838989
-0.181419
0.345315
0.309432
0.256063
0.465791
0.806851
0.990191
0.766917
0.140970
-0.292628
-0.687514
-0.612924
-0.821348
-0.946903
-1.198273
-1.358861
-1.893075
-1.897813
-2.099652
-2.325004
-2.072617
-1.707211
-1.280233
-0.889324
-0.985030
-1.093752
-1.229483
-0.853412
-0.785968
-0.610109
-0.108378
-0.272383
-0.394927
-0.222743
-0.007988
-0.076692
0.545587
0.603474
0.363866
-0.087221
-0.520767
0.171908
0.974606
1.203247
1.197078
1.264694
1.007126
0.526657
0.045415
-0.244865
0.055949
-0.058750
-0.284875
-0.504896
-0.686550
-0.264324
0.030748
0.346020
0.752428
1.247944
1.271486
1.293593
0.982606
0.298934
0.312972
0.476527
1.058435
1.566919
1.979691
1.869287
1.639636
1.219211
1.085367
1.426960
0.862180
0.050535
-0.172133
0.086318
0.340617
0.500738
0.689692
1.172678
0.651599
0.340210
0.230358
0.337828
0.768761
1.004917
0.536151
0.286990
0.182043
0.648082
0.668710
0.098086
-0.255131
-0.228390
-0.347707
0.369097
1.145363
1.776334
1.380813
0.673228
0.069883
-0.367912
-0.511010
-0.412734
-0.532686
-0.426846
-0.618169
-1.361605
-1.166672
-0.779308
-1.149823
-0.766997
-0.556284
-0.664103
0.128592
0.210750
-0.369364
-0.760492
-0.798807
-1.022606
-0.501955
-0.939420
-1.325117
-1.168303
-0.927257
-0.739681
-0.966561
-0.894177
-1.168380
-1.243286
-0.568886
-0.192516
-0.777933
-0.835395
-0.649140
-0.364773
-0.256788
-0.531790
-0.841195
-1.483170
-2.236877
-2.462887
-1.968388
-1.092823
-0.731342
-0.849608
-0.497054
-0.659102
0.053880
-0.037845
-0.149471
0.556872
0.969752
0.433112
-0.033023
-0.017064
0.576621
1.030729
1.231093
0.652706
0.804757
0.559014
0.584859
0.905252
0.841304
0.403845
0.310529
-0.088122
-0.032142
-0.090571
-0.425567
-0.237518
-0.172675
0.164410
0.092609
-0.327196
-0.392598
-0.382056
-0.175298
0.182087
0.477647
0.328665
0.062471
-0.101885
-0.105247
-0.232436
-0.481424
-0.898324
-0.995173
-0.514096
0.136627
0.295315
-0.236572
-0.110574
-0.270047
-0.640287
-0.421268
-0.700507
-0.541024
-0.501032
-0.441143
-0.221237
0.420542
-0.304300
-0.725703
-0.330693
-0.215176
-0.365399
-0.457707
-0.044534
-0.135917
-0.255256
-0.227873
0.019995
0.054583
0.278514
0.233611
0.137590
-0.381035
-0.431795
-0.360058
-0.279102
0.311849
0.563688
0.807642
0.643623
0.134187
0.162553
0.213525
0.685055
1.415412
1.593105
1.844411
1.981697
1.713319
1.477675
1.544539
2.011824
1.880844
1.500676
1.538652
1.595965
0.836867
0.681006
0.870519
1.452351
1.897173
1.298975
0.927676
0.644788
0.584303
0.808929
1.382872
2.229614
2.386640
1.736253
1.463051
0.889728
0.407908
0.084535
0.731393
1.218832
1.384590
1.776166
1.875118
1.652650
0.784125
0.074650
-0.408608
-0.553093
0.152472
0.053098
0.400181
0.867797
0.646994
0.153896
0.095588
-0.371263
-0.909029
-0.412373
-0.005717
0.017187
-0.413309
-1.046146
-1.110321
-1.072466
-0.838829
-1.266440
-1.841593
-1.094138
-1.046255
-1.649130
-1.302600
-1.527867
-1.562028
-0.883188
-0.692288
-0.641721
-0.768377
-0.990040
-1.170216
-0.423973
0.231813
-0.155452
-0.752204
-1.013786
-1.346709
-1.865318
-1.992736
-2.253104
-2.078795
-1.917554
-1.653671
-1.162112
-1.152213
-1.449572
-1.205322
-1.130558
-1.219955
-1.545981
-1.641374
-1.044431
-0.874309
-0.821302
-0.949223
-1.164201
-1.323405
-1.582782
-1.183972
-1.104650
-1.082473
-1.006998
-0.981670
-1.549356
-0.966545
-0.978868
-1.000510
-0.873999
-0.700563
-1.047856
-1.625722
-1.315841
-1.458117
-1.031081
-0.020696
0.612120
0.457512
-0.166230
-0.269587
-0.213790
-0.020185
0.152906
0.567681
0.791001
0.105998
-0.131365
-0.013075
0.042503
0.451174
0.212216
0.358525
0.708807
0.124767
0.226583
0.302488
0.123779
0.116289
0.099283
0.112676
0.008084
0.164908
0.950547
0.675678
0.384833
-0.218307
-0.839691
-0.735694
-0.537784
-0.235819
-0.421814
-0.358656
-0.194763
0.170016
0.838402
0.629979
0.598369
1.048280
0.389490
0.250258
0.432878
0.534698
0.269572
0.094337
-0.439524
-0.408491
-0.234258
0.254855
0.183732
0.302082
1.024215
1.535526
1.410710
1.907661
2.029470
1.765071
0.890172
0.289169
0.634291
1.177607
0.870136
0.695724
1.329969
1.794377
1.767928
0.960433
0.311735
-0.219411
0.120224
1.483789
2.742182
3.262480
3.265555
3.321279
3.090147
2.405993
1.677882
1.274785
1.161211
1.021864
1.194410
0.705626
0.296565
0.316435
0.477025
0.234065
-0.104043
-0.292376
-0.070485
-0.636236
-0.555556
0.663813
1.267980
1.268862
1.166859
0.970109
0.663228
0.659281
0.491188
0.347092
0.046296
-0.240362
-0.440135
-0.408510
-0.520509
0.055431
0.306400
0.276583
-0.070285
-0.468575
-0.467127
-0.083612
-0.320486
0.010641
-0.038136
-0.249786
0.185730
0.127927
0.052141
-0.092288
-0.340805
-0.218010
0.274859
0.124274
0.339340
-0.102055
-0.472843
-0.411117
-0.025117
0.393333
0.035927
0.038717
0.225690
0.264066
0.359318
0.273293
-0.071582
-0.136406
-0.387663
-0.868644
-1.708390
-1.865555
-1.381182
-0.925992
-0.669522
-0.342569
-0.775040
-0.958335
-1.453093
-1.827855
-1.771523
-1.742352
-1.366681
-1.338896
-1.551181
-1.468813
-1.946904
-2.553803
-2.327437
-1.794427
-1.035964
-1.005915
-1.609338
-1.785973
-1.779413
-1.994951
-2.206723
-1.965355
-1.085389
-0.144566
-0.158155
-0.491318
-0.613993
-1.366229
-2.244327
-2.607686
-2.507249
-2.309236
-1.913111
-1.133811
-0.431584
0.309724
-0.169998
-0.623325
-0.711169
-0.169415
-0.039287
0.247963
0.339987
0.354516
1.045886
1.162409
1.674119
2.139525
1.734902
1.411144
1.422124
2.222078
1.677874
1.228871
1.299981
0.974956
0.931278
0.785983
0.912336
1.146480
0.796505
0.595054
0.974446
1.241388
1.428802
2.128420
1.803883
0.437994
0.218614
0.770615
1.303133
1.663793
1.440384
0.745703
0.078089
0.164759
-0.026159
-0.017906
0.010958
0.095756
0.006881
0.056625
-0.289748
-0.331614
-0.475338
-0.619230
-0.097190
0.093551
0.038822
0.759013
1.447620
1.434028
1.134981
0.603440
0.420722
0.689163
0.755922
0.479014
-0.091521
-0.243614
-0.382502
-0.009408
0.580114
0.259701
0.546630
0.726398
0.953567
1.202630
0.806238
0.224654
-0.250885
-0.187032
0.187810
0.864729
1.335210
1.377769
1.318524
0.954087
0.430827
0.604395
0.808442
0.748322
0.817425
0.778745
0.471076
0.305561
0.489263
0.522180
-0.039271
0.314947
0.395685
0.264246
0.673572
1.459932
2.034302
1.445393
2.091809
2.493840
2.259465
1.424336
1.325380
1.162976
1.197203
1.169080
1.198257
1.385680
1.786892
1.524863
1.221327
0.953557
0.187756
-0.571393
-0.397865
0.158565
0.344348
0.335191
-0.120618
-0.300249
0.256803
0.878727
0.627277
-0.331763
-0.474066
-0.840552
-0.911423
-0.708080
-0.684572
-0.606366
-0.883772
-0.510305
-0.175424
-0.194782
-0.394356
-0.331880
-0.579672
-0.656374
-0.870628
-1.251794
-1.160545
-1.023660
-1.013351
-0.714322
-0.734314
-0.608387
-0.287990
-0.069519
-0.133700
-0.409717
-0.508438
-0.480614
0.186274
0.254829
0.060346
-0.162805
0.018885
-0.063914
-0.177934
0.020994
0.165070
-0.196984
-0.524726
-0.263807
0.006578
-0.282683
-0.382416
-0.367509
-0.468448
-0.901704
-1.051024
-1.163206
-1.580756
-1.384946
-0.613004
-0.828933
-0.848857
-0.772751
-0.771295
-0.664910
-0.646538
-0.702211
-1.152523
-0.907692
-0.564997
-0.596703
-0.891107
-1.295788
-1.149572
-1.183017
-1.242335
-1.457772
-1.778903
-1.841169
-1.694245
-1.453760
-1.212876
-1.746407
-2.158409
-2.445456
-2.792054
-2.256762
-1.529963
-1.206713
-0.982461
-1.231514
-1.648644
-1.314188
-1.301902
-0.864516
-0.291780
-0.398731
-0.335903
-0.341213
-0.266634
-0.374634
0.218179
0.318618
0.042171
-0.260885
-0.681109
-0.938074
-0.256655
0.383856
0.086246
-0.370690
-0.764122
-0.206129
0.305036
0.714122
0.453849
0.394498
0.505305
0.468157
0.057713
0.119269
0.056625
0.030861
0.256014
0.265326
-0.251417
-0.166063
-0.402257
0.143016
0.157059
-0.242428
0.188475
0.889901
1.032972
0.967155
0.234204
0.311225
0.917662
1.062616
0.888854
0.173987
-0.040217
-0.105975
-0.353491
-0.268205
0.139331
0.480344
0.641846
1.076961
0.880516
0.761972
0.468271
-0.383045
-0.496679
-0.898758
-1.396110
-0.816829
0.051738
0.183776
0.107158
0.042493
-0.220918
0.138244
0.297719
0.726810
0.603192
0.414883
-0.215490
-0.020098
0.334625
0.057411
-0.028804
-0.067804
0.087434
-0.022216
0.035116
0.593263
1.533117
1.779887
1.283961
0.532853
0.931913
1.574656
1.701382
1.162890
0.722986
0.074597
-0.063083
0.441359
0.726476
0.483951
0.886630
0.836146
1.100272
0.554967
-0.173379
-0.585660
-0.928629
0.040103
1.020966
0.799867
0.251029
-0.048394
0.124798
0.118485
-0.215213
-0.964363
-1.026458
-0.364465
0.104706
0.203076
-0.075156
-0.391986
-0.540509
-0.418050
-0.907228
-0.467604
0.608721
2.088765
2.405995
2.411983
1.880507
0.778229
0.268531
0.276102
0.595305
0.774922
1.456883
2.323886
2.092211
1.687611
1.389825
1.826697
1.812346
1.561044
0.937417
0.346813
-0.100788
0.238101
0.742196
1.114635
0.882564
0.658996
0.477561
0.821409
0.618308
0.655478
0.458943
0.225792
0.474437
-0.364323
-1.231439
-1.855161
-1.534770
-0.835654
-0.925926
-1.105776
-1.275556
-1.012280
-0.382427
0.214338
0.845291
1.273803
0.659644
0.020498
0.264997
-0.453517
-0.982590
-1.324267
-1.774871
-1.653405
-1.092609
-0.163147
1.190397
2.089851
2.487429
2.224731
1.467643
0.795149
0.158586
-0.001879
-0.126364
-0.237893
0.329252
1.463141
1.587848
1.427726
1.095611
0.334221
-0.458287
-1.117269
-1.085109
-0.197389
0.772578
1.850763
2.070460
1.355436
0.336276
-0.402931
-0.014252
0.827165
1.138636
0.935216
1.173229
1.025373
0.651883
0.593251
0.196921
0.277749
-0.068592
-0.919714
-1.317461
-1.621501
-1.534054
-0.953574
-0.373094
-0.167811
-0.078602
-0.419949
-0.773120
-1.568884
-2.446499
-2.293093
-2.237524
-1.799896
-1.703191
-1.470469
-0.583177
-0.664794
-0.913378
-1.412169
-1.743935
-1.796172
-1.248285
-0.570883
-0.764800
-0.344964
-0.583924
-0.851251
-1.227592
-1.067452
-0.270824
0.212712
-0.016937
-0.512055
-1.203534
-1.680480
-1.977407
-1.795554
