0.242219
0.129348
0.154103
0.838690
0.412241
-0.186077
-0.884654
-0.948415
-1.063186
-1.962130
-1.050472
0.835020
1.747250
0.689192
0.549072
0.254448
-0.330940
-0.027320
1.186663
-0.396058
-0.207737
0.241600
0.458015
0.538692
0.792188
0.319651
-1.395330
-0.848448
-0.314460
0.221618
-0.292223
-1.686131
-1.467931
-1.354289
-1.290495
-1.389278
-1.525633
-0.532251
-0.433369
-2.146410
-3.219580
-1.892261
0.205932
0.821978
-0.107682
-2.597234
-2.328979
0.086147
-0.008987
-0.652414
-0.350119
-1.596155
-1.129015
-1.270501
-1.523509
-0.964118
-0.511352
-0.601314
0.098264
0.446971
0.587589
-0.101913
0.322696
0.528904
-0.184363
-1.457977
-1.331520
-0.169069
-0.956496
0.758477
1.763337
-0.527306
-0.880033
-1.042270
-0.300094
-0.652425
-1.309796
-0.520522
1.037456
1.477265
0.831954
0.666464
-0.439476
-1.860622
-1.305794
0.239935
-0.125947
-0.545307
-1.047268
-1.036905
-0.152612
-1.062807
-1.071625
-1.914990
-1.231760
-0.254013
-0.753721
-0.278812
-1.556542
-1.971163
-1.229567
-1.775145
-1.967578
0.129725
0.629385
-0.378233
0.167402
0.931192
-1.399020
0.239842
1.274012
0.635093
0.235301
1.419606
1.618801
1.541757
-1.555171
-0.966860
0.906954
1.029765
1.049391
1.152795
0.341631
-0.616879
0.419502
2.039639
1.902292
1.459360
-0.390421
0.077688
0.149836
0.634942
-0.433686
1.527466
3.274300
1.697961
1.600224
1.328219
2.182430
1.572897
0.729521
0.547244
1.562831
2.665342
1.805036
1.585910
1.039501
0.275392
0.909515
0.435308
1.123596
0.536333
0.865093
2.991145
1.898007
1.314596
2.023829
0.035200
-0.834888
0.454900
2.514328
1.886840
0.758212
0.264320
0.635601
-0.164710
-0.253891
2.058628
2.465875
0.918343
-0.158382
0.489104
0.020170
-1.822681
-2.323756
-0.271833
-0.339171
-0.612174
1.243762
0.782652
-0.184483
-0.717799
-1.852418
0.302982
0.254244
-0.362886
0.549894
1.234686
1.627446
0.500085
-1.557431
-0.649041
0.367198
0.680803
1.343426
0.620294
-0.377878
-0.050641
-0.294701
-0.629209
-0.572801
-0.816568
-0.551591
-1.172772
0.172357
-1.204302
-1.515103
0.421378
0.312006
0.880808
0.186988
0.948738
0.855370
-0.091648
-0.779817
-1.041972
-0.306683
0.744193
0.669634
0.279161
-0.010452
0.445642
0.364894
-0.811766
-0.061485
0.246653
1.231348
0.128923
0.290362
1.143679
0.802607
1.639577
1.356398
1.059091
1.330925
1.836321
1.184365
2.263612
2.367058
2.005055
0.658570
-0.080318
-0.106980
1.197503
1.891234
1.892608
0.326898
-0.575774
-0.325228
-0.464619
0.866654
1.045748
0.161115
0.360290
1.145337
0.609590
-0.381636
-1.373906
0.284989
1.233703
-0.193958
0.564303
1.728694
1.204614
-0.171841
-0.267997
0.981299
1.009236
0.096038
0.494042
1.143837
0.900852
0.945880
0.508213
-0.504108
-0.394572
0.161970
0.499677
0.855637
-0.442511
-1.158289
-0.660895
0.581133
-0.383649
-1.186659
-0.394043
0.132783
-0.538669
-0.945054
-2.160757
-0.344844
0.300967
-1.772911
-0.499956
0.316582
0.152865
0.237850
0.564769
-0.463457
-0.208659
-1.393815
-0.600628
0.756871
-0.241214
0.371336
0.740770
-1.187290
-0.697696
-0.107715
0.531524
0.640109
0.592996
0.429731
-0.736140
-0.476894
-0.325963
1.178043
1.404252
1.534831
0.451838
0.668575
0.834558
0.568684
0.135662
1.319120
1.608250
0.108130
-0.215198
-1.386861
-0.141207
1.293992
1.238011
-0.482470
-0.153710
1.567177
1.282580
0.327213
-0.882212
0.000383
1.149386
0.554974
0.753297
0.343942
-0.049909
0.196033
0.512510
0.655283
0.394196
-0.504967
0.193092
1.187284
0.329151
-0.783943
-0.518714
-0.327018
-1.371631
0.023992
1.759774
1.242015
-0.458950
0.079632
0.507496
-0.265779
-0.472723
-1.335126
-0.443579
0.065686
0.023569
-0.322105
-0.044442
-0.304111
-2.046140
-2.727907
-0.930794
-0.051310
0.445980
-0.086226
-1.472540
-1.727581
-1.805195
-1.450193
0.148540
0.356396
0.252186
-0.662296
-1.317558
-0.155588
0.907095
0.400023
0.544430
0.619182
-0.089323
-0.602630
-1.372408
-0.429557
-0.228669
-0.305453
-0.381374
-1.333066
-1.534855
-1.366261
-0.089542
0.600623
-0.278314
0.249094
0.470769
-0.047881
-0.574687
-0.263313
-1.906076
-1.797506
-0.804181
-0.063164
0.076015
-0.025452
0.445444
0.961622
-0.109906
-0.877705
0.522091
0.130168
-0.420217
-1.438642
-0.124291
1.351941
0.101440
-1.087928
-1.667839
-1.759470
-0.248310
0.414281
0.029122
0.151057
0.091955
-0.992066
-0.402152
0.327404
1.154585
0.282869
-0.140419
-1.497226
0.202638
-0.082528
-0.090346
1.114262
-0.941592
-1.737278
-1.164256
-0.588831
-1.885307
-2.628161
0.308529
1.111391
-0.712916
-0.605238
-0.707543
-1.536150
0.397694
1.052664
1.067250
-0.152240
-1.285888
-1.725216
-1.290309
0.592146
0.941041
-0.146070
-0.779342
1.001584
-0.908326
-1.556371
-0.172370
-1.735051
-2.311116
-1.670294
-1.585023
-1.423735
-1.061011
-0.443442
1.299271
1.790159
0.302473
-0.468556
-0.872563
-0.554042
0.299896
0.300960
0.773564
0.408613
-0.112515
-1.485718
-0.303707
0.207073
-1.172752
-0.082054
-0.379139
0.202640
1.439122
0.463567
0.544074
-1.399659
-1.532644
0.296763
-0.422139
-1.858273
-1.168965
-1.431347
-0.665076
-0.145702
-0.690691
-1.193937
-0.874979
-1.319217
-0.411522
-0.213865
-0.566967
-0.992393
-2.063056
-3.427023
-1.373296
1.298653
0.583457
0.648080
0.322462
-0.613921
-0.315878
-0.465579
0.129004
0.213739
-1.867476
-1.832265
0.520872
0.934058
1.634850
0.272644
-0.291332
-0.498751
-0.858802
-1.110731
-0.094076
-0.853476
0.516731
-0.020849
-1.563155
0.611242
0.728760
0.145674
-0.098911
0.957364
1.169350
1.097880
1.022184
0.331695
1.050228
0.385756
0.002584
0.518051
0.871211
1.856423
1.332568
0.503856
0.328405
0.806048
1.781149
1.848706
0.330927
0.647425
0.350857
-0.228761
0.303962
0.962196
0.151349
0.159410
-0.972823
-0.417060
0.781760
0.642908
1.168521
1.709623
1.602958
1.313606
0.530219
0.273292
1.844902
2.314481
1.173060
0.355367
-0.468356
0.057558
1.538545
1.186436
0.445398
1.027333
0.718937
0.363927
1.191275
1.083272
0.573789
1.197854
1.203913
1.607157
0.141021
-1.643727
0.685461
1.195345
0.018332
0.676986
1.144518
-0.573793
-0.433765
-0.091889
-0.709454
-1.541318
-1.169185
-0.815556
-1.014720
-0.957802
-0.760732
0.625610
0.422381
-0.951743
0.082936
-0.210082
0.063817
0.687658
-0.120728
-0.101147
-0.542335
0.388653
-0.383782
-0.292673
0.235649
0.077598
1.270751
2.501212
2.233934
0.668828
0.891127
0.847634
1.153200
1.533283
1.469649
0.091057
0.429032
2.008152
1.597644
0.607610
-0.278123
-0.716423
-1.074375
0.615061
0.875102
0.743318
-0.117397
1.329378
0.569277
-0.346395
-0.205620
0.842100
0.373019
-0.372209
-1.367355
-0.293725
0.160217
-0.005654
-1.172635
-0.386992
0.514766
1.382475
-0.147221
-1.134272
-0.948745
0.590615
-0.157697
-0.985583
-0.386037
-1.395982
-0.447426
-0.208881
-0.340753
-0.696029
-1.767897
-0.806164
-1.128111
-0.659413
-0.355294
-0.407322
-0.258042
-0.622890
-0.947594
-0.769134
1.606651
1.470386
-0.454383
0.163333
1.546583
0.600449
-1.175362
-0.950541
0.489079
0.747123
1.229726
0.282073
-1.217903
0.486864
0.579311
-1.095977
-0.362424
-1.173764
-0.421117
-0.111479
-1.237387
-0.365694
-0.697472
-0.267086
0.524371
0.275644
0.023803
0.513265
0.468248
-0.763372
-0.455999
-0.696604
0.068117
0.457664
0.436371
0.554204
1.711482
1.446324
0.364036
-0.127695
0.172060
0.820804
1.537720
-0.379300
-0.346764
0.593888
-0.305519
0.268717
0.346818
-1.168198
-0.444847
-0.775433
-0.595696
-0.153001
-0.558446
-0.010296
0.265783
-0.773210
0.157516
0.496086
0.146867
0.102171
-1.089932
-0.982071
1.487207
2.237209
0.890250
0.396674
-0.578277
0.504665
1.852974
0.858092
0.331176
-1.032697
-1.215534
0.006741
0.252275
0.261295
-0.372886
-0.907760
-0.221996
0.397295
0.393397
-0.889300
-1.350697
-0.342272
2.024132
2.012240
1.025535
-1.002522
-0.044776
0.646529
-0.029588
-0.057074
-0.010412
-0.299242
-0.080601
0.676771
0.021814
0.403907
0.933509
-0.704652
-0.349812
0.113092
-0.032773
-0.460874
-1.244068
0.067615
0.265507
-0.878129
-0.433299
0.157527
-0.206396
-0.578198
-0.680417
-1.510413
-1.759756
-1.654724
-1.703042
-1.094788
-1.611412
-1.548320
-0.868739
-2.333692
-3.240608
0.041199
0.948203
-1.335176
-1.463620
-0.782325
-1.678312
-0.986525
-0.476039
-0.811311
-1.471504
-1.878231
-2.121038
-0.484958
0.557254
0.383195
-0.528934
-0.846572
0.205645
0.149397
-0.089136
0.099597
-0.209899
-0.474936
0.413240
-0.059623
-1.153144
-0.278529
0.629136
-0.829953
-0.842465
-0.523589
0.212002
0.899135
0.818638
0.096504
-0.831193
0.814117
0.995277
1.395433
1.417185
0.372756
-0.683834
-0.781856
0.924434
1.174655
0.698661
1.170747
-0.560541
0.604056
1.763396
0.530574
-0.843884
0.114242
0.478141
-0.056559
0.213941
1.299548
1.055443
0.056021
0.084762
-0.509212
0.417308
-0.028714
0.157707
0.294841
0.891203
1.991952
1.522661
-0.234520
0.410863
0.397661
0.165067
0.056032
1.674322
2.843648
1.255831
-0.246620
-0.306412
-0.455636
-0.642296
0.304929
0.450993
0.076805
-0.299749
0.507754
-0.124607
0.567102
1.203587
0.842452
0.736480
-0.055295
0.456481
1.019106
1.216730
2.287297
1.280550
-0.958546
-1.091869
0.997702
2.417397
1.864916
0.745567
0.421315
-0.472585
-0.048520
-0.403344
0.407647
-1.291962
-0.727307
1.140654
0.695136
0.428299
0.472451
0.412525
0.346254
-0.358946
-0.865692
-0.099253
0.363140
0.228075
-0.646114
-1.286804
0.172875
0.276771
0.265208
1.648284
1.068821
-0.137236
1.251408
1.913746
1.179109
-0.431158
-0.965930
-1.069838
-0.395853
0.748626
1.339160
0.463352
-0.768133
-0.503823
0.169012
0.851358
0.694491
0.953744
0.472185
-0.791699
-1.417626
-1.403417
-0.074662
0.778951
-0.916935
-1.220520
-1.081607
-0.290080
0.635429
0.492621
-0.446629
0.730199
-0.130795
-2.569978
-1.194984
-0.006988
-0.214367
-0.131857
-1.743379
-1.022200
-0.548934
-0.298540
-0.361743
-0.031298
-0.132239
0.026668
1.046087
0.517012
-0.585287
-1.389861
-2.470704
-0.619678
0.458433
-0.125759
-0.578986
-1.421645
-0.998733
-2.970132
-1.943860
-0.435622
-0.930570
-0.990488
-1.364036
-1.539157
-2.164827
-0.101620
1.255878
0.224790
-1.063905
-2.093081
0.597327
1.356296
0.506904
0.433412
-0.892319
-0.728397
-0.514877
-0.878358
0.524565
1.129704
0.147504
-0.674270
