-0.607493
-0.537352
-1.000390
-0.994541
-1.094450
-1.737445
-2.200302
-1.167192
-0.018920
-0.290042
-0.136323
0.245753
-0.108324
-1.305094
-0.989005
-0.900876
-0.751394
-1.179160
-1.546971
-1.186371
-1.218321
-1.451984
-0.652375
-0.126864
0.063872
-0.034668
0.120241
-0.212491
-1.653143
-1.352870
-2.082977
-2.512998
-2.443459
-2.083524
-1.298637
-1.044894
-1.690306
-1.075097
-0.230520
-0.397360
-0.535863
-0.601927
-0.344053
-0.725949
-0.847395
-1.663387
-1.979492
-1.839539
-1.173169
-0.943872
-0.621628
-0.246540
-0.823879
-1.765730
-1.559272
-0.434822
0.180293
0.248832
0.154842
-0.318398
-0.351687
-0.192888
-0.644696
0.386629
0.102587
-0.834204
-0.324543
-0.213079
-0.984413
-1.022473
-0.419830
-0.827946
-0.451433
0.282106
0.132271
-0.586598
-0.622128
-0.561078
-0.459808
-0.649127
-0.005139
-0.115673
-0.631590
-0.620367
0.349272
0.215868
-0.708907
-0.745075
0.377769
0.161900
0.449012
0.335831
0.308431
0.506851
0.622567
0.624739
0.407141
0.552349
0.940819
1.415570
0.733332
0.019740
0.077662
0.215059
0.265161
0.579789
1.022111
0.354663
-0.433017
-0.936670
-0.511795
-1.013046
-0.323772
0.061180
0.425559
1.454080
0.785347
-0.082392
-0.244798
-0.464938
-0.430749
-0.160624
0.116855
0.418159
0.536554
-0.006300
-0.392995
0.617387
0.278555
-0.681418
-1.471382
-1.354408
-0.474298
0.045020
-0.077659
-0.789161
-0.629556
-1.073984
-0.997068
-0.926708
-0.975109
-1.040772
-1.080188
-1.537647
-1.771217
-1.434224
-0.838364
-0.726080
-1.719565
-1.888019
-1.455702
-0.788499
-1.019819
-1.445486
-1.424503
-1.597795
-1.561492
-1.837822
-1.984565
-1.338778
-1.509678
-1.449012
-1.005228
-0.568377
-0.707961
-1.335263
-1.047397
-1.579014
-2.312033
-1.982366
-1.002772
0.027975
-0.501705
-1.059774
-0.400734
0.140586
0.906199
0.896942
0.872562
-0.382965
-0.744467
-1.351143
-1.422038
-0.180146
0.443413
0.004841
-0.630999
-0.387904
-0.193875
-0.174396
-0.350993
0.459735
0.277023
0.382511
0.535289
0.735022
0.287462
0.006557
-0.591401
-0.738401
-0.393420
-1.008487
-1.400703
-2.012462
-1.773608
-0.365029
0.804656
0.872945
0.856462
0.844380
0.629157
0.009422
-0.743888
-1.395765
-1.490868
-1.643290
-2.131303
-1.040165
-1.757165
-1.574422
-0.144094
0.650455
1.709558
1.882577
1.978868
1.860506
1.343894
0.972474
0.195021
-0.380805
-0.610484
-0.755333
-0.552934
-0.412763
0.262502
-0.225519
-0.577710
-0.310986
0.809982
1.027514
0.928717
0.602790
-0.083330
-0.263233
-0.025346
-0.381746
-0.669250
0.212274
0.954125
0.976190
0.262441
-0.183565
-0.931863
-0.779474
-0.360704
-0.040235
-0.492595
-0.464967
-0.692529
-0.624056
-0.154116
-0.047390
0.321175
1.387832
1.842856
1.779843
2.000629
1.555899
1.662421
1.337194
2.101071
2.107033
1.538195
0.245567
0.072830
0.280341
0.352757
0.005059
0.156078
0.915835
1.554023
2.007890
1.569941
2.038367
2.891040
2.897765
2.584062
3.217614
3.367044
2.777165
1.764659
2.074053
2.295315
2.540563
2.669791
2.694599
2.372649
0.723679
0.571869
0.810265
0.941859
1.359672
1.772621
2.620881
2.112171
1.301663
1.267590
1.098091
0.555656
0.616990
0.390273
0.251199
0.233217
0.655294
0.933326
1.424423
1.427178
1.618629
1.459326
1.648284
1.232119
0.158399
-0.425331
0.104912
0.423002
0.755845
0.632154
0.435027
0.547792
0.762424
0.562133
0.052133
-0.094705
-0.236346
0.133667
0.667544
0.486026
0.526090
0.288695
-0.955378
-1.397452
-0.908730
-0.144197
0.122707
0.477181
0.581040
0.545111
1.144653
0.982498
0.465801
-0.109296
-0.204535
0.379255
0.797227
0.676985
0.505893
0.769132
0.840530
1.629507
1.769626
0.754448
0.202118
0.589435
0.341037
-0.107181
-0.514808
-0.359516
-0.778249
-0.719307
0.000679
0.429937
0.286753
0.876876
0.945637
0.576362
0.360534
0.341172
0.252907
-0.578759
-0.877112
-0.398607
-0.396201
-0.156764
0.045960
0.207327
-0.445028
-0.948912
-0.673101
-1.253756
-1.455068
-1.244111
-0.579979
0.456464
0.674975
1.238694
1.460628
1.788049
1.063743
0.505025
0.931186
1.477594
0.488996
-0.224278
-1.238663
-1.111095
-0.157618
0.186430
0.648903
1.627926
2.657069
2.697062
2.926713
2.919979
2.515190
1.326453
1.188052
1.600626
1.756232
1.936124
1.763722
1.317965
0.638321
-0.352890
-0.708450
-1.057689
-0.786562
-0.109107
0.554333
1.393322
1.614815
1.204876
0.557638
-0.340132
-2.006861
-2.341208
-2.030865
-1.523580
-0.034886
0.140175
-0.066885
-0.027205
-0.413554
-1.074115
-0.701337
-0.543770
-0.688421
-0.395112
0.139504
0.496400
1.059303
0.876835
-0.121002
-0.868076
-0.977873
-0.375450
0.675052
1.647068
0.774226
0.640209
1.155763
0.976201
0.348869
-0.277171
-0.305392
0.600702
1.266149
1.383142
0.979176
1.228525
1.106117
0.709429
0.670304
0.606285
1.097044
-0.147740
-0.331274
0.762219
0.445121
0.201971
0.603177
0.642792
0.178834
-0.161488
-0.472204
-0.314199
0.367547
0.525127
0.101481
0.646335
0.437678
-0.416566
-1.257146
-1.952069
-2.086603
-1.180701
-0.953253
-0.944110
-0.525162
-0.247526
0.279331
1.189069
1.632341
1.473820
1.264782
0.809368
0.303080
0.523721
0.499650
0.512055
1.154877
0.925906
0.845782
0.473717
0.420321
0.333718
-0.296070
-0.239340
0.379323
1.083708
0.910349
1.063395
1.538277
1.218956
0.515637
0.451055
-0.201794
-0.223296
0.072465
0.641627
0.283531
0.218335
0.141522
0.246171
0.078646
-0.775695
-0.666114
0.103675
1.357534
2.153494
2.338655
2.236053
2.083825
0.790464
-0.066081
-0.375147
0.455735
0.458599
0.411033
1.093163
1.247651
0.297012
-0.079985
-0.439013
-0.889567
-0.648209
-0.869306
-0.480527
-0.334077
0.887465
0.799590
1.124334
1.607215
1.172110
0.926880
0.428229
0.218085
-0.136329
-0.503847
-0.782935
-0.833372
0.138380
0.711187
0.257722
0.445696
0.459349
1.080403
1.370548
1.747722
1.622294
1.732161
1.943043
1.523771
1.328247
0.742701
0.683286
0.613990
0.975874
0.683264
-0.585794
-1.648986
-0.920601
-0.306249
-0.164458
0.060719
0.562957
0.525215
-0.171049
-0.436655
-0.886791
-0.355309
0.170173
0.308007
-0.360223
-0.569819
0.394491
0.731068
0.390424
0.641367
0.594829
0.505958
0.951988
0.566427
0.374275
0.332674
-0.134186
-1.156731
-1.037583
-1.042279
-0.589713
0.135708
0.872946
0.192798
0.162936
-0.791550
-1.198554
-0.967241
-0.422169
-1.067477
-0.913740
-0.410288
-0.249804
-0.009172
-0.141420
0.295228
0.408675
-1.106927
-2.197177
-1.193228
-0.690182
-0.762180
-1.006319
-0.936503
-1.976560
-2.296465
-1.432839
-0.332256
-0.184986
-0.845730
-0.961993
-0.426331
-0.677562
-1.235925
-0.776312
-0.641955
-0.225060
-0.397643
-0.569415
-1.094131
-1.137119
-0.820374
-0.416543
-0.307638
-0.375384
0.064810
-0.818841
-1.175335
-0.729273
-0.085849
0.637292
1.541205
1.391566
0.635128
-0.137563
-0.146633
0.331854
0.840379
0.211847
-0.232487
-0.669037
-0.631315
0.026349
0.021737
-0.019501
-0.243529
0.533065
0.704248
0.696283
0.574577
0.049944
-0.668996
-1.119448
-1.234207
-0.695898
0.153973
0.247675
-0.638531
-0.823719
0.208541
-0.134726
-0.334180
-1.147350
-0.593676
0.039907
-0.295168
-0.493007
-0.294522
-1.276536
-1.611961
-1.444041
-1.303491
-1.699448
-1.727947
-0.414627
-0.084022
-0.386347
-0.908041
-0.902044
-1.473051
-1.331227
-1.258810
-0.206294
-0.741569
-1.078494
-1.051832
-0.506861
-0.243611
-0.638950
-0.540001
0.295355
0.728020
-0.547974
-1.274974
-1.429453
-1.569425
-0.701807
-0.437114
-0.493616
-0.594761
-1.118429
-1.388066
-0.942693
-0.288515
-0.512174
0.028989
0.854231
0.486748
0.835359
0.300277
-0.129683
-0.056874
0.605214
0.512613
0.078199
0.247111
1.598051
1.250328
0.720452
0.845631
0.246525
-0.293247
-0.231288
0.255705
0.588930
1.107985
1.726585
1.740959
0.528437
-0.228663
-1.047961
-1.863453
-1.839524
-0.397057
0.997319
1.356076
0.367333
-0.853581
-0.970945
-0.859952
0.009946
-0.078487
0.411496
0.729022
0.333171
-0.513622
-1.157332
-1.119251
-1.561495
-0.953515
-0.653854
-0.930905
-1.186441
-1.223015
-0.030409
0.631996
0.794844
0.301572
-0.199405
-0.298835
-0.481788
0.261866
0.614817
0.071976
-0.556080
-0.731800
-0.754724
-0.506680
-0.120585
-0.126704
-0.444977
-0.139381
0.238575
-0.069200
-0.440314
-0.785829
-0.559616
-0.837411
-0.414907
-0.401365
-0.090017
0.161041
0.722814
1.287848
0.999419
0.403320
-0.667498
-1.550748
-1.696304
-1.481327
-2.320125
-0.972089
0.144206
1.401173
2.257186
1.572388
0.935371
-0.040592
-0.490285
-0.423274
-1.078840
-1.771930
-1.319919
-1.860542
-1.678336
-1.414327
-0.473310
0.180870
0.977095
1.043054
1.660995
1.480371
0.739546
0.777469
1.329042
1.125331
0.329107
-0.313410
-0.574311
0.398770
0.978016
1.455035
0.820097
0.271822
0.174293
0.879276
1.194666
1.011703
0.859690
0.050743
-1.075731
-0.673888
-0.722449
-0.192154
1.072993
0.959730
0.804466
0.736293
0.971450
1.010513
0.476881
-0.820287
-1.244974
-0.878677
0.376549
-0.284062
-0.861453
-0.170477
0.038824
-0.051687
-0.543141
-0.591263
-0.519183
-0.073678
0.238353
1.129527
0.912539
0.647176
0.187324
-0.349101
-0.594411
-0.165505
0.850299
-0.085032
0.034823
0.819954
1.075580
1.686916
2.086458
1.199637
0.319126
-0.212315
-0.569524
-0.932855
-0.562686
-0.289140
-0.137863
0.370379
0.872767
1.319946
0.799677
0.379384
-0.425495
-1.069839
-0.970510
-0.390593
0.505018
0.886894
0.084134
-0.303364
0.170695
0.005447
-0.784687
-1.097038
-0.861967
-0.629677
-0.798631
-1.011106
-1.090256
-0.308347
0.922052
0.986753
1.496987
1.329256
1.091637
-0.068745
-0.644032
-0.119120
-0.599236
-0.621988
-0.967513
-1.027877
-0.724501
-0.505187
-0.817719
0.007563
1.039662
1.196765
1.101213
1.598683
1.050422
-0.387316
-1.169277
-0.949240
-0.195153
0.419769
1.211155
1.995464
2.302529
0.843898
-0.087938
-0.505439
-0.490146
-0.989190
-1.170643
-1.707213
-1.121109
-0.743091
-0.200612
0.354381
0.948779
1.185995
0.333060
-0.711519
-0.935540
-2.203909
-2.727161
-2.981537
-2.789498
-1.409003
-0.571214
-0.071039
0.196280
0.367439
0.310641
-0.281132
-0.689929
-0.596287
-0.453806
0.148439
0.044018
-0.499883
-0.787059
-0.617174
0.337607
0.483300
0.744170
0.298083
0.088606
-0.030171
0.403054
0.355455
0.840385
1.324214
1.312974
1.085285
0.460471
0.461474
-0.153069
-0.383508
-0.529312
0.217365
1.392386
0.544524
-0.491460
0.331745
