0.874562
1.591019
2.193593
2.433656
2.482795
2.305764
2.127705
1.846517
1.614829
0.995224
0.138943
-0.279736
-0.387931
-0.508157
-0.603017
-0.594902
-0.735264
-0.495926
0.183445
0.807490
1.085243
1.164669
1.121417
0.880730
0.868134
0.848973
0.732621
0.686200
0.186298
-0.157812
-0.388395
-0.505640
-0.333365
-0.201163
-0.221131
-0.302270
-0.323101
-0.252781
-0.251010
-0.001334
0.083742
0.064954
-0.039032
0.090726
0.190480
0.216920
0.233476
0.084753
-0.023932
0.199513
0.621072
1.252150
1.800290
1.947504
1.635298
1.656036
1.887549
1.642911
1.546263
1.183483
0.910725
0.670784
0.638959
0.556999
0.601500
0.712325
0.647277
0.613863
0.799503
0.815883
0.922085
0.702200
0.345271
0.195823
0.128630
-0.124488
-0.231055
-0.351285
-0.581443
-0.917646
-0.769840
-0.809350
-1.012460
-0.916606
-0.887345
-1.094201
-1.080439
-0.657329
-0.287547
-0.536426
-0.424401
-0.025975
0.094938
0.023783
0.174270
-0.140754
-0.535555
-0.279560
-0.017225
0.209557
0.286795
0.259791
0.393646
0.624278
0.899194
1.209594
1.400071
1.323329
1.412991
1.408773
1.204255
0.719712
0.256525
-0.416698
-0.859571
-1.083572
-1.252460
-1.506389
-1.833740
-1.735751
-1.845329
-1.839813
-1.743895
-1.512042
-1.179923
-0.744952
-0.596667
-0.465367
-0.349897
-0.150526
-0.280966
-0.185932
-0.190951
-0.341773
-0.685015
-0.922874
-0.767581
-0.675330
-0.675061
-0.547039
-0.375687
-0.244235
-0.545075
-0.743995
-0.683971
-0.644354
-0.678992
-0.632841
-0.725713
-0.654708
-0.543881
-0.330888
-0.176682
-0.068658
-0.032033
0.017732
0.153964
0.320245
0.388938
0.335944
0.261797
0.193414
0.150028
0.118201
0.210909
0.217631
0.430415
0.509084
0.354341
0.186586
0.358398
0.717722
1.000158
1.195342
1.205846
1.321171
1.390980
1.421947
1.419089
1.103323
0.876655
0.532375
0.508928
0.203961
0.001559
-0.360821
-0.586883
-0.472492
-0.553814
-0.222893
0.215389
0.233422
0.093528
0.305495
0.252944
0.261458
0.158182
0.093851
-0.406005
-0.890660
-0.941451
-0.850881
-0.935533
-0.820566
-0.728279
-0.751285
-0.921558
-0.943691
-0.872021
-1.143114
-1.288186
-1.268875
-0.925575
-0.895699
-0.687391
-0.439956
-0.224033
0.431681
0.953100
1.001291
1.257292
1.227668
1.019739
0.994466
0.883212
0.735216
0.598152
0.507998
0.309199
0.233568
0.060968
-0.271567
-0.435548
-0.389690
-0.296840
-0.369784
-0.506321
-0.521822
-0.353612
-0.474964
-0.199417
0.011747
-0.106166
-0.338843
-0.305964
-0.412338
-0.329293
-0.279095
-0.353852
-0.279221
-0.210002
-0.067083
-0.258310
-0.397002
-0.147233
-0.170308
-0.025672
0.087701
0.353961
0.527222
0.548749
0.511675
0.134617
-0.235588
-0.618471
-0.939334
-1.234845
-1.336299
-1.188955
-1.311950
-1.131446
-0.760128
-0.255911
0.232269
0.291791
0.497426
0.562002
0.627466
0.915955
0.657105
0.495069
0.388248
0.383266
0.160087
0.030535
-0.000320
0.120803
0.345654
0.751636
1.376744
1.434744
1.281737
1.139254
0.781199
0.363438
0.139289
0.250270
0.105568
-0.243677
-0.747052
-1.012383
-1.397996
-1.427375
-1.149675
-1.029436
-0.776130
-0.160726
0.298845
0.615298
1.023889
1.171672
1.234023
0.880764
0.592559
0.205626
-0.345132
-0.788563
-1.242847
-1.427460
-1.550047
-1.855183
-2.098334
-2.436013
-2.355153
-2.147337
-1.962885
-1.859258
-1.601216
-1.138317
-1.132287
-0.790959
-0.421232
0.317176
0.756101
1.317083
1.809058
2.430924
2.758991
2.877962
2.645280
2.059499
1.453711
1.067083
0.770847
0.391797
0.167936
0.129715
0.355653
0.539841
0.346007
0.437939
0.319763
0.146799
0.274687
0.651562
0.950691
1.487770
2.002136
2.161960
2.485719
2.678153
2.608021
2.459419
2.217195
2.328396
2.143579
1.373316
0.569688
-0.103271
-1.095449
-1.808496
-2.410156
-2.763004
-3.059603
-3.337568
-3.452501
-3.192522
-3.223902
-3.182705
-2.663913
-2.230218
-1.637929
-0.836479
-0.202808
0.316777
0.724299
0.853307
0.712162
0.498552
0.234837
-0.268074
-0.795759
-0.687726
-0.499710
-0.672100
-1.041422
-1.046080
-1.179654
-1.523382
-1.506728
-1.356139
-1.293971
-0.685842
-0.348283
-0.097333
0.223599
0.304686
0.363404
0.305443
0.301171
0.079908
0.027288
-0.026940
-0.016178
0.258981
0.248645
0.412639
0.682383
0.679125
0.797386
0.942379
1.297923
1.655116
1.760763
1.684245
1.544820
1.465089
1.444240
1.329320
0.909250
0.423082
0.415743
0.402214
0.786853
0.942817
1.157147
1.382561
1.339295
1.133589
0.967152
0.716932
0.652992
0.454800
0.183187
0.002520
-0.243714
-0.490987
-0.520793
-0.675494
-0.767413
-0.833852
-0.502988
-0.204438
0.103979
0.334076
0.530945
0.494456
0.436199
0.422932
0.486878
0.349308
-0.113489
-0.279491
-0.639101
-1.158517
-1.488561
-1.940644
-2.164798
-2.195389
-2.241810
-2.541444
-2.510789
-2.244803
-1.793281
-1.239151
-0.897226
-0.690767
-0.491170
-0.436401
-0.246469
0.109669
0.584644
0.943924
0.989807
0.762238
0.360666
0.317816
0.648092
0.880449
1.024233
1.133260
1.049938
0.802916
0.237494
-0.480387
-0.876027
-1.094596
-1.192566
-1.436551
-1.472507
-1.500876
-1.532931
-1.454016
-1.209314
-0.327685
0.293665
0.302462
0.480499
0.638641
0.691194
0.667666
0.437990
0.241301
0.232944
0.106980
0.157671
0.019462
-0.081876
-0.114400
0.153513
0.406280
0.620413
0.845457
1.025483
1.040688
1.055982
1.328856
1.564261
1.596100
1.642027
1.827112
1.911123
1.501979
1.255246
1.029535
0.437312
-0.333398
-0.734856
-0.875811
-0.874183
-1.019989
-0.988480
-1.210072
-1.554286
-1.950044
-2.158283
-2.037963
-2.103772
-1.868859
-1.437250
-1.120609
-0.757726
-0.447659
-0.316982
-0.262972
-0.450589
-0.790622
-0.889755
-1.147910
-1.242607
-1.447873
-1.865436
-2.060838
-2.326856
-2.331221
-2.539596
-2.703004
-2.631727
-2.476082
-2.190445
-1.979824
-1.523525
-0.727791
0.128422
0.510118
1.141557
1.995377
2.257282
2.139541
2.428328
2.491031
2.364145
2.349808
2.441786
2.584709
2.314066
2.215397
2.246863
2.107746
2.052665
1.960277
1.986594
1.805010
1.499440
1.278911
1.108203
0.844795
0.705680
0.585006
0.647820
0.639698
0.747413
0.703138
0.694187
0.841698
0.841458
0.793516
0.440577
0.274257
0.193663
0.037727
-0.230053
-0.357758
-0.343185
-0.348005
-0.264121
-0.228325
-0.596937
-0.808722
-0.969876
-1.240516
-1.178888
-0.920235
-0.854349
-0.662226
-0.777817
-0.755672
-0.965033
-1.066232
-0.841891
-0.658384
-0.259029
-0.028718
0.077340
0.297910
0.313335
0.347399
0.385870
0.272453
0.092224
-0.113005
-0.586462
-0.975302
-0.987978
-1.078673
-1.062811
-0.971914
-0.887479
-0.505527
-0.282497
-0.466282
-0.627497
-0.410053
-0.042294
0.155036
0.700536
0.779823
0.873715
0.750559
0.833539
0.657579
0.376668
0.041536
-0.201541
-0.072956
0.281272
0.327418
0.243240
0.371737
0.357980
0.243913
0.429172
0.536357
0.222231
-0.165630
-0.544126
-0.819040
-0.887738
-0.772613
-0.556435
-0.574172
-0.529465
-0.333150
-0.156775
0.120903
0.106270
0.156505
-0.111921
-0.349092
-0.198630
-0.101734
-0.176843
-0.014478
-0.125617
-0.285275
-0.268955
-0.363292
-0.358271
-0.556297
-0.635614
-0.542894
-0.406809
-0.408755
-0.399862
-0.550027
-0.405706
-0.487320
-0.315217
-0.057392
0.189867
0.606916
0.578242
0.728441
0.907883
1.133110
1.455951
1.579497
1.289988
0.863519
0.580160
0.139547
-0.384409
-0.744513
-1.220677
-1.559850
-1.436304
-1.500586
-1.440934
-1.393735
-1.181127
-0.704844
-0.039864
-0.112791
-0.006474
0.216156
0.185710
0.458224
0.534479
0.522387
0.619609
0.458217
0.543401
0.858290
1.063670
1.009189
0.939006
0.623132
0.342973
-0.314738
-0.858691
-1.284372
-1.752800
-1.878160
-1.950314
-1.631338
-1.029527
-0.542112
-0.176286
0.073261
0.250872
0.223038
0.591202
0.686053
0.668951
0.650257
0.753102
0.807320
0.906547
0.485205
0.112354
-0.234899
-0.425197
-0.710020
-0.857178
-0.940226
-0.735637
-0.629792
-0.556075
-0.562821
-0.972919
-0.782290
-0.557257
-0.159724
0.195530
0.566414
0.862053
1.059407
1.395937
1.354382
1.393038
1.102064
0.721022
0.211803
-0.248326
-0.327864
-0.546455
-0.300308
-0.394839
-0.507902
-0.247541
0.025934
0.240711
0.669600
0.888440
0.918647
1.210080
1.247822
1.265566
1.000378
0.661418
0.376442
0.030951
-0.324175
-0.592323
-0.775840
-1.340327
-1.462038
-1.592706
-1.517650
-1.769294
-1.813855
-1.815056
-1.820657
-1.671027
-1.317742
-0.988095
-0.546996
-0.253976
0.025614
0.143742
0.301169
0.583252
0.689798
0.474040
0.243621
0.060411
0.051067
0.085090
-0.012426
0.058186
0.294606
0.181664
-0.021626
-0.040570
0.043531
0.292762
0.723531
0.782205
0.855668
0.961325
1.018352
1.132604
1.099081
1.061633
0.595946
0.274272
0.230215
0.213833
0.147477
-0.023856
-0.069557
0.008879
-0.087699
0.072235
0.044950
-0.133942
-0.453128
-0.863110
-0.881229
-1.192980
-1.285462
-1.216037
-1.052159
-0.988939
-0.671715
-0.062549
0.434933
0.710460
0.924582
1.128463
1.233100
1.321683
1.129670
1.103593
0.744075
0.144844
0.155899
0.116930
-0.133335
-0.096786
0.017548
-0.085026
-0.175633
-0.463063
-0.553904
-0.396951
-0.367813
-0.299192
-0.244597
-0.064124
0.036261
-0.159985
-0.195117
-0.235708
-0.361755
-0.538359
-0.436170
0.103980
0.158851
0.289409
0.149359
0.149048
0.303711
0.448664
0.325392
0.046315
-0.170439
-0.588419
-0.693629
-0.546716
-0.437516
-0.229118
-0.187669
0.017695
0.204222
0.219731
0.371607
0.428655
0.459875
0.308709
0.150656
-0.022362
-0.335109
-0.178580
-0.299685
-0.491789
-0.579871
-0.591989
-0.731879
-0.647477
-0.720243
-0.899000
-1.210260
-1.265138
-1.081936
-1.085141
-1.160884
-1.307945
-1.130260
-0.887958
-0.949425
-0.979483
-0.738063
-0.143094
0.317284
0.417792
0.441227
0.594958
0.598296
0.376902
0.339635
0.396967
0.452992
0.648230
0.568159
0.459771
0.186855
-0.094764
-0.411796
-0.339625
0.106013
0.253076
0.383559
0.398553
0.431288
0.878727
1.395289
1.742831
2.069376
2.036029
1.688374
1.454947
1.216331
0.761520
0.544275
0.506318
0.513169
0.478450
0.456227
0.387029
0.335116
0.122184
0.255056
0.337768
0.164619
-0.059663
-0.073409
-0.133873
-0.475793
-0.489754
-0.343224
-0.595732
-0.414494
-0.645281
-0.852099
-0.943223
-0.827062
-0.750555
-0.470708
-0.340188
0.099185
0.433271
0.572287
0.872812
0.964200
0.820015
0.715156
0.546800
0.317734
-0.094369
-0.364218
-0.361369
-0.476806
-0.394549
