-0.405839
-0.626418
-1.003341
-1.238514
-1.131386
-0.848258
-1.053563
-1.058774
-1.095949
-0.801575
-0.199900
-0.031181
0.304400
0.352151
0.419225
0.704079
0.597151
0.431141
0.391345
-0.247966
-0.593708
-0.393854
-0.705446
-0.749507
-1.037717
-1.400716
-1.280327
-0.758325
-0.512143
-0.216964
-0.044285
0.284403
0.624613
0.655685
0.501142
0.927014
1.050498
0.964694
1.175063
1.156282
0.663728
0.370744
0.500526
0.251038
-0.230306
-0.349502
-0.336891
-0.380517
-0.741985
-0.780775
-1.086626
-1.372254
-1.720993
-1.817871
-1.498353
-1.343180
-1.027494
-0.795849
-0.799860
-0.518862
-0.447935
-0.073415
0.111347
0.118576
0.152477
0.445867
0.674991
0.719259
0.999984
1.221490
1.163020
0.786526
0.514619
0.470433
0.279920
0.296064
0.214917
-0.433976
-0.470007
-0.168840
-0.056170
-0.086340
-0.240999
-0.237629
-0.285061
-0.163951
-0.292800
-0.806496
-0.803474
-0.714391
-0.907729
-0.952517
-1.487436
-1.541635
-1.775353
-1.945694
-1.967732
-2.260442
-2.199913
-2.236127
-2.386279
-2.337198
-1.956584
-1.711193
-1.432109
-1.265298
-1.120171
-1.108981
-1.249710
-1.322590
-1.130062
-0.802455
-0.319334
0.073487
0.293448
0.749834
1.387474
1.681737
1.989717
1.924990
1.980889
2.194047
2.336770
2.374091
2.000162
1.704443
1.329773
0.942092
0.821051
1.042627
1.221937
1.503312
1.847832
2.081281
2.377129
2.474605
2.592893
2.593447
2.315044
2.203545
2.125054
1.946587
1.647698
1.496202
1.123868
0.945050
0.500701
0.187501
0.186386
0.240487
0.324971
0.417528
1.092360
1.105002
0.784501
1.031439
1.344247
1.610296
1.523180
1.273839
0.869066
0.607937
0.574886
0.271975
-0.005745
-0.209622
-0.813872
-1.241605
-1.359495
-1.278308
-1.077733
-1.361328
-1.564151
-1.694138
-1.755788
-1.668004
-1.963154
-2.357546
-2.220419
-1.833961
-2.006637
-1.711483
-1.172100
-0.916684
-0.443900
0.185720
0.431516
0.239988
-0.239932
-0.266515
-0.838318
-0.963956
-1.000862
-1.118035
-1.088458
-1.012229
-1.021274
-0.443257
0.151327
0.339430
0.718769
1.275431
1.210943
0.810868
0.811442
0.515273
0.037277
-0.049307
-0.482343
-0.619281
-0.451048
-0.366685
-0.174880
-0.152121
-0.132735
0.404107
0.220259
0.301780
0.350688
0.248026
0.303750
0.211517
0.262143
0.033792
-0.329562
-0.372661
-0.755763
-0.754734
-0.975874
-1.103148
-1.234636
-1.348637
-1.682557
-1.647664
-1.646597
-1.423451
-1.109440
-0.494268
0.191240
0.238112
0.378323
0.608897
0.937053
1.247504
1.202886
0.703838
0.418722
0.456971
0.469672
0.456881
0.439918
0.966811
1.099856
0.854839
0.627110
0.888203
1.207351
1.502752
1.148247
0.722901
1.017993
1.268372
1.120497
1.186783
1.313106
1.347336
1.261561
1.114622
0.948190
0.854527
0.295324
-0.048843
-0.570418
-0.546845
-0.153134
-0.135806
0.192053
0.381263
0.531397
0.473451
0.001752
0.129332
-0.083476
-0.183793
-0.073481
-0.096992
-0.074382
-0.181760
-0.290493
-0.441287
-0.466769
-0.444032
-0.761541
-1.034335
-0.864888
-0.826668
-1.229750
-1.061355
-0.630721
-0.456850
-0.310642
0.022586
0.209247
0.351147
0.582077
0.217675
-0.358522
-0.496091
-0.603383
-0.570748
-0.667193
-0.898336
-0.749488
-0.829689
-0.706445
-0.220333
0.347507
0.767788
0.696872
1.021468
1.694703
1.927453
1.739930
1.940834
2.377757
2.309317
2.248956
1.748801
1.265424
0.643029
0.276072
0.139677
-0.551800
-1.401793
-1.671118
-1.714313
-2.146263
-2.244671
-2.572022
-2.958306
-2.150536
-1.497383
-1.304211
-1.111888
-1.121929
-1.083467
-1.042944
-1.149519
-1.078834
-0.947840
-0.599156
-0.271157
-0.402886
-0.444836
-0.157738
-0.278213
-0.426366
-0.800897
-1.166786
-0.989853
-0.773540
-1.384326
-1.427865
-1.194395
-1.458026
-1.529112
-1.419281
-1.056134
-0.314754
0.044095
0.754914
1.829281
2.048115
2.170496
2.585751
2.985901
3.392909
3.438656
3.261084
2.959640
2.523716
2.417494
2.331372
1.838800
1.119948
0.594363
0.414033
0.585117
0.631344
0.709195
0.604698
0.690377
0.772670
0.706930
0.645298
0.851567
0.708708
0.188990
0.414772
0.148780
-0.433163
-0.734133
-0.967521
-0.989117
-1.146203
-1.528754
-1.606313
-1.491929
-1.396774
-1.330334
-0.802225
-0.493980
-0.395916
-0.109039
0.100543
0.232008
-0.061065
-0.134246
-0.206400
-0.534334
-0.702535
-1.267731
-1.692282
-1.751104
-1.739744
-1.636932
-1.697671
-1.643831
-1.452769
-1.145763
-0.471092
-0.267712
-0.417316
-0.124353
0.133792
-0.120928
-0.297559
-0.051831
0.070118
-0.195956
-0.247286
-0.226315
-0.237923
-0.166203
-0.164496
-0.073406
0.434876
0.481885
0.433678
0.711999
0.940057
0.843765
0.304860
0.191475
0.297090
0.238061
0.070929
-0.182456
-0.401562
-0.213536
-0.178948
0.025800
0.317365
0.740081
1.041042
1.207619
1.420571
1.807168
1.923168
1.957527
2.216900
2.309976
1.955177
1.881164
1.258309
0.752425
1.118698
0.992080
0.685500
0.621186
0.474473
-0.139038
-0.631650
-0.666390
-0.352089
-0.170324
0.145371
-0.090701
-0.540722
-0.779511
-1.253784
-1.456583
-1.435760
-1.239540
-0.950380
-0.903448
-0.721624
-0.517579
-0.285465
-0.173481
0.083586
0.546830
1.233971
1.072026
0.628974
0.823642
0.830322
0.269303
-0.028228
-0.615240
-1.190477
-1.504770
-1.445617
-1.660989
-1.756920
-1.648645
-1.475240
-1.273831
-0.601897
-0.606799
-0.483920
0.097240
0.268678
0.266447
0.417406
0.707736
0.845960
0.537516
0.213510
0.039471
0.110818
0.105166
0.002434
0.023499
0.199882
0.445388
0.903251
0.806453
0.350720
0.212616
0.380247
0.334599
0.583758
1.018231
1.413454
2.090796
2.461150
2.062629
1.823610
1.455707
1.209268
0.440714
-0.019773
-0.129236
-0.436421
-0.579349
-0.629360
-0.704880
-0.692516
-0.695075
-0.433394
-0.054826
0.075010
0.569018
0.705039
0.406952
0.073483
0.197427
0.106985
-0.302425
-0.350930
-0.491026
-0.790522
-0.904625
-0.822820
-0.968798
-1.711750
-1.860490
-1.671507
-1.799910
-1.612767
-1.291425
-1.093397
-1.232306
-1.123427
-1.120627
-1.056418
-1.241432
-1.417049
-1.180416
-0.832801
-0.812681
-0.742071
-0.417469
-0.306825
-0.088547
0.337819
0.301507
0.488249
0.814765
0.669289
0.472610
0.090572
0.153420
0.056795
-0.082742
-0.119276
0.099551
0.530156
0.956493
1.116323
1.191035
1.720723
1.801540
1.658536
1.234755
1.262003
1.399169
1.168173
0.975788
0.839223
0.886228
0.734926
0.854762
0.792095
0.495061
0.442265
0.631111
0.484323
0.655254
0.725384
0.611596
0.578063
0.171174
-0.148466
-0.206388
-0.180438
-0.151123
-0.167858
-0.026493
-0.322169
-0.264846
0.135618
0.195627
0.126500
0.138619
0.068533
0.063182
-0.063850
0.036388
-0.033952
-0.087101
-0.130457
-0.128967
-0.326979
-0.329400
-0.060029
0.150845
0.266058
0.189905
-0.013807
-0.227828
-0.413417
-0.250319
-0.082626
-0.021808
0.083013
-0.399140
-0.788914
-1.078080
-1.164941
-1.093455
-0.872490
-0.972467
-0.501599
-0.302261
-0.024014
0.062955
0.429352
0.942410
0.928871
0.684235
0.764136
0.619834
-0.004641
-0.224791
-0.604505
-0.669689
-0.711034
-0.805389
-0.661949
-0.301128
-0.247111
0.086227
0.243272
0.395043
0.532175
0.605674
0.454817
0.046055
0.047016
-0.127986
-0.547479
-0.610428
-0.794405
-1.032792
-0.955661
-0.824553
-0.976493
-0.857790
-0.749079
-0.492260
-0.168809
-0.171471
-0.069544
-0.171934
-0.008165
0.398297
0.770073
0.414905
0.357896
0.725101
0.868784
0.715025
0.735300
0.550760
0.362415
0.129250
-0.113473
-0.299838
-0.494362
-0.614788
-0.949030
-0.868031
-0.768061
-0.791283
-0.792687
-0.734616
-0.674115
-0.600084
-0.722991
-0.309787
-0.209243
-0.192111
0.045065
0.479249
0.865624
0.930906
0.987139
1.269466
1.572191
2.051307
1.955878
1.761536
1.238219
0.860629
0.535289
0.117299
-0.180271
-0.253973
-0.275176
-0.343039
-0.758473
-1.050173
-1.134038
-0.916409
-0.805430
-0.869143
-0.632788
-0.220156
0.351321
0.485023
0.546709
0.573942
0.719704
0.736171
1.165156
1.500015
1.425208
1.252127
1.327675
1.150768
0.756877
0.888207
0.543737
-0.067009
-0.892076
-1.123356
-1.433677
-1.822211
-1.834864
-1.846470
-1.607450
-1.261280
-0.834180
-0.443338
-0.395213
-0.606601
-0.623010
-0.772997
-1.261353
-1.097714
-1.119359
-1.300969
-1.138583
-1.264999
-1.096815
-0.525976
-0.170702
0.128477
0.468669
0.553811
0.701314
1.054375
0.984265
1.041873
1.088499
0.988991
0.767491
0.784772
0.820477
0.819541
0.676005
0.929313
0.989454
0.752874
0.810247
0.754792
0.619446
0.570125
0.202355
-0.140083
0.359124
0.264340
0.228181
0.367283
0.290498
0.386082
0.242124
0.017248
0.127687
-0.237029
-0.322230
-0.127677
0.006086
-0.082728
-0.172572
-0.058193
0.067402
0.147920
0.052003
0.208749
-0.513465
-0.402703
0.287556
0.530210
0.844964
1.111135
1.199959
0.860425
0.964957
1.024694
0.533125
0.306617
0.355469
0.149551
0.254741
0.569424
0.625287
0.596821
0.456702
0.509533
0.564710
0.543226
0.575918
0.482624
0.304271
-0.112842
-0.437442
-0.560798
-1.038364
-1.597962
-1.604863
-1.903408
-1.828944
-1.379765
-0.953312
-0.843666
-0.895021
-1.006475
-0.571050
0.186817
0.396470
0.595509
0.595972
0.576235
0.528773
0.302371
0.274231
0.133073
-0.069126
-0.218627
-0.315021
-0.554956
-0.372371
-0.228230
-0.359351
-0.435534
-0.602746
-0.851589
-0.818947
-0.958559
-1.328371
-1.009004
-0.336534
-0.131133
0.330753
0.500012
0.698542
0.671114
0.754303
0.773736
0.456967
0.404415
0.267819
-0.068711
0.047045
0.020781
0.044579
-0.209910
-0.539286
-0.740787
-0.421724
-0.023730
-0.185711
-0.123029
-0.190130
-0.687068
-0.793636
-0.102315
0.469254
1.029738
1.071292
0.890167
1.029738
1.027254
0.690923
0.509225
0.017592
-0.494484
-0.889711
-1.469968
-1.843340
-2.226128
-2.572072
-2.495504
-2.198973
-1.872876
-1.243352
-0.645605
-0.325687
-0.281981
-0.030323
0.118381
0.057418
0.253541
0.393892
0.388381
0.564905
0.201845
-0.085676
0.026357
0.334786
0.555236
0.649825
0.712006
0.408863
0.185916
0.086348
-0.008708
-0.134227
-0.660405
-0.772531
-0.422303
-0.169788
0.079967
0.433523
0.337408
0.599151
0.964418
1.412576
1.738027
1.560556
1.623624
1.840020
1.808508
1.937390
1.751982
1.630881
1.132483
1.244146
1.260778
0.980818
0.805004
0.508119
0.160056
0.109207
0.376497
0.241340
0.062104
0.187814
0.163657
-0.078785
-0.755525
-1.103887
-1.144097
-1.014931
-1.143222
-1.248079
-1.353000
-1.001200
-0.511373
0.027697
0.090359
