0.108082
0.413773
0.199426
0.055006
0.340240
0.499158
0.385107
-0.313482
-0.115380
-0.313356
-0.933192
-0.852326
-0.091725
1.187801
1.015353
0.819982
0.946069
1.204564
1.092148
1.473183
1.252795
0.747066
-0.157040
-0.061000
0.078948
-0.032105
-1.161103
-1.027699
-0.884874
-0.477804
0.854686
0.697971
0.711228
0.940291
1.179352
1.482432
1.537937
1.005242
1.310039
0.906176
0.288694
1.003428
0.044359
-0.540621
-0.249174
-0.001086
1.020547
1.366476
0.646153
0.683694
0.939162
0.581098
0.119732
0.514898
0.219038
-0.407427
-0.343720
-0.620284
0.321527
-0.618219
-0.975930
-0.565271
0.136521
-0.526276
-0.852904
-0.295039
-0.216186
-0.000338
0.312121
0.743454
0.127268
-0.258129
0.108006
0.266797
0.582753
-0.071160
-0.819356
-0.946030
-0.666066
-0.099910
1.043645
0.100855
-0.762589
-0.641942
-0.027017
0.136116
-0.574828
-0.821508
-0.743503
-1.020967
-0.599299
-0.600875
-0.970599
-1.399535
-1.290789
-1.158218
-0.086766
-0.288864
-0.099513
0.955167
1.050173
0.944390
1.436082
0.567713
0.038195
0.014826
-0.185076
-0.013573
0.158879
0.647316
0.103381
-0.190291
0.492679
1.073174
0.955118
0.788196
0.879626
0.972218
1.331365
1.397815
0.518418
0.500600
0.549349
0.322332
-0.111699
0.162323
-0.328931
-0.375859
-0.996766
-1.346666
-1.089657
-0.467454
-0.690893
-0.434092
-0.125013
0.085776
0.892657
0.312577
-0.665953
-0.181396
-0.232840
-0.081367
-0.569562
-0.762149
-0.790733
-0.490698
-0.228274
-0.857769
-1.292059
-1.256810
-1.036703
-1.014753
-0.417117
-0.596353
-0.729585
-0.341297
-0.411920
0.126302
-0.121460
-0.738556
0.139824
-0.155614
-0.103906
0.240207
-0.120365
-0.053004
-0.429681
-0.376982
-0.081929
-0.272514
-1.080004
-1.161844
-0.731840
-0.099706
0.361165
1.005237
1.281231
0.401112
0.729338
1.648104
1.961816
1.659226
1.278750
1.478960
1.286467
1.837803
0.830296
-0.067136
-0.264104
-0.863397
-0.528800
-1.121960
-2.230475
-2.573382
-2.544467
-2.592883
-2.383630
-2.130721
-2.424300
-1.875202
-0.517320
-0.240213
0.156739
1.075376
1.304311
1.210221
1.212723
1.490696
0.978105
0.664556
0.111411
-0.106296
-0.090607
-0.030419
0.020168
-0.709152
-0.962480
-0.706094
-0.044307
0.373171
0.867031
1.054851
1.175901
1.213709
1.624039
1.092582
0.677353
0.480183
0.083469
0.292946
-0.256984
-1.142441
-1.000672
-1.297683
-1.303252
-0.482492
-0.570456
-0.685746
0.021787
0.382036
0.772575
0.400863
0.614378
0.207669
0.162996
0.505279
0.550119
-0.070961
-0.430755
-0.327903
-0.296934
0.491041
0.007085
0.218313
0.964932
0.577477
1.356131
1.234944
0.248133
-0.158560
-0.505132
-0.900430
-0.137466
-1.396025
-2.120636
-1.478247
-1.193177
-0.388861
-1.202023
-1.183111
-0.031857
0.722562
1.085047
1.212730
1.437278
1.942664
1.959482
2.339113
2.717542
1.826200
1.308963
1.389671
0.698213
1.025587
-0.175797
-0.928218
-0.450501
-0.756877
-1.347727
-0.919387
-0.934939
-1.111573
-0.246368
-0.083327
0.365761
1.080614
0.540320
0.485629
1.304926
1.354623
1.419445
1.502496
0.410041
-0.344564
0.147089
-0.732155
-0.817771
-1.917533
-2.407961
-2.229676
-2.162252
-2.286974
-1.639618
-1.481118
-2.109645
-1.341095
-0.230221
1.176240
0.975898
0.269491
0.373605
0.999445
1.046964
0.513370
0.820429
0.924241
-0.137794
-0.162549
0.018281
-0.022599
0.365855
-0.015272
-0.653368
-1.257095
-1.402380
-1.557789
-1.307073
-1.943630
-2.415143
-1.766060
-0.806711
0.403519
0.118943
0.297977
1.357487
1.106976
0.693852
0.605072
0.340800
-0.247822
-0.649075
-0.997355
-1.078279
-1.166975
-1.927049
-1.555236
-0.697584
-0.091589
0.365993
0.790123
1.018064
0.715781
0.276967
1.029186
0.998676
0.776503
0.600604
0.052564
0.243000
0.841460
0.532961
0.724862
1.604004
1.036000
0.753365
1.572155
1.492713
1.561167
1.109512
0.396476
-0.841546
-1.463716
-1.601582
-1.611634
-1.458464
-1.586037
-1.474090
-0.866810
-0.549539
-1.102055
-1.145009
0.018570
-0.354565
-0.751216
-0.537491
-0.521245
-0.333674
0.047507
-0.295390
-0.318180
-0.025559
0.168107
0.170480
-0.382173
-0.056173
0.140287
0.334024
0.726037
0.690787
1.242859
0.974408
0.749678
0.452230
0.796316
0.434916
0.281005
-0.550695
-0.932599
-0.415695
-0.357390
-0.056899
-0.398831
-0.920374
-0.592285
0.063399
0.503026
1.245920
-0.267429
-0.725078
0.277261
0.464959
0.650636
0.296889
0.871060
0.360860
-0.289145
-0.290754
-1.327869
-1.101724
-1.073912
-0.629034
0.058691
0.444043
0.844353
0.968904
1.409874
1.581092
1.724793
1.846720
1.484981
1.366016
0.862227
1.093490
-0.211530
-0.782179
-0.622001
-0.877920
-0.521659
-0.722699
-0.584132
-0.521446
-0.709704
-0.757611
-0.013451
-0.569708
-0.826315
0.188703
0.134642
0.509825
1.173452
0.478548
0.200554
0.469952
0.320993
0.557660
1.243440
0.924090
0.071282
0.358325
0.251555
0.232241
0.179542
0.999785
0.172094
-0.597732
-0.149176
0.176472
0.898989
-0.305041
-1.239116
-1.062391
-0.618953
-0.515885
-0.269419
-0.449529
-0.724197
0.003066
-0.281216
-0.282085
0.287233
-0.458822
-0.914425
-0.604291
-0.358038
-0.911073
-0.618093
-0.391949
-0.579155
0.099475
0.298110
1.343330
0.689464
0.396330
0.876375
0.621260
0.565394
0.610369
0.737352
-0.207333
-0.764575
-1.034099
-1.527447
-1.079820
-0.827799
-0.458977
-0.783544
-0.363955
-0.654229
-0.692969
-0.614608
-0.832041
-0.612966
-0.532558
0.065888
0.426894
1.098873
1.691301
1.411061
1.388721
1.578122
1.655532
1.233364
1.077998
0.972886
0.170381
0.040498
-0.089830
-0.559847
0.295650
0.442678
-0.116840
0.081947
0.588178
0.559572
0.518162
0.991437
0.183968
-0.582782
-0.826711
-1.022638
-0.572718
-1.253643
-1.159750
-1.566442
-1.926380
-1.643048
-1.233660
-0.720489
-1.258796
-1.498121
-0.660245
-0.503176
0.011495
-0.251581
-0.320108
0.620806
0.208321
0.160650
0.256116
0.860968
1.578975
2.342894
2.174780
1.347578
1.183399
1.454904
1.103234
0.742082
0.669017
-0.254567
-0.404606
-0.036161
-0.232686
0.245378
-0.224984
-0.530859
0.040071
0.694612
0.985911
0.918038
0.814533
0.087106
-0.045056
0.495785
0.582421
0.251922
-0.419845
-0.555714
-0.460684
-0.415318
-0.386116
-0.587988
0.242759
-0.077122
-0.547021
-0.218028
0.024691
0.783742
0.207202
0.017933
-0.613164
-1.485415
-1.502547
-1.413975
-1.694751
-1.302162
-2.014569
-1.998901
-1.225401
-1.026754
-0.515188
0.226650
0.055489
0.180041
0.716427
0.354716
0.570335
0.655714
0.651569
0.115958
0.355857
0.415840
-0.162789
-0.214146
-0.246694
0.370570
0.045624
0.002464
0.536544
0.701750
0.770911
1.058270
0.072155
-0.012661
0.652488
-0.494712
-1.442559
-1.708679
-1.243380
-1.714092
-2.028202
-1.646422
-1.621775
-1.703641
-1.944186
-1.217219
-1.917269
-2.644255
-1.943341
-1.569607
-1.310988
-1.037750
-1.085242
-1.015352
-0.115985
1.155645
1.212163
1.527396
1.442973
1.213017
1.270809
0.544715
-0.279560
-0.107359
0.832911
0.069556
-0.787075
-0.120090
-0.305597
-0.126599
0.107566
0.362028
1.673845
0.727468
0.495875
1.231115
1.216664
0.987629
1.233670
1.592526
0.896519
0.468336
0.695998
0.628161
1.368163
0.853932
0.642368
1.036193
0.960457
0.527760
0.671162
0.970152
1.715769
1.121058
0.189297
0.505396
0.621899
0.813832
0.663460
-1.054349
-1.768831
-1.056529
-0.829284
-0.493649
-0.469641
-0.007804
-0.500269
0.059241
-0.000763
-0.072209
-0.047794
0.445762
-0.188579
-0.589343
-0.272149
0.598886
0.674439
-0.204387
-0.009726
0.695937
1.819720
1.957231
1.237873
1.517933
1.965879
1.777747
2.011621
1.855257
1.277482
0.412102
-0.151505
0.193965
-0.178389
-0.380221
-0.895396
-1.776322
-1.619638
-1.326211
-1.624727
-1.223739
-0.646085
-1.005897
-1.070155
-0.515592
-0.540170
-0.483623
0.316184
-0.376910
-0.561010
-0.099795
-0.001447
-0.112441
-0.025508
0.528099
-0.100249
-0.368203
0.567260
-0.283385
-0.480216
0.072041
-0.508740
-1.202749
-1.221888
-1.268850
-1.037114
-1.067293
-0.734438
-0.272733
0.088859
0.262961
0.058100
0.517792
-0.173955
-0.800742
-0.880680
-0.936054
-0.688323
-0.814912
-0.721191
-1.139362
-0.961528
-0.218749
0.081348
0.420840
0.210253
0.395846
-0.609241
-1.116554
-0.691959
-0.637605
0.263679
-0.259232
-0.677394
-0.708165
-0.914213
-0.921559
-0.412143
-0.640813
-0.452263
-0.598895
-0.553722
0.017559
0.176396
-0.021383
-0.352769
-1.293652
-1.248867
-0.976931
-0.993974
-0.375183
-0.370146
0.296911
1.306063
1.857487
2.180498
2.814927
3.315388
3.645304
3.113248
2.804725
3.295148
2.806909
2.342853
2.448261
1.691339
1.450581
1.137923
0.742190
-0.380182
-0.764304
-0.802791
-0.939620
-1.149866
-1.007095
-0.803638
-1.321056
-1.717004
-1.557410
-1.705556
-1.163767
-1.080822
-1.527143
-1.072487
-1.065095
-0.295132
-1.015330
-1.050878
-0.750195
-0.857709
-0.623625
-0.447038
0.319016
-0.305198
-0.616744
0.062528
0.218778
0.304845
0.162295
0.783428
0.060948
-0.480010
-0.015872
0.327368
0.489285
-0.214243
-0.242917
0.287501
0.579984
0.869697
0.091835
0.364666
0.763727
0.812515
1.119295
1.595792
0.583594
0.330007
1.397546
1.062677
0.762877
1.417443
0.544806
-0.469520
-0.072123
0.160766
0.307703
0.214008
-0.488959
-1.688857
-1.860918
-1.479413
-1.889993
-0.789404
-1.222559
-1.296381
-0.737213
-0.183909
0.642046
0.218823
-0.055177
0.341970
0.871558
1.961991
1.881050
1.499203
1.945897
1.954133
1.688652
1.684745
1.189578
1.124644
0.361964
-0.594461
-0.795121
-1.411352
-1.115716
-0.808813
-0.794304
-0.166795
0.126143
0.822201
0.697462
0.306152
1.021954
0.967697
0.835467
0.862157
0.557152
0.511846
0.872423
0.393848
0.443472
-0.161293
-0.755407
0.202553
-0.048360
-0.255727
0.242361
-0.212664
-0.382457
-0.159203
-0.157304
-0.139160
-0.227704
-0.248465
-0.981005
-1.541671
-1.657524
-1.749326
-1.771819
-1.640045
-2.440363
-2.973149
-2.417445
-2.241877
-0.784776
-0.977928
-0.560956
0.375964
0.470193
0.713720
0.598382
0.565927
0.828105
0.010175
-0.385711
0.023586
-0.927400
-1.501407
-1.062242
-0.420158
-0.670547
-1.078084
-1.104250
-0.447971
-0.990700
-1.206928
-0.613836
-0.744826
-0.657170
-0.944743
-1.327377
-1.898516
-0.928763
-0.179503
-0.257290
0.119235
0.295732
0.477561
0.980769
0.823469
1.025298
1.460103
1.622484
1.774824
1.900306
2.194115
2.670270
2.457032
2.710489
2.161333
1.579571
1.565905
1.458075
