0.453184
0.653675
0.336135
0.294380
-0.374571
-0.321304
-0.755118
-1.027648
-0.831611
-0.926464
-0.699668
-0.513815
0.031651
-0.180657
0.388704
1.044302
0.852945
0.792257
0.888142
0.633504
0.949377
0.760222
-0.041570
-0.263234
0.092646
-0.018485
-0.406017
-0.269193
0.088558
0.712195
0.877275
0.080591
0.197106
0.213958
-0.396463
-0.522438
-0.254892
-0.682658
-1.232868
-1.530382
-1.719952
-1.426979
-0.900374
0.106228
0.821378
1.387517
1.983171
1.694171
0.764491
0.591072
0.317999
-0.249904
-0.820094
-1.383157
-1.788235
-2.202396
-2.455598
-2.730837
-2.315804
-1.233333
-0.316872
0.733125
0.799544
1.624459
1.937045
1.112313
0.229784
0.443671
0.540627
0.753605
0.450785
0.169782
-0.098719
-0.362244
-0.362725
-0.162093
-0.696084
-0.609522
0.310615
0.347236
0.430794
0.873907
1.388779
0.868128
0.844733
1.109508
1.354621
1.743830
1.078037
0.378078
-0.050977
-0.582652
-0.844756
-1.271763
-0.842209
0.033134
0.252223
0.468825
0.867405
1.074651
1.276821
1.166780
0.704429
0.580132
0.051481
-0.079383
-0.281307
-0.536070
-0.470176
-1.150431
-0.738675
-0.073091
0.295011
0.027397
0.122708
0.485214
0.363008
-0.075545
-0.139711
-0.065376
-0.519434
-0.222923
-0.813098
-0.724770
-0.204079
-0.566700
-1.481556
-0.787503
-0.558691
-0.589321
-0.331778
-0.030246
0.169986
0.319015
0.412602
0.518265
0.901128
0.750427
0.413852
0.798116
0.323331
-0.584848
-0.432297
-0.729956
-0.973434
-0.673443
-0.623849
-0.722430
-1.158033
-1.021392
-0.166887
0.388445
0.455855
0.489278
0.671352
1.057355
0.886004
0.367430
-0.096321
-0.610366
-0.900790
-0.879552
-1.363623
-1.339884
-0.851203
-0.151010
0.426639
0.162186
0.035333
-0.255115
0.534983
1.303183
1.095018
0.978561
1.330632
1.021004
1.510217
1.690648
1.168336
0.070885
-0.357851
0.080062
0.013336
0.530058
0.339796
-0.274869
-0.859373
-0.375647
-0.356988
-0.743670
-0.831623
-0.678984
-0.404328
-0.744492
-1.350523
-0.870393
-0.769294
-0.934682
-0.803119
-0.363027
0.671246
0.732483
1.764523
1.828237
1.417982
1.217726
0.901535
-0.099594
0.341757
0.029215
-0.312941
-0.849426
-1.043983
-0.554130
-0.605099
-0.480607
-0.091913
-0.152687
0.621051
0.832346
0.477323
-0.185859
-0.381248
-0.131597
-0.361734
-0.790252
-0.466150
-0.136288
-0.001745
-0.006755
-0.773651
-0.918278
-0.460556
-0.440862
-0.764121
-0.684844
-0.455023
0.175186
1.094024
1.244445
1.001583
0.627167
0.734527
0.329928
-0.458761
-0.227575
0.136393
-0.167071
-1.378216
-1.171207
-0.824374
-0.672992
-1.046328
-0.617402
-0.292277
0.065105
0.103923
0.088780
0.062493
-0.449426
-0.163110
0.397698
0.199975
-0.214281
0.013973
0.019264
-0.331157
-0.267455
0.191024
0.420499
0.932568
1.365542
1.618344
1.534802
1.337688
1.205691
1.539309
1.813388
1.767754
1.408856
0.894744
0.658538
-0.030568
-0.229964
-0.581275
-1.121545
-0.746276
-1.054783
-1.646332
-1.004443
-1.335683
-0.766394
-0.226626
0.148438
0.279248
-0.073355
0.234831
0.283701
1.100873
1.471991
1.110348
1.299562
0.952012
-0.012327
-0.047859
0.031405
-0.054010
-0.409909
-0.791892
-1.140841
-1.495568
-1.404858
-1.495585
-0.485748
-0.055302
-0.247340
0.118705
1.310374
1.849491
1.989895
1.877379
1.223491
0.527938
-0.005875
0.193975
-0.017782
-0.012806
-0.144037
-0.388345
-0.427561
-0.570447
-0.740913
-0.526350
-0.597857
-0.848725
-0.572429
-0.638995
-0.853001
-0.369058
-0.785006
-0.357413
-0.002323
0.239271
0.628410
0.623940
-0.055038
0.487906
0.398229
0.348857
-0.128091
-1.269690
-0.552041
-0.628649
-0.182830
-0.198924
0.279907
0.074615
-0.383735
-0.568231
-0.466765
-0.241685
-0.549071
-0.141566
-0.985449
-1.122482
-0.498223
-0.573766
-0.376562
-0.393527
-0.322151
0.430492
0.727459
1.074032
1.253160
0.332427
-0.018300
-0.306829
-0.136592
0.259998
0.721726
0.340630
0.358873
0.223705
-0.103070
0.155818
0.878801
1.099182
1.386706
1.173906
1.152094
0.792198
0.468992
0.303491
0.329791
0.116643
0.343429
0.423562
-0.681633
-0.494814
0.015355
-0.435740
-0.351508
-0.034635
-0.055497
0.380025
0.151505
-0.289104
0.317235
0.600303
0.725813
0.350479
0.656635
0.676964
0.280966
0.350139
-0.119853
-1.054855
-0.907408
-0.497635
-0.759482
-0.884041
-0.375453
-0.791824
-1.524866
-1.294597
-0.751588
0.204006
0.284249
0.887309
1.143788
0.696045
0.669083
0.954278
0.360622
0.908535
0.683057
-0.380808
-0.565178
-0.547118
-0.306596
-0.184129
-0.031965
0.139659
-0.414075
-0.821490
-1.128892
-0.962198
-1.245068
-1.016648
-0.744706
-0.754560
-0.615749
-0.917364
-1.053657
-0.453337
-0.502953
-0.224126
0.244030
0.468957
1.352490
1.203371
0.697657
0.539920
0.540796
0.305909
-0.269912
0.213879
-0.053179
-1.063350
-0.832502
-0.570097
0.002010
-0.367365
-0.302267
0.041985
-0.015110
-0.442833
-0.337920
-0.045893
-0.153743
-0.068073
0.408775
0.059493
-0.025705
-0.262880
-0.338834
-0.435793
-0.244360
-0.069309
-0.365091
-0.504309
-0.700970
-0.390577
-0.786211
-0.330806
-0.071951
0.337773
0.160994
0.263223
-0.231177
-0.122565
-0.046483
-0.057055
0.722803
0.277603
-0.172043
-0.475760
-0.983491
-1.368592
-1.173093
-1.402282
-1.099556
-0.652102
-0.597258
-0.743561
-0.694811
-0.334829
-0.313865
0.540800
1.048407
1.418774
1.879540
2.429553
2.682122
2.519426
1.772887
1.135527
0.213241
-0.459071
-0.802784
-1.440082
-2.385046
-2.625623
-2.241885
-1.031628
0.489695
1.188124
1.333051
0.777296
1.177938
1.679997
1.783662
0.985219
0.024120
-0.138850
0.050707
-0.609986
-1.610692
-2.347109
-1.774739
-0.849720
-0.648923
-0.668686
-0.800695
-1.050818
-0.788327
-0.533479
-0.024994
0.686658
0.489839
0.408017
0.256497
0.028564
0.683010
1.490007
0.922260
1.011957
1.417892
0.983510
0.315786
0.726870
0.990675
0.234894
0.399226
0.118591
0.207795
0.324364
0.278299
0.372642
0.441119
0.836234
0.643587
0.795570
0.502561
0.343955
0.087092
0.056795
-0.408033
0.260693
0.186870
-0.175059
0.193999
0.526603
0.366984
0.426092
0.649272
0.477243
0.707237
0.462222
0.604968
0.506683
-0.114664
-0.459568
0.187735
-0.042350
-0.368936
-1.247491
-0.958867
0.092149
0.032783
0.168505
0.495706
0.792341
0.685819
0.320503
1.180826
0.786583
0.164127
-0.199590
-1.450959
-1.656227
-1.462736
-1.691348
-1.599901
-1.028506
-1.056868
-0.172770
0.378359
0.617123
1.235490
1.744897
2.058002
1.990257
2.113003
2.223669
0.899195
-0.163906
-0.399461
-0.615009
-1.360198
-1.332401
-0.948992
-1.735588
-1.789466
-1.188157
-0.468784
-0.261746
0.861033
1.388069
-0.046675
-0.187241
-0.636318
-0.979555
-0.634116
-0.390241
-1.213790
-1.838102
-1.777861
-1.418126
-1.466698
-1.355984
-0.657891
-0.849578
-1.146877
-1.176240
-1.196994
-1.262509
-0.398371
-0.974425
-0.815551
-0.344966
-0.712524
-1.080208
-0.158785
0.419566
0.524281
0.155349
0.261364
0.498962
0.482154
0.967574
0.455866
0.795853
0.649052
-0.107994
-1.295667
-1.512233
-0.843669
-1.451752
-0.528468
0.444375
0.274440
0.421697
0.645650
0.944901
0.301496
0.287933
0.377325
0.090594
0.127104
-0.147898
-0.151367
-0.029692
0.113199
0.318148
0.862011
1.184600
0.942002
0.444656
0.334590
0.263894
0.135785
0.666138
1.232875
1.680906
1.782629
2.105349
2.085828
1.512091
1.280704
1.629483
1.497142
0.874840
-0.062920
-0.142817
-0.314681
-0.799692
-1.295741
-0.927361
-0.892228
-0.656149
-0.483554
-1.015997
-1.095873
-1.520101
-1.075481
-1.324105
-1.355753
-0.953962
-0.042212
0.440107
0.362425
0.808313
0.343606
-0.055851
-0.665640
-0.752188
-0.483122
-0.422266
-0.435142
-0.251541
-0.752366
-0.482856
-0.364956
0.818383
1.107380
0.730323
0.595638
0.512743
0.705337
0.856743
1.137832
0.227346
-0.172707
0.019126
-0.558005
-0.396759
0.180904
0.629179
1.196108
1.297518
1.716515
1.591888
1.295082
1.410166
1.250861
0.597298
0.279498
0.932598
0.740622
-0.160652
-0.962606
-0.662231
-0.816860
0.156541
0.763398
-0.076060
-0.043930
0.636884
0.702387
0.598513
0.634832
0.578638
0.164220
-0.124823
-0.285950
-0.673051
-0.265662
-0.383443
0.154308
0.013217
-0.095623
0.631363
0.655622
0.125266
0.099263
-0.375552
-0.885962
-1.308896
-1.572601
-1.203780
-1.197680
-0.872395
-1.114861
-0.475303
-0.167160
-0.405479
-0.844766
-0.966763
-0.684799
-0.110132
0.039971
0.519078
0.637972
0.838495
0.219206
-0.691571
0.107984
0.194939
-0.254675
-0.894173
-0.865953
-0.707817
-0.900636
-0.367108
0.584101
0.977264
0.772136
1.087511
1.205957
1.059944
0.254204
0.107253
0.426243
0.307240
-0.356589
-1.089129
-1.480565
-1.111580
-1.811007
-1.421904
-0.917578
-1.869413
-2.146932
-2.045532
-2.451646
-2.733961
-2.678956
-2.507902
-2.922728
-3.159862
-1.381972
0.448907
1.088491
1.533020
2.184321
2.249548
2.015924
2.120784
1.614650
0.841197
1.291113
1.624977
1.420595
1.459064
1.296174
0.424986
-0.459470
-0.261088
-0.771178
-0.883343
-1.267411
-1.139448
-1.083152
-1.465787
-1.391605
-0.758920
0.060336
-0.292551
0.309890
0.794698
0.447008
0.177680
-0.150865
0.114857
0.591028
0.549371
0.767529
0.543810
0.463795
0.062742
-0.594859
0.090491
0.699180
1.038551
0.865199
0.662262
0.592636
1.409124
1.134408
1.089594
0.677017
0.396411
-0.038003
0.201936
0.124231
-0.383242
0.331353
0.647380
1.648454
2.151643
2.149305
2.707218
2.837865
2.458423
1.947320
2.485775
2.644621
2.109548
2.258136
1.772790
1.223113
0.478802
-0.250851
-0.653595
-1.101666
-0.794759
-0.674923
-1.005361
-1.344711
-1.173793
-1.085275
-1.793975
-1.394830
-0.703994
-1.471823
-1.232347
-1.539492
-1.585256
-1.225154
-1.703391
-1.231400
-1.093583
-1.579147
-1.682104
-1.400362
-0.971398
-0.259979
-0.611270
-0.784803
-0.026121
-0.126360
-1.172262
-1.261702
-0.860917
-1.596709
-2.261993
-2.163424
-2.788379
-3.446449
-3.846446
-4.322727
-3.577888
-1.961571
-1.469795
-0.758089
-0.004401
0.091910
0.394744
0.809625
0.413108
0.928753
1.532308
0.835924
0.231472
-0.160116
-0.702693
-0.693817
-0.843540
-0.300954
-0.614624
-0.760287
-1.378251
-1.614009
-0.638573
0.093109
0.195403
0.471619
0.340381
0.638274
0.986187
0.920403
1.516064
1.741693
2.909942
2.617906
2.567172
2.633974
2.283438
2.362746
1.888324
1.876600
2.098229
1.726839
1.347616
1.681606
2.188814
1.819941
0.761077
0.697280
0.676883
0.623440
0.715840
0.825591
