-0.105619
0.100138
-0.015120
-0.051131
-0.087505
-0.363373
-0.700477
-0.985768
-0.888159
-0.650174
-0.739184
-0.764111
-0.193084
0.367755
0.740916
1.197401
1.436751
1.485102
1.373118
1.325980
1.202492
1.010370
0.627555
0.396028
0.097403
-0.127628
-0.635494
-0.720805
-0.465333
-0.157709
0.452140
0.512457
0.529284
0.546401
0.573741
0.672200
0.620272
0.289443
-0.049372
-0.357925
-0.451075
-0.373542
-0.376002
-0.210354
0.202970
0.900797
1.520644
1.546586
1.236920
0.834245
0.436302
-0.157525
-0.522997
-0.771229
-1.404818
-1.613914
-1.329599
-1.287581
-1.086020
-1.073969
-0.894139
-0.250719
0.144656
0.117272
0.216857
0.356576
0.223939
0.229641
0.336628
0.569941
0.376605
0.199064
0.355839
0.297542
0.182832
-0.169840
-0.397042
-0.419135
-0.241917
0.013184
0.425969
0.323824
0.091545
0.110682
0.309077
0.482878
0.296038
0.371933
0.122985
-0.277041
-0.389155
-0.501857
-0.776580
-0.893021
-0.782458
-0.534333
-0.081199
0.155808
0.575424
1.225993
1.323465
1.218175
1.285906
0.825356
0.165605
-0.187337
-0.172403
-0.213269
-0.474246
-0.517835
-0.531186
-0.288837
0.085038
0.464807
0.561613
0.500370
0.706297
0.692419
0.623004
0.573604
0.541837
0.417834
0.249967
0.018127
-0.210359
-0.367135
-0.437530
-0.373507
-0.576901
-0.830170
-0.674359
-0.467479
-0.367754
0.010036
0.223590
0.440900
0.616152
0.340323
-0.128561
-0.072572
-0.457578
-0.853264
-1.032647
-1.343461
-1.370777
-1.059716
-0.897121
-0.559407
-0.678125
-0.636601
-0.405377
-0.164998
0.343531
0.597514
0.683051
0.537787
0.238851
0.020987
-0.342146
-0.758584
-0.837826
-1.031991
-1.193572
-1.055183
-0.878267
-0.473748
-0.422284
-0.369289
-0.506638
-0.600735
-0.561980
-0.316934
-0.090423
0.349876
0.720210
1.055149
1.340540
1.310186
1.321147
1.171228
0.945141
1.074769
1.235486
1.225155
0.913432
0.712161
0.109956
-0.270355
-0.587817
-0.769048
-0.974769
-1.261930
-1.863113
-2.111295
-2.303842
-2.461273
-2.572316
-2.537290
-2.291552
-1.499623
-0.417216
0.423601
1.167360
1.684765
1.814007
1.716358
1.498833
1.571521
1.152490
0.826447
0.474683
0.139212
0.043085
-0.009443
0.038169
-0.061797
-0.219203
-0.175172
0.064881
0.490984
0.672002
0.427773
0.220833
0.150682
0.139150
-0.078231
-0.284168
-0.264274
-0.235512
-0.236346
-0.581595
-1.056407
-0.906673
-0.662377
-0.669174
-0.370741
0.089086
0.517651
1.032166
1.292814
1.363407
1.200989
1.202153
0.888480
0.622622
0.432246
0.148212
-0.164266
-0.425530
-0.646831
-0.831878
-0.565976
-0.522112
-0.198603
0.131621
0.168810
0.531901
0.406505
0.149152
-0.053432
-0.187880
-0.487713
-0.352169
-0.880811
-1.188423
-1.073036
-0.889507
-0.719041
-0.568535
-0.216937
0.538095
1.212803
1.592179
1.723175
1.732454
1.926236
1.945724
2.118354
2.179873
1.694748
1.045498
0.577031
0.078014
0.082762
-0.612603
-0.951941
-0.900869
-1.106234
-1.387810
-1.165094
-0.964308
-0.709808
-0.246017
0.033424
0.498447
0.804656
1.016183
1.182219
1.703419
1.642406
1.600930
1.467273
0.883572
0.208676
-0.055941
-0.749783
-1.168709
-1.648688
-1.939347
-2.418721
-2.461771
-2.593974
-2.258780
-1.876186
-1.754109
-1.172750
-0.130191
0.999923
1.346600
1.387669
1.499846
1.493634
1.102314
0.549533
0.538811
0.423171
0.087554
-0.157877
-0.190246
-0.234321
-0.271556
-0.664732
-0.999012
-1.075850
-1.117037
-1.284966
-1.136728
-1.354090
-1.512114
-1.276542
-0.831635
-0.121832
0.138436
0.326405
0.766203
0.840278
0.742270
0.541196
0.264593
-0.461102
-0.990297
-1.025105
-1.223480
-1.098741
-1.227088
-1.172357
-0.832904
-0.532642
-0.273571
-0.159872
-0.030656
-0.008559
0.090117
0.212527
0.291327
0.284373
0.328356
0.198570
0.390711
0.896836
1.128272
1.438382
1.800999
1.758713
1.466619
1.216139
1.020290
0.875900
0.849356
0.764019
0.243507
-0.074392
-0.330190
-0.452693
-0.513407
-0.536444
-0.312606
0.097948
-0.014553
-0.146719
-0.192843
-0.087442
-0.249153
-0.328206
-0.214647
-0.195835
-0.110201
-0.155961
-0.179865
-0.095376
-0.011972
0.192103
0.308827
0.285427
0.289895
0.383586
0.581280
0.765576
0.839423
0.973322
0.915763
0.792957
0.595746
0.398688
0.018252
-0.363970
-0.789066
-1.073014
-0.976289
-1.024273
-0.932814
-0.957849
-1.057121
-1.048590
-0.808344
-0.459804
0.199873
0.061341
0.358700
0.849866
0.822399
0.795014
0.536729
0.471088
0.166595
-0.176677
-0.508375
-1.036349
-0.916446
-0.667931
-0.312865
-0.145561
-0.074884
0.007913
0.247818
0.269886
0.341923
0.602583
0.728792
0.687746
0.561338
0.143743
0.055303
-0.087375
-0.241373
-0.188133
-0.347114
-0.203786
-0.193235
-0.051071
0.123254
0.036930
-0.009016
0.101887
-0.147313
-0.522781
-0.350754
-0.296251
-0.342804
-0.197041
-0.148436
0.113225
0.173867
0.017836
0.261718
0.531646
0.423016
0.307419
0.379735
0.380208
0.361461
0.308476
0.389513
0.082954
-0.166441
-0.148457
-0.473405
-0.494729
-0.750585
-0.949536
-0.879330
-0.636882
-0.524684
-0.374318
-0.449088
-0.406199
-0.093688
0.160440
0.052751
0.094284
-0.133935
-0.496723
-0.503217
-0.360585
-0.715509
-0.632761
-0.509688
-0.701753
-0.657020
-0.557870
-0.244847
-0.153134
0.096200
0.374063
0.216956
0.050689
-0.118884
0.122445
0.250173
0.219921
0.378148
0.418887
0.666650
0.927311
0.980035
0.530542
0.189852
-0.226557
-0.490605
-0.852405
-1.193064
-1.410386
-1.434755
-1.032270
-0.327523
0.369393
0.873638
1.352996
1.442244
1.749789
1.610255
1.398182
1.243139
0.920678
0.526651
0.171195
-0.294709
-0.782295
-0.887216
-0.845324
-0.872495
-0.558538
-0.259202
-0.181753
-0.228537
-0.069799
0.193335
0.058160
-0.084254
-0.286248
-0.259386
-0.413282
-0.422632
-0.403123
-0.554433
-0.369539
-0.274171
-0.291310
-0.516767
-0.651220
-0.330928
-0.168710
0.030343
-0.134919
-0.206293
0.000697
0.015469
0.294465
0.834592
1.246933
1.555340
1.797511
1.731897
1.311461
1.245529
0.974018
0.606810
0.229821
0.045918
-0.251212
-0.297277
-0.136078
0.102347
0.378165
0.222418
0.237581
0.608663
0.956554
1.044032
0.975401
0.752854
0.329025
0.192361
0.312493
0.070302
-0.166270
-0.428295
-0.788833
-0.580207
-0.314710
-0.174738
0.058213
0.592289
0.699878
0.544604
0.665327
0.476428
0.493669
0.115747
-0.410629
-1.065655
-1.533315
-1.552008
-1.683351
-1.756683
-1.573996
-1.765551
-1.423637
-0.948306
-0.516929
0.015285
0.678269
0.943799
1.184813
1.081477
0.603581
0.281132
0.041883
-0.073410
-0.301461
-0.383252
-0.546026
-0.820310
-0.650876
-0.351003
0.293013
0.615387
1.013380
1.134180
0.982190
0.720942
0.461453
-0.126376
-0.549885
-0.634356
-1.388445
-2.155877
-2.549727
-2.618058
-2.773139
-2.658456
-2.370392
-2.120769
-1.872667
-1.900480
-1.582880
-1.645291
-1.516360
-1.337713
-1.167839
-1.009304
-0.722528
-0.330120
0.070551
0.674980
1.331399
1.390389
1.493824
1.512957
1.383784
1.330964
1.126406
0.716499
0.345249
0.217280
-0.574476
-1.135140
-0.995546
-0.970086
-0.675402
-0.317596
-0.054376
0.530994
0.648444
0.628718
0.618305
0.492395
0.475298
0.511986
0.447565
0.170374
0.166850
0.402575
0.554074
1.105005
1.236476
1.344143
1.201365
1.009207
0.776818
0.597120
0.689160
1.134790
1.295914
1.541600
1.871263
2.328242
2.416284
2.038678
1.359345
0.947794
1.020628
0.815797
0.502190
0.194661
0.009471
-0.398639
-0.485788
-0.551704
-0.736000
-0.819936
-0.966119
-1.509034
-1.706630
-1.710280
-1.575927
-1.271911
-0.969841
-0.432560
0.195351
0.814319
0.959755
1.097516
1.279210
1.300720
1.102344
0.796580
0.633925
0.583735
0.344222
0.196411
0.330778
-0.059827
-0.270118
-0.142860
-0.067237
0.097745
0.075238
0.092524
0.283884
0.444041
0.177340
-0.112852
-0.419730
-0.779273
-0.834487
-0.554357
-0.608537
-0.464184
-0.095639
-0.106906
0.109268
0.308470
0.332804
0.121776
-0.158549
-0.073524
-0.296959
-0.170938
0.072048
-0.088089
-0.255298
-0.166060
-0.213124
-0.191133
0.107943
0.236960
0.280224
0.654419
0.727325
0.410295
0.335071
0.060115
-0.589392
-0.895720
-0.953604
-1.139504
-1.163700
-0.957444
-0.620712
-0.436086
-0.324488
-0.125543
0.002736
-0.104376
-0.242943
-0.733647
-1.036291
-1.038605
-0.762747
-0.487479
-0.587108
-0.580362
-0.502990
-0.602230
-0.716555
-0.514304
-0.533171
-0.456184
-0.501980
-0.453479
-0.085251
0.077709
0.094821
-0.139453
-0.787627
-0.851671
-0.786293
-0.801544
-0.593924
-0.471216
-0.218276
0.498824
1.180916
1.517671
2.067175
2.367122
2.383000
2.383959
2.282160
2.239493
1.952085
1.692838
1.581002
1.125918
0.874666
0.435193
-0.309459
-0.816933
-1.108517
-1.041161
-1.186969
-1.627007
-1.923730
-1.937206
-2.368784
-2.676855
-2.623110
-2.887213
-2.764958
-2.237776
-1.703312
-1.007160
-0.444153
0.140788
0.284165
0.693082
0.897989
0.896625
1.025745
0.982624
1.113757
1.014884
0.910977
1.178595
1.010918
0.771369
0.291853
0.163299
-0.035376
-0.269997
-0.340659
-0.422138
-0.474972
-0.546278
-0.462512
-0.128693
0.178853
0.154757
0.009165
0.072335
0.049163
-0.010773
0.194984
0.577097
0.516926
0.474616
0.810541
0.788464
0.690143
0.811622
0.674634
0.283348
0.366382
0.497436
0.321364
0.227381
0.053027
-0.198678
-0.160428
-0.203823
-0.517102
-0.366313
-0.373854
-0.115266
0.023714
0.265630
0.796988
0.912843
1.288546
1.810235
2.140065
2.611589
2.638537
2.570386
2.374986
2.164571
2.110058
1.996060
1.696296
1.294234
0.833197
-0.047707
-0.697928
-1.117622
-1.141156
-0.933072
-0.807103
-0.594781
-0.516420
-0.461309
-0.371404
-0.668230
-0.588553
-0.646430
-0.785230
-0.647857
-0.631858
-0.458247
-0.304104
-0.470367
-0.416195
-0.491954
-0.560023
-0.338756
-0.270454
-0.044135
0.031118
-0.217814
-0.499949
-0.493047
-0.605445
-0.914679
-1.115624
-1.243653
-1.889481
-2.362192
-2.264198
-2.467368
-2.822761
-3.125406
-3.630373
-3.745513
-2.837821
-1.993399
-0.921354
-0.341849
-0.017621
0.289962
0.275549
0.310733
0.417753
0.385594
0.109875
-0.518942
-0.933689
-1.283912
-1.613388
-1.767581
-1.639618
-1.304452
-1.672380
-1.766979
-1.576970
-1.117205
-1.019283
-0.803283
-0.520525
-0.435962
-0.452827
-0.308852
-0.043499
0.136296
0.811968
1.594646
1.955962
2.348636
2.425084
2.614871
2.915403
2.860884
2.741107
2.642495
2.593241
2.641778
2.775877
2.859454
2.797905
2.572654
2.283633
1.937076
1.667058
1.322955
0.985869
