0.178700
-0.336810
-0.460581
-0.679652
-0.506104
-0.219192
-0.034615
0.185294
0.300741
0.432194
0.947284
0.802914
0.236090
-0.086652
-0.447105
-0.880599
-1.057726
-1.476516
-1.550147
-1.255660
-1.125545
-0.604067
0.057842
0.498671
0.842283
0.839295
1.242014
1.008788
0.588892
0.075109
-0.589173
-1.005187
-1.319864
-1.691523
-1.802463
-1.690823
-1.530981
-1.151771
-0.786166
-0.646021
-0.374774
-0.196699
-0.136717
-0.235101
-0.635156
-1.314844
-1.595645
-1.893996
-1.875229
-1.786959
-1.439192
-0.822342
-0.338807
0.085422
0.412909
1.055888
1.351114
1.378478
1.503443
1.392175
0.858984
0.216963
0.067330
-0.074174
-0.330578
-0.699014
-0.723586
-0.597243
-0.287431
0.216467
0.539718
0.815307
0.847715
0.946678
0.948277
0.882021
1.073088
0.998401
0.724784
0.493398
0.035966
-0.521100
-0.914706
-1.102986
-1.118089
-0.836347
-0.689180
-0.329947
0.034607
0.381162
0.695925
0.887432
0.731815
0.541441
0.482498
0.433451
-0.138063
-0.777496
-1.050875
-1.179441
-1.312028
-1.190736
-0.957100
-0.394395
0.053524
0.228557
0.296768
0.715613
0.882023
0.728638
0.466113
0.040528
-0.372156
-0.403847
-0.473195
-0.639324
-0.840911
-0.658265
-0.631778
-0.325566
-0.151462
-0.041322
0.240076
0.417356
0.601018
0.893473
1.237557
1.269276
1.279228
1.261559
0.970748
0.576602
-0.004500
-0.680389
-1.263651
-1.581309
-1.669488
-1.373705
-0.552652
0.191901
0.736203
1.148979
1.243521
1.193593
1.363814
1.225143
1.063447
0.940799
0.742468
0.819994
0.565519
0.136590
-0.204292
-0.374875
-0.714337
-0.803487
-0.519300
0.065686
0.803030
1.574364
1.717861
1.728966
1.689271
1.447274
1.103324
0.691404
0.335928
-0.139289
-0.530916
-0.635533
-0.794445
-0.970389
-1.350569
-1.743295
-2.107612
-2.291200
-2.124822
-1.508755
-1.058881
-0.632906
-0.379747
-0.183671
-0.100638
-0.047607
-0.095899
-0.143916
-0.113648
-0.332460
-0.191063
-0.040553
0.163328
0.511597
0.996770
1.368345
1.771008
2.056427
2.051453
1.831043
1.591789
1.089174
0.622077
0.146473
-0.510118
-0.986121
-1.042674
-0.908001
-0.842821
-0.555719
-0.292963
-0.352030
-0.367184
-0.243194
-0.294111
-0.378217
-0.404594
-0.644370
-0.789046
-0.824155
-0.673910
-0.541751
-0.372078
-0.006825
0.259991
0.345311
0.586342
0.772288
0.835561
0.838686
0.919542
0.723728
0.705824
0.871569
0.634211
0.580673
0.324229
-0.008486
-0.253418
-0.319551
-0.470345
-0.887144
-0.901946
-0.746740
-0.746043
-0.668222
-0.313794
-0.052449
0.356957
0.365254
0.465657
0.524141
0.538551
0.375014
0.091852
-0.219295
-0.594458
-0.824565
-1.116414
-1.252919
-0.882451
-0.042466
0.825156
1.415972
1.674914
1.676774
1.874523
1.814056
1.478433
1.391680
1.091167
0.208645
-0.568481
-1.011813
-1.563816
-1.867305
-1.982437
-2.189101
-2.563684
-2.526198
-2.553067
-2.321082
-1.989783
-1.620475
-0.758215
-0.237455
0.189131
0.756319
0.984415
1.179743
1.524785
1.337642
1.014526
0.784972
0.465564
0.117066
-0.377126
-0.720578
-1.046054
-1.401032
-1.740867
-1.707147
-1.606872
-1.430118
-1.000338
-0.557125
-0.002247
0.620564
1.205973
1.629816
2.039588
2.470343
2.578497
2.571820
2.522154
2.110351
1.665482
1.355033
0.745550
-0.070441
-0.578436
-0.814989
-0.886119
-0.900788
-0.744332
-0.364116
0.072802
0.394195
0.465481
0.768494
0.812788
0.599851
0.641211
0.919421
1.114403
1.454666
1.623208
1.540221
1.437988
1.435191
1.279232
1.027319
0.518890
0.026354
-0.278755
-0.556897
-0.879651
-1.098678
-1.091507
-0.700515
-0.409512
-0.117424
0.219871
0.398753
0.484107
0.754111
0.490735
0.141613
-0.173137
-0.513545
-0.946658
-1.016889
-0.884685
-0.755160
-0.450281
-0.385814
-0.149958
0.030250
0.170640
0.035970
-0.287950
-0.560045
-0.682723
-0.887784
-1.063603
-1.080121
-1.186920
-1.334638
-1.440802
-1.279251
-1.233670
-1.333080
-1.045431
-0.522426
0.099171
0.414305
0.759828
0.748234
0.563974
0.416837
0.353903
0.340645
0.190145
-0.067182
-0.297826
-0.474614
-0.349601
-0.088158
-0.041296
0.124435
0.298871
0.097054
-0.046156
-0.189577
-0.448930
-0.397044
-0.451465
-0.397589
-0.340727
-0.612294
-0.633936
-0.814983
-1.231312
-1.429832
-1.163823
-0.507058
0.239664
0.787805
1.185219
1.208397
1.261917
1.167313
1.219840
1.143446
0.765806
0.518588
0.273896
-0.039833
-0.231015
-0.564063
-0.713147
-0.752776
-0.764836
-0.526643
0.091276
0.563328
1.015369
1.580204
2.088352
2.235495
1.804661
1.439834
1.064149
0.705632
0.170764
-0.095709
-0.213297
-0.911124
-1.769980
-2.068265
-1.804025
-1.389670
-0.565538
0.222612
0.931206
1.232028
1.403219
1.566758
1.355350
0.749802
0.249171
0.016035
-0.072765
-0.247336
-0.345044
-0.535429
-0.482676
-0.509849
-0.665914
-0.508188
-0.226589
0.031818
0.508624
0.788068
1.201824
1.369640
0.940616
0.588597
0.457746
0.013301
-0.507422
-0.827577
-0.904630
-0.874879
-0.703474
-0.627971
-0.704819
-1.126386
-1.182560
-0.813419
-0.391573
-0.058558
0.306024
0.503793
0.621409
0.634573
0.587608
0.363123
0.163901
0.186500
0.244947
0.647281
0.716980
0.445012
0.245810
0.078790
0.259220
0.181451
0.255102
0.267451
0.035262
-0.232389
-0.369864
-0.505904
-0.558599
-0.717110
-0.484142
-0.074500
0.074206
0.023305
0.020742
0.072891
-0.084823
-0.064854
-0.056995
0.094583
0.314848
0.443127
0.511335
0.663750
0.900755
1.015604
0.956596
0.966968
1.011671
0.412034
-0.136259
-0.434583
-0.652934
-0.947630
-1.155418
-1.298338
-1.379688
-1.385862
-1.041880
-0.795988
-0.509507
-0.458856
-0.090273
0.201697
-0.047626
0.041081
0.147718
-0.112089
-0.055853
0.122166
0.102949
0.007020
0.160098
0.465451
0.700628
0.963769
1.104960
1.076507
1.000686
1.137436
1.237804
1.150945
0.949106
0.873013
0.738091
0.525958
0.197457
-0.153124
-0.156894
0.071193
0.030678
0.082125
0.277519
-0.066875
-0.711437
-1.248135
-1.651750
-1.704293
-1.802812
-1.720828
-1.110749
-0.562177
-0.132333
0.164376
0.627103
0.774078
0.875971
0.906596
0.785935
0.562584
0.278454
0.028563
0.053126
-0.254416
-0.597066
-0.894884
-1.140022
-1.257603
-1.209868
-1.267496
-1.021782
-0.959252
-0.843962
-0.480285
-0.168948
0.178668
0.451166
0.454510
0.501991
0.439088
0.027955
-0.220204
-0.201577
-0.066171
0.161947
0.367054
0.626876
0.873656
0.928359
1.049470
0.948484
0.744022
0.703999
0.528908
-0.095184
-0.493182
-0.699192
-0.960835
-0.940132
-0.995632
-0.930171
-0.647792
-0.206525
0.095819
0.285729
0.414823
0.877238
0.983930
0.835092
1.182315
1.094045
0.757393
0.436834
0.025378
-0.238097
-0.276396
-0.358160
-0.430024
-0.566701
-0.545822
-0.587592
-0.312470
0.209236
0.761431
0.977285
1.327800
1.457823
1.619245
1.819154
1.892984
1.810518
1.666993
1.625301
1.441240
1.030258
0.868568
1.022688
1.181114
1.150444
0.876647
0.393442
-0.052027
-0.400759
-0.525427
-0.825581
-1.216725
-1.432637
-1.419010
-1.282478
-1.052538
-0.677065
-0.369614
-0.305705
-0.222167
-0.393492
-0.667005
-1.043216
-1.462893
-1.817011
-1.871873
-1.692693
-1.567248
-1.192774
-0.693802
-0.294381
-0.021336
0.128801
0.381261
0.517938
0.665682
0.912003
0.597818
0.221134
0.203698
0.227016
0.164729
-0.133735
-0.339812
-0.343041
-0.200543
-0.187413
-0.192000
-0.195048
0.048558
-0.039155
0.076608
0.477718
0.339140
0.030054
-0.085188
-0.067341
-0.167193
-0.196359
-0.487711
-0.454720
-0.496982
-0.483595
-0.509598
-0.577758
-0.369034
-0.175823
-0.102057
-0.255910
-0.531598
-0.804797
-1.155447
-1.252459
-1.237856
-1.036915
-0.743840
-0.726564
-0.452457
-0.187733
-0.089744
0.011865
0.070409
0.120214
0.077760
-0.011150
-0.130419
0.004994
0.116087
0.587886
1.267876
1.921254
1.976531
1.365725
1.028322
0.804220
0.565676
0.429547
0.023449
-0.199567
-0.556825
-0.738138
-0.717319
-0.781083
-1.040149
-1.114075
-1.038048
-0.905362
-0.489399
-0.240997
0.206866
0.471027
0.737118
1.086778
1.304927
1.549255
1.837103
1.591332
1.381818
1.066218
0.508363
0.025645
-0.191883
-0.195038
-0.235691
-0.334399
-0.200780
-0.116359
0.169405
0.576073
0.695484
0.943950
1.138900
0.926792
0.605145
0.342352
0.168934
0.232115
0.344514
0.186886
0.133061
0.263387
0.424046
0.389105
0.390922
0.585890
0.695829
0.820776
1.129820
1.174052
1.358116
0.846710
0.255332
-0.101890
-0.517967
-0.738664
-0.860095
-0.357260
0.101978
0.320398
0.668948
0.973629
0.825747
0.627083
0.260501
-0.218914
-0.780685
-1.481116
-1.804114
-2.397107
-3.032796
-3.482085
-3.727375
-3.432485
-3.022905
-2.412171
-1.583715
-0.890452
-0.077386
0.443068
0.912584
1.392345
1.676554
1.721206
1.835893
1.840324
1.932592
1.869665
1.694817
1.596098
1.375871
1.287982
1.165882
1.149984
0.809245
0.883526
0.816663
0.567570
0.440495
0.283590
0.077036
-0.114678
-0.160332
-0.427561
-0.601409
-0.781324
-1.157280
-1.137640
-1.172096
-1.186024
-0.886979
-0.575500
-0.499077
-0.689984
-0.727833
-0.717347
-0.555828
-0.401020
-0.232385
-0.238903
-0.197507
0.031669
-0.053233
-0.208599
-0.419933
-0.580910
-0.585058
-0.679030
-0.774253
-0.863216
-0.732439
-0.543754
-0.203162
0.071441
0.061859
0.281999
0.390943
0.212604
-0.147332
-0.271629
-0.253059
-0.274202
-0.117449
0.045321
0.241892
0.582314
0.766527
0.905932
0.986884
1.002203
1.043621
0.783774
0.365623
-0.224118
-0.799229
-1.293974
-1.661881
-1.950632
-2.258484
-2.318582
-2.351204
-2.480904
-2.195060
-1.463438
-0.964662
-0.392342
0.254384
0.714231
1.145666
1.138514
1.082227
0.945939
0.747046
0.600074
0.462952
0.294108
0.216681
0.059188
-0.271908
-0.319139
-0.313974
-0.341790
-0.190205
0.223764
0.695080
0.967955
1.061109
0.936770
0.916186
1.108658
1.153693
1.132010
0.833717
0.719334
0.917607
1.116583
0.998576
0.917534
0.919505
0.904337
1.092446
1.289041
1.596590
2.056257
2.666958
3.116011
3.191769
2.911445
2.253792
1.551570
0.652742
-0.054201
-0.694851
-1.316823
-1.840942
-1.862339
-1.645504
-1.306353
-0.773313
-0.140161
0.378059
0.924387
1.565011
1.822655
1.988653
2.193259
2.118188
1.748137
1.359079
0.720245
0.059858
-0.146270
0.221103
0.491605
0.705266
0.551710
0.304270
-0.019593
-0.259834
-0.674412
-1.146586
-1.357832
-1.627839
-1.656102
-1.600500
-1.595869
-1.756989
-2.112057
-2.170067
-2.056388
-2.209543
-2.076575
-1.795263
-1.873148
-1.780202
-1.597641
-1.463673
