-0.110233
-0.637759
-0.858599
-0.814781
-0.390877
0.017548
0.233560
0.785843
0.550940
0.409440
0.863734
0.696272
0.037322
-0.335458
-0.828832
-1.557854
-1.765292
-1.956325
-1.668182
-1.325954
-1.029323
-0.419934
0.131836
0.793681
1.117704
1.114252
1.510868
1.013943
0.299923
0.069084
-0.409098
-0.818214
-0.960466
-1.468167
-1.597696
-1.316153
-1.203620
-0.909105
-0.627433
-0.835231
-0.818094
-0.463976
-0.022202
-0.135838
-0.824092
-1.170940
-1.052111
-0.956339
-0.714145
-0.537977
-0.208375
-0.307343
-0.261273
-0.061773
0.025276
0.478111
0.004877
-0.335332
-0.118169
0.045912
0.018159
-0.360823
-0.239619
0.262822
0.481913
0.647222
0.919306
0.845376
0.615148
0.687524
0.845338
0.648444
0.461731
0.575342
0.204664
-0.172909
0.122652
0.109207
0.085099
-0.037261
-0.126678
-0.705823
-1.089057
-1.008902
-0.877225
-0.248573
-0.299840
-0.028392
0.471141
0.873547
1.167143
1.538180
1.281359
0.761097
0.542464
0.485813
-0.030116
-0.548862
-0.716878
-1.090881
-1.394612
-1.101804
-0.756312
0.121938
0.643524
0.625902
0.706741
1.196235
1.242103
0.989372
0.831717
0.184646
-0.447524
-0.411320
-0.567054
-0.982320
-1.290717
-1.226135
-0.899352
-0.770420
-0.716337
-0.288046
0.041225
0.250227
0.687829
0.731550
0.760809
0.799529
0.885276
1.086775
0.970004
0.808825
0.057713
-0.580889
-0.887742
-1.184643
-0.991099
-0.797892
-0.437594
-0.018665
0.614972
1.094569
1.425011
1.514357
1.862915
1.552921
1.216309
1.147447
0.916956
1.084959
0.419246
-0.230986
-0.480505
-0.308613
-0.331028
-0.136398
-0.031540
0.275931
0.692873
0.926429
0.945869
0.737445
0.842910
0.339334
-0.284195
-0.612941
-0.803666
-0.913648
-1.149705
-1.053498
-0.722531
-0.408383
-0.331531
-0.414719
-0.392354
-0.682146
-0.711231
-0.140290
0.162343
-0.084285
-0.531918
-0.672281
-0.869005
-1.028277
-1.308827
-1.366396
-1.181603
-1.140302
-0.829253
-0.357134
0.472797
1.099846
1.441096
1.501335
1.895030
2.081212
2.373711
2.037853
1.461881
1.100415
0.559489
0.155757
-0.385633
-0.936854
-0.927244
-0.844501
-1.139587
-0.875827
-0.493906
-0.786168
-0.877182
-0.658328
-0.645048
-0.598010
-0.557785
-0.691966
-1.160881
-1.351249
-0.883018
-0.584799
-0.387353
0.113719
0.200613
0.077948
0.287099
0.580315
0.731155
0.960237
0.905904
0.753243
1.032257
1.301501
1.100823
1.188107
0.591500
-0.168836
-0.453863
-0.532366
-0.633027
-1.120798
-0.918096
-0.364202
-0.066528
0.245295
0.658918
0.967142
0.924689
0.786617
0.682069
0.529103
0.473579
-0.162661
-0.792975
-1.159418
-1.376441
-1.348944
-1.097969
-0.218002
0.507506
1.115082
1.833047
2.076572
2.085136
1.793904
1.507103
1.288139
1.192396
1.089337
1.111871
-0.064346
-0.969026
-1.261268
-1.457092
-1.811833
-2.096869
-2.114979
-2.476318
-2.507195
-2.464672
-2.046905
-1.885454
-1.604538
-0.823461
-0.070696
0.426263
1.013557
0.980133
0.615526
0.721462
0.650868
0.346251
0.151083
0.006223
-0.399841
-0.976324
-1.298773
-1.603383
-1.792802
-1.816380
-1.778899
-1.660916
-1.083569
-0.360956
0.228016
0.501373
1.003043
1.537162
1.956710
2.284442
2.635637
2.685612
2.749991
2.540030
1.910252
1.616234
1.406080
1.067539
0.192179
-0.397392
-0.597140
-0.751357
-0.764781
-0.508435
-0.213460
-0.222669
0.001538
0.377912
0.731439
0.857499
0.459603
0.359652
0.611057
0.910482
1.232095
1.428157
1.326630
1.058012
1.204630
1.023079
0.731401
0.287631
-0.060024
-0.709305
-1.031990
-1.110029
-0.991931
-0.612566
-0.081795
0.033081
0.147105
0.612319
0.818232
0.914697
1.227271
0.622659
-0.081690
-0.448093
-0.769187
-1.196663
-1.127195
-1.193623
-1.261693
-0.607028
-0.232872
-0.031845
-0.042132
0.199910
-0.106921
-0.636542
-0.659596
-0.579348
-0.743401
-0.947181
-1.265954
-1.686881
-1.783990
-1.761707
-1.421743
-1.293462
-1.413918
-1.083826
-0.327758
0.172518
0.612838
1.016167
0.779425
0.414629
0.466624
0.466742
0.525642
0.348977
0.494224
0.302745
-0.050588
0.096634
0.402853
0.384172
0.428584
0.558690
0.099378
-0.438529
-0.529263
-0.680391
-0.620461
-0.686144
-0.697426
-0.558947
-0.951099
-1.050271
-0.740597
-0.706162
-0.640730
-0.181517
0.359355
0.558142
0.898642
1.285572
1.165330
1.451192
1.193510
1.106479
1.090988
0.948156
1.030158
0.522760
-0.137892
-0.212395
-0.452928
-0.328921
-0.002215
-0.017541
0.111964
0.831342
1.233108
1.466129
1.902262
2.494828
2.367157
1.639131
1.213544
0.704002
0.289169
-0.259359
-0.868244
-0.930551
-1.369770
-2.071218
-2.195231
-1.887168
-1.401549
-1.110525
-0.566341
0.112886
0.388951
0.735110
1.146683
0.897481
0.335940
0.048194
0.072239
0.116693
0.060675
0.320298
0.172478
0.009366
0.126414
-0.055244
-0.019361
0.089578
0.173883
-0.013338
-0.207216
-0.020522
0.025542
-0.253008
-0.738031
-0.592299
-0.963606
-1.425827
-1.278865
-1.071012
-0.812581
-0.760233
-0.374744
-0.465598
-0.813251
-0.657617
-0.227077
0.414255
0.579108
0.557043
0.641278
0.485205
0.429740
0.302013
-0.258420
-0.565575
-0.465961
-0.469841
0.000512
0.003994
-0.165248
-0.024954
0.075466
0.581431
0.638628
1.169002
0.813595
0.395561
0.308352
0.073937
0.063112
0.003665
-0.551923
-0.653201
-0.397046
-0.369479
-0.428978
-0.205044
-0.443092
-0.480359
-0.010585
0.372383
0.771608
0.954548
1.324623
1.103774
1.055063
1.551414
1.609146
1.536775
1.397504
0.783302
-0.136913
-0.701657
-0.900662
-1.080774
-1.276206
-0.923197
-1.088969
-1.257802
-0.890354
-0.633742
-0.268414
0.138117
-0.026027
0.254800
0.520625
0.229137
0.406520
0.384103
-0.217111
-0.526058
-0.468874
-0.493918
-0.532621
-0.280146
0.149571
0.127175
0.434647
0.896712
1.087205
1.149460
1.532174
1.353411
0.956232
0.944235
1.004771
0.997358
0.455483
-0.000192
-0.186754
-0.268155
-0.078209
-0.199937
-0.212604
0.090809
-0.237682
-0.691675
-0.645761
-0.668061
-0.728750
-1.141567
-1.122481
-0.563380
-0.296627
-0.094177
-0.046922
0.345478
0.071360
-0.181294
-0.145921
-0.136854
-0.174340
-0.059347
-0.423606
-0.543670
-0.531346
-0.630256
-0.827938
-1.191663
-1.106222
-0.753562
-0.523911
-0.090279
0.202464
0.407054
0.831299
0.600741
0.411354
0.580491
0.437332
0.569218
-0.024358
-0.502768
-0.421151
-0.251202
0.129970
0.692437
0.857252
0.788389
0.924995
1.136613
1.350012
1.304758
1.137870
1.163022
0.807458
0.156538
-0.007007
-0.171399
-0.251005
-0.447687
-0.882125
-0.953553
-0.619575
-0.324770
0.252037
0.176003
0.175920
0.640707
0.910284
0.807658
0.917519
0.742701
0.650091
-0.095525
-0.870474
-1.321125
-1.286888
-1.161467
-1.175947
-0.968390
-0.576727
-0.405150
-0.013894
0.813498
1.229358
1.258154
1.594448
1.671828
1.713385
2.097601
1.963132
1.719453
1.851919
1.805152
1.517686
1.114305
0.630693
0.142918
-0.337777
-0.669406
-0.989843
-1.551491
-2.368605
-2.552284
-2.180307
-1.864671
-1.727651
-1.461829
-0.779520
-0.543353
-0.200755
0.310006
0.445308
0.369278
0.465768
0.190125
-0.426212
-0.935697
-1.202701
-1.543876
-1.386648
-1.103430
-1.255389
-1.190335
-0.682621
-0.512493
-0.117230
-0.310660
-0.461530
-0.302250
0.093857
0.309803
0.168922
-0.272568
-0.516073
-0.491254
-0.121439
-0.245650
-0.335945
-0.337553
0.056023
0.071938
-0.154658
-0.079681
0.426455
0.397234
0.680762
1.147609
0.834180
0.325197
0.338438
0.580241
0.461427
0.199418
0.077771
0.187960
0.286839
0.303042
0.422832
0.643103
0.588059
0.440800
0.602376
0.649442
0.106945
-0.653205
-0.983289
-1.167440
-1.296882
-1.431626
-1.237334
-1.589843
-1.643619
-1.333644
-1.219724
-1.028148
-0.813490
-0.609660
-0.290454
-0.397386
-0.388834
0.140770
0.491742
0.895340
1.542207
1.782291
1.695627
1.429768
1.107901
1.215173
0.639245
0.106688
-0.146777
-0.405759
-0.745619
-0.730975
-0.928836
-1.079593
-1.084131
-0.725551
-0.413746
0.037800
0.224255
0.436948
0.957774
1.339937
1.576603
1.762798
1.869822
1.634666
1.451886
1.240758
0.848274
0.631438
-0.089952
-0.578947
-0.459827
-0.163068
0.159639
0.565151
0.349793
0.371685
0.778776
1.102884
1.091717
1.158180
0.717527
0.173533
-0.125890
-0.062589
-0.044483
0.400990
0.531522
0.348044
0.584147
0.883114
1.218506
1.030462
0.662875
0.890209
0.943689
0.869567
1.009558
0.841518
1.203241
0.601287
-0.091002
-0.209571
-0.251914
-0.361944
-0.353743
0.380409
0.765238
0.796998
1.131730
1.191689
0.949560
0.797126
-0.000174
-0.780841
-1.212716
-1.805462
-1.735324
-2.425935
-3.238677
-3.612670
-3.900234
-3.482594
-3.525496
-3.405986
-2.663276
-1.929697
-1.131237
-0.453741
0.016477
0.721161
0.604817
0.432347
0.489207
0.492856
0.671589
0.892239
0.610397
0.267319
0.232069
0.426025
0.878007
0.711989
0.244889
0.557540
0.631570
0.568628
0.723684
0.396134
-0.065046
-0.065988
0.323742
0.304866
0.545825
0.037636
-0.475831
-0.376061
-0.415858
-0.431205
-0.306391
0.129747
-0.226576
-0.600408
-0.274534
-0.037643
0.224535
0.477557
0.676613
0.300828
-0.093126
-0.044722
-0.069253
-0.250128
-0.420013
-0.533841
-0.614274
-0.576496
-0.243308
-0.346767
-0.194294
0.170659
0.043126
-0.086412
0.123076
0.453659
0.581616
0.150849
-0.119273
-0.113681
0.133226
0.406368
0.586721
0.925979
1.379215
1.850890
1.918062
2.009768
1.584511
1.007726
0.762956
0.240145
-0.470377
-1.083720
-1.976284
-2.403529
-2.535181
-2.428305
-2.266515
-1.816437
-1.557256
-1.560027
-1.008608
-0.010205
0.570863
1.089863
1.026097
1.190393
1.396804
1.091689
0.803998
0.646580
0.188568
-0.432135
-0.741096
-0.642082
-0.510980
-0.250427
-0.563567
-0.693067
-0.314530
-0.124057
0.349975
0.461318
0.567472
0.886189
0.993076
0.921566
0.747936
0.676213
0.505581
0.407729
-0.085948
-0.444965
-0.290870
-0.057485
-0.194529
0.010162
-0.208087
-0.449659
-0.231722
0.221597
0.578888
1.115479
1.526864
1.603029
1.618449
1.367481
0.676430
-0.061847
-0.440606
-0.747539
-1.050693
-1.180250
-1.341737
-1.217376
-0.591578
-0.122841
0.198835
0.711740
1.313152
1.653627
2.031752
2.035266
1.710323
1.873094
2.154710
2.019895
2.085728
1.489269
0.866441
0.848880
1.278883
1.669797
1.994317
1.890465
1.157229
0.486965
0.430752
-0.050919
-0.599146
-0.844556
-1.456828
-1.787754
-1.647898
-1.864495
-2.124808
-2.686848
-2.603341
-2.471320
-2.430504
-2.055709
-1.431767
-1.595286
-1.410845
-1.272102
-1.342102
