-0.996964
-1.223369
-0.468112
1.214754
0.595712
-0.659425
-0.775535
-1.657567
-2.343959
-1.497758
0.743409
2.405082
2.477442
0.363123
-0.604177
0.483524
1.815078
1.274535
-0.513435
-1.448512
-1.590704
-0.341858
0.771197
0.884763
0.743271
1.345174
1.048041
-0.140947
-0.346702
0.086266
0.008863
0.080745
-0.864105
0.086706
1.070986
1.014370
0.290811
0.394003
1.347688
1.684567
1.588143
1.212052
0.275799
-0.854877
-1.555057
-0.825279
-0.327581
-0.566158
-1.574551
-2.096620
-0.450184
0.864763
1.148798
0.220439
0.283684
-0.604819
-0.999112
-0.709444
-0.474006
-0.871732
-1.792352
-2.624122
-1.944586
-0.590970
-0.752194
-2.201862
-2.596152
-1.822697
-1.054317
-0.479783
-0.805155
-0.923753
0.542437
1.243403
0.490545
0.241606
1.703520
2.142326
1.444014
0.325090
-0.650636
-0.958168
-0.254143
-0.216090
-0.216317
-0.276084
-0.696553
-0.460789
0.194648
-1.508294
-1.781014
-0.537989
0.069492
0.692034
0.854023
0.844749
0.715528
0.272619
0.468322
0.861060
0.141813
-0.498941
-0.454232
0.012359
0.404956
1.318929
1.409664
0.849821
1.683290
0.967819
0.252699
-0.236794
-0.368142
-1.011657
-0.859217
-0.831255
-0.330528
-0.295369
0.650332
1.086114
-0.299117
-0.950844
0.534382
1.097013
1.000719
0.098563
-0.562857
-0.791284
-1.584713
-1.152457
-0.025786
1.863847
2.562480
1.780535
0.110380
-1.248561
-0.764001
0.788986
1.269435
0.160869
-1.093917
-0.662179
0.612607
1.408897
0.889270
-0.395034
-0.580362
1.050615
1.603524
0.830995
0.449219
-0.069291
-0.542907
1.084885
1.746975
1.016449
1.617501
2.084332
0.254314
-0.886287
-0.608941
-0.193665
-1.004302
-1.513889
-1.642562
-1.276170
0.286080
1.406597
1.427605
0.677138
0.199019
-0.297072
-0.053574
-0.216142
-0.398122
0.060643
-0.278630
-1.285933
-0.928096
0.420672
1.447782
1.949544
2.057592
2.204400
1.906213
1.861338
1.044674
0.554897
-0.160636
-0.213604
-1.162949
-0.338226
1.500124
1.796641
0.988839
0.531296
0.587735
0.637303
0.721230
0.775993
0.730379
0.195679
-0.575760
-1.586350
-2.142470
-2.248927
-1.067023
-1.180239
-0.443367
-0.305743
-0.569115
-0.668421
0.772978
1.485720
-0.010118
-0.488164
-0.702575
-0.506754
-0.169152
-0.414401
-1.842611
-2.696359
-1.710367
-0.852113
-1.799757
-1.334182
0.098831
0.856570
1.148261
-0.274134
-1.227805
-0.791827
0.175302
-0.360313
-1.482761
-2.078502
-1.627424
-0.738074
0.448590
1.416203
1.074581
-0.551152
-0.342165
0.558108
1.164482
0.934075
-0.680858
-1.646934
-1.314732
-0.119697
-0.081259
0.249918
0.411154
-0.607231
-1.550557
-1.134985
-1.182856
-0.823854
-0.081555
0.832148
0.926424
-0.410844
-1.094929
-0.283581
0.082532
0.715228
0.556352
0.223168
0.169194
0.580751
-0.120282
-1.178661
-1.641774
-1.752606
0.053184
0.814060
0.725076
1.410080
1.550874
1.851772
3.050885
3.972131
2.340051
-0.022427
-0.812330
0.315460
0.044908
-0.287420
-0.241883
0.288285
0.505441
1.388232
1.126437
1.214848
1.096715
1.106488
0.385074
0.030534
0.322998
-1.424240
-1.741201
-0.844977
-0.142432
0.172852
-0.492687
-1.146491
-1.251929
-0.149044
0.537335
1.804825
1.779126
0.678452
-0.207509
-0.320454
-0.573060
-0.957924
-0.982826
-0.255387
0.257598
-1.195652
-1.888715
-0.735797
0.117850
0.387320
0.086509
-0.049757
-0.391301
-0.944549
-0.982895
-0.311388
0.340514
0.416045
0.240905
-0.806458
-1.443335
-0.904395
-1.108586
-1.250345
-1.302687
-0.207364
0.009065
-0.195531
0.722937
0.903382
0.877993
0.348147
-0.196835
-0.350480
0.174874
1.003488
0.785797
-0.201623
-1.417020
-1.135420
-0.554874
-0.281765
0.742070
0.137434
-0.843773
-0.871600
-0.988711
-0.799308
0.038176
-0.432254
-1.500214
-0.871536
0.457352
0.388240
-0.067367
-1.172612
-0.639431
0.491482
1.543242
2.218333
1.899126
1.755417
0.862680
0.200292
0.309817
0.862800
1.213010
0.845281
0.498695
0.898335
-0.006976
-0.853213
-0.820727
-0.576547
-0.667509
0.046208
0.396810
1.343476
0.734517
0.051617
0.094465
-1.181591
-0.057391
0.515240
1.361223
1.752931
1.572432
1.322658
0.957941
0.371476
0.042058
0.653984
0.584891
0.115348
-0.104150
-0.709244
-0.706369
-0.268717
-1.454652
-1.482844
-1.429015
-0.935762
-0.283478
1.255575
1.282483
0.304091
0.249353
0.305390
0.454663
0.097776
-0.393575
0.103452
0.576184
0.144244
-0.034959
0.713415
1.118483
0.096866
0.043104
0.781532
0.335838
-0.106658
-0.506748
-0.843892
-0.532353
0.632384
0.810650
0.144456
-0.220240
-0.028629
0.453102
0.727014
0.798848
1.079534
0.655542
-0.026608
0.220709
0.001840
-1.192980
-0.469697
0.577535
0.758594
0.096448
-0.622319
-0.230514
0.029373
0.110396
-0.018211
0.510925
-0.058790
-0.295576
-1.126494
-1.342054
-0.932660
-0.304316
-0.378287
-1.907462
-3.146802
-1.569707
0.364124
0.294937
-0.357938
-0.471163
-0.437257
-0.497055
-0.783538
-0.752484
-0.529831
-1.069533
-2.280325
-2.090918
-0.731724
-0.061630
-0.365854
-0.580234
0.092047
0.704442
0.953708
0.555130
-0.234525
-0.925306
-1.341868
-0.365060
-0.919999
-0.723599
-1.676473
-2.226693
-1.178211
-0.541978
0.350723
1.075018
1.605697
0.903481
-0.787975
-1.293149
-0.204939
-0.456377
-1.809547
-1.126216
-0.865112
-0.395649
0.788416
2.051639
2.557080
2.695476
2.733855
2.541128
1.501695
1.330995
0.295441
-0.312841
0.626198
1.492351
1.846093
0.621075
-0.273688
1.052354
1.931921
1.477361
-0.847440
-0.762509
0.329705
-0.054303
-0.046158
-0.021751
0.458988
-0.337679
-0.664096
-0.293748
0.487643
-0.037481
0.396975
1.781771
1.383134
-0.650850
-1.110346
-0.230129
-0.316961
0.001497
-0.312652
-0.652872
-0.222384
0.030091
-0.697257
-0.850659
-1.489629
-1.033643
0.671728
1.083981
0.527920
-0.502739
-0.306154
0.869436
1.740386
1.579454
0.719161
1.324764
1.083711
0.645562
1.733743
0.807985
-0.880892
-0.544671
1.071236
2.002964
1.328826
-0.485083
-0.950738
-0.988855
-0.823578
-0.233681
-0.966468
-0.950652
-0.239191
0.101246
0.128900
0.917476
0.462046
-0.477144
-0.370396
-1.361170
-1.186939
-0.448785
-1.151363
-2.059358
-2.309729
-1.325561
-0.812955
-0.369238
1.464951
2.473636
2.003548
0.605470
-0.236713
0.235160
0.637770
-0.597198
-1.762563
-1.185170
-0.884279
-0.259640
0.501343
0.742574
1.189480
1.022125
2.050507
2.108336
0.341450
-0.296434
-0.272922
0.989485
0.161690
-0.177269
0.070079
-0.485446
-0.649369
-0.526926
-0.590180
-0.606607
-0.616528
0.137729
0.373217
0.278261
1.000764
-0.645318
-1.406874
-1.645421
-1.859144
-1.227319
-1.361797
-1.611021
-2.369926
-2.954870
-2.325598
-1.080829
-0.167950
-0.219419
-0.443872
-0.373394
-0.340290
-0.905104
-1.135283
0.420523
0.981495
0.205560
-0.294467
-1.079881
-0.959710
-0.583290
0.403080
1.201416
-0.331122
-1.080370
0.419717
1.187009
1.393712
1.184838
0.781301
0.055345
-0.120198
0.387866
1.109008
1.305213
0.585044
-0.158855
-1.407916
-1.946575
-1.518157
-0.979622
-0.018969
1.068299
1.549223
1.345131
1.172946
1.758481
1.083920
1.031697
1.053654
-0.002886
0.444641
0.544476
-0.980094
-1.813979
-1.240274
-0.353829
0.663311
0.766269
0.566257
0.215741
0.071522
-0.766861
-0.538460
1.124925
1.364763
0.290198
-0.506393
-0.612534
-0.101252
-0.098797
-0.283525
0.847010
1.017859
1.811228
2.027439
1.995021
0.701480
0.489008
0.642430
0.414086
0.672345
0.141586
-0.247196
0.710492
-0.615970
-2.403565
-1.611430
0.655126
1.381561
-0.002017
-0.022805
1.265237
1.817307
2.104917
1.234534
-0.048597
0.010343
0.329608
0.434909
0.146543
-0.423365
-0.656692
0.132539
-0.497383
-1.184960
-0.037351
-0.218071
-0.206886
-0.563982
-0.813044
0.011413
0.127131
-0.986550
-1.974519
-2.060066
0.050694
1.182374
0.790780
0.595619
-0.342138
-1.254310
-1.131152
-0.193717
0.391590
0.408584
0.096576
0.280900
0.907540
0.547450
-0.506719
-0.347265
-0.835988
-1.064360
-0.716754
-0.736620
-0.451411
-0.639895
-0.522279
0.108354
0.565575
0.466439
0.352836
0.483507
0.011542
-0.528121
-0.403605
0.039158
0.079784
-1.428930
-1.104752
1.068393
1.259726
0.929377
0.340142
0.099291
0.567168
1.073428
-0.392800
-0.964366
-0.738476
0.160257
0.529947
-0.220999
-0.521044
-0.074926
0.693665
0.312073
0.128027
-0.221580
-0.242493
0.389000
0.051124
-0.572133
0.724476
1.139851
-0.421955
-0.824647
-0.621689
-1.027127
-1.700749
-1.340770
-1.208821
-0.930281
-0.487421
-0.187182
-0.646094
-0.499546
-1.448935
-2.157357
-1.466841
-0.838701
-1.151221
-2.072675
-1.422065
0.275699
0.043712
-0.822694
-0.094682
0.332530
0.222859
-0.510017
0.071016
0.432545
0.566315
0.681919
1.922292
3.088952
1.957964
1.496290
1.502085
-0.006287
0.483889
1.191493
1.411058
1.361928
0.211618
-0.226681
-0.723946
-0.658388
0.247814
0.755575
0.763851
0.306497
-0.112077
-0.568398
-0.760923
-0.798113
-1.552434
-2.518352
-1.084566
0.120245
0.642840
0.565806
0.496798
0.097904
0.259445
-0.190910
-0.696904
-1.206814
-0.117247
0.684121
-0.135376
-1.136113
-0.350780
0.502579
-0.074969
0.010739
0.695565
1.015698
0.874108
0.444899
0.093419
0.637915
0.380031
0.500386
0.118948
0.154181
-0.368021
-2.088307
-2.001892
-0.834701
-0.453323
-0.095905
-0.623719
-1.310321
-0.431760
0.512479
0.373458
0.246272
0.299749
-0.090625
0.280575
0.442018
0.174589
0.711323
0.370364
-0.380694
0.271918
0.424541
0.696377
1.168291
0.317760
0.197769
0.733599
0.869505
-0.173169
0.135783
-0.350565
-0.244101
-0.541639
-0.400958
1.284524
1.239755
0.151806
-0.207831
0.368457
0.091933
-0.285845
-0.124535
0.176681
0.260548
0.945253
0.789434
0.280018
-0.209527
-0.649263
-0.089610
-0.074207
-0.493951
-0.114327
0.582840
0.429947
0.648651
0.521102
1.371535
1.584107
1.264529
1.278836
0.673041
-0.158310
-0.415082
-0.053639
0.213856
1.483720
1.591951
0.429904
-0.774619
-0.511849
1.166490
1.314765
0.065480
-0.076634
-0.221447
0.235802
-0.094659
-0.287904
-1.056654
-0.435602
1.140156
0.800186
-0.521729
-0.791451
-0.427354
-0.496078
-0.773790
-0.902941
-1.467068
-1.227748
-0.212327
0.722048
1.322108
0.917195
0.738099
-0.159070
-0.746580
0.317754
0.184599
-0.298399
-0.556000
-0.815035
-0.578541
0.793222
2.349968
1.218625
-0.678545
-0.813289
-0.359301
-0.392286
-0.046201
2.134508
1.502916
-0.286576
-0.294722
-0.281174
-0.105087
0.146988
-0.070998
-0.844561
-1.940775
-2.363731
-1.658186
