1.119579
0.948488
-0.365746
-1.325386
-1.105194
-0.336216
0.939838
1.302910
1.303244
1.252264
1.386704
0.921063
-0.385153
-0.595742
-0.464311
-0.508101
-0.368519
-0.937637
-0.906379
-0.414397
-0.352207
-0.444815
0.379221
0.976693
0.021920
-1.231875
-1.962620
-1.145778
0.745907
1.579976
1.351760
0.897235
0.193310
-0.292647
0.438309
0.564565
-0.313434
-1.426452
-2.591291
-2.852349
-2.242678
-0.989346
0.697769
2.066494
2.225299
2.088647
1.439602
0.070013
-0.511193
-0.897025
-1.540987
-2.773559
-2.391349
-0.528985
0.370513
0.389847
1.118770
1.675330
2.019356
2.743230
2.568298
1.777954
1.088908
0.393622
0.784585
1.065768
2.135199
2.203432
0.903929
-0.032290
0.916038
1.338886
0.558435
-0.454246
-1.188019
-1.373535
-0.963653
-0.808021
-0.307345
0.731405
0.858126
-0.558178
-1.563680
-1.875722
-1.877556
-1.413082
-0.874811
-1.380239
-1.575669
-1.485691
-0.836824
0.091097
0.034174
-0.186692
-0.409190
0.096248
0.683885
1.039206
1.015410
1.136633
0.940469
0.630310
0.324880
-0.349958
-0.740459
-0.399342
0.180173
-0.062833
-0.636625
-0.831614
-0.339499
0.318199
0.561244
0.763933
0.538324
0.557608
0.078593
-0.234001
-0.039413
0.285129
0.442648
0.296187
0.211869
0.118913
0.558455
0.568384
0.416333
0.929714
1.189623
0.660197
-0.714098
-1.178400
-0.488524
-0.222463
0.237515
0.417994
-0.072303
-0.448910
-0.944748
-1.087670
-1.000328
-1.191252
-1.094194
-0.841176
-0.205198
0.203036
-0.448115
-0.427453
-0.698750
-0.252959
1.335012
1.970144
0.766087
-0.746414
-1.274201
-0.966291
-0.347753
-0.680194
-1.192096
-0.678749
0.211565
0.693474
0.602452
0.393698
0.466090
-0.794556
-1.675843
-1.864521
-1.847115
-1.380627
-1.568324
-1.090725
-0.059588
1.183344
2.581129
2.751758
1.304422
-0.298458
-0.711695
-0.896484
-1.832862
-2.140803
-2.062355
-2.295561
-1.838467
-0.166038
0.759988
0.393391
1.054628
1.870431
1.333421
0.072831
-1.456436
-2.085839
-2.002046
-1.828666
-1.446800
-0.389690
1.031970
1.413501
1.381010
1.837070
1.771285
2.040575
1.630027
1.039536
0.728176
-0.379748
-0.343112
-0.070672
-0.780237
-1.365371
-0.969220
-1.458116
-2.064466
-1.572641
-0.032913
1.641961
2.574959
3.589775
3.891145
3.596039
1.946119
0.541996
0.519488
-0.155265
-0.963826
-1.254591
-0.866813
0.119159
0.944335
1.611205
0.795274
-0.798337
-0.950835
-0.878471
-0.711190
-0.049621
-0.359028
-0.663798
-0.071433
0.929345
1.085772
0.903251
0.504306
-0.006339
0.665243
0.969512
0.022985
-0.960407
-1.950796
-2.384776
-2.433517
-1.317091
-0.658560
-0.353272
0.803610
0.902857
0.434395
1.453904
2.718003
2.574921
1.724876
-0.225974
-2.000926
-1.702556
-0.968503
0.147554
0.957685
0.754099
0.231023
0.299220
0.979057
0.894525
0.365801
-0.260695
-0.326467
-0.156745
-0.738943
-1.537878
-1.497403
-0.983998
-0.327609
-0.041197
-0.283680
0.222406
0.363716
0.628234
0.490410
0.030972
-0.318954
-0.855829
-1.053429
-0.991432
-0.569830
-0.392254
-0.927255
-0.676883
-0.285233
-0.052412
-0.456554
-0.639591
-0.629499
-1.248152
-1.745471
-1.720727
-0.434241
0.558253
0.215739
-0.886197
-1.078121
-0.366305
-0.005360
0.421736
0.406217
0.120626
-0.579096
-1.571145
-0.849097
0.967569
1.989440
1.315861
0.589407
0.276194
1.073458
1.996364
2.081260
1.835770
1.635160
0.940140
0.065939
-0.214777
0.506310
0.576989
0.274669
-0.173279
-0.665843
-0.433055
0.378315
0.345986
-0.004468
0.521001
1.373789
0.829437
0.641812
0.756026
0.519205
0.405022
0.456057
0.565465
0.401713
0.686716
0.975436
0.845685
1.279388
0.971379
0.200350
0.087504
0.206068
0.696840
0.951370
0.917936
0.345556
-0.343843
-0.968013
-1.179340
-0.697952
-0.750497
-0.579068
-0.041736
-0.159206
-0.509493
-0.915892
-0.754298
-0.481624
-0.246276
-0.401134
-1.235013
-1.662188
-1.760732
-1.670509
-1.093594
0.012429
0.143759
-0.190866
-0.313465
-0.630508
0.231680
0.847154
0.530025
-0.058895
-0.375231
-0.660774
-0.829732
-1.305988
-1.746256
-1.251848
-0.312432
-0.020592
-0.241478
-0.375767
-0.563537
-1.178715
-1.104401
-0.154975
0.983287
1.271294
1.091751
0.418306
-0.374320
-0.372169
0.294304
-0.078453
-1.119513
-0.741159
-0.034716
0.451042
0.746753
-0.084452
-1.836736
-2.216602
-1.490299
-0.866936
-0.794353
-0.309955
0.910938
1.601140
1.109324
0.465167
0.340115
-0.551005
-1.142158
-0.496381
-0.452825
-0.616164
0.413130
1.816371
2.077298
1.631034
1.134934
1.096439
0.601906
-0.861297
-2.081647
-1.722758
-0.325016
-0.100987
-0.233065
-0.209882
0.473865
0.830901
0.157925
-1.243092
-1.896116
-1.456103
-0.979986
-0.451530
0.033746
0.494817
0.689342
0.408624
0.309053
0.019937
-0.402388
-0.065506
0.334975
1.368809
0.994156
-0.075359
0.038722
1.115032
1.556991
0.860331
0.253874
0.029364
0.565588
1.505740
1.700615
1.145001
0.250321
0.104930
0.612949
0.891707
0.669791
0.131275
-0.559779
-0.570648
0.226524
0.237155
-0.285359
-0.170814
0.355465
0.397673
0.489330
0.143372
0.344047
0.903257
0.149815
-0.043709
-0.413931
-0.143042
1.151718
1.624644
1.267929
0.102450
-0.521963
0.150068
0.761917
0.554889
0.344507
0.500956
0.346007
-0.850948
-1.340704
-1.162034
-1.130402
-0.357605
-0.667839
-0.738478
-0.542022
-1.536048
-1.627098
-0.391143
0.372726
0.432376
-0.398830
-0.945679
-0.511456
0.447034
0.972484
0.430139
-0.791067
-0.622909
0.710000
1.457165
1.760486
0.450688
-0.564027
-0.372187
0.155437
-0.098679
0.168626
-0.406325
-0.505018
-0.898072
-1.253948
-1.074530
-0.519103
1.203444
1.714151
1.517521
0.430112
-0.013426
0.093604
0.352233
0.673638
0.692335
-0.191793
-0.648803
0.068110
0.749129
0.486592
-0.571092
-0.986488
-0.564414
0.605167
0.970179
-0.768329
-1.569870
-0.845806
-0.903334
-0.744035
-1.071989
-0.770752
-0.777675
-0.844991
-0.085816
0.434512
0.447497
0.799120
1.152322
0.635158
0.095806
-0.971535
-1.381343
-0.564391
-0.552553
-0.531661
0.062068
0.250555
-0.184919
-0.183637
0.310215
1.581996
2.204127
0.971630
0.331441
0.832110
1.348537
1.674311
0.535635
0.232411
0.217407
-0.628957
-1.238568
-0.739862
0.256945
0.989376
1.513667
1.648901
0.052549
-0.985897
-0.894225
-1.011180
-1.741279
-1.516370
-1.336623
-1.174024
0.231474
1.167494
-0.154751
-0.278842
0.613271
1.483025
2.083253
1.466979
0.022210
-0.984536
-0.887077
-0.498969
-0.408117
-0.795191
-0.976933
0.038080
0.259637
-0.760113
-0.490645
0.389861
0.356238
-0.383231
-0.731230
-0.377936
-0.245541
-0.349491
-0.026046
0.096047
0.004461
-0.549537
-0.987220
-0.821322
0.329546
1.014546
2.089688
2.623676
2.713275
1.686436
0.972266
-0.480015
-1.229421
0.105585
-0.135998
-0.898228
-1.128928
-1.758514
-1.504817
-0.773194
0.030602
0.978218
1.038434
1.023704
0.869832
0.906671
0.534388
-0.106163
0.444390
1.322222
0.102824
-1.115640
-1.155056
-1.573471
-0.441750
0.046757
-0.233695
-0.540384
-1.263913
-1.759395
-1.574981
-0.681298
-0.074500
-0.579407
-0.445684
-0.255730
-0.534098
-0.199124
-0.804649
-0.405142
1.018017
1.782274
0.907612
0.135644
0.723511
1.595374
1.508265
1.572230
1.796100
1.964471
1.162244
0.149874
-0.140333
0.118053
-0.299472
-0.768955
-0.596024
0.118717
0.449177
-0.107320
-0.878094
-1.401451
-0.746244
-0.687132
-0.503996
0.459724
0.455848
0.648233
1.618952
1.160929
0.001517
0.376578
0.407284
0.143910
-0.212671
-0.521929
-0.869048
-0.032434
-0.607349
-0.709003
0.014528
-0.635199
-1.419657
-1.541690
-0.617552
-0.368455
0.438143
1.375363
1.541260
0.087952
-1.235721
-1.579277
-0.041672
1.354656
1.188675
0.239456
0.224942
0.160132
-0.942643
-1.768777
-0.970104
-0.011768
0.709403
0.529098
-0.104550
-0.421718
-0.269804
0.923664
1.526669
0.864530
-0.744696
-1.074165
-0.286097
-0.491946
-0.876733
-1.486799
-1.759267
-0.615016
0.895421
1.065027
0.640850
0.967337
0.839459
-0.155441
-0.237668
0.405450
-0.106146
-0.689500
-0.944794
-0.506463
-0.177816
-0.923123
-1.343192
-0.671244
0.551849
1.469971
1.713362
1.462100
0.243165
-0.854631
-0.951005
-0.109675
0.069436
-0.404621
-0.135834
1.142351
0.970886
-0.407873
-1.157712
-0.694895
-0.237579
-0.246664
-0.526827
-0.638062
-0.260078
-0.520940
-0.707692
0.274971
0.875065
-0.101414
-0.669919
-0.192043
0.174669
0.045978
-0.484006
-0.613907
-0.261822
0.007622
0.958545
1.678667
1.328249
0.528058
0.525106
0.806712
1.120991
1.442915
1.277053
0.553679
0.490028
0.482213
-0.225156
-1.004995
-1.011669
0.215258
1.267683
2.095793
2.013705
1.127900
0.880834
0.469664
0.397812
0.654691
1.239928
1.086642
0.583988
0.412866
-1.286265
-1.729344
-0.509458
-0.318728
0.016710
0.832115
0.486852
-0.352017
-0.552311
0.008395
0.174235
-1.660794
-2.335823
-1.141457
-0.258711
-0.937779
-1.932397
-1.110429
0.198711
1.008151
0.541578
-0.436183
-0.559929
-0.788684
-0.837874
-0.114834
0.683863
0.517053
0.312691
0.617027
0.577941
-0.866278
-1.987145
-1.538554
-0.951653
0.364927
0.612883
0.164586
-0.346909
-0.278380
-0.043819
-0.194819
0.054559
0.460461
0.097997
-0.493000
-0.606579
-0.580207
-0.289177
0.639960
0.703827
0.721182
1.347184
0.760887
0.026929
0.025469
-0.343473
-0.830247
-0.422666
0.164847
0.206521
-0.254288
-1.002178
-1.393789
-1.249309
0.003781
0.770998
0.722111
0.183228
-0.386096
-0.351237
-0.339373
-0.974345
-0.552524
0.184146
0.113201
-0.489628
-0.257576
0.060286
0.310254
0.599186
-0.317957
-0.253198
0.225755
0.607408
1.362320
1.621744
1.925623
1.644450
0.741937
-0.396398
0.008564
0.689680
0.743312
2.236577
1.870154
0.521088
-0.251882
-0.752821
-1.066998
-0.957222
-0.949501
-1.402009
-1.921022
-1.332947
-0.356691
-0.710031
-0.950067
-0.597985
-0.537324
-0.647138
-1.007136
-0.392776
0.146356
-0.953786
-1.725784
-1.398748
-0.763795
-0.225756
0.171736
-0.399183
-0.989617
-1.602653
-1.535896
-1.198622
-0.597849
0.279943
1.069962
0.679366
0.150374
0.241392
0.790108
1.098205
0.006953
-1.065296
-0.080463
0.845307
1.278512
1.115472
1.190304
0.692041
-0.564781
-0.694302
0.191623
1.222818
1.294686
1.068102
0.629506
0.100997
0.420633
0.396189
-0.109518
0.231236
0.883192
0.041325
-1.034075
-1.302728
-1.304275
-1.159517
-0.560767
-0.128610
0.760793
1.131453
0.955905
0.286629
0.078705
0.606282
1.296921
1.401455
1.435544
0.949479
0.452754
