1.680577
0.889799
-0.055629
0.347567
1.160553
0.518228
1.563690
0.303134
0.226078
0.025411
-0.291199
0.119285
-0.321373
-0.963554
-1.696314
-2.131330
-2.112202
-1.601818
-0.449790
-0.460229
-0.734042
-0.076051
-0.251256
0.434925
0.817178
-0.032103
-0.491071
-0.510102
-1.876786
-2.217270
-1.802060
-0.695463
-1.471593
-0.678667
-0.032726
-0.326541
1.169875
1.072512
1.082423
0.694783
0.774625
1.128319
1.174261
-0.330644
-0.006020
0.921983
-0.456297
-1.067577
-0.917854
-1.888933
-2.396078
-1.821911
-1.364125
-1.582927
-1.513918
-0.887998
0.660831
0.682197
1.294264
2.087543
1.103694
0.949167
0.200573
0.806107
0.852374
0.675704
-0.318154
-1.150951
-0.270807
-0.327155
0.196281
-0.370706
-0.416176
-0.395233
0.674952
0.615600
0.402848
1.046006
2.143160
1.175308
0.424075
-0.089884
0.725410
0.346839
-0.612839
-0.620596
-0.294628
0.015059
0.083777
0.070816
-0.316836
-0.578823
-0.137624
0.070592
-0.898214
-0.710204
-0.463006
-0.201728
-0.806486
-1.307873
-0.876743
-0.027274
0.574802
0.300894
1.312173
1.147081
1.042180
0.480857
0.388563
0.635825
-0.511949
0.173627
1.019288
0.231526
-0.458316
0.267805
0.511418
-0.649700
-0.630042
-0.597328
0.722089
0.601082
-0.101843
-0.086711
0.361267
-0.182869
0.091816
-0.454883
-0.624477
-1.223532
-0.975782
-1.485473
-1.186599
-1.043595
-0.620786
-0.736873
-1.013034
-1.216899
-1.814941
-1.408382
0.112305
0.561052
1.479998
1.137489
0.867198
0.342845
1.006079
0.968801
0.534394
1.522255
0.588549
0.256687
0.008024
0.581880
2.036239
1.007878
-0.218820
-0.975733
-0.431812
0.825814
0.789305
0.867867
0.060854
-0.873709
0.043253
1.427510
0.134146
-0.772275
-2.091777
-1.862034
-2.086422
-0.104070
-0.029934
-0.286174
1.058260
1.670125
1.129452
1.262364
1.914159
1.342977
-0.706332
-0.338730
0.673883
0.761805
1.205189
0.405621
-0.294777
-0.417242
-1.150421
-0.819654
-1.010434
-1.244369
-0.993489
0.061964
0.555886
0.088805
0.662326
1.350571
1.510403
0.920496
0.442714
0.190056
-0.206303
-0.480075
0.208290
0.429752
-0.020686
-0.435626
-0.544155
-1.189839
-0.777354
0.062504
-1.518135
-1.227721
-1.101999
-0.451507
1.034231
-0.331413
0.850462
2.338821
2.596693
0.842016
0.523235
0.328394
-1.533120
-1.126583
-1.731314
-3.032018
-1.778619
-1.525459
-0.417955
-1.132599
-1.197604
-0.339309
0.080932
0.165165
0.204394
-0.553154
-0.102044
-0.645586
0.590620
0.750956
0.572475
1.247755
1.222150
1.459910
1.243895
0.332415
-0.493962
-0.846375
-0.377977
-1.064267
-2.096182
-1.678284
-2.577926
-2.315518
-0.135373
1.696915
1.717104
1.574873
0.522459
-0.158170
0.593309
1.697185
1.784918
0.609915
0.199687
0.038781
-0.193608
-1.444757
-1.481021
-1.548285
-0.759001
-0.369574
-0.162048
0.745090
0.668390
0.890989
0.649129
0.870330
0.562165
-0.267313
0.034050
-0.710459
0.179247
-0.136570
-0.744286
-1.284511
-1.015734
-0.651351
-0.998818
-1.257116
-1.814931
-1.141284
-0.841503
-0.825731
-0.628107
0.507807
0.575606
1.031153
2.083879
0.825253
-0.188834
1.257184
0.911374
0.553007
0.583987
0.989643
-0.009731
0.503681
0.179157
-0.340196
0.189914
0.048271
0.800879
0.698229
0.932574
1.235521
-0.378818
1.459423
1.911198
0.964960
1.650026
0.446620
-0.209987
-0.017069
0.323139
0.152303
0.518835
0.319950
-0.087719
-1.422704
-1.117350
-0.345928
0.225432
0.162756
-0.233293
-0.332290
-0.045277
0.211568
0.247348
-0.150156
0.209109
-0.049662
-0.141686
-0.161113
-0.200116
0.324557
0.193743
0.633889
1.206453
-0.387741
-1.773256
-1.716242
-0.456142
-0.942120
-0.500668
-0.105894
-1.158007
0.351962
0.903018
0.485915
1.515914
0.299939
-0.015153
0.262225
0.293674
-0.317533
-0.133522
-0.580729
-1.464696
-0.312475
0.278343
-0.111441
-0.677863
-1.054653
-0.752225
-0.317087
0.002631
-0.036197
-0.658872
-0.021139
1.027909
0.973924
0.416898
-0.055120
-0.295130
-0.511347
-0.282998
-0.075306
-0.078057
0.446660
0.377359
0.094078
0.713398
-0.013924
-0.887499
-0.956149
-0.424316
-0.366340
1.126295
1.176124
0.301203
1.058489
0.079424
-0.825343
-0.455668
-1.095306
-0.755169
-0.179279
0.357176
-0.013430
0.173062
-0.151909
0.126589
0.465668
0.122321
0.346779
0.910955
1.344210
1.009345
0.355526
-0.157929
-0.690054
-1.462433
-1.339728
-0.313771
0.281259
1.452346
2.157211
1.371946
1.171678
0.636629
0.245033
-0.076226
-0.735887
-1.081316
-2.238146
-2.162935
-0.327740
-0.120283
-0.487587
0.004457
1.164260
1.198022
1.110736
1.248095
0.336844
-0.278527
-0.145785
0.089640
-1.113588
-0.998588
-0.432636
-0.069765
0.819890
-0.030045
-0.170731
0.115600
-0.786587
-0.348331
-0.130500
-0.737514
-0.616469
-0.510049
1.065019
1.246650
2.533148
1.737177
1.671133
1.965081
1.560618
1.224110
-0.455266
-0.907660
-0.573869
-1.071372
-0.534262
-0.752292
-0.473970
-0.743123
-0.005792
1.476074
1.588933
1.440234
0.675855
0.728638
-0.017646
-0.663078
0.194299
-0.196119
0.332432
0.641060
0.056544
0.485945
-0.123973
-0.581188
-0.670631
-0.724078
-0.717327
-1.953201
-2.401798
-0.317864
0.467482
0.987339
1.259094
0.511349
-0.383586
0.279780
0.133936
-0.868536
-1.261128
-1.923618
-1.337772
0.622128
1.689630
1.950747
2.812776
2.293618
2.364138
0.618834
-0.974406
-1.265461
-0.472636
-1.817671
-1.444200
-1.434297
-1.242585
-0.648816
-0.197293
-0.528708
0.074395
-0.078266
0.446202
-0.031811
-0.240949
-0.258227
-1.370605
-0.873086
-1.106234
-2.199508
-2.383983
-1.114712
0.625301
1.004917
1.304463
1.758101
1.355219
2.283896
2.710228
0.457426
0.386225
0.083653
-0.717956
-0.682569
-0.261856
0.826437
1.705434
1.558316
0.902854
-0.904421
-0.336420
-0.077004
-0.654468
-1.199823
-2.256610
-2.457405
-2.938381
-2.504322
-1.775170
-0.783453
-0.049464
1.018476
1.046496
0.078745
0.849193
0.877565
-1.071457
-1.117362
-1.039205
-1.189901
-1.822389
-0.826580
-0.028807
0.515321
1.225087
1.087163
0.688592
1.045440
1.763764
1.337311
0.679511
0.079897
-0.717731
0.257184
1.029440
1.204954
0.406329
0.460931
0.544726
0.703741
-0.302356
-0.525096
-1.393704
-1.116554
-0.364129
0.641937
-0.105953
-0.002162
-0.564034
0.354080
0.113092
-0.490647
-0.018374
0.787866
0.118036
-0.230959
-0.729500
0.008448
0.378808
1.768739
1.472076
1.217745
2.041102
1.461968
0.764561
-0.000888
0.357487
0.086951
-2.304097
-1.742021
-0.498275
-1.211174
-2.308542
-1.351668
-1.130348
-2.322358
-2.469633
-2.448798
-2.262836
-1.451448
-0.697913
0.394205
-0.344921
-0.477587
0.636557
2.046113
1.545417
1.297885
0.909370
1.394332
2.204898
1.977305
1.303475
1.823560
1.964250
1.612339
2.201404
0.439322
0.678069
0.196841
0.332297
-0.387470
-0.048083
-0.365911
-0.551020
-0.565347
0.007901
0.057181
1.614151
0.777529
0.049655
0.042498
-0.586357
-0.370511
-0.634188
-0.160380
0.035603
-0.458889
-0.278016
-0.154098
0.109321
0.753334
1.054352
0.492694
0.509647
0.977203
-0.004597
0.490313
0.362242
-0.338503
0.897987
0.564744
-0.837410
-0.223777
0.502677
0.723746
-0.247428
-0.750181
-0.501452
-0.239694
-0.005786
-0.428497
-0.153385
0.342545
-0.737052
0.379674
0.683307
0.478465
0.829088
1.699860
1.187027
0.158423
0.229277
0.540680
-0.071343
-1.227507
-1.380344
-1.455908
-2.254144
-1.274456
0.420286
1.855980
1.313172
0.471245
0.650629
1.280823
1.127182
1.271707
0.958405
0.494821
0.389528
0.156909
0.601571
0.400925
-0.769277
-1.890908
-2.067449
-1.333427
-0.628605
-0.118703
-0.560790
-0.834923
-0.338240
0.587060
0.327878
0.315088
1.649882
1.442087
1.521904
-0.336692
-0.456370
0.502830
1.584314
1.388233
0.779313
-0.114235
-0.891696
-0.492186
-0.538856
-1.185234
-1.664986
-1.381058
-1.644646
-2.435716
-1.842509
-1.554250
0.102966
0.846929
0.432354
0.247640
-0.165020
-1.156911
-1.161882
-1.478641
-1.600957
-1.540964
-1.033538
-0.212779
0.066224
-0.842847
-0.974836
-0.200629
1.511730
0.351919
1.543068
1.847812
1.401005
0.360896
-0.934581
-0.585822
-0.937008
-0.584730
0.053056
-0.272406
-0.117380
-0.119442
-0.766934
-0.542608
-1.073485
-1.109685
0.034045
-1.313432
-1.355986
-1.182148
-0.690603
-0.363005
-0.422629
-0.715461
0.298083
0.731957
-0.457417
0.005607
0.795198
0.790567
1.343684
1.557787
-0.133274
-0.429843
-0.445376
-0.363539
-0.121578
-0.996026
-0.605528
-1.111132
-0.437653
1.003052
-0.403246
-0.438364
0.551143
0.422875
0.760227
0.733530
1.489490
0.998473
1.515459
0.841634
1.444386
1.366989
1.401918
1.805148
1.463912
1.117281
1.389312
0.377634
0.525812
0.163696
-0.231133
-1.343386
-1.593127
-1.275159
-0.941460
-0.962166
0.455411
0.830562
0.835320
0.743319
0.991906
1.819527
1.451018
1.041171
1.350503
0.070489
-0.419048
0.264930
0.065965
0.160928
-0.093914
-0.893486
-0.074912
-1.872379
-2.564510
-1.373668
-0.523715
0.393468
0.547998
-0.239794
0.603180
0.831562
1.106478
1.793050
1.069006
1.113262
1.253110
0.894541
1.553125
-0.426665
-1.127115
-1.124841
-1.221192
-2.011686
-1.714883
-2.058244
-1.708816
-0.267529
-0.649903
-0.560343
-0.293260
0.235519
0.121556
-0.110118
0.159157
-0.254806
0.583243
-0.554244
-0.851489
-0.260961
-1.719778
-1.212606
-2.136591
-1.626479
-0.279610
0.095476
-0.065340
-0.397632
0.094733
0.552129
0.177992
0.718751
0.308837
0.621916
0.318726
-0.418142
-0.649728
-1.584649
-1.400390
-1.059243
-1.968995
-0.959130
-0.628707
-0.233944
0.789281
0.018007
1.449715
1.676865
1.148494
0.590401
-0.665187
-0.516425
0.265412
0.758871
-0.088171
0.848653
0.380555
-0.062872
0.484073
0.541038
-0.281616
-0.421041
-0.218171
-0.787001
-0.543031
0.842786
0.780089
0.067314
0.560409
1.276398
1.072500
1.438444
1.088108
0.585247
-1.161853
-0.311392
-0.472404
-0.329256
-0.973071
-1.513879
-1.113959
-1.208368
-0.136844
0.491453
-0.053807
0.879545
0.990441
-0.352463
0.696729
0.325682
0.525110
0.915435
0.988734
-0.074501
0.237008
1.302470
1.302149
1.197263
0.504317
0.618479
0.754554
-0.210156
0.334070
-0.718663
-0.958722
-1.276014
-1.791831
-1.751627
-0.123466
-0.288474
-0.547243
-0.379240
0.998928
1.151638
-0.158730
-0.429973
-0.236986
-0.516294
-0.091116
-0.110321
0.346404
-0.008412
0.475094
0.977413
1.159676
2.058503
0.290130
-0.380517
0.572797
0.561110
0.487784
0.317063
0.237606
0.353914
-0.513861
1.410277
0.034069
