-0.032060
0.134240
0.102049
1.096528
0.231128
0.308405
-0.102792
0.870468
1.209124
0.792222
0.309066
0.534362
0.520600
0.477087
1.095195
0.857591
0.974915
0.072728
0.262123
-1.215024
0.156056
0.118833
-0.149534
-0.793609
0.130566
0.079136
0.286309
0.912643
1.910119
1.449584
1.296659
1.638125
0.231828
0.049543
-0.403333
-0.081687
-1.619004
-1.945545
-2.995646
-2.843900
-2.315452
-1.676302
-1.228640
-0.919354
-0.551366
0.375723
0.723420
1.017694
1.133875
1.229088
1.919608
2.061194
2.504474
1.075969
1.633819
0.492506
0.751735
0.488553
-0.279666
-0.557271
-1.232146
-1.260782
-1.993187
-1.870576
-2.386329
-1.398177
-1.338926
-0.882063
-1.525188
-1.096626
-0.800660
-0.691862
0.331780
0.104302
0.378839
0.701781
0.221082
0.173448
0.940905
0.755816
0.421613
0.230312
1.235091
-0.012304
0.593584
-0.083314
0.812983
-0.289567
-0.132601
-0.486003
0.082700
0.225078
-0.134238
0.522657
0.222951
0.286903
-0.131152
0.243766
-0.562143
0.406307
0.073656
0.069255
0.174138
0.801563
0.488032
0.732768
0.853849
0.652112
1.212859
1.298416
0.851334
0.269861
-0.609800
-0.911743
-1.018307
-2.032585
-0.838655
-1.007791
-1.247298
-0.745340
0.349370
-0.041069
-0.134730
0.531090
-0.218875
0.248950
0.578809
0.777106
0.135020
0.812674
0.299501
-0.115125
-0.561991
0.296796
0.125862
-0.093878
0.134383
0.239521
0.311740
1.085666
0.343673
0.108829
0.300043
-1.005285
-0.197592
0.223953
0.121303
-0.487839
0.025869
-0.134701
0.602219
-0.059571
-0.110376
-0.330000
-0.057077
0.491178
0.418931
1.124411
1.008255
0.021405
-0.565350
0.057518
0.123623
-0.001132
-0.746742
-0.911901
-0.473102
0.529622
1.138568
0.807000
1.612916
1.063348
1.552146
0.651260
-0.544142
0.077229
0.151186
0.000569
-0.237270
-0.849130
0.590111
0.334553
-0.030063
-0.282702
-0.555115
-0.747295
-0.533544
0.157508
0.782464
0.719513
0.874975
0.848912
0.062634
0.043461
0.053399
0.193345
-1.822295
-1.507943
-1.584338
-1.943078
-1.937699
-1.245087
0.179893
-0.136591
0.329670
-0.094620
0.124210
-0.006062
0.855144
0.868034
1.017488
0.291290
1.093924
0.705832
0.934674
0.543852
-0.110195
0.189846
-0.985842
-1.779944
-2.198731
-0.827825
-0.661530
-0.551322
0.215288
0.249111
0.336642
1.382099
0.362265
1.444293
0.447414
0.302905
0.259619
0.164355
0.572143
0.029044
0.205103
-0.465379
-0.790075
-0.839655
-1.000272
-1.242270
-0.064475
-1.173736
-0.542709
-0.296477
0.151017
0.401797
0.180695
0.060777
0.274036
-0.031341
0.112877
0.139448
0.504291
0.645733
-0.655508
-1.180789
-2.341967
-0.769015
-1.530286
-0.373831
-0.974228
-1.178734
-0.613914
-0.862974
0.144678
0.461933
0.227975
1.478960
2.139638
1.881162
1.989588
1.577781
1.522919
0.123850
1.000633
-0.238270
-0.161778
0.245663
-0.088659
-0.150260
0.322107
1.167417
1.511450
2.059623
2.236332
2.639242
0.604605
1.466837
0.326418
1.035382
0.313566
-0.923452
-0.625866
-1.127134
-1.202150
-1.961051
-2.113536
-1.977425
-1.793375
-0.347298
-0.285496
-0.229866
0.208711
-0.129800
0.218919
0.367467
1.428598
1.188024
1.540179
0.925133
0.792387
0.913080
1.078920
0.426087
-0.181003
0.016704
-0.205048
0.139892
-0.680467
-0.381382
-0.966932
-0.156296
-0.996664
0.248542
-0.004016
-0.327823
0.599547
0.202328
0.833348
0.712963
0.515966
0.051618
0.683360
0.064674
0.058745
-0.928094
-0.918719
-0.757330
-0.932844
-1.124228
-0.575557
-1.294724
-0.204856
0.538420
0.196571
0.684953
0.263594
0.233567
0.572264
1.208747
1.309481
1.848870
1.625970
1.107427
0.107592
-0.344296
-1.094483
-0.996497
-1.520944
-2.252421
-1.423956
-1.652110
-1.707839
-0.364750
0.260459
0.437558
0.961489
1.102190
1.202038
0.891692
1.354207
0.769420
1.849706
1.306036
1.414813
0.762873
0.597436
0.248534
-1.020040
-0.767788
-1.455323
-1.109280
-1.193258
-0.056305
-1.261169
-0.884305
-1.356282
-0.383983
-0.386582
0.240802
0.458692
0.566501
0.411539
0.500573
0.684288
0.233221
0.374635
0.120764
-0.052107
-0.115124
0.939029
0.542601
0.733140
0.309918
1.056102
0.944610
-0.020950
0.423703
-0.942860
-0.475414
0.487777
-0.080951
-0.583169
-0.385563
-1.092507
0.146456
-1.300492
-1.521137
-1.200338
-1.151959
-1.786755
-1.372565
-1.517387
-0.919605
-0.970196
-1.063282
-0.891954
-1.908201
-1.494938
-1.720199
-0.603081
-0.612019
-0.161067
0.069489
1.167224
0.072708
2.121773
0.693178
0.035547
0.244466
-0.527025
-0.093854
-0.617835
-0.321281
-0.772676
-0.444082
0.369762
1.200809
0.316922
0.721601
-0.299572
0.065371
-0.247008
-0.893805
-0.971126
-1.001132
-0.649457
0.555821
0.247879
0.652171
1.046148
1.156812
1.721228
0.389948
0.447800
-0.773497
-0.608489
-0.497681
-1.232507
-0.623647
-0.105916
1.273051
1.784303
1.058165
0.496173
1.602643
0.999698
1.295089
0.757513
0.894534
0.247675
0.471493
-0.495529
-0.640026
-0.108275
0.092792
0.333191
0.197338
0.781483
0.430703
0.038198
-0.226966
0.472825
0.073567
0.775116
1.154459
1.011934
0.373986
1.951711
1.822151
1.460590
0.314609
0.054837
-0.191971
-0.658241
-0.494702
-0.391503
-0.356000
0.276319
1.248192
0.802963
1.746242
1.752923
1.402129
-0.323756
-0.561681
-1.165731
-0.720099
-0.105540
0.131151
0.107098
0.605119
1.245925
0.652953
1.052128
0.552832
0.951192
0.648635
0.658632
-0.957298
-0.126889
-0.948994
-0.759824
-0.295003
-0.053249
0.117864
0.439812
1.121983
1.172211
0.609819
0.123193
0.099080
-1.182860
-1.143528
-1.756430
-0.974742
-2.694595
-1.750533
-1.739707
-2.325016
-1.138150
-1.254472
-1.713809
-1.603256
-1.613186
-2.127493
-1.142000
-0.380474
-0.089707
-0.311190
0.854299
1.052456
1.363859
1.462974
2.034901
1.757542
1.221786
0.600197
-0.038607
-0.092482
-1.198928
-1.161631
-1.864561
-1.696273
-1.698377
-0.528950
-0.292635
-0.079804
0.609797
0.921956
-0.198416
-0.056710
-0.470408
-0.433464
-0.666601
0.391723
0.562763
-0.341456
0.576728
0.496846
1.177616
0.380817
0.693436
-0.453977
-0.401975
0.334441
-0.695049
-0.182727
-0.330318
-0.757289
0.559168
0.007620
0.449894
-0.050399
-0.112577
0.399228
0.766177
1.747899
0.433094
0.308335
0.385966
-0.021595
-0.588356
0.280506
-0.711492
0.241570
0.339484
-0.066931
0.197395
-0.189331
0.350117
0.039556
0.147661
0.214422
1.187946
0.474273
1.785225
2.990089
2.986841
3.022855
2.533552
3.381170
3.073912
1.803140
2.330387
2.090115
1.503449
1.321689
0.380744
0.554759
-1.084792
-1.234221
-1.908280
-2.232871
-2.292966
-2.702769
-2.450964
-2.953443
-2.296724
-2.561616
-2.533056
-2.028905
-1.384100
-2.168183
-1.253479
-1.440546
-1.419351
-1.421204
-0.437356
-0.639673
-1.628202
-1.020625
-0.265051
0.034758
0.252239
0.086234
0.235668
0.659520
0.297037
-0.341771
-0.362976
0.643845
-0.733241
-0.614118
-0.700787
-0.983110
-1.394238
-1.152963
-1.440147
-1.386264
-0.528930
-0.340246
-0.591036
-1.578450
-1.505020
-2.358366
-1.428979
-1.277347
-1.755183
-1.330742
-1.143844
-1.372781
-0.466478
-0.265781
-0.425137
-0.057478
0.140812
-0.077242
0.368538
0.795299
0.491577
1.509529
1.705373
2.503129
1.875746
1.886391
2.117083
1.708401
1.043719
0.544813
0.703033
0.387398
0.221273
0.067331
0.682530
0.428071
0.681599
0.469018
1.894431
1.239210
0.247312
-0.655241
-0.033781
-0.651149
-1.553972
-0.941022
-0.606032
0.845112
1.073185
0.782416
0.091640
0.670482
1.128881
2.075595
1.451097
2.123456
1.591453
1.704954
0.755359
1.379115
1.241131
1.055108
1.277642
1.599464
1.201162
0.765539
-0.132833
0.644652
0.652305
-0.280103
0.176534
-1.110227
0.444319
-0.307624
-0.337745
-0.148082
0.700351
0.936085
0.767625
1.160979
1.050096
0.842635
0.293907
-0.374870
-0.514035
-0.374426
-1.548665
-0.420632
-0.867646
-1.205089
1.195059
1.073034
0.723277
1.383764
0.855715
1.250172
0.689898
-0.452421
-0.740821
-0.813220
-0.668428
-1.557809
-0.751086
-1.797172
-1.276484
-1.095684
-0.760664
0.430474
-0.402382
-0.855054
-0.843536
-1.101969
-0.750642
-1.071651
-1.360638
-0.771999
-1.133959
-0.391993
-1.184184
-0.064136
-0.288346
0.043248
0.600890
0.453335
0.362145
0.340131
0.475006
0.369367
0.627611
0.060008
-0.264248
-0.305293
0.374342
-0.402648
-0.851935
-0.814145
-0.244230
0.080295
0.186575
-0.059516
-0.262906
-0.060109
0.408037
-0.148737
-0.731622
-0.331007
0.011226
1.032575
0.198391
0.903271
0.278951
0.904585
1.180740
1.272045
1.032591
1.064076
0.987455
-0.778908
-0.883643
-0.713149
-0.977467
-0.554473
-0.114977
-1.299719
0.632261
0.867457
1.984497
1.992210
2.417163
1.535659
2.387885
2.250631
1.460716
1.075361
0.833253
0.199956
-0.714782
-1.232552
-2.215178
-1.915800
-1.744215
-0.235848
-1.661588
-1.144028
-1.211245
-0.641606
-0.429508
-0.230207
1.028141
0.849020
1.071493
1.867151
1.802239
1.480759
1.315950
0.830824
0.218145
-1.225858
-0.431196
-0.580897
-0.450638
-1.282290
-1.121071
-0.856338
-0.981195
-0.119582
-0.536159
-0.563992
-0.195242
-0.680109
-0.246640
0.274810
-0.428439
0.018963
-0.491942
-0.409381
-0.436916
-0.441689
-0.517952
0.380714
0.137692
-0.572299
0.020882
0.203937
0.287085
0.035227
0.146181
0.608991
1.774869
1.081628
1.656074
0.850872
0.562267
-0.194503
0.602122
0.878640
0.082711
-0.448880
-0.422053
-1.112710
-0.579695
-0.157752
-0.977632
-0.781995
-0.463351
0.983769
1.513553
1.755346
0.895550
0.793585
0.252815
0.287742
-0.149250
0.021212
0.768174
1.412321
2.020256
-0.018839
0.079103
-0.338386
-0.285490
-0.958652
-1.579655
-1.548498
-1.056180
-1.075182
-0.077154
-0.331237
0.311775
-0.531627
-0.653719
0.452879
-0.139195
0.330193
-0.686450
-0.422362
-0.757109
-1.095220
-0.812280
-0.450189
0.058968
0.105402
0.049309
0.655849
1.363176
-0.150416
0.377583
0.267164
0.355225
0.080295
-0.225620
-0.216524
-0.281223
-1.089537
-0.589901
-0.787758
-0.709729
-1.115093
-1.083498
0.035544
-0.721314
-0.920143
-0.842352
0.055239
0.181091
-0.341959
-0.829017
0.174145
0.022593
0.719881
0.030350
0.145962
0.629622
0.658815
0.315245
-0.329849
-0.918352
-0.739132
-0.999106
-0.978966
-0.229908
-0.664777
0.002623
-0.254630
0.617073
-0.353830
-0.380367
-0.766496
-0.560929
-0.466359
-1.839063
-0.894291
-0.961063
-1.693922
-2.058750
-0.994554
-0.603531
-0.696645
-1.001874
-0.585283
-1.417167
-0.038839
