2.475944
1.838080
1.797630
1.740511
1.985768
1.565719
1.621418
0.384365
0.335683
1.332043
0.463500
0.174027
1.433409
1.392684
0.650391
-0.165505
0.474144
-0.195552
0.030453
0.242729
-0.126361
0.627829
-0.291507
-0.123697
0.639088
0.200785
-0.015151
0.349121
-0.803662
-0.620940
-0.361482
-0.870681
-1.402988
-1.082371
-0.424351
-0.566620
0.223462
1.531624
1.380656
0.235909
0.521939
0.183517
-0.083221
0.103317
0.149230
0.274469
-0.290654
-1.077285
-1.125934
-1.514270
-2.292705
-1.304429
-2.732622
-1.259555
-0.810057
-1.024622
0.595838
0.224567
1.714375
0.321505
0.159803
-0.030483
-1.251107
-0.842311
-1.189629
-0.779967
-1.893166
-1.144150
-0.314193
-0.279023
0.518084
0.686319
0.812278
-0.089908
0.293851
0.167923
0.237691
0.748023
0.992723
0.608389
-0.217454
-1.396616
-0.895315
-0.580807
-0.951378
-1.814341
-1.085409
-0.982151
-1.942397
-1.039817
-0.495804
-0.698350
0.188579
0.188733
0.731077
0.871236
0.059703
0.979009
0.487043
-0.136980
-0.333768
-0.346598
-0.335872
-0.540418
0.164577
0.431932
0.517206
0.755977
0.986372
0.107362
-0.416611
-0.262502
-0.282669
0.019543
-0.143800
0.122956
1.173847
0.874566
0.122772
0.612881
0.729132
0.015436
-0.381547
0.168247
-0.191762
0.014933
0.609572
0.861297
-0.597469
-1.223167
-0.787762
-0.186571
-1.028067
-1.672848
-1.339747
-1.047189
-0.558298
-1.570667
-1.351873
-0.952159
-0.373810
-0.095315
0.388795
0.810953
0.213867
-0.135656
0.009744
0.214203
0.405528
0.579211
0.545015
0.493437
1.152344
1.292316
1.361553
1.329552
0.809807
0.755596
0.575139
0.559152
0.149843
0.434870
0.801351
0.065403
0.167290
0.653338
-0.308167
-0.262220
-0.385861
-0.740602
-1.514798
-0.478846
-0.483902
-0.758363
0.304918
0.412945
-0.863582
-0.365496
-0.318605
0.216639
0.528824
-0.596753
0.282721
-0.096600
-0.458743
0.389787
-0.465269
-0.193891
0.079122
0.029905
0.094852
1.237093
0.043517
0.886000
0.347438
-1.028648
0.132556
0.925097
0.490550
0.576097
1.049381
0.529359
0.756425
0.985517
0.983184
0.704132
0.574243
0.004741
0.857362
-0.057588
-0.182427
0.402914
-0.525240
-0.216672
0.277306
0.105531
0.666762
-0.029562
1.444157
2.923107
2.894607
1.894662
1.172823
0.867142
0.084730
-0.751708
-1.230430
-1.714086
-0.265201
-0.541338
-0.504560
-1.004913
-1.282196
0.034799
-1.968155
-2.194553
-1.678720
-1.202920
-0.142174
-0.574337
0.477542
0.832585
0.695525
1.526481
0.721553
0.293673
2.142216
0.633671
-0.565658
-0.677454
-1.844511
-2.087360
-2.363210
-1.951647
-3.214334
-2.779233
-0.723862
-0.049587
0.264651
1.627285
1.948273
1.329174
1.540860
2.638880
1.774385
0.774899
0.514874
-0.666630
-0.387389
-2.013972
-1.564715
-1.541036
-1.376135
-1.310274
-1.366498
-0.716782
-0.156671
-0.065820
-0.014518
0.629240
0.603698
0.558663
0.404065
-0.328319
0.284253
0.420148
-0.296058
-0.971189
-1.146938
-0.844893
-1.370272
-0.873266
-1.312236
-1.702453
-1.305677
-2.048731
-1.260250
0.793254
1.069872
2.358961
2.348339
1.810933
1.391841
1.447183
0.942256
0.739084
0.542907
1.077140
0.992911
0.399096
-0.872535
-0.512654
-0.393774
-0.128605
-0.149742
0.478191
-0.025901
0.136732
-0.910393
-0.229894
0.512478
0.684456
1.070396
1.192109
0.821137
0.665270
1.243697
0.030895
0.087614
0.157980
0.135120
-0.992788
-1.223601
-0.831686
-0.385020
-1.363112
-0.900603
0.254888
-0.054996
0.775511
1.263629
1.182611
0.459060
0.491266
0.352944
0.102552
0.687796
0.395287
0.989358
1.347812
1.325086
-0.104560
-0.967969
-0.219206
0.154806
-0.133764
-0.559156
-0.079013
-0.142889
0.422662
1.247306
1.133268
0.947560
0.991803
0.531555
-0.173904
-0.763624
-1.169506
-0.103636
-0.614596
-0.304055
-0.554117
0.610374
-0.406732
-0.543803
-2.240071
-3.165423
-1.971687
-2.417574
-0.822438
-1.626863
-0.646015
-0.506672
-1.166330
-0.605231
0.019591
0.523615
1.525406
1.074007
1.241318
2.173902
1.743271
0.674800
0.683359
1.023615
-0.087727
-0.401046
-0.378466
0.047488
-0.928531
0.026139
0.137235
-0.562264
-0.732584
-0.890545
-0.684448
-0.077050
0.050328
-0.167992
0.438078
1.342419
2.124664
1.500842
0.321412
0.228254
0.210526
-0.292457
-0.671983
-0.918807
-0.329155
-0.371312
-0.340304
-0.063987
1.294185
0.848548
0.946272
0.985197
0.990392
1.606137
1.551938
0.393693
0.299831
0.268192
0.185938
-0.070450
-0.357094
-0.554536
-0.566770
-0.870825
-0.796846
-1.098575
-1.160328
-0.537752
-0.092538
0.019193
0.806144
0.287754
0.018371
0.532224
0.495227
0.735790
0.185909
-0.028130
-0.432298
-0.764995
0.262021
-0.187089
-1.462955
-1.244308
-1.970988
-1.843336
-1.357922
-1.595909
-0.723466
-0.256385
0.765876
1.913620
1.618946
1.290130
1.932071
1.789262
2.148159
0.861261
0.089357
-0.272819
-0.863487
-0.940632
-0.898563
-1.075456
-0.688123
-0.741968
-0.858865
-0.374094
0.346347
0.516350
1.008824
0.740114
0.445822
0.013075
-0.011129
0.070679
-0.133533
-0.442636
-0.277906
0.139721
-0.110850
0.147857
-0.239770
-0.358115
-0.732027
-1.479417
-1.672536
-0.869934
-0.633159
-0.842749
-0.328275
0.078813
-0.095455
-0.099885
0.012083
-0.637465
-0.164978
-0.143652
0.396670
0.092205
0.181312
0.167134
0.765381
0.896138
0.560527
-0.510062
-1.089465
-0.787139
-0.306414
0.780129
0.999536
0.776537
0.844618
1.244125
1.223535
0.355109
0.600319
-0.446843
-0.182466
0.131942
-0.891916
-0.917231
-1.642725
-1.546453
-0.582898
-1.544727
-2.587459
-1.655131
-1.826326
-1.222833
-0.347047
-0.298450
0.014539
0.814992
1.759293
1.058016
1.609181
2.516789
2.187963
1.820373
1.994562
1.919212
0.542097
-0.011280
0.543148
-0.878771
-0.508225
-0.007855
-0.469564
-0.404966
-1.410209
-1.569170
-1.329051
-2.074883
-2.036463
-1.549634
-1.122405
-0.600777
0.048785
0.738958
1.037523
1.437514
0.667247
0.550418
0.084098
0.031986
0.373660
0.860770
0.964726
1.792718
1.039860
1.162452
1.550883
0.672624
1.019989
0.755990
0.382661
-0.086153
-0.495705
-0.329237
-0.565685
-0.591251
-0.143197
-0.112122
0.052082
-0.294992
-0.014112
-0.657677
-0.956809
-0.432250
0.015332
0.119493
0.379513
0.375663
0.161311
0.888773
0.936389
0.142435
1.372689
0.918879
0.849130
0.812053
0.105026
0.517777
0.305554
1.085612
1.160098
0.810698
1.208093
1.526961
2.054373
1.599564
1.023767
0.592533
-0.378907
-1.557760
-1.941805
-2.425989
-3.687978
-3.157958
-3.275279
-3.459211
-1.434759
-1.042114
-0.808094
-0.010049
0.050424
1.455239
1.644213
1.005161
0.811955
1.234056
0.828122
0.403230
0.939214
1.712026
1.343917
1.537251
1.473198
0.035076
-0.227939
-0.346693
-0.576868
-0.727295
-0.866299
-1.086481
-0.374683
0.298328
0.097135
-0.462270
0.014254
-0.136607
-0.676173
-1.413580
-1.241843
-1.373292
-1.028537
-1.507382
-1.543508
-0.927403
-0.750583
-0.908088
-0.438381
-0.297099
-0.321318
0.468182
0.984925
1.513514
1.749611
0.916654
1.144569
1.595037
1.361498
0.847184
-0.116032
-0.045413
0.777436
0.954098
-0.751246
-0.487477
0.157247
0.336520
-0.057748
-0.216918
0.455845
0.508301
0.931293
0.677642
1.046283
0.817966
0.438573
0.629503
0.248867
-0.401143
-0.661135
-0.505778
-2.082451
-2.584978
-2.061974
-1.343030
-1.377662
-1.043991
-0.234962
-0.317751
-0.333882
0.754995
1.632968
2.309243
1.491097
0.823394
1.111069
0.995398
0.404562
0.209270
0.441206
-0.624949
-1.097021
-0.731254
0.461168
-0.172408
-0.605220
-1.035191
-1.260374
-0.833107
-0.193572
-0.025868
-0.454918
-0.815439
-0.264203
0.235207
-0.594217
-0.605710
0.607299
0.820573
0.818515
-0.038114
-0.076118
0.610058
0.401541
-0.290239
-0.683961
-1.170255
-1.092196
-0.859683
-1.288721
-1.498839
-1.413575
-1.267306
-0.717139
-1.334684
-0.941426
0.051962
0.926980
1.135676
0.650334
0.121838
0.325823
0.010832
-0.157681
-0.270920
0.104913
0.848674
0.549959
1.506758
1.114216
0.633428
0.512261
0.296421
-0.277117
-1.424891
-0.089431
1.218162
1.113153
0.210669
0.099965
0.990812
0.315536
0.305292
0.338136
0.156356
0.360258
0.592325
0.300529
0.242778
-0.017804
0.034648
-0.298504
-0.733645
-0.537735
-1.020165
-1.156406
-0.828914
-0.511167
-1.196474
-0.094339
-0.438955
-0.989685
-0.079759
0.219140
1.078267
1.450330
1.625598
-0.125486
-0.440400
0.776118
0.696299
1.043342
0.494182
0.343300
0.098154
-0.365690
0.011780
-1.633573
-2.287243
-2.021178
-1.438351
-0.627003
-0.502396
0.638759
0.477044
1.110348
0.665622
0.763536
0.779267
0.268835
0.192564
-0.147008
-0.042676
0.783592
0.519226
0.251830
0.036882
0.325358
0.296703
0.628457
0.733870
0.001922
-0.321414
0.267157
0.952367
0.719458
0.895692
0.308749
0.734476
0.843741
0.747172
0.836929
0.745705
-0.393715
-1.012442
-0.764439
-0.870670
-0.701625
-0.311671
-0.137032
-1.200046
-1.666471
-1.021942
-0.046632
0.215643
-0.359837
0.932976
0.682896
1.031047
1.487711
1.267774
0.839546
0.637632
0.276995
-0.540722
-0.637065
-1.596127
-1.525232
-0.369677
0.398389
-0.312714
-0.157816
0.193058
0.311335
1.068483
0.396743
0.536122
0.520668
0.331332
-0.222506
-0.774597
-0.573690
-0.526518
-0.402748
-0.693762
-0.231703
-0.779771
-1.075933
-0.049026
-1.554147
-1.148204
-0.307869
-0.391420
0.696492
0.056658
0.529556
0.880963
1.584064
1.553988
0.161015
-0.209259
0.400998
-0.494428
-0.765725
-1.122699
-0.891510
-0.547500
-0.945048
-0.987814
-1.886834
-1.417008
-0.815905
-1.266508
-0.524177
-0.260830
-0.597231
-0.048817
-0.132608
0.369159
1.136700
1.062222
0.242069
-0.024083
0.449492
0.097295
-0.177745
0.551850
0.371058
0.254302
0.115109
0.616971
0.020521
1.031037
0.989208
0.268469
1.046189
0.918446
1.139175
2.434471
1.455673
0.824633
-0.154728
0.119900
0.152340
-0.124880
-0.329968
-0.686636
-1.766207
-2.523763
-2.218329
-2.554541
-1.521181
0.752678
1.462843
1.639768
1.691048
1.473520
1.628467
2.867919
1.680506
-0.367466
0.017962
0.486204
0.482999
0.472747
-0.607206
-0.666130
-1.720574
-2.343457
-1.133180
-1.654620
-1.622442
-1.640547
-2.111252
-1.781371
-0.807114
-1.480363
-1.534910
-1.239961
0.007073
0.585421
-0.436458
0.032771
0.478149
1.339293
2.066649
1.829688
0.253683
0.140009
-0.563997
0.148933
-0.168155
1.151199
-0.456269
-1.063104
-0.318342
-0.159991
0.399800
-0.210258
0.576940
1.511828
1.217724
1.570200
0.490795
