0.115027
0.010425
-0.317291
-1.660488
0.358749
-0.321280
-0.346519
-0.338203
-1.400908
-0.868476
-0.886596
-0.501002
0.889793
1.474651
0.700890
2.382950
2.129120
1.341278
1.056447
0.948345
1.604234
0.307784
0.144419
0.153314
-0.131923
-0.918988
-0.532412
-0.102122
-1.001820
1.215273
0.697470
0.734711
1.016218
0.573796
-1.011176
-0.368620
0.743262
-0.627595
0.105957
-0.242288
-0.809988
-1.568597
-1.157971
-0.660969
-1.526859
-2.837086
-1.312095
-1.056650
-0.833725
-0.286878
-0.114292
-0.042635
-0.434575
-1.175938
-0.564224
-0.443104
-1.455273
-1.525480
-0.690160
0.229336
0.493820
1.354814
1.474980
1.677524
1.723688
1.471496
1.086257
0.771730
1.483626
0.434031
-0.536978
-1.066156
-1.286254
-0.349786
-0.807760
-1.044927
-0.694899
-1.096497
-0.533702
-0.436846
-1.222491
0.392648
-0.569393
-1.197860
-0.726112
-0.642504
-0.610611
0.047619
-0.071391
1.265346
0.357921
0.753284
0.703967
1.345640
1.255767
1.061939
1.566566
2.269226
1.247096
1.512302
0.917722
0.262028
0.367153
-0.787271
-1.130963
-1.278948
-1.278127
-1.082737
-1.173099
-1.751557
-0.639868
0.449980
0.060568
0.051272
0.860188
-0.007727
1.307972
0.502053
-0.652935
0.646297
-0.486829
-0.323610
-0.337674
-0.146456
-1.009864
-1.959775
-0.169268
0.494305
1.153863
0.238039
0.198618
2.263085
1.367360
0.876720
0.813965
0.431039
0.269606
-1.095959
0.522911
0.264461
-0.778035
-0.815234
-1.239771
-0.200304
-1.082513
-1.757215
-1.953727
-0.989607
-1.307419
-0.836876
-0.157061
0.066781
0.107918
0.002905
1.083672
0.223008
0.801157
1.551690
0.338324
0.324752
0.477743
-0.363449
-0.571156
-0.436765
1.229649
0.523708
-0.956555
-1.261130
-0.495502
0.357986
0.256246
0.739202
-0.091508
-0.325369
0.375642
-0.047939
-0.453510
0.034676
0.184193
0.275277
-0.179581
-0.301067
0.274476
0.366736
-0.409274
-0.514241
-0.612449
-0.284475
-0.239964
-0.114580
0.878226
-0.244463
-0.006056
-1.020555
-0.741226
-0.262806
0.090842
-0.079947
0.149789
0.424110
1.884294
1.826658
0.548974
0.736437
1.373437
0.950902
0.166203
-0.041137
0.768090
1.341297
0.915991
0.513614
-0.218696
-0.221382
-0.828096
-1.850577
-1.920817
-1.011058
-0.827361
-1.632525
-0.757401
0.248069
0.677516
0.590204
2.943498
2.690903
2.311874
2.468112
2.171441
1.493079
1.168023
1.224419
0.170339
-0.478001
0.275392
0.364236
-0.224573
-0.118729
0.482529
-0.022458
-0.694608
-2.364613
-1.801432
-1.184325
-2.119076
-2.620725
-1.735022
-0.678544
-0.718325
1.321627
1.222896
1.034144
1.981128
2.551759
2.985632
2.408139
1.534910
0.875010
0.704445
-0.065607
-1.049553
-0.592564
-1.526111
-1.597644
-1.425184
-1.238593
-0.537308
-0.574412
0.024646
-0.234950
-0.716275
-0.597653
-0.224747
0.040382
-0.939545
-0.456238
-0.165635
-0.780536
0.180496
0.023239
-0.180548
0.586874
0.501015
-0.090895
-0.454235
-0.113690
-0.950158
0.084103
0.424571
0.044127
-0.287657
0.562377
0.954516
0.314801
0.413283
0.441559
0.629840
0.948385
0.823451
0.515921
-0.134561
-0.216952
-1.160331
-0.000797
0.133963
-0.832088
-1.340402
0.203607
0.188310
-0.780831
-0.901299
-1.296602
-0.980437
-0.483455
-1.597531
-1.869502
-0.374855
-0.547478
-0.865535
-0.157508
-0.649177
0.008712
-0.627344
-0.481543
0.993410
0.266310
-1.144431
-0.387464
-1.318301
-1.052247
-0.710847
0.597152
0.604950
0.965604
-0.232652
0.257553
0.705600
0.334255
0.786617
0.210111
0.511146
0.324197
-0.520022
0.149756
-1.108292
-0.854765
-0.804274
-1.864868
-0.989742
-1.483607
-0.867124
0.462090
0.629895
0.774968
1.035163
0.867621
0.825397
2.105929
1.850955
-0.202385
0.761622
0.818607
-0.125998
1.103420
1.369311
0.905961
0.577036
0.918152
0.444864
-0.151879
0.479638
0.008291
0.099601
-0.084514
0.116426
0.858853
0.778262
1.631055
2.200861
2.249882
2.126633
1.088890
1.068641
1.385406
1.044331
0.507799
1.461183
0.446480
0.108285
-0.514418
-1.243134
-1.476540
-1.995106
-0.987522
-0.500849
-0.897068
-0.261112
0.128527
-0.010978
0.128139
0.154158
0.559779
0.561696
0.815169
0.811758
0.419701
0.673396
0.631236
0.208610
-1.076231
-1.297900
-0.288604
-0.655914
-1.675997
-0.148315
-0.363786
-0.771354
-0.933316
-1.041281
-1.449023
-1.130325
-2.006715
-0.042633
-0.361460
0.017604
-0.049846
-0.820084
-0.449167
-0.997279
-0.337492
0.755003
-0.527543
1.156341
0.789883
0.037043
-0.664108
0.194579
1.282545
0.187306
-0.094843
0.189030
-0.154142
0.392362
-0.532673
-0.315700
-0.124789
-0.362837
-0.127275
-0.522959
-1.208844
0.084841
0.883232
0.630571
0.068684
0.679241
1.238089
0.353665
-0.046726
0.304805
0.731988
0.420487
0.350891
-0.751228
-0.005027
-1.362546
-0.986459
-2.184647
-2.165616
-2.546450
-1.522367
-1.967970
-1.811104
-0.675205
-1.407898
-1.466537
0.477841
0.201182
-0.567972
1.224277
1.670321
1.604389
1.743525
0.855457
0.329282
0.359069
0.562297
-0.477351
0.092810
-0.051462
-0.528542
-0.435790
-0.399370
-0.208797
-0.838896
0.285164
-0.281038
-0.343253
0.296934
1.156157
1.713039
0.928879
1.605897
1.092600
1.097081
0.127816
0.100295
0.216124
-0.347602
-0.812743
-1.405442
0.018460
0.020104
-0.865989
-1.412936
-2.129771
-1.217694
-2.057364
-2.169647
-1.926729
-2.407195
-1.302258
-0.430350
-0.707471
0.304930
0.946911
0.295601
0.578735
1.206934
0.218522
1.551458
1.980324
-0.182779
-0.500880
1.077446
0.720214
-0.109815
-0.677224
0.378918
0.212889
-0.015090
0.594590
0.355040
-0.280654
0.429990
0.232270
1.063516
-0.058372
-0.063635
-0.027060
-0.549125
0.171517
-0.357456
-0.559570
-0.216868
-0.187505
0.382247
-0.244038
0.043711
-0.437955
0.668995
0.904951
0.795405
0.844675
1.214440
0.725772
0.555541
1.640163
2.191536
2.231457
1.549504
0.388932
1.615051
1.236363
-0.005962
0.263095
-0.021039
-0.455490
1.183294
1.230015
0.132449
0.168027
-0.517559
0.048595
0.253764
-0.961900
-1.024555
-1.425885
-1.249015
-0.913760
-0.331375
-0.638478
-0.073130
0.100598
1.169732
0.450014
-0.281101
0.693357
1.217869
-0.009352
-0.373895
0.133345
-1.170053
-0.377987
-0.366815
-0.658266
-1.317816
-0.924714
-1.257709
-0.440077
-0.690500
-0.565212
0.031048
0.194972
0.450925
0.017427
-0.062868
-0.927775
0.152708
0.736889
-0.621183
-0.880882
-0.521818
-1.116132
-1.726545
-2.173456
-1.192613
-1.541796
-1.483460
-1.633685
-0.590280
-0.969881
-2.157477
0.722967
1.246581
0.321853
0.447366
1.418866
1.531267
1.452093
1.357304
0.657063
1.724018
1.099632
0.683945
1.202908
-0.206107
0.287835
-0.454146
-0.136209
1.492776
-0.145702
-0.663412
-0.611354
-1.507166
-1.558221
-1.055910
-0.199787
0.439728
0.620647
0.650831
0.026114
1.956168
1.649992
1.055466
0.399988
0.954479
0.133766
0.131794
-0.002579
-0.357386
-0.324334
0.082114
0.162859
-0.423377
0.126865
-0.664466
-0.762467
0.419371
-1.044749
-0.157712
-0.229978
-1.258547
0.257021
0.534770
0.559429
0.291681
0.544969
0.813931
0.744752
0.986222
0.701004
1.120913
0.342520
0.057415
0.633008
0.303177
-0.034029
-0.126058
-0.861415
-2.168943
-1.471878
-0.798798
-0.825755
-0.392080
-0.929511
-0.110328
-0.068989
-0.784697
-0.351117
-1.020050
0.338340
1.132428
0.542162
2.241281
0.808237
1.047727
1.157447
1.376076
0.384985
-0.450035
0.186834
-1.053920
-1.806578
-2.127599
-2.000999
-1.205229
-0.797635
-0.396459
-0.715267
-0.090676
0.116114
0.745096
0.985998
0.934757
0.744489
0.401141
-0.099451
0.277127
0.051005
0.252656
0.360923
-0.412624
-0.387267
-0.742475
-0.610561
-1.214497
-1.136376
-1.532569
-2.095097
-2.739865
-2.561595
-2.775525
-2.518991
-2.046108
-1.133562
-0.511894
-0.349108
0.378092
0.381944
0.155644
0.821413
0.919932
0.456621
1.017487
0.924634
0.386152
0.917662
0.565458
-0.010274
0.603081
0.980666
-0.408816
0.216451
1.114411
0.447053
0.336733
0.661853
0.951060
-0.378477
0.702823
0.135458
1.183382
1.917458
2.063056
1.353426
0.462446
0.367779
-0.945323
1.085168
-0.127288
-0.081224
-0.502048
-0.434713
0.698378
-0.149104
0.268809
0.993053
0.203788
1.499984
0.647082
0.978470
0.863210
1.525128
1.483404
0.920172
0.661224
1.594610
1.434305
2.169389
1.377447
0.879525
1.320876
0.205890
0.657005
0.474627
-1.184032
-0.346820
-0.838500
-0.660878
-0.504030
-1.056998
-0.106704
0.164527
-0.286112
-0.573648
0.059767
1.132224
0.744081
-0.016229
0.463495
0.062510
-0.260741
-0.926677
-0.862834
-0.958812
-1.574357
-0.921998
-0.266523
-0.248016
-0.211411
0.612645
0.029007
-0.843197
-0.779728
-1.268760
-1.219382
-1.649463
-1.846881
-1.428409
-1.215385
-0.914990
-1.231533
-0.340228
-0.925525
-0.397017
0.604104
0.527777
1.300053
1.615851
-0.080560
-0.010019
1.275562
-0.009118
-0.356377
0.101049
-0.890974
-0.091798
0.296463
-0.166435
0.225790
0.539292
-0.735567
-1.620811
-0.384419
-1.165971
-1.020785
-0.770666
-0.342217
-0.033020
-1.318156
-1.398795
-1.531689
-1.220245
0.359376
0.215201
0.011955
0.255738
0.696925
0.962756
0.139998
0.582976
1.219912
1.445853
1.042135
0.566105
0.405121
0.936527
1.006496
1.505533
0.948245
1.562559
0.443467
0.868153
1.920579
1.947361
2.305074
1.489281
1.136467
1.880220
1.662297
1.591733
1.392428
0.383851
0.398168
-0.628583
-0.078377
-0.386720
0.166364
-0.053163
0.124321
-0.490191
-0.321252
0.175395
1.044073
1.262995
0.348863
1.116636
0.824398
0.225962
0.355362
0.540654
-0.039579
-1.115068
-1.331916
-2.388847
-2.331771
-1.772884
-1.771142
-2.998029
-3.185149
-2.363242
-1.692568
-2.001271
-0.990337
-0.494387
-0.989858
0.324020
0.652450
-0.206665
0.623652
0.832610
1.143381
1.333724
-0.535207
1.345189
1.528716
0.290099
0.641420
-0.203513
-0.619278
-0.086426
-1.334590
-1.005408
-0.063063
-0.294055
1.011229
0.596923
-0.027292
0.349643
1.253552
1.486478
-0.026188
-0.899026
-0.252026
0.042474
0.470250
0.306841
-0.871481
-0.330640
0.191619
-1.042869
-1.580942
-1.855729
-1.222356
-0.505652
-1.775258
-1.121056
-0.355897
-0.986510
-0.481777
0.176376
0.582566
0.741910
0.999004
1.300619
0.992766
2.202852
2.322872
1.393010
1.036796
1.807939
0.783806
0.885497
1.144110
0.426490
-0.267933
0.265899
-1.029582
-1.170287
-0.356800
-0.433639
-0.624250
0.290732
0.754467
0.406282
0.648707
0.100139
-0.333969
-0.133536
-0.574219
-1.291514
-0.550867
0.232928
-1.036902
