-0.022572
-0.132965
-0.151313
0.283341
0.457228
-0.331307
-0.899990
-1.288972
-0.916924
-0.385828
0.459155
0.641445
-0.083567
0.035188
0.274598
-0.627789
-1.090110
-0.906961
-1.101595
-1.097246
-0.787964
-0.857688
-0.243699
0.630613
0.736759
1.176236
1.694868
1.560175
0.148494
-0.497282
-0.173130
0.059002
0.209374
-0.144276
-0.551141
-0.422927
0.313929
1.038110
0.385508
-0.856474
-0.890159
-0.552932
0.477374
0.998049
0.134026
-0.037772
0.201158
0.345279
0.224647
-0.712304
-0.505106
-0.469984
-1.253617
-1.027821
0.279177
0.784295
0.323072
0.196934
0.572358
1.320177
1.238473
-0.023990
-0.044755
0.532946
0.766392
0.169414
-0.274344
0.260099
1.159291
1.360279
0.904558
-0.070813
-0.842961
-0.989471
0.197654
0.223035
-0.324137
-0.236785
-0.198334
-0.252506
-0.099182
0.069331
0.231508
-0.009056
0.071538
-0.168694
-0.541372
-0.581132
-0.867428
-0.392610
0.181755
0.066917
-0.050884
0.459151
0.597164
0.474490
0.021260
-0.098479
-0.158897
-0.186429
-1.110733
-1.586379
-0.668247
-0.159141
0.788042
1.035859
1.001638
1.122534
0.862727
0.199591
-0.237601
-0.572369
-0.389604
-0.815414
-1.224764
-0.669133
-0.308611
0.185762
0.057251
-0.273401
-0.240412
0.128119
-0.036934
0.059403
0.009233
-0.140184
0.591208
0.168701
-0.891009
-1.429883
-0.968196
0.458913
0.736312
-0.219138
-0.672268
0.163534
1.225187
0.849077
0.099807
-0.129553
-0.020541
-0.261422
-1.190394
-0.438569
0.744213
1.358501
0.711576
0.123179
0.004252
0.540600
0.395769
-0.247633
-0.383590
-0.416763
-0.466433
-1.325051
-3.252017
-3.357453
-2.778970
-2.007717
-1.975888
-3.138430
-3.569716
-3.646140
-3.297119
-1.343340
-0.929324
-0.313446
0.958314
1.657352
2.401378
2.853679
3.413066
2.989195
2.699970
3.026890
2.808838
2.403647
2.219747
2.275522
2.428272
1.681578
0.895141
1.546729
2.676086
3.061990
1.835459
1.161656
0.905485
0.587972
0.672762
1.060995
1.254766
0.711680
0.443402
0.417899
0.633842
1.410354
0.573246
-0.468013
-0.369252
0.333076
1.175576
1.226223
0.502963
-0.056338
-0.124900
0.509118
0.789722
0.380476
-0.364934
-0.742291
-0.953477
-0.386338
-0.432307
-0.291906
-0.862311
-1.502010
-1.358445
-0.621828
0.817693
1.344165
0.702166
-0.220975
-0.805840
-0.920787
-0.180901
0.155592
-0.378730
-0.759949
0.012220
-0.130998
-0.118218
0.809277
0.986331
0.335316
-0.148304
-0.677551
-0.283228
0.158533
-0.099552
-0.023282
-0.252819
0.163512
-0.010531
-0.972815
-1.299734
-1.001377
-0.620372
-0.416546
-0.335709
0.370173
0.479027
0.307482
-0.005145
-0.881271
-1.006754
-0.004992
0.974085
0.289537
-0.613961
-0.122742
0.094682
0.078266
0.898176
0.766444
0.788997
0.657061
-0.138939
-1.107639
-0.914082
-0.281601
-0.347050
-0.651708
0.018541
-0.287546
-0.564007
0.096294
0.262030
0.821384
-0.256214
-1.325481
-0.491504
-0.150396
-0.175758
-0.479324
-0.465671
-0.179203
-0.139154
-0.127116
0.319694
0.449261
0.683772
0.339319
-0.469672
-0.317558
0.231910
-0.211905
-0.810015
-0.771192
-0.790391
-0.578081
-0.007198
0.814032
0.630590
0.636635
0.919924
0.998158
0.476650
0.469598
0.146284
-0.850506
-1.209035
-0.811892
-0.750608
-0.255051
-0.817220
-0.895774
0.091923
-0.266623
-0.543575
-0.376591
-0.306796
0.436063
-0.084600
-0.911913
-0.435660
0.230442
0.601739
-0.147783
-0.483623
0.126538
0.616667
0.071727
-0.773015
-0.283072
-0.276549
-0.218464
0.069554
0.402102
-0.243694
-0.228356
0.046151
0.069892
-0.181172
0.015886
0.492583
0.792385
0.528942
0.368106
0.496770
0.618748
0.672677
0.637434
0.864637
0.668133
0.329891
0.367430
0.045234
0.013519
0.515856
1.174649
0.979698
0.368477
-0.288606
-0.168446
0.853817
0.780634
0.117817
0.245892
0.410260
0.108251
0.318204
0.925179
0.653229
0.758883
1.103964
0.895304
0.420902
-0.463610
-1.269102
-1.307263
-0.793520
-0.743704
-0.905531
-0.624098
-0.119590
-0.243495
-0.658969
-0.466793
0.105843
0.312561
0.596526
0.094481
0.179987
-0.450978
-0.720179
-0.217021
-0.196247
-0.817073
-0.654621
-0.481153
-0.522273
-0.505399
-0.618976
-0.253621
0.586655
0.470733
-0.311278
-0.583408
-0.686671
-0.168663
0.173867
-0.446489
-0.434583
-0.582487
-0.395490
-0.162314
-0.226772
-0.827644
-0.800891
-0.539718
-0.791191
-1.025533
-0.779065
-0.354182
-0.198836
-0.882717
-0.654906
-0.038565
-0.150495
0.613927
0.172145
-0.428701
0.007075
0.486829
0.752635
0.688332
-0.310227
-0.474458
0.151180
0.305952
0.210250
0.610119
0.534422
0.500956
0.396839
0.262915
-0.274313
-0.153350
0.295226
0.022241
0.016617
-0.097118
-0.467326
-0.018829
0.381707
0.150161
-0.241920
-0.678473
-0.083821
0.335766
-0.104393
-0.457334
-0.193335
-0.162509
0.000580
0.326888
-0.236654
-0.546756
-0.631527
-0.743459
-0.731173
-0.329095
0.333557
1.145139
0.315879
-0.660153
-0.609789
0.403385
0.872052
0.129695
-0.534723
-0.742704
-0.610458
0.111049
0.084085
-0.613625
-0.433825
-0.190970
-0.123195
-0.310513
0.096849
0.457734
0.066845
0.182918
0.424648
0.364428
0.145756
-0.717262
-1.062727
-0.355233
0.356609
0.599659
0.508748
0.351498
-0.395947
-1.407429
-1.490037
-1.875945
-2.855859
-2.980627
-2.868274
-3.172538
-2.918878
-2.688495
-2.488390
-0.976319
-0.060383
0.089889
-0.007612
0.306166
0.813275
1.365713
1.551395
1.586793
1.839081
1.728034
1.418472
1.976686
2.534990
2.241374
1.704470
1.383235
1.061947
1.596306
1.157938
1.125402
1.173577
1.292912
1.054102
0.813296
0.490242
0.187639
0.704975
0.752661
0.620832
0.538844
0.416574
0.705358
0.356575
0.115009
0.732348
0.937152
0.628242
0.121513
0.313401
0.514610
0.735009
0.784926
1.046154
1.395708
0.333207
-1.099242
-1.177209
-0.113047
0.102799
-0.960106
-0.580405
-0.011144
0.096086
0.436512
0.553836
-0.016737
-0.819058
-0.220694
0.449674
0.163926
-0.043671
0.340592
0.624853
-0.101232
-0.364185
0.276969
0.627446
-0.630007
-1.623956
-1.418483
-0.584014
0.435710
-0.289329
-1.087711
-0.695196
-0.060832
0.325858
0.032767
-0.234810
-0.221462
0.044618
-0.471931
-0.825591
-0.378930
0.055314
-0.380596
-1.017362
-0.839688
-0.113895
0.325917
0.141537
0.277876
0.754840
0.628460
0.492782
-0.247111
-0.642216
-0.788716
-0.277302
-0.005108
0.092526
-0.049016
-0.043648
-0.342366
-0.398635
-0.689400
-0.707234
0.246531
0.624913
0.054648
-0.567822
-0.272968
-0.029388
0.005887
0.142233
-0.252449
-0.046591
0.575312
0.783881
0.726946
0.393751
0.661952
1.223675
1.010919
0.066178
-0.315464
0.265053
0.476476
0.010696
0.247293
0.430881
0.587476
0.509588
-0.336392
-0.392617
-0.620129
-1.194478
-0.600943
-0.625981
-0.900762
-0.706050
0.206971
0.428403
0.254090
0.632895
0.496529
0.453866
0.611120
0.125754
0.212771
0.307930
0.478997
0.084228
-0.443888
-1.315085
-1.331925
-0.591222
-0.716685
-0.415149
-0.546807
-0.402834
-0.684491
-0.455566
0.033102
0.134216
-0.366678
-0.742060
-0.068945
0.643609
0.736179
0.397911
-0.070368
-0.429446
-0.569994
0.488132
0.487547
-0.286838
-0.370119
-0.439953
-0.464690
-0.045711
0.482336
-0.571206
-1.587609
-1.480570
0.302806
0.565695
-0.056080
0.565706
0.213983
0.032875
-0.197657
-0.748488
0.042222
0.567874
0.003848
-0.536444
-0.558324
0.233620
1.059709
1.004212
0.116384
-0.009557
0.037530
-0.823147
-0.495752
-0.239824
0.102920
-0.421917
-0.966153
-0.875375
-0.875401
0.278886
0.690411
0.872583
0.893953
0.573297
0.319119
-0.045752
-0.786876
-0.709116
-0.404899
-0.431146
-0.333687
-0.760943
-0.860752
-0.500339
-0.652637
-0.620017
0.343329
0.951752
1.007114
0.818775
0.614367
1.120937
0.910043
0.010210
-0.241786
-0.723251
0.137660
-0.117318
-0.782208
-0.984201
-0.107631
0.548881
0.630706
0.444288
-0.083882
0.357738
0.693592
0.784161
0.863123
0.169805
0.146208
0.250624
-0.501924
-0.761946
-1.026324
-0.527500
-0.095435
-0.066760
-0.252054
-0.160283
0.579019
0.516611
-0.101389
-0.006184
-0.232531
-0.394841
-0.175413
-0.376781
-0.642247
-0.291693
0.264100
0.475181
-0.039943
-0.626981
0.016918
0.472828
0.515383
-0.134302
0.135006
-0.065140
-0.076521
-0.386897
-0.654573
0.015700
-0.193027
-0.459824
0.430313
0.800064
0.617376
0.484073
0.258496
0.580026
0.833378
0.912071
0.146394
-0.576781
-0.411736
-0.719986
-0.341641
-0.500869
-0.849577
-0.579382
-0.119816
-0.270283
0.251391
1.067814
0.943685
0.335823
0.353862
0.365895
0.738787
0.263698
-0.581056
-1.043743
-0.749027
-0.186644
0.163843
0.371184
0.789494
0.721166
-0.187876
-0.235790
-0.256023
0.170015
-0.565563
-0.804400
-0.501228
-0.297622
0.068155
-0.481253
-0.570162
-0.528210
-0.583636
-0.593252
-0.506145
0.138625
0.480477
0.244606
-0.060037
0.096885
-0.309349
-0.775891
-0.653086
-0.664532
-0.642768
-1.137914
-0.866402
0.010334
-0.103880
0.395953
0.896751
-0.129116
-1.313102
-1.230889
-0.657313
0.177435
-0.592407
-2.095535
-2.441058
-2.540993
-1.856552
-2.147948
-2.580286
-2.850365
-3.252810
-3.000897
-2.916530
-2.281300
-1.085855
-0.143873
0.631319
1.026783
1.577938
1.962974
2.392047
2.387726
2.241349
2.592451
2.520744
2.392213
1.706462
1.690110
1.738759
1.452550
1.110375
0.559607
-0.139141
-0.644475
-1.597705
-3.563396
-4.310523
-3.344876
-2.516215
-2.512131
-3.580938
-3.996730
-2.798930
-1.630447
-0.840983
-0.541072
-0.004892
0.638120
2.184183
3.138746
3.123582
2.644305
2.410981
2.941342
3.386865
3.482203
3.340970
3.226361
2.803311
3.129422
3.389732
3.467670
3.369314
2.360839
1.158141
0.538143
0.960128
1.593294
1.748370
0.688295
0.385202
1.630338
1.430267
0.505235
0.160790
0.171938
0.859154
1.149857
0.502745
-0.120027
-0.343237
-0.190921
0.225427
0.689309
0.938885
1.127391
0.676751
-0.310367
-0.663939
-0.373759
-0.034977
0.636377
1.159361
1.221470
0.511857
-0.740989
-1.485439
-1.069040
-0.407849
-0.776490
-0.719518
-0.636698
0.023065
0.028053
-0.133554
-0.217431
-0.141198
-0.174333
-0.158926
0.197999
0.132074
-0.226617
-0.577777
-0.618558
-1.064068
-1.207172
-1.497658
-1.283891
-0.322423
0.045151
-0.301271
-0.548106
-0.035049
0.392404
0.705106
0.830320
0.398144
-0.059279
-0.726016
-0.863205
-0.336866
-0.203832
-0.736129
-0.836056
-0.245691
-0.615768
-0.645094
-0.344725
-0.412665
-0.345044
-0.041312
-0.610029
-0.926911
-0.612910
-0.399892
0.557719
0.018773
-0.319842
-0.427796
