-0.775959
-0.367101
0.348584
0.849819
1.348943
0.686187
-0.651441
-1.954476
-1.646039
-0.464235
0.853195
1.248374
0.762844
0.374831
-0.163711
-1.040403
-0.942116
-0.536922
-0.824302
-1.313391
-0.811430
-0.378459
0.136034
0.510916
0.591303
0.700698
1.150673
1.162455
0.828810
0.156224
-0.678012
-0.968021
-0.342289
0.085915
0.354748
0.222071
0.234077
0.358293
0.038453
-0.155652
-0.178694
-0.377566
-0.609792
-0.671747
-0.540869
0.175872
0.740206
0.373103
-0.223482
-0.263521
0.034206
0.426182
0.502950
0.434242
0.186811
-0.722702
-1.486235
-0.868516
0.187519
1.193885
1.492028
0.913376
0.537882
0.772681
0.971756
0.600845
-0.016438
-0.418480
-0.159705
0.128246
0.107088
-0.219060
-0.137526
0.354857
0.989496
0.755871
-0.201004
-0.864614
-0.955578
-0.625403
-0.254079
0.490472
0.760507
0.199498
-0.226864
-0.544768
-0.372726
-0.396092
-0.525408
-0.268944
0.344813
0.377581
-0.202664
-0.266377
0.335177
0.972086
0.837359
0.125925
-0.536707
-1.045026
-1.097910
-0.765510
0.128808
0.820918
1.012914
0.839711
0.804548
0.550329
-0.042909
-0.484600
-0.601461
-0.631715
-0.479016
-0.355354
-0.336074
-0.110078
0.205203
0.880520
0.758449
0.222514
-0.728684
-1.267229
-0.681526
0.359728
0.209882
-0.266803
0.353585
0.491623
0.442877
0.112761
0.018628
0.619523
0.588600
0.144575
-0.353161
-0.495580
0.014801
0.311277
0.543576
0.218280
-0.295623
-0.748306
-0.793463
0.093623
0.969784
1.354987
0.806404
-0.050122
-0.386137
0.300318
0.907318
0.979221
0.513614
-0.489686
-1.259052
-1.706321
-2.428966
-2.383770
-2.615398
-2.815444
-3.522461
-4.740430
-5.363805
-4.589652
-3.088307
-1.231079
-0.654502
-0.166527
0.743221
1.804034
2.661344
3.035805
3.017372
2.515703
2.254385
2.532702
2.350900
1.520183
0.744387
1.037749
1.670115
1.671050
1.502670
2.041036
2.496350
2.443651
1.799928
1.608688
1.395651
0.882272
0.461630
0.794937
1.088704
0.891755
0.180753
-0.330633
0.342008
1.240073
0.905067
-0.092850
-0.374726
0.115568
1.065571
1.227493
0.382584
-0.207151
-0.016062
0.875665
1.356379
0.769825
-0.095631
-0.540356
-0.586862
0.129595
0.339277
0.211950
-0.386940
-0.809354
-0.566261
0.065434
0.537640
0.494456
0.197414
-0.215361
-0.340478
-0.296115
0.079127
-0.014123
-0.463066
-0.166135
0.485479
-0.007074
-0.491563
0.042661
0.065756
-0.481507
-0.900414
-1.335851
-0.761589
-0.509034
-0.594130
-0.158943
0.128530
0.353150
0.094375
-0.345927
-0.133905
-0.018015
-0.187884
-0.138095
0.187592
0.784644
0.631401
0.363079
0.700055
0.083134
-0.630695
-0.511646
0.305617
0.454513
-0.180265
-0.257125
0.049020
0.160438
0.238390
0.009806
0.158021
0.282891
-0.397699
-1.086122
-0.915194
-0.274568
-0.453353
-0.942167
-0.991968
-0.892387
-0.389014
0.286174
0.441213
0.425196
-0.376269
-0.918533
-0.199766
0.585222
0.309849
-0.071838
-0.176181
-0.296570
-0.258949
-0.253716
-0.140610
0.102581
0.665612
0.382214
-0.660468
-1.652557
-1.207542
-0.709914
-0.089396
0.183049
-0.334766
-1.136096
-1.647120
-0.959699
-0.250250
0.501906
1.119147
0.817985
-0.355881
-0.875367
-0.653372
-0.502142
-0.549622
-0.463365
-0.549535
0.098676
0.251408
0.443616
0.911799
0.239748
-0.612695
-0.960979
-0.531139
0.586733
0.641742
-0.182581
-0.398984
-0.336629
-0.021803
0.097032
0.294721
0.311058
-0.384280
-1.339332
-1.673598
-1.025297
-0.763100
-0.220286
0.386754
0.554121
0.133702
-0.117516
-0.004911
0.634545
1.026895
0.950868
0.388072
0.269305
-0.074701
0.160723
0.509421
0.607442
0.524565
0.509584
0.580985
0.786987
0.614961
0.391327
0.491670
0.472583
0.775022
0.725062
0.670928
0.276621
-0.155416
-0.424311
0.079306
0.123050
-0.438636
-0.444171
0.051819
0.416265
0.963754
0.979810
0.515559
0.484582
0.884077
0.712403
-0.182267
-0.558584
-0.867475
-1.028544
-1.070520
-0.664107
-0.318602
0.301734
0.598900
-0.379819
-1.459515
-1.303713
-0.568727
-0.141816
-0.160348
-0.453151
-0.135303
-0.291335
-0.380914
-0.098848
0.156400
0.133621
0.274273
-0.066340
-0.227413
-0.222877
-0.068811
0.490951
1.083044
0.980611
0.436518
-0.044219
-0.376691
0.063519
0.595165
0.568101
0.580245
0.097802
-0.113776
0.193659
0.131286
-0.004672
0.285862
0.135312
-0.342432
-0.414947
0.174236
0.542418
0.429724
-0.530979
-0.845479
-0.562615
-0.890550
-0.488112
-0.382259
-0.522854
-0.159649
0.126492
0.736310
0.909868
-0.062300
-0.687760
-0.406502
0.095583
0.521186
0.732324
0.667659
0.387953
-0.058453
-0.173323
-0.634000
-0.654732
-0.509818
-0.498584
-0.649196
-0.983275
-0.672549
0.078217
-0.070903
-0.758754
-0.616693
-0.120098
0.015401
0.120112
-0.239696
-0.419152
-0.315205
-0.160247
-0.030750
-0.247936
-1.088683
-1.468746
-1.302707
-0.670912
-0.406297
-0.422229
-0.226149
0.203435
0.101419
-0.345530
-0.660172
-0.168698
0.209940
-0.174343
-0.122080
-0.172944
-0.408544
-0.302933
-0.218877
-0.184661
-0.156983
-0.445178
-1.013998
-0.680072
0.284300
1.090169
1.136367
0.494040
-0.155825
-0.099143
0.074691
-0.152011
-0.320675
-0.094657
0.144268
-0.021182
0.146852
0.512487
0.017780
-0.694163
-0.745841
-1.294406
-2.824491
-3.403531
-3.440638
-3.332512
-2.742122
-2.420631
-2.156753
-1.053860
0.062603
0.792234
0.441191
-0.156412
0.133551
1.071414
1.596606
1.512480
1.837971
1.602996
1.334252
1.557789
1.533802
1.909766
2.568960
2.172758
1.559329
1.749137
1.985022
1.831018
1.026616
0.518904
0.174115
0.456926
0.565880
0.213000
0.030470
0.060323
0.435193
0.501954
0.283503
0.405519
0.359050
0.273446
0.439404
0.362731
0.099232
0.050086
0.580376
1.000436
0.818676
0.496665
0.610126
1.145069
0.728599
-0.355389
-0.775608
-0.253809
-0.071561
-0.592316
-0.397821
0.207129
0.179759
-0.146064
-0.047213
0.454685
0.504411
0.390794
-0.137570
-0.481268
-0.182726
0.378590
0.614800
0.012757
-0.566680
-0.638072
-0.113897
-0.431639
-1.147840
-1.450441
-0.997379
-0.278656
-0.163023
-0.593451
-0.737441
-0.569264
0.116632
0.229244
-0.115831
-0.331338
-0.355262
-0.549079
-0.231799
0.385528
0.386718
0.134319
-0.387252
-0.106804
0.363082
0.470434
0.207810
0.209074
0.368011
0.627162
0.866896
0.477645
-0.335444
-0.934637
-0.518543
0.077831
0.174494
0.062712
0.071800
0.057192
-0.010114
-0.494517
-0.860599
-0.554554
-0.252585
-0.000268
-0.022065
-0.015306
0.071866
0.096204
-0.039117
-0.606678
-0.814394
0.067361
0.625388
0.957976
0.688512
0.906902
1.493932
1.679618
1.253722
0.444741
0.073612
0.115629
0.088506
-0.068260
-0.282629
-0.408297
-0.349804
-0.560153
-0.608747
-0.925528
-1.296482
-0.796548
-0.319750
0.192013
0.620721
0.888563
1.301920
1.528579
1.373272
0.756721
-0.027885
-0.391178
-0.179923
0.016587
-0.390794
-0.622471
-0.577180
-0.287850
-0.653175
-1.023153
-0.524647
-0.269453
0.205061
0.228722
-0.376661
-1.103392
-1.039906
-0.381075
-0.300207
-0.834905
-1.388926
-1.070955
-0.359791
0.109880
0.074348
0.031130
-0.026124
0.225996
0.754434
0.869584
0.579214
0.267854
-0.159685
-0.316644
-0.214757
-0.256633
-1.017157
-1.384198
-0.918986
-0.161500
-0.056130
-0.206939
0.071135
0.397010
0.493180
0.162248
0.069797
0.505580
0.817820
0.705118
0.734595
0.971101
1.158038
0.871025
0.191411
-0.550724
-0.901839
-0.990347
-1.215149
-0.707604
-0.133972
0.162035
-0.142514
-0.474702
-0.154851
0.323792
0.436401
0.414228
-0.044130
-0.264725
-0.408292
-0.273015
-0.219514
-0.711255
-0.767479
-0.757728
-1.017592
-0.824088
-0.687645
-0.020237
0.523796
0.150990
-0.192256
0.251246
0.664275
0.830025
0.656446
0.617751
0.671653
0.229522
-0.032145
-0.112230
-0.277191
-0.056882
-0.160377
-0.462301
-0.362296
0.132403
0.797471
0.881194
0.727819
0.151943
0.145197
-0.071142
0.142287
0.329841
0.226406
0.718319
1.033076
0.758324
0.542053
0.086371
0.034456
-0.109747
-0.225068
-0.375195
-0.167758
0.211675
0.167336
-0.114646
-0.036315
0.020298
0.011681
0.069628
-0.107710
-0.210546
-0.033041
-0.165340
-0.371092
-0.448181
-0.440826
-0.382712
-0.366037
-0.347358
-0.521130
-0.049723
-0.094139
-0.344006
-0.125380
0.264985
0.342445
-0.199358
-0.543789
-0.280764
0.021117
-0.022940
-0.120945
0.181449
0.691164
1.022197
0.851109
0.214155
-0.260597
0.358537
0.451659
0.164025
-0.459655
-0.515355
-0.031576
0.226292
-0.022429
0.175604
0.368654
0.386780
0.129502
0.014749
0.019991
0.093285
-0.422510
-0.652876
-0.554903
-0.427994
-0.066862
0.240190
0.401436
0.630007
0.564459
-0.077216
-0.345463
-0.487033
-0.393342
-0.642465
-0.475888
-0.099194
-0.144164
-0.324218
-0.193664
0.341425
-0.114386
-0.633992
-0.521652
-0.100903
0.200752
0.012684
-0.315633
-0.948045
-0.701021
-0.415316
-0.563341
-0.224135
-0.233552
-1.071452
-1.730965
-1.262377
-0.529403
-0.373524
-0.313697
-0.260079
-0.764388
-1.017010
-0.692514
-0.086349
0.366941
0.082631
-0.552816
-0.698169
-0.995237
-1.257491
-2.112513
-2.953950
-3.418832
-3.884287
-4.167315
-4.236921
-3.108261
-1.750053
-0.859357
-0.103754
0.582408
1.403634
2.097517
2.462152
2.564872
2.291520
2.335221
2.410474
2.300055
1.846767
1.948902
1.856984
1.619119
1.471926
1.627026
1.308975
0.652721
-0.864728
-2.842754
-3.799508
-3.472030
-3.396183
-3.642608
-3.923080
-3.913759
-2.930607
-1.728747
-0.600557
0.374702
0.912738
1.434755
2.496650
3.286686
3.389790
3.094746
2.872426
2.945649
2.708542
2.171831
2.421036
2.942018
2.961756
3.119091
2.842972
2.650277
2.698900
2.479783
1.961856
1.315138
1.061064
0.987810
1.110726
0.710141
0.460772
1.133944
0.745094
-0.008916
-0.058836
-0.054336
0.395414
0.662655
0.382405
0.334679
0.756953
0.773698
0.769518
0.427340
0.248576
0.403669
0.155494
-0.173320
-0.212054
-0.230151
-0.561999
-0.603897
-0.282227
0.157651
0.542881
0.219564
-0.411617
-0.667938
-0.352757
-0.309328
-0.267113
-0.427797
-0.227073
-0.123715
-0.280022
-0.342024
-0.508142
-0.516666
-0.883472
-1.084823
-0.903230
-0.594759
-0.633834
-0.556484
-0.189846
0.069510
-0.176494
-0.615869
-0.416740
0.017600
0.338514
0.507817
0.340389
0.336016
0.586347
0.444165
0.331395
0.301830
-0.020286
-0.251088
-0.056200
-0.583020
-1.270738
-0.836995
0.146061
-0.160742
-0.550298
-0.536655
-0.462969
0.087614
0.085363
-0.662699
-0.932756
-0.410561
-0.096438
0.333014
-0.138362
-0.930588
-0.776566
