-0.611470
-0.834151
-1.101335
-1.091453
-0.497895
-0.532420
-0.609734
-0.577862
0.139281
0.277740
0.255716
0.021196
-0.481250
-0.916082
-0.191336
0.807729
1.296035
1.154263
0.872158
0.366883
0.037291
-0.170523
0.183138
-0.063154
-0.767970
-1.032340
0.038232
-0.121873
-0.689756
-0.732208
-0.126308
0.012393
0.359927
0.989654
1.005411
0.662198
0.503066
0.336843
0.029633
-0.779883
-0.794845
-0.255829
0.007096
-0.626911
-0.790235
-0.549792
-0.415290
-0.077294
0.775897
1.845808
1.460806
0.717977
0.854785
0.552465
0.046042
0.013312
0.076764
-0.259132
-0.964894
-0.523835
-0.318978
-0.971494
-1.227971
-0.224497
-0.171343
0.333423
0.667572
0.308208
-0.189000
0.092706
0.919833
0.358721
-0.091997
0.246939
0.431590
-0.236414
-0.811354
-0.425001
0.102312
0.499257
-0.425826
-0.758405
-0.149366
-0.196489
0.099722
0.219338
0.420927
0.490861
0.147075
0.151499
-0.183395
-0.496879
0.201375
0.410223
-0.019782
-0.002554
-0.095141
0.090301
0.393418
1.056186
0.596103
-0.355940
-0.415064
-0.272949
-0.391960
-0.344746
-0.960041
-1.469830
-1.204738
-0.414166
-0.409427
0.160660
0.686996
1.107460
0.782728
0.601861
0.146597
-0.313575
-0.484257
-0.180741
0.766946
1.662743
0.209228
-0.679677
-0.527338
0.580577
1.176883
0.092210
0.308387
0.924149
0.945214
0.771277
0.578297
-0.234477
-0.407289
-0.586969
-0.912432
-0.793050
-0.717164
0.237365
1.486750
0.331695
-0.963858
-0.604834
0.335886
-0.243384
-1.043001
-0.619716
-0.427804
-0.294442
0.121697
0.423739
0.443556
0.428873
-0.183050
-0.907251
-2.493680
-3.556359
-4.470910
-4.522309
-3.743866
-3.063832
-3.242344
-2.713506
-2.358488
-1.507504
-0.608183
0.481003
1.100595
0.984405
0.728968
1.659862
1.816225
2.057183
2.464275
2.572122
2.784471
1.791824
1.509646
2.133074
2.907366
3.163332
2.626308
2.236513
1.790723
1.415931
1.481993
1.520080
1.373921
1.441998
1.574011
1.383124
1.249379
1.706283
1.302414
0.192355
0.402207
0.682819
0.705233
0.524433
0.078301
0.335243
0.735270
0.087511
-0.155089
0.198305
0.583135
0.604911
-0.581634
-1.153149
-0.398828
0.137254
0.190943
0.092812
0.490358
0.655679
1.255637
1.385187
1.805172
0.471961
-0.720405
-0.749165
-1.038294
-0.564622
-0.903901
-0.533142
-0.359452
-1.014872
-0.480846
0.566824
0.004121
-0.672506
-0.585038
-0.554601
-0.286366
0.011409
0.226810
-0.071121
0.323427
0.413585
0.019462
0.572098
-0.917681
-1.437880
-0.602687
-0.147040
0.419447
0.412817
-0.125230
0.414948
0.303923
-0.296094
-0.569906
-0.754774
0.233137
0.398151
0.329525
0.919575
1.143614
0.232472
-0.372453
-0.256478
-0.888613
-1.654415
-1.768823
-1.840906
-1.400777
-0.557985
-0.606742
-0.405541
0.219150
0.151772
0.112915
0.200289
0.081923
-0.020140
-0.264068
-0.390039
-0.533536
-0.796554
-1.098221
-0.546210
-0.132950
-0.266023
0.048803
0.038454
-0.116403
0.054898
-0.087114
-0.084354
-0.262265
-0.514423
-0.211840
-0.742873
-0.532041
0.047248
0.181976
0.863259
0.366025
0.131015
0.531588
0.486549
-0.034903
-0.826807
-1.012351
-0.830363
-0.403953
-0.442243
0.014723
-0.093597
-0.277607
-0.088219
0.133376
0.529523
0.046286
-0.184467
-0.077507
-0.280263
-0.378451
-0.166904
-0.248549
0.270870
0.145605
-0.180707
0.025875
0.637765
0.825625
1.204588
0.915953
0.325431
-0.383364
-0.288723
-0.430223
-1.088198
-0.979726
-0.703921
-0.353099
-0.400657
-0.236519
0.217578
1.023949
1.100832
0.757694
0.608507
0.960833
1.246323
0.609632
0.274738
-0.130435
-0.136692
-0.571960
-1.095257
-0.731804
-0.149626
-0.521397
-0.632016
0.174915
0.609440
0.847473
0.498511
0.959914
0.590278
0.466469
0.447487
0.318397
0.301756
0.229021
-0.333903
-0.636764
-0.554662
-0.805319
-0.722466
-0.513956
-0.503376
-0.483885
-0.504673
-0.569292
-0.349616
0.298395
1.134959
0.838051
0.389128
0.531840
0.895007
0.456733
0.296097
0.499836
0.666874
0.262420
-0.558532
-1.147184
-0.936564
-0.951289
-0.814448
-0.595772
-0.364987
0.334317
-0.317567
-0.059048
0.432286
0.192619
0.633428
0.690555
0.354892
-0.297016
0.004972
-0.007634
-0.416050
0.050783
0.140409
0.080265
0.383913
0.243614
0.225502
0.402781
0.494108
0.854268
1.063731
0.598026
0.167467
0.034032
0.520213
0.103705
-0.030192
0.461716
0.211246
0.218448
0.397337
0.347011
0.374871
0.572734
-0.076572
-0.511895
-0.103618
-0.444271
-0.330723
0.007576
-0.213281
-0.546660
0.119462
0.144555
0.237695
0.364428
0.003561
0.296082
0.355504
0.050068
0.223507
-0.432096
-0.446281
-0.175706
-0.337404
-0.866358
-1.010622
-0.374190
-0.362529
-0.885563
-0.347672
0.336652
0.510308
0.014270
-0.335496
-0.075580
-0.537138
-0.633345
-0.188560
-0.522179
-0.587319
0.014523
0.427934
0.372180
-0.122279
-0.444466
-0.621469
-0.063851
-0.022365
-0.348704
-0.318192
0.057319
0.144022
-0.188120
-0.200658
-0.081023
0.052739
0.062972
0.049717
-0.316637
-0.039154
0.569768
0.539919
0.146631
-0.045120
-0.560294
-0.593935
-0.308287
-0.160667
-0.185128
0.104054
-0.452498
-0.522922
-0.217716
0.022022
-0.233461
-0.263198
-0.147816
-0.232327
-0.149393
-0.383665
-0.837541
-1.632722
-2.595738
-3.243889
-3.355245
-2.944524
-2.789748
-2.904801
-1.969376
-1.218566
-0.791314
-0.375580
0.306010
0.568932
1.356084
1.408204
0.926763
0.786150
1.008446
1.180707
1.078624
1.316665
1.131273
1.222859
1.255742
1.994012
2.166328
2.210273
2.117992
1.505702
1.292043
1.028088
1.040154
1.065109
1.057837
0.313567
0.018792
0.711928
0.884534
0.426990
0.699315
1.120749
1.173236
0.692062
0.893126
0.671289
0.236512
-0.048743
-0.105278
-0.068258
-0.277318
-0.582329
-0.417176
0.034398
-0.170376
-0.073724
0.566690
1.177819
0.629035
0.187212
0.236411
-0.358203
-0.460390
-0.094167
-0.110400
-0.608185
-0.660500
0.019498
0.164093
-0.911860
-0.793915
-0.409036
-0.584141
-0.154065
-0.298082
-0.515087
-0.325817
0.130228
0.142612
0.021492
-0.088702
-0.018363
-0.530862
0.352139
0.087509
-1.397576
-1.011349
0.075893
0.344663
0.199673
0.014325
0.217200
0.266961
0.016707
-0.234504
0.348890
0.245293
-0.066070
-0.082932
0.156635
0.315709
0.149651
-0.330359
-0.405519
-0.411654
-0.765946
-0.396394
-0.300261
-0.269232
-0.954826
-1.222947
-0.371505
0.309809
0.972403
1.428434
0.421879
-0.079815
-0.038571
0.419253
0.001916
-1.107050
-1.438716
-1.883564
-1.699160
-0.950170
-0.411773
-1.146726
-1.721736
-0.829751
-0.514625
-0.698201
-0.380610
0.274692
0.654561
-0.312671
-0.784373
0.224710
0.251411
-0.273668
-0.042151
0.316056
-0.193800
-0.406219
0.377791
0.681265
0.294314
0.627213
1.139919
0.794717
0.557756
0.350340
0.701715
0.561487
-0.040328
0.108734
0.862756
-0.184732
-1.109580
-0.879122
-0.406746
0.156531
-0.256879
0.281444
0.985540
1.323940
1.155831
1.161416
1.672756
0.899312
0.496129
0.924342
0.846062
0.214378
-0.596179
-0.456981
-0.991772
-1.203087
-1.490460
-1.677258
-1.097365
-1.374117
-1.322714
-0.519426
0.159994
0.356311
0.434242
0.991679
0.693930
0.821178
1.469441
1.201644
0.836668
0.819522
0.650685
-0.039531
-0.024939
0.133071
-0.391524
-0.705735
-0.564591
-0.076567
-0.138102
-0.538495
0.016994
-0.190788
-0.438062
-0.166274
-0.170565
-0.292664
-0.321272
0.050824
-0.037583
-0.363329
-0.256550
-0.157101
-0.653051
-0.765844
-0.898014
-0.599479
0.268090
0.993467
1.067696
0.639860
0.708980
0.394128
-0.009239
-0.023188
0.740770
1.197595
0.354964
0.232212
0.660295
0.735832
0.866943
0.371601
0.243141
0.616607
-0.482534
-1.140424
-0.750654
-0.462336
-0.770338
-0.892377
-0.327193
-0.290796
-0.261054
-0.271929
0.095916
0.487105
0.889463
1.069009
0.441873
0.683341
0.687210
0.637333
0.781768
0.845374
1.121990
0.694288
0.038517
-0.149306
-0.357702
-0.515215
-0.594717
-0.718559
-0.066568
0.037891
-0.273479
0.115710
0.266600
0.437261
0.587802
0.731781
0.740559
0.880013
0.010393
-0.610269
-0.655410
-0.407647
-0.368406
-0.997459
-1.068707
-0.777014
-0.528352
-0.335276
-0.053337
-0.215236
-0.089559
0.343678
0.437870
0.318973
0.137455
0.022782
0.188949
0.253035
-0.405354
-1.109708
-1.229159
-0.959976
-0.609371
-0.150384
-0.351554
-0.753694
-0.714127
-0.280272
0.199476
0.420366
0.657594
1.512757
0.756813
-0.109066
0.200243
0.024320
-0.015423
1.077813
-0.347138
-1.529513
-0.633845
0.172914
-0.404659
-0.580285
-0.407587
-0.236257
-0.016314
0.472786
0.902285
1.221759
1.478011
1.138343
0.340343
0.027592
0.016239
-0.451662
-0.977482
-0.653227
-0.582348
-0.436829
-0.102392
0.180552
0.186670
-0.176320
-0.383806
-0.213466
-0.267533
-0.412490
-0.261079
0.068640
-0.151222
-0.869923
-0.743675
-0.296511
-0.395764
-0.227162
0.308723
0.459485
1.028297
1.190444
0.446125
-0.260041
-0.107197
-0.025034
-0.506731
-0.379876
-0.258499
-0.607233
-0.358660
0.203352
0.199139
0.426230
0.566792
0.216294
-0.132696
-0.752898
-0.760851
-1.938329
-3.189127
-2.664876
-2.142856
-2.928193
-3.316218
-3.048860
-2.622807
-2.857007
-2.509003
-2.123840
-1.223532
-0.914475
-0.747222
-0.173718
0.223510
0.505388
0.812223
1.325836
2.278322
2.347360
1.861010
1.613573
1.599589
1.201245
0.986498
0.116062
-1.261369
-2.109055
-2.844685
-3.545288
-3.747034
-3.580162
-3.013940
-2.250647
-0.904138
0.002504
0.521207
1.273964
1.300862
1.066821
1.798713
1.750092
2.409808
2.962795
2.721078
3.023635
3.113853
2.996997
3.084026
2.600129
2.361980
2.724153
2.786408
3.157389
2.518067
2.285461
3.109450
2.748371
2.405968
2.272756
2.187498
2.670363
2.668306
2.034811
1.013084
1.004076
1.474421
1.982406
2.290925
1.635886
0.603336
0.567812
0.604703
0.786772
0.954939
1.141786
-0.333117
-0.732685
-0.480681
-0.452393
-0.392570
-0.576386
-0.720816
-0.411093
-0.778946
-0.557319
-0.292540
0.410911
0.987135
0.559334
0.355613
0.551481
-0.094746
-0.539779
-0.567697
-0.332128
-0.443171
-0.568648
-0.680252
-0.851383
-1.021339
-0.908721
-0.616730
-0.152400
0.159631
-0.126212
-0.631864
-0.704388
-0.621087
-0.502755
-0.870560
-0.992752
-0.013819
0.019802
-0.598459
-0.937699
-1.694819
-1.961486
-1.363956
-1.218099
-1.440888
-1.177006
-0.874682
-0.819870
-0.954962
-0.989133
-0.313655
-0.102569
-0.707057
-0.865059
-0.391565
-0.770927
-1.195960
-0.956216
-0.974060
-0.949803
-0.900132
-0.943028
-0.680511
-0.554025
-0.616844
