0.046829
-0.097658
0.335047
0.072324
0.085917
0.163652
0.631158
0.828970
1.115380
1.499312
2.004574
2.231508
0.934244
0.611882
0.916050
0.558400
-0.588328
-0.516387
-0.788415
-0.923514
-1.278750
-1.677196
-1.800515
-1.806211
-0.799265
0.555879
0.447956
-0.133681
-0.383638
0.396330
1.197607
1.137352
0.900891
0.563637
0.084088
-0.839732
-1.956841
-2.272519
-1.422021
-0.487635
0.070744
0.401537
0.658442
1.184494
0.774194
-0.072265
-0.378757
-0.714558
-0.756272
0.169818
0.930723
1.708026
0.970914
0.589984
0.567262
1.040467
0.805714
-0.091194
-0.323093
-0.122945
0.666541
1.145406
0.933197
0.639761
0.455237
0.008891
-0.278750
-0.368351
-1.070689
-1.191553
-0.919275
-0.639868
-0.597986
-0.522725
0.027619
0.271351
0.040849
-0.268433
-0.202126
0.399980
0.746847
-0.081312
-0.171628
0.369636
0.498786
0.469496
0.199164
0.243406
0.353059
0.466568
1.524961
2.112946
1.639498
0.926599
0.803763
0.323882
0.710976
0.946974
0.511039
0.374456
-0.019658
-0.358241
-0.110174
0.163091
0.356456
0.572592
0.711459
0.684044
0.467673
0.182189
-0.292695
0.443102
0.982516
1.308104
0.751627
0.177771
-0.294221
-0.502421
-0.668637
-0.806686
-1.194377
-1.650385
-1.279590
-0.868732
-0.930220
-1.361856
-0.662617
-0.322376
-0.441581
-0.326015
0.375626
0.524725
0.759574
0.873880
1.314969
1.137650
0.335141
0.395585
0.563587
0.340482
-0.556453
-1.219378
-0.643225
0.341538
0.123977
-0.769135
-1.787491
-1.775427
-1.227959
-0.643450
-0.183511
0.187354
0.199078
-0.619950
-0.525724
-0.724973
-0.348666
-0.486632
0.767520
1.405659
2.217823
2.571606
1.862822
1.582627
0.568835
0.292264
0.036635
0.227531
0.165458
-0.432136
0.085661
0.076368
-0.379234
-0.464701
-1.532675
-1.773046
-1.392769
-0.988367
-0.677602
-0.150435
-0.432684
-0.583988
0.073292
0.618903
-0.080212
-0.615101
-0.849605
-0.655901
-0.354179
0.252020
1.233612
1.854872
2.269044
1.918110
1.134781
0.802871
0.751950
0.973677
0.370381
0.636261
-0.135479
-0.774768
-0.654211
-0.814403
-1.509952
-1.432923
-1.431791
-0.790755
-0.299123
-1.421411
-2.466832
-3.093601
-2.561023
-1.721927
-1.663246
-1.710170
-1.011688
-0.805209
-0.545609
-0.460942
-0.734235
-0.257666
0.909825
1.581795
1.598385
0.940416
0.596908
-0.038940
0.048895
0.474924
0.175490
0.320568
0.026334
-0.114219
0.368931
-0.161411
-0.638247
-0.658662
-1.167648
-0.437796
0.733804
1.421703
1.662634
1.595370
1.303344
0.895851
1.204464
1.455256
1.036866
-0.013862
-0.688538
-0.869620
-0.496235
-0.860937
-1.203301
-1.326234
-1.379823
-1.600074
-2.089026
-1.996741
-1.888266
-1.201042
-1.220572
-1.008234
-0.668598
0.136086
0.186144
0.001002
0.043847
0.651396
1.171635
1.210230
0.726147
0.458988
-0.961031
-1.894003
-1.365475
-0.428138
0.485487
0.131840
-0.798260
-1.015010
-0.563957
-0.473706
-0.199353
-0.261158
-0.668348
0.089170
1.422289
1.010989
0.678399
0.316108
0.446140
1.114324
1.631717
1.863390
1.227269
0.942268
0.630486
0.887913
1.117973
2.075742
2.530305
2.100994
1.028729
0.484382
0.292295
0.081797
-0.242094
-1.085587
-1.098119
-1.290519
-1.295649
-0.643688
-0.194505
-0.048815
0.034080
-0.341670
-0.048761
0.725284
0.985964
1.020104
0.860109
0.372187
0.403744
-0.237559
-0.298501
-0.653077
-0.435859
-0.313799
-0.121909
0.578521
0.656984
0.067502
-0.300214
-0.010277
0.240659
0.048083
0.440690
0.752442
0.717394
0.542448
0.286147
-0.339933
0.000908
0.700088
0.358926
0.120014
0.710860
0.942360
1.279246
1.135252
0.634307
0.229785
-0.276264
-0.409300
-0.453684
-1.445013
-2.400324
-2.345591
-2.225814
-1.804724
-1.428184
-0.878928
-0.714879
-0.742263
-0.972039
-1.352015
-0.732470
-0.362772
0.089848
0.458851
1.013058
0.667801
0.588797
0.197317
0.266185
0.506880
0.661997
1.015311
0.892273
0.151848
0.071518
-0.517858
-0.686376
0.109827
-0.036612
0.018362
-0.079813
-0.512787
-1.093226
-1.350656
-1.163397
-0.463623
-0.199922
0.055657
0.076840
0.027917
0.017242
0.376338
0.461657
0.617569
0.333868
0.295490
0.557695
1.037882
0.942080
0.394147
0.988274
1.687895
1.667241
1.078592
1.117716
0.946943
0.616494
0.117738
0.228635
1.125057
1.932931
2.155749
1.439023
1.245284
0.947257
0.853334
1.806847
1.084660
0.090980
-0.216863
-0.001782
-0.101238
-0.326880
-0.113159
0.132773
0.002830
-0.595492
-1.122952
-1.121064
-0.669062
-0.404112
-0.185811
-0.967130
-1.068347
-0.948919
-1.504664
-2.151797
-2.258618
-1.385612
-1.232455
-0.541463
-0.763458
-0.694976
-0.627827
-1.086029
-0.977992
-0.708411
-0.727928
-0.132197
0.462588
0.857388
0.484218
0.147127
0.356503
-0.109245
-0.626117
-0.998295
-0.949442
-0.281975
-0.325077
-0.685655
-0.654706
0.218366
0.099342
-0.267727
-0.594860
0.081147
0.243382
-0.392277
-0.119260
0.042588
-0.392253
0.107861
-0.415250
-1.123027
-0.901201
-0.973766
-0.658563
-0.401390
-0.051415
0.800769
0.858109
0.863237
1.198886
1.178256
1.410260
2.060345
2.247531
1.575115
1.422904
0.104552
-0.048875
0.029573
0.211817
0.209344
0.211829
-0.534303
-1.114590
-0.850709
-0.853053
-1.200025
-2.505988
-2.208845
-1.077467
-0.841973
-0.987633
-1.318499
-0.792910
-0.513194
0.093855
0.410420
0.449773
0.779048
1.108829
1.536585
1.090266
0.231033
0.041301
-0.057686
0.022383
-0.077768
-0.344124
-0.459131
-0.875566
-1.423447
-1.674699
-0.703684
0.254872
0.920328
1.459179
1.329097
0.959239
1.105176
0.349048
0.181971
-0.302794
-0.144389
0.484747
0.373463
0.344255
0.098649
-0.528712
-0.692475
-0.705734
-1.081077
-0.982370
-1.243097
-1.130176
-0.896919
-0.298706
-0.210242
-0.202925
0.026350
0.194162
0.319965
0.267461
0.322595
0.121859
0.556735
0.996014
0.910199
0.958480
1.599589
1.230448
0.704430
0.268841
0.856446
1.111382
0.964045
0.750598
0.653038
0.495063
0.347180
0.199151
0.246389
0.072583
0.185282
-0.117363
-0.884210
-0.622210
-0.780311
-0.770872
-0.278451
-0.595160
-0.430690
0.058004
0.397395
1.374450
1.367053
0.037327
0.047087
0.694932
1.705144
2.030653
1.034231
-0.333523
-1.129215
-0.878922
-0.865717
-1.092797
-1.167632
-1.408593
-0.991078
-1.185441
-1.833264
-2.148869
-1.836226
-1.348357
-1.143639
-1.206105
-1.105168
-0.273141
0.558605
1.239220
1.646315
1.403363
1.228563
0.151309
-0.271677
-0.223957
-0.569020
-0.600786
0.121861
1.434112
1.138375
0.900977
0.550907
0.129773
0.000509
-0.486130
-0.085724
-0.745379
-2.360237
-2.940965
-2.159727
-1.030488
-0.734319
0.043977
0.628331
0.017505
-0.376935
-0.233043
0.195574
0.571603
0.879432
1.307963
1.497726
1.490613
1.693460
1.612335
1.093411
0.683200
-0.413266
-1.034559
-1.117531
-0.477644
0.111466
-0.012810
0.217879
-0.186888
-0.322204
0.133470
0.055604
-0.696003
-0.711669
0.136668
0.277762
0.425421
0.497297
1.168964
1.812695
1.590267
1.097664
0.517288
0.195987
0.856240
1.028053
1.419446
0.878960
-0.460763
-0.573502
-1.182195
-1.600716
-2.095565
-2.149906
-1.657263
-1.017456
-0.321022
0.078504
0.298642
1.269770
1.366264
0.344177
-0.371118
-0.733246
-0.496179
0.448757
0.779344
0.215065
-0.097500
0.604129
0.751625
0.453086
-0.443418
-1.096719
-1.374773
-1.777350
-1.634140
-0.928324
-0.155036
-0.116427
-0.121769
-1.010962
-0.990429
-0.274207
-0.004376
1.033994
1.671559
2.088186
2.264828
2.500403
2.290920
1.773676
1.671528
0.445611
0.196394
0.989063
0.996941
0.671008
1.312545
1.176243
0.867022
0.651226
0.176282
-0.067739
-1.171985
-2.494695
-2.064410
-1.268181
-0.488705
-0.221967
0.032387
0.502376
0.865668
0.273718
-0.403223
-0.324376
-1.202381
-1.702817
-1.546623
-1.295710
-0.434715
-0.193974
-0.712544
-0.731574
-0.362561
-0.925166
-1.074799
-0.394127
0.100909
-0.093760
-0.062838
-0.090742
0.266468
0.865212
1.402444
1.340387
1.103114
1.293113
0.386540
-0.129013
0.301666
0.466874
0.897201
1.471026
1.761050
1.284534
1.120301
1.032938
0.529918
-0.065457
-0.069374
-0.112957
-0.522257
-0.921550
-1.566132
-1.473316
-1.429898
-0.767246
0.076287
0.412550
1.023511
1.090352
0.537124
0.640438
-0.002157
-0.603776
-0.862440
-1.348455
-1.929167
-2.231077
-1.846268
-1.310876
-1.240839
-1.100172
-0.713213
-0.117268
-0.051866
-0.388437
-1.022431
-1.045088
-1.606357
-0.629994
-0.217719
-0.143443
-0.480099
-1.318457
-1.248625
-0.451227
0.416342
1.140607
1.517144
0.531201
-0.372161
-0.158564
-0.152660
-0.261487
-0.286008
-0.973283
-0.525516
0.178699
0.173587
0.185018
0.230874
0.089661
-0.487018
-1.104476
-0.206085
1.009954
1.551195
1.810892
1.171878
0.610595
0.576631
0.617009
0.205899
-2.141526
-3.385800
-2.109511
-0.445757
-0.253420
-0.065352
0.852195
1.154591
1.249434
0.349357
-0.585828
-1.808881
-1.561740
0.339884
1.004856
1.571008
1.518277
1.281642
0.971900
1.337402
0.994673
0.695168
-0.039156
0.379769
-0.098947
-0.216101
-0.006696
-0.257438
0.389307
0.665100
0.118145
-1.335785
-2.539702
-3.338991
-3.488566
-2.139314
-1.022726
-0.166632
0.647974
0.427891
0.486967
-0.005316
0.436346
0.667283
0.564503
1.044670
1.942232
1.333901
0.608403
0.495220
-0.774716
-1.061603
-0.770523
-1.013633
-0.901128
-0.900021
-0.716449
-0.918213
-1.319689
-1.754140
-1.623538
-1.505295
-0.678195
0.456868
0.434220
0.194332
0.240884
-0.272336
0.075763
0.014138
0.429659
0.316422
0.536867
1.049292
1.899126
1.716380
0.618044
0.457583
0.474636
0.921792
1.392338
1.220123
0.827526
0.300190
0.392407
1.340819
1.440827
0.915667
1.146732
1.184910
1.263751
0.163653
0.080897
-0.617871
-0.615766
-0.392309
-1.001383
-0.098231
0.540860
0.840640
1.539221
1.734946
2.090861
2.051410
2.089353
1.961827
1.757794
1.619176
1.279975
1.019007
0.384443
-1.046800
-1.662391
-1.539854
-1.811895
-1.749346
-1.897463
-1.641431
-1.131925
-0.528623
0.046443
0.619631
1.043888
1.256112
0.985794
0.758948
0.667424
0.633393
0.569326
0.377672
1.127835
0.973441
0.736966
0.774278
0.633452
0.178696
-0.122588
0.137883
0.191445
0.322028
-0.083717
0.332311
0.483270
0.177566
0.325360
-0.077055
0.036876
0.095985
0.014680
-0.177413
0.089228
0.552688
0.202358
-0.640995
-1.009992
-1.841665
-1.565412
-1.395818
-1.270742
-0.839667
-1.327763
-1.616672
-1.028508
-0.248786
0.218090
0.024966
-0.479775
-1.072108
-1.866754
-1.830864
