0.010274
0.736831
0.450886
0.662057
0.672911
0.524509
0.266289
1.266254
0.021525
0.959527
-0.952431
-0.981749
1.139951
0.882538
0.493889
-0.212694
0.766042
1.244465
0.816802
0.498427
0.635725
1.580473
2.113533
0.635508
1.229077
0.416750
-0.300918
0.287115
0.719021
0.499844
0.297670
-1.223942
-0.781239
-1.261093
0.040015
-0.066140
1.357321
2.368161
0.521309
1.477920
1.292350
0.293505
0.709152
-0.133783
0.170081
1.599159
0.933426
0.454781
0.631961
0.529422
0.926556
0.915715
0.748066
0.654491
0.846811
-0.248748
1.037317
1.584022
1.188361
0.716689
1.136584
0.887509
0.507474
0.483742
0.336396
0.821934
1.434244
1.362729
0.801843
1.968355
1.975299
2.619393
3.073841
2.081476
1.468389
1.452485
2.110486
1.653044
0.653465
1.555284
0.569242
1.381406
1.098757
0.057530
1.213168
-0.073226
0.131906
0.167233
0.886284
1.397873
0.348562
-1.497394
-0.612494
0.081320
-0.858764
0.652467
0.119637
0.518550
0.170448
-0.780614
-0.674328
0.739301
0.726923
0.524094
0.678478
-0.411895
0.119990
-0.322899
-0.706178
0.328854
-0.681847
-1.146840
-1.558056
-0.456071
-1.110979
-1.569204
-0.683119
-1.059867
-0.561051
0.591705
0.913627
1.601968
1.056112
0.963132
1.545533
1.411338
1.127697
0.557475
1.514728
1.396513
-1.411169
-0.239671
-0.683586
-1.223801
-2.976548
-2.065626
-1.232969
-1.605733
-1.471544
-0.386739
-0.681966
-0.579759
-0.751255
-0.385906
-1.401619
0.411194
0.650478
-0.392344
-0.586687
-0.119939
-0.384164
-1.351059
-1.341618
-1.574753
-0.025927
-0.816536
0.957389
-0.415716
0.375252
0.463825
-1.413594
-0.710087
-1.065611
-0.868403
0.006098
-0.214745
0.844153
-0.266382
-0.736964
0.469830
0.672718
-0.176650
0.301544
0.654237
-0.198475
0.241052
-0.297373
-0.184914
-0.147216
0.694741
0.469328
-0.282971
-0.389653
-0.585375
0.750848
0.534139
1.188880
1.133142
0.953015
-0.036384
1.168419
-0.019498
0.732273
1.504529
0.878917
0.824485
1.204763
0.539916
1.321109
0.902005
1.548714
1.248726
0.081970
0.796050
1.293135
1.144083
0.934512
1.025398
2.049530
0.100846
1.160511
1.502079
0.874849
0.702908
0.328751
0.712237
0.848979
0.803392
-1.094300
0.446763
2.544082
1.451036
0.278443
-0.026984
1.038639
-0.539137
0.870581
1.204744
0.643457
-0.279406
0.323487
0.439357
-1.690086
0.723628
0.477965
-0.156020
-0.326298
-0.132114
-0.959618
-0.166234
-0.283171
-0.996818
-1.646448
-0.647677
-1.512344
-2.469290
-0.328294
-1.391098
-1.514635
-1.301190
0.896524
-1.142532
-1.054878
-0.083105
0.275001
-0.033714
-0.286917
-0.673374
0.830733
0.904403
0.149025
1.539741
0.471717
0.220279
0.070428
0.081537
-0.299495
-0.868328
0.007882
0.072028
-1.617559
-1.165769
-0.499739
0.128879
-0.794533
-0.697511
-0.696528
-0.158511
0.360551
-2.237381
-1.085550
-0.627133
-0.687958
-3.141904
-2.501856
-1.077667
-1.402839
-2.060936
-2.680376
-1.956324
-0.537909
1.067285
0.118624
0.020688
-0.618707
-0.854612
-1.362660
0.514792
0.055331
-0.791649
-0.818358
-1.527048
-0.111631
-0.664897
-0.468618
0.570144
0.627244
0.459179
1.042553
0.368997
0.358990
1.257827
0.832792
-0.541128
-0.603408
0.144386
-1.052411
0.331535
0.354937
-0.079521
-0.713306
-1.317502
-1.024300
-1.624445
-0.757221
-1.479838
-0.896983
1.556405
0.887764
1.406235
0.717516
2.329267
1.760448
0.026771
0.996144
2.280190
1.217480
1.063704
0.745762
0.784216
-1.138261
-0.014969
1.253804
-0.298574
-0.447403
-1.573074
-1.003512
-0.352290
-0.722486
-0.327131
0.362883
-0.804647
-0.783615
-0.475144
-2.142256
-0.985455
1.294534
1.344936
1.845157
1.046897
0.931959
-0.836695
0.516410
1.375984
-0.387479
0.432652
-0.382329
0.366699
0.019478
-1.158765
-0.376383
-0.713223
-1.954683
-1.177829
-0.398962
-0.290573
-0.025073
0.798692
0.711973
-0.479354
-0.577623
-1.168867
-1.022516
-0.230147
-0.364718
-0.781428
-0.687856
-1.485988
-0.932881
-0.226105
0.362871
-0.053151
-0.956115
0.655097
0.234231
-0.824728
0.876225
0.837126
-0.013362
0.904883
0.131015
0.466012
0.239472
-0.422677
-0.213290
-0.461352
0.093649
-0.764890
-0.290425
-0.152800
-1.432295
-1.270863
-0.397564
-0.323472
-0.797785
0.066886
0.365942
-0.391741
-0.799110
-1.042190
-0.562069
-0.506234
-1.375672
-1.871707
-1.110330
0.207448
0.045529
0.010186
-1.502008
-0.318425
-1.130148
-1.169984
0.499863
1.448606
0.760380
0.128664
0.972201
-0.140397
2.176191
0.245500
0.674084
1.856240
0.899079
0.665824
0.570134
0.274338
1.181948
-0.169273
-1.091043
-1.057814
0.259910
0.103027
-1.104918
-0.597573
0.459683
0.233602
-1.816730
-1.341696
0.446938
-0.271930
0.511346
1.099509
-0.324862
-0.527097
-1.876782
0.477686
-0.041796
-0.707704
-0.364143
-0.549926
0.778740
-1.421291
-1.714424
1.181885
1.090128
0.167225
-0.340371
-1.385396
-1.466632
0.080648
0.900991
1.114760
0.760083
-0.115214
0.247792
0.288937
-0.347649
-0.489179
0.401798
0.237093
-1.021856
0.298713
-0.559779
-0.374530
-0.065899
-0.758403
1.020166
0.267100
0.898375
-0.066148
-0.214013
-0.699981
0.140035
0.983984
0.809208
0.345848
1.188059
0.133687
0.488124
0.497759
-0.106975
0.585988
0.984521
1.920746
1.446014
0.602651
-0.436926
0.047815
1.353081
-0.088939
-0.247032
0.437255
-0.484121
-0.630019
0.578326
-0.415198
-0.073291
-0.851244
0.331770
0.119073
-1.235742
0.536703
0.730716
-0.311949
0.252962
-1.507594
-1.397175
-0.545931
-0.228772
0.317847
0.855374
0.462088
0.960120
1.415076
0.278565
0.780949
1.955109
1.510728
0.683143
-0.028324
0.472409
0.461820
-0.048395
0.451429
1.085187
1.596415
-0.111842
-0.897143
0.015484
0.442330
0.204413
-0.924582
0.859868
0.817943
0.230468
-0.140320
-0.424564
-1.126242
-0.352813
-1.156214
-3.801833
-1.781039
-1.780081
-2.338490
-1.027225
-2.086698
-1.993788
-1.322248
-1.189629
-0.894804
-1.644424
-0.920642
-0.882835
-0.390165
-0.721170
-1.383838
-0.733190
0.318015
-0.650213
0.830800
-0.459976
-0.291881
-2.054996
-0.822811
-0.130850
-0.824129
-0.198481
0.002687
0.431538
-0.103736
-0.560009
-0.721142
-1.727258
-1.556446
-0.718345
0.323495
0.965518
0.152711
0.934951
-0.099420
0.233968
0.710266
0.403409
1.203919
-0.651363
0.159203
-0.098330
0.483215
-1.541043
-1.508294
-0.633611
-1.353052
-2.291017
-1.643038
-1.361561
-0.958822
-0.875560
-1.468977
0.149992
-2.190879
-0.140319
-0.355430
-0.170631
0.692220
-0.218721
-0.344502
0.183772
-0.415315
-1.148076
0.851135
0.193147
1.202883
0.774287
0.413006
0.018002
-0.623508
0.474604
0.407841
1.145319
1.470774
1.181565
0.639791
0.464660
0.806807
1.589794
1.794697
0.272615
0.839411
1.687998
2.202337
2.379324
1.251774
2.238002
2.538414
2.798333
1.857088
2.041319
2.349666
1.820582
1.552945
1.069770
1.522031
1.088571
0.082004
-0.226326
0.312576
0.159518
-0.567155
-0.474127
-1.493792
-1.887102
-1.087553
-1.554669
-1.658934
-1.732170
-0.998663
-2.482778
-0.184551
-0.485073
-1.181709
-0.673898
-1.068937
-0.059835
-0.087465
-0.839579
-1.967468
-0.174940
0.211341
-0.065732
-0.409597
-0.173296
-0.744468
0.229355
-0.212836
-0.931779
-0.457303
-0.065893
0.947508
-0.386719
0.573057
0.124171
0.460784
-0.060885
0.138023
0.027118
1.404379
1.547047
0.901564
1.142837
0.086138
0.428561
0.234493
0.595907
-1.083119
0.587962
-1.849872
-1.306669
0.097374
-0.346026
-0.934253
-1.136775
-2.060404
-0.092294
0.971702
0.762666
0.347953
-0.122812
-0.031525
-1.192822
0.665204
-0.138615
0.113634
0.339778
-0.752508
1.138267
0.850335
0.433667
0.635068
-0.414829
-0.211765
-1.099428
-0.388393
1.664980
0.492831
0.976785
1.117743
1.560122
0.842794
0.832710
0.678235
0.659975
0.877328
0.230690
-0.106146
1.128603
1.009080
0.079144
1.316470
1.160980
1.396190
1.163375
0.817139
0.242765
-0.591289
0.622191
-0.409263
-0.678538
-0.349960
0.290843
-0.207238
-1.338332
-0.784185
0.095019
-0.515432
-0.264395
-0.606035
0.376698
-0.445978
0.131104
0.338445
1.356190
0.818827
0.078991
0.616720
0.480392
0.725559
1.886200
0.875783
-0.118694
0.579667
-1.050943
0.191277
-2.252227
0.602615
1.385201
-0.084360
0.369621
-0.304531
-0.756196
0.814036
-0.231980
0.245058
-0.063642
-0.175652
-0.331272
-0.068547
-0.126809
0.840422
0.401336
0.163681
0.732808
0.220020
0.489817
1.063020
1.235486
0.238808
0.244045
0.726331
-0.800317
-0.499613
-1.286994
0.517689
-0.153747
0.482468
0.816561
-0.676511
-0.172816
-0.657262
-0.515926
-0.730515
-0.721381
-1.947804
-1.218525
-0.837028
-0.698573
-0.823183
-0.273135
-0.472476
-0.686057
-0.775346
0.460444
0.222824
0.886556
-0.704757
0.367828
1.268666
0.814397
-0.172580
-0.229489
-2.184303
-1.872638
-0.578654
-0.292423
-1.221697
0.136543
-0.840024
-0.221749
-0.808221
-1.119246
-0.667130
-1.130284
-0.266705
-2.198067
-1.064219
-1.337824
-0.735037
-0.689898
-1.828822
1.156860
1.063331
-1.084965
-0.022197
-0.558252
-1.390515
-0.564279
-0.883278
0.260341
0.043064
0.976066
0.159108
0.208703
-0.370691
-0.983219
1.787989
0.361722
0.179128
-0.099693
-0.546786
-2.102387
-1.929397
-1.633647
1.038015
0.037694
0.789305
0.827742
-0.453870
1.252083
1.899866
1.568764
1.359119
2.768701
2.186639
2.287028
1.098092
2.254939
1.928317
0.694308
-1.135799
0.530110
0.338555
-0.255773
-0.876054
-1.229666
-0.436834
-1.999474
-0.826998
-2.334866
-0.873234
-1.878554
-0.972008
-1.007097
-0.293243
-0.911115
-0.343549
0.663739
0.947173
-1.050362
0.844120
1.549291
-0.640455
0.491875
0.283054
-1.005923
-0.764966
-1.754478
-1.580488
-0.804573
-1.152035
-1.781887
-0.550851
0.015243
-1.158021
-0.647731
-0.618854
-0.271541
0.726843
0.168933
-0.073045
0.378203
2.591920
0.955563
1.055349
0.363432
0.786578
0.700923
0.821001
0.750351
0.848264
-0.210963
0.259955
-0.279334
-0.916777
-0.720509
-0.449235
-0.621556
-0.584794
-0.877575
-0.287091
0.549549
0.578904
0.084823
0.689154
0.637984
-0.778003
-1.442038
-0.723306
-0.701639
-0.461348
-0.363304
-0.936954
-1.387971
-0.127529
-0.295251
-0.822522
-1.146452
-1.235293
-2.377740
-1.358871
-1.030358
0.121836
-0.839670
-0.581985
-0.646909
-1.010789
-1.429335
-1.059285
-0.286541
-0.538978
-1.886123
0.396787
2.301267
1.805224
0.852655
0.986341
0.386122
0.786923
1.046023
0.195202
0.147019
-0.217648
-0.831201
-1.093802
0.166203
-0.226147
