-1.016764
-1.786855
-2.301554
-2.307266
-1.862197
-1.797311
-1.622887
-1.024048
-0.577642
-0.037158
1.036170
1.881461
1.465207
1.849854
2.311016
2.458937
2.386089
2.230325
2.223298
1.681182
0.950885
1.056228
0.953293
0.512707
0.253077
0.281915
0.409746
0.148525
-0.271637
-0.284961
0.373212
0.976620
0.789934
0.512677
0.120897
-0.203756
-1.127645
-1.169100
-1.119336
-0.783709
-0.544000
-0.054198
-0.057673
0.159259
-0.185342
-0.445433
-0.696989
-0.977285
-0.798474
-0.696190
-0.937017
-0.728224
-0.467638
-0.125439
-0.144405
0.028449
-0.167501
-0.253951
0.001057
0.377530
0.594321
0.553961
0.808353
0.347713
0.631653
0.483327
0.033818
-0.047355
-0.411423
-0.723853
-1.150340
-1.786649
-1.973790
-1.690933
-1.455923
-1.038768
-1.226896
-0.831342
-0.771767
-0.715617
-0.423964
-0.893055
-0.536886
-0.518782
-0.203693
0.214061
0.432736
0.243246
0.336906
0.211617
0.646457
0.908758
0.962075
0.805101
0.931017
0.088265
-0.246579
-0.479073
-0.840831
-0.956957
-0.630071
-1.356967
-0.927780
0.178339
0.551275
1.603371
1.717119
1.696401
1.955867
2.593392
2.199171
2.157452
2.385610
2.439396
2.412921
1.508688
0.903135
0.287190
-0.069456
-0.184686
-0.506164
-0.888928
-1.660488
-1.975552
-1.809006
-2.603008
-2.467810
-1.976561
-1.633858
-1.103694
-0.522279
-0.186338
0.667724
1.198968
1.554417
1.859210
1.629423
1.682048
1.162165
0.755902
0.671549
0.568930
0.605492
0.325158
-0.298633
-1.029246
-0.999154
-1.426991
-1.628037
-1.582317
-0.986876
-0.467945
-0.445359
-0.894154
-0.819664
-1.216671
-0.684660
-0.150326
0.678608
0.771195
1.440612
1.731744
1.798015
1.786290
1.168621
0.728365
0.720150
1.084721
1.041366
0.982588
0.761072
0.759687
0.603680
0.978738
0.961156
0.544710
0.648419
0.977463
1.448438
1.230492
1.221282
0.669755
0.120354
-0.308581
-0.659358
-1.107977
-1.303719
-1.357761
-1.328181
-0.621204
-0.466277
-0.176235
-0.270549
-0.123450
0.322879
0.488080
0.663492
1.062267
0.560823
0.990037
0.136447
0.053489
-0.281701
-0.842756
-1.414776
-1.796956
-1.578141
-1.256739
-1.288585
-1.558853
-1.765006
-2.065906
-2.065671
-1.803269
-2.187999
-2.451466
-1.877008
-2.148925
-2.150107
-2.087993
-2.316113
-1.493143
-0.527042
-0.626297
-0.616756
-0.289974
-0.134533
0.210601
0.072475
0.423686
0.175889
0.303415
0.711551
1.034303
1.001760
1.443486
1.271921
1.250560
1.263635
1.221322
1.524283
1.222539
1.201513
0.929548
1.127984
1.221547
1.037036
1.233518
1.106441
0.895871
0.561297
0.835288
1.149120
0.637431
0.355897
-0.176210
-0.436636
-0.622702
-0.590694
-1.165347
-1.946399
-1.599209
-1.391212
-0.778118
-0.498906
0.166420
-0.238251
0.043042
0.523128
0.808098
0.795890
0.612321
0.652577
0.643230
0.122302
0.018558
-0.202570
-0.101500
0.650487
1.011050
0.679147
0.504614
0.231585
-0.124662
0.326476
0.274887
0.148690
0.114505
0.560756
0.873286
0.602098
0.523968
0.856806
1.192382
1.402080
1.381801
1.278149
1.258217
0.995805
0.552682
0.311060
0.674696
0.603406
0.240772
-0.652113
-1.095872
-0.809753
-0.545385
0.271696
0.014082
0.225789
-0.148496
-0.148470
-0.266547
-0.327431
-0.870193
-1.238952
-1.330419
-1.092304
-0.454762
0.420873
0.887322
1.407510
1.442474
1.470897
1.375673
1.320560
0.802385
0.114211
0.220358
-0.493246
-0.558062
-0.714774
-1.431090
-2.173869
-2.363380
-2.373958
-1.663107
-0.899552
-0.643570
-0.674956
-0.603068
-0.156896
0.200665
0.045091
-0.035666
0.337552
0.136011
-0.022421
-0.260768
-0.205974
-0.112559
-0.088442
0.016094
0.038025
-0.077272
-0.550141
-0.715371
-1.286380
-1.016395
-0.264845
0.526781
0.398845
0.195062
-0.110186
-0.788900
-0.976444
-0.851488
-0.120607
0.181602
0.555149
0.640996
0.661404
-0.056244
-0.120058
-0.882661
-0.611512
-0.643369
-0.300329
-0.436883
0.129005
0.168954
0.317686
0.047893
-0.088513
0.131748
0.453849
0.724034
0.639944
0.058501
0.234090
0.461460
0.179837
0.325902
0.323915
0.532986
0.324249
0.063376
-0.154935
-0.299531
-0.010397
-0.093915
-0.330722
-0.364883
0.065514
0.470582
0.834949
1.035562
1.743028
2.316339
2.294915
1.376214
1.413119
1.704266
1.441204
0.798470
0.235177
0.545467
0.764926
0.724473
0.348260
0.410956
0.386478
0.096503
-0.207807
-0.590608
-1.208429
-1.241180
-0.623607
0.165028
0.423093
0.381451
0.582526
0.040316
-0.239071
-0.017107
-0.235567
-0.734181
-1.156184
-1.198220
-0.974478
-1.494807
-1.399349
-1.423162
-1.516817
-1.388111
-0.234220
0.111526
-0.181219
-0.362291
-0.527273
-0.253308
-0.413638
-0.769880
-0.758524
-0.561150
0.136931
0.417787
0.527203
0.435842
0.165013
0.337650
0.609005
0.619772
0.527017
0.341383
0.896441
0.651017
0.570076
-0.057827
-0.425008
-0.530741
-0.612837
-1.105938
-0.543797
-0.198965
-0.071566
-0.270995
-0.571731
-0.718904
-0.728837
-0.716861
-0.653923
-0.246495
-0.089194
0.163184
0.151485
0.223577
0.274781
0.546942
0.326924
0.380685
-0.078761
-0.111491
0.211127
0.583100
0.468308
0.341256
-0.321208
-0.009135
0.062638
-0.441097
-0.221004
-0.001016
-0.397399
-0.883900
-0.883677
-1.319329
-1.382508
-1.808290
-1.568766
-1.504518
-1.957412
-1.858948
-1.908694
-1.910121
-1.682977
-0.973261
-0.931190
-0.682512
-0.414080
-0.352519
0.000326
0.076355
-0.207153
0.061737
0.199126
0.052385
0.415239
0.844565
1.406521
1.719028
1.708174
1.492035
1.856117
1.771857
1.675646
1.469651
1.576809
1.272383
0.740416
0.115644
0.189847
0.233784
0.150222
0.017378
-0.515588
-0.975811
-0.742841
-0.606396
-0.525185
-0.318337
-0.411591
-0.329200
-0.331057
-0.010349
0.385225
1.093964
1.387841
1.178130
1.155883
1.291711
0.960888
0.917062
1.407418
1.449230
1.594353
1.958857
2.323081
2.363381
3.116390
2.818990
2.384126
2.238441
1.850906
1.412088
0.851152
0.452946
-0.277991
-0.189818
-0.095318
-0.656854
-0.837460
-0.762501
-1.116982
-1.369603
-1.345336
-1.556103
-1.465892
-1.244338
-1.057609
-0.892530
-0.101510
0.304286
0.794826
0.948086
0.292584
-0.377321
-0.375489
-0.721323
-0.305375
-0.255939
-0.418993
-1.116332
-1.131029
-1.127269
-1.547804
-1.726727
-1.577681
-0.477694
-0.124935
-0.280789
-0.599432
-0.420632
-0.599694
-0.192466
-0.453257
-0.496828
-0.643188
0.046980
0.079028
0.422855
0.328966
0.341950
0.196044
0.177007
0.039722
-0.138351
-0.206341
-0.239232
-0.294027
-0.523139
-0.547870
-0.961847
-1.025457
-1.154841
-1.258517
-1.664717
-1.121037
-0.793621
-1.032905
-1.069046
-0.423257
0.066456
-0.128532
0.298956
0.128727
0.065320
0.180356
0.296268
0.637022
1.160252
1.419455
1.343430
1.061698
0.404190
0.133368
0.061457
0.284187
-0.271974
-0.958619
-0.814966
-0.448401
-0.574402
-0.520621
-0.842259
-1.083403
-1.201222
-1.312069
-0.938075
-0.562991
-0.312334
-0.105375
0.812147
0.705624
0.393056
0.664630
1.434688
1.963444
2.435793
2.031041
1.555043
1.064593
1.397841
1.752922
0.992072
-0.100024
-0.547570
-0.857526
-0.491800
-0.396785
-1.023425
-1.070926
-1.104026
-0.563660
-0.648798
-0.971212
-1.451798
-1.525654
-1.442922
-1.411730
-1.570768
-1.223577
-0.369831
-0.019045
0.250526
0.219591
-0.028556
-0.329427
0.231641
0.200364
0.336440
-0.206732
-0.434641
-0.330536
-0.871151
-0.282001
0.572915
0.598759
1.034384
1.392325
0.971546
0.691347
0.468047
0.890346
1.414068
1.977670
1.902958
2.105910
1.926880
1.939445
2.292066
1.933121
1.287191
0.639279
0.647952
0.598049
0.693473
0.795519
0.330083
-0.287984
-0.242220
-0.879629
-0.703291
-0.931406
-0.578649
0.305971
0.304965
0.523430
0.285024
0.233037
0.314101
0.044273
-0.298619
-0.664385
-1.384474
-1.800173
-1.894028
-1.682424
-1.405982
-1.205034
-0.986254
-0.779978
-0.478342
-0.292090
0.031567
0.157548
0.560135
-0.042428
-0.012377
0.622326
1.354230
1.627587
1.866572
1.814772
1.398803
1.335241
1.242877
1.470529
1.387828
1.305687
1.442710
1.263710
0.856299
0.672212
0.317221
0.244298
-0.391372
-0.881957
-0.893724
-0.705817
-1.038983
-0.714254
-1.248084
-1.392755
-0.922802
-0.589717
-0.547854
-0.275675
0.022765
0.072186
0.264139
0.343971
0.254069
-0.235352
-0.442837
-0.628391
-0.668803
-1.138681
-1.255475
-0.590708
-0.538563
-0.863351
-0.760401
-0.489373
-0.439038
-0.282026
-0.582686
-1.039550
-0.843664
-0.252985
-0.135275
0.140377
0.295200
0.266102
0.318065
0.547839
0.611898
0.985775
0.862167
0.049771
-0.264189
-0.746017
-0.952610
-1.039187
-0.412317
-0.118596
-0.390064
-0.676023
-0.684553
-0.463467
-0.423069
-0.538822
-0.800144
-1.093362
-0.572018
-0.449914
-0.653891
-0.426542
-0.727164
-0.753495
-0.775457
-0.523883
-0.431185
-0.408064
-0.786629
-0.174070
0.973384
1.140319
1.077258
1.183033
0.997448
0.862950
0.553859
0.221799
-0.141037
-0.592802
0.323777
0.648153
1.127129
1.296722
1.539330
1.505062
1.590114
1.746245
1.500491
1.750683
1.873978
1.480740
1.385115
1.564131
1.792746
2.104107
2.114277
1.875601
0.674772
-0.093127
-0.540286
-0.237831
-0.416852
-1.016644
-0.966409
-1.373850
-1.559724
-1.518900
-1.049662
-0.687382
0.159120
0.722859
0.909948
1.221197
1.587191
0.765828
0.681988
-0.373785
-0.393250
-0.588190
-1.004893
-1.351000
-1.572175
-1.643249
-2.029602
-2.362547
-2.498757
-2.391919
-2.519644
-2.042906
-1.323988
-1.127108
-1.109429
-0.188296
-0.176612
0.545528
0.485576
0.620887
0.966445
0.706117
0.695889
0.745178
0.592639
0.113768
0.204117
-0.215349
-0.068512
-0.342189
-0.701757
-0.815864
-1.031703
-1.166227
-0.825333
-0.739758
-0.073625
0.121368
0.144709
0.436960
0.396712
0.771971
1.066705
1.068461
1.034980
0.526582
0.836115
1.149528
0.741762
0.876321
0.597524
0.452327
-0.020743
-0.209085
-0.531260
-0.481442
-0.167833
-0.446682
-0.215893
-0.737043
-0.829438
-0.683164
-0.358715
-0.359371
0.130768
0.445063
0.880998
1.088371
0.931799
1.401210
1.435319
1.351494
0.870655
0.860804
0.671453
0.597178
0.128700
0.079475
0.128946
0.314973
0.192504
0.001488
-0.403188
-0.518616
-0.235953
-0.057992
-0.058492
-0.007407
0.099472
0.422999
0.550258
0.456217
0.423188
0.100133
0.204306
-0.140667
0.120193
-0.163456
-0.321671
-0.101230
0.063466
-0.226835
-0.486455
-0.572304
-1.040077
-1.247483
-1.550211
-1.215106
-1.079696
-1.044831
-1.503856
-1.235180
-0.808549
-0.641045
-0.142128
-0.129728
-0.402018
-0.838863
-0.599526
