-0.424598
-0.552251
-0.174450
-0.400290
-0.157487
-0.090020
0.774438
0.027647
-0.407949
-0.305735
0.363793
0.559696
0.116846
0.066967
-0.123301
0.480414
1.087682
-0.230418
0.222104
0.791229
0.251839
-0.095125
-0.202156
0.022815
-0.706972
-1.823253
-0.537410
-1.505415
-1.725685
-2.422636
-1.721618
-1.084181
-0.835161
-0.210472
-0.401243
-0.518815
0.116497
-0.159817
-0.567832
-0.672047
-0.182909
0.336344
1.249059
0.558292
-0.716334
-0.077126
-0.115446
0.512755
0.018960
-1.007598
-0.345007
-0.127908
0.379607
-0.184228
-0.663778
-0.710620
-1.374194
-0.547767
-0.066033
0.342091
1.030653
-0.160874
-0.802689
-0.368654
0.389682
-0.001072
0.204619
-0.099696
-0.251674
0.559709
-0.123637
0.347664
-0.303490
-0.239296
0.241731
0.455509
-0.206616
0.214699
0.499911
-0.121472
0.408368
-0.082726
-0.158873
0.309778
0.427479
0.858509
0.619406
-0.027449
-0.163320
-0.063679
-0.517856
-0.691652
0.500061
-0.349618
-0.002063
0.044649
-0.536760
0.124482
-1.174643
-0.832242
0.204064
-0.775014
-0.332074
-0.098281
0.072920
0.950274
1.071830
0.817055
0.627025
1.986361
0.883373
1.063284
1.763630
1.816262
2.021849
1.748161
1.794919
0.927899
0.553723
-0.255834
-0.823333
-0.528262
-1.360449
-1.001633
-0.825178
-1.200856
-2.426541
-2.585502
-1.542730
-0.981485
-0.600186
-0.927292
-0.265828
-0.166620
0.222925
0.979716
0.510872
0.562214
0.251565
-0.860603
0.194637
0.761018
1.035609
-0.172194
-0.357640
-0.450907
-0.879447
-1.097730
-0.620337
-0.569492
-0.856679
-0.300454
0.852599
0.592556
0.216817
-0.409212
-0.542441
0.029800
0.198647
-0.164913
-0.145278
-0.065843
0.466259
0.220788
0.714824
-0.679302
-1.584144
-1.181795
-1.010222
-0.151691
-0.851851
-0.633378
-0.572336
-0.192383
0.489104
0.969077
0.836996
-0.646879
0.086114
0.545899
1.675894
1.998776
1.424143
-0.164733
0.370202
-0.092968
-0.986205
-0.129445
-0.784985
-1.169534
-1.001785
-1.606531
-1.244768
-0.402072
0.062012
0.000540
0.416174
1.530535
-1.523272
-0.597139
0.337947
0.924841
1.029474
0.656012
0.967505
0.580124
1.040970
1.135206
0.645640
0.814436
0.360166
0.963566
1.200363
2.619540
1.289809
-0.127063
1.173369
-0.022386
-0.256906
0.050971
-1.105870
-1.146510
-0.128704
-0.921593
-1.594745
-1.248339
-0.860059
-0.494617
-0.651559
-0.279634
-0.540666
-1.107801
-0.443512
-0.107921
-0.378334
0.764037
1.035473
-0.129626
-0.342615
0.519715
0.398174
0.307716
0.749024
-0.230175
0.662569
0.769856
0.581276
0.805613
-0.249449
-0.248483
-0.609745
-0.531389
0.021465
0.389076
0.319597
-0.250351
-0.987567
-1.407608
-0.914556
-0.835645
-2.120893
-1.290049
-0.850523
-0.206474
0.090516
0.332494
0.381556
0.910602
1.633040
1.242943
0.780423
1.732477
1.537735
1.308093
2.139245
2.008042
0.402006
0.080568
-0.730283
-1.038367
-0.930398
-1.121887
-1.192477
-0.196752
0.269014
-0.244492
-1.515210
-1.310874
-1.296710
-1.195002
-0.797235
-1.344987
-0.775573
0.266358
1.177482
1.376310
1.288526
0.351438
0.771732
-0.382163
0.506210
1.567383
-0.099507
-1.159557
-0.711920
-1.649752
-1.132339
-1.777137
-1.367353
-0.495645
1.100618
0.241625
1.384565
1.265110
0.965228
0.177633
-0.209126
-0.077658
-0.279898
-0.293396
0.620391
0.878811
1.429635
2.382342
1.718892
1.160016
0.649541
-0.345688
-1.077946
-0.744333
-1.266401
-1.120554
-0.590391
-1.788383
-2.337478
-2.088019
-2.558894
-1.346534
-0.775882
-0.503058
-0.532351
-1.144018
-1.139915
0.381432
-0.699989
-0.087542
0.993620
-0.362206
-1.230005
-0.111688
-0.504542
-0.167494
-0.375674
0.419433
1.125309
0.782170
-0.405912
-0.581045
-0.265088
0.238914
1.033646
3.006265
1.956970
1.058679
1.204448
0.032245
0.290398
0.646932
0.727123
0.131695
0.986593
1.309135
1.103771
0.570803
1.190841
0.161339
-0.236468
-1.399162
-1.032450
-0.727975
0.536836
0.811608
0.743014
-0.000659
0.770482
1.925848
2.254043
2.298426
2.214368
0.920028
0.642772
0.875845
0.579689
1.188063
-0.190149
-0.425918
-0.632969
-1.134133
-0.688047
-1.061638
-0.067941
-1.084370
-0.870827
-1.362882
-1.131910
-0.257573
-0.345141
0.786383
0.385751
-0.380899
0.982925
0.927333
0.729131
1.041862
1.667990
1.009690
0.417316
1.196450
0.298342
0.266234
0.331649
0.160205
0.587958
0.732955
1.106308
0.478329
-1.300310
-2.030755
-1.155371
-0.322044
-0.753447
-2.176163
-1.500705
-1.844513
-1.215367
-0.298159
0.394337
0.329045
-0.136350
-0.403337
-0.393960
-0.021978
0.083926
-0.400663
0.181675
-0.830696
-0.527251
-0.164409
-0.255559
-0.220579
-0.158880
-1.020283
-1.420166
-1.550697
-0.859147
-0.643932
-1.037613
-0.292510
-0.868485
-0.963481
0.577608
0.530539
0.812689
1.050457
0.957342
0.774267
1.354711
2.232471
1.918371
-0.353844
-1.202049
-0.612313
-0.704347
-0.987149
-1.548912
-1.633495
-0.807955
0.114253
-0.205107
-1.730985
-1.531343
-1.072383
0.382526
-0.116862
0.509855
0.559043
0.556881
0.401926
0.455167
0.961397
0.739299
0.345371
-0.818766
-0.383025
-0.277488
0.116072
-0.933006
-1.754844
-1.290816
-0.276597
0.247906
-0.282529
0.402817
-0.744599
-0.706923
-0.059862
0.400187
0.856897
0.321327
0.101885
0.824110
-0.028768
-0.056546
0.735579
0.673840
1.132185
0.458720
0.763562
-0.109034
-0.763462
0.215324
-0.650256
-0.276703
0.248847
0.193967
-0.196210
0.406519
0.703711
0.151385
0.381148
1.888483
1.293774
1.732316
0.597935
-0.163060
0.675553
1.022129
1.261015
0.229629
0.136253
-0.426830
-1.776156
-1.229216
-0.737022
-0.140837
-0.512244
-0.606548
-1.091762
-0.386365
-0.014577
-0.156709
0.751441
0.194648
-0.409426
0.055143
0.148693
0.130167
0.194065
0.499633
0.504822
0.241750
0.389641
-0.420832
-0.466400
0.266704
0.096974
-0.215336
-0.752602
0.092565
-0.095446
0.920809
1.974298
2.435157
1.137457
0.961079
0.951301
0.824552
0.870334
0.323585
0.185362
0.746745
0.159565
0.201689
0.509545
-0.305559
-0.568228
1.519552
-0.095726
0.224611
0.005164
-0.253825
-0.295421
-0.152675
0.042678
0.112848
-0.873922
-1.342352
-2.268820
-2.716731
-2.836394
-2.194013
-1.679404
-0.712702
-1.214539
-0.753411
-1.232571
-2.372876
-1.885916
-1.257710
-1.003654
0.276125
-0.355760
-0.920311
-0.047997
0.685477
1.108905
1.284283
1.225601
0.860141
1.354534
0.701454
1.065619
1.647737
1.437995
1.746102
1.726308
1.590269
0.941918
1.331041
0.617099
0.326890
-0.364492
0.066269
-0.140910
0.699264
0.331513
0.446990
0.254546
0.146725
0.260580
1.148031
1.556903
0.628993
0.698384
0.728872
-0.432695
0.306632
0.690531
0.803472
0.700752
-0.757581
-0.886607
0.299177
-0.709533
-1.692239
-1.929288
-1.521175
-1.359383
-1.580998
-1.479494
-2.436629
-1.371004
-1.213113
-1.574029
-0.371876
-0.709651
-0.970377
-1.782568
-1.671217
-1.502340
-0.652518
-0.848378
-0.863100
0.337497
-0.456335
-0.788009
-1.641873
-1.514276
-0.721192
0.232977
0.721793
0.213621
-0.063012
0.280080
0.892487
-0.148455
-0.164462
0.962941
1.323761
2.173738
1.346261
0.224862
0.638666
0.380972
1.622564
0.624394
0.282518
0.479195
-0.280659
-0.197943
0.747511
-0.104337
-0.416393
0.707888
0.839396
0.669852
1.327371
1.969067
0.746570
1.563237
1.533953
2.128611
1.330634
0.627180
1.195256
0.173307
0.785893
0.541906
0.118951
0.571905
1.174000
-0.416421
-0.940999
-1.159909
-1.633716
-1.535716
-0.713142
-2.166937
-1.506085
-0.765953
-0.299695
0.530148
-0.309530
-0.294789
0.164424
0.859833
1.034530
0.444017
0.786697
0.512669
0.326503
0.370758
-0.531889
-0.345241
-0.575760
-0.888713
0.490927
0.246647
-0.209282
0.019320
-0.028075
0.059497
-0.687508
-1.047370
-1.211103
-0.370462
-0.805957
-0.666994
-0.220435
-1.539045
-0.640336
-0.629459
-0.878137
-0.784415
-0.124252
-0.030978
-0.126559
0.308705
-1.927218
-1.442803
-0.089789
0.221356
0.745504
1.207283
1.153423
0.027832
0.424901
0.552117
1.251984
0.709494
0.394172
0.769902
0.580439
0.829903
-0.501078
0.046126
0.200217
-0.237485
-0.987491
-0.986407
-1.027611
-0.007850
0.563018
-0.228646
-0.145780
0.582748
0.239351
0.516125
1.272280
1.569260
0.940905
0.460752
0.323788
0.680231
0.841058
0.382096
0.419075
1.060163
0.338302
0.213485
1.137987
-0.177256
-1.201436
-1.094390
-0.802556
-0.973463
-0.576959
-0.443082
-0.691535
0.195239
-0.103596
-0.201115
0.555322
0.263134
1.135886
0.969992
1.892013
1.728670
2.134107
1.542340
1.600717
1.734027
0.083506
-0.144650
0.448390
-0.029349
-0.393696
0.450277
-0.086974
-0.778915
-0.305788
-0.497029
-0.620715
-0.662518
-1.430571
-1.105060
-2.567462
-2.786307
-1.187053
-1.749529
-1.090423
-0.893405
-0.858361
-0.065607
-0.734651
-1.358213
-1.161101
-0.854371
-0.460894
-0.066634
1.192945
0.306927
0.616906
0.062263
0.393405
1.398942
1.155790
1.205882
0.870009
2.277719
2.693951
2.946210
2.903989
3.452183
2.921463
2.199455
1.106729
1.245013
0.596227
0.493386
1.362666
0.913973
1.021020
0.341909
0.097116
-0.021937
-0.157291
-1.082067
-0.977491
0.192509
-0.214538
-0.155656
-0.369417
-1.248994
-1.423199
-0.705391
-0.318698
-0.348179
0.254601
0.209274
0.529575
0.690215
0.059422
0.415401
-0.459104
-0.019526
0.004353
-0.438858
-1.258504
-1.715133
-1.552495
-2.187472
-2.307125
-2.688657
-2.574169
-2.697008
-1.521576
-1.220533
-0.779247
-0.527619
-0.492820
-0.480672
0.283515
0.694375
0.821702
0.491261
0.687079
0.673114
0.494449
0.795671
0.071166
0.848170
-0.057802
-0.354951
-1.089343
-1.239959
-2.268262
-2.039530
-1.273079
-1.131876
-1.276142
0.099562
0.298980
-0.583076
0.170628
0.591951
1.205379
2.204936
1.516995
1.712085
1.183462
1.052151
1.378032
0.490897
-0.045650
-0.562075
-1.169500
-1.661389
-1.627309
-2.888700
-2.606998
-1.804328
-2.330926
-0.954681
-1.509906
-1.379393
-0.307642
-0.433444
-1.133802
0.068839
0.858796
1.998487
1.980864
1.818063
1.633066
0.985460
1.124884
1.081405
0.847919
-0.038708
-0.349183
-0.606382
-0.664238
-0.366210
-0.632611
-0.769954
-0.518741
-0.486358
-0.379793
0.600516
-0.807173
-1.270875
-0.997775
0.036297
1.289023
1.421344
1.093648
1.515793
1.189888
1.528108
0.939510
1.913834
0.922473
0.984549
1.217124
0.931839
0.626657
1.499554
0.257458
-0.238902
0.231808
-0.995938
0.025557
0.862839
1.125629
0.185137
0.237964
0.458288
0.635832
0.694767
1.407371
0.661101
-0.033061
0.692300
