0.251371
1.423368
1.357067
-0.424509
-0.370128
-0.057845
0.621271
0.630755
-0.451615
-1.619338
-1.680607
-1.026785
-0.786219
0.094606
0.644929
0.970929
-0.210715
-0.912636
-1.291103
-0.709444
-0.036040
0.649316
0.493965
-0.138432
-0.615089
-0.147725
0.648629
0.011161
-0.444703
-0.742608
-0.183406
0.286885
0.708535
1.037985
0.678215
0.462234
0.408281
0.441342
0.769030
0.741876
0.268065
-1.348463
-1.555012
-0.472917
0.544420
1.218972
1.344663
1.614713
1.241829
0.594556
-0.121120
0.554730
1.142679
0.566680
0.003168
0.300815
0.304109
0.057245
-0.413977
-1.079813
-0.792855
-0.698592
0.058699
-0.684826
-0.540988
0.188630
1.335222
1.204947
1.037517
0.113970
0.181422
-0.040252
-0.029184
-0.007023
0.249554
0.345189
-0.070363
-0.519104
-1.081947
-0.507132
-0.128593
-0.861911
-1.173138
-0.245860
0.516647
0.475036
0.094507
0.279894
0.247928
0.747451
1.090448
0.681812
0.412636
0.494270
0.661406
-0.162711
-0.461449
-1.034612
-0.517931
-0.141509
0.575634
1.139330
0.722718
-0.644793
-0.822061
0.389848
1.781009
1.933915
0.670239
0.513028
-0.487218
-0.836215
-0.481534
-0.432125
-0.657020
-1.051547
-0.658689
0.358257
0.799925
-0.019380
-0.353103
0.156355
0.317945
-0.090168
-0.349854
-0.412379
0.091911
0.257810
0.153722
0.040539
0.111744
-0.120220
-0.198983
-0.714899
-0.358431
0.684991
0.720788
0.318204
-0.984691
-1.064348
-0.190963
0.756573
0.274587
0.400853
0.605698
0.718552
-0.131784
-0.364109
-0.593802
-0.700911
0.131459
0.022203
-0.434902
-0.195488
0.516105
0.255889
-0.177431
-0.840209
-0.534632
-0.151855
0.107618
-0.113757
0.157655
-0.469431
-0.549144
-0.406491
-0.293500
-0.216382
-0.397431
-0.590506
-1.175917
-0.993832
-0.798869
-0.267046
0.097438
0.230428
-0.629889
-0.777149
-0.670108
-0.071719
-0.499332
-0.377033
-0.403552
-0.484091
-0.551073
-0.290591
0.988019
0.595663
0.648545
0.390506
-0.343974
-0.774132
0.127307
0.777823
1.087793
1.542176
1.476517
0.295421
-0.067226
-0.015367
0.452752
0.074535
0.215264
0.839635
0.842122
0.515284
-0.212604
-1.160750
-1.695648
-1.920241
-1.984702
-1.105942
0.143898
0.729376
-0.023908
-0.601172
-0.976112
-1.314188
-0.857937
-0.621258
0.001500
-0.055596
-0.238780
-0.628420
-0.096855
-0.240360
-0.538799
-1.235758
-1.141569
-1.052469
-1.033035
-0.985052
-0.115080
1.142025
1.646398
2.249753
2.353470
2.469692
2.083211
1.968891
1.660754
0.868995
-0.234889
-0.860394
-1.724679
-2.128501
-1.981949
-1.461740
-1.713312
-1.507530
0.031400
0.718194
1.914194
2.799420
3.564595
2.845163
2.886904
2.317997
1.889398
0.755409
0.644360
-0.548314
-1.527421
-1.358144
-0.746874
-0.069944
0.295404
0.650029
0.622258
1.131085
1.396470
1.042010
0.884029
1.563680
1.172454
-0.341474
-1.595302
-1.782517
-1.596350
-1.435146
-1.998663
-2.028074
-1.880476
-1.632983
-0.357924
0.266042
0.588535
0.278587
0.933007
0.881433
0.652086
0.683078
-0.011013
-0.584880
-0.075522
0.770413
1.101709
1.422198
1.135604
1.278560
0.719125
0.290661
-0.658965
-0.349985
-0.140457
0.213294
-0.189591
-1.101152
-0.862607
-0.130852
-0.001849
-0.333080
-0.570106
-0.713895
-0.374853
-0.061935
-0.094551
-0.371954
0.188630
0.452077
0.805818
0.146422
-0.462320
-1.056600
-1.708488
-1.709121
-1.082523
-0.705658
-0.514721
-0.294066
-0.438245
0.302898
0.563590
0.966328
0.575322
0.963352
1.801635
2.024912
1.702575
1.118822
0.270502
0.411746
0.502891
0.486974
0.443984
0.548015
0.813981
0.034036
-0.458782
-1.352694
-1.593067
-1.548619
-1.680403
-2.071936
-1.683932
-2.261324
-1.349370
-0.673009
-0.897160
-0.783564
-1.413856
-0.967392
-0.509715
-0.295266
-0.545576
-0.860162
-0.595229
-0.060018
0.093965
0.374473
0.847666
1.450847
0.867528
0.034661
-0.173122
-0.251920
-0.225715
-0.341262
-0.121408
-0.868204
-0.509242
-0.528888
-0.353170
-0.355386
0.393214
-0.271786
-0.492268
-0.001722
0.288890
0.721775
1.056931
1.497876
1.592203
1.182602
0.579567
-0.034595
-0.844940
-1.424153
-1.232720
-2.217104
-2.705752
-1.969908
-1.384586
-0.857860
0.332053
0.933869
1.023138
1.948750
1.777453
1.125370
1.221494
1.496925
2.016206
1.920672
2.045766
2.631195
3.071811
2.416908
1.824825
1.122028
0.726103
0.304371
0.144269
0.209651
-0.927889
-1.435264
-1.017177
-0.664727
-1.551421
-1.343195
-0.975842
-1.108789
-1.513005
-2.213185
-2.500118
-2.709053
-2.772365
-2.448284
-1.799283
-1.478298
-0.826570
0.100800
0.702095
1.372536
1.512170
0.662266
0.496940
0.237475
0.046763
-0.568085
-0.316691
-0.322537
-0.168462
0.099157
0.983050
1.808806
1.376512
0.421484
0.774063
1.480579
1.207415
1.172817
1.048462
0.161329
-0.047163
0.043232
-0.425266
-0.427286
-0.153420
-0.049937
-0.283615
-0.899222
-1.575749
-1.388085
-0.429991
-0.845508
-1.697295
-1.249631
-1.037497
-0.324994
0.436338
-0.071867
0.319166
0.674915
1.012673
1.326639
0.495943
-0.490206
-0.005842
-0.274432
-0.150022
0.251861
-0.040962
0.475691
0.152570
0.225294
0.359613
0.315054
-0.118467
0.083406
0.179396
0.652628
0.303224
-1.538853
-2.127136
-1.502343
-0.601713
-0.446546
-0.469342
0.206278
0.206734
0.198960
-0.455876
-0.667645
0.833867
1.309285
2.150003
1.363415
0.248700
0.034161
0.429901
1.979953
2.540137
2.327465
1.121555
0.821717
0.408967
0.005416
-0.383251
-1.027818
-1.170307
-0.953314
-0.855517
-1.616777
-1.178638
0.571153
0.167436
-0.508995
-1.338636
-0.804706
0.184846
1.208887
1.283335
-0.273430
0.457479
1.503926
1.143533
-0.313450
-1.317651
-0.900985
0.535948
1.562312
1.309255
0.634113
0.503645
1.010826
0.992716
1.943408
2.047956
1.224560
0.617871
-0.110131
-1.339754
-1.406302
-1.548454
-1.728967
-2.626731
-2.114542
-0.916283
-0.388189
0.418266
0.294015
-0.291573
-1.138655
-1.206531
-1.391292
-0.673362
-0.117634
-0.204223
-0.812396
-0.143822
1.021687
0.861624
0.384590
0.077674
0.264396
0.007157
0.044277
-0.568377
-1.019604
-1.245815
-0.700096
-0.874212
-0.772480
-0.821842
-0.259762
0.495214
0.922625
0.311268
0.398992
1.883899
1.830729
1.271258
1.029894
0.521577
-0.404203
-0.571749
0.030584
1.379116
0.594200
-0.073451
0.397688
1.176069
2.086561
1.926972
0.027931
-0.259675
0.002538
-0.130550
1.094668
1.210252
0.349179
-1.121952
-1.132987
-0.641894
-0.406290
-0.750531
-0.633623
-0.408415
-0.133004
0.805322
1.343481
1.519133
0.691404
0.174729
-0.058992
0.084495
-0.582230
-0.796138
-0.440069
0.094416
0.340294
1.118296
0.926384
0.721813
1.167895
0.748480
-0.086172
-0.514693
-0.450052
-1.222195
-0.936655
-0.682206
-0.654571
-0.432910
-0.641053
-0.871600
-0.701220
-0.403121
0.743932
0.279156
-0.590930
-1.522712
-1.121823
-0.092728
0.558794
0.620171
-0.752921
-0.882524
-1.113142
-0.793631
-1.060873
-1.617528
-1.585176
-1.700402
-1.372134
-0.028050
-0.082638
-0.569625
-0.479419
0.068020
0.981045
0.553382
0.083152
0.516379
0.882402
0.347722
-0.334276
-0.576856
0.146014
0.487349
0.602366
-0.285407
-0.255017
0.447433
-0.025983
-0.209704
-0.170497
0.572200
1.240835
0.731708
-0.092393
0.154647
-0.104703
0.400655
-0.142300
-0.489943
-0.241395
0.309980
0.402453
0.244697
0.418600
0.736626
1.549701
1.339140
0.623787
0.681681
1.717045
2.596605
1.655262
0.059067
-0.190396
-0.395985
0.203182
0.674163
-0.858412
-1.748060
-1.485085
-0.919980
-0.940666
-1.670472
-2.245472
-1.514022
-1.194778
-0.697077
-0.734425
-0.529193
-0.702695
0.038992
0.429712
0.832021
0.606165
-0.062033
-0.348181
-0.528213
-0.186197
-0.341003
-0.946447
-1.439677
-0.638360
-0.011467
0.483480
-0.235480
-0.305594
0.317659
0.487499
-0.057591
0.230143
0.319790
0.279552
0.057688
-0.073837
0.514722
0.212583
0.355662
-0.164221
-0.148058
0.116700
0.129728
-0.482955
-0.548948
0.495688
0.977117
0.309346
-0.567178
-0.710449
-0.916643
-0.122973
-1.312831
-0.775804
-0.422082
-0.182953
0.521489
0.626591
-0.327301
0.272570
0.353883
0.537986
0.824675
0.820888
0.587512
0.393457
0.693511
1.395655
1.392198
0.712284
1.000990
0.526290
-0.159644
-1.020857
-1.622205
-1.853229
-1.607427
-0.799124
0.255340
0.553581
0.598512
0.418350
0.597732
1.467950
1.766567
1.539740
1.404849
2.280580
1.878305
0.795377
0.195574
0.785427
1.149438
1.333722
1.020526
1.149750
1.935495
2.579254
2.436961
0.793383
-0.144552
-0.765666
-0.806109
-0.992276
-1.127041
-1.152619
-0.340891
-0.236487
0.139207
-1.386667
-2.243094
-1.809027
-2.212282
-2.587928
-1.909317
-0.660828
-0.274565
-0.266075
-0.640515
-0.300566
-0.172253
0.294296
-0.100607
0.353944
0.652547
0.832396
1.315842
2.057495
2.893221
2.871195
1.818656
-0.358055
-1.084915
-1.343292
-0.556767
-0.844543
-0.854296
-1.274474
-0.675373
-0.273161
-0.202521
0.057602
0.427762
0.338028
0.302950
0.537079
0.187565
-0.397402
-0.796673
0.799797
1.032276
0.009175
-1.096221
-0.392630
0.744885
0.154944
-1.550610
-1.656816
-1.375821
-1.555184
-0.419149
-1.089981
-1.315216
-0.539654
0.397661
0.172867
-0.073186
0.151010
0.339866
-0.047109
0.418262
0.337815
0.427159
0.399217
1.064400
0.031369
-0.608089
-0.645066
-0.560717
0.233736
-1.180081
-1.260865
0.074686
1.209197
0.339325
-0.889443
-0.818106
0.238764
1.446258
1.118362
-0.387087
-0.037180
0.511723
1.586928
2.208407
1.150730
0.188040
0.227110
0.740339
-0.208183
-1.110699
-1.702012
-1.064296
-0.628325
-0.461143
-0.710861
-0.719764
-1.007198
-0.824948
-0.671939
-0.837412
-0.175181
0.782269
1.467418
1.316980
1.310940
0.785674
1.480006
2.082468
1.669499
1.225566
1.031888
0.601150
0.352604
-0.249836
-0.285620
-0.343685
-1.465819
-1.180552
-0.745659
-0.362427
-0.673067
-1.200066
-1.419680
-1.532438
-1.582649
-1.692618
-2.244440
-1.969059
-1.525129
-1.185195
-1.811865
-2.046690
-0.692069
0.481409
0.765529
1.049140
1.894396
1.818464
1.780746
1.935567
1.384583
0.973134
1.264394
0.377188
0.141312
-0.136366
0.464252
0.958782
0.555837
0.267381
-0.215844
-0.174822
-0.709154
-0.803046
-0.917931
0.061153
0.845096
0.660299
0.096270
0.580132
1.039600
0.372645
-0.713186
-0.216671
0.761665
0.264081
-0.182968
-0.083110
-0.105417
-0.007558
0.132859
-0.483146
-1.039340
-1.219875
-0.635155
-0.489995
-0.384974
0.316902
0.381601
0.276313
0.235203
0.961122
0.859998
0.852828
0.467778
-0.588765
-1.229266
