0.406481
0.166046
0.413581
-0.218318
-0.046228
-0.307876
-0.239477
-0.373175
-0.225904
-0.687978
-1.281065
-1.368017
-0.682243
-0.088237
-0.370080
-0.062697
-0.674374
-0.754303
-0.947698
-0.085397
0.823267
0.752272
0.386572
-0.220318
-0.182288
0.481690
-0.237870
-0.289300
0.319318
-0.252879
0.035963
-0.003254
-0.209621
-0.609223
0.192561
0.647508
0.901285
0.209246
0.095913
-0.192764
0.131833
-0.135568
-0.523086
-0.389428
-0.427015
-0.077820
-0.014273
0.690475
0.074264
-0.120612
0.212047
0.561889
0.158556
0.842879
0.975490
0.991542
0.712167
0.440719
0.617941
0.698820
0.847971
0.612537
0.156316
0.193846
0.413201
0.089635
0.677485
0.609570
0.243865
-0.229166
-0.476118
-0.449703
-0.163052
0.269732
0.682547
0.309314
-0.045377
0.705320
0.976761
0.432351
0.206238
0.955621
0.936763
0.851619
-0.025581
-0.042548
0.467701
0.844505
0.123686
-0.745949
0.138256
0.630210
0.488014
-0.034855
-0.231410
0.327481
0.314922
-0.255912
0.156033
0.213955
0.022560
-0.254541
-0.186152
-0.187128
-0.565947
-0.643641
-0.351704
0.289761
-0.218793
-0.155711
-0.111533
-0.151521
-0.112728
0.331796
0.497100
0.861780
0.500341
0.324078
0.270393
0.269595
-0.463269
-0.625248
0.167241
0.384510
-0.310912
-1.332335
-0.513217
0.134803
0.365253
0.022919
-0.507275
-0.492166
-0.112440
-0.238870
-0.480214
-0.930295
-0.627032
-0.830570
-0.937366
-0.554036
-0.804916
-0.592654
-1.121461
-1.053553
-0.813531
0.365709
0.630277
0.370253
-0.173575
0.051293
0.199220
0.429114
0.615516
0.314977
-0.447436
-0.153344
0.334286
-0.289999
-0.980706
-1.351266
-1.079598
-0.914551
-0.209118
-0.245104
-0.287439
-0.638934
-0.577740
-0.398223
-0.212771
-0.171908
-0.333459
-0.660933
-0.417780
0.140310
-0.090891
-0.300623
-0.603206
-0.394572
-0.485051
0.241101
0.018799
-0.764553
-0.500991
0.160912
0.267576
0.118214
-0.070357
-0.411270
-0.521005
-0.934543
-0.183709
0.018358
-0.364989
-0.172552
-0.148212
0.085586
0.476007
0.011255
-0.176178
-0.011465
-0.196374
-0.110614
0.247699
0.288434
0.008637
-0.156606
-0.392235
-0.181193
-0.176678
0.129321
-0.465380
-0.006835
0.211618
0.654257
0.690909
-0.594798
-0.928958
-0.820877
-0.586121
-0.604953
-0.422484
-0.168262
-0.122384
-0.327519
-0.052663
-0.408308
-0.284244
-0.646789
-0.737661
-0.405467
-0.391555
-0.228804
0.357668
1.150088
1.413187
1.439298
1.630198
1.550494
1.210470
1.148545
0.565083
0.439720
-0.552175
-0.173937
-0.052863
-0.399605
-0.327546
-0.339473
-0.183573
0.344084
0.295269
0.791166
1.405959
1.717198
1.969605
1.884808
1.620815
1.318940
1.381268
0.801840
-0.378523
-0.993727
0.048902
0.556065
0.309109
0.097395
-0.135397
-0.094601
0.314975
0.576313
-0.134713
0.109696
0.172387
-0.604143
0.033083
0.379664
-0.121873
-0.075999
-0.829097
-1.032778
-0.617037
0.215328
0.147374
0.134024
-0.050233
0.269299
0.862070
0.428383
-0.212192
-0.240316
-0.230004
-0.365057
-0.019456
-0.034643
-0.056141
-0.184428
0.412780
1.004534
0.580633
-0.324677
-0.613620
-0.418851
-0.210591
0.230750
0.057677
-0.042493
-0.250269
0.127959
0.246526
-0.218522
-0.707265
-0.451114
0.129654
0.476501
0.089875
-0.593047
0.653158
1.211475
1.077383
0.789009
0.548306
0.347311
0.173956
-0.415683
-0.187255
-0.747620
-0.705773
-0.930700
-0.685508
-0.569882
-0.363758
-0.398405
-0.126077
0.077539
0.295330
0.772551
-0.064292
0.054713
0.032273
-0.268982
-0.141871
0.076173
-0.437820
-0.160742
0.379590
0.572799
0.004586
-0.397880
-0.512633
-0.978837
-0.970000
-1.511702
-1.714685
-1.635667
-1.013904
-0.605235
-0.979178
-0.912172
-0.608001
-0.131023
0.670462
0.334078
-0.699263
0.115851
0.970955
0.950399
-0.037840
0.238874
0.742373
0.892322
0.569464
0.737978
0.858525
1.410944
0.460694
0.139801
0.295627
-0.184373
0.071375
0.113360
0.581994
1.280829
1.524429
3.083386
4.606407
6.382120
8.246259
8.074722
7.657477
6.183814
5.506142
4.739191
3.509894
2.726595
1.423644
0.960454
0.112895
-0.894749
-2.345858
-3.413879
-3.809569
-3.856945
-4.119028
-3.985169
-4.780677
-5.036571
-4.288802
-3.814596
-3.622238
-3.398022
-3.496057
-4.057292
-2.805013
-1.592667
-1.382789
-1.498170
-1.269312
-1.180856
-1.058648
-1.277454
-0.913480
-1.405805
-1.340047
-1.160398
-1.456507
-2.136631
-2.057627
-2.154398
-2.189252
-1.660360
-1.894180
-1.260793
-1.467207
-1.829348
-1.980519
-1.528113
-1.427751
-0.984883
-0.935781
-0.490393
0.262710
0.737676
0.626217
-0.433972
0.200751
0.889167
0.522495
0.108224
0.861074
0.965696
0.109105
0.110215
0.192190
0.889587
1.342584
0.782498
0.842944
1.478243
1.524099
1.042148
0.344026
0.045494
0.114994
0.081939
-0.306561
-0.258825
-0.216667
0.063366
-0.362313
-0.028942
0.129893
0.376697
0.173137
-0.296129
-0.935941
-0.869034
0.382564
-0.372763
-0.823537
-1.723999
-0.905277
0.945681
1.285899
0.626723
-0.182120
-0.728057
0.674730
1.434767
1.256046
0.831056
-0.093807
0.113448
0.951144
1.503527
1.195608
0.668243
0.174044
0.298151
0.643102
0.745165
0.227532
0.051324
-0.834081
0.183651
0.723269
0.198023
0.376393
0.033261
0.730478
0.797123
1.499976
0.648811
1.160904
1.615933
1.259018
0.242788
0.113870
0.414755
0.971311
0.573648
0.352143
0.447444
0.598290
1.060904
0.868904
0.289552
-0.485306
-0.131295
-0.337985
0.313717
0.095030
-0.216845
-1.153070
-0.277330
-0.047674
-0.835081
-0.481151
-0.544124
0.299134
0.430589
0.517446
-0.504499
-0.318178
0.153365
0.247921
-0.060090
-0.671950
-1.005332
-0.680065
-0.188353
-0.154311
-0.183254
0.110388
-0.098565
0.259092
0.941150
1.213092
1.276145
1.047991
1.745784
0.862652
0.209451
0.143782
0.252700
0.034183
0.077283
-0.238002
-0.254055
-0.338650
0.079062
0.352368
-0.276628
0.121804
0.245454
0.072645
-0.159258
-0.067155
-0.203694
0.738237
0.141576
0.202609
-0.324196
0.297516
0.758960
0.035575
0.270507
0.415396
-0.123872
-0.435658
-0.667857
-0.790366
-0.510405
-0.594349
-0.259824
-0.152411
-0.287781
-0.321542
0.460728
0.286060
0.475005
0.679936
0.936130
0.789729
-0.315976
-0.289881
-0.338389
-0.425133
-0.680681
-1.396007
-0.961907
-0.187466
-0.366778
-0.384636
-0.618805
-0.284014
0.849515
0.561548
0.415095
0.490374
-0.000138
0.202897
0.464072
-0.149348
-0.438021
-1.036954
-0.911743
-0.383149
-0.042986
-0.210182
-0.494558
-0.158649
0.826244
1.762299
1.050521
0.078537
-0.180155
0.032916
0.528808
0.563220
-0.097886
0.176424
0.445328
0.987344
0.747754
0.644327
0.448273
0.657810
0.514849
0.151559
0.184241
0.070830
0.076716
-0.218270
-0.204298
-0.230709
0.222084
-0.179602
-0.227883
-0.211579
-0.322061
-0.697568
-1.147658
-0.639126
-0.570866
-0.745059
-0.835210
-0.669771
0.027034
0.662109
-0.163229
-0.708442
-0.560406
0.286434
-0.399845
-0.456065
-0.569119
-0.863077
0.093014
0.408914
0.034976
-0.246293
-0.059618
0.561207
0.881496
-0.019612
-0.814163
0.029543
0.945413
0.111977
-0.080594
-0.889606
-0.967958
-0.575681
-0.279262
-0.618613
-0.715399
-0.246175
-0.224304
-0.543306
-0.903808
-0.181607
-0.042253
-0.758483
-1.317308
-0.919232
0.341868
1.011295
0.297876
0.018616
0.209967
0.971280
0.776154
0.091741
-0.617317
0.119390
1.588593
0.632179
0.457086
-0.220410
0.140723
0.309257
0.323660
-0.207971
-0.467155
-0.229037
0.535808
0.780515
0.210835
-0.204062
-0.497597
0.117107
-0.035110
-0.644925
-0.768633
-0.376478
-0.537895
-0.707075
-0.228629
-0.407601
-1.049139
-0.703192
0.023749
0.665542
0.237778
-0.415351
-0.800468
-0.874667
0.079911
-0.179650
-0.336630
-0.583816
-0.606482
-0.969974
-0.158197
0.165061
0.531969
0.109749
-0.581822
-0.112881
0.286322
0.310594
0.099503
-0.303538
-0.175238
-0.098816
-0.365743
-0.215009
-0.643261
-0.636675
-0.669448
-0.421758
-1.009677
-0.344693
0.154738
0.269624
-0.366957
-0.477324
-0.355065
0.576940
0.991013
0.609775
0.879356
0.400488
1.015734
1.370507
0.977262
0.319817
0.272369
0.838895
1.260598
0.580513
0.341875
0.493576
0.848566
1.408913
1.342132
1.064495
0.390685
0.595809
0.156313
-0.009254
-0.272588
0.277338
0.830511
0.673245
0.412636
0.011738
-0.081384
0.155943
0.606097
0.201069
0.369480
0.726891
0.752232
0.679143
0.826118
0.382357
-0.015956
0.306572
0.259215
0.665000
1.013380
0.429038
0.053921
0.401514
0.821039
0.336661
-0.545577
-0.983535
-0.372986
0.261517
-0.172997
-0.738151
-1.104916
-0.210302
0.270783
-0.732475
-1.215641
-0.861481
-0.914957
-1.268381
-1.461999
-1.120082
-0.696256
-1.172728
-0.860329
-0.375913
-0.142067
0.073739
0.307636
0.603197
1.262331
1.091289
1.195348
0.923364
0.207685
0.367931
0.652336
0.553678
0.559492
-0.582524
-0.587491
0.260919
0.327505
0.214923
-0.280295
0.183109
0.322720
0.086292
-0.099589
-0.402449
-0.003024
-0.320259
-0.479549
-0.689568
-1.000524
-0.601947
0.284032
-0.142449
-0.479188
-1.022180
-0.061817
0.749992
0.553733
-0.012945
-0.671842
-0.651440
0.695715
1.143936
-0.148234
-0.796473
-0.767590
0.242392
-0.065843
-0.534501
-0.872713
-0.350269
0.028602
0.356864
-0.076795
-0.296497
0.297288
0.387429
0.224137
-0.156848
-0.313213
0.367072
0.609320
-0.813160
-0.504342
0.320599
0.955935
0.144798
0.125173
-0.806072
-0.273283
0.918713
0.957123
0.395550
-0.462054
-0.001199
0.443682
0.655517
-0.167894
-1.171112
-1.379744
-0.715962
-0.175823
-0.128342
-0.889580
-0.524002
0.190873
0.041761
0.030861
-0.298565
0.346995
1.112605
0.889377
0.534365
0.180163
-0.042531
0.663159
0.817141
0.465545
0.067501
0.848524
0.762572
0.522075
0.163776
0.182729
0.576685
0.273485
-0.603113
-0.052341
0.377025
-0.386793
-0.757169
-0.777780
-0.060541
-0.456701
-0.662377
-1.390414
-0.458236
0.382908
-0.182566
-0.795125
-0.900245
-0.518525
-0.217715
-0.225292
-0.330542
0.098211
0.813902
0.968319
0.508361
0.071795
-0.124822
0.716645
0.496456
-0.199452
-0.650042
-0.626733
-0.068570
0.094563
0.067618
-0.001696
0.693598
0.447251
0.042340
-0.233930
0.563800
0.361118
-0.117380
-1.116099
-0.643362
0.336207
-0.115678
-1.003514
-0.784726
0.203946
0.314447
-0.027970
0.278501
0.608456
1.225122
0.930754
0.130972
0.208072
0.320250
-0.248108
-0.339383
-0.174114
-0.522292
-0.471230
-0.393360
-0.645774
0.142122
0.683433
0.918013
0.302800
-0.128513
-1.036003
-0.456139
-0.362467
