-0.194256
-0.646124
-1.017534
-0.605891
-0.081173
0.107747
0.351166
0.354579
0.528139
0.819613
0.947487
0.846995
0.330360
0.198739
0.368055
0.234548
0.850703
1.089534
0.860071
0.216788
-0.204917
-0.782274
-0.870264
-0.423441
0.610198
0.889290
0.878510
0.996208
0.887151
1.200863
1.370842
1.323324
1.579227
1.785835
1.234651
0.272913
0.074456
0.432714
0.134852
-0.219785
-0.347038
0.000317
0.206995
-0.132139
-0.678746
-1.102129
-1.521352
-1.693909
-1.088127
-0.482645
-0.415236
-0.176227
-0.149253
-0.657920
-1.163714
-1.153991
-0.821160
-0.634385
-0.419656
-0.326523
-0.651750
-0.426203
-0.463312
-0.578366
-0.662867
-0.889507
-1.354521
-1.266540
-0.872903
-0.273634
-0.066908
-0.200308
-0.193528
-0.510748
-1.017592
-0.628195
-0.381743
-0.649461
-0.490840
-0.479118
-0.582820
-0.861856
-1.050112
-0.987869
-0.853976
-0.718853
-0.455757
-0.013776
0.796054
1.099656
0.307763
0.227639
0.566139
0.618563
0.555542
0.721911
1.037490
0.520991
-0.332308
-0.772917
-0.674005
-0.328695
0.080101
0.414595
0.811809
0.712809
0.064387
-0.505949
-0.441057
-0.043558
0.681322
1.630206
2.012814
1.714682
1.083093
0.673626
0.581075
0.197238
-0.033199
0.466899
1.257288
1.401566
0.829359
0.246145
0.420276
0.719960
-0.131310
-0.528301
-0.925270
-0.989812
-0.445198
-0.412285
-0.623543
0.060027
0.609189
0.910388
0.762109
0.680902
0.887178
1.166780
1.524411
1.261047
1.466734
0.877802
0.346419
0.087153
-0.424179
-0.398698
0.129398
-0.264614
-0.922136
-1.490053
-1.434468
-0.957012
-0.358088
-0.026086
0.199897
0.134273
0.489264
0.891553
0.719706
0.754277
0.582552
0.529205
0.151977
0.076356
-0.355444
-0.969811
-0.910515
-0.364785
-0.054582
0.385361
0.830792
0.650789
0.536063
0.612754
0.591531
0.333516
0.238474
-0.058966
0.017088
0.094401
-0.082457
-0.297200
-0.338232
-0.674867
-1.059082
-1.296964
-1.269380
-0.763448
-0.549352
-0.314261
-0.263054
-0.200158
-0.516085
-0.904140
-0.946758
-0.172050
0.106794
0.471758
0.593130
0.200823
-0.381783
-0.833492
-0.831968
-0.866794
-0.641487
-0.050101
0.125638
-0.009547
0.447183
0.141707
-0.260093
-0.239428
0.130916
0.781716
1.383842
1.344546
1.619244
1.927222
1.306704
1.103925
1.159513
0.930430
0.421839
0.501730
0.491525
0.903579
1.124270
1.006254
0.351757
0.052750
-0.413947
-1.151662
-1.348463
-1.146626
-1.246118
-1.342691
-1.243906
-1.309160
-1.159917
-0.810730
0.181476
0.304091
-0.055138
0.030662
0.288241
0.103520
-0.218392
-0.756338
-0.659822
-0.744892
-1.016647
-0.809910
-1.175450
-1.448394
-1.252520
-0.922690
-0.521237
-0.381695
-0.118926
0.653482
0.559502
0.663199
0.534243
0.112317
-0.164884
-0.446249
-0.465675
-0.158750
0.171623
0.117495
0.183711
0.429854
0.696001
1.106209
1.009330
0.398443
0.682686
1.117026
1.270423
1.247630
1.340426
1.158844
0.599930
0.150337
-0.323304
-0.021766
0.530164
0.666339
0.873452
0.904417
0.817216
1.134492
1.113305
0.466512
-0.663377
-1.138249
-0.985395
-1.070437
-0.909728
-0.498585
-0.071115
-0.217446
-0.256878
-0.373386
-0.450004
-0.507398
-0.358873
-0.250994
-0.346976
-0.221470
-0.529673
-0.946159
-1.074074
-1.050189
-1.729381
-2.059978
-2.052180
-1.725339
-1.180244
-0.582157
0.044535
0.351702
0.122566
-0.045607
0.165622
0.389310
0.000473
-0.365374
-0.451301
-0.507887
-0.348191
-0.266870
-0.333798
-1.088517
-1.076012
-0.615613
-0.482261
-0.336466
-0.021908
0.057408
0.110845
-0.234494
-0.757048
-0.693321
-0.364988
0.324645
0.691534
1.318543
2.010310
2.866863
3.112241
3.207983
3.110079
3.089519
2.811617
2.226367
1.763002
1.338784
1.288284
1.230967
1.015129
0.149284
-0.167061
-0.357375
-0.362884
-0.373009
-0.283478
-0.286649
-0.327594
-0.293684
-0.147624
0.015802
0.387099
0.338829
0.187096
-0.214481
-0.580819
-0.539691
-1.319405
-2.000242
-2.240190
-2.754474
-3.973925
-4.551614
-5.026938
-5.390409
-4.879227
-3.945337
-3.238910
-2.630896
-1.731735
-1.304127
-0.829812
0.131575
1.308393
2.125837
2.576281
2.975150
3.512466
3.795463
2.826064
1.319652
1.046513
0.916611
0.475094
0.704053
1.097788
1.204052
1.270282
1.271238
1.085862
1.197539
1.101539
1.282772
1.049294
0.815898
0.618587
1.019891
0.940347
0.348808
-0.087274
-0.385222
-0.418034
-0.064841
0.347091
0.225046
0.518404
0.809021
0.866253
0.952615
1.038121
1.445923
1.608037
1.650317
1.621085
1.160399
0.563150
0.095791
0.161819
0.557296
0.753062
0.825760
0.412679
0.560857
0.958199
1.297854
1.008430
0.804381
0.792991
-0.207825
-0.614447
-0.781304
-1.074054
-1.071620
-1.334039
-1.415680
-1.209266
-1.608292
-1.447194
-1.137592
-0.873370
-0.582626
-0.707948
-0.654970
-0.443350
-0.279179
-0.274418
-0.541840
-0.183982
-0.390889
0.024093
0.472263
0.397549
0.974836
1.119448
1.225875
1.516438
2.444297
2.234722
1.096355
0.837296
1.050429
0.590932
0.289457
-0.876228
-1.307744
-1.504839
-1.494380
-0.917225
-0.841186
-1.188350
-1.710873
-1.738664
-1.526315
-0.947762
-0.651449
-0.423213
-0.299549
-0.070541
0.046769
0.336126
0.717908
0.530117
0.414236
0.299562
-0.266993
-1.115180
-1.039292
-1.039013
-0.542780
-0.116906
-0.081244
-0.659652
-0.708801
-0.534192
-0.515047
-0.531482
0.173694
0.581525
0.356456
0.193827
-0.111497
-0.183694
-0.029437
0.218715
0.141707
0.081009
0.024158
0.274855
0.573190
0.470090
0.173953
-0.394269
-0.662370
-0.904883
-0.655252
-0.499459
-0.505585
-0.570598
-0.281293
-0.576068
-0.364716
-0.585772
-0.448215
0.002296
0.454563
0.678402
0.437442
0.147878
-0.563405
-0.718424
-0.129981
0.283903
0.258988
-0.248308
-0.332348
-0.268303
-0.429890
-0.453948
-0.398931
-0.317956
-0.526524
-0.771821
-0.213654
0.396737
0.537831
0.595874
0.080377
-0.259822
0.330485
0.642972
0.797654
0.422868
0.472695
0.238891
-0.417904
-1.134956
-1.001706
-1.093162
-0.884979
-0.652218
-0.944441
-0.463668
-0.349286
-0.168849
-0.316327
-0.027612
0.858601
1.225817
0.893713
0.451464
0.180574
0.159904
0.171033
0.295516
0.221734
0.350636
0.399580
0.297616
0.428037
0.917140
1.596282
1.613277
1.875658
2.437010
2.472849
2.462231
2.161174
1.766597
1.388807
1.026632
0.416952
-0.004415
-0.323930
-0.332306
-0.504892
-0.919625
-1.343682
-1.773889
-1.467146
-0.867724
-1.037499
-0.566447
-0.263919
-0.640198
-0.733990
-0.430624
-0.755722
-1.010327
-1.519662
-1.913073
-1.413325
-1.389483
-1.367198
-1.279301
-1.179523
-1.643699
-1.262706
-1.105420
-0.794207
-0.823419
-0.276958
0.093928
0.367190
0.441075
0.428384
0.007678
-0.448927
-0.586340
-0.744616
-0.255552
-0.073234
-0.105234
0.102850
0.628041
1.221423
1.562247
1.919757
2.462075
2.602563
2.036701
1.448025
0.745590
0.315290
0.029264
-0.464278
-0.872086
-0.840745
-0.640294
-0.971788
-1.317527
-1.132302
-0.874488
-0.675794
-0.691429
-0.394073
-0.196176
0.187487
0.187229
0.077752
0.319165
0.035905
0.296497
0.185128
0.034965
-0.212616
0.309979
0.748005
0.458501
0.193348
0.478946
0.828358
0.587454
0.791271
1.009522
0.865753
0.814963
1.054306
1.078012
1.076591
1.060120
1.239302
0.388617
-0.759023
-1.635985
-1.819335
-1.486365
-1.269105
-1.197940
-0.923607
-0.726411
-0.233128
-0.196708
-0.805119
-0.436448
-0.137808
0.398601
0.656155
0.514955
0.031342
0.243401
-0.051185
-0.093465
-0.198104
-0.568077
-0.572389
-0.394018
0.257332
0.802686
0.949050
0.896111
1.427281
1.732164
1.877071
1.993223
1.716721
1.499871
1.238225
0.489855
0.353895
0.445582
0.438091
0.493196
0.367110
0.763684
0.232207
0.272855
0.598322
0.323134
0.285927
0.341724
0.128581
-0.160824
-0.056783
0.278085
0.612580
0.499693
0.312034
0.015511
-0.225667
-0.198340
0.112794
0.361054
1.039780
1.543417
1.705604
1.548247
1.673875
1.468111
1.271502
0.739351
0.502865
0.466934
0.381562
0.262442
-0.246167
-0.464473
-0.634098
-0.750623
-1.109925
-1.018810
-1.119815
-1.200747
-1.171293
-0.795466
-0.682687
-1.003286
-1.338798
-0.985541
-0.608214
-0.920608
-1.152095
-1.650484
-2.062073
-2.213768
-1.663100
-0.913446
-0.443917
-0.313660
-0.117109
-0.302071
-0.473424
-0.503449
-0.498145
0.027999
0.250844
0.022710
-0.448597
-1.099891
-1.572051
-1.659459
-1.458537
-1.362255
-1.023613
-0.729434
-0.540698
-0.480719
-0.367830
-0.231272
-0.319915
-0.171792
0.220186
0.466212
0.633988
0.567626
0.525131
0.164750
-0.282486
-0.530447
-0.380710
-0.058449
0.168497
0.065448
0.302931
0.945713
1.542411
2.127191
2.398003
2.310317
1.895761
1.298135
0.478788
0.587415
0.299460
-0.281170
-0.654578
-1.054758
-1.111896
-1.264587
-1.657820
-1.534197
-1.257262
-1.085780
-0.765942
-0.240966
0.269035
0.665171
1.007885
1.317120
1.306222
0.626656
0.040863
-0.591766
-1.342593
-1.968118
-1.983765
-1.754614
-1.644177
-0.668452
-0.194214
-0.077525
0.230554
0.657162
0.800910
0.612527
0.318985
0.974676
0.897464
0.594693
0.240478
-0.624512
-0.852582
-0.177040
0.051071
0.241198
0.326461
0.023078
0.164965
0.571345
0.431261
-0.393075
-0.090333
0.854774
1.447127
1.063407
0.685710
0.407232
0.553142
0.788025
0.660997
0.775078
1.088037
1.307493
1.127760
0.935289
0.552592
0.531726
0.380506
-0.317769
-0.730092
-0.516190
-0.705371
-0.632102
-0.662748
-0.741169
-0.694629
-0.693979
-0.205530
-0.824434
-0.805929
-0.398460
-0.043716
0.599081
0.857048
0.639770
0.282353
0.169615
0.268881
0.040482
-0.110096
0.054632
-0.445050
-0.664202
-0.743086
-1.347843
-1.443167
-0.696054
-0.278740
0.132514
-0.043800
-0.032360
0.062181
-0.064980
-0.821350
-1.256288
-1.537960
-1.305620
-1.297245
-1.496107
-1.182418
-0.220780
0.422230
0.592204
1.189425
1.426583
1.571879
1.249048
1.450123
2.052244
2.352281
1.783938
1.285271
0.960123
0.894118
0.766750
0.718468
0.576996
0.237004
0.124067
-0.368309
-0.537349
-0.690772
-0.406491
0.061830
0.149549
-0.017844
0.240709
0.749925
1.035850
0.723553
0.392839
0.595361
0.562713
0.488472
0.314169
0.020545
-0.114937
-0.104257
-0.660390
-0.725973
-0.634392
-0.331548
-0.284138
-0.133451
-0.009641
-0.063768
-0.134348
-0.128297
-0.154953
-0.389846
-0.689862
-0.956529
-1.230946
-0.911436
-0.513470
-0.600066
-0.814395
-0.320900
-0.100697
-0.250697
-0.161774
-0.260450
-0.662301
-0.783280
-1.010770
-1.366766
-1.758699
-1.322030
-0.823013
-0.054487
0.137295
-0.084866
