-1.493235
-1.263001
-1.595890
-1.520348
-1.749431
-1.745265
-1.830382
-1.895759
-2.295271
-2.399638
-2.205638
-1.474941
-0.215146
0.122140
-0.178683
0.167725
-0.264430
-0.882133
-0.450177
-0.860298
-1.252524
-1.395655
-0.857367
-0.907250
-1.101840
-1.089057
-0.874796
-0.719622
-0.495439
-0.684418
-1.257380
-1.781784
-1.863576
-1.572338
-1.342277
-1.365535
-1.238259
-0.757260
-0.556018
-0.389419
-0.680932
-1.006270
-1.324382
-1.448594
-1.320096
-1.081375
-0.810206
-0.762069
-0.661153
-0.048892
0.412893
-0.027274
-0.403603
-0.983890
-1.097902
-1.418686
-1.373296
-1.172054
-1.019096
-1.170447
-0.693423
0.061592
0.412418
0.549202
1.361684
1.860312
1.206163
1.201952
1.198316
0.726955
0.428329
0.511045
0.475658
0.901547
0.636462
-0.012011
-0.613510
-0.571709
-0.746941
-1.436836
-1.286895
-0.772069
-0.190827
0.023969
0.396649
0.580944
0.911138
1.037175
1.102348
0.776821
0.248476
-0.038054
0.215173
-0.224389
0.186592
1.010894
0.980037
1.326260
1.604005
1.129300
1.143485
1.018029
-0.230741
-0.265764
0.453993
0.408779
0.735207
1.154488
0.839369
0.724729
0.902629
0.919670
1.144153
0.901788
0.639169
0.645437
0.762486
0.898801
1.451201
1.250603
0.710432
0.535607
0.679800
0.782650
0.846338
0.916425
0.920967
0.854495
0.593003
0.422847
0.627407
0.070167
0.423919
0.804897
0.295979
0.210210
-0.070907
-0.351418
-0.782398
-0.715868
-0.574163
-0.637681
-0.635133
-0.699836
-0.727061
-0.851832
-0.793851
-0.832474
-0.714445
-0.870551
-0.699812
-0.881298
-0.803214
-0.675366
-0.094255
0.223585
0.354899
0.516864
0.845773
1.090833
1.087323
1.317941
0.916435
1.603706
2.265152
2.200264
1.804634
1.399669
1.448409
1.743274
0.985927
1.413223
1.756581
1.038342
1.028335
0.782712
0.359232
0.539808
0.666683
0.557231
0.230897
-0.435973
-0.728807
-0.711864
-0.491926
-0.524590
-0.389576
-0.030590
0.214449
0.515615
0.491662
0.064861
0.656299
1.037278
-0.078065
0.009203
0.699080
1.006472
0.270658
-0.044488
0.559870
0.658375
0.811261
1.344510
0.987752
1.010220
0.449845
-0.114298
0.251868
0.434130
0.320811
0.272011
0.436566
0.388422
0.701684
0.655907
1.333112
0.908502
0.724916
0.546500
0.200028
-0.134641
-0.511543
-0.650092
-0.772818
-0.103322
0.565232
1.275258
2.190681
2.078635
1.503167
1.157975
0.795167
0.490532
-0.215367
-0.455330
-0.519798
-0.185522
0.458894
1.188848
2.110391
2.680852
2.515650
1.493277
0.974362
0.390871
-0.039373
-0.184131
-0.238069
-0.196775
-0.307746
-0.585798
0.088420
0.501324
0.573028
1.199885
1.384634
1.318270
0.587056
0.032393
-0.511586
-0.830365
-0.890036
-0.341452
-0.070454
0.232483
0.071568
0.006945
0.285618
0.517223
-0.013073
-0.378574
0.074226
0.419267
0.573681
1.019338
2.142373
2.990625
3.480938
2.871051
1.968435
1.403353
0.768990
0.425157
0.330981
0.180943
-0.240733
-0.153301
0.295920
1.020876
1.120586
0.967342
0.297595
-0.355128
-0.590912
-0.908160
-1.005374
-0.999443
-0.902308
-0.201764
0.192547
0.452031
0.342038
0.307004
-0.003525
-0.373604
-0.901877
-1.333670
-1.380411
-1.667765
-0.686391
-0.400485
-0.656291
-0.601967
-0.721604
-1.409147
-1.278521
-0.820294
-1.610384
-2.202174
-2.180738
-1.827728
-2.044136
-1.107817
-0.593637
-0.192574
0.030978
-0.188574
-0.377793
-0.215511
-0.336212
-0.706291
-1.374733
-1.314016
-1.123525
-0.854993
-0.370246
-0.290508
-0.353191
-0.392956
-0.399865
-0.426609
-0.607505
-0.991594
-1.687517
-2.413095
-2.437052
-2.007968
-1.850594
-1.612079
-1.214996
-0.879620
-1.043208
-1.223728
-1.331077
-1.120070
-2.247513
-2.208691
-1.641125
-1.515030
-0.665212
-0.385310
-0.228307
-0.326781
-0.357006
0.017511
-0.285288
-0.497859
-0.328016
-0.924380
-1.720847
-1.896020
-1.529180
-1.521834
-1.041167
-0.664199
-0.180616
-0.172394
-0.272550
-0.325481
-0.199078
0.116910
0.089190
-0.026883
-0.531996
-0.995185
-0.226601
0.285387
-0.005768
0.548439
0.265968
-0.469522
-0.676697
-0.503960
-0.767642
-1.225158
-1.282529
-0.701981
-0.387011
-0.087806
-0.152237
-0.220621
0.875061
0.867670
0.560303
-0.010877
-0.762289
-0.584727
-0.516690
-0.603207
-0.487035
0.279063
0.361426
0.385811
0.708441
0.606632
0.706281
0.568925
-0.352364
-0.491333
-0.276651
0.091438
-0.186130
0.096573
0.401207
0.509449
0.436620
0.196604
0.018278
-0.214207
-0.499365
-0.427450
-0.238296
0.076283
0.369328
0.428577
0.455270
-0.027839
0.188010
-0.170735
-0.111154
-0.559812
-1.040856
-1.107614
-1.174165
-0.717796
-0.059961
0.662579
0.888359
0.603912
0.403990
0.499457
0.701585
0.180369
0.178758
0.492512
0.133076
0.398096
0.964176
0.769058
0.585298
0.004782
-0.060388
0.130697
0.163367
-0.168354
-0.433841
-0.616226
-0.392094
-0.279098
-0.043954
0.686816
0.925373
0.711728
0.195682
-0.366790
-0.266740
-0.363176
-0.688561
-0.824103
-0.697215
0.004692
0.446672
0.605265
-0.310406
-0.433610
-0.646489
-0.631363
-0.349377
-0.168951
-0.625811
-0.773171
-0.612100
-0.168455
0.002409
-0.212853
-0.168585
-0.441335
-0.817381
-0.753975
-0.523048
-0.562451
-0.733421
-0.750891
-0.196625
0.081751
-0.305087
-0.796405
-0.435526
-0.645704
-0.842845
-0.563430
-0.318954
0.144791
0.342441
-0.074556
-0.493469
-0.447461
-0.494711
-0.703261
-1.498159
-1.595271
-1.690494
-1.954146
-1.339169
-0.865585
-0.830761
-0.594969
-0.270849
-0.286828
0.037484
0.171602
0.491637
-0.099537
0.184181
0.586689
0.277765
0.327885
0.604041
1.453440
1.656046
1.266286
0.901837
0.587350
0.733472
0.333077
0.090996
0.498223
0.762180
1.002079
0.957943
1.044049
1.291495
1.098671
0.604074
-0.295760
-0.793359
-0.580226
0.075203
0.327738
0.469158
0.137420
0.708934
1.502043
1.622299
1.680137
1.258206
-0.054666
-0.229947
-0.311366
-0.550262
-0.519403
-0.323018
0.362040
0.829833
1.283208
1.791470
2.029514
1.660923
0.672225
-0.349210
-0.043904
0.248473
-0.043425
-0.244697
-0.211991
0.148892
0.866841
0.851137
0.403687
0.450751
0.354655
0.061231
-0.279182
-0.409845
-0.474157
-0.608154
-0.639165
-0.003440
0.098328
0.987684
1.515513
0.948402
0.568791
0.195637
-0.369501
-1.075366
-1.412005
-1.668445
-1.560948
-1.495746
-0.986493
-0.306692
0.433424
0.691562
0.574372
-0.099456
-0.567893
-0.866152
-0.874178
-0.808429
-0.912206
-1.011925
-0.813841
-0.903276
-0.060580
0.914911
0.436636
0.165353
-0.033187
0.241614
-0.468472
-0.817975
-0.352089
-0.264954
-0.217337
0.065908
0.764868
1.377971
1.536157
1.458099
1.087025
0.712246
0.753140
0.450596
0.056490
-0.053410
-0.154236
-0.166299
-0.229929
-0.773633
-1.087032
-0.536054
-0.545918
-0.651410
-1.044264
-0.825307
-0.067054
0.544684
0.529752
0.692999
0.942058
0.809394
0.684611
0.547394
0.016200
-0.078563
0.174379
0.321827
0.561951
0.890156
1.187019
1.404580
2.089537
2.282978
2.273709
1.800167
1.157722
0.074223
-0.593698
-0.275047
0.115753
0.150984
0.671818
0.692456
1.068895
1.375562
0.732884
0.596593
0.580604
0.255037
-0.906831
-1.329494
-1.011131
-0.636828
-0.691688
-0.601620
-0.107986
0.394226
0.184962
-0.000958
-0.319455
-0.972497
-1.249549
-1.998012
-2.624404
-2.894251
-2.605963
-2.407132
-2.062835
-1.488858
-0.892172
-1.202275
-1.719627
-1.360895
-1.204396
-1.611376
-1.407558
-1.423187
-0.939037
0.347068
1.365033
2.581471
2.841120
3.261294
3.071689
2.734026
2.537832
1.971743
1.493687
1.148446
1.033435
1.054248
1.312786
1.481055
1.637083
0.927603
0.622741
0.686196
0.602776
0.247925
0.061644
-0.621022
-0.753994
-0.948524
-0.459317
-0.137435
-0.423726
-0.396229
-0.296658
-0.008563
-0.187856
-0.538829
-1.011929
-1.144832
-1.387101
-1.270104
-1.201050
-0.775991
-0.167273
-0.042493
0.185217
0.229629
0.119469
-0.070155
-0.569649
-0.651112
-0.467985
-0.560116
-0.579231
-0.555424
0.313078
0.517182
0.199352
0.132896
-0.180478
-0.592947
-1.275592
-1.700051
-1.904089
-1.158899
-0.571781
-0.039218
0.028345
-0.001047
-0.072539
0.175800
0.037757
-0.174545
-0.777149
-1.193113
-1.535406
-1.222596
-0.848170
-0.525627
0.229530
0.831036
0.846766
0.758292
0.580314
0.013553
-0.124806
-0.799712
-1.207734
-1.507037
-1.529954
-1.207488
-0.643862
0.028238
0.624539
0.982580
0.904301
0.394938
-0.213346
-0.853845
-1.381231
-1.668138
-1.996021
-1.834196
-1.327015
-0.645403
0.129209
0.617655
0.695695
0.747562
0.449620
-0.011602
-0.134316
-0.678768
-1.167431
-0.960930
-0.804998
-0.885757
-0.301231
-0.543009
-0.324936
0.781964
0.837355
0.053607
-0.328005
-1.405837
-1.517112
-0.871433
-0.363544
-0.330943
-0.241891
0.757351
0.740001
0.376122
0.596749
0.755424
0.139163
-0.565532
-0.707038
-0.238773
-0.629163
-0.888274
-0.664744
-0.598528
-0.240996
0.069411
0.274206
0.282754
0.367979
-0.152587
0.071129
-0.004983
-0.500964
-0.320214
0.326138
0.772374
1.048644
1.077159
0.755462
0.754081
0.872531
0.751935
-0.012672
-0.348224
-0.609966
-0.726828
-0.941169
-0.672330
-0.645248
-0.289408
-0.391583
-0.502540
-0.488574
-0.714662
-1.153338
-1.281885
-1.312342
-1.143391
-0.797875
-0.761996
-0.084833
0.462471
1.036726
0.695072
0.793266
1.044343
0.331622
0.718490
0.786786
0.222564
0.327388
0.430528
1.008825
1.427274
1.301125
1.217704
0.919974
1.089288
0.985677
1.209541
0.759824
0.484612
0.660616
0.774285
1.148484
1.656197
2.169679
2.468942
2.463979
2.159556
1.902165
1.430386
1.207332
1.343231
1.427404
1.255004
1.040095
0.697975
1.171904
0.877510
0.821895
0.311499
-0.082934
-0.532965
-1.155489
-1.376020
-1.607136
-1.715497
-1.284196
-0.107555
0.302962
0.795018
0.791928
0.572340
0.303365
0.198145
-0.613251
-1.486433
-1.664662
-1.257692
-0.818408
-0.373640
0.029157
0.035801
0.350312
0.974659
1.306930
0.683437
0.915266
1.700634
1.709450
1.634552
1.986385
1.827837
2.075830
2.690321
3.335009
3.731019
3.498230
3.036019
2.419257
1.955843
1.212181
0.742461
0.640203
0.985106
0.796557
1.404556
1.804780
1.437375
0.989346
0.516815
0.430027
-0.363130
-0.884596
-0.308652
0.027486
-0.422755
-0.565516
-0.606219
-0.595557
-0.116769
0.213155
0.479452
0.380303
-0.067835
-0.755343
-0.915405
-1.187035
-1.406419
-1.266737
-0.359228
0.609359
0.961423
0.852724
1.317842
0.773352
-0.112968
-1.174132
-1.582734
-1.918836
-1.907075
-1.910799
-1.834465
-1.287357
-0.626811
0.009499
-0.053745
-0.168749
