0.250484
-0.019544
-0.628704
-0.850194
0.202782
0.695443
1.200994
1.334382
1.248365
0.562971
0.453932
0.561016
0.193180
0.220037
0.032310
-0.323033
-0.244653
0.439635
0.947303
1.633033
1.554032
1.320393
0.560831
0.708965
0.719754
0.536408
0.153430
0.105231
0.220317
0.822770
1.549423
2.028894
2.537702
2.520952
2.543830
2.228586
2.056118
1.437700
1.140015
1.298238
1.705584
1.983235
1.974377
1.465627
1.001250
0.836967
0.801071
0.749069
0.356204
0.253166
0.496008
1.055531
1.480151
2.004456
1.700723
1.200825
0.462089
-0.031013
-0.081317
-0.029489
-0.358551
-1.010154
-1.263534
-1.231449
-0.753544
-0.084817
0.662569
0.756262
0.948190
0.598601
0.022000
-0.583519
-0.714895
-0.994781
-0.562262
-0.200457
-0.184985
-0.340773
-0.409359
0.108594
-0.042282
-0.140021
-0.467907
-0.361769
-0.692183
-0.517266
-0.203892
0.208968
0.368553
0.450501
0.242256
0.067994
-0.180310
-0.304339
-0.598305
-0.695528
-0.138439
-0.102980
0.258353
0.589616
0.505291
0.386218
0.569138
0.047289
-0.246814
-0.387483
-0.761740
-1.243379
-1.249244
-0.771634
-0.211968
0.292874
0.505935
0.764538
0.613070
0.521331
0.436945
0.273126
-0.473073
-0.663524
-0.492035
-0.071658
0.456156
0.846942
1.005079
0.876220
0.782742
0.426513
0.471565
0.212277
-0.375438
-0.708826
-0.470783
0.086230
0.775930
0.792234
0.916388
0.650139
0.534306
0.890589
1.122814
0.671670
-0.107778
-0.657834
-0.976859
-0.313451
0.132508
0.779887
0.891989
1.036985
1.003567
0.929055
0.612248
0.342674
0.014652
-0.367795
-0.536351
-0.969003
-1.340925
-1.596962
-1.209355
-0.599573
0.289843
0.062570
0.006276
0.042429
0.155506
-0.228755
-1.062070
-1.661793
-1.305572
-0.802327
-0.085581
0.894245
1.373394
1.726605
1.715530
1.398270
1.030063
1.121679
0.909648
0.569897
0.585140
0.992169
1.396346
1.756272
1.591217
1.247832
0.698567
0.104862
-0.113327
-0.616152
-1.129771
-1.647821
-1.435923
-1.255316
-0.405061
0.473039
1.142815
1.332351
0.928665
0.924468
0.874107
0.305210
-0.424314
-1.282515
-1.032582
-0.297549
-0.145472
0.222975
0.213151
0.362293
0.323017
0.668237
0.770105
0.726647
-0.291989
-1.183598
-1.553306
-1.624891
-1.171929
-0.610016
-0.088136
0.073434
0.347946
0.201516
0.542868
0.532669
0.717380
0.708784
0.553524
0.030436
-0.118453
-0.114400
0.290627
0.747013
0.978934
1.296261
1.516953
1.134752
0.152587
-0.185541
-0.049190
0.250959
-0.143795
-0.697598
-1.008292
-0.852466
-0.512745
0.210547
0.887088
0.818580
0.188043
-0.495066
-0.622468
-0.516133
0.245552
1.062131
1.638594
0.916693
0.302681
0.000122
0.334365
0.855037
1.014534
0.617964
0.172049
-0.182469
-0.504351
-0.675444
-0.690116
-0.450650
-0.900442
-0.768419
-0.524132
-0.492085
-0.989801
-1.259775
-1.380763
-0.493686
0.701961
1.436073
1.518082
1.289454
1.395528
1.644091
2.025666
2.108689
1.850878
0.975356
0.581346
0.533589
1.168381
1.232995
1.106917
0.317144
-0.556840
-1.430816
-1.729581
-1.455539
-0.690432
-0.248671
-0.157619
-0.386330
-0.681099
-0.348202
-0.360954
-0.673054
-1.303776
-1.771973
-2.208717
-1.937338
-1.496072
-1.053614
-0.287609
0.232584
0.258894
0.205119
0.627972
0.261791
-0.011101
-0.653291
-1.542821
-2.511021
-2.804798
-2.717349
-2.016545
-1.149882
-0.254452
-0.100418
-0.019525
0.117863
0.265256
0.420654
0.308234
-0.218722
-0.735944
-0.660263
-0.817496
-1.050667
-1.350392
-0.887128
-0.374793
0.140265
0.457085
0.647909
-0.156665
-1.117565
-1.554535
-1.230466
-0.267210
0.246521
0.579921
0.701747
0.795379
0.311514
0.023261
-0.917178
-1.746691
-2.213380
-2.872742
-3.388896
-3.533030
-3.431055
-3.068825
-2.322455
-1.241655
-0.172950
0.085983
0.301828
0.327718
0.454626
0.216427
-0.167578
-0.786291
-0.623982
-0.165004
0.429137
1.115952
1.358883
1.283352
0.508272
-0.202094
-0.800918
-0.889464
-1.524565
-1.870070
-1.579611
-0.487700
0.233789
1.431591
1.417569
0.927807
0.309909
-0.331275
-0.570053
-0.526785
-0.757601
-1.142753
-1.445148
-1.115383
-0.789370
-0.922189
0.048090
0.831376
0.973314
0.553381
-0.059946
-0.581669
-0.957051
-0.846780
-0.901487
-0.530126
-0.018334
0.287871
0.386701
0.188121
-0.137726
0.453803
0.712822
0.916601
0.288587
-0.170237
-0.390565
-0.687868
-0.975991
-0.947424
-0.002455
0.903276
1.171267
0.998407
0.284847
-0.219750
0.078724
0.063790
0.608623
0.731683
1.054984
1.064392
0.723900
0.194083
-0.427207
-0.786096
-0.556289
-0.717143
-0.968020
-0.734614
-1.221560
-1.593619
-1.179566
-0.489728
0.187255
0.770010
0.568502
-0.410314
-1.089806
-1.040036
-0.983989
-0.544500
-0.143204
0.073284
0.694987
0.828672
0.521328
0.161378
0.237492
-0.405444
-0.774029
-1.343017
-2.017575
-3.064872
-3.250865
-2.633588
-1.761298
-0.882896
-1.416710
-1.712691
-1.315590
-0.353949
0.396963
0.908293
0.108572
-0.840165
-0.982803
-0.092761
-0.111971
0.272352
0.286718
0.065710
-0.153963
-0.001200
-0.043303
0.109572
0.237496
0.497277
0.879381
0.432761
0.662527
0.305614
0.561252
0.780430
1.231629
1.362627
1.248236
0.601618
0.474872
0.987261
1.009629
0.961245
0.859434
0.867862
0.742062
0.387823
0.241635
0.624609
0.326518
0.515356
0.754422
1.198200
1.293513
1.223125
0.935535
0.454218
0.497129
0.885418
1.139418
1.074780
0.907627
0.726609
0.906902
0.823802
0.560181
-0.015626
-0.478998
-1.187000
-1.098120
-0.218622
0.415314
0.775110
0.799506
1.089572
1.305970
1.253332
0.466099
-0.177009
-0.654762
-0.786796
-0.986696
-0.736169
-0.508476
0.133721
0.313215
0.352602
0.560546
0.677490
0.800731
0.621618
0.237474
-0.410878
-0.659839
-0.818803
-0.645009
-0.884448
-0.718026
-0.603889
-0.646743
-0.656209
-0.631869
-0.895961
-0.680049
-0.613601
-0.779771
-0.593379
-0.529563
-0.281051
-0.339321
-0.443305
-0.705980
-0.371791
-0.430602
-0.031912
0.355670
0.828550
0.942482
0.751390
0.391554
-0.047750
-0.148146
-0.554018
-0.978692
-1.520370
-1.122929
-0.424140
0.034604
-0.089411
-0.345910
-0.864007
-1.186622
-0.974161
-0.291193
0.161997
0.858460
1.297458
1.132610
1.364819
1.707971
2.015344
1.500385
0.670556
-0.204662
-0.631405
-0.832089
-0.675622
-0.657190
-0.998623
-0.914371
-0.087973
1.031052
1.822946
1.913118
1.095936
0.313303
-0.172260
0.113522
0.614997
0.926180
0.777026
0.616272
-0.032116
-0.513753
-0.448353
0.245859
0.695968
0.747242
0.829943
0.777404
0.753043
0.732344
1.118794
1.268932
1.194845
0.744922
0.389162
-0.060572
-0.054555
0.255517
0.542066
0.739539
0.923569
0.960866
0.738094
0.733808
0.474937
0.563265
0.365391
0.383478
-0.288246
-0.936835
-1.333486
-1.347658
-1.876844
-2.031305
-1.864021
-1.787035
-1.428604
-0.857777
-0.165903
0.171899
0.311845
-0.046605
-0.028327
-0.235226
-0.419563
-0.649090
-0.465472
-0.572058
-0.728239
-0.556181
-0.314072
-0.166181
0.136258
0.800352
0.931520
0.253091
-0.606886
-1.031445
-0.935762
-0.079868
0.474902
0.948374
0.737101
0.709398
0.405891
0.023972
-0.304845
-0.650103
-1.053265
-1.659771
-1.964966
-1.870405
-1.362740
-0.785426
0.256079
0.872749
1.237312
1.131507
0.777681
0.171676
-0.030542
-0.387844
-0.722657
-0.938146
-0.939252
-0.843907
-0.796623
-0.257149
-0.057105
0.038693
-0.073870
-0.298540
-0.836941
-0.750375
-0.866293
-0.228896
0.169939
0.674048
0.744462
0.558271
0.802797
0.935434
1.096413
0.987246
0.811542
0.372859
0.630276
0.485177
-0.090488
-0.868443
-0.808257
-0.496514
-0.344667
-0.423737
-0.778481
-1.002477
-0.796111
-1.015932
-1.101304
-0.493504
-0.271947
0.311195
0.682362
0.707610
0.276825
0.218654
0.092513
0.253528
0.266883
0.136884
-0.241439
-0.347818
-0.424856
-0.892818
-1.046135
-0.759776
-0.157952
-0.534243
-1.100219
-1.219578
-0.329716
0.140789
0.456553
0.694450
1.279093
1.857032
1.891598
1.594188
1.105001
0.848001
0.640577
0.544630
0.176931
0.050081
-0.324018
-0.455352
-0.385513
0.328460
0.857354
1.508140
1.697598
1.711972
1.121753
0.503667
0.116495
-0.309945
-0.687939
-0.948499
-0.768555
-0.655836
-0.251162
0.361731
1.680627
2.037985
1.690626
0.716957
-0.055765
-0.566163
-0.748745
-0.506980
-0.162255
0.110528
0.157184
0.571494
1.065293
1.660702
1.639158
1.236394
0.475417
0.359676
0.122330
0.115118
-0.117496
-0.652759
-1.459637
-1.287888
-0.261366
0.824054
1.461313
1.149404
0.437174
-0.515313
-0.807917
-0.757618
-0.541099
-0.963658
-0.802227
-0.888387
-0.717405
0.019358
0.350470
0.476862
0.528934
0.130142
-0.527518
-0.631833
-0.991819
-1.298235
-1.913435
-1.832174
-1.688881
-1.284061
-0.742631
-0.252453
-0.237167
-0.371573
-0.513380
-0.590759
-0.641231
-0.917711
-0.854865
-1.004167
-1.002742
-1.199285
-1.288922
-1.598950
-1.311139
-1.489759
-1.561999
-1.544099
-1.274814
-0.856807
-0.237819
0.415285
0.735608
0.918826
0.917565
0.736800
0.329152
0.287554
0.164533
0.404783
0.391569
0.481343
0.541054
0.859857
0.611271
0.807477
1.581680
2.376831
2.650914
2.039039
1.232966
0.519942
0.387108
0.324148
0.260411
0.023595
0.249884
0.697232
1.447946
1.638933
1.974825
1.884804
1.177003
0.459909
-0.368675
-0.953360
-0.757778
0.084314
0.481472
0.459461
0.087096
-0.000027
-0.230265
0.257813
0.665751
1.313924
0.857255
-0.343898
-1.213247
-1.639913
-1.353531
-0.572966
0.883784
2.051867
2.446959
2.300453
1.657199
0.370510
-0.575569
-1.570664
-2.320708
-3.013270
-3.728981
-3.767793
-2.679035
-1.168129
0.595241
1.784508
1.748333
1.743820
0.850442
0.142378
-0.546807
-1.016955
-1.561622
-1.269691
-1.486817
-1.489703
-1.405007
-0.780691
-0.098723
0.597107
0.647857
-0.009875
-0.307753
-0.868095
-1.423255
-1.822803
-2.011957
-2.397495
-2.195871
-1.978176
-1.397282
-1.274951
-0.822727
-0.325703
-0.103581
0.034901
0.568483
0.803841
0.409773
0.337573
0.127097
0.492509
0.640210
0.934397
1.080898
1.547813
1.297455
0.711752
-0.231367
-1.289888
-2.276494
-2.092014
-1.072575
-0.227343
0.203674
0.414570
0.932231
1.121424
1.179417
1.107514
1.266518
1.131051
0.799210
0.418428
0.091023
0.404161
0.950098
1.735548
2.092058
1.928116
0.994403
0.150226
-0.253454
-0.218608
-0.627746
-0.783425
-0.547023
0.033875
0.377708
0.740327
0.485539
0.260203
0.263348
-0.055713
-0.533158
-0.927551
-1.148269
-1.215435
-1.370312
-2.330109
-2.878683
-2.499188
