-1.524037
-1.564610
-1.592118
-1.470049
-1.295092
-1.308790
-1.184337
-0.553326
-0.044654
-0.376453
-0.730568
-0.796445
-0.723994
-0.309770
-0.687042
-1.070198
-2.113981
-1.889415
-1.040308
-1.109593
0.063660
1.348878
1.924298
2.330212
1.874440
1.686571
1.449513
1.560572
1.868674
1.552330
1.256973
0.338255
0.530950
0.606103
0.472083
0.449515
0.393868
0.271424
0.341992
0.120687
-0.158703
0.013308
-0.140518
-0.636541
-0.881528
-1.126625
-0.793401
-1.123002
-1.626987
-1.455175
-1.571747
-1.855108
-1.590598
-1.708818
-2.120641
-2.626027
-2.190120
-1.754658
-1.530176
-1.387820
-0.904817
-0.546029
0.172904
-0.035584
0.177261
0.516329
0.242461
0.810096
0.847086
0.153702
0.598149
1.240663
1.511462
1.400971
1.342072
1.288010
0.589274
0.529030
1.092935
0.688428
0.456996
0.871247
0.711158
1.379495
1.736227
1.945643
1.919270
1.704161
1.591894
1.691697
1.681610
1.462926
1.834167
1.623318
1.807941
2.305433
1.981705
1.911741
1.855575
1.321375
0.533102
0.297681
0.214873
0.045083
0.285166
-0.081257
-0.597152
-0.845207
-0.916591
-1.520690
-1.578814
-1.618309
-1.954538
-2.047613
-1.794942
-1.303148
-0.858912
-0.725857
-0.547114
-0.515446
-0.595032
-0.272652
-0.566856
-1.310015
-1.583394
-2.304954
-1.827720
-1.999685
-1.983727
-1.444281
-1.128819
-0.974829
-0.329288
0.206223
0.988211
1.518799
1.025108
1.106534
1.433828
0.600592
-0.322777
-0.798235
-1.301696
-1.355880
-0.701999
-0.588735
-0.980334
-0.230209
0.358494
0.128552
0.036621
0.218959
0.190672
0.617325
1.203163
1.084528
1.323064
0.991386
1.160082
1.168544
1.312084
1.313506
1.446951
1.942207
1.976641
1.668414
0.724687
0.242569
0.272653
-0.118125
-0.892443
-1.650496
-1.394436
-0.817220
-0.533654
-0.032651
0.526019
1.036134
0.777557
0.913227
0.956197
0.850054
0.762221
0.052992
-0.179500
-0.896895
-0.859725
-0.892500
-1.264731
-1.744728
-1.368407
-1.172010
-0.532824
-0.191909
-0.693464
-0.357807
0.571227
1.025044
0.802379
0.198882
-0.032376
-0.109466
-0.508338
-0.790796
-1.198930
-1.630033
-1.829050
-1.470431
-1.289587
-0.627627
-0.570380
-0.541300
-0.516675
-0.434987
-0.050500
-0.139790
-0.282933
-0.706418
-1.197433
-0.628109
0.014147
0.744684
1.512206
1.375214
0.501422
0.428546
-0.054116
-0.531456
-1.248511
-1.518691
-0.981556
-0.425803
-0.503962
-0.784692
-0.640166
-0.241837
0.370835
0.843971
1.039669
1.105756
0.512406
-0.066062
0.602984
0.394188
-0.350822
-0.586558
-0.607001
-0.648401
-0.834304
-0.917469
-0.925618
-0.210961
0.416555
0.414566
0.460517
0.294012
0.071696
-0.096543
0.030243
0.630844
0.881775
0.196543
-0.133777
-0.194779
-0.350065
-0.241869
-0.235616
-0.355188
-0.231669
0.058248
0.182142
0.727185
1.247385
0.655731
0.693655
0.485069
-0.045477
-0.053127
0.047588
0.186725
0.280618
0.354104
0.394396
0.856795
1.187759
0.687875
1.175641
1.357038
0.787264
0.574318
0.261849
-0.222278
-0.802319
-1.187860
-1.251461
-1.051545
-1.014289
-0.641121
-0.254341
0.001184
0.722597
0.816612
0.645453
0.347663
0.132619
-0.117961
-0.104850
-0.157142
-0.279841
-0.183319
-0.424501
-0.014271
-0.113348
-0.105020
-0.208001
-0.735374
-0.579463
-0.670006
-1.008711
-0.998708
-0.771146
-0.852075
-0.600729
0.024410
-0.515142
-0.725888
-0.862487
-0.589429
-0.368802
-0.448438
-0.668127
-0.844989
-0.812328
-0.576643
0.139723
0.569285
0.200091
0.763476
0.914507
0.812226
0.618176
0.094469
0.038599
0.045571
0.051939
0.126348
0.188344
0.311547
0.116340
0.329610
0.508578
0.425457
-0.137041
0.020943
-0.293184
-0.157030
-0.342117
-0.539121
-0.470409
-0.534853
-0.350465
0.415829
0.245677
0.239175
0.474338
-0.107741
-0.331741
-0.180814
0.074515
0.019146
-0.884272
-0.430354
0.517516
0.873828
0.881389
0.599119
1.034887
1.536104
1.217920
1.188458
1.097584
0.850417
0.168557
-0.122917
-0.033302
-0.079872
0.063655
0.162408
0.583552
1.010369
0.646243
0.729698
0.795107
0.507891
0.129806
-0.263909
-0.447294
-0.254672
-0.309223
-0.143904
-0.536945
0.255490
1.276287
0.881573
0.378663
0.038789
-0.318890
-0.451668
-0.444680
-0.600773
-0.597392
-0.763075
-1.498041
-0.366743
0.563572
0.502173
0.740393
1.194637
1.178668
1.002052
0.850163
0.542175
-0.019423
-0.424883
-0.271379
-0.499262
-0.537335
-0.446783
-0.318763
-0.532127
-0.437348
-0.128943
-0.231415
-0.071406
-0.201770
0.012754
0.332331
0.115885
0.224006
0.257113
0.459208
0.914579
0.829782
0.597862
0.252923
0.152997
0.200851
-0.394227
-0.990719
-0.850298
-1.135269
-1.495360
-1.350786
-1.448360
-1.317953
-0.485000
0.266494
0.684047
0.582434
0.761584
1.306134
2.025822
2.036749
1.220461
0.575659
0.155700
-0.209698
0.070131
0.409648
0.617794
0.804981
0.799117
1.106790
1.396425
1.731598
2.287265
2.539206
1.978657
1.421243
1.181629
1.013820
1.030378
0.422425
0.187183
-0.165159
-0.042828
0.236477
0.059386
-0.555647
-1.207785
-0.836263
-0.084843
-0.125246
0.085062
-0.389567
-1.727956
-1.435835
-1.322095
-1.836085
-1.660196
-1.757973
-1.265515
-1.000101
-1.453845
-1.830218
-1.777059
-1.384041
-1.373298
-1.361906
-1.756947
-1.742129
-1.808627
-1.574584
-1.679604
-1.883594
-1.149367
-0.627412
-0.760783
-0.832038
-1.108086
-1.374049
-1.193223
-0.899740
-0.819323
-1.466369
-1.770645
-1.942706
-1.734672
-1.314782
-0.542326
-0.562831
-0.547600
-0.629717
-0.461270
0.109423
0.365886
0.440753
0.353579
0.777536
0.702547
0.784980
1.776852
1.790220
1.676947
1.738219
1.592939
1.709046
1.996242
2.015444
1.851532
1.647635
1.619276
1.486366
1.902330
1.890247
1.633679
1.467857
1.082809
0.752022
0.625094
0.888832
0.853632
0.941203
1.216558
1.128764
1.259210
1.779246
1.569110
0.952102
-0.048859
-0.571687
-0.909578
-0.872285
-1.315627
-0.941767
-0.874421
-1.170236
-1.363072
-1.068880
-0.678289
-0.521350
-0.625847
-0.961686
-0.963722
-0.278160
0.128986
-0.239887
-1.036790
-1.425781
-1.621797
-1.912933
-1.429192
-1.012170
-0.979105
-0.879147
-0.261722
0.246916
0.207318
0.007209
-0.461457
-1.140338
-1.012199
-0.656297
-1.086972
-1.905827
-2.011531
-0.987053
-0.070936
0.124139
0.590405
0.114268
0.546227
1.784542
1.757859
0.950358
0.741235
0.540774
0.274030
-0.185742
-0.347739
-0.880034
-1.022910
-1.252864
-1.259342
-0.713969
-0.711120
-0.171437
0.360861
0.256234
0.152383
0.082004
0.144883
0.558851
0.060205
-0.056045
0.561307
0.814724
0.282094
0.537444
1.028193
1.182513
1.265795
1.266762
0.985302
0.583760
0.469184
0.235051
0.274775
0.050564
-0.201081
-0.345465
-0.188040
0.495403
0.747192
0.871791
0.979575
1.275629
1.202011
1.107082
1.111275
1.073291
1.131035
0.769513
0.160598
0.882631
1.434187
0.788094
0.262447
-0.005308
0.298784
0.296341
-0.009989
-0.152617
0.371371
0.457760
-0.064879
-0.036788
-0.126654
-0.346443
-0.325339
-0.455841
-0.582387
-0.795992
-0.814478
-0.717163
-0.474333
-0.018379
0.000406
-0.123628
0.285662
0.449774
0.264600
0.184634
0.199784
-0.339167
-0.710833
-1.143051
-1.004011
-0.524420
-0.557726
-0.796749
-0.589451
-0.661528
-0.341012
-0.270621
-0.353773
-0.694219
-1.288048
-1.522676
-1.248188
-1.004610
-1.152306
-0.521033
0.143541
0.277190
0.248727
0.180035
0.181637
-0.175618
-1.170567
-1.043368
-1.351317
-2.191734
-2.609865
-2.611278
-2.624142
-2.905489
-2.497085
-1.596425
-0.928444
-0.139030
0.414346
0.607156
0.339549
0.088328
0.183101
0.342337
-0.381800
-1.107103
-0.627788
-0.272120
-0.234690
-0.274474
0.077290
0.132886
0.303465
1.201849
1.961173
1.811731
1.346407
1.710460
1.780054
1.353119
0.935288
0.035693
-0.083752
0.285474
0.152121
-0.227420
0.139413
0.649223
0.243452
0.905231
1.534439
1.423671
1.109692
0.245555
0.909803
1.696193
1.273643
1.092864
1.038827
0.941249
0.721368
1.013315
1.097518
0.885597
0.800796
0.387403
0.236336
0.174781
0.509081
1.324828
1.476068
1.206684
0.686652
0.575232
0.190215
-0.429823
-0.942773
-0.749601
-0.563459
-0.494231
-0.611953
-0.609342
-0.752628
-0.666792
-1.489752
-1.435473
-0.588431
-0.540397
-0.838112
-0.631486
-0.564137
-0.624693
-0.820563
-0.353963
0.073728
0.283108
0.508429
0.153293
-0.300500
-0.440510
-0.793487
-0.737246
-0.850134
-1.065637
-1.230738
-0.892738
-0.270995
-0.053108
0.369803
0.864562
0.877406
0.313529
0.105148
-0.006758
-0.396165
-0.661000
-0.645350
-0.818428
-0.950384
-0.965355
-1.046419
-0.577943
0.086194
0.252201
0.403413
0.103677
-0.330448
-0.521343
-0.710900
0.030290
0.007166
-0.502315
-0.413818
-0.539229
-0.397818
-0.248024
0.196686
0.500635
0.140461
0.862806
1.404484
1.642269
0.782580
0.232168
0.339903
0.163080
-0.594783
-0.736494
-1.097755
-0.905491
-0.963755
-0.986010
-0.463687
0.115931
0.446897
0.573169
0.485322
0.385490
0.350484
0.011673
0.183581
0.075683
-0.444308
-0.595651
-0.187060
0.181529
0.844502
1.071641
1.055489
1.108760
1.111612
0.873830
0.759612
0.870707
0.737501
0.142681
-0.739758
-0.516198
-0.391657
-0.483826
-0.717726
-0.383407
0.071229
-0.011472
1.008839
1.279118
0.783693
0.091631
-0.707307
-1.002826
-1.212819
-1.322041
-1.261090
-1.071303
-0.526543
0.279687
0.822143
0.896474
1.093129
1.393214
1.297258
0.924329
0.318872
-0.211093
-0.176508
-0.174765
-0.127011
-0.144940
-0.454157
-0.679054
-0.350513
-0.047053
-0.212996
0.345869
0.709823
0.267029
0.219000
0.398437
0.474212
0.153512
-0.429724
-0.475872
-0.196251
-0.526838
-0.379044
-0.389708
-0.349692
-0.132834
-0.000297
0.408330
0.655229
0.418830
0.399397
0.384577
0.334343
0.292449
0.209618
0.103060
0.151320
0.084939
-0.560201
-0.436376
0.105275
-0.082358
-0.467588
-0.171567
0.219160
0.080222
-0.585613
-0.613945
-0.494953
-1.085134
-0.757336
-0.232844
-0.188650
-0.063925
0.153322
0.160954
0.556039
0.698908
0.346614
0.489701
-0.103275
0.292038
0.610118
-0.181005
-0.982233
-1.419950
-1.926863
-1.842273
-1.956331
-2.045009
-2.067607
-2.235651
-2.698998
-2.524514
-2.524656
-1.946261
-1.101866
-0.533588
-0.074425
0.504871
0.571035
0.700895
1.176029
1.030387
0.354023
0.368339
0.387291
0.395595
0.827346
0.921133
0.852836
0.707011
0.733895
0.788388
0.778199
0.927983
0.944100
1.482469
1.746570
2.183615
2.717036
2.819037
3.041378
3.277028
3.153882
3.740207
3.530544
3.037955
2.998278
