1.624465
1.509169
1.398755
1.200036
0.894035
0.486426
-0.026406
-0.693514
-1.314579
-1.862739
-2.041887
-2.109158
-2.203236
-2.050209
-1.777097
-1.589699
-1.162007
-0.871364
-0.775802
-0.526241
-0.596817
-0.954015
-1.592692
-1.996455
-2.427739
-2.762982
-2.676979
-2.499566
-2.136212
-1.493856
-1.141783
-1.058511
-1.105357
-1.265347
-1.621159
-1.633212
-1.679191
-1.558878
-1.334671
-1.073305
-0.477347
-0.083073
0.319442
0.794531
0.726313
0.423629
0.037677
-0.197820
-0.204890
0.032909
0.541730
1.046191
1.519901
2.029101
2.341297
2.098485
1.573227
1.205643
0.953161
0.934028
0.838992
0.477623
0.062949
-0.132100
-0.010971
0.304068
0.669090
0.651682
0.683436
0.894167
0.689596
0.043151
-0.483017
-0.509416
-0.488031
-0.540104
-0.805183
-1.564333
-1.808175
-1.248829
-0.686715
0.011344
0.556384
0.468184
0.243805
0.201536
0.254209
0.441461
0.411401
0.351297
0.193066
-0.084080
-0.825986
-1.488152
-2.007650
-2.309637
-2.217421
-1.814238
-0.930847
-0.185789
0.552668
1.259531
1.955200
2.254593
2.158017
1.728868
1.481702
1.101919
0.499753
-0.057087
-0.566422
-0.514770
0.108450
0.712236
0.856239
0.680026
0.379804
0.260108
0.348430
0.462777
0.321505
0.012837
-0.022704
0.222052
0.669441
1.321819
2.006219
2.467470
2.555150
2.199979
2.105570
1.863266
0.829170
-0.314808
-1.457647
-2.206127
-2.195644
-1.568402
-0.557795
0.453729
1.144053
1.629321
1.775149
1.564749
1.241751
1.192639
1.219530
0.989226
0.921735
0.477405
-0.384655
-1.695200
-2.738013
-3.438088
-4.068762
-4.024766
-3.253994
-2.391997
-1.526492
-0.188355
0.963602
1.513703
1.798473
1.484665
0.658516
-0.173696
-0.821383
-1.356138
-1.573114
-1.568515
-1.216808
-0.683565
-0.278804
-0.035271
-0.145044
-0.367478
-0.460141
-0.523288
-0.528363
-0.632078
-0.821223
-0.765260
-0.773669
-0.660185
-0.649730
-0.235549
0.341304
0.776549
0.892535
0.908538
0.636439
0.034792
-0.460570
-0.679045
-0.750419
-0.737631
-0.949926
-1.065412
-0.805436
-0.201424
0.360900
0.677250
1.163899
1.126193
0.731169
0.395955
0.044207
-0.252650
-0.400590
-0.329077
-0.037643
0.152380
0.574395
1.209543
1.501758
1.577782
1.445706
1.121639
0.890760
0.566383
-0.080347
-0.567729
-0.787109
-0.526483
0.055349
0.610118
1.090360
1.423324
1.294902
0.726045
0.060009
-0.588004
-0.741405
-0.849795
-0.868754
-0.729061
-0.150475
0.529994
0.867032
1.237389
1.462496
1.233202
0.844679
0.483512
0.246145
0.101092
-0.072917
-0.181291
-0.032521
0.205657
0.430262
0.554458
0.518526
0.284171
0.168345
0.086089
-0.126128
-0.522540
-0.794865
-1.011048
-0.929402
-0.554641
-0.078138
-0.054920
0.039488
0.223746
0.462209
0.425156
0.227802
-0.049421
-0.488470
-0.847836
-1.145303
-0.838543
-0.325584
-0.048143
0.085035
0.005321
-0.132030
-0.316267
-0.544085
-0.791564
-0.832796
-0.795319
-0.650089
-0.110212
0.264193
0.284550
0.229492
0.358001
0.230590
0.168374
0.169942
0.034856
0.044088
0.225067
0.095089
-0.574502
-0.992787
-0.984875
-0.615989
-0.056709
0.411096
0.524510
0.559440
0.560143
0.805214
1.137763
1.246261
0.939001
0.628534
0.310987
-0.089196
-0.227839
0.078967
0.058958
0.129090
0.362082
0.203594
-0.019221
-0.200247
-0.364010
-0.525976
-0.726217
-0.531280
-0.252084
-0.137784
0.275734
1.027388
1.888091
2.383433
2.371287
2.322696
1.993253
1.099674
0.492031
-0.313020
-1.028017
-1.038778
-0.588459
-0.066552
0.225604
0.173715
-0.048162
-0.504965
-0.741944
-0.682229
-0.415027
0.020004
-0.018545
-0.320625
-0.633198
-0.696611
-0.548299
-0.210500
-0.001197
0.214906
0.728232
1.099191
0.873222
0.334267
-0.272999
-0.743601
-1.374819
-1.931457
-1.146778
0.205681
0.581570
0.271047
0.678774
1.544565
1.737795
1.381526
0.701524
0.081902
-0.344317
-0.953579
-1.492131
-1.783252
-1.567650
-1.413070
-1.094685
-0.408000
0.016216
0.327282
0.747263
0.567296
-0.040674
-0.503977
-1.276251
-1.853655
-1.697062
-1.163404
-0.647269
-0.058614
0.352991
0.725117
1.137319
1.393385
1.388685
1.412293
1.136875
0.528908
0.005863
-0.465041
-0.700814
-0.408825
-0.066074
0.327412
0.647717
0.725272
0.491386
0.347622
0.080384
-0.372760
-0.658553
-0.899753
-1.489391
-1.662875
-0.965943
-0.161355
0.258542
0.670448
0.756335
0.740242
0.833229
0.634538
0.325386
-0.260161
-0.696192
-0.841186
-0.786183
-0.957234
-0.805032
-0.223672
0.451689
0.829921
1.015859
0.959910
0.599310
0.163229
-0.270935
-0.897546
-1.341799
-1.502400
-1.126086
-0.456937
0.467596
1.232690
1.668812
1.781103
1.596280
1.344907
1.174796
0.738098
0.181584
-0.133212
-0.447607
-0.695948
-0.759618
-1.024012
-1.275963
-1.255819
-1.077708
-0.583928
-0.189916
0.252807
0.518498
0.441449
0.241714
-0.126749
-0.595350
-0.922044
-1.346162
-1.421578
-1.214237
-0.824918
-0.341639
0.224776
0.462702
0.767900
0.783849
0.764315
0.781710
0.533886
-0.051332
-0.413027
-0.423516
-0.221276
0.099582
0.047609
-0.118742
-0.083383
0.029556
0.439359
1.297983
1.653615
1.683160
1.595916
1.534923
1.212037
1.051833
0.909176
0.794224
0.587934
0.397155
0.217282
0.067543
-0.003452
0.010496
0.020910
0.040760
0.029914
-0.143631
-0.254288
-0.187402
0.229529
0.731756
1.128058
1.410914
1.402608
1.031868
0.838049
0.677345
0.698316
0.572999
0.182519
-0.320150
-0.782759
-0.915361
-0.700800
-0.059159
0.646771
0.725098
0.478227
0.094514
-0.225862
-0.235593
-0.393322
-0.465551
-0.544320
-0.701841
-0.608938
-0.325530
-0.192206
-0.330232
-0.612891
-0.970845
-1.264819
-1.260697
-1.136905
-1.242297
-1.526551
-1.996842
-2.242873
-2.093524
-1.700614
-1.276915
-0.644563
-0.210364
-0.118341
0.078272
0.072991
-0.224040
-0.388631
-0.657482
-0.636822
-0.124621
0.392075
0.782938
1.079757
1.390873
1.344735
1.476185
1.512202
1.653279
2.001005
2.598389
2.555881
2.057324
1.814083
1.557115
1.235606
0.843018
0.241892
-0.309152
-0.496674
-0.381809
-0.270447
0.097207
0.527571
0.898078
1.202360
1.386625
1.400896
1.427577
1.115195
0.211953
-0.599981
-1.110314
-1.114230
-0.906960
-0.644163
-0.338606
-0.012428
0.038101
-0.099542
-0.103418
-0.001335
-0.032522
0.225436
0.237403
-0.551693
-1.272766
-1.554879
-1.590478
-1.469127
-1.101118
-0.522638
-0.137605
0.216672
0.705957
1.039036
0.952753
0.605282
0.295556
0.178793
-0.023079
-0.123857
-0.063833
-0.203939
-0.530133
-0.996489
-0.990748
-0.628231
-0.281415
0.109297
0.305118
0.143123
0.049781
0.038369
0.044248
0.363417
0.726920
0.976628
1.342707
1.593603
1.629980
1.579849
1.110779
0.584989
0.267897
-0.259076
-0.725408
-0.923688
-0.979955
-0.934956
-0.685660
-0.613152
-0.607147
-0.327406
-0.191742
-0.137855
0.072220
0.121600
0.012503
-0.285786
-0.624290
-1.112736
-1.452482
-1.298600
-0.961010
-0.782102
-0.991938
-1.139261
-1.082370
-0.984857
-0.840956
-0.892573
-1.030364
-0.996012
-0.723455
-0.296463
-0.158065
0.088020
0.388516
0.659911
0.527530
0.339530
0.179261
0.101032
0.080849
-0.000027
0.086907
0.432894
0.705635
0.687649
0.505212
0.328731
0.138474
-0.089821
-0.362725
-0.582622
-0.674122
-0.455850
-0.303503
0.155519
0.768869
1.091620
1.268258
1.108473
0.741415
0.488229
0.263254
0.081423
-0.174577
-0.236859
-0.315358
-0.106887
0.280154
0.473088
0.647099
0.944783
1.022277
0.712264
0.389370
0.047963
-0.273346
0.020405
0.486451
0.758837
0.889655
1.147680
1.362605
1.431147
1.516664
1.588065
1.774878
1.806348
1.238925
0.712580
0.354227
0.233898
0.324839
0.454598
0.618901
0.455258
0.239592
-0.285343
-0.872469
-0.990514
-0.839636
-0.536253
0.008373
0.569213
0.376046
-0.221151
-0.665935
-0.867566
-0.912568
-0.979858
-0.659924
-0.438088
-0.165722
-0.112280
-0.326974
-0.276923
-0.509901
-0.469028
-0.471925
-0.638326
-0.762797
-1.091097
-1.461089
-1.664041
-1.592523
-1.245909
-0.931267
-0.532822
-0.438195
-0.565982
-0.786962
-1.180732
-1.578068
-1.837541
-1.943961
-1.900866
-1.486606
-0.978620
-0.836189
-1.044652
-1.255905
-1.501694
-1.451212
-1.290431
-1.033999
-0.644701
0.138566
0.802268
1.354992
1.866112
1.979574
2.016618
2.075664
1.784917
1.523915
1.178644
0.409234
-0.088352
-0.258081
-0.114109
0.323515
0.893631
1.573132
2.168332
2.686471
2.717109
2.253330
1.395475
0.565137
-0.017751
-0.639426
-1.268079
-1.796818
-1.850063
-1.181851
-0.195923
0.764754
1.761508
2.241427
2.471089
2.578381
2.401981
1.849377
1.113396
0.171493
-0.527956
-1.159696
-1.589234
-1.910037
-2.004263
-1.780831
-1.390917
-0.782401
0.076023
0.471865
0.817848
1.173004
1.378115
1.228735
1.111700
1.159305
0.978435
0.640851
0.330645
0.082180
-0.430663
-1.108115
-1.425073
-1.354567
-1.256671
-1.055908
-0.573620
-0.326882
-0.350236
-0.173087
-0.096953
-0.020235
0.181418
0.186465
-0.128666
-0.227023
-0.301637
-0.370447
-0.159956
0.049919
-0.019728
-0.274152
-0.487134
-0.650917
-0.670387
-0.607827
-0.634633
-0.551779
-0.462614
-0.330543
0.014676
0.519033
1.135225
1.636371
1.687721
1.333272
0.857709
0.399955
0.079718
-0.521027
-1.153300
-1.759834
-1.972185
-1.496455
-0.657619
0.158342
0.902741
1.258842
1.085124
0.753229
0.305350
-0.277089
-0.771630
-0.967650
-1.132331
-1.259241
-1.290401
-0.994148
-0.251930
0.584531
0.864891
0.659985
0.347259
0.004580
-0.239357
-0.367419
-0.656513
-0.816482
-0.764283
-0.523890
-0.393528
-0.062171
0.294459
0.709216
0.948671
1.013940
1.255721
1.408578
1.289870
1.168575
1.021805
0.699229
0.380362
0.104494
-0.395478
-0.972831
-1.284229
-1.440892
-1.350299
-0.900312
-0.451643
-0.035159
0.153080
0.381940
0.671881
0.956495
1.134659
1.077424
0.956557
0.917969
0.817283
0.530129
0.100591
-0.317711
-0.453527
-0.143871
0.373735
0.484466
0.634460
0.708176
0.817040
0.632884
0.135767
-0.434252
-0.579301
-0.833336
-1.164427
-1.175870
-1.192397
-1.047046
-0.681656
-0.154357
0.507111
0.932188
1.078549
0.925884
0.694875
0.661239
0.493806
0.468229
0.538819
0.568951
0.733123
0.496716
0.097158
0.026139
0.247543
0.525876
0.601667
0.743522
0.397958
0.060922
0.080773
-0.008509
-0.072837
0.181709
0.267828
-0.032866
-0.413176
-0.318875
0.091363
0.429744
0.482232
0.470484
0.607104
0.544502
0.346479
-0.035621
-0.495194
-0.703710
-0.529246
-0.242769
-0.019592
-0.126694
-0.421266
-1.072730
-1.449862
-1.329814
