0.534950
1.190102
1.415326
1.455052
1.636419
1.617462
1.742487
1.695433
1.612728
1.611282
1.585744
1.249605
1.318794
1.663582
1.793850
1.567335
1.521623
1.323069
0.994230
0.924122
0.845460
0.447343
-0.177463
-0.453308
0.023768
0.956162
1.400291
1.075623
0.609876
0.455170
0.412192
0.330884
0.191574
0.100330
0.400339
0.909277
0.858103
0.643873
0.545489
0.575553
0.456183
0.373206
0.038201
-0.128837
0.230478
0.676762
0.594905
0.854797
1.282320
0.937881
0.634250
0.064572
-0.452276
-0.581322
-0.494541
-0.591038
-0.479936
-0.105976
-0.039118
-0.321647
-0.601718
-0.656202
-0.508885
-0.290942
-0.591321
-0.849633
-0.529874
-0.723422
-0.949252
-0.540230
-0.507027
-0.705111
-0.594991
-0.537347
-0.774724
-0.919832
-1.128188
-0.494155
0.191868
0.118749
-0.386633
-0.740548
-0.916716
-1.363349
-1.178061
-0.702737
-0.731051
-0.522362
-0.120480
-0.187471
-0.015560
0.197911
-0.019468
-0.148049
0.056623
0.329501
0.345207
0.881718
1.082634
0.868225
0.733499
0.302329
-0.141292
-0.591252
-0.873021
-1.090137
-1.191451
-0.569923
0.413291
0.837555
1.314732
1.459317
1.457346
0.737215
-0.234168
-1.214248
-1.374712
-1.508107
-1.758038
-1.282216
-0.917276
-0.216467
0.440492
0.974533
1.298984
1.329549
0.960445
1.039170
0.614478
-0.129640
-0.757341
-0.940313
-0.612674
-0.581653
-0.636431
-0.774100
-1.633061
-2.240106
-2.680994
-2.859591
-2.525537
-1.897644
-1.212690
-0.576444
-0.326956
-0.294582
-0.090473
-0.260116
-0.335392
0.388400
0.907786
1.101400
1.593423
1.509769
1.068082
0.594620
0.321867
-0.110595
-1.061419
-1.833865
-2.204346
-2.723055
-3.363450
-3.626101
-3.066725
-1.904567
-0.884995
-0.000900
0.540966
0.807324
0.851011
0.835841
0.503411
0.426458
0.565351
0.230359
-0.221167
-0.465722
-0.384356
-0.499863
-0.188272
0.396513
0.822490
1.210202
1.744251
2.031735
1.978097
1.853714
1.547640
1.304264
1.262200
0.852839
0.213668
0.231384
0.413081
0.601407
0.713096
0.758505
0.874187
1.024916
1.303408
1.481862
1.675987
1.633962
1.280750
0.994194
0.689211
0.010054
-0.328973
-0.771694
-1.056371
-0.931652
-0.896642
-0.798241
-0.124216
0.482935
0.771076
0.758168
0.762048
0.574650
0.550389
0.703729
0.459255
0.227235
-0.256151
-0.682680
-1.105179
-0.995314
-0.877255
-0.640539
0.184397
0.942378
1.293764
1.347145
1.151841
0.523918
-0.137278
-0.771985
-1.528232
-2.073325
-2.083584
-2.165015
-2.075555
-1.868583
-1.436602
-0.901750
-0.399114
0.350802
0.603695
0.869168
0.771223
0.300145
0.260096
0.347175
0.305146
0.300537
0.151078
-0.203684
-0.245998
-0.225737
-0.221805
0.021751
0.465783
0.578730
0.596887
0.453967
0.110252
0.068950
0.110206
0.149509
0.617931
0.652711
0.059965
-0.120535
-0.245373
-0.197362
0.299366
0.645873
0.492784
0.200361
0.207661
-0.068164
-0.375344
-0.594785
-0.868273
-1.398478
-1.938986
-1.742115
-1.281064
-0.615397
0.113305
0.827608
1.438860
1.549482
1.385667
1.326111
1.268390
1.218641
1.100674
0.412911
-0.133699
-0.468123
-0.904497
-1.039311
-0.826233
-0.390099
-0.291094
-0.355809
-0.757333
-1.099799
-1.184581
-1.103172
-0.852663
-0.571796
-0.142760
0.096155
0.348465
0.608154
0.431515
0.531451
0.242606
0.408370
0.750290
0.614174
0.308980
0.097761
0.051012
-0.271738
-0.652958
-0.999666
-1.231263
-1.506050
-1.386073
-1.492013
-1.356047
-0.814252
-0.318438
0.103675
0.701167
0.680585
0.391619
0.281902
0.049922
0.063836
0.164224
0.248364
0.053671
0.003217
0.139812
0.358050
0.630825
0.979083
0.734222
1.073683
1.885518
1.683426
1.488968
1.190402
0.733149
0.220075
-0.032353
0.509809
0.856021
0.936063
1.099305
0.929093
0.869187
0.330363
-0.364030
-0.954484
-1.295567
-1.341401
-1.390138
-0.580837
0.469988
0.952783
0.796147
0.544061
0.306751
0.111687
-0.064356
-0.057772
-0.163133
-0.473914
-0.736710
-0.878066
-1.165776
-1.233886
-0.879565
-0.521328
0.054136
0.576989
0.736407
0.963391
1.097040
0.772166
0.229144
-0.704576
-1.115706
-1.295081
-1.355881
-1.749879
-2.079326
-1.530343
-0.574955
0.207111
0.706701
0.653370
0.221230
0.229935
0.229272
-0.118453
-0.365747
-0.576540
-0.385026
0.080069
0.420746
0.286001
0.092584
0.085713
0.111818
-0.116754
-0.441316
-0.432618
-0.015211
0.175499
0.128187
0.306040
0.611213
0.908852
1.008414
0.895618
0.704987
0.265098
-0.044713
-0.510981
-1.134282
-1.449375
-1.947121
-1.826657
-1.267823
-0.881040
-0.360444
0.450449
1.229215
1.648683
1.872003
1.944766
1.578480
1.106869
0.622504
0.503526
0.571623
0.382039
-0.452932
-1.682761
-1.859445
-1.774513
-1.964204
-1.861070
-1.720409
-1.478792
-0.933913
-0.387094
-0.010893
0.167053
0.138076
-0.175294
0.000043
0.125713
-0.110833
-0.284844
-0.213622
-0.337972
-0.596256
-0.800544
-1.672683
-1.743462
-1.286311
-1.282304
-1.464614
-1.098565
-0.859124
-0.578477
-0.071074
0.321470
0.702009
0.951530
0.915784
0.750934
0.344719
-0.188977
-0.410780
-0.633191
-0.437627
0.432300
0.741567
0.687384
0.851484
0.957565
1.120183
0.941586
0.695507
0.828597
0.685747
0.473128
0.882129
1.324756
1.245572
1.087018
0.924489
1.120750
1.195684
1.176408
0.878900
0.779313
0.460413
-0.285847
-0.279558
-0.138410
-0.060618
0.222708
0.355053
0.437103
0.895872
1.104478
1.365828
2.024463
2.553756
2.667210
2.471061
2.315449
1.883274
1.448126
1.521246
1.441858
1.258874
0.986850
0.549836
0.469330
0.816904
1.076720
0.657814
0.102977
-0.183781
-0.337631
-0.652678
-0.964568
-1.205194
-0.939314
-0.714269
-0.309356
0.157460
-0.105473
0.142765
0.135001
-0.471914
-0.957427
-0.862141
-0.639351
-0.885111
-0.927192
-1.107187
-1.351188
-1.012220
-0.789446
-1.027631
-0.979173
-0.403271
0.032376
0.189061
0.448747
0.223223
0.195553
-0.199653
-0.739011
-1.047987
-1.339950
-1.648578
-1.681760
-1.604690
-1.020275
-0.507959
-0.335999
-0.222380
-0.052923
0.347583
0.562676
0.512654
0.574142
0.357249
-0.187580
-0.632110
-0.949150
-1.455607
-1.687118
-1.687021
-1.213562
-0.551219
0.186077
0.529948
1.022234
1.576302
1.568597
1.496809
1.291940
0.354850
-0.607259
-1.364184
-1.747217
-1.807975
-1.794646
-1.455167
-0.604521
0.300017
0.695731
0.656804
0.718726
0.666925
-0.035856
0.272001
0.556098
0.230706
-0.300795
-0.949312
-1.642825
-1.859944
-1.823769
-1.500745
-1.085562
-0.893439
-0.560428
-0.209508
-0.028967
-0.234416
-0.631511
-0.892598
-1.109705
-1.638551
-1.742616
-1.842412
-2.009996
-1.654166
-1.161989
-1.231952
-1.433440
-1.414956
-1.461524
-0.820818
-0.472898
-0.275330
-0.106324
-0.171254
-0.429805
-0.302477
-0.365191
-0.837444
-0.907857
-1.001268
-1.168711
-0.944031
-0.531573
-0.210261
-0.063139
0.427185
0.915092
0.843839
0.988960
1.141144
1.284888
1.282266
1.397341
1.335535
1.449893
1.721075
1.958621
1.980230
1.531187
1.125348
1.581236
1.793660
1.662151
1.876729
1.595724
1.347543
0.985903
0.678894
0.705490
1.018376
1.100957
0.839629
1.078346
1.336485
1.259244
1.209524
1.165189
1.232201
1.290119
1.093372
0.968392
0.888121
1.019257
0.861255
0.672247
0.567189
0.040451
0.290864
0.626128
0.289315
-0.036217
-0.475550
-0.536321
-0.296101
0.236788
0.295346
0.271217
0.114686
0.462551
0.956167
1.213437
1.515528
1.448255
1.431810
1.605207
1.695059
1.596399
1.477002
0.857686
0.053182
-0.559339
-1.474734
-1.590094
-1.302487
-1.324231
-1.247773
-0.978347
-0.811643
-0.690511
-0.481351
-0.765428
-0.829673
-0.793788
-0.840785
-0.913550
-0.943060
-1.021145
-1.203565
-1.356874
-1.158298
-0.942024
-0.638210
-0.208885
-0.044785
0.300993
0.577804
0.623717
0.654665
0.681354
0.543688
0.493566
0.418521
0.165620
-0.196623
-0.328417
-0.268851
-0.333994
-0.539427
-0.799091
-1.014748
-0.843832
-0.593995
-0.297297
-0.227909
-0.291968
0.091339
0.258120
-0.139218
-0.398029
-0.389280
-0.457955
-0.600394
-0.672584
-0.501950
0.012981
0.420359
0.911212
1.046378
1.246853
1.638908
1.797660
1.826561
1.591012
1.230002
1.460494
1.204302
0.358149
-0.252738
-0.511690
-1.339167
-1.942157
-1.981995
-2.029668
-2.075493
-2.270840
-2.246629
-2.102151
-1.703334
-1.516076
-1.112899
-0.692572
-0.445035
-0.479723
-0.540855
-0.393001
-0.687360
-0.806443
-0.859318
-0.853864
-0.678037
-0.471602
-0.424704
-0.246889
0.010216
0.204517
0.145198
-0.154862
-0.100857
-0.074974
-0.531295
-0.605854
-0.436947
-0.143251
-0.252831
-0.433367
-0.382959
-0.562104
-0.470906
-0.043154
0.348808
0.774906
1.453542
1.876711
1.614720
1.161005
0.985881
0.556343
0.419568
-0.142367
-0.523295
-0.863855
-1.429686
-1.550805
-1.317051
-0.735521
-0.036380
0.905679
1.553052
1.929962
1.750823
1.916522
2.025544
1.814015
1.393697
0.885065
0.423686
0.272896
0.096549
0.007894
0.058507
-0.110019
-0.200038
0.038626
0.390758
0.749486
0.984059
0.695618
0.269709
-0.536366
-1.034929
-1.304546
-1.326292
-1.256519
-1.460578
-1.629389
-1.530053
-1.295781
-0.998075
-0.784216
-0.706874
-0.583665
-0.439373
-0.399121
0.028638
0.476230
0.032226
-0.376139
-0.471366
-0.537929
-0.600394
-0.418517
-0.093026
0.206924
0.688335
0.824015
0.978683
1.044118
1.154425
1.201777
1.085957
0.693377
0.422749
0.542506
0.594849
0.489707
0.620360
0.769023
0.733215
1.027286
1.375236
1.167448
1.156810
1.188174
0.953097
0.687724
0.397619
0.317266
-0.146921
-0.561283
-0.773294
-1.268791
-1.611420
-2.061091
-2.575302
-1.969490
-1.057001
-0.495594
0.124441
0.635712
0.802700
0.582264
0.286219
0.078080
0.079267
0.078825
-0.081460
-0.189391
-0.385885
-0.705321
-0.930872
-1.024116
-0.962150
-0.470734
0.076081
0.099347
-0.122437
0.008699
-0.277670
-0.423589
-0.466948
-0.584888
-0.649189
-0.652389
-0.859088
-0.996874
-1.003794
-1.182891
-1.061553
-0.831433
-0.514810
-0.366502
-0.179880
0.059414
0.474008
0.722453
0.878209
0.691935
0.228500
-0.228672
-0.449199
0.024583
0.623069
0.888274
0.979087
1.202801
1.625688
2.032512
2.111181
2.144756
2.066571
2.064245
1.357756
0.669077
0.306346
0.094142
-0.169664
-0.185709
-0.309645
-0.424082
-0.053675
0.108031
0.036333
0.232971
0.154818
-0.006184
0.092356
-0.063750
-0.303079
-0.361294
-0.128648
0.032404
0.097604
0.376117
0.155404
-0.183406
-0.782708
-1.450475
-1.865524
-2.068631
-2.168173
-1.939248
-1.483922
-0.816868
-0.453554
-0.581001
