1.184417
0.806503
0.225409
0.378782
1.366601
1.463566
0.063057
-1.299633
-0.582858
-0.018740
0.342761
-0.069323
-0.427369
-0.693534
-0.317167
0.275310
-0.326038
-1.144954
-1.760092
-2.207288
-2.329854
-2.113794
-2.088938
-0.893327
-0.166860
0.550606
2.103608
2.055186
0.910121
0.220396
-0.446404
-0.703527
-0.362853
-0.915259
-1.604804
-1.223748
-0.361152
-0.502982
-0.030228
0.381654
0.748483
1.168341
0.979898
0.666555
0.176626
0.170207
0.320911
-0.238556
-0.661847
-0.991708
-1.249541
-1.011674
-0.550830
-0.063299
-0.132637
-0.454327
-0.490075
-0.149232
1.053750
1.451356
1.519167
1.020968
1.302990
1.304798
1.102859
0.171131
0.252670
0.326354
0.585776
1.007338
1.335539
1.431725
1.097531
0.866389
1.260290
1.094993
0.190847
-0.973677
-1.577423
-1.285019
-1.277593
-0.864304
-0.464064
0.568032
0.737104
0.365443
0.586199
0.399485
0.704480
0.594743
-0.082594
-0.652898
-0.660682
-0.896549
-1.144355
-0.845611
-0.516335
-0.120495
0.249570
0.312325
0.668272
0.167741
-0.119000
-0.239010
-0.846440
-0.919437
-0.453400
0.143261
1.179209
1.580396
1.335447
1.551449
1.955189
1.815835
1.826213
1.149938
-0.152439
-0.481494
-0.274779
0.267987
0.883196
0.449018
-1.419864
-2.073854
-1.521721
-0.216174
0.869911
-0.104658
-0.681037
-1.383592
-1.420641
-1.204490
-0.972018
-1.344603
-1.101958
-1.080138
-1.062133
-1.363079
-1.621345
-1.225250
-1.133146
-1.125785
-0.778552
-0.480535
-0.369456
-0.268380
-0.488205
-0.579563
-0.023457
0.730232
1.103399
1.228545
1.231272
1.140501
0.976671
0.362009
0.229694
-0.420895
-0.897773
-1.047521
-0.161533
0.045836
-0.017407
-0.316109
-0.978230
-1.910457
-1.650590
-1.111752
-0.765766
-0.808088
-0.283275
0.721666
1.775450
2.260160
2.165325
0.657738
-0.968069
-1.082965
-0.249938
0.488566
0.694243
0.780444
-0.232004
-1.695361
-2.551376
-2.127490
-1.337925
-1.331028
-0.789401
-0.054583
0.304602
0.095405
0.202909
-0.358590
0.069587
1.051904
1.162659
1.265135
0.973723
1.205689
1.412364
0.838383
0.690213
0.383240
0.640810
1.301928
1.362716
1.226388
0.482871
0.168639
0.008907
0.201987
0.232571
0.253726
-0.344292
0.261273
0.659290
0.776997
0.379261
0.096331
0.327924
0.285409
0.425145
0.762600
1.141517
0.527602
-0.127272
-0.614719
-0.505870
-0.064290
-0.296082
-0.537113
-0.854738
-0.981167
-0.889699
-0.698337
-0.159861
0.450802
0.734734
0.497532
-0.532751
-0.349158
-0.003029
0.598655
0.308916
-0.563229
-0.548725
-0.706487
-0.435000
-0.079095
0.346381
0.926881
0.967394
-0.380905
-0.873796
-0.325767
0.412683
0.593866
0.168602
-0.420925
-0.288822
-0.934004
-0.650414
-0.418202
-0.176431
0.135530
-0.097605
-0.564457
-0.193934
0.654918
1.306380
1.270340
-0.272440
-0.920515
-0.611109
0.351015
0.743628
0.433429
-0.276270
-0.616505
-1.067931
-1.447921
-1.717437
-1.390441
-0.579760
0.063799
0.367230
0.364225
0.854180
0.968398
0.577040
-0.616501
-0.767685
0.486716
1.533428
1.592480
0.403361
-0.188318
-0.722910
-0.073501
-0.004788
0.434699
0.374673
-0.265505
-0.262035
1.194337
0.935339
0.144765
-0.053754
-0.097602
-0.415359
-0.873522
-1.078293
-1.043588
-0.047765
0.270525
0.341492
-0.277220
-0.258617
-0.095063
0.410716
0.058576
0.266333
-0.047019
-0.206210
-0.141113
0.198118
0.052684
-0.235646
0.647704
1.022528
1.021263
0.857766
0.807617
-0.104241
0.013884
0.407311
1.268301
1.297142
1.545843
0.892575
-0.229213
-0.840149
-0.716729
-0.945044
-0.902873
-0.988118
-1.127390
-0.615044
-0.231014
-0.032293
-0.135710
-0.223468
-0.379717
-0.074344
0.257594
0.402050
0.193238
-0.512916
-0.467123
0.459378
0.695327
0.171477
-0.528575
-0.732267
-0.319602
0.550402
1.128129
0.866714
1.269040
0.787443
-0.437485
-2.071977
-3.286705
-2.880491
-1.715910
-0.756277
0.172568
0.525770
0.571713
1.188673
1.020966
0.710147
-0.244870
-1.263655
-1.074999
0.419258
1.189932
1.309036
1.508353
1.751996
1.887437
1.875028
1.291844
1.006819
1.000578
0.136169
0.066746
0.007347
0.048069
0.172170
1.017663
0.932336
0.325999
0.453145
0.629386
1.060417
0.973473
0.510959
0.340430
0.345772
0.651451
0.699041
-0.546537
-1.654538
-2.061202
-1.903814
-1.140044
-0.670342
-0.171985
0.380197
0.989189
1.384046
1.115830
1.107082
0.960437
0.891595
0.469844
-0.409315
-1.041902
-1.466209
-0.747597
-0.014602
-0.202828
-0.997565
-1.256090
-0.947671
-0.634521
-0.482407
0.004809
-0.585379
-0.856008
-0.346238
-0.656901
-0.593166
-0.921062
-0.952954
-1.579354
-0.948408
-0.868260
-0.839896
-0.361452
0.023125
1.097929
1.501524
1.415007
0.692008
-0.620593
-0.645240
0.120793
0.353592
-0.508577
-1.474103
-2.063405
-1.496859
-0.909140
-0.906476
-0.761139
-0.970460
-0.491498
0.060302
0.753639
0.963069
1.025421
1.116257
1.373164
1.172584
0.449323
0.368747
-0.512534
-0.782322
-1.150864
-0.668783
0.057425
0.083173
-0.363212
-0.040971
0.605053
1.403822
1.576592
1.421728
1.269212
1.213953
1.833255
1.251354
0.505704
-0.395032
-0.158834
-0.279788
-0.686452
-0.601466
-0.925928
-0.788129
-0.346692
-0.569581
-1.174488
-1.148635
-1.353575
-1.142022
-1.023520
-0.617806
-0.878323
-0.906539
0.035839
0.298869
-0.110446
-0.206270
-0.009960
0.137464
-0.386093
-0.844193
-0.733832
-0.028697
0.015960
-0.578280
-0.606907
-0.804850
-0.663492
-0.947577
-1.146645
-0.975228
0.082127
0.523827
1.562880
1.315968
1.461553
1.655545
1.388823
1.162395
1.590799
1.208110
0.622414
0.883281
0.332473
-0.152793
-0.223118
-0.575126
-1.116968
-0.384739
-0.164372
-0.848863
-1.599269
-1.910229
-2.026521
-1.477149
-1.120177
-0.694571
-0.308552
0.168615
0.832679
1.646548
1.834488
1.484991
1.712639
1.553275
1.706116
1.839778
1.154133
0.791439
0.271249
-0.301084
-0.869806
-0.635968
-0.339038
-0.252419
0.200743
0.165430
-0.398273
-0.619935
-0.699813
-0.740565
-0.777223
-0.020138
0.197362
0.318542
0.411160
0.594588
0.702385
0.817195
0.662508
0.159958
-0.377177
-0.445764
-0.745153
-0.929651
-0.597367
0.078366
0.287943
0.325295
0.808230
0.386121
-0.478911
-0.688341
-0.950013
-0.965306
-0.672968
-0.908722
-1.749053
-1.205955
-0.758387
-0.145551
-0.270738
-0.472762
-0.394312
0.325177
1.060864
0.883392
0.332967
-0.079581
-0.657098
-0.946372
-0.648055
-1.018059
-1.347465
-1.413406
-1.008115
-0.516828
0.442829
1.247817
1.792423
1.697091
2.432023
2.249955
1.545210
1.774326
1.858270
1.049758
0.075026
-0.275172
-0.677359
-0.056321
-0.965830
-1.201000
-1.218650
-1.112702
-0.594337
0.388070
0.776683
0.321589
0.167691
-0.106112
-0.187496
-0.366162
-0.851287
-1.184838
-0.196067
0.835856
0.617570
0.021352
0.550632
0.681347
1.302106
1.367507
0.478770
-0.218367
-0.242548
0.347406
0.667603
0.997391
0.754787
0.370594
-0.033879
-0.277304
-0.402422
-0.552310
-1.030460
-0.962405
-0.641126
-0.012267
0.292606
0.109486
0.301081
0.645493
-0.067793
-0.429889
-0.198760
-0.239984
-0.790951
-1.341978
-0.612325
0.133247
0.809536
1.046585
0.781520
0.680573
0.503657
-0.048896
-0.736090
-1.200465
-1.415168
-0.886067
-1.575243
-1.550783
-0.353874
1.380249
2.752455
3.285278
3.305447
2.766561
1.642521
0.527001
-0.804491
-1.873925
-1.831480
-1.510005
-0.552053
0.366420
1.365993
1.933555
2.015698
1.174392
0.038621
-1.293386
-0.948132
-0.606209
-0.987762
-2.216483
-2.782553
-2.005728
-1.001057
-0.068497
-0.633806
-1.984005
-2.271467
-1.026692
-0.289362
-0.029162
0.273753
0.496514
1.143022
2.205892
2.660471
2.396571
1.638173
0.093708
-0.790332
-1.337673
-1.537993
-1.177135
-0.785913
0.008672
0.914407
0.946089
1.156714
1.432823
1.175338
0.187739
-1.084774
-1.780642
-1.383070
-0.561319
-0.080041
0.298674
1.156258
1.888724
1.971133
1.323350
-0.403156
-1.643799
-1.690218
-1.125918
-0.544785
-0.172319
-0.062781
-0.361378
-0.316345
-0.286556
-0.123456
-0.233060
-0.665991
-0.895601
-0.663519
-0.599146
-0.139706
0.023410
-0.010790
0.326309
-0.167587
-0.088077
0.288268
-0.031348
0.087890
0.504249
0.639084
0.597630
-0.003272
-0.348871
-0.174491
-0.475716
-0.930938
-1.453018
-1.292009
-1.330087
-1.446879
-1.434834
-1.353412
-1.414966
-1.803857
-1.432049
-0.745124
0.305710
1.778606
2.385999
2.335496
1.884218
1.055746
0.168948
-0.160395
0.209813
1.041213
1.165218
0.820478
0.745017
-0.796601
-2.344222
-2.501903
-1.890543
-1.495177
-1.113827
-0.444944
-0.062936
0.457127
0.653340
1.207119
1.647218
2.204315
2.028955
0.459329
-0.678513
-1.072977
-0.787671
-0.231700
0.548751
0.573047
-0.016110
0.495607
1.535897
2.149931
2.784078
2.738515
2.352373
1.091091
-0.220772
-0.050129
0.558295
0.787881
0.589440
0.387073
-0.338386
-0.267518
0.028981
-0.153650
-0.725034
-0.883897
-1.543488
-2.095847
-1.413738
-0.744434
-1.047486
-1.117564
-0.512607
0.460585
1.084301
1.241193
1.507496
1.526164
0.695006
0.239021
-0.333828
-0.803340
-1.354742
-1.126181
-1.466748
-1.485715
-1.207154
-0.706296
0.435892
1.236112
1.890082
1.508796
0.827113
0.637416
1.098294
1.369905
0.991994
0.098518
-1.061614
-2.551011
-2.344056
-1.322532
-0.377646
0.400106
0.814312
0.826145
0.134986
-0.049785
0.009801
0.534895
0.638214
0.359924
-0.450415
-1.276683
-1.566025
-2.087738
-2.570615
-1.886945
-0.825016
-0.034071
0.736845
1.305464
1.749492
1.739887
1.589293
0.600383
-0.455844
-0.353682
-0.094552
0.138390
0.029677
0.040725
0.052136
0.290500
0.510866
1.251590
1.038092
0.419971
0.676613
0.539938
-0.432447
-0.733911
-0.302398
0.579568
0.883739
0.566802
-0.194123
-0.716468
-1.009080
-1.411345
-0.823320
0.151774
0.432332
-0.081118
0.142824
0.708475
0.930464
0.416841
-0.226242
-0.994418
-0.587768
0.020501
-0.045328
-1.138991
-1.868086
-1.786740
-0.954662
-0.838138
-0.237912
-0.137573
-0.298798
0.137048
0.255422
-0.068766
-0.758751
-0.788100
-0.777232
-0.275922
-0.006090
-0.069351
-0.779367
-0.989793
-0.934043
-0.174197
0.658311
0.627999
0.975849
1.163688
1.177399
1.038608
0.591095
0.269474
0.489881
0.727555
0.055078
-0.346536
-0.790948
-1.000822
-0.748076
0.297246
0.191384
-0.118379
-0.304229
0.099733
0.350439
0.487202
0.895064
0.985779
0.772639
0.999629
0.830006
1.213864
0.008814
-0.735722
0.080670
0.968893
1.971688
2.415554
1.812043
1.363709
0.426014
-0.474418
-0.269617
-0.084038
0.531166
0.507891
