0.708150
1.260281
0.806896
0.293429
0.222927
-0.334032
-1.436262
-2.509444
-3.006297
-2.559852
-1.852477
-1.326673
-1.185332
-0.547172
0.171623
1.047747
1.195203
0.761172
0.076103
-0.265052
-0.141928
-0.404598
0.249074
0.764531
1.130392
1.271783
1.433961
1.605096
1.965545
1.842488
1.528603
0.901585
0.314741
-0.331099
-0.665603
-1.221225
-1.394322
-1.705789
-1.743698
-1.411600
-1.328622
-0.781799
0.127667
0.508944
0.125715
-0.093757
0.227731
0.631011
0.510628
0.459214
0.469139
0.872842
1.236694
0.983486
0.718593
0.676429
0.234950
0.297905
0.390020
-0.143934
-0.303247
-0.686774
-0.889658
-0.888266
-0.838273
-0.516089
-0.244824
-0.185075
-0.396300
-0.274227
-0.021569
-0.376604
-1.277498
-1.872413
-1.983155
-1.687365
-1.132430
-0.992482
-1.043308
-1.023663
-0.803406
-0.056180
1.107072
1.490676
0.995336
0.715263
0.888228
0.523907
0.332640
0.027578
-0.499893
-1.144405
-1.579459
-1.558581
-1.546914
-1.528432
-1.900420
-1.789085
-1.072118
-0.606810
-0.332792
-0.304156
-0.527920
-0.405768
-0.456389
-0.307100
-0.368355
-0.749043
-1.000058
-0.899712
-0.668262
-0.495958
-0.170020
0.577932
1.434956
2.382786
2.422653
2.791834
2.739494
2.528878
2.379963
1.399055
0.144648
-0.358811
-0.559239
-0.388188
-0.174549
-0.296276
-0.326036
-0.455942
0.150092
0.742552
1.559095
1.903786
1.873019
1.460735
1.257029
1.025353
0.823516
0.276319
-0.075817
-0.064086
0.218333
0.873811
0.965365
0.834674
1.085468
1.438178
1.461370
0.787589
0.443346
0.322125
-0.101837
-0.809295
-0.941436
-1.215204
-1.326107
-1.406973
-1.780107
-1.478389
-0.569707
-0.410069
-0.247235
0.154311
0.064616
-0.236040
-0.035988
0.387883
-0.188800
-1.067442
-1.288921
-1.772305
-1.580506
-1.207364
-1.065851
-0.760916
-0.335477
-0.003913
0.005835
0.580400
0.530259
0.379035
0.219057
0.129043
0.098380
0.219396
0.198642
0.421535
0.844536
0.781719
1.064274
1.114726
0.985988
0.964662
0.874270
0.594076
0.262341
-0.081810
-0.729187
-0.759112
-0.173951
-0.407319
-0.518359
-0.337677
-0.136372
-0.044400
-0.629147
-0.740151
-1.113078
-1.152546
-1.070036
-0.706859
-0.477835
0.166946
0.341113
0.813358
0.917308
0.593965
0.076257
-0.147614
-0.389341
-0.842071
-1.154517
-1.317754
-0.600014
0.199495
0.320852
-0.063459
0.017307
0.571796
0.601851
0.621778
0.582714
0.693884
0.764298
0.277059
-0.136337
-0.074146
0.147431
0.590324
0.419657
0.349472
0.198936
0.239089
0.641537
1.015624
1.238314
0.482309
-0.354190
-0.497200
-0.375133
-0.345224
-0.528581
-0.732567
-0.903507
-1.104095
-0.526535
-0.184612
0.315935
0.711223
0.824982
0.745299
1.169095
1.136338
0.270918
-0.546500
-0.517472
-0.668368
-0.588632
-0.134574
0.382044
0.774296
0.420618
0.127168
0.156858
0.269032
0.571276
0.329477
0.197089
-0.064834
0.007661
0.343632
0.553127
0.378814
0.368343
0.235255
-0.156633
-0.367441
0.227300
0.106751
-0.206613
-0.499957
-0.196345
-0.061623
-0.506809
-0.243770
0.723306
0.893312
0.267223
-0.486854
-0.001854
0.554037
0.927847
0.634433
0.646190
0.516308
-0.121155
-0.747884
-0.686193
-0.505408
-0.323943
-0.042111
0.431767
0.887522
1.240113
1.270688
0.896261
0.410874
0.845216
1.391138
1.148967
0.663357
0.826319
0.796590
0.664992
0.503590
0.127159
-0.619360
-0.841324
-0.780729
-0.265558
-0.266532
-0.809373
-1.053452
-1.347508
-1.691700
-1.814867
-1.783551
-1.338352
-1.569891
-2.084923
-2.326008
-1.953396
-1.649907
-0.985436
-0.520978
0.057003
0.792842
1.398779
1.277419
0.792823
0.287167
-0.206453
-0.964296
-1.146209
-1.295585
-1.175296
-0.278472
0.437930
0.693785
1.207574
1.177694
0.553858
-0.003187
-0.377578
-0.479873
-0.641116
-0.607295
-0.594008
-0.078804
-0.253134
-0.791227
-0.804531
-0.905798
-0.795518
-0.309816
0.014915
-0.104030
-0.454576
-0.413190
0.070843
0.573281
1.814598
2.140021
2.189706
2.328982
2.216139
1.751848
0.994460
0.307861
-0.347591
-0.871842
-0.669876
-0.698808
-0.706729
-0.083038
0.511565
1.098708
1.693583
2.147884
2.246616
2.275003
1.792318
1.319370
0.785799
0.069353
0.189652
-0.306339
-1.302975
-1.642751
-1.430140
-0.989365
-0.961792
-0.884242
-0.480307
-0.155700
-0.236995
-0.268452
-0.529319
-0.559631
-0.560625
-0.931800
-1.253324
-1.042807
-0.629544
-0.113940
0.250064
0.550882
0.711081
0.641096
0.320486
0.039720
-0.656052
-1.223972
-1.630307
-1.406308
-1.374354
-1.344803
-1.236743
-0.653172
-0.267499
-0.052819
0.342641
0.311983
0.572563
0.317124
0.295589
0.447929
0.942712
0.581372
0.180189
-0.083032
-0.630028
-0.630544
-0.528344
0.036582
0.307940
-0.086109
0.115500
1.357899
2.177781
2.562487
2.656169
2.616509
2.212724
1.405022
1.192556
0.663837
0.076652
-0.820702
-1.870506
-2.173730
-2.012506
-1.749986
-0.830980
0.007396
0.481501
0.553211
0.705722
0.655784
0.442054
-0.276782
-0.540205
-0.600605
-0.366242
-0.507426
-0.890869
-0.599044
-0.398085
0.157958
0.253281
0.344368
0.513348
0.361586
-0.095436
-0.681544
-0.964023
-1.419750
-1.509843
-1.399886
-1.539917
-1.366657
-0.619994
0.148894
0.179784
0.339587
0.362532
0.624739
0.784599
0.449764
0.336033
0.346999
0.539819
0.440378
0.228888
-0.306797
-1.024165
-1.084560
-1.185610
-1.600655
-1.751009
-1.445402
-0.890486
-0.013071
0.581006
0.985025
1.470202
1.793586
1.780345
1.838617
1.342083
0.476011
-0.226429
-0.677486
-1.293714
-1.181638
-0.606150
-0.394504
-0.151817
-0.453563
-0.545724
0.260396
1.721254
2.557264
3.458898
3.842840
3.568855
3.357253
3.295467
2.407512
1.439363
1.055051
0.178085
-0.971973
-1.597609
-1.951320
-2.255128
-1.948962
-2.421617
-2.535879
-2.314298
-1.949012
-1.375111
-1.205842
-1.113980
-0.778739
-0.890470
-1.004252
-0.651956
-0.206351
-0.235971
-0.265876
-0.297376
-0.703334
-0.845153
-0.701794
-0.529522
-0.350085
0.104660
0.046255
0.441031
1.267883
1.651255
1.610215
1.078009
0.514767
0.640871
0.086276
-0.036860
-0.370462
-0.751318
-0.953299
-0.794579
-0.390498
0.316545
0.581412
0.059139
-0.616517
-0.796239
-0.212964
0.090580
-0.161369
0.088360
0.300870
0.292144
0.311714
0.752679
0.519742
0.529904
0.457454
0.509240
0.621361
0.671318
0.308671
0.240073
0.180951
0.252827
0.454571
0.977020
1.369404
1.572775
2.016990
1.732151
1.055525
0.370202
-0.366306
-1.033599
-1.548816
-1.560654
-1.147421
-1.012334
-1.069104
-0.574706
-0.494714
-0.324381
-0.054259
-0.265741
0.249966
1.034948
0.719265
0.157910
0.300784
0.962798
1.589705
1.456816
0.813393
0.732682
0.400330
-0.376074
-0.509654
-0.521024
-0.375175
-0.301197
-0.263704
-0.318046
0.884325
1.702874
1.743330
1.492845
1.694821
1.583929
1.007249
0.843056
0.358313
-0.610438
-1.055114
-1.437965
-1.396949
-1.146090
-1.338876
-1.426137
-1.737511
-1.507931
-1.395751
-0.456583
0.018361
0.070751
0.321101
-0.031780
-0.214080
-0.781088
-0.630574
-0.570912
-0.914543
-1.407833
-1.649924
-1.258620
-0.845773
-1.052406
-1.533172
-1.373182
-0.849540
-0.244013
-0.031070
-0.111808
-0.254057
-0.053933
0.257077
0.733562
0.773738
0.773141
0.040136
-0.152554
-0.485109
-0.814993
-0.580499
0.044070
0.265140
0.475744
0.656008
0.836613
1.056522
0.852677
0.879332
0.706794
0.607230
0.066372
0.007918
0.239298
0.511099
0.479872
0.218915
0.027473
-0.123738
-0.075036
0.253687
0.779234
1.183530
1.364509
0.893117
0.571555
0.335818
-0.087209
-0.305457
-0.818754
-1.514192
-1.736901
-1.920709
-1.525615
-0.798274
0.240540
1.442543
1.867903
1.695045
1.128549
1.064402
1.053978
0.682222
0.328490
0.218722
-0.215096
-0.780870
-1.397104
-1.446457
-1.010296
-1.211537
-0.720847
-0.449490
-0.782688
-0.682170
-0.245978
-0.283390
0.020240
0.484039
0.836390
0.896810
1.026625
0.522426
0.389254
0.561997
0.573370
0.392247
0.261984
0.766328
0.959499
0.785668
0.603140
0.737747
0.656390
0.108590
-0.500275
-0.956149
-0.906593
-0.764423
-0.418289
0.186917
0.449446
0.054128
0.749879
1.257179
0.582027
-0.166174
-0.471144
-0.569803
-0.598690
-0.849765
-1.124902
-0.993656
-0.811573
-0.539562
-0.315999
-0.195006
-0.027882
-0.332333
-0.519584
0.398239
1.193907
1.103092
0.346783
-0.804452
-1.249462
-1.158058
-1.318988
-1.780906
-2.134354
-1.729662
-1.578373
-1.417931
-0.489314
0.803386
2.180096
2.546156
2.261461
1.470510
1.315451
1.831711
1.897461
0.938770
0.380244
0.266655
0.781333
0.559219
-0.123726
-0.522344
-0.180435
0.039803
-0.101192
-0.273081
-0.327114
-0.216822
0.431914
1.077457
1.693373
1.926530
1.684676
0.815467
-0.275241
-0.425103
-0.142222
-1.032462
-2.184889
-2.750967
-2.706319
-1.725874
-0.414439
0.816863
1.289572
1.973820
2.258381
2.107461
1.915693
1.563601
0.897109
0.342708
-0.808685
-1.022386
-0.065177
0.459130
0.228880
0.389451
0.226670
-0.066615
-0.840453
-1.351278
-0.937706
0.131222
0.322348
0.382250
-0.070850
-0.667937
-1.107527
-0.928509
-0.130198
0.495737
0.305381
0.062434
0.113790
0.330972
0.212049
-0.292995
-0.189431
0.296140
0.224875
0.850944
1.394013
1.331668
0.846499
-0.103682
-0.367407
-0.206484
0.106938
-0.134321
-0.658514
-1.072445
-0.559022
-0.075768
-0.238395
-0.236054
0.070129
0.061371
-0.789075
-1.225745
-0.813928
-0.581015
-0.318192
-0.208882
-0.004770
-0.235917
-0.280003
-0.682302
-0.975015
-0.985430
-0.681343
-0.397137
0.046739
0.339949
0.753976
0.522323
0.441676
0.238661
-0.175572
-0.409071
-0.662466
-0.935296
-1.308151
-1.369999
-0.966973
-0.238194
0.052688
0.246652
0.379429
0.644411
0.464619
0.009108
-0.800275
-1.002975
-0.599718
-0.274854
-0.659171
-0.751554
-0.952573
-0.921776
-0.326361
-0.093344
0.077548
0.522163
0.652597
0.058209
0.383325
1.069172
1.640946
1.206929
0.419092
0.279214
0.300338
0.816081
1.066631
0.923291
0.379162
0.086188
0.186374
0.782867
0.874174
0.634013
0.430865
0.402827
0.190535
0.138821
0.006181
-0.155810
-0.103811
-0.144358
-0.337444
-0.780793
-1.356067
-1.416919
-1.194840
-1.093187
-1.023744
-1.277357
-1.104682
-0.072614
0.663689
0.973941
1.042763
1.092712
1.293347
1.475610
1.397114
0.944132
-0.045020
-0.994071
-0.795053
-0.269751
-0.167287
-0.094431
-0.466989
-0.497719
-0.205269
0.721779
1.045069
1.308878
1.743987
2.028960
1.969898
1.039612
-0.283243
-1.262938
-1.365347
-1.436068
-1.060869
-0.908924
-0.211715
0.193407
