0.043370
-0.859005
-0.273378
-0.157586
-0.436492
-0.158511
1.040496
0.831729
-0.472420
-0.867725
-0.184035
0.324072
0.053433
0.672633
1.162417
0.998817
-0.477225
0.135448
0.898416
0.351847
0.051295
-0.397817
-1.815352
-0.705863
0.456984
-0.026773
0.121771
0.701434
0.454103
0.754755
0.866641
0.262419
-0.092885
0.105120
0.200689
-0.123959
0.529940
0.213775
-0.253989
-1.381785
-0.901211
-0.585461
0.298086
1.089532
0.718487
0.919797
0.831279
-0.206399
0.704592
0.866870
0.261044
0.233994
-0.033719
-0.280141
-1.564145
-1.807149
-0.400808
0.059963
0.356281
0.451818
1.119084
0.739795
-0.688173
0.544487
1.418754
0.715280
0.778328
0.012598
-1.435502
-0.091443
0.568843
0.644041
0.597756
0.830254
-0.309285
0.180511
0.934513
0.465218
0.418922
0.844803
0.439062
-0.889962
-0.998618
-1.037618
-1.527484
-0.375885
0.201627
-0.142799
0.295595
-0.400668
-0.093528
0.701598
0.492423
0.110597
-0.280361
-1.694557
-1.036440
-0.740949
-1.077796
-0.207207
0.269004
-0.109140
-1.762943
-1.239667
-0.263647
-0.112052
0.036557
0.488841
1.274605
1.784283
1.598773
1.556050
2.268888
1.954804
1.345895
0.835060
-0.767236
-1.219055
-1.266899
-0.445189
-0.185955
-0.512581
-1.516172
-1.603648
-2.007082
-1.017061
1.037182
0.707612
-0.138713
-0.669667
-0.082233
-1.560347
-2.410418
-1.051377
-0.454279
-0.025277
-0.830482
0.171683
0.386475
-0.746458
-1.497307
-0.672747
-1.234123
-0.597791
0.510887
-0.233995
-0.605579
-0.059494
0.152796
0.106084
-0.431653
0.691654
1.720808
1.447412
0.914214
0.450180
-0.058053
-0.141966
0.523005
1.026611
0.670179
-0.608448
-0.451376
-1.293471
-0.770501
-0.041777
-0.254353
-0.462709
-0.405477
-0.642918
-0.041088
1.335714
0.901829
0.039568
-0.649264
-0.355630
0.258403
0.171922
0.394711
0.339338
-0.531089
-1.284375
-0.203381
0.741588
0.296900
0.002176
-0.424807
-0.216285
-0.626742
-0.890120
-0.823836
-0.367462
0.740443
0.727301
1.257508
1.382906
1.054836
0.927633
1.116216
0.881401
0.422132
-0.629520
0.282763
0.461448
0.246126
0.747522
0.792805
-0.129896
-0.076371
0.713383
0.798943
0.534542
1.380638
1.193470
0.532972
-0.034012
1.292146
1.173613
-0.565688
0.041716
0.422258
0.183717
-0.736950
-1.095684
0.423100
0.365159
0.074755
0.527416
-0.209586
-0.079593
0.360552
-0.436619
-0.266065
0.254301
0.529151
-0.556440
-0.357568
-0.102756
-0.503207
-0.680849
-0.435266
-0.705917
-0.444365
0.629345
1.027346
0.777700
1.199164
0.873857
0.255788
-0.911723
-0.794971
0.465888
0.908147
0.295974
-0.488713
-0.485831
-0.952633
-1.632616
-0.924451
-0.553383
-0.867149
-0.535534
-0.522877
-1.372149
0.041222
1.304787
0.717853
-0.047012
0.438319
-0.150611
0.135271
0.519205
-0.651405
-1.142867
-1.318708
-0.793388
-1.520547
-1.755734
-1.061837
-0.294783
-0.227074
0.101245
-0.101995
-0.467712
-0.260943
0.432262
0.865544
0.451867
0.822907
0.703691
0.820078
0.119539
0.415849
2.186822
2.157040
1.789630
0.685885
-0.992909
-0.578070
0.321865
-0.039186
0.293456
0.659151
0.175688
-0.235033
-0.773900
-0.145283
0.489987
0.132653
-0.312124
-0.760212
-1.519458
-2.084826
-1.649913
-1.305135
-0.651420
-0.185001
-0.653112
-0.637956
0.103169
0.487261
0.220138
0.787760
0.343978
0.020525
0.685725
-0.286339
0.013358
1.230348
1.487549
0.741957
-0.079867
-0.001069
-1.682914
-0.730542
-0.021052
0.074232
0.933961
0.955919
0.940037
0.651832
1.238188
0.979265
-0.772739
-0.739239
-0.710187
-1.804112
-1.293506
0.533038
0.823455
1.591360
2.129241
2.268624
0.714163
0.944684
0.781106
-0.343124
-1.322956
-2.473281
-2.441343
-2.971178
-1.560264
0.301203
0.389747
0.441841
0.755037
-0.024007
1.027574
2.264015
2.161951
1.184491
0.257793
-1.389140
-2.515283
-3.440292
-2.352328
-0.598580
0.925488
0.780054
1.018279
1.279862
0.127097
-0.109536
0.804116
0.442811
-0.848091
-1.148934
-1.588199
-2.112295
-2.578185
-1.367522
0.375342
0.981537
0.538521
0.116327
0.318721
0.279211
0.634833
0.998083
0.823886
0.917371
0.120664
-0.767107
0.004527
0.100330
-0.789606
-0.051033
-0.320478
0.560654
1.455913
1.666174
1.695621
1.119157
-0.027528
-1.482902
-2.203855
-1.266050
-0.073831
-0.130572
-0.164507
-0.769227
-0.307532
0.810993
1.224405
1.218720
1.519444
1.879425
0.535219
0.689664
0.825666
0.705885
1.043862
0.572902
-0.391262
-2.225623
-0.780745
0.272957
-0.925133
-0.601165
-0.024042
-0.060996
-0.267032
0.940931
1.526253
1.164356
0.300060
0.069585
-0.202092
-1.982001
-1.305342
-0.052468
-0.099638
-0.013042
-0.431922
-0.330852
-1.421803
-0.324667
0.734028
0.096700
-0.146829
-0.381984
-1.240648
-1.151937
-0.776805
-0.552627
-0.518570
-0.515544
-0.197731
-0.766535
-0.608086
-0.189953
0.334970
0.494413
-0.074734
0.403869
-0.428575
-0.168891
0.718928
0.246190
-0.833243
-0.626246
-0.082069
0.284950
-0.603544
0.235924
1.130305
0.759023
1.043662
0.007155
-0.066525
1.456296
1.751598
1.299108
0.947764
0.302496
-0.466504
-0.122276
0.263741
-0.034539
-0.344140
-0.281383
-0.323188
-1.656724
-0.501761
1.588832
1.131229
1.149959
0.789665
-0.074356
0.222057
-0.494155
-0.282051
-0.304528
-0.825198
-0.217451
0.294712
-0.185715
0.374157
1.308232
0.913538
1.183340
1.264433
0.566087
0.395841
0.150603
-0.077386
-0.639500
-0.738054
-1.362805
-1.309161
-2.206666
-0.789958
0.772705
1.352605
1.165708
1.071303
-0.013240
-0.624795
0.846492
1.376891
0.472824
0.646459
0.027144
-1.210047
-0.760643
-1.024292
-2.112174
-1.496657
-1.762982
-1.184770
-0.879181
-0.828995
-0.654319
-0.331375
-0.121334
-0.261955
-0.554546
0.557255
0.918585
-0.015277
0.188053
-0.082228
-0.757840
-0.582494
0.321267
0.846121
1.153989
0.635003
-0.666231
-0.651843
-0.262792
0.129960
-0.307650
-0.492015
-0.427047
0.531627
1.124302
0.701985
0.536065
0.679564
0.647650
-0.614527
-0.247281
0.738190
0.827507
1.308439
0.426917
1.330821
1.418228
1.506656
0.916868
-0.107709
-0.775566
-1.619137
-3.607408
-1.510524
-0.180104
-0.433913
1.235164
1.808075
1.693840
1.038326
0.472358
0.481265
0.879090
0.278840
-0.512385
-0.738761
-1.561462
-1.838332
-0.346673
-0.235790
0.843654
1.724241
1.652421
0.978312
1.049394
1.454129
0.936796
0.294826
0.073616
-0.315860
-1.828833
-1.669197
-1.514179
-1.824205
-3.095799
-2.370085
-1.347781
-0.520772
0.228459
2.015384
2.287040
1.754551
1.725731
1.791588
1.385167
1.054501
0.788863
-0.541443
-0.690141
-0.560732
-2.585723
-3.421902
-1.903829
-0.488022
-0.358658
0.346647
0.616810
0.504516
0.915621
0.854638
0.923836
0.558395
-0.718679
-1.203033
-1.861748
-1.000877
-0.427734
-0.437172
0.072763
-0.276478
-0.020492
0.538074
1.241555
2.044981
1.875542
1.296503
0.522490
-0.686322
0.663880
1.382009
0.788214
0.283513
-0.855685
-0.603096
0.474779
0.718395
0.578595
0.603532
-0.150545
-0.210876
0.870225
0.739573
0.054456
0.024222
-2.059302
-3.912297
-2.692076
-0.910166
-1.166355
-0.857676
-0.677206
0.149027
-0.337274
-0.059596
0.548739
-0.382883
0.293540
0.132026
-1.727392
-1.023723
0.020961
-0.098758
-0.018518
0.813113
1.217679
1.440225
1.648502
1.207129
0.158507
-0.436933
-1.656660
-3.674452
-3.225633
-1.267880
-0.165027
0.384881
0.404522
0.262900
1.064743
2.053841
1.248874
0.894113
0.129341
-2.414501
-1.910722
-1.518766
-1.750271
-1.403521
-1.315051
-1.946734
-1.121903
-0.315641
0.834304
1.188501
1.591796
1.204820
0.960076
0.420349
0.816170
1.365522
1.371779
1.619153
1.062857
-0.630374
-0.017114
0.653205
-0.509543
-0.010397
0.180179
0.457365
0.483432
0.233367
0.850098
1.065463
0.319455
-0.027832
-0.144182
-1.074818
-0.248874
0.523081
0.191846
0.224231
0.371431
-0.385697
-0.876917
-0.337579
-0.248209
-0.282596
0.147018
0.382299
-0.362166
-0.072577
0.931373
0.554248
0.164559
0.080585
-1.029916
-1.153319
-0.504323
-0.943274
-0.483846
0.481574
1.013237
-0.243090
1.038641
1.693578
1.138471
1.217821
0.771223
0.860070
-0.262391
0.042558
0.420443
-0.242257
-0.707662
-0.573909
0.225762
-0.322107
0.104184
1.048668
0.819368
0.320921
0.325197
-0.436599
-0.892906
-0.367077
-0.088965
0.019684
-0.416470
-0.941715
0.955237
2.558424
1.806472
2.206692
1.740670
1.082418
0.950920
-0.063683
0.232027
0.586183
0.944046
0.189611
-3.239211
-2.949854
-1.053670
-0.959839
-0.667539
-0.981136
-1.103650
-0.916831
0.049471
0.874566
0.182740
-0.215096
0.063832
0.312207
-1.161882
-0.638410
-0.423144
-1.643545
-0.643828
-0.010662
-0.664420
-0.892428
-0.514751
0.359140
1.250488
0.397926
0.106849
-0.642342
-1.024459
-1.305962
-0.636562
0.565285
0.417130
0.059812
-0.081095
-0.234315
-0.830419
-0.559036
0.036911
0.124125
0.445749
0.230430
-1.305314
-1.824785
-1.030397
-1.084723
-1.446964
-2.352649
-1.267055
0.698274
1.312540
1.532947
1.931122
1.587828
1.155600
1.421607
1.417148
1.590247
0.919442
-0.328292
-0.121977
-0.563473
-1.546690
0.080779
1.806086
0.489789
0.793532
1.265640
1.001937
1.210647
1.747715
1.480860
0.192074
-0.936940
-1.189822
-1.441097
-1.135100
0.070710
0.385078
-0.837194
0.077012
0.760127
1.214941
0.171365
1.271206
1.882212
1.270113
0.850175
0.219474
-0.177718
-0.955779
-2.489382
-1.482529
-0.061480
0.115989
0.341721
0.064126
0.263009
0.354554
1.452499
2.293988
1.755173
1.335818
0.688381
0.399443
-0.207787
-0.814735
-2.276939
-1.493529
-0.930575
-0.888886
-0.125254
-0.133135
0.587592
-0.146843
0.443534
0.562936
1.436651
1.460099
0.603168
0.232976
-0.776437
-2.023299
-1.303491
-0.448341
0.087845
0.709909
0.318017
0.283310
-0.520254
0.880031
1.311788
0.825140
0.651727
0.136538
-1.044023
-1.911106
-1.712779
-2.057698
-1.588314
-1.370148
-1.282410
-1.235887
-1.156574
-0.254232
0.486078
-0.247601
-0.083976
-0.400136
-0.830973
-1.027919
0.376897
0.991770
0.739363
1.022597
0.246753
0.081056
0.040957
-1.176055
-0.584466
0.295003
0.436083
-0.374341
-0.273810
0.619693
0.171585
-0.687666
0.313163
0.832147
0.120839
-0.008383
-0.373385
-1.208973
-1.648282
-0.498614
-0.117828
0.356319
0.455703
-0.176243
-0.481566
-0.171052
1.538737
0.965075
0.725497
0.801580
-0.136482
-1.253248
-0.791096
0.850633
1.108685
1.661890
1.180123
0.929688
1.204002
0.084567
-1.212691
-0.648305
-1.536000
-1.481974
-0.884051
