1.528692
1.087583
1.061319
1.167907
0.923813
0.068486
-0.530107
-0.364140
-1.537059
-1.698169
-1.448473
-0.988020
-1.050541
-0.862571
-0.418153
-0.027785
0.830333
0.632386
0.407376
0.668448
0.595517
0.545887
0.562448
0.461146
-0.137545
-0.196463
-1.344678
-1.935995
-1.074858
-0.816999
-0.169742
-0.165018
-0.312152
0.045994
0.488846
0.923125
0.956532
0.690402
0.111951
-0.331031
-0.438725
-0.511078
-0.086490
-0.127998
-0.093538
0.267502
0.913684
1.447583
0.971900
0.738965
0.192972
-0.189895
-0.054465
-0.275397
-0.506470
0.379543
0.368933
0.243908
0.323634
0.042786
-0.096884
-0.428833
-0.236509
-0.235305
-0.378667
-0.101595
-0.236518
-0.367878
-0.547136
-0.807627
-1.143510
-1.273087
-1.324111
-1.839018
-1.563376
-1.303785
-0.823481
0.588068
0.912004
0.745933
0.755277
1.224315
1.319344
1.100357
0.301905
-0.306630
-0.524854
-0.477613
-0.463646
-0.365116
-0.640358
-1.011562
-1.210391
-1.011028
0.104633
0.673397
0.721143
-0.282698
-0.022937
0.934377
1.171543
1.009689
0.999095
0.368944
-0.044578
-0.102006
-0.341655
-0.120165
-0.156128
-0.254132
-0.606591
-0.823587
-0.902287
-0.981854
-0.231221
0.409742
0.813956
1.316524
0.899694
0.530710
0.773369
0.651330
0.660482
0.039877
0.051258
0.014450
-0.538277
-1.011564
-1.039099
-0.600540
-0.255517
-0.476792
-0.317499
-0.200436
-0.047577
0.327879
0.515921
0.685112
0.878345
1.872867
2.488818
2.132824
1.461910
1.110291
0.823404
0.340581
0.189720
0.498556
-0.583353
-1.353160
-0.915266
-1.025530
-1.582711
-1.462732
-0.656392
-0.159266
0.109092
-0.143953
-0.285633
0.160363
-0.336435
-0.567995
0.129304
0.850139
1.143992
1.253498
1.056919
0.504859
0.185241
-0.027815
0.150202
-0.456593
-1.026443
-0.333775
-1.131984
-0.864500
-0.860640
-0.941593
-0.567005
-0.251008
-0.109550
0.308784
0.721324
1.194396
1.354512
1.276180
1.626144
1.824424
1.454682
0.659100
0.722357
1.322407
1.024308
0.817439
0.922274
0.128758
-0.343220
-0.644648
-1.023669
-1.604152
-1.646905
-1.664033
-1.943217
-1.786834
-1.610801
-1.716072
-1.856029
-1.216237
-0.989805
-0.657818
-0.033622
0.099419
-0.258700
0.116294
1.196673
1.054406
0.408520
0.130445
0.050288
-0.147038
-0.912606
-1.121373
-0.654164
-0.983881
-1.096723
-1.131668
-0.287213
0.483925
0.736906
0.665820
0.691833
1.077008
1.596002
2.061931
1.938021
1.695816
0.602141
-0.078108
-0.808804
-0.610327
-0.574987
-0.822369
-0.398098
-0.366905
-0.203436
0.861548
1.425773
1.135803
0.594878
0.471101
0.763384
0.789270
-0.666969
-0.658667
-0.252054
-0.054176
0.266203
0.558573
0.988247
-0.139558
-0.033955
0.636515
0.446953
0.231965
-0.152720
0.239995
0.265119
-0.235193
-0.349234
-0.320609
-0.419104
-0.447534
-0.014229
-0.639703
-1.168571
0.035863
1.221752
1.380380
0.894306
0.297881
0.362407
0.839868
0.651461
0.495232
0.665677
-0.005858
0.024667
0.211919
-0.561963
-0.296591
-0.205246
-0.459139
0.360004
-0.261029
-0.831198
-0.228476
-0.127322
-0.349886
0.213796
-0.810365
-1.121086
-0.449754
-0.863854
-0.198878
-0.553068
-0.665483
0.064279
0.250551
-0.062183
-0.456714
-0.479165
-0.414728
-0.370726
-0.338773
-0.031781
-0.378684
-0.894754
-0.950497
-0.757642
-0.283357
-0.311668
0.003865
-0.407869
-0.062091
1.112633
1.156007
1.007913
0.541298
0.534041
0.035483
-0.062482
-0.433034
-1.457434
-1.851765
-1.741913
-1.495973
-1.607938
-1.399635
-0.640943
-1.029798
-1.112886
-0.029443
0.668241
1.300629
1.509478
1.550723
1.507131
1.964503
1.566440
0.721984
1.034850
0.591837
0.344113
0.235609
0.263015
-0.228838
-1.043655
-0.813077
-0.002807
-0.698508
-0.618165
-0.091244
0.285947
0.162822
-0.166564
-0.072047
-0.949224
-1.101248
-0.716468
-0.272339
0.124198
0.575618
1.484797
2.136586
1.311324
1.180705
1.463545
1.175742
0.874120
0.358957
-0.325887
0.112542
0.090297
-0.541631
0.055954
0.912280
0.622691
0.396768
0.656587
0.613329
0.040663
-0.599719
-0.792861
-0.816102
-0.451450
0.275000
0.794985
0.757523
0.357046
0.384180
0.101554
-0.056912
0.079900
-0.332912
-1.537783
-1.059455
-0.957114
-1.208690
-1.525673
-1.634899
-0.711444
-0.516582
0.426212
1.414027
2.321800
2.055313
0.879385
-0.068556
-0.292553
-0.132151
0.231351
-0.278344
-0.741481
-0.928984
-1.124082
-0.491164
-0.360969
-0.285479
-0.514757
-0.390476
-0.664379
0.016888
-0.036096
-0.900930
-0.884691
-0.687236
-1.027509
-0.079439
0.378436
0.513816
0.481474
0.670864
1.199772
0.433819
-0.078278
0.068559
-0.318004
-0.365665
-0.116911
-0.248365
0.140242
-0.091142
0.169502
-0.566808
-0.663205
0.014173
-0.124244
-0.100948
0.265547
0.062926
0.041977
0.748311
1.385720
2.089031
1.366277
0.477021
0.104674
-0.546700
-0.690566
-0.182187
-0.545148
-0.994247
-0.669851
-0.069346
-0.004424
-0.194166
-0.151751
0.096970
0.232533
0.191091
0.002543
-0.630329
-0.678829
-0.912380
-1.075683
-1.016587
-0.797480
-0.543101
-0.182534
-0.067418
0.388358
0.652051
0.984960
1.036681
0.635756
0.491043
0.242986
0.211116
-0.234789
-0.320893
-0.440311
-0.471646
-0.740746
-0.437825
0.324746
1.387350
1.224136
1.452879
1.589441
0.924565
1.190494
1.201767
0.632801
-0.187344
-0.923154
-0.839377
-0.731557
-0.785630
-0.137215
0.050902
0.287029
0.373769
0.121781
0.886542
1.590936
1.576277
1.633638
1.362530
0.794707
0.477214
-0.139179
-0.341359
-0.764474
-1.709434
-2.433005
-2.336003
-1.832546
-1.279655
-1.069605
-1.888912
-1.047957
0.577594
0.923076
1.097434
2.076912
1.682363
1.628261
1.813083
1.389745
0.982068
1.608728
2.561215
2.164716
1.713183
0.428667
-0.618674
-1.070136
-0.799707
-1.582125
-1.865875
-1.851767
-1.713318
-1.580949
-0.883439
-1.539791
-2.353434
-1.899138
-1.444820
-1.321187
-1.482934
-1.512151
-1.543397
-1.757300
-1.929223
-2.236711
-2.295686
-1.412639
0.029561
0.977732
1.483544
2.015428
2.928502
3.080781
2.120969
1.290627
1.352338
1.822246
2.074529
2.520736
1.304145
0.423526
0.805055
0.759356
1.299290
1.550484
0.860815
0.223907
-0.177828
-0.887944
-0.935875
-0.486517
0.033054
0.430472
0.797479
0.237141
-0.113848
0.266032
0.986917
0.261652
-0.540475
0.057114
0.523864
0.195612
-0.121826
-0.179416
-0.785149
-0.538085
0.191092
-0.092581
0.248831
0.615051
0.633379
0.571701
-0.202343
-0.615992
-0.517610
-1.096941
-1.544656
-2.113044
-1.574112
-0.902609
-0.949944
-0.146983
-0.449245
-0.675085
-0.443110
0.109724
0.564999
0.881829
0.420188
-0.063893
0.434855
0.643471
0.455650
-0.032733
-0.774480
-0.476408
-1.137354
-1.999541
-1.754390
-1.030156
-0.349339
0.271037
0.669616
0.619016
0.934537
0.363307
0.213468
0.920961
0.173264
-0.294203
0.123800
-0.021874
0.107779
-0.000200
-0.020706
-0.908434
-1.240861
-1.025521
-0.826251
-0.532068
-0.801567
0.136576
0.233669
0.683967
1.470109
2.070036
1.549062
1.057002
1.453801
1.142521
1.089720
0.218866
0.104522
-0.325990
-0.722159
0.174648
0.903462
0.175416
-0.055839
-0.100443
-0.200001
-0.042057
0.142249
0.440301
0.683321
1.226260
1.499013
1.541709
1.759551
1.764378
1.133590
0.225557
-1.358075
-2.011504
-1.986276
-2.366394
-2.361709
-2.364302
-2.206462
-1.127674
0.353081
1.097380
1.671433
1.335463
0.877784
0.411441
-0.374989
-0.912365
-0.861971
-0.709505
-0.387928
-0.368769
0.239773
0.832911
1.485351
1.577650
1.191725
0.978656
0.574218
0.297701
0.458018
0.641100
0.638834
0.002573
-0.236753
-0.617965
-0.777053
-1.165569
-1.447827
-1.096143
-1.154215
-0.969095
-0.567744
-0.875000
-0.011586
-0.393882
-0.536146
0.078397
0.356670
-0.020588
-0.332565
-0.135411
0.374635
0.206503
-0.524021
-0.469030
0.320396
0.028446
0.302082
0.132190
-0.079698
-1.103743
-1.989176
-1.316282
-0.711205
-0.597069
-0.299384
-0.052081
0.282283
0.658274
1.608858
1.680968
1.379848
1.550602
1.769877
1.613681
1.365835
1.112346
1.004345
0.468439
0.068511
-0.258306
-0.137037
-0.754583
-0.412061
-0.552762
-0.164426
0.627968
0.517827
0.480914
0.569172
0.120360
-0.516011
-0.539238
-1.124470
-0.813384
-0.516734
0.193644
0.981856
1.545062
1.463148
2.155218
2.257783
1.363515
1.061261
1.200707
1.491815
1.206946
-0.351177
-1.107847
-1.028736
-1.539532
-1.758037
-2.067513
-1.902158
-1.586303
-1.449295
-1.004511
-0.239283
-0.693618
-0.742858
0.293990
1.630343
2.971336
3.055752
2.195454
1.728297
1.603831
1.318860
0.662322
-0.082683
-0.858638
-2.122577
-2.009724
-1.634252
-1.574991
-0.987907
0.067311
0.160987
-0.009813
0.369420
-0.012845
-0.361969
-0.015085
-0.404757
-0.803140
-1.485631
-1.793576
-2.206889
-2.292544
-2.235073
-1.634703
-0.777189
-0.006486
0.511800
1.290665
1.886454
1.583543
1.639556
1.841563
1.534965
1.686820
1.752636
1.299928
0.931893
0.660168
0.379894
-0.557034
-0.599332
-0.742020
-1.550426
-2.037121
-1.928245
-1.940021
-1.747124
-0.844064
0.128496
1.023187
1.784277
1.210044
0.627368
1.329023
1.140283
0.612962
0.585764
0.079210
-0.276674
-1.117240
-1.925853
-1.279871
-1.225749
-1.107922
-0.381194
0.273697
0.589444
0.164160
0.074055
0.766512
1.460376
1.548574
1.151306
1.431684
1.994151
1.885724
1.379715
0.869249
0.510493
-0.138090
-0.332306
0.030043
-0.168390
-0.730886
-0.893648
-1.215387
-1.305632
-1.676390
-1.880014
-1.740479
-1.352818
-0.502381
-0.328322
-0.248204
0.554127
0.941888
0.644664
1.006572
0.439945
0.002216
0.009577
0.017180
-0.924336
-1.516924
-1.943278
-2.081135
-1.212174
-1.050004
-0.419235
0.570184
0.004007
-0.430293
-0.199162
0.386420
0.360100
0.390058
0.948694
1.484354
1.770909
1.066749
0.611738
0.068045
0.100045
1.173547
0.824206
0.417552
0.990789
0.733973
-0.151965
-0.048287
0.365811
0.674054
1.217336
2.003602
1.331534
0.429088
0.880851
0.726197
1.149555
0.861673
0.236611
-0.595600
-0.626751
0.189915
0.531258
0.538500
0.516016
-0.039222
-0.455474
-0.572052
-0.712258
-0.477053
-0.696999
-1.603555
-1.434482
-2.122608
-2.358349
-1.424922
-1.521794
-1.833195
-1.131991
-0.426174
-0.078562
0.560500
1.010323
1.066320
1.111338
0.918843
0.893522
0.457671
0.062027
-0.246659
-0.888584
-1.452187
-0.626021
-0.908846
-1.028862
-0.796733
-0.451846
-0.195153
0.425922
0.890590
1.120720
0.397091
-0.639576
-0.873730
-0.951976
-1.002061
-1.300785
-0.468729
-0.346866
-0.571327
-0.804177
-0.931232
-0.946740
