-0.391059
-0.039152
0.180865
-0.136956
-0.515933
0.114986
0.782318
1.365264
1.045493
0.691619
0.771289
0.481566
0.513703
0.763256
0.801452
0.406165
0.560772
0.158035
0.473818
0.942174
0.703723
0.092832
-0.251096
-0.249797
-0.200293
-0.354763
-0.617539
-0.413512
-0.187297
-0.096709
-0.065665
0.511380
0.933243
1.489165
1.449355
1.255981
1.323395
1.062702
0.670126
0.554806
0.314823
0.051370
-0.433893
-1.395152
-1.964189
-2.010968
-1.291377
-0.788223
-1.012949
-0.798506
-0.409112
-0.117259
0.213787
-0.031742
-0.380219
-0.902977
-1.304709
-1.575896
-1.813979
-1.562218
-1.123585
-0.582413
-0.465681
0.089430
0.730406
0.476290
-0.055311
-0.365793
-1.023917
-1.077830
-0.533171
-0.383576
-0.533997
-0.275961
-0.135974
-0.327239
-0.203735
-0.120204
-0.078947
0.153900
0.280906
0.964899
1.575222
1.203198
0.927388
0.878235
0.604222
0.196524
-0.271762
-0.248630
-0.163367
-0.506050
-0.760638
-0.974079
-1.185502
-0.652189
0.149232
0.933059
1.157687
1.188639
0.969743
0.842679
0.304780
0.163149
-0.212375
-0.219093
-0.251078
-0.297393
-0.163902
0.105417
0.310429
0.316177
0.330704
0.116073
-0.090542
-0.359392
-0.134859
0.088165
0.011846
-0.082433
0.203604
-0.313089
-0.808031
-0.482355
-0.303804
-0.588001
-0.231602
-0.064624
-0.390709
-0.114104
-0.094054
0.212523
0.568472
0.408146
0.041230
-0.196914
0.058817
0.099416
-0.078805
-0.202754
0.002117
0.001704
-0.069181
-0.016139
-0.340608
-0.933175
-1.007402
-0.860301
-0.256547
0.420581
1.373357
1.903254
1.680209
1.549182
1.629939
1.795807
1.457528
0.616074
-0.247562
-0.819362
-0.618860
-0.296595
-0.137601
0.341142
0.086610
-0.342027
-0.732685
-1.139117
-1.141606
-0.650941
0.004980
0.268785
0.196881
0.195772
0.348425
0.672988
0.574010
0.149401
0.218483
-0.020065
-0.148714
-0.486816
-0.402850
-0.326571
0.045614
0.039388
-0.586130
-0.892568
-0.901191
-0.458578
0.027316
0.408457
0.827796
1.174511
0.797429
0.645765
0.680887
0.374495
0.028303
-0.239428
-0.530912
-0.854478
-1.438488
-1.617672
-1.451975
-1.465603
-1.280120
-0.833471
0.021687
0.480611
0.725809
0.677466
0.302246
0.302961
0.225304
0.278059
0.004459
-0.645440
-0.482260
-0.083563
0.130866
0.569594
0.251748
0.265210
0.115708
0.374970
0.015900
-0.153404
-0.368038
-0.504690
-0.465603
-0.109698
0.114182
0.145814
0.054594
-0.414145
-0.870692
-0.929070
-0.636890
0.228029
0.541195
0.919253
1.581615
1.556934
2.059598
2.734843
2.340224
1.686811
0.834457
0.095967
-0.312395
-0.629528
-0.856926
-1.011488
-0.464000
0.274143
0.924745
1.378514
1.394942
0.973514
0.441516
0.188682
0.359423
0.226255
0.239837
0.158669
0.273866
0.249625
0.547611
0.903788
1.266186
1.309154
1.021227
0.945713
0.647165
-0.399613
-1.100447
-1.555127
-1.516056
-1.373535
-0.884839
-0.827407
-0.959554
-0.513767
-0.382314
-0.141616
0.106614
-0.185852
-0.478824
-0.570307
-0.771324
-0.577761
-0.711313
-0.439317
-0.126414
0.713902
1.356200
1.037477
0.002086
-0.302266
-0.854096
-1.452367
-1.559725
-1.789162
-1.644554
-0.859993
-0.201891
0.394636
0.145103
0.017536
0.292437
0.250714
-0.369008
-0.953135
-1.675365
-2.265149
-1.960323
-1.358811
-0.511745
0.770598
1.549489
1.616627
1.407334
0.944026
0.253695
-0.801752
-1.800828
-2.239760
-2.240846
-1.508790
-0.522105
0.489500
1.469061
2.222117
2.676071
2.667195
1.912466
1.058034
0.010841
-1.236059
-2.242975
-2.505034
-2.348693
-1.570171
-0.563662
0.605586
1.691045
2.513288
2.453063
2.170158
1.926285
1.133503
0.700810
0.369746
-0.037647
-0.346355
-0.394250
-0.401049
-0.484398
-0.049278
0.466732
0.271419
0.109888
-0.129691
0.243574
-0.205851
-0.254271
0.273270
0.375861
0.514930
0.634701
0.627061
0.871108
0.778547
0.517499
0.402406
-0.159678
-0.745251
-0.974746
-0.943674
-0.909874
-0.900201
-0.544145
-0.444183
-0.727948
-0.989536
-0.929802
-0.523282
-0.106374
0.101813
0.115820
0.528003
1.106982
1.198324
0.890848
0.398086
-0.051980
-0.168042
-0.421629
-1.006219
-1.430075
-1.748155
-1.915899
-1.360610
-0.674648
0.304689
0.613633
0.753081
0.929275
1.003372
1.667195
1.201250
0.045912
-0.761032
-1.569608
-2.094435
-2.409001
-2.602842
-1.889820
-1.035322
-0.712299
0.159482
0.826314
1.115217
1.398078
1.445172
0.836484
0.332553
0.005043
-0.146308
-0.205070
0.273366
0.605474
1.398730
2.251712
2.398891
2.164794
1.878323
1.719188
1.057474
-0.163942
-1.341235
-2.127345
-2.323307
-2.128143
-1.402330
-0.601669
0.137814
0.718566
1.463048
1.705359
1.543467
1.166598
0.525455
-0.445837
-0.546534
-0.215181
-0.266084
-0.711072
-0.647301
-0.377162
-0.084492
0.193519
0.094182
-0.261260
0.121794
0.449092
0.685261
1.051432
1.245405
1.062920
0.978356
0.933875
0.619116
0.205635
-0.362127
-0.537846
-0.985086
-1.226022
-1.186832
-1.137317
-1.010201
-0.387054
0.336934
0.997188
2.096560
1.980837
1.623754
1.724329
0.773838
0.289141
-0.045328
-0.529374
-0.931270
-1.241489
-1.222116
-1.173167
-0.259532
0.602644
0.953746
1.338096
0.846581
0.312324
-0.185874
-0.575776
-0.634020
-1.212556
-1.613775
-1.651473
-0.914884
-0.017032
0.358808
0.398415
0.669091
1.124293
0.953833
0.342191
-0.503740
-1.567447
-1.892728
-1.723841
-1.225512
-0.167291
0.824458
1.493239
1.621953
1.513793
1.512251
1.219739
0.165915
-1.209612
-2.292924
-2.593684
-2.040386
-1.483857
-0.889053
-0.355736
0.222149
1.192649
1.590971
1.520204
1.249060
0.309694
-0.907399
-1.514624
-1.980517
-1.636864
-0.978726
-0.230821
0.694036
1.172431
1.409904
1.339452
1.109459
0.564326
-0.288281
-1.110841
-1.848978
-2.185588
-1.839251
-1.343539
-0.513623
1.151242
1.785610
1.921691
2.413631
2.314761
1.531633
0.709006
-0.606984
-1.815068
-2.275497
-2.742309
-2.493728
-1.697580
-0.499607
0.552196
1.669712
2.292271
1.981254
1.131695
0.748864
0.486511
-0.076070
-0.992019
-1.616437
-1.807370
-1.367639
-0.843445
-0.250838
0.133376
0.518585
0.929651
0.906320
0.760817
0.391113
0.052532
-0.275623
-0.322769
-0.190008
-0.210699
-0.367275
-0.589317
-0.597388
-0.716692
-0.688522
-0.365459
-0.168389
0.134600
0.536939
0.229340
0.599156
0.489636
0.291687
0.497753
0.593919
0.705099
0.487102
-0.069561
-0.354400
-0.852230
-1.003159
-0.319787
0.131300
0.715375
0.938205
1.137461
1.289747
1.110285
0.547481
-0.240741
-1.092348
-1.347632
-1.438802
-1.492314
-1.183248
-0.298738
0.455560
1.048787
1.420360
1.573031
1.315053
1.024277
0.529495
-0.101240
-0.893672
-1.301971
-1.230237
-0.843486
-0.128841
0.083841
0.515408
1.097896
1.381098
1.470617
0.891958
0.208980
-0.554705
-1.091234
-1.127234
-1.203504
-0.404121
0.542067
0.967046
1.252521
1.481689
1.666309
1.620619
1.164664
-0.099546
-1.124074
-1.606506
-2.014258
-2.201154
-2.020800
-1.712918
-0.821900
0.449615
1.187944
2.032479
2.493308
2.373980
1.680923
0.780045
-0.280901
-1.050588
-1.514811
-1.900403
-2.363094
-2.464642
-1.532943
-0.635737
0.458585
1.643127
2.629047
2.785922
2.135862
1.297571
0.656348
-0.024979
-0.647393
-0.957830
-1.418806
-1.436789
-1.260337
-0.782253
-0.411426
-0.063902
0.360556
0.871127
1.044190
0.963143
0.355745
-0.181752
-0.156251
-0.011145
-0.186086
-0.041485
-0.404574
-0.884027
-1.057144
-1.177276
-1.200867
-1.129488
-0.932879
-0.774140
-0.360432
-0.089903
0.620349
1.460013
1.836511
1.764482
1.470095
1.051376
0.648021
0.089160
-0.455373
-0.887404
-1.008003
-0.826014
-0.779562
-0.664649
-0.935069
-1.348206
-1.090117
-0.700786
-0.465830
-0.202969
0.112448
0.365352
0.018409
0.092496
0.622888
1.006484
0.857212
0.515019
0.212118
-0.068144
-0.512575
-0.755659
-0.864888
-0.762601
-0.716322
-0.120507
0.394908
0.969732
1.600813
1.897427
1.616838
1.144817
0.381490
-0.049187
-0.826965
-1.096495
-0.949495
-0.699884
-0.333605
-0.062215
-0.335670
-0.550441
-0.730891
-0.724025
-0.501789
-0.819420
-0.880777
-0.598501
-0.279567
0.274239
1.148198
1.797015
2.008774
1.785511
1.119903
-0.042482
-0.891218
-1.292478
-1.829829
-2.234114
-2.212458
-1.635912
-0.511929
0.554311
1.341375
1.735623
1.840991
1.751804
1.234070
0.917575
0.951634
0.451591
-0.294132
-0.680806
-0.879084
-0.838320
-0.410209
0.037477
0.649149
0.928483
1.083825
0.913246
0.667676
0.392341
0.224474
0.091998
0.146968
-0.414320
-0.862002
-0.573274
-0.254789
0.628352
1.387276
1.562796
1.450484
1.097696
0.696683
0.285382
-0.735644
-1.104815
-1.091878
-1.186619
-1.172758
-1.307032
-0.901896
-0.670851
-0.270414
0.015191
0.033477
0.166603
0.281218
0.096551
-0.206121
-0.359854
-0.276396
-0.336916
-0.330234
-0.134199
0.146305
-0.016008
-0.548520
-0.610195
0.145106
0.492172
0.563472
0.410626
0.642579
0.791817
0.815757
0.607329
0.846005
1.209080
0.119225
-0.815013
-1.214090
-1.744419
-1.543306
-1.298365
-0.903370
-0.406591
0.411013
0.897823
1.082772
1.087371
0.808414
0.812722
0.305171
0.063625
-0.477971
-0.926766
-0.982008
-0.667951
-0.281448
-0.024921
-0.044375
0.001449
0.246631
0.225584
0.303497
0.525351
0.684332
0.632706
0.818611
0.732331
0.863001
0.510037
0.046872
-0.437896
-0.867204
-0.976549
-0.954317
-0.953399
-0.844587
-0.580419
0.046013
0.378807
0.401647
0.795103
0.988827
0.517185
0.061713
-0.093798
-0.006338
-0.179062
-0.302847
-0.124943
-0.115789
0.046676
0.295916
0.295863
-0.042022
0.160195
-0.010587
-0.235033
-0.543798
-0.627383
-0.391210
-0.226378
0.170778
0.241617
0.235557
0.104818
0.353879
0.672502
0.642999
0.199381
-0.184648
-0.292569
-0.647542
-0.688334
-0.466611
-0.123586
-0.033991
0.161587
0.135644
0.081563
0.106780
-0.641825
-1.474067
-2.009193
-2.345671
-1.943101
-1.361064
-0.665867
0.233528
0.326388
0.472926
0.690798
0.404990
0.034111
-0.675834
-0.942522
-1.216878
-1.702087
-1.515207
-0.936975
-0.519032
-0.410590
0.353780
0.461235
0.877201
1.275316
0.934643
0.564061
-0.076508
-0.267592
-0.346253
-0.178177
0.189652
0.326384
0.612932
0.838449
0.678390
0.640444
0.379491
0.225232
-0.220510
-0.718454
-0.783268
-0.638189
0.262236
1.094254
1.809982
2.277376
2.184302
1.445100
0.557046
-0.136512
-0.720229
-0.718535
-1.040491
-1.020487
-0.689775
0.087604
0.634610
0.997483
1.457177
1.609068
1.068907
0.253693
-0.560474
-0.783838
-0.606598
-0.699364
-0.478306
0.168052
