-0.496199
-0.559509
0.248082
0.125405
-0.519069
-0.029683
0.020388
-0.810067
-0.966150
-0.487427
0.674124
0.945456
0.972773
1.544485
1.539686
0.803641
0.343864
0.097469
-0.676424
-1.289963
-1.492921
-1.251562
-0.591888
0.450536
0.368928
-0.047575
-0.706137
-1.142958
-0.992924
-0.264350
-0.028285
0.718464
2.211813
2.707537
2.572044
2.503030
2.242378
1.562501
0.678715
-0.177223
-1.152008
-2.026531
-2.433265
-2.041641
-1.350681
-0.185072
0.585712
1.404008
1.786692
2.284578
2.114403
1.175423
0.500272
0.371571
0.198453
-0.109759
-0.588157
-1.002189
-0.417375
0.393493
0.330796
0.066207
-0.447916
-1.050225
-1.225330
-1.535267
-0.996657
-0.435755
0.186142
0.513302
0.671776
0.725529
0.111096
0.342226
0.166394
-0.401209
-0.588412
-0.566011
-0.137335
-0.188326
-0.383145
-0.072329
0.351599
1.166525
1.272516
1.325886
0.793128
0.197330
-0.086366
0.072378
-0.190949
-0.661584
-0.930468
-0.486338
-0.072978
-0.140076
-0.165449
-0.251964
-0.433982
-1.019792
-1.766127
-2.004280
-0.666157
-0.080906
-0.018509
1.197636
2.218761
2.594952
2.032536
0.339388
-0.897338
-0.633662
0.050717
0.278040
-1.139673
-2.333185
-2.079393
0.065840
1.865230
2.579352
1.826280
0.720105
-0.254135
-0.746578
-0.656215
-0.809808
0.243208
1.099750
1.468092
0.942222
0.260033
-0.667436
-0.979970
-0.908368
-1.033651
-1.152393
-0.205453
0.680063
0.823311
0.268839
-0.556044
-0.865390
-1.126211
-0.839148
0.059006
0.330817
-0.053844
-0.606579
-1.793338
-2.370063
-1.868890
-0.337060
0.971687
1.916394
2.239767
1.959425
1.090864
-0.233220
-0.575584
-0.682837
-0.705451
-0.252714
-0.011013
-0.297500
-0.935311
-1.129375
-0.743979
-0.169140
0.712369
1.842840
1.560496
0.347584
-0.392789
-0.411127
-0.657915
-1.257050
-0.636117
0.270595
0.520353
0.578029
0.887519
1.085705
0.856187
0.097441
-0.207574
0.054037
0.146934
0.102965
0.239367
0.262409
0.173467
0.170973
0.204851
0.018485
-0.470565
-0.858947
-0.967043
-0.934144
-0.953724
-0.941820
-0.442781
0.332854
0.824457
0.867826
0.623313
0.055195
-0.492305
-0.476462
-0.344750
-0.544023
-0.784002
-0.873592
-1.051104
-1.286277
-1.149740
-0.246179
0.258722
1.539726
1.391179
0.234612
-0.668777
-0.841536
0.198222
0.844699
1.555863
1.441684
1.261539
0.381359
-0.820401
-1.990587
-1.644090
-0.569374
1.112558
2.124045
1.553723
0.643662
-0.344513
-1.546580
-1.364509
-0.301539
0.114394
1.010173
1.288120
0.852032
0.392449
-0.379780
-0.512362
-0.032940
0.737107
1.340385
0.955180
0.253849
-0.562003
-0.273806
0.106215
0.297094
0.255218
-0.279097
-0.585294
-0.559369
0.482804
1.425345
1.567884
0.878661
0.270378
-0.480174
-0.597771
-0.470592
-0.921887
-1.579446
-1.370832
-1.072300
-0.686353
-0.694002
-1.623661
-1.396062
-0.738059
-0.678996
-1.019279
-1.227859
-1.519700
-0.537695
-0.050800
-0.077444
-0.202387
-0.052981
-0.495122
-0.065165
1.104438
0.995757
1.053242
1.353122
1.442268
0.677012
-0.473150
-1.613618
-2.322959
-1.700267
-1.339861
-0.750209
0.894229
1.936787
1.797243
1.594443
0.922275
0.752688
0.509583
-0.114188
-0.548397
-1.501813
-1.925987
-1.348445
-1.082411
-0.476115
0.246320
0.915688
0.937196
1.296545
2.318313
2.646913
2.625176
1.402133
-0.532879
-1.518370
-0.876856
-1.112919
-1.427105
-1.486677
-0.770768
0.055926
0.558918
1.045018
0.705054
-0.366411
-0.828451
-0.161720
1.104397
1.861185
0.914069
-0.624838
-0.633935
0.051526
0.612437
0.771109
0.255602
0.014956
-0.115631
-0.133916
-0.165613
-0.068141
0.308654
0.477452
0.846230
1.086436
1.045022
0.166369
-0.543618
-0.391171
-0.023364
0.848321
1.396337
1.147841
1.248814
0.862562
0.262692
-1.055060
-2.009891
-1.033038
-0.254035
0.189973
0.936602
1.204436
1.074806
1.141517
0.500354
-0.186399
-0.612073
-1.209964
-1.335369
-1.171089
-0.819192
-0.324948
-0.218816
-0.293726
0.375190
1.182479
0.722275
-0.231123
-0.695853
-0.969846
-1.569502
-1.675418
-1.512996
-1.192404
-0.678280
-0.457001
-0.285792
-0.071661
0.963534
1.341297
0.480813
0.056598
-0.306388
0.101929
0.380803
-0.116458
-0.418410
-0.419902
-0.278012
0.173415
0.109455
0.095776
-0.518539
-0.844080
-0.140973
0.741110
1.287122
0.606929
0.050806
-0.080568
0.001241
0.277519
0.082575
0.097856
0.552926
1.183535
1.432557
0.863633
-0.101209
-0.351154
-0.556677
-0.410377
-0.049729
0.799773
0.675080
-0.014271
-0.477955
-0.989591
-1.480090
-1.316298
-0.835065
-0.414300
-0.507561
-0.362697
-0.093515
-0.108737
0.223959
0.914051
1.328362
0.540928
-0.259092
-0.549781
-0.528387
-0.717908
-0.715331
-0.776234
-0.531815
-0.105965
0.927498
1.091062
0.381333
-0.619173
-0.598666
-0.123934
0.024246
-0.465609
-0.353022
0.703473
0.855679
0.982432
1.148896
0.928300
0.768666
0.811120
0.270327
-0.700129
-1.766326
-2.567451
-1.565385
-0.360932
1.028757
1.746306
1.703241
0.662922
-0.309994
-0.831660
-0.274895
0.317611
0.272640
-0.312599
-0.656701
-1.418082
-1.549183
-0.712928
0.588166
1.938663
2.010649
1.317258
0.603663
-0.004775
-0.407358
-0.334010
-0.250641
-0.792618
-0.694340
-0.163425
0.645244
1.741629
2.112994
2.336830
1.850321
0.733098
-0.223169
-0.932265
-0.972000
-0.447030
0.437346
1.149865
1.468937
0.944144
0.727212
-0.453534
-0.607920
-0.585434
-0.385444
0.482629
0.716696
0.575726
-0.615217
-0.873113
-0.771231
-0.900501
-1.012952
-0.982041
-0.751366
-1.018233
-1.234598
-0.864110
-0.558007
-0.042137
0.511440
1.166432
1.944005
2.499860
2.277117
1.432331
0.292486
-0.984994
-1.839735
-1.910614
-1.868683
-1.788500
-0.898239
-0.131573
0.503282
1.096735
0.927561
0.484935
0.457848
0.748893
0.216634
-0.468941
0.083096
0.861243
0.602431
0.660601
0.385691
0.121368
0.103855
0.031986
0.517299
0.547964
0.522968
0.066283
-0.156499
-0.764449
-0.775042
-0.201765
0.180261
-0.624241
-1.527330
-1.311219
-0.194627
0.733813
1.175977
1.689269
0.962808
-0.179642
-0.582331
0.248472
0.761224
1.224869
0.473861
-0.469437
-0.299128
-0.060977
-0.227440
-0.248883
-0.877649
-0.628336
0.430798
0.944754
0.538055
0.034162
-0.130339
-0.968467
-2.028036
-2.221405
-1.307720
-0.404617
-0.448781
-0.258502
0.270946
0.236692
0.204710
-0.130692
-0.730445
-1.101059
-1.260604
-0.583357
-0.521770
-1.019631
-1.637548
-2.011502
-1.524836
-0.929125
-0.334993
-0.023630
-0.326842
-0.251642
0.383232
0.535226
0.623133
0.201090
-0.987897
-1.249406
-0.568533
-0.078609
-0.003847
-0.567596
-0.790660
-0.876514
-0.636169
-0.138617
0.241279
1.120716
1.274303
0.655736
0.003906
-0.238438
-0.361527
0.015930
0.136564
-0.158650
0.004946
0.729258
1.994907
2.814966
2.855143
2.481255
2.094151
2.043614
1.889574
1.422963
1.096142
1.382151
1.609098
1.339381
1.375992
1.807879
2.031812
0.852263
-0.009855
-0.467903
-0.917506
-0.782031
-0.015642
0.551045
0.775440
0.718995
0.090045
-0.328102
-0.318310
-0.185762
-1.282432
-2.051886
-2.161860
-1.401778
-0.454388
0.704486
1.480475
1.466137
1.191262
0.156272
-1.112152
-2.166444
-2.056924
-1.438362
-1.435233
-1.290988
-0.737185
0.092648
1.063391
0.820813
0.484109
-0.889803
-1.308094
-0.660512
-0.601091
-0.914751
-1.064279
-1.461471
-0.618712
0.620575
1.013548
0.668505
0.464730
0.380898
0.189529
0.228586
0.045479
-0.183241
-0.752190
-1.302509
-1.110865
-0.647251
-1.006844
-1.108654
-0.744072
-0.340135
-0.277737
-0.176802
0.265501
0.587454
0.676242
-0.088868
-0.582254
-0.431973
0.269414
0.145336
-0.328864
-0.553921
-0.588000
-0.918772
-1.403094
-1.294028
0.006660
1.247864
1.464707
1.542776
1.667723
1.913740
2.240978
2.437099
1.680722
0.514799
-0.185946
-0.568159
-0.826496
-1.477851
-1.481205
-0.926613
-0.328511
-0.262305
-0.043860
-0.109645
-0.821141
-1.029522
-0.285575
-0.088145
1.049499
1.685110
1.802548
1.316470
0.795224
0.455494
0.302470
-0.471014
-0.813887
-0.201614
0.194073
0.690934
-0.058553
-0.417263
0.096912
0.772657
0.321132
-0.327083
-0.218095
0.575335
1.244755
1.002839
0.211310
0.005594
0.125204
0.943408
0.530436
0.075533
0.320089
0.521648
0.723762
0.827476
0.631820
0.114446
-1.425270
-2.147810
-1.596095
-0.991193
0.142596
0.525870
0.365989
0.707082
0.901477
0.594157
-0.252619
-1.361101
-1.374629
-0.021330
1.625456
2.654484
1.977298
0.784892
-0.105754
-0.074157
0.218505
-0.140335
-1.015819
-2.160954
-2.753003
-2.006111
-0.212770
0.598310
0.389930
0.288197
0.519087
0.684951
0.402908
-0.353302
-0.132511
-0.320048
-1.054866
-1.368901
-1.017920
-0.118788
0.917801
1.099086
0.487795
0.622650
0.049841
0.230515
0.700201
0.748794
0.238664
-0.659935
-1.742779
-1.281398
-0.366549
0.207426
-0.219133
-0.839066
-0.439004
0.208034
0.881376
0.909221
0.186663
-0.051974
0.015346
0.393598
0.082594
-0.327777
-1.001278
-1.054318
-0.641613
-0.328179
0.456588
1.996266
2.386584
1.626913
0.677208
-0.031459
-0.774314
-0.921845
-1.293350
-1.556905
-1.568775
-0.779734
0.421371
1.076147
0.738346
0.256724
-0.205709
-0.621977
-1.226204
-1.789042
-1.491923
-0.905239
-0.561847
-0.559563
-0.118237
0.368272
0.324538
0.266198
0.693982
0.732714
1.405591
1.324858
0.708351
0.167889
-0.600979
-0.971572
-0.992282
-1.124420
-0.904035
0.496577
0.605172
-0.046344
-0.305842
-0.132949
0.500123
1.116434
1.022776
0.681326
-0.117755
-0.558498
-1.196925
-1.751701
-1.024042
0.054661
1.084867
1.720602
2.017623
1.481942
0.229944
-0.182682
-0.664090
-0.219757
0.787306
0.977121
1.358739
1.280337
0.616832
0.404109
-0.148468
-0.529811
-0.748709
-0.761331
-0.451205
-0.125953
-0.500781
-0.751869
-0.409474
0.018688
-0.129380
-0.382424
-1.319736
-1.553257
-0.744118
-0.686099
-1.106576
-0.890114
-0.453848
-0.517187
-0.117665
0.485254
1.056827
0.894740
0.563709
0.633846
0.926331
0.929417
0.739590
0.097413
-0.492545
-0.438703
-0.920791
-0.646935
-0.300693
-0.357704
-0.982509
-0.752640
-0.390283
0.997540
2.346798
2.708753
1.491674
-0.126990
-0.516283
-0.301953
-0.110428
0.416522
0.674377
0.431278
0.470908
-0.191815
-0.586947
-0.300377
0.143747
0.122802
-0.260326
-1.033447
-1.482279
-1.733004
-1.801283
-2.262278
-1.906554
-0.228171
0.946613
1.918973
1.632335
1.278640
1.116339
0.920510
1.052334
0.442536
-0.251790
-0.604943
-1.301368
-2.054681
-2.072122
-1.481118
-1.019920
-0.553781
-0.005458
0.483718
