0.183528
0.143793
-0.101210
-0.068977
-0.083125
0.057601
0.220444
-0.360616
-1.034432
-1.304660
-0.588031
-0.208047
-0.433029
-0.071823
0.192378
0.365202
0.504436
0.152915
-0.505054
-0.483236
-0.654309
-0.858728
-0.574096
0.180448
1.069315
1.393953
1.228909
0.440825
-0.380907
-0.173132
0.435392
1.088782
1.291975
0.919446
0.804333
0.871008
1.033650
0.577615
-0.315924
-0.905388
-0.773539
-0.561000
-0.635614
-0.570988
-0.118535
1.006532
1.522584
1.276181
1.338688
1.223330
0.816486
0.565463
0.801658
0.816162
0.533187
-0.130142
-0.550459
-0.512494
-0.150731
0.127958
-0.328963
-1.092789
-1.808307
-2.053033
-1.927792
-1.372826
-1.044272
-1.499236
-0.957209
0.544319
1.627443
1.801136
1.670045
1.312829
0.341674
-0.281681
-0.578811
-0.426201
0.071508
0.158176
-0.539913
-0.942133
-0.309119
0.926995
1.427600
1.471914
0.611820
-0.965884
-0.928113
0.015961
0.452376
0.572325
0.331051
0.029338
-0.555760
-0.874544
-1.161186
-1.764374
-1.781357
-1.473443
-1.443283
-1.383036
-0.653809
0.128642
0.469171
0.973293
1.436977
1.215489
0.859417
0.075323
-0.721922
-1.165757
-1.115849
-0.922002
-0.770981
-0.168271
0.052679
0.268437
0.591521
0.658455
0.422532
0.017388
-0.133890
0.393325
0.875772
0.740538
0.554953
-0.335297
-0.975765
-0.757384
0.287894
1.253339
1.256885
0.785106
0.142127
-0.361315
0.172148
0.796449
0.783853
0.581362
0.546399
0.818221
0.601659
0.169532
0.255074
0.217709
-0.238343
-0.434225
-0.230726
0.350400
0.500899
0.047478
-0.041907
0.363262
0.773660
0.393864
-0.218836
-0.668303
-0.423897
0.018309
0.004659
0.125208
0.065408
-0.298862
-0.168238
0.204451
0.398052
0.480764
0.410673
0.286836
0.052404
-0.170649
-0.132887
-0.687054
-1.441131
-1.943683
-1.815043
-0.907621
-0.287688
-0.105705
-0.251012
-0.352086
-0.137808
0.702108
1.524164
1.888353
1.565654
0.711863
-0.126411
-0.916982
-1.400785
-1.678739
-1.385077
-0.727496
-0.060802
0.282060
0.328956
-0.038310
-0.180962
-0.031846
0.124591
0.250173
0.531904
0.694364
0.210347
-0.281898
-0.352179
-0.349251
-0.237360
-0.119225
-0.584109
-1.065916
-0.545398
-0.075326
0.038041
0.128076
0.023753
0.574087
1.260444
1.357486
1.125782
0.309353
0.115309
0.260059
0.324413
-0.180341
-0.745030
-1.230797
-1.039729
-0.273167
0.568812
0.682206
0.358625
-0.000709
-0.347828
0.088010
0.319742
0.237259
-0.416124
-0.995825
-0.637601
-0.004825
0.367746
0.805103
1.086234
1.095031
0.711621
0.444351
0.428657
-0.264450
-1.270117
-1.594622
-0.943864
-0.034094
0.428363
0.599696
0.428249
-0.025655
0.253913
1.080009
1.555837
1.283727
0.331837
-0.384777
-0.765998
-1.541202
-1.772992
-1.383801
-0.951388
-0.973815
-0.661382
-0.271707
-0.348404
-0.215535
-0.327186
-0.813855
-1.340252
-0.899201
0.017400
0.372887
-0.279351
-1.465165
-2.257460
-2.282208
-1.720585
-0.118941
1.525364
2.573304
2.760508
2.126092
1.634895
1.342430
0.743401
-0.173019
-0.619868
-0.656361
-0.314407
0.220583
0.929791
1.305867
1.229594
0.774803
-0.016654
-0.736844
-1.317987
-1.469145
-0.737434
0.619456
1.207804
1.488946
0.994989
0.399213
0.093945
0.347128
0.828279
0.984353
0.458130
-0.584442
-1.066721
-0.247272
0.941528
0.980832
-0.122823
-1.229871
-1.091689
0.060958
1.141028
1.096651
0.504768
0.278225
0.837569
1.375329
1.482551
0.577457
-0.350259
-0.312519
-0.040203
-0.079757
-1.020700
-2.337032
-2.762148
-1.646394
-0.631527
0.041780
-0.247023
-0.568102
-0.003495
0.919958
1.295946
0.843049
0.090859
-0.037172
0.266471
0.594881
0.542529
-0.210125
-1.214693
-1.616900
-0.767329
-0.020513
0.047624
-0.287668
-0.464347
-0.253797
0.179107
0.534341
0.530700
0.284440
0.139519
0.111016
0.197147
0.014683
-0.502939
-0.450104
-0.324826
-0.371508
-0.322671
-0.558560
-1.196540
-1.044730
-0.205917
0.477791
0.434377
-0.032670
-0.268997
-0.119703
-0.383089
-0.795528
-0.791942
-0.617162
-0.725551
-0.684651
-0.276342
0.270803
0.439765
0.489402
0.365929
0.015052
0.363869
0.953343
0.896544
0.539229
-0.038056
-0.230272
0.143083
0.519365
1.060385
0.790961
-0.161414
-0.580892
-0.226580
0.295863
0.306770
0.835915
0.767196
0.047653
-0.432539
-0.478862
0.121862
0.541461
0.601699
-0.241662
-1.355081
-2.010232
-1.351402
0.128865
1.287117
1.490271
1.228083
1.020552
0.976355
0.687937
0.316853
-0.176952
-0.437681
-0.501929
-0.765702
-1.339921
-1.883807
-1.876872
-1.866824
-1.370393
0.040003
1.521787
2.291957
1.882111
1.224829
1.405820
1.620763
0.946457
-0.689785
-2.021810
-1.733277
-0.934079
-0.524522
-0.987649
-1.328760
-0.970061
0.174196
1.119686
1.466499
1.430020
1.452291
1.585886
1.438152
0.492523
-0.339836
-0.375649
0.013800
0.505942
0.102660
-0.761233
-1.164546
-0.858528
0.162346
0.419053
-0.344950
-1.154434
-1.124452
-0.106436
1.075665
1.287150
0.178596
-1.502568
-2.462471
-2.103828
-0.836999
0.469796
0.571680
-0.190132
-0.478411
-0.050671
0.639903
0.813289
0.444223
-0.164859
-0.907102
-0.956699
-0.089561
0.877726
0.809075
-0.073815
-0.680197
-0.480221
0.413592
1.413851
1.706161
1.159427
-0.278070
-1.154596
-1.032540
-0.513321
-0.123573
-0.191336
0.030937
0.611294
1.639403
1.993616
1.193471
0.211106
-0.510527
-0.430988
-0.020221
0.129971
0.569392
0.898051
0.556070
-0.107617
-0.449093
-0.273785
0.076478
-0.038538
-0.936532
-1.176413
-0.698815
-0.386568
-0.169080
-0.256042
-0.530557
0.042134
0.785352
1.207982
1.324850
1.115903
0.647420
-0.200942
-0.897183
-0.766402
0.122829
0.734440
0.503627
-0.363361
-0.949704
-0.831555
-0.160085
0.345487
0.205021
-0.185573
-0.625749
-0.247429
0.520045
1.018429
0.679917
0.531727
0.180173
0.233597
0.000212
-0.495140
-0.373019
-0.296044
-0.426886
-0.269902
0.650564
1.478292
1.293314
0.249519
-0.832030
-0.889837
-0.167789
0.487191
0.655519
0.703394
0.843902
0.562571
-0.137913
-0.776781
-0.987942
-0.747635
-0.016939
0.417521
-0.092830
-0.236537
0.207512
1.030855
1.989699
1.782520
0.424660
-0.807704
-1.481898
-1.674572
-1.579228
-0.739873
0.397475
1.180838
1.302143
0.451612
-0.716917
-1.150840
-1.181281
-1.481093
-1.520388
-0.679021
0.585668
1.503559
1.471905
0.914924
0.272628
-0.316120
-0.458859
-0.567013
-0.794247
-0.954998
-1.346693
-1.394118
-0.838020
0.084556
0.332776
-0.068896
-0.728075
-0.528970
0.279192
0.534359
0.065839
-0.707400
-1.449433
-0.991031
-0.142145
0.277467
0.744403
0.665759
-0.197613
-1.210173
-1.544441
-0.986905
0.140794
0.883819
0.738033
0.343129
-0.079405
-0.561606
-0.797818
-0.871476
-0.624327
-0.462020
0.223030
1.515457
2.736356
3.708506
3.741865
3.145259
2.669217
2.614336
2.342117
1.405547
0.187825
-0.111085
0.626559
1.080814
0.703780
-0.286274
-1.451577
-1.110585
-0.090830
0.067804
-0.037319
-0.180193
-0.477372
-0.948033
-1.035111
-0.674573
-0.263231
-0.347376
-0.602291
-0.487095
-0.879275
-1.804390
-2.300482
-1.919560
-1.107287
-0.256069
-0.127665
-0.268412
-0.898934
-1.771214
-2.305947
-2.528819
-2.306355
-2.189918
-2.187320
-1.928318
-1.190053
-0.217430
0.065052
0.000396
-0.281783
-0.914481
-0.609290
-0.337215
-0.697853
-0.971124
-0.569134
-0.499203
-0.586088
0.208074
1.635363
3.104887
4.160477
4.371948
3.795354
2.868682
1.770328
1.025961
0.254573
-0.906184
-1.567066
-1.323832
-0.959638
-0.649562
-0.612531
-0.669137
-0.204851
0.835666
2.038287
2.055370
1.187858
0.132293
-0.424294
-0.706933
-0.929165
-1.849430
-2.666085
-2.200355
-1.297864
-0.628523
-0.228660
-1.066552
-1.433481
-0.508707
0.625369
1.370935
1.350840
1.016169
0.485877
0.522294
0.152229
-0.171036
-0.500085
-0.293851
-0.379411
-0.530850
-0.933329
-1.396075
-1.433309
-1.370654
-1.441987
-1.359994
-0.485980
0.818603
1.454300
1.618228
1.366240
0.563264
-0.009690
-0.150212
0.084887
0.609989
1.011523
1.292605
1.410221
1.124333
0.784898
0.390319
0.015679
-0.145512
0.031191
0.610259
0.627338
0.341925
0.300883
0.567662
1.138867
1.471844
1.467187
1.291129
0.861850
0.752035
0.538079
-0.112956
-0.719596
-0.959659
-0.515946
0.387549
0.756393
0.711087
0.482314
0.137774
-0.201048
-1.029468
-1.689477
-2.178341
-1.645864
-0.008817
0.975110
1.258950
0.803463
-0.011016
-0.563746
-0.226754
0.771664
1.515072
0.282294
-0.857215
-0.402713
0.159907
0.810270
0.904430
-0.779145
-1.758328
-1.195009
-0.015315
0.973211
0.715705
-0.143186
-1.034756
-1.379499
-0.836850
-0.129848
0.317573
0.640130
0.886736
1.070887
0.668337
0.160316
0.375635
0.846874
1.268152
0.886989
0.467715
0.796678
1.361808
0.952404
0.175302
0.143749
0.326031
0.082008
-0.473554
-0.776436
-0.694449
-0.393548
0.553969
1.296064
1.302074
0.398957
-0.642981
-1.121671
-0.646779
-0.041674
-0.385249
-1.329335
-1.283144
-0.253751
0.906502
0.720471
-0.349996
-0.343202
0.705614
1.179102
1.198188
0.794079
-0.745861
-1.378065
-0.567026
-0.078628
-0.318064
-0.742967
-0.613965
0.009301
0.846814
1.241897
0.965884
0.166809
-0.996217
-2.320377
-2.800625
-1.741754
-0.426842
0.007759
-0.258529
-0.828179
-1.494372
-1.262540
-0.501283
0.537210
1.113410
0.475509
-0.535299
-0.928464
-0.319851
0.777275
1.132336
0.836673
-0.487533
-1.235511
-1.114569
-0.611857
0.046337
0.908743
1.330791
1.330290
0.908482
0.144859
-0.553751
-0.830356
-0.533521
-0.408542
-0.613897
-0.803910
-0.694888
0.049496
0.461197
0.986281
1.211965
0.690871
0.072368
-0.203536
0.706963
1.550845
1.295849
0.805569
0.072578
-0.475765
-0.523438
-0.587659
-0.236390
-0.289178
-0.707089
-0.849298
-0.705634
-0.207158
0.528191
0.693786
0.652085
-0.014911
-1.039839
-1.841242
-1.635373
-1.082231
-0.760739
-1.120130
-1.739837
-1.769620
-0.878422
0.812251
1.861958
1.805446
1.255638
0.831363
0.482152
0.180920
-0.087271
0.025868
-0.257113
-0.767507
-0.990960
-1.130780
-0.632626
-0.058975
0.032907
0.313557
1.450738
2.563934
3.073918
2.466378
1.142459
-0.432699
-1.678598
-1.885689
-1.431737
-0.857625
-0.262910
0.356051
0.811830
0.573980
0.152724
1.036577
2.231173
2.602420
1.104909
-0.564413
-1.087560
-1.065757
-1.150097
-1.750802
-2.143878
-1.430818
0.140460
1.012586
1.172530
0.534838
0.772393
1.303011
1.411183
1.120805
0.457399
-0.815244
-1.397149
-1.320463
-1.156726
-1.034448
0.010491
0.274796
0.011893
0.351041
1.038203
