0.519724
0.918703
1.091839
0.979746
1.111696
0.823851
0.265216
0.216052
0.064830
0.357650
-0.034150
-0.649033
-0.749041
-0.646687
-0.355928
-0.313321
-0.602792
-0.842064
-0.828299
-0.804305
0.335531
1.291122
0.718948
-0.516635
-1.309258
-1.542263
-1.723904
-1.705823
-1.872273
-2.086256
-1.859366
-1.435401
-1.211824
-0.883925
-0.862978
-0.789726
-0.610668
-0.079566
0.265174
1.092241
0.794597
0.438232
0.356122
0.427239
0.482455
-0.050313
-0.220132
-0.491320
-0.865258
-0.549451
-0.554551
-0.535573
0.019526
0.478060
0.461755
0.174537
-0.435570
-0.541358
-0.143249
-0.131691
0.546014
1.181171
1.279156
1.304851
1.147667
1.315603
1.529632
1.324089
1.477816
1.507078
0.337925
-0.504004
-0.943304
-1.336470
-1.519745
-1.467919
-1.057062
-0.741494
-0.636461
-0.393520
0.166246
0.756643
1.010546
0.747608
0.855753
0.904519
0.991057
1.025637
0.624494
0.187754
-0.217374
-0.380517
-0.203278
-0.240189
-0.588971
-0.201959
0.072814
-0.000594
0.423365
1.204939
1.385725
1.304428
0.926401
0.606885
0.243787
0.060764
-0.166880
-0.558170
-0.802406
-0.779827
-0.329102
-0.227329
-0.762606
-1.139482
-0.825814
-0.014987
0.375729
0.465595
0.526010
0.009394
0.044898
0.484454
0.760686
0.307901
-0.046585
-0.785665
-1.432602
-1.379326
-0.903698
-0.368142
-0.250816
0.073788
0.520383
0.886608
0.769305
0.657979
0.212068
0.013643
-0.147783
-0.518137
-0.556613
-0.405047
-0.348237
-0.085940
0.008193
-0.032926
0.055469
0.135034
0.506555
0.408229
0.278720
-0.367836
-0.761316
-0.758150
-1.044343
-1.019602
-0.808470
-0.122547
0.293979
0.780597
0.322880
-0.429846
-0.495655
-0.306263
0.280194
0.542746
0.460668
0.404125
0.326992
-0.104415
0.080294
0.129960
-0.418757
-0.733455
-1.415667
-0.788312
-0.499169
-0.385908
-0.441529
-0.093700
0.631783
0.520554
0.756375
0.500142
0.076690
0.034715
-0.320284
-0.374571
-0.411614
-0.101081
0.399447
0.388697
0.121680
-0.187702
-0.044285
0.775715
0.679759
0.718305
0.856405
0.873043
0.750068
0.445557
0.165243
-0.393798
-0.336169
0.007535
0.225338
0.080980
-0.386146
-0.551271
-0.029910
0.620411
1.045659
1.267828
0.949891
0.458701
0.196330
-0.083435
-0.361103
-0.401847
-0.214106
-0.079652
0.149519
0.456391
0.232066
-0.028268
-0.059418
0.143866
0.206610
0.017141
0.058310
-0.111972
-0.468123
-0.715979
0.230110
0.562186
0.522055
1.316687
1.483049
0.845153
-0.088761
-0.572944
-0.753215
-0.124354
1.070515
1.227670
0.953320
0.364055
-0.095912
-0.120827
-0.342174
-0.108902
0.016902
0.132670
0.051328
-0.202831
-0.243924
-0.005608
0.154483
0.325736
0.554285
0.402311
-0.350024
-0.991066
-1.115475
-0.640495
0.137442
1.598715
2.812365
3.377972
3.574201
3.707851
3.328440
3.179437
3.499309
2.816211
2.089273
1.689278
1.664952
1.465942
1.338434
0.623729
-0.100601
-0.275354
-0.542725
-1.141233
-1.545229
-2.015202
-2.104441
-2.212245
-2.457541
-2.336770
-1.815481
-1.348279
-1.102092
-0.994777
-0.913568
-1.210232
-1.610424
-1.934283
-2.018250
-1.928503
-2.209230
-2.411368
-2.165599
-2.036694
-1.969292
-2.247022
-2.042244
-1.880482
-1.391052
-0.866151
-0.759395
-1.071018
-1.131801
-1.550321
-1.096446
-1.063183
-1.003792
-1.577616
-2.040203
-1.701790
-1.293130
-0.888083
-0.440920
-0.205422
-0.492502
-0.246210
0.430541
0.919000
1.387067
1.241030
1.063789
0.953227
0.817708
0.711630
0.273557
-0.065146
0.522604
0.844876
1.262378
1.162115
1.246052
1.249119
0.931317
0.430415
0.166343
0.592284
0.710947
0.655273
0.565322
0.276848
-0.274406
-0.503260
-0.265741
0.381647
0.899395
0.899533
0.653821
0.295179
0.075034
0.148748
0.397029
0.776343
1.252664
1.200923
0.606643
0.040498
-0.118983
-0.740594
-0.940953
-1.141749
-0.973582
-0.325135
-0.039706
0.646760
0.700504
0.883609
1.214546
1.234029
0.976598
0.843547
0.795772
0.724511
0.612006
-0.109105
-0.398952
0.180141
0.331650
-0.066268
0.109583
0.597285
0.456343
0.173071
0.211442
-0.029064
-0.164941
0.481882
0.570616
0.038825
-0.171245
0.025770
0.718583
0.654621
0.327647
0.003896
-0.138555
0.450343
0.877964
0.563890
0.068411
-0.094482
-0.377608
-0.385576
-0.018504
0.075065
-0.010676
-0.061651
-0.138398
0.028226
-0.348194
-0.538446
-0.730774
-0.566297
-0.431551
-0.278257
-0.331736
-0.108127
0.783892
0.850610
0.064150
-0.400916
-0.514092
-0.172105
0.131245
-0.234481
-0.524905
-0.271367
0.458111
0.613398
0.329356
0.137779
-0.376047
-0.221099
0.331303
0.175471
0.189976
0.389136
0.330589
0.178827
-0.146187
-0.579039
-0.556768
-0.119896
0.035666
0.411411
0.036015
-0.307056
-0.523517
-0.958728
-0.577026
-0.321997
-0.592739
-0.593196
-0.017916
0.712195
1.124293
0.494699
0.037812
-0.158425
-0.454659
-0.667522
-0.816210
-0.922156
-0.831684
-0.549173
-0.209415
0.080306
0.703603
1.086013
1.206358
1.439091
0.957002
0.582598
0.116546
-0.374228
-0.750900
-0.640914
-0.381212
0.108524
0.824246
0.999829
0.579252
-0.115345
-1.259328
-1.782038
-1.418305
-0.292352
0.661889
0.693404
0.912985
0.826797
0.159492
-0.210713
0.182641
0.398034
-0.018172
-0.619893
-0.726076
-0.952840
-1.113652
-0.837412
-0.260927
-0.187934
-0.090894
0.252625
0.055943
0.003033
-0.582371
-0.482883
0.198632
0.138610
-0.442337
-0.277055
-0.088647
-0.317151
0.044287
0.937163
1.446768
1.049430
0.549481
0.275344
0.025030
-0.239042
0.286571
0.777736
0.426817
-0.111578
0.029025
0.364121
0.444185
0.614071
0.595176
0.217673
-0.445443
-0.493635
0.068317
0.359757
0.305360
0.683288
1.167124
1.245986
0.895863
0.878316
0.731860
0.550386
0.543372
0.703797
0.662104
0.193047
-0.880744
-1.365257
-1.295069
-1.310582
-0.959634
-1.048406
-0.272274
0.067998
0.054825
0.139533
0.290674
0.463430
0.590984
0.468843
0.707976
0.592387
0.287534
0.076342
-0.309585
-0.474190
-0.584080
-0.236266
-0.376771
-0.833930
-0.866981
-0.684617
-0.474299
-0.062300
0.299114
0.186965
-0.079532
-0.827950
-1.077112
-1.351582
-1.919678
-1.557322
-0.985713
-0.571082
-0.427562
-0.049350
0.498299
1.126789
1.345436
1.026924
1.012896
0.962303
0.856909
0.527030
0.198402
-0.131592
-0.027210
0.751047
1.257467
0.791945
0.756959
1.029469
0.912946
0.560148
-0.039641
-0.158661
0.329084
1.185242
1.639521
1.144638
1.018752
0.115676
0.093704
0.684645
1.287340
1.358940
0.772606
0.315525
-0.052487
-0.165587
-0.391957
-0.330134
0.308894
0.623097
0.399107
0.460142
0.542982
0.904400
1.126838
0.707359
0.177565
-0.332843
-0.936032
-1.665708
-1.835578
-1.923425
-1.740795
-1.526604
-1.549890
-0.780942
-0.174647
-0.228080
-0.507733
-1.061034
-1.614582
-2.271203
-2.794950
-3.002971
-2.417090
-1.972244
-1.098822
-0.689879
-0.615964
-1.149070
-1.563953
-1.325438
-0.541865
-0.314089
-0.519979
-0.640597
-0.756282
-0.470804
-0.650272
-0.725570
-0.821382
-1.014819
-1.004920
-0.654780
-0.197467
-0.070714
0.383109
1.283452
1.917974
2.484776
2.788307
2.692153
2.538282
2.235830
1.984670
1.910203
2.207165
2.404506
2.206595
2.629936
3.370618
4.393479
4.468153
4.062664
3.635854
3.121828
2.516351
1.672508
0.237524
-0.200904
-0.450211
-0.308227
0.281715
0.653801
0.263044
0.104024
0.494267
0.783256
0.764351
0.259245
-0.818002
-0.952326
-0.537907
-0.766725
-0.730194
-0.679426
-0.521332
-0.696385
-1.033425
-1.282546
-1.389268
-1.451561
-1.530828
-1.418786
-0.980836
-0.519327
-0.441014
-0.422051
-0.739441
-0.902942
-0.852265
-0.094392
0.039980
-0.332949
-0.667807
-1.111768
-1.114456
-0.855981
-0.817050
-1.127540
-1.207517
-1.862768
-2.179951
-1.958032
-1.803778
-1.911207
-1.728223
-1.641240
-1.265601
-0.595832
0.342964
0.766554
0.471174
0.109562
-0.226527
-0.452737
-0.531312
-0.293471
-0.069486
0.038068
-0.147802
-0.262534
-0.244711
-0.685604
-1.021007
-0.732937
0.116040
0.841371
0.545559
0.264547
0.246400
-0.215821
-0.146588
0.157031
0.335007
-0.285070
-0.533309
-0.781511
-0.467542
-0.191371
0.206157
0.499753
0.242943
0.461778
0.751752
1.148385
1.118536
0.407475
0.024505
0.193450
0.411265
-0.000481
-0.397594
0.006416
0.559836
1.100282
1.291264
1.059643
1.129475
0.955665
0.229315
0.134001
0.424966
0.308051
-0.084830
-0.215244
0.021406
0.010502
0.435207
0.215799
-0.603846
-0.671184
-0.256993
0.112257
-0.272983
-0.539241
-0.118622
-0.162658
0.198154
1.186606
1.363751
0.891175
0.798482
0.515090
0.012618
-0.230747
-0.314906
-0.160523
-0.267833
-0.365720
-0.010772
0.408144
0.463262
0.167834
0.199047
-0.154262
-0.668644
-0.795315
-0.624500
-0.495623
-0.428753
-0.397121
-0.552588
-0.964978
-1.147281
-0.946670
-0.329821
0.386882
0.053584
-0.298884
0.179812
0.337120
0.120818
-0.020148
-0.571349
-1.275228
-0.916638
-0.689134
-0.613495
-0.106200
-0.112168
0.381313
0.481219
0.282377
0.372787
0.522867
0.235201
-0.086319
-0.598183
-1.462537
-1.612191
-1.240863
-1.346326
-1.339206
-0.654162
0.262880
1.123355
1.117752
0.623134
0.511821
0.503949
0.937984
0.944029
0.844676
1.010710
1.072470
0.909701
0.880982
0.621437
0.328380
0.144194
0.001297
-0.186227
-0.086326
0.466242
0.510088
0.250778
0.614077
1.066801
1.146300
1.320729
1.711432
1.533630
1.109337
0.581297
-0.170955
-0.355571
-0.369076
-0.010271
0.601668
0.896216
0.432030
0.329617
0.003500
-0.153318
-0.121805
0.163295
0.380018
0.170916
-0.299383
-0.808308
-0.797925
-0.662843
-0.414484
-0.250062
0.249828
0.241349
0.062745
0.105977
-0.469707
-0.418970
-0.192650
-0.205811
-0.553402
-0.033815
0.352744
0.147089
0.425029
0.563662
0.574194
0.532493
1.194080
1.966661
2.363495
2.514800
2.862561
2.866062
2.502340
2.078118
1.989276
2.184036
2.239816
1.912003
1.564641
1.063954
0.891100
0.533812
-0.218813
-0.538193
-0.627315
-0.958809
-0.958817
-0.981874
-1.145662
-0.821991
-1.067894
-1.221761
-1.411383
-1.517921
-1.269304
-1.107977
-1.184599
-1.287736
-1.906942
-2.575595
-2.556908
-2.371916
-1.972091
-1.314539
-0.962756
-1.068636
-1.299697
-1.208824
-1.297452
-1.411589
-0.842306
-0.459883
-0.768541
-1.245338
-2.007911
-2.516848
-2.649845
-2.183127
-1.095393
-0.280954
0.319552
0.366382
0.177196
0.251539
1.017856
1.496494
1.610441
1.013821
-0.195266
-0.809841
-1.244814
-1.022089
-0.481969
-0.545052
0.077843
0.359850
-0.113394
0.177466
0.478407
-0.033775
-0.458079
