0.063705
0.158374
0.053457
0.344637
0.329757
0.334886
-0.419130
-0.076049
0.179000
0.435218
0.350631
0.073376
-0.139451
-0.176484
0.338655
0.633592
0.377143
-0.094892
-0.083483
-0.450478
0.551944
0.871596
0.626654
-0.328522
-1.020808
-1.483560
-0.996888
-0.725292
-0.744397
-0.804446
-0.603270
-0.225433
-0.415267
0.005791
0.024120
0.216103
0.109471
0.183666
0.094794
0.692506
0.435243
0.384827
-0.076281
-0.272927
-0.094223
-0.042649
0.196751
0.217700
0.020259
-0.221143
0.035147
-0.335604
0.023397
0.034835
0.409287
0.026868
-0.253794
-0.609650
-0.518934
-0.510078
0.215195
0.643109
0.726302
0.877905
0.351755
0.113236
0.303038
0.773215
1.171682
1.201653
0.046431
-0.695298
-1.474040
-1.694010
-1.729638
-1.426741
-1.326115
-1.048670
-0.956237
-1.003199
-0.250641
0.010234
0.364693
0.525154
1.141351
0.794719
0.998924
1.158935
1.068118
0.296035
-0.062872
-0.470184
-0.577202
-0.870887
-0.787364
-0.445553
-0.462822
-0.266236
-0.541515
0.015769
0.561946
1.137677
0.675245
0.658353
0.603315
0.574856
0.245239
-0.359161
-0.836822
-0.562613
0.348325
0.049331
-0.160162
-0.620952
-0.602177
-0.018078
0.845988
0.927150
0.981945
0.267846
0.428652
0.554403
0.408736
0.141669
-0.428649
-0.690511
-1.000873
-0.955514
-0.670325
-0.071365
-0.094674
0.062774
0.325697
0.908166
0.545396
0.447351
-0.074468
0.012690
0.000561
-0.195650
-0.360974
-0.358109
-0.177377
0.052132
0.263618
0.227639
0.436007
0.117637
0.444610
0.097809
0.112336
-0.068570
0.106773
-0.148057
-0.399112
-0.509109
-0.456016
-0.371701
-0.265479
0.291335
-0.239554
-0.510833
-0.438026
-0.138743
-0.142083
0.478169
0.017102
0.485995
0.804603
0.553077
0.586849
0.630307
0.276138
-0.130883
-0.473378
-0.309855
-0.184121
-0.472387
-0.260276
-0.084411
0.552291
0.324575
0.403693
0.309879
0.458363
-0.095476
-0.666864
-0.717529
-0.364491
0.166734
0.475577
0.464263
-0.030763
-0.170460
-0.172198
0.289603
-0.053230
-0.017609
0.235549
0.510820
-0.115839
-0.122777
-0.109708
-0.084325
-0.165546
-0.125583
-0.325540
-0.584796
-0.476341
-0.487325
-0.157079
-0.234912
0.528333
0.334103
0.573019
0.140066
0.040245
0.184079
0.201262
0.166248
0.071013
0.059541
0.260700
0.400716
0.073421
-0.156910
-0.446204
0.249414
0.175184
0.271448
0.051139
0.162894
-0.151251
-0.501055
0.071710
0.623027
0.716423
0.895235
0.911048
0.478846
0.307901
-0.115758
-0.143739
0.020427
1.070990
1.336944
1.354530
0.835774
0.691543
0.410869
0.603276
0.419396
0.140850
0.111756
0.171609
0.080242
-0.215857
-0.136450
0.004901
0.674385
0.614870
0.481893
0.079934
-0.224011
-0.592998
-0.436278
-0.141035
0.757737
1.697653
2.194410
2.497135
2.355867
2.800369
2.670786
2.693521
1.831249
1.578857
1.354195
1.462082
1.026455
0.913629
0.154076
-0.352498
-0.636405
-1.131701
-1.009205
-0.973452
-1.123886
-1.331710
-1.298164
-1.904085
-2.059797
-1.602347
-0.542910
-0.458535
-0.626022
-1.332244
-1.331628
-1.164050
-1.186700
-1.388681
-1.827766
-1.815852
-1.866859
-1.653665
-1.801731
-1.612921
-2.114808
-2.189999
-2.173791
-1.484154
-1.284997
-0.800431
-0.553476
-0.606025
-0.457012
-0.578875
-0.161832
0.018737
0.034348
-0.502034
-0.593306
-0.883242
-0.917401
-1.173713
-1.093648
-0.955541
-0.348244
0.119225
0.681395
0.833403
0.962509
0.675208
0.967688
1.497297
1.146864
0.762889
0.073505
0.329534
0.609628
1.362296
1.403687
1.478401
0.832950
0.297259
0.120372
0.148817
0.523500
0.368325
0.189896
-0.018565
0.116390
-0.240622
-0.444045
-0.888176
-0.320998
0.133883
0.913785
0.568398
0.514730
0.452493
0.779029
0.998789
0.943291
0.843649
0.537584
0.663833
0.425437
0.155515
-0.780830
-0.829554
-1.007777
-0.601719
-0.421726
0.217908
0.431830
0.480763
0.512495
0.674838
0.824763
0.599511
0.481862
0.180563
0.377083
0.667890
0.683162
0.296630
0.284952
0.157381
0.068077
-0.167317
0.130938
0.267123
0.409155
0.054103
0.101265
0.370999
0.292009
0.242425
-0.224784
-0.019967
0.023924
0.502908
0.446306
0.159569
-0.645879
-0.773062
-0.255239
0.250575
0.494155
0.319485
0.175684
-0.074592
-0.211316
-0.276218
0.197433
-0.008589
-0.184853
-0.382394
-0.237234
-0.181137
-0.219745
-0.520883
-0.375775
-0.126212
0.399696
0.354808
0.295391
0.565161
0.105794
0.191614
-0.219685
-0.450347
-0.799879
-0.668001
-0.993741
-0.861008
-0.380422
0.521850
0.529243
0.410461
0.243453
0.184377
0.195283
-0.355600
-0.621071
-0.608379
0.085483
0.293168
0.676851
0.256386
0.132052
-0.366762
-0.107332
0.290198
0.358831
0.155667
-0.016658
-0.466190
-0.588722
-0.380742
-0.155050
-0.132440
-0.522101
0.242042
0.625801
1.120560
0.828539
0.684474
0.118463
-0.143917
-0.592194
-0.463424
-0.426372
-0.086444
0.033526
-0.055909
-0.189759
-0.293780
0.301607
0.279046
0.614943
0.580512
1.030745
0.360967
0.187874
-0.405020
-0.567642
-0.208135
0.352676
0.593470
0.228724
-0.012054
-1.011615
-1.367626
-1.440207
-0.730760
-0.259501
0.319124
0.089086
0.412878
0.205804
-0.123010
-0.581074
-0.233781
0.088889
0.114607
0.104575
-0.250382
-0.318411
-0.849653
-0.738956
-0.493405
-0.040909
-0.088282
-0.045306
-0.345263
0.002136
-0.511996
-0.814207
-1.123620
-0.915373
-0.776189
-0.501813
-0.205945
-0.018516
0.428118
0.303010
0.620429
0.787977
0.736608
0.104963
0.274552
0.042855
0.378714
0.421762
0.242555
0.029066
-0.106147
0.318723
0.390658
0.151329
0.133526
0.448182
-0.007992
0.209348
0.314321
0.312363
0.005893
0.208729
0.245352
0.315627
0.397261
0.902142
1.032945
1.003857
1.128136
1.005822
0.835789
0.422823
0.130137
-0.813462
-0.881789
-0.895998
-0.457273
-0.793821
-0.371051
0.057075
0.046181
0.381081
0.512695
0.534101
0.517227
0.671106
1.012046
1.431100
0.773862
0.197306
-0.532182
-0.678117
-0.776163
-0.470569
-0.464392
-0.605533
-0.764828
-0.604638
-0.419340
-0.056936
0.260571
0.161803
0.055835
-0.472438
-0.300558
-0.538827
-0.906155
-1.108110
-0.348445
0.014356
0.398186
0.341117
0.563975
1.246807
1.310870
1.161292
0.628149
0.452233
0.228988
0.197948
-0.090872
-0.378980
-0.676894
0.139523
0.328134
0.180312
-0.240714
0.127485
0.024814
-0.157268
-0.556759
-0.664052
0.281104
0.642870
1.041621
0.606707
0.368696
0.227277
0.340981
0.213082
0.353691
-0.102079
-0.617001
-0.890949
-0.437612
-0.151110
-0.091568
0.094796
0.138738
0.545961
0.219581
0.142596
0.214447
1.180714
1.505736
1.267177
0.152945
-0.425955
-0.828332
-0.952227
-1.232549
-1.571464
-1.540174
-1.609114
-1.626843
-1.467393
-1.191365
-1.625489
-1.997397
-2.870796
-2.968428
-3.678375
-4.012616
-4.198472
-4.074533
-3.684501
-2.917082
-2.169479
-2.231911
-2.308573
-2.415223
-2.079217
-1.523427
-0.804525
-1.113850
-1.087638
-1.057850
-0.804272
-0.704340
-0.384114
-0.340630
0.009658
0.149370
0.198100
0.471657
0.583838
1.242331
1.902942
2.720144
2.960412
3.229839
3.016532
3.012920
2.748275
3.307114
3.502020
3.763714
3.937048
4.151259
4.652044
5.173614
5.424874
5.750278
5.524118
4.369543
3.659575
2.738563
2.643943
1.898524
1.640856
1.419538
1.802010
2.059388
2.257723
1.915096
1.519014
1.478123
1.088041
1.206362
0.895420
0.464224
-0.178202
-0.463562
-1.317007
-1.030603
-1.121613
-0.468117
-0.495954
-0.792716
-0.883511
-0.718681
-0.512991
-0.580496
-0.218558
-0.087198
0.321690
-0.129437
-0.243869
-0.783607
-0.929211
-0.887383
-0.223585
-0.238357
-0.180463
-0.217106
-0.345506
-0.735770
-0.636262
-0.470511
-0.871228
-0.679292
-0.993630
-0.751619
-1.076986
-1.201548
-1.943788
-1.782355
-1.837269
-1.507924
-1.439623
-1.263150
-0.631692
-0.112327
-0.039487
-0.725910
-0.793560
-0.600251
-0.130725
-0.322732
-0.615978
-1.296995
-1.009394
-1.125444
-1.123869
-1.289484
-1.165286
-0.676872
0.092641
-0.168762
-0.805801
-0.950176
-1.226757
-1.037060
-0.772666
-0.488438
-0.642391
-0.728575
-1.074872
-0.669759
-0.557863
-0.078368
0.049396
0.084195
-0.371823
-0.118097
0.230227
-0.054089
-0.678847
-1.144969
-0.866118
0.101723
0.645926
0.038311
-0.122765
-0.025880
0.576763
0.615336
0.670945
0.602307
0.319834
0.197594
-0.018103
0.107372
-0.123412
0.053739
-0.059102
0.147331
0.265003
0.377749
0.183859
0.632565
0.445148
0.552489
0.229340
0.150507
-0.213480
-0.362549
-0.532105
0.173502
1.170029
1.323785
1.040645
0.441808
0.710328
0.265584
0.310891
0.235982
-0.017561
-0.499447
-0.192675
-0.009943
0.359122
0.407985
0.407102
0.174919
-0.008282
0.187240
-0.183740
-0.162774
-0.308244
0.012315
-0.216973
-0.224523
-0.590445
-0.621464
-0.963053
-0.549889
-0.051258
0.303335
0.382281
0.411879
0.549523
-0.159379
-0.284616
-0.509234
-0.218199
-0.292385
-0.220586
-0.410745
0.036947
0.158938
0.331224
0.286982
0.500988
0.450977
0.454451
0.464156
0.184719
-0.133407
-0.895418
-1.027624
-0.960963
-0.665238
-1.048906
-0.446966
-0.033818
0.589977
0.843947
0.540912
0.576444
0.312576
0.434117
0.178627
0.219558
0.233810
0.416969
0.404301
0.252593
0.026750
0.158330
-0.134491
-0.131677
-0.685658
-0.726094
-0.238799
0.190720
0.611285
0.800052
1.067066
1.005642
1.289927
1.114032
0.955306
0.321380
-0.012172
-0.412151
-0.572420
-0.843110
-0.136109
0.014495
0.143846
0.253445
-0.229226
-0.387989
-0.137209
0.279626
0.010072
0.069949
-0.244040
-0.268181
-0.454617
-0.184131
-0.064028
0.545670
0.301574
-0.167382
-0.305191
-0.203231
-0.297050
-0.157706
0.274045
0.473981
0.465629
-0.229682
0.097741
0.049260
0.387058
0.240991
0.492050
0.372147
0.208432
0.662687
1.603787
1.952339
1.954368
2.388359
2.130036
2.199824
1.957008
2.139468
1.920514
1.970116
1.552784
1.767912
1.460176
0.789993
0.215185
-0.189464
-0.602461
-0.422838
-0.457821
-0.847712
-0.996371
-1.271953
-0.860232
-1.076720
-1.212015
-1.638659
-1.469831
-1.379478
-0.847203
-1.043365
-1.393117
-1.936152
-2.395955
-2.384633
-1.964555
-1.226135
-0.780479
-0.729690
-1.079884
-0.890179
-0.810666
-0.501627
-0.732520
-0.360262
-0.410511
-0.808434
-1.747744
-2.289792
-2.608454
-2.466614
-1.796850
-1.231145
-0.386826
0.140468
0.443480
0.151352
0.089825
0.116609
0.669088
0.509786
0.373871
-0.168861
-0.579372
-0.705547
-0.513191
-0.171559
-0.228014
0.059363
0.178270
0.023677
0.151588
0.419358
-0.158554
-0.011451
