1.500571
0.265770
-1.186420
-2.323404
-2.768993
-2.168686
-0.800030
0.340105
1.659918
2.104444
2.005927
1.809070
1.384977
0.591241
-0.728153
-1.402441
-0.945526
0.000889
0.749732
1.350067
0.870270
0.219808
0.100690
0.182151
0.534689
1.023498
1.444190
1.634471
1.778432
1.869621
1.499376
0.423247
-0.397316
-0.823625
-0.656164
-0.276478
-0.214459
-0.687408
-0.911981
-0.679175
0.164964
1.103997
1.312421
0.796236
0.409898
-0.270603
-0.435095
0.027627
-0.061241
-0.478493
-0.492245
-0.339555
-0.818133
-0.638722
-0.504894
0.087560
0.823531
1.325824
1.134259
0.862367
-0.217373
-1.043949
-1.511435
-1.773252
-1.499307
-1.353844
-1.006755
-1.078666
-1.097988
-0.659887
0.065150
0.556363
1.019602
0.949628
1.089221
1.301006
0.984833
0.713477
0.670072
0.333216
-0.286519
-0.587158
-0.929938
-1.498663
-1.697774
-1.209753
-0.382473
0.529414
0.554649
0.406064
0.315360
0.475532
0.234881
-0.082075
0.005184
-0.498456
-0.961887
-0.606928
-0.776419
-1.170111
-1.269622
-1.339552
-0.543162
0.132601
0.325625
-0.165944
-0.539780
-0.483093
-0.555961
-0.644967
-0.314498
0.218971
0.554374
1.055471
0.765136
-0.191827
-1.130002
-1.347738
-1.299010
-0.785617
-0.895537
-1.474617
-1.059852
-0.202028
0.317633
0.909422
1.444543
1.361325
1.124088
0.788909
-0.286063
-1.291596
-1.579846
-1.515946
-0.900686
-0.279318
0.447953
0.675522
0.953545
1.465651
1.293230
1.009290
0.766419
0.157078
-0.473254
-0.515159
-0.433618
-0.361086
-0.287526
0.205266
0.524431
1.356547
1.973997
1.672204
1.092542
0.838447
0.335891
-0.155344
-0.469952
-1.589793
-1.905867
-1.345159
-0.539848
0.065836
0.500270
0.759358
1.552329
1.352832
0.418974
-0.725573
-1.572983
-1.522368
-0.448641
0.558447
1.650659
2.118325
1.519202
0.452913
-0.488958
-1.165801
-1.315935
-1.132792
-1.201804
-1.174990
-0.875983
-0.639370
-0.262058
0.580659
1.006882
1.031120
1.098614
0.369949
-0.035441
0.225151
0.061975
-0.296876
0.039384
0.211928
0.481730
0.343972
-0.219753
-0.383966
-0.368744
-0.324137
-0.106469
0.106236
0.336747
0.649347
0.916663
0.868828
0.497850
0.563328
0.691647
0.621563
0.310379
-0.168798
-0.290066
-0.424790
-0.565935
-0.465628
-0.128188
0.150662
-0.058385
-0.338648
-0.412585
-0.222467
0.493427
0.416937
0.184384
0.266410
-0.297449
-0.625651
-0.387056
-0.179947
-0.706788
-1.545799
-1.285915
-1.077655
-1.200341
-0.801994
-0.713889
-0.330671
0.070052
-0.187105
-0.903075
-1.318754
-1.439421
-1.580160
-1.455995
-1.193447
-0.667107
-0.291821
-0.021772
-0.045636
-0.283182
-0.112430
0.726626
0.672997
0.243170
-0.171017
-0.522535
-0.969623
-0.546086
-0.159523
0.156306
0.343846
0.526568
-0.240054
-1.100015
-1.266996
-1.221646
-1.240076
-1.467918
-1.331734
-1.169053
-0.369892
-0.195499
-0.719343
-1.032013
-0.929834
-0.612898
-0.288557
0.159247
0.574148
1.045031
1.474962
1.647687
1.452395
1.507580
1.848896
1.903812
1.309241
0.224781
-0.626922
-0.951960
-0.537546
0.559497
1.567791
1.753071
1.122139
1.174157
2.133740
2.591088
2.410678
2.089498
1.791055
1.567528
1.864738
2.331357
2.466304
1.345167
0.569325
0.226972
-0.094899
-0.014999
0.606897
1.069441
0.673524
0.304403
0.020355
0.000114
0.186021
0.593966
1.002412
0.865170
0.495017
-0.089756
-0.878613
-1.392017
-2.389503
-2.655887
-2.057130
-1.490050
-1.164400
-1.006011
-0.688570
-0.692508
0.156905
0.601197
0.358037
-0.810810
-1.931477
-2.438960
-2.293960
-1.900122
-0.962377
0.083479
0.212565
0.475199
0.564590
0.472921
0.776230
0.974886
0.763103
0.442117
0.074839
-0.433064
-1.025945
-1.272096
-1.203610
-1.286055
-1.081930
-0.553807
-0.326218
-0.003946
0.097947
0.386075
0.702890
0.398520
0.370855
0.334161
0.438847
0.322336
-0.198578
-0.496405
-0.106149
-0.356429
-1.055091
-1.027093
-1.320875
-0.998785
-0.395246
-0.151719
-0.220071
-0.188612
-0.029737
0.134586
0.136030
-0.143620
-0.106530
0.072679
-0.169393
-0.459140
-0.167668
0.159374
0.365424
0.669560
0.426439
-0.230792
-0.467689
-0.677490
-1.069709
-1.403524
-1.172212
-0.916725
-0.202519
0.253843
0.106352
-0.493456
-0.370915
0.297282
0.724255
1.037253
1.321359
0.943527
0.145111
0.066302
-0.265037
-0.777301
-0.749320
-0.522843
0.318857
0.874847
1.179899
1.158328
0.420791
-0.230966
-0.471333
0.089880
0.879882
0.984923
0.833182
0.730623
0.494767
0.099025
-0.089207
0.070473
-0.105371
-0.414595
0.027406
0.468413
0.561118
0.321134
0.152626
0.251589
1.111302
1.418187
0.302002
-0.776168
-0.913729
0.405001
1.605238
1.623757
0.999121
0.268181
-0.221259
-0.135582
-0.180154
-0.250365
-0.539174
-0.322007
0.505221
0.959858
1.105567
0.222130
-0.670941
-1.303637
-1.210533
-0.773771
-0.501213
-0.343416
-0.251008
-0.252153
0.078201
0.161850
0.286529
0.177358
0.459787
0.076513
-1.149588
-2.208596
-2.719124
-2.320840
-1.090959
0.496719
1.625073
2.289648
2.105222
1.183962
-0.233448
-0.844695
-0.962239
-0.643204
0.127111
0.594142
0.968032
0.595337
-0.044721
-0.408607
-0.681541
-0.470591
0.038832
0.411479
0.794681
-0.140808
-0.973981
-1.110195
-1.121878
-0.628556
-0.279500
0.003497
0.293566
0.584561
0.809347
0.779225
0.385946
0.318781
0.088828
0.381716
0.629202
0.722201
0.652478
0.653366
0.821804
0.713030
0.493064
0.126585
-0.583509
-0.803261
-0.598085
-0.647895
-0.325720
0.007892
0.473596
0.678545
0.723658
0.817185
1.011884
0.562178
-0.424116
-1.378113
-1.797974
-1.662562
-1.437189
-1.051656
-0.808620
-0.545256
-0.411458
-0.178955
0.047255
0.377108
0.741147
0.831201
0.512554
-0.362964
-1.278438
-1.874292
-1.835460
-1.560164
-0.852137
-0.180362
1.229550
1.739340
1.289539
0.757717
0.516866
-0.028533
-0.416578
-0.726500
-0.940939
-0.928738
-1.044894
-0.923459
-1.056503
-1.117839
-0.659800
-0.085226
0.739418
1.239800
1.231052
0.839662
0.308928
0.170013
0.438943
0.701757
0.591107
0.504676
-0.111041
-1.066251
-1.176258
-0.261890
0.896201
1.514719
2.098692
2.834748
2.473537
1.594932
0.848639
0.272925
-0.372960
-1.443353
-2.577533
-2.956242
-2.984479
-2.109241
-0.979103
0.237015
1.082520
1.778931
1.730576
0.960304
-0.184474
-1.017630
-1.345934
-1.372909
-1.095195
-0.333118
0.205419
0.500758
0.254747
-0.558849
-0.868146
-0.851931
-0.466886
-0.023549
0.517208
0.473441
0.173356
-0.106197
0.108537
0.400508
0.983170
1.213930
0.832120
0.175933
0.075713
-0.467579
-0.895003
-0.972888
-0.614207
0.205035
0.272589
0.056682
-0.070042
-0.304919
-0.369656
0.068376
0.961851
1.678239
1.605752
1.491135
1.395822
1.355058
0.785154
0.199965
0.278784
0.561179
0.727800
1.057468
1.741768
2.269175
2.082924
1.068435
0.494834
0.340805
0.022704
0.080925
0.702206
0.885231
1.145473
0.921250
0.418511
0.204341
0.653078
1.257179
1.084121
0.626108
0.424655
0.198072
-0.295602
-0.147925
0.342133
0.640682
0.469092
0.042109
-0.226337
-0.765649
-1.382591
-2.559874
-3.100566
-2.827622
-2.551352
-2.222872
-1.280347
-0.406195
-0.063119
-0.398036
-1.285928
-2.305759
-2.904781
-3.709629
-3.821972
-3.071074
-2.275610
-1.126658
-0.345123
0.151749
0.022824
-0.063766
-0.202727
-0.628548
-1.289289
-1.537126
-1.277891
-1.219497
-0.817288
-0.724646
-0.371260
0.335483
0.529232
0.362890
0.743981
0.815568
1.197945
1.092466
0.943897
1.051599
1.399343
1.591318
1.377391
0.845432
0.345365
-0.136252
-0.576796
-0.346603
-0.172623
0.251581
0.686535
0.463002
0.208472
-0.075864
0.162664
0.573324
0.700928
0.689711
0.785722
0.812480
0.637981
-0.337359
-0.854679
-0.743927
-0.513439
-0.648449
-0.323952
-0.145983
0.389498
0.914238
1.003692
0.619838
0.166316
-0.276549
-0.352841
0.056581
0.406203
0.162904
-0.338072
-0.264473
-0.313796
-0.507497
-0.323655
-0.146551
0.147493
0.402962
-0.192955
-0.823037
-1.140783
-0.986862
-0.675975
-0.703033
-0.576815
-0.063651
0.400418
0.444238
0.547137
1.016214
1.051118
0.636296
0.333304
-0.589371
-1.025002
-1.140605
-0.926140
-0.776731
-1.111612
-0.858324
-0.250936
0.243967
0.261487
0.053693
0.098067
-0.010143
-0.505002
-0.684376
-0.864154
-0.532007
-0.175024
0.334470
0.599934
1.067062
1.425360
0.840954
0.128825
-0.576596
-1.010265
-1.203149
-1.051054
-0.330296
0.335577
0.097555
0.458685
0.704753
0.771796
0.533805
0.417115
-0.189818
-0.372253
-0.447144
-1.059836
-1.309031
-1.064430
-0.583006
-0.270264
0.566839
1.350141
1.711254
1.425991
1.015852
-0.128045
-1.240212
-1.853165
-1.362957
-0.482317
0.133917
0.822273
0.903881
0.779076
0.944584
0.775156
0.241771
-0.035312
-0.185193
0.159279
1.150923
1.780848
1.803691
1.502830
0.741877
0.103279
-0.723857
-1.440208
-1.364130
-1.056624
-0.290510
0.461765
0.964788
0.887285
0.650763
0.119337
-0.161861
-0.097280
0.163472
-0.322838
-0.965475
-0.971573
-0.839158
-0.741324
-0.240215
0.524596
0.965013
1.627165
2.404829
2.562468
1.782432
0.525389
-0.647467
-1.379410
-1.883474
-2.164467
-1.751261
-0.879168
0.158303
0.946545
1.270401
0.899292
0.295086
-0.486095
-0.905265
-0.903138
-0.639692
-0.334169
-0.228780
-0.285910
-0.478992
-0.739355
-0.848953
-0.775207
-0.610328
-0.520760
-1.086406
-1.719526
-1.294969
-0.244824
0.540571
0.951374
0.900787
0.298319
-0.092238
-0.229050
-0.814049
-0.535186
-0.029514
0.536166
0.823234
0.709236
0.561458
0.490109
0.869988
0.841871
0.473610
-0.551395
-0.864879
-0.633158
-0.181941
0.752948
1.040819
0.575164
-0.098488
-0.208353
-0.289920
-0.364328
-0.837442
-0.886638
-0.958660
-0.874039
-0.636742
-0.207381
0.226110
0.670897
0.757387
0.082449
-0.629851
-0.964497
-1.244294
-1.328215
-1.165678
-1.235612
-1.513314
-1.900410
-1.701931
-1.210939
-0.956399
-0.872072
-0.948174
-0.539830
0.281887
0.868380
0.714677
0.636679
0.474898
0.040840
0.154901
0.297259
0.051353
0.101489
0.387184
0.787041
1.537927
2.504794
2.802367
2.720028
2.030562
0.677520
-0.266148
-0.358982
0.130277
0.541916
0.481491
0.384652
0.848300
1.326328
1.272833
0.907340
0.945645
0.769709
0.545033
0.655979
1.214247
2.074196
2.599602
2.764800
2.204877
1.246504
0.602723
0.763518
0.647988
-0.004529
-0.680680
-1.102853
-1.225063
-1.259384
-0.677165
0.015729
0.137077
0.020212
-0.466233
-0.491711
0.183137
0.805088
0.933542
0.743475
1.018506
1.733568
2.234350
1.952325
