-0.504592
0.404422
1.154617
1.072764
0.642823
0.335159
-0.476982
-0.185498
-0.184038
-0.393016
-0.780710
-0.282536
0.158460
-0.199875
-0.203077
-0.799939
-1.212391
-0.531247
-0.730521
-0.294349
0.521483
0.788246
0.488504
-0.401366
-0.244439
0.323243
0.623669
1.177756
1.489296
1.764017
0.864562
-0.962460
-1.974222
-1.854886
-2.368071
-1.991316
-1.425435
-0.399288
1.019199
0.448130
0.748948
0.059757
1.056783
2.057855
1.039114
-0.085610
-0.522560
-0.716462
-1.729380
-3.616771
-3.201812
-1.503072
-0.685318
-1.193926
-1.943583
-1.092289
0.596687
0.848900
-0.663378
0.300432
1.209839
0.927599
1.113090
1.873767
2.496838
1.444413
-0.204338
0.698379
-0.049307
-2.156333
-1.733439
-0.746323
0.429024
0.794729
1.522960
1.144198
0.807947
1.351362
1.637341
1.180582
0.416434
0.306705
0.378170
0.076351
-0.909875
-2.036939
-2.603732
-2.261379
-1.816563
-0.653682
-0.300910
0.653395
1.742271
1.404446
1.680336
1.741246
2.252797
2.089383
2.602030
3.268181
1.818881
1.554324
0.438905
-0.333188
-0.185855
-0.748474
-1.335415
-0.661648
0.019986
0.158632
0.073276
0.777676
0.494494
-0.305093
0.862912
0.912057
-0.292649
-0.552356
-1.465676
-1.940392
-1.808766
-1.067055
-1.400011
-1.622889
0.551316
1.188612
0.517238
0.983042
-0.145200
-0.178993
0.528459
0.543796
-0.404594
1.017245
1.779136
0.642991
-1.050447
-2.362147
-1.209584
-0.628290
0.195350
0.200326
0.026300
0.957696
0.288640
0.047224
0.847499
0.478711
0.743808
0.570449
-0.680578
-1.032592
-1.004883
-1.642938
-1.532767
-1.191425
-0.185516
1.361984
1.662054
0.005050
0.624121
0.820508
0.876077
1.107661
0.682182
0.446970
-0.458515
-1.026208
-1.917822
-2.009008
-1.140498
-1.209931
-0.224204
0.820512
0.972962
0.678912
-0.175167
0.218427
1.019269
0.423559
-0.215492
0.022432
0.080682
-0.531260
-1.263254
-0.560231
0.030244
-0.104805
-0.647954
-0.526896
-0.586234
-0.059429
0.174555
0.050219
-0.064708
0.310326
0.660971
0.577221
0.141389
-1.119000
-0.786019
-0.268530
-0.574703
-0.757130
-0.286087
0.708873
0.449263
0.459861
0.336330
0.097675
0.994524
1.040436
0.182103
0.130891
0.327681
-0.020682
-0.106570
-0.837276
-1.781973
-1.496676
-0.619734
0.533322
0.592912
0.284396
0.019030
0.365649
-0.283017
0.186636
0.653158
0.506564
-0.002150
-0.130635
0.040327
-0.658818
-0.193783
0.044570
-0.191982
-0.148457
0.078726
0.365151
0.431286
0.077724
0.368867
0.289300
-0.862894
-0.321213
0.118800
0.227291
-0.527241
-0.547490
0.146733
0.101564
-0.865577
-0.461896
0.637218
0.870306
-0.108913
-0.042645
0.070133
-0.441040
-0.485527
-0.807893
-1.135568
-1.172653
-0.310183
0.774442
1.118781
0.358044
0.479765
0.675087
0.074475
-1.523128
-2.216877
-1.376420
-0.622689
-0.576520
-0.454565
-0.309468
0.097648
-0.358601
-0.553291
0.736052
1.800834
1.677346
1.488247
0.425304
0.130297
-0.534076
-1.550491
-2.574222
-1.161869
0.412250
0.260338
0.806682
1.519022
2.026362
2.187255
1.334366
0.517875
0.488562
-0.422405
-0.572359
0.285796
0.150494
0.019077
0.011592
-0.467582
-0.143983
1.045990
1.783848
2.029343
1.569198
1.218188
1.094268
0.307925
-1.465049
-1.450721
-0.153971
-0.317785
-0.627017
-0.430119
-0.506290
0.316484
1.350009
1.143970
0.563672
0.671120
0.314259
0.474845
0.603615
-0.117685
-1.167368
-1.288487
-1.263533
-1.466127
-1.021269
-0.599300
-0.622834
0.330692
0.677908
0.460492
0.389344
-0.081965
-0.821661
-0.954201
-0.374917
-0.673438
-1.848268
-1.552337
-0.007592
0.455249
0.462174
0.074028
0.339999
1.369307
1.734289
1.472004
0.622436
-0.506185
-0.875828
-0.615858
-1.310130
-2.088363
-1.606175
-0.632396
-0.031915
0.282239
0.088468
-0.131613
-0.046751
0.134337
0.313036
0.015159
-0.151719
0.054653
-0.509287
-0.476205
0.181842
0.626639
0.630516
0.019765
-0.390317
-0.108125
0.476064
-0.451639
-0.335790
0.308413
0.095055
-0.003635
0.764790
1.421703
0.928132
0.402438
-0.017864
0.219480
-0.795507
-0.786973
-0.327019
-1.010334
-1.603854
-0.064086
1.449646
1.313132
1.268480
0.926070
-0.039830
0.181481
0.180486
-0.359001
-1.643242
-2.002997
-1.377932
-0.730876
-0.736695
0.472284
0.955085
0.262490
0.759922
1.128757
0.618282
-0.066977
-0.622509
-0.858325
-0.531016
-0.227361
-1.286347
-2.071356
-1.711161
-2.143546
-1.781845
-0.756323
0.081152
0.533207
0.677234
-0.145856
0.873935
2.361278
2.019946
2.221145
2.541842
1.383145
1.452576
1.073238
0.218654
-0.870060
-1.620077
-2.455068
-3.262920
-1.823886
-0.129666
0.604862
1.996384
2.116360
1.461315
0.511839
0.048424
0.000115
0.707038
0.973814
0.660166
0.080930
-0.480942
-0.890034
-0.678978
-1.637071
-1.012639
0.119409
-0.021223
-0.553849
-0.152174
-0.252486
-0.082593
-0.083413
-0.160777
-0.732992
-0.429257
1.184655
1.601344
0.684568
0.959681
1.041364
0.146098
-0.411106
-0.788129
-0.274649
0.434221
0.171548
-0.384363
-0.308674
0.674861
0.868038
0.782797
0.378254
0.513443
1.064526
0.274454
-0.417376
0.176929
0.652042
0.985972
0.717327
0.237795
0.716202
0.566005
-0.002625
-0.071161
-0.271454
-0.491210
-0.349111
-0.411070
-0.841452
-0.318525
0.206061
0.472820
-0.082241
0.268119
0.223992
-0.568930
-0.884519
0.139369
0.417397
0.580849
0.689251
0.175729
-0.430682
-1.331205
-0.963640
-0.423527
0.895717
1.463504
0.685959
0.916810
0.947475
0.333929
-0.146375
-0.958583
-0.468798
-0.432979
-0.123050
-0.307310
-0.572121
-0.029417
-0.567565
-1.042236
-0.239571
-0.169061
-0.401132
-0.090867
0.607205
-0.074247
-0.363360
0.641346
1.024002
0.372866
-0.049094
-0.710080
-0.928658
-1.329678
-1.242094
-0.836490
-0.451737
-0.169314
0.093324
0.295446
0.017061
0.372952
0.083836
0.330245
0.741339
0.587685
-0.039741
-0.230672
-0.670119
-1.397611
-2.286160
-2.057606
-0.796330
-0.308128
0.475239
1.523812
1.978235
1.171189
0.964954
0.950271
-0.128727
-0.209027
0.574592
-0.187672
-0.667739
-0.536189
-0.511160
-0.730265
-0.597195
-0.486730
-0.267401
0.102889
-0.219564
0.188904
0.297837
-0.169976
0.113934
-0.494383
-0.554352
0.060667
-0.154781
-0.502609
0.164409
0.880950
0.328018
-0.020706
-0.155863
-0.028904
0.324344
0.195833
0.068771
-0.155005
-0.026714
-0.062607
0.359400
0.177115
0.218251
0.625861
0.636375
0.598266
-0.134004
-1.004851
-0.185634
-0.506351
0.348268
1.349660
1.139092
0.500689
0.136573
-0.779205
-0.304138
0.683995
0.081317
-0.437345
0.352398
-0.129438
-0.489661
0.192905
0.036188
0.156777
1.044412
0.362872
0.359659
-0.264454
-0.065210
0.512997
0.747961
0.788364
0.974542
1.094687
0.675378
-0.426799
-0.639258
0.436418
0.146123
-0.209045
0.166853
0.133067
0.453091
0.564538
0.769256
1.065777
1.745616
1.037273
0.744588
0.504284
-0.508978
-0.344749
0.771159
0.994009
0.165554
0.044555
0.555913
0.405555
-0.290285
0.200535
0.309355
-0.286733
-0.597279
0.125325
0.344835
0.571255
0.392193
-0.686034
-0.793762
-2.028749
-2.462297
-2.048951
-2.443755
-1.866060
-1.232649
-1.090535
-0.806077
-1.133212
-1.659596
-2.408913
-3.201977
-3.705279
-3.268867
-1.528285
-0.273178
0.078392
0.010634
-0.085744
-0.046097
-0.149689
-0.460814
0.331116
0.999075
0.557637
-0.659828
-1.947023
-2.188731
-2.244544
-1.738136
-0.443779
1.336549
2.346538
2.284069
2.339642
2.678912
2.036973
1.585676
1.623458
1.126844
1.290649
1.226559
0.025641
-1.264709
-2.529550
-2.258907
-1.184056
0.706321
1.757875
1.274573
0.874750
1.086767
1.148017
0.596775
-0.046615
0.264437
1.076981
0.465042
-0.503576
-1.415757
-1.046642
-1.068954
-2.807306
-1.743360
-0.238539
0.419440
0.381366
0.442288
0.187299
0.332022
0.214425
-0.421994
-0.791752
0.135797
1.025499
0.854170
-0.035277
-0.087229
-0.120566
0.481502
-0.020927
0.209653
0.845127
1.029185
0.810563
-0.594165
-0.715138
0.028309
0.146384
0.868906
1.383051
1.224259
0.181812
-0.001183
0.605016
1.053842
-0.080763
-0.487714
-0.286048
0.315136
-0.423789
-0.294238
0.284211
0.390266
-0.169779
-0.407052
-0.178212
0.497527
0.828076
0.145755
-0.142530
0.520795
0.061515
-0.280411
-0.837005
-0.278927
0.295950
0.135553
0.433467
0.872878
0.917217
0.493460
-0.335894
-0.100495
-0.516929
-0.130673
1.243629
1.023224
-0.399127
-1.519980
-2.735867
-2.130806
-1.552297
-0.983928
0.834000
0.606479
0.684132
1.473943
1.132641
1.160437
-0.455044
-0.738240
-0.197069
0.298055
0.335866
-0.778432
-1.196256
-1.384436
0.224924
1.429136
0.987016
1.130799
0.921356
0.732747
0.170012
-1.146549
-0.919890
-1.116379
-2.294676
-1.302880
-0.653861
-0.023406
-0.308052
-0.542733
1.288606
1.834471
0.768306
0.744555
0.281974
0.314444
0.217934
-0.572131
-0.563192
-0.430992
0.010378
-0.366039
-0.313884
0.365193
-0.122278
0.304384
0.136264
-0.207377
0.497094
0.666749
0.347387
-0.080249
-1.166766
-1.434841
-0.990526
-1.095677
0.016895
0.683875
0.691128
0.971755
1.641399
1.739180
0.046043
-0.526539
0.016055
0.213435
-0.424994
0.006322
0.679828
0.593799
0.746653
0.522105
1.336412
1.354058
1.144291
0.698845
0.283604
0.465814
0.215498
-1.084485
-1.270043
0.024444
0.076277
-0.757817
-0.589956
-0.680182
-0.398991
-0.729889
-0.500931
-0.882410
-0.370648
0.547348
0.535433
0.045199
-0.367913
-1.213864
-1.331129
-1.076496
-0.247379
0.065006
0.510792
1.564573
1.934120
1.151443
0.919906
0.338953
-0.082437
-1.046916
-2.038516
-1.077021
-1.035256
-0.405222
-0.003053
-1.022228
-0.789879
-0.640966
-1.327470
-0.290411
1.047365
0.995758
1.058436
1.123772
0.586837
0.053910
-0.891704
-1.036107
-0.992261
-0.658106
-0.372426
-0.682611
-0.640057
0.002866
-0.152934
0.069857
0.425654
0.673594
0.500915
-0.159243
-1.364135
-1.837436
-1.329498
-1.476502
-1.056257
-0.748636
-0.490449
-0.400986
0.129532
0.319966
0.525656
0.237751
1.013530
1.854406
2.142962
1.845480
0.644766
0.122187
-1.309855
-1.596569
0.492065
1.497933
0.893976
1.561629
1.855589
1.701578
0.893322
0.175628
0.421488
0.276454
-0.414261
-1.444715
-1.252673
-1.199345
-0.796704
-0.923155
1.176762
2.717897
2.413465
2.219695
1.946682
1.372683
0.536654
0.351187
0.097023
0.141005
-0.584267
-1.092609
-1.539981
-3.022249
-2.201715
-0.634038
0.650235
1.243905
1.642466
2.023279
1.520695
1.191968
0.000844
-0.325549
-0.014530
-0.599926
-1.964649
