1.305020
1.556439
1.560073
0.565018
-0.036511
-0.044716
-0.218253
-0.208775
-0.020487
0.095582
0.494683
0.877188
0.633824
0.767606
0.755696
0.215895
-0.478808
-0.781339
-0.273370
-0.693629
-0.578362
-0.603760
-0.836179
-0.436304
0.238201
0.707595
0.990735
0.282166
0.145563
-0.315206
-1.271959
-1.716381
-1.657825
-1.336992
-0.079697
0.814201
0.420928
0.329275
0.722508
1.190563
1.222408
0.582087
0.405822
0.285214
-0.141060
-0.817063
-0.779378
-0.845805
-0.929112
0.305264
1.141348
1.520702
2.402961
2.538712
2.412011
1.101854
0.086988
-0.479220
-0.756813
-0.517196
0.244805
0.847515
0.725084
0.919325
0.640388
-0.196051
-0.397989
0.215713
0.655125
0.827656
0.702508
0.820213
0.249604
-0.260267
-0.497818
-0.790034
-1.175392
-0.642486
-0.556696
-1.547018
-2.317703
-2.550824
-2.276541
-1.763071
-0.883197
0.302710
1.069580
1.707388
2.056465
1.662191
0.966487
0.239668
-0.062615
-0.683347
-1.470751
-1.974937
-2.300531
-1.766886
-1.426955
-0.744623
-0.308132
-0.369002
-0.509149
-0.793311
-1.107720
-1.243857
-1.675139
-0.866090
-0.394169
-0.467474
0.111586
0.338339
0.482987
0.459831
0.896310
0.858459
0.972310
1.304767
0.918457
0.121235
0.291673
0.436566
-0.106600
-0.498957
-0.450650
-0.191856
0.361277
0.268995
0.600772
0.753777
0.611394
0.551198
0.171309
-0.249059
-1.231287
-1.685716
-1.179346
-0.787019
-0.580952
-0.110175
-0.058893
-0.317702
0.426356
1.675162
2.449715
2.400550
1.550023
0.920068
-0.065174
-0.320308
-0.865854
-1.805771
-2.044605
-1.867152
-0.456562
0.342866
1.222883
2.121968
2.203857
2.116737
1.318407
0.925007
-0.048397
0.260519
0.515398
0.068449
-0.134967
-0.091441
0.057926
0.161412
0.613102
0.905529
1.320956
1.788209
1.447959
0.818440
0.194274
-0.185373
0.099514
0.045775
-0.338662
-0.425339
-0.400624
-0.383009
-0.708125
-0.356454
-0.049200
-0.094641
0.245831
0.326047
0.428296
0.085014
0.618791
0.658249
-0.042685
0.003085
-0.280213
-0.395576
-0.575629
0.138630
1.046503
1.501374
1.556070
1.469426
1.474238
1.719475
1.444883
1.366403
1.172828
0.659418
0.390395
0.035184
-0.213438
-0.838976
-0.827893
-0.829572
-1.087830
-1.182223
-0.736361
-0.261281
-0.148066
0.004479
-0.571145
-1.596954
-1.922612
-2.149520
-2.140901
-1.831863
-1.132324
-0.612262
-0.380206
0.139182
0.549253
0.719574
1.048589
1.192358
1.925246
2.546443
2.688320
2.752484
2.065225
1.564720
0.821391
0.637077
0.812154
0.326526
0.573659
0.761369
0.805810
0.474788
0.136213
0.473163
1.085887
0.907474
0.414466
0.291096
0.775313
0.664138
0.925723
0.525387
-0.320714
-0.541964
-0.755170
-0.228110
-0.579398
-1.018976
-0.617941
-0.514010
-0.592955
-0.514178
-0.360176
-0.770533
-1.013493
-0.889234
-0.381713
0.094037
0.121695
-0.414207
-0.593801
-1.091312
-1.213826
-1.690530
-1.977866
-1.531215
-1.408708
-1.653156
-1.417638
-0.987877
-0.768151
-1.029539
-1.235039
-0.255418
0.541475
0.312445
0.075016
-0.218041
-1.283292
-2.322696
-2.301675
-1.576465
-1.247481
-0.934471
-0.307069
0.219745
0.536754
0.521384
0.652125
0.377983
-0.329541
-0.399057
-0.471819
-1.093678
-1.902084
-1.558665
-0.641891
-0.415037
0.102266
0.704358
1.172858
1.234758
1.251841
1.272402
0.764595
0.448772
-0.105415
-0.020312
0.347222
-0.494447
-1.483652
-1.910563
-2.684645
-2.337579
-1.861618
-1.237761
-1.098105
-0.379356
0.532572
0.656798
0.631529
0.731167
0.554815
0.136102
-0.038828
-0.119519
-0.436593
-0.834141
-0.575949
-0.474836
-0.142699
0.110609
-0.014630
0.014650
0.526159
0.919124
0.952572
0.553455
-0.386621
-0.921229
-1.505147
-1.524012
-1.533166
-1.058656
-0.309724
-0.387937
-0.335063
-0.474928
-0.521443
-0.808725
-1.147165
-0.818225
-0.455163
-0.759699
-0.525700
-0.159842
0.504335
0.816047
0.212900
0.556036
1.164652
0.723873
0.626235
0.853373
1.162406
1.632692
1.867357
1.899054
2.063808
2.532820
1.789847
1.103853
0.143767
-0.062448
0.193880
0.782688
0.949631
1.678898
1.734394
1.115258
0.615984
0.411815
0.716931
0.389582
0.614193
0.623624
0.365190
0.144413
0.163656
-0.088314
0.245252
0.240353
0.227485
0.325270
0.061989
-0.515123
-0.810588
-1.233018
-1.426850
-1.588604
-1.361132
-0.437025
-0.016491
0.102354
0.697532
1.320372
1.703828
1.301326
0.116495
-0.388278
-1.136579
-1.656630
-1.459156
-0.856200
-0.411517
-0.213070
-0.867383
-0.725212
-0.160192
0.079397
0.434422
0.554924
0.693712
0.611204
-0.142219
-0.036779
0.246006
0.414076
0.313721
0.193203
0.213730
0.063720
-0.502058
-0.600423
-0.632194
-0.610856
-0.655192
-0.134616
0.528286
0.960786
0.541372
0.925086
1.196289
0.718791
-0.436047
-1.316294
-1.917813
-2.342742
-2.580727
-1.658229
-0.671404
-0.320112
0.245269
0.358666
1.252657
2.192030
2.425209
2.311977
1.600519
0.252473
-0.641784
-0.988806
-1.071996
-0.906502
-0.543386
-0.348835
0.147678
0.233835
0.262451
0.271378
0.129480
-0.135426
0.474610
0.650947
-0.244204
-1.015806
-1.637674
-1.241010
-0.289245
0.656311
1.872276
2.215310
1.875883
1.515025
0.880863
0.402987
-0.023577
-0.321038
-0.547047
-1.022871
-0.942683
-0.081007
0.649051
1.195324
1.256777
1.623055
1.909353
1.289182
0.861516
0.560093
-0.415328
-0.535147
-0.944676
-1.316391
-0.976789
-0.433703
0.193839
0.436202
0.747476
1.367943
1.119331
0.115268
-0.641814
-1.305327
-1.569350
-1.728590
-1.118722
-1.060527
-0.892432
-0.524534
-0.443848
-1.145171
-2.241034
-2.207010
-1.684083
-1.276335
-0.408375
-0.089886
0.120183
1.160197
0.965052
0.846188
0.613010
0.107807
-0.551012
-1.350332
-2.258154
-2.388781
-2.206970
-1.978240
-1.417480
-0.964799
-0.272147
0.187789
0.535183
0.877728
1.060968
0.365695
0.457777
-0.260824
-1.243177
-1.710090
-1.119178
-1.083949
-0.846594
-0.378849
-0.215362
0.163654
0.308643
0.576730
0.113663
-0.252697
-0.211288
-0.719014
-1.201814
-1.376981
-2.021219
-0.980296
-0.049631
0.293592
0.577910
0.734882
1.038919
0.656048
1.051771
0.766388
0.580604
0.429624
0.252642
0.190264
-0.352002
-0.387447
-0.490871
-0.535996
-0.650432
-0.573286
0.023627
0.107366
0.126617
1.005136
1.240566
0.767077
0.054581
0.207264
0.390902
0.141718
-0.597176
-1.628303
-2.329305
-2.465777
-2.255447
-1.893325
-0.804683
0.588749
1.393471
1.841511
1.725134
1.190095
0.552462
-0.374451
-0.736998
-1.416844
-1.734865
-1.556677
-1.537875
-0.818852
-0.458205
0.160221
0.574129
0.578631
1.159044
1.448605
1.055380
0.338537
0.856011
1.470733
1.266779
0.739233
0.044231
-0.565248
-0.249403
0.060682
0.059680
0.204919
0.095466
0.015540
0.517652
0.828208
1.545121
2.294402
2.500079
2.358602
2.223967
1.604785
1.012854
0.431837
0.733151
0.863218
0.870736
0.968665
1.049770
1.369192
1.275348
1.411256
1.249526
0.648593
0.578192
0.828906
0.602147
0.400844
-0.598937
0.098960
0.798309
0.889085
0.848654
1.626765
2.259192
2.053977
1.697395
1.176130
1.288424
0.969025
0.262694
0.192772
0.371456
0.869486
1.162510
1.538056
1.619266
1.058890
0.454243
-0.234554
-0.688393
-0.618661
-0.174746
-0.272438
0.133517
0.170413
0.034703
0.048970
0.010580
-0.559210
-0.680340
-0.395097
-0.348123
-0.367363
-0.116168
0.213936
0.406326
0.631779
0.238510
0.666478
0.809251
0.786904
1.314854
1.258612
1.074924
0.344105
-0.397758
-0.961542
-1.204572
-1.326690
-0.302367
0.506669
0.626402
0.178234
-0.022155
-0.677340
-1.303803
-1.729676
-1.419697
-1.123711
-1.070341
-1.263796
-1.111393
-0.441043
0.191382
0.802245
1.442530
1.552047
1.256039
0.905765
0.036665
-0.636192
-1.058730
-1.840895
-1.781469
-1.284611
-0.075284
0.198591
1.143609
2.205264
2.634256
2.486832
1.401599
0.528543
-0.265193
-0.997417
-1.945437
-1.920095
-1.597214
-1.514307
-1.261384
-0.753320
-0.459984
0.856990
1.351885
1.711608
1.601249
1.188006
0.377528
-0.096994
-0.564997
-0.611535
-1.042671
-1.143796
-1.352767
-1.620459
-1.261080
-0.722808
-0.033833
-0.055474
-0.427997
-0.161122
-0.015322
-0.403097
-1.010850
-1.233226
-1.187177
-1.401560
-2.357012
-2.355969
-1.435642
-0.833651
-0.777943
-0.493437
-0.721040
-0.609991
-1.201170
-1.636731
-0.915289
-0.224938
-0.494833
-0.451442
-0.517587
-0.717545
-1.108977
-1.061847
-1.595513
-1.322788
-0.707662
-0.786641
-0.877501
-0.693054
-0.342671
-0.191780
-0.383436
-0.355801
0.475136
0.395861
-0.118538
-0.035976
-0.078247
0.026730
0.415645
0.782786
0.648096
1.318197
1.068333
0.503515
-0.053910
-0.446143
-0.230159
0.348706
0.247094
0.790313
1.263724
1.346157
1.263398
0.657770
0.053762
-0.726581
-0.695434
-0.775479
-0.306799
0.089239
0.405145
0.795655
0.922153
0.907309
0.875866
1.482492
1.739602
0.760463
0.368917
-0.014354
-0.518781
-1.028685
-1.037842
-0.386141
0.029774
-0.007162
0.420356
0.499170
0.887746
0.968156
0.888056
0.649307
-0.190239
-0.883649
-0.905806
-1.123358
-1.246652
-0.942142
-0.379476
0.076841
0.615065
0.896087
1.041533
1.060391
0.789249
-0.134308
-0.256887
-0.234529
-0.838980
-1.100232
-0.872419
-0.273764
0.259082
0.433357
0.298697
0.516695
0.376364
-0.224206
-1.133843
-0.992405
-0.789884
-0.559632
-0.466033
-0.470588
0.284040
0.582931
-0.130274
0.141617
0.332649
0.220132
0.216848
-0.086263
-0.040013
-0.130727
-0.372026
-0.461496
0.336115
0.824815
0.417491
0.006990
-0.810508
-1.058612
-0.853536
-0.852965
-0.327768
-0.272093
-0.834414
-1.291564
-1.123702
-1.055080
-0.258061
0.309442
0.198797
0.118918
-0.106811
-0.542360
-1.030284
-1.452526
-1.695961
-1.237008
-0.490099
0.224052
0.429065
0.203684
-0.046154
-0.481039
-0.471370
-0.360301
0.305143
0.604888
-0.139437
-0.813517
-1.037313
-0.651937
-0.057643
0.398286
0.430673
1.213391
1.437157
1.227626
0.974602
0.717046
0.329678
-0.546758
-1.392034
-1.144170
-1.233655
-0.831268
0.389755
0.710125
0.877697
0.709801
0.752664
0.050451
0.236221
0.547682
0.698085
0.746351
0.794939
0.997572
0.767123
0.290992
-0.097025
-0.618355
-0.761978
-0.936256
-0.381809
0.228296
0.836610
0.953888
0.408580
0.772576
0.906633
0.508103
0.496651
1.518967
1.765543
1.427783
0.460861
-0.450189
-0.773028
-1.051720
-0.458233
0.672047
0.932749
1.098726
0.787133
1.118497
0.539353
-0.325877
-0.099657
-0.186458
-0.274870
-0.504759
-1.031223
-0.850086
-1.109828
-0.861027
0.011034
0.503686
