-0.223383
-0.047948
0.079930
0.565721
1.010124
1.475097
1.896875
1.899796
1.498755
1.347474
1.332330
0.954620
0.854309
0.918492
0.589948
0.425363
0.494862
0.637887
0.525743
0.578754
0.523129
0.739593
1.032142
1.195872
1.425728
1.301488
1.121058
0.784984
0.864180
1.368004
1.233839
0.937299
0.887743
0.298647
0.036516
-0.014785
0.060180
0.033379
-0.009056
0.539016
1.231214
1.225262
0.975205
0.745010
0.330852
0.268245
0.040366
-0.200866
-0.440816
-0.400988
-0.075626
0.471454
0.688936
0.760280
1.226525
1.281236
0.787441
0.116411
-0.647094
-1.326772
-1.604583
-1.345155
-1.227258
-1.404370
-1.604239
-1.763264
-1.620654
-1.748479
-1.606813
-1.312129
-0.944468
-0.857893
-1.003401
-1.264887
-1.336424
-1.259117
-1.368625
-1.545577
-1.412109
-1.370779
-1.640121
-1.609833
-1.110637
-0.652189
-0.282131
-0.080035
-0.181979
-0.043385
0.430082
0.743761
0.661125
0.674746
0.992592
1.034415
0.605179
-0.067972
-0.491486
-0.344782
-0.001382
0.185671
0.374200
0.314750
0.443911
0.610720
0.740304
0.764277
0.553929
0.433732
1.095893
1.859013
2.113814
2.195336
2.062293
1.503236
0.681803
0.422618
0.196833
-0.290769
-0.575201
-0.757263
-0.906614
-1.223677
-1.619983
-1.426042
-1.122206
-1.042923
-0.502173
0.106596
0.177972
0.276138
0.475652
0.610496
0.524123
0.367972
0.183225
-0.157950
-0.553620
-0.824454
-0.873834
-0.679760
-0.570509
-0.434145
-0.225019
0.135133
0.314147
0.558033
0.588273
0.526199
0.558129
0.413914
-0.356007
-0.775515
-0.960592
-1.384207
-1.554952
-1.380840
-1.367490
-1.283820
-0.928907
-0.625858
-0.269121
0.287582
0.505936
0.227457
-0.217849
-0.557716
-0.731299
-0.950649
-1.286944
-1.711775
-1.855901
-1.432552
-1.082638
-0.852502
-0.651537
-0.178432
0.152910
0.267916
0.428513
0.168559
0.177562
0.261780
0.449354
0.614781
0.632629
0.677915
0.789516
0.568287
0.633633
0.591741
0.242183
0.132936
0.111447
0.149170
0.480567
0.686194
0.772627
1.025125
1.448572
1.749143
2.011448
2.195412
2.115309
2.072779
1.811375
1.249977
0.785392
0.806732
0.217984
0.002729
-0.091495
-0.584870
-0.887475
-0.946803
-0.736360
-0.571786
-0.286270
0.160609
0.300888
0.165318
0.205226
0.101366
-0.284970
-0.391785
-0.473991
-0.554961
-0.804583
-1.079427
-1.234816
-1.219700
-1.218039
-1.382014
-0.934820
-0.545927
-0.349456
-0.303741
-0.424129
-0.153676
-0.071856
0.011413
0.085064
-0.112952
-0.204491
-0.453835
-0.606144
-0.546288
-0.264098
0.372507
0.928001
1.639060
1.958923
1.933726
2.182755
2.036160
1.762228
1.607883
1.412345
0.948103
0.556137
0.532302
0.512244
0.597935
0.927411
1.243206
1.499555
1.596595
1.311318
1.036044
0.675660
0.556217
0.231725
-0.074474
-0.386171
-0.187636
0.144944
0.136492
0.164263
0.098692
0.048139
-0.086396
-0.130214
0.016797
-0.039936
-0.528885
-0.697617
-0.898311
-1.182602
-1.415183
-1.560827
-1.900243
-2.144422
-2.402794
-2.062787
-1.660462
-1.367331
-1.054644
-1.080604
-0.857508
-0.663804
-0.814609
-0.897963
-0.866663
-0.953371
-1.210825
-1.200367
-1.061904
-1.002669
-0.873656
-0.584012
-0.401180
-0.295461
-0.166767
-0.124850
-0.136212
-0.285753
-0.229868
-0.111100
-0.044355
0.119865
0.263232
0.549464
0.817604
1.145470
1.315853
1.160988
0.888346
0.431698
-0.034935
-0.317870
-0.440519
-0.213569
0.303976
0.412712
0.541411
0.638861
0.461694
0.436681
0.618374
0.862453
1.116506
1.313190
1.101701
0.895006
1.172086
1.507098
1.614218
1.257692
0.992402
0.812101
0.975567
1.185430
1.256293
1.045993
0.781768
0.708204
0.621983
0.444942
0.068877
-0.504273
-1.085455
-1.380203
-1.151443
-1.046828
-0.754255
-0.497558
-0.176152
0.012125
-0.015468
-0.194588
-0.425377
-0.526526
-0.470033
-0.616786
-0.619836
-0.562684
-0.719612
-0.835356
-0.647458
-0.161513
0.318911
1.108856
1.592811
1.717545
1.707279
1.597460
1.657541
1.914800
2.141603
2.133572
2.156684
2.574658
3.023316
2.990829
2.591738
1.954157
1.578168
1.291992
1.403359
1.365729
0.986285
0.806862
0.650597
0.577940
0.435422
0.094756
-0.044325
-0.019883
0.000527
0.032587
-0.156686
-0.606362
-1.369704
-1.978000
-2.225233
-2.140836
-2.222099
-2.280787
-2.087166
-1.727300
-1.560556
-1.657559
-1.832972
-1.956286
-2.355064
-2.611891
-2.666421
-2.440124
-2.103721
-1.896817
-1.729896
-1.824679
-1.544702
-1.189753
-0.971380
-0.786116
-1.014296
-1.320055
-1.655039
-1.736344
-1.710054
-1.702244
-1.633604
-1.312376
-0.798749
-0.067153
0.613264
1.165951
1.568530
1.679353
1.838822
1.888235
1.721442
1.660325
1.165055
0.610297
-0.107524
-0.532261
-0.796066
-1.242651
-1.969113
-2.433589
-1.917719
-0.721587
0.408345
0.840198
0.892659
0.846991
0.791236
0.707060
0.677926
0.537573
0.363700
0.130169
-0.155601
-0.553595
-0.785741
-0.648837
-0.434062
-0.127321
-0.018260
-0.057049
-0.311824
-0.797615
-1.340545
-1.664362
-1.940271
-1.759216
-1.310357
-0.987474
-0.683274
-0.217507
0.053613
0.236468
0.307710
0.216828
0.112926
0.178919
0.198152
0.292435
0.407873
0.403873
0.543777
0.694006
0.769921
0.853705
1.000218
1.387022
1.784775
2.104679
2.152211
2.088340
2.101640
1.778220
1.432363
1.135854
0.958666
0.874437
0.524416
0.143509
-0.366760
-0.632831
-0.751849
-0.859846
-0.942667
-1.049757
-0.733101
-0.328246
-0.093827
-0.117624
-0.131500
-0.331881
-0.246324
0.019523
0.383115
0.486208
0.450460
0.087253
-0.497277
-1.055074
-1.544318
-1.891243
-2.241840
-2.139407
-1.477092
-0.677729
-0.113136
0.512431
0.871974
0.765252
0.660193
0.631214
0.260106
0.007656
-0.130716
-0.462943
-1.172402
-1.734159
-1.677269
-1.809267
-1.740460
-1.516037
-0.877094
-0.166503
0.375555
0.732070
0.818510
0.598550
0.517047
0.594929
0.380824
0.164766
-0.098147
-0.453617
-0.614188
-0.688024
-0.823478
-1.123121
-1.191855
-0.955434
-0.026225
0.545700
0.676945
1.315325
1.731408
1.581036
1.260808
0.768459
0.429720
0.178906
-0.049052
-0.169024
0.028374
0.077944
0.070245
-0.061794
-0.269418
-0.525499
-0.683094
-0.692048
-0.781354
-0.677730
-0.211692
0.313138
0.552994
0.736811
0.874756
0.878592
0.718115
0.333566
0.119710
0.090028
0.089613
0.284087
0.423918
0.438349
0.413518
0.249437
0.248062
0.279647
0.670318
1.076169
1.221272
1.436430
1.287196
0.645160
-0.039057
-0.507681
-0.737998
-0.657221
-0.535300
-0.344979
-0.324699
-0.400325
-0.562522
-0.943779
-0.841578
-0.358401
0.129184
0.521333
0.646556
0.662022
0.608220
0.519975
0.463192
0.699555
0.637296
0.806658
0.925722
0.859586
0.872765
0.815330
0.695900
0.171249
-0.364614
-0.894130
-1.185426
-1.219451
-1.258819
-1.390207
-1.511403
-1.350930
-0.969856
-0.420566
0.247723
0.634386
0.681066
0.469441
-0.060251
-0.557166
-1.233840
-1.363396
-1.208865
-0.914369
-0.563308
-0.282627
-0.410711
-0.377174
-0.214743
0.136595
0.564829
0.818670
1.043940
1.139933
1.108207
0.910820
0.805873
0.741611
0.709206
0.524262
0.274570
-0.094337
-0.144792
-0.394228
-0.740866
-1.003513
-0.866418
-0.532725
-0.059780
0.452357
0.913772
1.264581
1.413475
1.275815
1.014351
0.498601
-0.239637
-0.640403
-1.156073
-1.522925
-1.586670
-1.216382
-0.597520
0.055807
0.535486
0.906765
1.101423
1.134328
1.364239
1.089237
0.367988
-0.481385
-1.115999
-1.448661
-1.306701
-1.229083
-0.940589
-0.704230
-0.282668
0.438908
0.782451
0.796327
0.526558
0.062639
-0.226325
-0.464088
-0.485952
-0.154052
0.126216
0.607211
0.958676
0.870617
0.459758
0.056755
-0.466639
-0.809546
-1.401547
-1.671463
-1.709667
-1.617480
-1.444966
-1.110309
-0.545325
-0.144096
0.530976
0.944381
1.088273
0.994011
0.871753
0.604733
0.273373
0.120718
-0.053207
-0.052283
0.382882
1.053040
1.263759
1.103962
0.856539
0.591201
0.308153
0.028489
-0.159516
-0.407319
-0.557815
-0.783475
-0.961163
-0.854337
-0.553563
-0.312098
0.049836
0.494198
0.894278
0.959447
0.896369
0.714282
0.688618
0.841100
0.835082
0.769799
1.110583
1.301345
1.126923
0.645733
0.034663
-0.597723
-1.317829
-1.447239
-1.333326
-1.181962
-0.923307
-0.471827
-0.145567
0.102361
0.310551
0.279662
0.255964
0.316223
0.108344
-0.379464
-0.851201
-1.388303
-1.686646
-1.831887
-1.982315
-2.103549
-1.686991
-1.220295
-1.038110
-0.899722
-0.799698
-0.718572
-0.555477
-0.495598
-0.404832
-0.273340
-0.186835
0.108429
0.205604
0.489349
0.975680
1.145521
0.966042
0.667502
0.299858
-0.077005
-0.104453
-0.017705
0.157460
0.341351
0.390283
0.410502
0.637699
1.052706
1.431563
1.455237
1.466311
1.307493
1.270130
1.400866
1.568245
1.748950
1.979520
1.878839
1.571493
1.330143
1.175321
1.139743
1.130632
0.833288
-0.068502
-0.754918
-1.062874
-1.156726
-1.247290
-1.084551
-0.834898
-0.370373
0.107507
0.538330
1.023277
1.280217
1.343476
1.107141
0.780019
0.550392
0.238768
0.031430
-0.083058
-0.231512
-0.218356
-0.168010
0.089190
0.057531
-0.011285
-0.001244
0.124102
0.294907
0.256768
-0.126405
-0.595745
-0.846444
-1.115577
-1.311334
-1.212755
-0.810984
-0.258089
0.026572
0.338536
0.475701
0.348056
0.437174
0.342170
-0.051992
-0.704990
-1.044163
-1.209476
-1.208435
-0.880125
-0.505746
0.021062
0.390714
0.649373
0.926274
1.141122
1.433109
1.762538
1.812307
1.528309
0.710952
-0.210608
-0.687009
-0.918194
-1.121379
-1.320704
-1.217795
-0.951808
-0.712099
-0.500607
-0.206022
0.092457
0.238236
-0.019139
-0.347859
-0.497727
-0.750497
-1.174164
-1.739519
-1.885865
-1.749109
-1.567073
-1.177179
-0.782695
-0.288020
0.334489
0.944932
1.492909
1.435487
0.998688
0.474691
0.062863
-0.308268
-0.941850
-1.309646
-1.449439
-1.191825
-0.745493
-0.168285
0.225426
0.579589
0.878870
1.007145
1.035530
1.146128
1.106829
0.926603
0.801114
0.521732
0.089310
-0.321134
-0.653547
-0.769652
-0.554157
-0.139183
0.129504
0.095202
0.006878
0.026255
0.222175
0.520261
1.010286
1.319984
1.326108
1.165384
0.779649
0.389382
-0.020292
-0.549211
-1.171712
-1.560099
-1.960606
-2.286931
-2.232400
-1.983350
-1.431455
-0.769501
-0.301530
0.456369
0.925992
1.214346
1.262721
1.046798
0.790834
0.456396
-0.149320
-0.575148
-0.953989
-1.259815
-1.410181
-1.327503
-1.086309
-0.754108
-0.610751
-0.501772
-0.388461
-0.059198
0.307570
0.524887
0.472521
0.332412
0.134277
0.121019
-0.030271
-0.011669
0.214289
