0.625924
0.217990
-0.229590
-0.619613
-1.041999
-1.605750
-2.204767
-2.282208
-1.979613
-1.473513
-1.013703
-0.691935
-0.301732
-0.249282
-0.280501
-0.257555
-0.437291
-0.635230
-0.885039
-1.079698
-1.360159
-1.495747
-1.569246
-1.589840
-1.401207
-0.952993
-0.629702
-0.746894
-0.841150
-0.983753
-0.938270
-0.396609
0.031317
0.335446
0.198810
-0.157173
-0.174242
-0.040258
0.080201
0.134920
0.306635
0.616613
0.729385
0.699449
0.754910
0.781313
0.984462
1.178898
0.904535
0.387259
-0.368901
-0.787944
-0.924294
-0.628707
-0.169374
0.031212
0.177506
0.337883
0.502486
0.892307
1.060713
0.881065
0.896798
0.907177
1.135495
1.397916
1.357086
1.097519
1.134923
1.295921
1.439643
1.588753
1.393015
1.022691
0.806058
0.712589
0.858106
1.260272
1.287198
1.006888
0.633194
0.422939
0.124494
0.108992
0.413681
0.502789
0.579935
0.380625
-0.176135
-0.392786
-0.696850
-1.081140
-1.293587
-1.181129
-1.140245
-0.825717
-0.304917
0.052986
0.097877
-0.220736
-0.379976
-0.425503
-0.634047
-0.813267
-1.024516
-1.164620
-1.336513
-1.591378
-1.759719
-2.158160
-2.890612
-3.212547
-3.161619
-2.597195
-1.932372
-1.282596
-0.919618
-0.375101
0.255558
0.734892
1.162683
1.375021
1.130995
0.818004
0.124896
-0.751736
-1.095406
-0.835185
-0.700780
-0.622846
-0.305436
-0.042414
0.198766
0.150258
0.079147
0.350941
0.812353
1.296692
1.570424
1.729017
1.505008
1.066629
0.923430
0.746288
0.499469
0.384668
0.099132
-0.105956
-0.158951
-0.118634
0.198183
0.718469
0.802950
0.694734
0.714209
0.701378
0.636190
0.547147
0.443320
-0.095361
-0.589345
-0.764044
-0.508053
-0.029946
0.627424
1.136734
1.467144
1.760805
1.803187
1.535802
1.339696
1.212706
1.262129
1.605304
1.767296
1.522735
1.239900
1.099665
0.998206
0.788062
0.559681
0.393530
-0.005259
-0.499716
-0.720136
-0.604767
-0.124993
0.321579
0.530869
0.262421
0.372196
0.831196
1.361136
1.314407
0.879535
0.262042
-0.531176
-1.034335
-1.320250
-1.469209
-1.725601
-1.808727
-2.107643
-2.456498
-2.276916
-1.868809
-1.383095
-0.736755
-0.272660
0.022149
0.492659
0.875768
1.021599
0.816507
0.516243
0.256059
-0.061931
-0.560603
-1.073283
-1.337742
-1.380360
-1.461452
-1.145268
-0.447711
-0.045694
0.434834
1.090876
1.256388
1.286049
1.296145
1.294448
1.157400
0.735042
-0.045992
-0.512027
-0.393302
0.061149
0.362009
0.743680
1.126552
1.185215
1.100206
0.944788
0.503054
0.296448
-0.208224
-0.843762
-1.346379
-1.834564
-2.193395
-2.399739
-2.338139
-2.132437
-1.936583
-1.455502
-0.957364
-0.492015
-0.399982
-0.483004
-0.656816
-0.905951
-1.540070
-2.053309
-2.343538
-2.288368
-1.893534
-1.497029
-1.017044
-0.372408
0.390042
0.909639
1.130120
1.111135
0.957034
0.755829
0.748197
0.770093
0.796395
0.834895
0.492264
-0.170135
-0.677358
-1.037779
-1.122521
-0.867266
-0.482231
0.227631
0.979757
1.801404
2.152142
2.109939
2.057807
1.708269
1.096369
0.944344
0.964046
0.788535
0.737412
0.817377
0.615818
0.077757
-0.209967
-0.122714
0.216713
0.772760
1.276759
1.481091
1.272483
0.645295
0.244160
0.251464
0.120127
-0.006061
-0.175037
-0.374047
-0.482751
-0.774305
-1.185928
-1.363469
-1.168764
-1.094550
-0.879936
-0.537501
-0.481931
-0.299027
0.024992
0.515620
0.609642
0.381438
-0.188734
-0.629879
-0.914149
-1.373550
-1.580142
-1.343140
-0.860544
-0.334236
-0.189567
-0.385563
-0.415160
-0.097013
0.044922
0.191622
0.261399
0.063677
-0.006977
0.172395
0.268899
0.044013
-0.450550
-0.906334
-1.477376
-1.963249
-1.864335
-1.609617
-1.052020
-0.332810
0.145401
0.541641
0.932066
0.613640
-0.064770
-0.294098
-0.292266
-0.162384
-0.055598
-0.137463
0.075711
0.324007
0.451753
0.292296
0.181810
0.298373
0.452532
0.341070
-0.102748
-0.433832
-0.357087
-0.114348
-0.032767
0.299459
0.774025
1.190007
1.259190
1.167159
0.899919
0.637159
0.427837
0.263865
-0.108106
-1.022858
-2.071303
-2.333671
-1.874957
-1.139737
-0.427286
0.122869
0.683821
0.809721
0.657063
0.353026
0.147007
0.086860
-0.107159
-0.383241
-0.493851
-0.546877
-0.524912
-0.103285
0.214987
0.868086
1.264830
1.473473
1.345892
1.097745
0.949962
1.056422
1.135559
1.037987
0.703520
0.466883
0.559986
1.247008
2.181202
2.915746
3.106923
2.663729
1.447470
-0.110434
-1.152672
-1.542646
-1.548045
-1.492178
-0.921346
-0.223241
0.452637
1.221729
1.653653
1.742389
1.918967
2.001350
1.505403
0.982352
0.539061
-0.038760
-0.735961
-1.460703
-1.995547
-2.298889
-2.092550
-1.661337
-1.327627
-1.064284
-1.232540
-1.292706
-1.013923
-0.732140
-0.319590
0.336735
1.158245
1.646289
1.129539
0.614970
0.355891
0.234287
0.195789
-0.001219
-0.442991
-0.751292
-0.779641
-0.505033
-0.097280
0.108011
0.036504
-0.283418
-0.705062
-0.749074
-0.650364
-0.319864
0.398901
0.918500
1.339212
1.803834
2.379114
2.976807
3.298897
3.521304
3.570264
3.205217
2.746617
2.182794
1.539708
0.983467
0.260727
-0.358769
-0.991193
-1.721244
-2.332181
-2.489341
-2.236833
-2.004375
-1.655765
-1.377888
-1.160733
-1.016233
-0.897231
-0.815421
-0.959516
-1.011463
-0.893534
-0.787554
-0.855772
-0.962616
-1.168414
-1.804611
-2.342601
-2.649451
-2.465471
-1.755508
-0.834151
-0.184683
0.426021
0.887566
1.289865
1.436551
0.986603
0.451288
-0.221764
-0.711924
-0.802351
-0.809449
-0.661207
-0.599850
-0.458620
-0.214676
-0.005878
0.169541
0.634819
1.122700
1.430113
1.382269
1.173397
0.939989
0.456908
0.007523
-0.242129
-0.363608
-0.621069
-1.020039
-1.338635
-1.203352
-1.032898
-1.079498
-1.034399
-0.677773
0.000985
0.877995
1.472051
1.835612
1.657649
1.056240
0.322159
-0.274319
-0.381149
-0.246422
0.138992
0.432236
0.524573
0.274190
-0.057497
-0.076607
0.099404
0.513080
0.847248
1.017330
1.064007
0.745441
0.299914
-0.211809
-0.712514
-1.112810
-1.479283
-1.667807
-1.484516
-1.130626
-0.993070
-1.155102
-1.037210
-0.615599
-0.018651
0.433874
0.594418
0.479040
0.239275
-0.101316
0.045317
0.542550
1.118684
1.499985
1.658931
1.739758
1.332079
0.973884
0.619335
0.533816
0.568213
0.417743
-0.181056
-0.807882
-1.139284
-1.085178
-0.772986
-0.302290
0.202843
0.530978
0.594325
0.307378
0.151159
0.021060
0.024742
-0.040538
-0.085472
-0.073167
0.272595
0.455866
0.686077
0.698554
0.512624
0.422747
0.364205
0.203396
0.220723
0.396940
0.658300
0.976362
0.822650
0.272267
-0.272984
-0.581401
-0.793130
-0.779735
-0.743856
-0.892807
-0.936878
-0.822811
-0.638764
-0.658535
-0.796968
-0.614477
-0.288173
0.214722
0.741444
1.016830
1.128751
1.169024
0.932506
0.512336
0.009454
-0.332121
-0.507971
-0.376835
-0.381769
-0.484214
-0.335045
-0.258638
-0.377908
-0.470980
-0.351743
0.109085
0.423771
0.476799
0.368881
0.373791
0.424209
0.338751
0.311655
0.415858
0.388143
0.199224
-0.316936
-0.660087
-0.711745
-0.552663
-0.498036
-0.579468
-0.350403
-0.166421
-0.114581
-0.029213
0.081559
0.329132
0.520593
0.550958
0.425857
0.291841
0.012257
-0.420734
-0.739936
-0.791339
-0.964899
-0.915478
-0.715442
-0.433314
-0.253001
-0.358121
-0.487695
-0.502641
-0.454855
-0.048960
0.370418
0.281387
0.238077
0.221408
-0.017003
-0.266433
-0.502040
-0.711663
-0.603572
-0.359119
-0.164497
0.164200
0.511678
0.556174
0.515538
0.499880
0.421624
0.458852
0.645898
0.762609
0.807608
0.976356
1.147571
1.238393
1.314736
1.198078
0.945206
0.668138
0.348909
-0.197929
-0.535750
-0.290652
0.395624
0.930147
0.817998
0.775066
0.920888
1.014393
0.825749
0.504922
0.328049
0.363547
0.510344
0.210902
-0.335510
-0.701827
-0.741690
-0.506158
-0.137636
0.035022
0.078305
0.190046
-0.185532
-0.653205
-0.925749
-1.164378
-1.148825
-0.885512
-0.380518
0.265783
0.504430
0.351935
0.273589
0.227699
0.103991
0.075504
-0.225617
-0.764917
-1.380699
-2.041884
-2.448804
-2.242322
-1.682709
-1.003607
-0.427055
-0.182677
-0.047754
0.231220
0.301585
0.322738
0.520667
0.362487
-0.012794
-0.636395
-0.973778
-1.093602
-1.127725
-0.840281
-0.591316
0.000781
0.602234
1.048731
1.079639
0.890617
0.747444
0.486472
0.153047
-0.032650
-0.436000
-0.675744
-0.589762
-0.399803
0.141180
0.883298
1.464490
1.522063
1.469433
1.378518
1.291657
1.168315
0.933713
0.605304
0.267108
0.004267
-0.311669
-0.281771
-0.132760
0.027157
0.103528
-0.216680
-0.451916
-0.160326
0.398690
1.019401
1.425369
1.433784
0.943674
0.390223
-0.014902
-0.177932
-0.216267
-0.277308
-0.640687
-1.322826
-1.484682
-0.995408
-0.282955
0.292186
0.574183
0.287936
0.032318
-0.289958
-0.572268
-0.654543
-0.591624
-0.631434
-0.991426
-1.489695
-1.965603
-1.733274
-0.895331
0.350528
1.117857
1.117179
1.118487
1.326701
1.215179
0.887594
0.571631
0.061362
-0.485281
-0.748331
-1.168113
-1.359694
-1.074925
-0.475529
0.135183
0.361177
0.269876
0.149336
0.002670
-0.115096
-0.457745
-0.799203
-1.091131
-1.084490
-0.905253
-0.846276
-0.876685
-0.636972
0.003798
0.979112
1.625296
1.936071
1.700327
1.163161
0.748145
0.192964
-0.417485
-0.698535
-0.959496
-1.200729
-1.276809
-1.202759
-0.553906
0.035067
0.607207
1.078695
1.265665
1.096279
0.735930
0.406886
0.223554
-0.178987
-0.550926
-0.861360
-1.062867
-1.020650
-0.387404
0.596333
1.415106
1.653895
1.544062
1.692807
1.529922
0.750217
0.180485
-0.019048
-0.083475
-0.077718
-0.459645
-0.807422
-0.620795
-0.024062
0.401735
0.429383
0.395739
0.324599
0.202760
0.077253
-0.088800
-0.085080
-0.155060
-0.692995
-1.595647
-2.273190
-2.062671
-1.246471
-0.269645
0.321140
0.611923
0.700289
0.575710
0.510883
0.398172
0.061122
0.035788
0.273260
0.282454
0.258575
-0.045125
-0.646765
-0.702649
-0.690551
-0.409380
0.068401
0.354429
0.517747
0.635091
0.535381
0.500992
0.486757
0.271231
-0.331073
-0.815667
-0.999616
-0.992705
-0.741140
-0.425845
-0.185332
-0.181080
-0.324202
-0.478080
-0.532639
-0.456232
-0.224644
-0.243041
-0.202280
-0.160421
0.151099
0.767448
1.366219
1.725574
1.692580
1.200667
0.642765
0.083769
-0.475565
-0.956445
-1.427183
-1.543569
-1.170204
-0.752802
-0.557660
-0.111226
0.561279
1.352059
1.888412
2.314552
2.380665
1.950387
1.202837
0.617365
0.160432
-0.216922
-0.653530
-1.057216
-1.034773
-0.370351
0.614669
1.080933
1.225976
1.101571
0.958663
0.827705
