-0.139351
-0.231520
-0.285087
-0.283563
-0.391333
-0.714171
-1.071567
-1.377752
-1.542463
-1.354035
-1.288033
-1.280217
-1.128406
-1.154058
-1.261510
-1.238759
-1.183927
-1.224301
-1.006867
-0.735196
-0.933498
-1.375773
-1.680254
-2.010022
-2.133803
-2.078421
-2.068320
-2.028636
-1.889596
-1.643883
-1.213249
-0.526446
-0.105099
-0.036012
0.061975
0.020614
0.003559
-0.018227
-0.206763
-0.154373
0.166660
0.316562
0.272557
0.166344
0.221305
0.555637
0.834103
1.180050
1.296069
1.173246
0.892706
0.558090
-0.114952
-0.210660
-0.068994
-0.179559
-0.111631
0.277461
0.747306
1.284115
1.756562
2.040758
2.441669
2.607191
2.755232
3.013305
2.972989
2.640775
2.523084
2.526944
2.589888
2.582125
2.235782
1.565209
1.276403
1.184305
1.250677
1.493345
1.290311
0.861285
0.570637
0.363963
-0.007376
-0.332867
-0.189990
-0.181300
-0.183960
-0.226736
-0.542835
-0.678434
-0.899095
-1.351734
-1.560631
-1.604148
-1.793217
-1.790871
-1.434138
-1.161517
-1.118337
-1.046607
-0.895985
-0.634206
-0.454474
-0.322288
-0.297629
-0.202991
-0.371045
-1.005693
-2.017866
-2.795009
-3.515166
-3.525532
-2.937784
-2.228759
-1.420860
-0.473731
-0.038910
0.650254
1.347145
1.817988
2.084100
1.985407
1.592651
1.285136
0.757657
0.050832
-0.287719
-0.264149
-0.285190
-0.130940
0.181226
0.440931
0.448139
0.323783
0.253910
0.444089
0.513490
0.451364
0.566156
0.721208
0.577699
0.378070
0.621768
1.062594
1.204905
1.091553
0.809479
0.453198
0.247502
-0.020866
-0.017429
-0.044055
-0.114606
-0.297684
-0.432945
-0.446971
-0.435261
-0.291819
-0.009343
0.000404
0.053482
0.188974
0.363049
0.371770
0.402225
0.363396
0.148915
0.205959
0.400873
0.446880
0.562568
0.514610
0.331730
0.591776
1.059036
1.280868
1.081296
0.865766
0.687416
0.326960
0.102947
0.016322
-0.374278
-0.628318
-0.844930
-0.885680
-0.721063
-0.589697
-0.460886
-0.263148
-0.078878
0.218569
0.739642
0.847102
0.649819
0.351309
0.342299
0.157048
-0.122816
-0.268862
-0.521353
-0.604526
-0.590843
-0.548225
-0.294632
0.028903
0.044336
-0.014438
-0.174409
-0.269062
0.040010
0.262891
0.329666
0.436152
0.603159
0.656166
0.805874
0.854011
0.427083
0.012481
-0.569710
-1.189417
-1.341560
-1.118379
-1.030513
-0.788197
-0.142003
0.253248
0.744700
1.140339
1.524926
1.623244
1.516608
1.056757
0.521189
0.251462
0.080541
-0.241249
-0.405972
-0.338729
-0.434528
-0.362606
-0.129080
-0.021996
0.162251
-0.023428
-0.800466
-1.602225
-1.928941
-2.130312
-2.181451
-1.968878
-1.614944
-1.346135
-0.949463
-0.535303
-0.076652
0.322578
0.318341
0.146552
0.054688
-0.338140
-0.920943
-1.361100
-1.693807
-1.922998
-1.841637
-1.369026
-0.734008
0.093196
0.681098
0.898542
1.188501
1.499505
1.609799
1.602656
1.547531
1.572847
1.456308
0.888243
-0.147055
-0.876375
-1.460670
-1.619734
-1.138248
-0.528757
0.091634
0.753369
1.329856
1.751922
2.095793
2.429161
2.392682
1.944247
1.639845
1.273657
0.484644
-0.182750
-0.412695
-0.610187
-0.753712
-0.651775
-0.335599
-0.001904
0.467743
0.885760
1.163621
1.112419
0.727112
0.333449
0.109758
-0.095959
-0.372112
-0.690465
-1.040060
-1.302054
-1.513415
-1.689114
-1.711059
-1.596837
-1.677425
-1.619394
-1.359307
-1.302749
-1.120577
-0.569631
-0.010045
0.543151
1.011113
0.990056
0.632779
0.198710
-0.406920
-0.995902
-1.302389
-1.366617
-1.541238
-1.551803
-1.435618
-1.387624
-0.691502
-0.013377
0.515146
0.967347
1.234266
1.549923
1.957936
2.207652
1.910141
1.039684
0.052832
-1.045884
-1.906818
-2.270981
-2.175095
-1.858609
-0.998608
-0.066813
0.938731
1.938272
2.318696
2.191802
2.120740
1.660867
0.787988
0.198755
-0.343734
-0.673189
-0.737853
-0.536013
-0.308296
0.044622
0.620621
1.079832
1.355592
1.229130
0.905090
0.748182
0.521940
0.060484
-0.231723
-0.229419
-0.129463
0.015894
0.003996
-0.103414
0.023718
0.203366
0.196607
0.215414
0.009247
-0.789133
-1.354081
-1.595201
-1.641407
-1.402485
-1.092127
-0.695350
-0.571505
-0.412601
-0.171604
0.011329
0.260678
0.608862
0.414810
-0.002612
-0.442144
-0.730996
-0.857380
-0.930232
-0.595842
-0.435119
-0.305119
-0.119835
0.099646
0.494881
0.754657
0.832026
0.888663
1.021577
1.174480
1.265982
1.246639
1.162259
1.113163
1.069995
0.865269
0.286178
-0.704623
-1.265624
-1.340951
-1.270811
-0.986833
-0.735039
-0.741683
-0.769724
-0.782735
-0.665344
-0.346261
0.289535
0.987141
1.270939
1.372626
1.243613
0.827381
0.216844
-0.111814
-0.406869
-0.858014
-1.039583
-1.077434
-0.979818
-0.490052
-0.038554
0.365370
0.640181
0.686663
0.399669
0.506095
0.851657
1.099124
0.819506
0.080421
-0.713370
-1.139982
-1.099622
-0.752848
-0.414928
-0.022729
0.413412
0.761829
1.162308
1.593488
1.752538
1.821961
1.714892
1.670796
1.689224
1.473318
1.177246
0.686065
0.021977
-0.519999
-0.722572
-0.596157
-0.586131
-0.366453
-0.240900
0.092894
0.719567
1.243294
1.535350
1.527180
1.123540
0.590757
-0.030498
-0.593706
-1.193905
-1.733802
-1.871667
-2.028337
-1.840019
-1.259033
-0.737491
-0.286926
-0.170247
-0.091682
0.072576
0.328158
0.828178
1.085685
0.865097
0.453187
-0.131657
-0.831342
-1.358432
-1.657952
-1.552893
-1.163250
-0.875032
-0.623320
-0.255239
0.197846
0.747243
1.046021
0.835480
0.695021
0.419169
0.091972
0.003565
-0.156525
-0.395958
-0.414022
-0.353994
-0.270141
-0.066372
0.029298
0.102415
0.120309
0.038371
-0.161549
-0.288064
-0.208146
-0.528377
-0.662177
-0.521895
-0.178958
0.260720
0.637838
0.939752
1.071655
0.776997
0.192062
-0.379411
-0.721044
-0.669674
-0.500670
-0.070868
0.363042
0.572273
0.596954
0.644209
0.518320
0.335084
0.389081
0.535828
0.438531
0.297584
-0.102248
-0.504096
-0.676321
-0.886761
-1.017286
-0.763060
-0.516517
-0.316575
-0.322899
-0.530573
-0.726416
-0.833807
-1.149324
-1.661872
-1.846935
-1.899245
-1.708315
-1.267861
-0.812261
-0.311950
0.180210
0.613652
0.903659
0.984046
0.870130
0.249146
-0.393792
-0.712097
-0.685100
-0.349343
0.257603
1.031121
1.573726
1.866493
2.053061
2.089745
2.005339
1.730815
1.350700
0.761912
0.378109
0.361146
0.414371
0.490614
0.799127
1.064376
1.077389
0.521542
0.007608
-0.531369
-0.967401
-0.964199
-0.719502
-0.222258
0.407942
0.749343
1.084230
1.540888
1.630017
1.524104
1.127285
0.454516
-0.318266
-0.917250
-1.053113
-1.104684
-0.792228
-0.711652
-0.636025
-0.556127
-0.167001
0.240446
0.714856
1.134308
0.910646
0.250831
-0.484046
-1.149312
-1.630386
-1.689512
-1.510779
-1.268294
-0.851745
-0.024922
0.863614
1.590457
1.861418
1.783327
1.447958
1.031382
0.465138
-0.169567
-0.733864
-1.354269
-1.532500
-1.232013
-1.079242
-0.811490
-0.441181
-0.093031
0.512904
0.898561
0.796193
0.227515
0.000735
-0.027286
-0.034630
-0.060380
-0.034341
0.093561
0.294295
0.403411
0.451157
0.399942
0.323879
0.145714
0.065727
0.136531
0.085931
0.060042
-0.010019
0.099019
0.497174
0.994367
1.256359
1.210983
0.848371
0.188514
-0.699474
-1.245341
-1.451704
-1.392030
-1.266702
-1.070815
-0.794589
-0.309863
0.049036
0.230549
0.448616
0.574875
0.743839
0.462812
-0.318589
-1.055635
-1.150359
-1.307662
-1.551880
-1.551704
-1.295419
-0.573771
0.283377
0.938684
1.570376
2.065867
2.263231
2.068924
1.668883
1.206446
0.549271
0.039294
-0.309045
-0.650549
-0.716004
-0.623744
-0.378824
0.159387
0.815422
1.182687
1.063119
0.671509
0.055500
-0.509367
-0.654794
-0.365575
0.006056
-0.026284
0.008690
-0.155042
-0.216411
-0.324262
-0.483673
-0.501954
-0.466915
-0.554905
-0.773341
-0.927229
-0.904359
-0.558997
0.057864
0.805845
1.207673
1.328063
1.283804
0.914759
0.377621
-0.121851
-0.819100
-1.343206
-1.546721
-1.743231
-1.646716
-1.411188
-1.097113
-0.556311
0.015167
0.510138
0.791125
0.726486
0.350168
0.051871
-0.369314
-1.002351
-1.493733
-1.713854
-1.969981
-2.173461
-2.087367
-1.723527
-0.987263
-0.224118
0.337403
0.839432
1.068370
1.160925
0.932706
0.677925
0.713921
0.526332
0.654547
0.591280
0.557552
0.840382
0.815968
0.383782
0.120187
-0.021254
-0.123253
-0.065646
0.213353
0.432745
0.505807
0.591358
0.778882
1.002963
1.271244
1.304606
1.053886
0.462619
-0.319853
-0.405522
-0.064852
0.167457
0.307728
0.591184
0.716733
0.789957
0.741500
0.425886
0.429453
0.659485
0.653435
0.192652
-0.212194
-0.432150
-0.361348
-0.115759
0.046322
0.102494
0.249862
0.466754
0.536723
0.344977
0.130673
-0.149859
-0.666207
-1.210615
-1.576435
-1.491453
-1.233605
-0.956051
-0.775340
-0.488112
-0.189848
0.070925
0.375214
0.514773
0.322333
-0.108451
-0.675106
-1.374109
-1.532099
-1.248200
-0.562817
0.191796
0.577331
0.657413
0.862888
1.061181
0.969554
0.658051
0.232424
-0.304977
-0.408992
-0.666995
-0.932009
-0.960606
-0.834396
-0.850714
-0.629766
-0.412373
-0.453649
-0.443456
-0.481303
-0.508888
-0.381414
-0.205930
-0.121712
-0.099256
-0.194749
-0.532640
-0.605684
-0.439049
-0.098118
0.381597
0.687255
0.918448
1.160602
1.214982
0.978497
0.687277
0.334418
-0.229234
-0.620081
-0.849135
-1.007937
-0.833383
-0.640441
-0.463597
-0.385516
-0.124645
0.017945
0.050377
0.189572
0.394662
0.307065
0.094371
-0.134402
-0.333268
-0.523605
-0.286957
0.217571
0.945886
1.489383
1.458933
1.451212
1.215034
0.834449
0.506496
0.080563
-0.290204
-0.439576
-0.431577
-0.621429
-0.670558
-0.315730
0.180101
0.670276
1.023949
1.341345
1.377203
1.254499
1.014507
0.786634
0.485809
-0.197308
-1.239623
-1.983824
-2.239670
-2.053878
-1.401509
-0.511671
0.236918
0.940691
1.666406
1.988478
1.723625
1.160364
0.286586
-0.329127
-0.706731
-1.116236
-1.415805
-1.467964
-1.291727
-0.895565
-0.234506
0.390233
0.904042
1.373316
1.489894
1.162367
0.820944
0.729347
0.516772
0.001164
-0.322420
-0.657221
-0.804406
-0.788535
-0.786650
-0.626902
-0.391546
-0.377220
-0.142560
-0.040903
0.035654
0.263559
0.245573
0.132279
0.097690
0.250224
0.624644
1.058252
1.410378
1.454733
1.201651
0.882939
0.486648
-0.140836
-0.613533
-1.153365
-1.575990
-1.286062
-0.567248
-0.142677
0.297513
0.727855
1.350379
1.876984
2.065045
1.745585
1.091495
0.433191
-0.297519
-0.747956
-0.965231
-1.241157
-1.332087
-1.234727
-0.967567
-0.616407
-0.543115
-0.400164
-0.213631
0.031307
0.056856
