-0.776237
-0.669304
-0.316246
-0.214664
-0.051755
0.309970
0.280945
0.567279
0.846178
0.721368
0.317514
0.067794
-0.263549
0.098475
0.132182
0.060449
-0.184915
-0.202747
0.536751
0.346836
-0.455999
-0.762644
-0.095950
0.300760
0.345986
-0.186514
-0.384381
-0.827321
-0.626698
0.011797
0.905478
1.022715
1.181874
0.856048
0.766206
0.586708
0.795464
1.103427
0.726724
0.649734
0.442070
0.466570
0.183615
0.462552
0.517286
0.654778
0.349335
0.122890
-0.131165
0.229317
0.535201
0.832494
1.246570
0.706675
0.256806
0.101684
0.316483
0.442728
0.596624
0.066464
-0.031000
-0.383874
-1.020506
-1.306956
-0.872836
0.122525
0.615262
0.443938
0.308387
0.767227
1.522848
2.532550
2.712849
2.717366
1.963467
1.555500
1.110077
0.722012
0.281417
0.355019
0.868613
0.257929
-0.631313
-0.868661
-1.345613
-1.795171
-1.068624
-0.905160
-0.345550
-0.184663
0.157417
0.210273
0.730886
0.388004
0.363740
0.294515
-0.226955
-0.788840
-1.484536
-1.959015
-2.081459
-1.656236
-1.135750
0.058342
0.323561
0.231620
-0.522718
-0.283531
0.321806
0.855035
0.629025
0.059522
-0.309611
-0.073156
-0.055357
0.510531
1.244982
1.531447
1.729075
1.395957
1.165396
0.517131
0.478575
-0.062005
-0.445510
-0.588017
0.051852
0.625946
0.526516
0.401904
0.312325
0.303370
0.294036
0.697915
0.255642
0.166399
0.094792
1.015173
1.032138
0.302352
-0.344967
-0.875116
-1.188851
-1.439835
-1.474364
-1.313030
-1.278589
-1.475577
-2.040620
-2.309349
-1.752560
-1.467403
-0.981987
-0.928672
-0.533010
-0.356582
-0.545038
-1.550942
-1.980336
-1.333803
0.255021
0.584533
-0.251507
-1.173939
-2.139687
-3.053882
-2.335956
-0.304799
0.976698
1.270735
0.595533
0.625738
0.322599
0.639522
0.851203
1.052590
0.823274
0.617514
-0.232599
-1.098788
-1.563737
-1.223525
0.485113
1.796582
2.333490
1.641259
0.863487
0.561041
0.437168
0.054289
-0.280316
-0.182875
0.555238
0.814459
0.535620
-0.127252
-0.260026
0.909892
1.429084
1.940099
1.594503
1.179367
0.848587
0.438636
-0.523300
-1.134640
-0.568895
0.402069
0.430630
0.351468
-0.459065
-0.665915
0.090272
0.045837
0.524453
0.280735
0.319415
-0.030108
-0.184547
0.535009
0.645710
0.815249
0.979412
0.164414
-0.608173
-1.435165
-1.633394
-0.977296
0.050785
0.960233
0.852546
1.212978
1.113220
1.658138
1.352107
1.278223
1.238363
1.371200
0.615173
-0.316389
-1.194194
-0.833309
0.216302
1.355051
1.800573
1.213527
0.505529
0.195026
0.755028
0.455726
0.274118
-0.214033
-0.391910
-1.029258
-1.285455
-1.391729
-0.519168
0.412856
0.932607
0.939749
0.678792
0.436769
-0.172459
-0.089665
0.286132
1.213825
1.022552
0.861928
0.063239
-0.083675
-0.342976
-0.361084
-0.407583
-0.022756
0.812391
0.862294
0.652910
0.535342
-0.342243
-1.724302
-1.386364
-1.062360
-0.684316
-1.100633
-1.182399
-0.778230
-0.257959
-0.135101
0.133311
0.598910
0.661538
0.525400
0.228740
0.465929
-0.044692
0.084479
-0.138601
0.060123
0.660536
1.252692
0.973634
0.563032
0.268034
0.059720
-0.094304
-0.319280
-0.651481
-1.253887
-1.271559
-1.318380
-1.213354
-1.154657
-0.420299
-0.144311
-0.576592
-1.250680
-1.231223
-1.575091
-1.538810
-1.646434
-1.250435
-0.693439
-0.324641
0.098768
0.485596
1.105233
0.438111
-0.153589
-1.293993
-1.882455
-2.249823
-2.041601
-1.898319
-1.836367
-1.596340
-1.112800
-0.719533
-0.440853
-0.349571
-0.275595
-0.030205
-0.865287
-2.112805
-2.776349
-2.143902
-1.722593
-0.271967
-0.242523
-0.754368
-1.525047
-1.799536
-1.844546
-1.173804
-0.879735
-1.961197
-2.879303
-2.912975
-2.664222
-3.049233
-2.569823
-2.291744
-1.271065
-1.097992
-0.362923
0.077675
0.538914
0.340822
-0.285673
-1.466622
-2.180184
-2.124484
-2.018751
-2.041559
-2.214047
-2.075460
-2.000267
-1.186558
-0.647843
0.122163
0.394804
0.839371
0.845847
1.266788
1.506780
1.867068
2.083879
1.581885
1.244205
0.624939
0.185308
-0.623142
-0.709463
-0.707038
-0.167560
-0.394815
0.462179
1.720737
1.433612
0.292740
-0.470643
-0.049476
0.397919
0.152198
-0.803611
-1.025672
-1.042094
-0.340822
-0.210212
0.166897
-0.211912
-0.329191
-0.931823
-0.244216
0.095324
-0.463176
-0.903245
-1.017637
-1.311136
-1.272642
-0.968061
-0.878600
-0.273441
-0.532633
-0.555396
-1.006641
-0.619898
-0.234303
0.725807
0.793936
0.335170
-0.807547
-1.338240
-1.601302
-1.467419
-1.199394
-1.469676
-1.711822
-1.828520
-1.522566
-0.749073
-0.038152
-0.208962
0.054142
0.351531
0.603636
0.611096
0.863689
0.755149
0.487708
0.283811
-0.381860
-0.375905
-0.110120
0.573334
0.932793
1.050082
0.625687
0.430161
0.215144
0.586423
0.677266
0.633451
0.074584
-0.097420
0.089270
0.591713
0.950549
0.879172
0.637084
0.592442
1.078044
0.914861
0.563308
-0.282183
-0.872411
-1.206413
-0.696444
-0.286876
-0.313997
-1.058072
-1.019832
-0.873567
-0.513173
-0.019593
0.006240
-0.110489
-0.379682
-0.727490
-1.178290
-0.423026
-0.281186
0.178968
0.601466
1.026025
0.909519
0.450989
0.226096
0.612365
0.826201
0.321326
0.491124
0.247467
-0.147941
-0.444364
-0.571166
-0.752533
-0.687718
-0.976247
-0.022720
0.336805
0.445080
0.092482
-0.194334
-0.540499
-0.771513
-0.313464
-0.003509
0.812181
0.730768
0.878349
0.916394
0.961649
0.886919
0.624437
0.390318
0.213997
-0.144227
-0.152838
-0.233842
-0.251048
0.287890
0.529086
0.653208
0.649953
1.397466
1.794488
2.112391
1.510478
1.746021
1.788987
1.985667
1.769557
1.789335
1.537941
1.908382
1.961187
1.816298
1.392790
0.619069
0.548494
-0.115986
0.287354
-0.211502
-0.740521
-0.787104
-1.148636
-1.096384
-0.671288
-0.570946
-0.661022
-0.977801
-1.223228
-0.807841
-0.266435
0.319953
-0.230746
-0.275252
-0.642798
-0.351882
-0.447240
-0.401399
-0.307282
0.105663
0.239422
0.159292
-0.001037
-0.016753
0.118055
0.162151
-0.011414
-0.633470
-0.236008
-0.128003
0.127600
0.194005
-0.030171
-1.040236
-0.824778
-0.638039
-0.127055
-0.100264
-0.547368
-1.133008
-1.396792
-1.307531
-1.730571
-1.659486
-1.528567
-1.062081
-1.386963
-1.229409
-1.144395
-0.914577
-1.103859
-1.055090
-1.329968
-1.081160
-0.821255
-0.496562
-0.539417
-0.818031
-0.809313
-0.900037
-0.969566
-1.112108
-0.841211
-1.085471
-1.264415
-1.642684
-1.254676
-0.958697
-0.224111
0.329907
0.700411
0.901175
0.408954
-0.003544
-0.966584
-1.433198
-1.075585
-0.399714
-0.157998
-0.591761
-1.458799
-1.106014
-0.485414
0.244123
-0.186084
-0.382083
-0.310309
0.266404
0.822070
1.297189
1.107725
0.533277
0.545366
0.607351
0.724419
-0.077711
-0.471126
0.071288
0.575593
0.396465
-0.180698
-0.578220
-0.657704
-0.944187
-0.691144
0.029148
-0.036730
0.000776
-0.401780
-0.282489
-0.484275
0.126984
0.681161
0.888078
-0.191607
-0.844002
-1.319425
-1.223180
-0.686614
0.050554
0.287061
-0.284264
-0.603863
-0.523214
0.391555
0.558803
0.729934
0.532549
0.130213
-0.356021
-0.342999
-0.458685
-0.319836
0.232706
0.913297
0.885734
0.041669
-1.017888
-1.658024
-1.279050
-0.758898
-0.355200
-0.446505
-0.389583
-0.884054
-0.380105
0.102841
0.507856
0.347785
-0.288489
-1.520807
-1.871111
-1.627797
-1.178615
-1.213171
-1.948590
-1.974622
-2.211817
-1.278876
-0.478291
0.099082
0.107403
-0.142558
-0.294889
-0.180231
-0.532370
-0.281350
-0.252640
-0.438737
-1.083993
-1.444647
-0.421778
-0.497035
-0.630556
-0.971810
-0.549660
-0.587348
-0.686402
-0.749674
-0.601888
-0.988630
-0.324181
0.482078
1.047069
1.545659
1.503432
1.144799
0.512373
0.465546
0.852092
0.817467
0.331111
0.987387
1.721390
1.828552
1.144926
0.556630
-0.099079
0.044706
1.211458
1.973713
1.560124
0.429686
0.372165
0.941016
2.047960
2.224062
2.357340
2.067019
2.237855
2.085570
1.528685
1.283491
0.821254
0.063380
-0.043982
0.002452
-0.164964
0.116731
0.171159
0.753529
0.336216
0.552766
0.626378
-0.142614
-0.895281
-0.930945
-0.772704
-0.138239
0.012105
0.372274
0.375401
-0.227331
-0.722523
-1.350706
-1.610066
-1.932551
-1.506452
-1.482130
-0.275388
0.183554
0.352083
0.513679
0.929268
0.703773
-0.141681
-0.440128
0.046182
0.813883
1.147043
1.561637
1.641574
2.386127
1.626581
1.257349
1.048342
1.130245
1.050656
0.952408
0.688871
0.273133
-0.023502
-0.011894
0.142210
0.169335
0.457602
0.779654
1.083515
1.164581
1.348161
0.757362
0.337183
0.641926
0.930183
0.442806
0.316578
0.757186
1.131894
1.147150
0.636390
-0.276851
-0.840552
-0.289684
0.402573
1.192551
0.775876
1.108320
1.789571
2.236824
1.589740
1.006154
-0.145663
0.293114
-0.174253
-0.918033
-0.621795
-0.630640
-0.522522
-0.631868
-0.417382
-0.679611
-0.263743
0.078913
0.509578
0.235682
-0.258654
-0.579733
-0.539491
-0.815471
-0.319876
0.587180
1.078645
0.932061
0.922772
1.220951
1.399116
2.090552
2.082810
1.691949
0.668723
-0.247403
-0.393489
0.144409
0.305787
0.270519
-0.187604
-0.428659
0.176245
0.420332
0.437490
0.363460
1.171549
1.616256
2.294525
2.390520
2.301623
2.186068
2.359494
2.223310
2.061990
1.942745
0.983467
-0.110735
-0.423114
-1.276273
-1.897340
-1.448127
-1.200449
-0.804373
-1.252548
-1.756338
-2.029690
-1.596109
-1.612584
-1.852725
-2.442450
-2.682692
-2.459868
-1.789289
-1.056011
-1.175339
-1.029408
-0.343908
0.555652
0.365143
0.050214
-0.211574
-0.416416
-0.981913
-1.185755
-0.970705
0.340796
0.940668
1.027889
0.711467
0.307824
0.177851
-0.070125
0.391723
0.820370
1.032872
0.300687
0.274816
0.383566
0.997377
0.754904
0.224928
0.285098
0.787949
0.887599
0.729699
0.462548
0.616737
1.459215
2.113415
2.445165
1.644616
1.017753
0.181141
0.136458
0.358832
0.421153
0.140940
0.096412
0.013491
-0.662291
-0.444977
-0.383797
-0.778618
-1.054666
-0.650698
-0.508731
-0.149200
-0.248409
0.021708
0.398021
1.424770
1.560287
0.625567
-0.212116
-0.386348
-0.597063
-0.252985
-0.059901
-0.219800
0.643949
1.082521
1.387723
0.692886
0.109325
-0.158907
0.224785
0.533236
0.298617
0.241115
0.436230
0.416482
0.623695
1.218695
1.865767
2.387384
2.051949
1.793512
1.337912
1.051719
0.179081
0.081107
0.233664
0.485917
0.923464
0.892227
0.386030
0.386336
0.650283
1.273626
1.896279
1.870656
1.249512
-0.029162
-0.260961
-0.141742
0.506119
0.640156
0.613078
-0.449974
-1.105176
-1.024673
-0.242388
0.439162
0.893283
0.943971
