0.290200
0.985458
0.810533
1.111464
1.104845
1.129467
1.102635
0.470368
0.591465
1.209944
1.327559
1.049663
0.677084
0.520947
0.570070
0.667797
0.572993
0.929451
1.180739
2.110859
1.216604
-0.272048
-0.858545
-0.788973
-0.364512
-1.166976
-1.596181
-1.329851
-1.104259
-1.139417
-1.091461
-0.200811
-0.967373
-1.704628
-1.808573
-1.441389
-1.399164
-1.044342
0.445923
0.732958
0.301368
0.895130
0.203258
-0.055014
0.201907
0.549021
0.389602
0.324661
-0.538544
-0.716440
0.006885
0.720549
0.614277
0.205368
-0.119292
0.091318
0.151638
0.302107
-0.093865
-0.687295
-0.799597
-0.239481
-0.210780
-0.544204
-0.636433
-0.281611
0.099753
0.294954
0.148222
0.083789
0.353051
1.103389
0.555803
0.189999
0.494652
0.783302
1.029856
0.409475
-0.459656
-0.566581
-0.940403
-1.057874
-0.931081
0.543106
1.544060
1.613456
1.484835
0.329424
-0.372067
-0.567666
-0.381136
-0.338689
-0.327915
0.438656
0.790783
-0.054160
-1.019939
-2.025590
-2.043434
-0.866981
0.328790
1.375988
1.018471
0.076479
-0.392436
-0.507196
0.547119
1.017020
0.953168
0.788324
0.333163
-0.315690
-0.552375
-0.297812
-0.257965
0.004510
-0.321781
-0.778245
-1.142025
-1.700657
-1.974035
-2.323606
-1.973425
-1.621555
-1.871590
-2.408381
-2.062567
-1.799142
-1.531651
-0.901728
-0.795859
-0.044203
-0.060426
-0.376347
-0.689660
-0.787188
-0.287310
0.161568
0.557187
0.500981
0.531847
0.700111
-0.609575
-1.455202
-1.106163
-0.735064
-0.888848
-1.308532
-1.754210
-1.481654
-1.625639
-1.313503
-0.761988
-0.116015
0.889441
0.895311
0.873088
0.891433
1.173072
1.328107
1.775544
2.338571
2.737607
1.694804
0.410537
0.147018
0.390921
1.341404
2.026481
2.359940
1.793219
0.677747
-0.045311
-0.832721
-0.965610
-0.170063
-0.054214
-0.670603
-0.859291
-0.114791
0.888365
1.463427
1.289685
1.430915
1.652464
1.825320
1.712323
0.800354
0.086338
-0.146012
-0.525084
-0.608027
-0.740629
-1.213562
-0.955219
-0.174602
0.046959
-0.741023
-0.341253
0.423044
0.790359
0.315103
-0.436195
-1.276543
-1.217304
0.569747
1.016096
-0.173947
-2.033025
-3.064742
-2.461541
-0.995470
0.415370
1.517725
1.679415
1.603449
1.264746
0.868899
-0.080356
0.745601
1.263614
0.882362
1.256639
1.670832
1.951531
1.398167
0.413679
-0.558554
-0.353781
-0.087068
-0.196745
0.018741
-0.283041
-0.066689
0.161061
0.264840
0.217198
-0.395023
-1.239453
-1.332881
-0.793950
-0.580664
-0.164837
0.161543
0.283158
0.189271
0.151907
0.184951
0.237097
0.288413
0.084203
0.104360
0.280878
0.710807
0.618077
0.501402
-0.224602
-0.116505
0.841614
1.415878
1.312131
0.083067
-1.748575
-2.238698
-0.862033
0.376448
0.741752
0.374273
-0.331283
-0.700311
-0.612513
-0.621572
-0.668189
-0.813019
-0.649653
-1.168267
-1.785907
-1.541558
-1.393087
-1.024825
-1.012861
-1.027907
-0.033759
0.253998
-0.044598
-0.348876
-0.508434
-0.361796
-0.249666
0.072873
0.129145
-0.414620
-0.940711
-1.435538
-1.432212
-1.476648
-1.147114
-0.153595
0.708394
1.365759
1.244483
0.975311
1.402325
1.371936
1.215711
1.155248
1.155421
-0.292019
-1.081953
-0.557049
0.127248
0.949174
1.389894
1.134000
0.463903
0.096609
0.118488
0.496244
0.347355
0.416022
0.861304
1.297933
1.522937
0.860927
0.922193
1.041412
0.860305
0.752702
0.614126
0.527156
0.499091
0.351030
0.319632
0.581805
0.843210
0.993489
1.432793
1.562126
1.288217
0.989206
-0.071133
-0.438258
-0.317903
-0.673339
-0.531241
0.123692
1.197124
1.997477
1.608774
1.517857
1.772598
1.540793
1.343755
1.286570
1.599292
2.282577
1.856945
1.349604
0.721266
0.113766
-0.340709
-0.348091
0.228641
0.681604
0.808903
0.755661
1.099131
1.156238
0.210611
-0.778697
-1.675811
-1.755099
-1.590982
-1.215917
-0.683573
-0.590489
-0.052023
0.746247
0.657923
-0.366133
-1.774362
-1.781210
-0.543481
0.878560
0.700543
-0.578787
-0.939441
-0.376364
0.450421
0.915769
1.150531
0.855327
1.053292
1.492879
0.869303
-0.463076
-0.381337
0.436746
0.679855
0.597200
-0.254178
-0.894851
-0.984252
-1.107854
-0.601630
0.144317
0.363805
-0.239582
-1.160234
-1.413566
-1.166068
-0.697106
-0.317442
-0.697219
-0.764676
-1.064157
-2.135547
-2.468397
-1.864567
-1.708923
-1.792349
-1.680932
-1.389179
-1.041052
-1.545634
-1.688308
-1.257551
-0.936698
-0.854441
-1.191934
-1.525588
-1.171090
-1.076204
-0.534944
0.335476
-0.163795
-0.625762
0.007427
-0.027916
-0.310421
-0.844477
-1.223406
-1.134213
-0.802639
-0.315329
-0.103112
-0.011598
-1.087742
-1.781982
-1.252509
-1.233789
-1.419605
-0.942389
-1.125083
-0.910573
-0.204019
0.666385
0.828725
0.000887
-0.555443
-1.982084
-2.215369
-1.499036
-0.916777
-0.137808
0.039299
-0.131877
0.161586
0.087492
0.045787
0.011484
-0.361674
-0.570136
-0.181786
0.683341
-0.068776
-0.457915
-0.008714
-0.231721
0.267919
0.319431
0.495179
0.897677
-0.067708
-0.805879
-0.761554
-0.871737
-0.501261
-0.620278
-0.923300
-0.760984
-0.433249
-0.142246
0.343644
0.974208
0.642631
0.573864
0.441894
0.693680
0.689343
-0.082244
-0.732772
-0.605545
-0.743523
-0.690750
0.056567
0.319135
0.376973
0.109968
0.709592
1.216364
1.196432
0.681410
0.303483
-0.131809
0.001033
0.154223
-0.075181
-0.356412
-0.391469
-0.156159
0.081564
0.190065
-0.096603
-0.934568
-0.761953
0.171519
0.929076
1.605213
2.528601
1.990945
1.492094
1.441899
1.259872
0.953842
0.633029
0.795204
0.695877
0.388847
0.632499
0.086437
-0.351866
-0.332454
-0.224499
0.005184
0.251422
0.080059
-0.209288
-0.312138
-0.779304
-1.353742
-0.495450
-0.263688
-0.306473
-0.551364
-0.182172
-0.114914
0.360266
0.659919
0.366125
0.576153
0.880560
1.350466
1.766740
1.081334
0.663104
0.431867
0.579125
0.512729
0.017658
0.066360
-0.190186
-0.490254
-0.911732
-0.996165
-0.782931
-0.033384
-0.065797
-0.211568
0.346342
0.215926
0.088128
0.223737
0.712116
0.781155
0.141214
-0.609513
-0.755108
-0.352617
0.219134
0.436121
-0.457320
-0.716656
-0.039433
0.641294
0.924332
0.806103
0.565468
-0.059369
-0.229385
0.709346
1.192787
1.071833
0.858995
1.097870
1.541879
1.818806
1.929861
1.926893
1.309665
1.183220
1.566746
2.231950
2.150944
1.602811
1.143031
0.865548
0.854016
1.009032
0.867795
0.056881
-0.637330
-0.025778
0.382341
0.228718
0.249967
0.731736
0.605754
0.086733
0.304820
0.105053
0.379696
1.041328
1.210147
0.836831
0.390905
0.073135
0.727487
0.880793
0.967175
0.469049
-0.231014
-0.464121
-0.484633
-0.366139
0.021159
0.283369
-0.165371
-0.495440
-1.130332
-1.862359
-1.484979
-1.307027
-1.197274
-0.701526
-1.374045
-1.503671
-2.173217
-1.937992
-1.434536
-1.771715
-1.845017
-1.532493
-0.796836
-0.106719
-0.995394
-0.765552
0.104177
-0.629409
-0.776230
-1.242715
-1.788751
-1.534549
-1.452626
-1.322223
-0.914358
-0.829361
-1.142617
-1.710475
-1.894633
-1.539049
-1.617733
-2.362607
-3.310520
-4.213660
-2.723903
-0.743741
-0.145502
0.018848
0.972260
0.536726
-0.180231
0.432748
0.066401
-0.623434
-0.349551
0.272177
0.868425
1.446413
1.420423
0.715069
0.345390
0.014954
-0.405291
0.157695
0.986133
0.341931
-0.458573
-0.897653
-1.119432
-0.256445
-0.354165
-0.221049
-0.336215
-0.318423
0.167727
-0.388584
-0.647465
-0.094958
0.374202
0.598996
0.403825
0.637937
1.189364
1.575096
1.878402
1.731007
2.678009
1.816321
1.015198
0.906645
0.076774
-0.719626
-0.961988
-0.591380
-0.253836
0.004918
0.180520
0.512411
1.060417
1.311860
1.831091
1.498504
1.080202
1.110867
0.889068
0.760339
0.883658
0.692491
0.597218
1.006506
1.547564
2.092285
2.371867
2.297474
2.750519
3.252054
3.316972
2.653515
1.518076
1.087567
1.327346
0.766351
0.026074
-0.424592
-0.117099
-0.045147
0.068059
0.137022
0.378922
0.374687
-0.070111
0.551636
0.631756
0.740060
-0.160207
-0.640862
-0.356082
-0.455012
-0.506435
-0.141637
0.373589
0.740843
0.958971
1.531533
0.859474
-0.076722
0.366357
1.790350
1.623029
1.153745
0.999882
0.635543
0.947771
1.703509
1.871048
1.172075
-0.420664
-0.606941
0.031304
0.026065
0.124912
0.502364
0.767546
0.090212
-0.983522
0.076178
1.379481
1.150124
0.472153
-0.194875
-0.311022
-0.230805
-0.695457
-0.833660
-1.205648
-1.776962
-1.548262
-0.663574
0.063787
0.011987
-1.040606
-1.403238
-0.535988
-0.810302
-1.795433
-1.474126
-1.073727
-1.795988
-1.487403
-0.491392
0.097640
0.477402
0.597099
0.337044
-0.954614
-1.506779
-1.196020
-0.132972
0.436181
0.434989
0.742613
1.356868
0.893183
-0.033924
-0.101126
0.347251
0.470654
1.010381
1.580793
2.271426
1.568113
0.662739
0.750072
0.835499
1.036724
1.894747
1.385755
0.439216
0.072501
-0.066264
0.775673
1.151752
0.832571
0.615140
0.642820
-0.134848
-0.572444
-1.507303
-1.689682
-0.942448
-0.804419
-0.992394
-1.071281
-1.238368
-0.826058
0.309496
1.037060
0.714454
0.253714
0.169494
0.265586
0.287704
0.572514
0.314768
0.047633
-1.083737
-1.156969
-0.498223
-0.630984
-0.818172
-1.155380
-0.767679
0.072167
1.091314
1.004724
0.472219
0.087591
-0.033236
0.270897
-0.022484
-0.349966
0.094509
-0.661664
-0.394308
0.648134
0.618209
-0.611486
-1.662547
-1.363473
-1.101678
-0.721348
-0.281854
-0.237742
-0.648280
-0.622052
-0.740164
-0.951561
-1.132984
-1.056470
-0.720532
-0.586401
-0.427744
-0.375617
-0.993077
-1.264156
-1.369910
-0.590380
-0.455445
-0.961134
-0.461472
0.241929
-0.046141
-0.755702
-0.627675
-0.472748
-0.724090
-1.370264
-1.467370
-0.548657
-0.670685
-1.059334
-1.522010
-0.937992
-0.272975
-0.665827
-0.482877
-0.126556
-0.710482
-0.659443
-0.033711
-0.589404
-1.208706
-0.383941
-0.118513
0.129795
-0.302476
-0.582574
0.172183
0.215537
-0.092216
0.038550
0.498216
-0.746225
-1.543475
-0.963677
-0.123986
0.938478
1.355959
0.613646
-0.176718
0.105676
0.681232
0.856191
0.237036
-0.525501
-0.682078
-0.465526
-0.063341
0.044782
-0.203725
0.147452
-0.313437
-0.043168
1.152690
0.941807
0.301434
-0.720142
-0.698928
0.043284
0.471615
0.563131
1.103876
1.701724
1.907749
1.617149
1.676732
0.964235
0.543576
-0.325335
-0.906888
-0.628891
-0.343568
0.176266
0.368719
-0.004776
0.484531
-0.136686
0.382265
1.115023
0.801614
-0.058656
-0.709975
-0.207884
-0.623168
-1.429311
-2.229802
-2.473897
-2.454739
-1.786685
0.061142
-0.126569
-0.380332
0.251378
