-0.404599
-0.282826
-0.278118
-0.136089
0.310654
-0.140358
-0.196615
-0.036846
0.104175
-0.292680
-0.363902
-0.700136
-0.433523
-1.145279
-1.605386
-1.895563
-1.021809
-0.802273
-0.497250
-0.297567
0.024202
-0.125439
-0.158408
0.351827
0.663170
0.946281
0.742925
0.844796
0.407053
0.757570
0.554804
0.941811
0.907427
0.919881
0.811497
0.576453
0.625625
0.534129
-0.248489
-1.264742
-1.275262
-1.000296
-0.221954
-0.080883
0.205465
-0.090578
-0.004951
-0.068049
0.094128
-0.087846
0.079228
0.235029
0.786552
0.518666
-0.042541
-0.264236
-0.010860
0.593536
0.561521
0.558510
-0.260322
-0.283308
-0.603465
-0.240936
0.364694
0.752731
0.174780
0.156036
-0.040095
0.131000
0.924136
1.330946
1.539106
0.583188
0.016669
-0.246968
0.140842
-0.152391
-0.047495
0.282373
0.730715
0.398010
-0.028788
-1.151536
-1.841196
-2.214700
-1.506206
-0.788138
-0.746608
-0.545172
-0.302943
0.522637
0.522498
-0.206483
-0.938746
-0.534566
-0.750338
-1.037776
-1.266968
-1.897513
-2.776813
-2.687072
-1.790575
-0.432677
0.876466
1.260318
0.954406
0.063032
0.108788
-0.341833
-0.600606
-0.851516
-0.597235
-0.717388
-0.992707
-0.737292
0.504520
1.178164
1.726184
1.738372
1.249456
1.334473
1.237549
1.192950
0.718644
0.522755
0.174634
0.702204
0.805499
0.838593
0.665552
0.878010
1.117865
0.983456
0.889865
0.530211
0.165802
0.492827
1.224790
0.484055
-0.130087
-0.609397
-0.758858
-0.872608
-0.945716
-0.967923
-0.680050
-0.443145
-0.716085
-1.320033
-1.020751
-0.385897
-0.702858
-0.455342
-0.142838
0.564448
-0.149282
-1.036684
-1.851034
-1.228613
-0.278368
0.377292
-0.054171
-0.776508
-2.013210
-2.995413
-2.073929
-0.329551
0.872248
1.014503
1.054988
0.664737
0.744059
0.710678
1.193462
1.223679
1.408963
1.391612
0.250536
-1.621318
-2.491552
-1.821877
-0.723915
0.545023
1.023895
0.575057
-0.219214
-0.138991
-0.749587
-0.344908
-0.073307
0.297060
0.609615
0.967622
0.593213
-0.302679
-0.448647
0.672090
1.566849
1.302059
1.325784
1.043611
0.843938
0.307126
0.672568
-0.155890
-0.115498
0.474099
0.726377
0.370664
0.252527
0.009515
0.327198
0.455999
0.372995
0.259454
0.085920
0.104497
0.424942
0.844491
0.942969
1.407761
0.922256
0.546218
-0.269131
-0.875780
-1.126064
-0.491115
-0.069548
0.178117
0.233415
0.471850
1.275200
0.410125
0.233581
0.379623
1.270652
1.687365
1.145771
-0.326157
-1.269987
-1.488565
-0.329069
0.713692
1.297082
1.471614
0.311041
-0.571816
-0.277601
0.470006
0.465681
0.760410
0.069820
-0.559157
-2.080628
-1.995605
-1.086518
0.106052
0.805207
1.290820
0.949110
0.426600
0.123692
0.278566
0.752065
0.313866
0.726678
0.273572
0.152378
-0.693985
-0.800035
-1.094415
-1.173892
-0.642104
0.273770
0.824665
1.026747
0.882081
-0.024258
-0.516770
-1.045361
-0.621093
-1.293465
-1.128907
-1.180189
-0.884439
-0.483112
0.350335
0.701808
1.115170
1.010174
1.102642
1.190260
0.809866
0.580317
-0.184565
-1.214299
-1.691679
-0.662698
0.374066
0.466305
-0.314109
-0.933885
-1.253120
-1.510549
-2.048029
-1.997487
-1.581641
-1.334120
-1.189830
-1.043019
-0.256405
0.256825
0.842407
0.724724
0.738796
0.297318
0.295430
0.109444
-0.031485
-0.446873
0.048998
0.298455
0.385909
0.640319
1.246177
1.306524
0.802383
-0.242554
-1.732147
-1.531340
-1.249378
-0.818983
-1.447613
-1.338905
-1.126233
-0.368497
-0.022162
0.088064
0.194236
0.076500
-0.559355
-1.978010
-2.884070
-2.989845
-1.943335
-1.014898
-0.770723
-1.431722
-2.496587
-2.837541
-2.223928
-1.336385
-1.390221
-2.143254
-2.205850
-1.988581
-2.270287
-2.055386
-1.633241
-1.007727
-0.082411
0.601826
0.144953
0.684718
0.597527
0.347418
-0.715724
-2.037915
-2.748111
-2.171032
-1.771197
-1.567641
-2.026928
-2.303061
-1.765604
-1.876798
-1.414153
-0.854235
0.212509
1.298870
2.287676
2.119913
2.621133
2.905951
2.741487
2.504579
2.081104
1.718572
0.872096
0.495439
0.176675
0.394818
-0.374049
-0.241826
0.244964
0.744155
-0.108060
-1.162889
-1.517803
-0.508700
0.095776
0.016789
-0.543659
-0.825130
-0.398245
0.053082
0.663172
0.979254
1.005964
0.618904
0.969321
0.748762
1.202656
0.966244
1.305228
1.370385
0.528456
-0.327360
-0.171185
-0.072651
0.019331
-0.133039
-0.611213
-0.044006
0.023336
0.070580
0.160393
0.931466
0.601377
0.029786
-0.907993
-1.056153
-1.151498
-0.333555
-0.435418
-0.752497
-0.923899
-0.756734
0.069088
0.551615
1.019110
0.718974
0.884205
0.467376
0.897643
1.237696
1.581121
1.510891
1.243898
0.344340
0.361420
1.213609
1.650998
1.888045
1.556108
1.402314
0.436529
0.444209
0.547217
1.637260
1.561186
1.007146
0.025638
0.503589
0.488940
0.510496
0.902620
1.258125
1.171752
1.144400
1.164299
0.946617
0.502755
-0.540807
-0.053538
0.193723
1.000675
0.740978
0.439154
0.227867
0.382308
0.630043
0.818711
1.113854
1.007461
0.879151
0.414474
0.496680
0.831857
1.475194
0.910411
0.744483
0.338617
0.176770
-0.171593
0.019487
0.049027
0.291854
0.816739
1.552586
1.924556
1.630927
1.457721
1.039580
0.792851
0.177300
0.490670
1.075931
1.294680
0.483938
0.265023
0.365712
-0.124751
-0.940690
-0.565103
0.559824
1.422313
1.782663
1.312644
1.119712
0.954765
1.314583
0.942982
0.888491
0.218522
-0.278426
-1.018017
-1.385467
-1.155929
-0.898601
-0.545595
-0.383063
0.042460
0.348740
0.663021
0.397494
0.515308
0.366074
0.637212
0.689177
1.125274
0.926989
0.794045
0.335903
0.647823
0.719523
0.641221
0.767533
1.170104
1.289562
0.333168
-0.198099
-0.134615
0.047160
-0.015031
0.492471
0.357974
0.265161
-0.076970
-0.015519
-0.374075
-0.539892
-0.055130
0.068038
-0.456788
-1.009893
-0.996350
-1.035905
-0.665901
-0.596614
0.171326
0.497161
0.915084
0.558103
0.068212
-0.447217
-0.289326
-0.212951
0.278807
0.398186
-0.230189
-0.602177
-1.238723
-1.133023
-1.398655
-1.572518
-1.962961
-1.494251
-0.815837
-0.537983
-0.619309
-1.217738
-1.646853
-2.034215
-1.887675
-0.832742
0.067029
-0.218821
-0.429404
-0.932890
-1.082929
-1.482484
-1.263271
-1.180935
-0.821728
-0.720111
-0.407670
0.213745
0.391050
0.269103
0.299108
-0.081164
-0.629814
-0.555107
-0.648747
-0.258799
-0.493118
-0.325197
-0.956627
-0.550423
0.187299
0.949936
0.996007
1.025409
0.595770
0.064930
-0.757063
-1.620127
-0.936948
-0.481731
-0.174497
-0.779711
-0.999731
-0.734023
0.330702
0.585550
0.489171
0.017618
0.326504
0.409108
0.893954
1.777459
1.987039
1.216238
0.316745
0.388606
0.112099
0.219872
0.180968
0.470738
0.430655
0.196096
-0.326182
-0.127708
-0.418818
-0.336123
0.013700
0.508520
0.627964
-0.023414
-0.317120
-0.123739
0.266109
0.590172
1.530788
1.577551
1.106905
-0.447865
-0.864701
-0.486775
0.253053
1.003619
0.827769
0.033030
-1.113786
-1.223082
-0.679154
0.231012
0.445749
0.392879
-0.348862
-0.023779
-0.427157
-0.065384
0.565025
0.952794
1.536150
1.247966
0.591090
0.380356
-0.000198
-0.195112
0.495312
0.809025
0.932265
0.110044
-0.350440
-0.895116
-0.496210
0.108490
0.599330
-0.252451
-1.454899
-1.941499
-1.109448
-0.484094
-0.286572
-0.810464
-1.068731
-0.884590
-0.335523
0.273945
0.347973
0.797954
-0.024186
-0.438534
-0.493856
-0.721543
-0.383607
-0.355250
-0.878973
-1.527593
-1.794253
-1.603671
-1.263150
-1.680765
-1.669925
-1.556248
-1.138620
-0.810672
0.040412
-0.420037
-0.702274
-0.541942
0.513815
1.244341
1.448834
0.693093
-0.486248
-0.893927
-0.964484
-0.430443
-0.709274
-0.440074
-0.010515
0.735750
0.866763
0.644144
-0.583871
-1.003387
-1.282131
-0.426895
0.365709
-0.212997
-1.515662
-2.282010
-1.752096
-1.199359
-0.249806
0.195476
0.525043
0.029711
0.297257
0.548459
0.414397
-0.265279
-0.145974
-0.286560
-0.692824
-1.126769
-1.215734
-0.649524
-0.335328
0.024262
-0.140545
-0.296275
-1.573810
-1.821791
-1.831334
-1.614823
-1.223107
-0.587154
-0.358298
-0.587692
-0.928555
-1.343496
-2.670204
-3.504606
-3.245139
-3.621095
-2.683273
-1.990555
-1.576623
-1.580126
-1.088490
-0.451305
0.457997
-0.200716
-0.675200
-0.794609
-0.704666
-0.277708
0.068864
0.434920
0.755938
0.639472
0.118800
0.293492
-0.029067
0.128100
-0.215458
0.616163
0.295959
0.122430
0.389685
0.545018
0.552662
0.958008
1.426179
1.870688
2.228737
1.768861
0.715154
-0.329922
0.536103
0.222400
0.518137
0.156692
0.257295
0.962792
1.440442
0.519572
-0.937655
-1.190230
-0.422435
0.259904
0.388323
0.029647
-0.487556
0.198916
0.569732
0.376307
-0.163665
0.233155
-0.387628
-1.083258
-2.094425
-2.462679
-2.044594
-1.202528
-0.841466
-0.766271
-0.651929
-1.031931
-0.835407
-0.719795
-0.574339
-0.951000
-0.885879
-1.318743
-1.726589
-1.805926
-0.347603
0.800129
1.065852
0.848089
1.285026
2.209464
2.918554
2.917811
1.210612
0.291244
-0.450709
-0.399204
-0.619527
-0.660269
-0.967807
-0.643044
-0.491739
-0.381521
-1.032926
-1.720187
-0.846105
0.538457
1.849163
2.261018
1.891864
1.075018
0.932986
0.468940
1.205936
1.461670
1.221893
0.162077
-0.355381
-0.792297
-1.461100
-1.835453
-1.443476
-0.175868
0.389281
-0.197582
-1.090764
-0.766822
-0.619568
-0.603970
-0.881220
-0.925256
-1.006193
-1.218639
-0.826047
0.152801
0.733966
0.243266
-0.072943
0.376675
1.051834
1.629042
1.781249
1.055232
0.277519
-0.717627
0.030927
0.832950
1.842638
1.769864
1.831877
1.238142
0.068967
-1.021283
-1.565374
-0.733279
0.011825
0.444716
0.195939
0.553244
0.684425
1.113822
0.662638
1.208384
1.651965
2.267951
1.351482
0.245447
-0.262373
0.625910
1.249087
1.477880
1.587713
0.524076
-0.123042
-0.648508
-0.142432
0.154093
0.506186
0.223690
0.572780
0.397626
0.485875
0.790171
0.488068
-0.144041
0.357019
0.804302
0.387637
0.248417
0.135162
0.879990
1.057045
0.982439
0.206844
-0.423083
-0.156387
0.744377
0.765173
0.532441
0.267296
0.697893
1.290764
1.297787
1.573898
1.024655
0.664180
0.214084
0.580804
0.497762
0.683834
0.500221
0.455796
0.708544
1.282072
1.886610
1.598527
1.346259
0.774425
0.168601
-0.169042
-0.116428
-0.478211
-0.063544
0.051869
1.381026
1.853628
1.414970
0.929782
1.032591
0.662839
0.516368
0.473510
0.342027
0.507624
-0.225665
-0.499356
-0.099402
0.571007
0.806305
0.805807
-0.042911
-0.899347
-1.574387
-0.196386
0.883831
0.931616
