-0.717299
-0.964522
-0.760682
-0.477248
-0.157991
-0.422305
-0.080516
0.714189
0.991224
0.896638
0.751796
0.537610
0.166344
-0.369651
-0.446980
-0.164007
-0.209415
-0.329267
-0.316433
-0.624861
-0.334597
-0.018717
0.031395
0.170217
0.378941
0.579942
0.422631
0.447846
0.730828
0.585092
0.541339
0.354133
0.285213
0.359186
0.485841
0.190107
0.031930
-0.264920
0.158987
0.841738
0.688816
0.863271
1.260301
0.882246
0.536627
0.290659
0.556609
0.495234
0.740164
0.704791
1.100263
1.276942
0.853632
0.675618
0.285013
0.341957
0.223044
0.045337
0.107475
-0.238455
-0.257752
-0.604072
-0.843349
-0.622580
-0.584154
-0.306589
-0.401006
-0.318825
-0.103953
-0.394457
-0.544953
-0.828491
-0.646552
-0.169187
0.095362
0.089928
0.121499
0.464071
0.363985
0.261880
0.058827
0.218777
-0.131472
-0.321214
-0.398355
-0.875059
-0.847235
-0.743031
-0.694555
-0.315309
-0.414097
-0.538497
-0.348732
-0.299705
-0.350428
-0.332081
-0.693591
-0.826369
-0.560059
-0.680758
-0.587578
-0.848058
-0.905289
-0.320211
-0.119621
0.234253
0.664223
1.213201
0.796304
0.791105
0.874957
0.741095
0.248599
-0.316950
-0.335891
-0.507975
-0.407108
-0.708947
-1.190433
-0.855042
-0.684013
-0.508208
-0.162054
0.297758
0.804454
0.824015
0.533646
-0.046624
-0.202185
-0.181952
-0.094232
0.309425
0.844365
0.861218
0.607627
0.581640
0.513206
0.383751
0.372375
0.524240
0.347123
0.297245
-0.011123
-0.245628
0.023465
0.009995
-0.317052
-0.261451
-0.241586
-0.095315
-0.183798
0.006769
0.498842
0.325586
0.242964
0.085221
0.110962
-0.014585
-0.008534
-0.097846
-0.287490
-0.635306
-0.868178
-0.767740
-0.679557
-0.642215
-0.358239
-0.288838
-0.537475
-0.556550
0.413598
1.307532
1.300985
0.993954
0.434090
0.088396
-0.529034
-1.021023
-0.950693
-0.980958
-1.195519
-0.792453
-0.158673
-0.268241
-0.602846
-0.444567
-0.502537
-0.378065
0.120118
0.644780
0.771955
0.221965
0.159029
0.077327
0.046772
-0.021490
0.205660
0.198545
0.563442
0.385825
-0.274403
-0.577136
-0.414037
0.053202
-0.019407
0.035390
0.309791
0.420057
-0.041101
0.260743
0.405479
0.688727
0.570281
0.203454
-0.063130
-0.089541
-0.587582
-0.850122
-0.362962
-0.092892
-0.184135
-0.113327
0.575582
0.656668
0.386759
0.653005
0.766577
0.354671
0.347736
0.084599
0.331611
0.117967
-0.146626
-0.196842
-0.083130
0.199531
0.262772
0.157084
-0.007393
0.036547
-0.146828
0.122448
0.116785
0.351543
0.466947
-0.008465
-0.250834
-0.129742
-0.414165
-0.142633
0.015538
0.080259
0.093145
-0.078067
0.086847
0.599773
0.064720
-0.290648
-0.247183
0.087182
0.200264
0.123743
0.433482
0.327500
0.367651
0.474894
0.456125
0.526297
0.078365
0.127563
-0.040920
-0.485557
-1.022683
-0.700490
-0.149734
-0.326492
0.135458
0.522642
0.547266
0.614377
0.083379
-0.193582
-0.002728
-0.349574
-0.359934
-0.466039
-0.915465
-1.070441
-1.144121
-1.099709
-0.335533
0.364043
0.685606
0.848212
1.062636
0.804358
0.626648
0.714248
0.280498
-0.229092
-0.708202
-0.498834
-0.939966
-1.570095
-1.463700
-1.528651
-1.944927
-1.674112
-1.436899
-1.055513
-0.462873
0.180002
0.511609
0.730025
1.341035
1.644039
1.656541
1.495327
1.321256
1.100844
0.552775
-0.047175
-0.232687
-0.711926
-1.365788
-1.751700
-1.465263
-1.272573
-0.829637
-0.632793
-0.609692
-0.094807
0.440035
0.792423
0.842779
0.982608
1.322253
1.202634
1.127165
1.260013
1.089386
0.923674
0.531361
0.034825
-0.091719
0.046115
0.065791
-0.204026
-0.093767
0.207986
0.676359
1.508798
2.012757
2.334639
2.367081
2.101616
1.552774
1.004694
0.672577
-0.099534
-0.348753
-0.613536
-1.470938
-1.615144
-2.077507
-2.204513
-1.530413
-0.728598
-0.470088
-0.481703
-0.146191
-0.006263
-0.043187
-0.054955
-0.048854
0.234554
0.247145
-0.193194
-0.608976
-0.635226
-0.371154
-0.156822
-0.055166
0.072941
0.094394
-0.355876
-0.167393
-0.211641
-0.368920
-0.435122
-0.152338
0.032733
0.152628
-0.018554
-0.075179
0.002126
-0.243103
-0.002664
-0.059495
-0.115395
0.036203
0.300554
0.336329
0.272404
-0.148942
-0.084312
-0.052305
-0.241027
0.125323
0.356033
0.323519
-0.172326
-0.480220
-0.105345
-0.164198
-0.730534
-1.016942
-1.405621
-1.021805
-0.802281
-0.947101
-0.883112
-1.084261
-0.901433
-0.643684
-0.423324
-0.694805
-0.217762
-0.144207
0.038933
-0.226642
-0.120079
-0.115180
-0.041101
0.445078
0.383897
0.133108
0.191068
0.186774
0.418893
0.229129
0.506952
0.566295
0.093440
-0.349603
-0.469502
-0.507677
-0.358535
-0.054952
-0.035347
0.056912
0.365612
0.608407
0.806431
0.609907
0.627595
0.528992
0.909843
1.236666
1.160951
0.883394
0.702313
0.033898
-0.319121
-0.402076
-0.106732
-0.775632
-0.990066
-0.731294
-0.385585
0.199235
0.199363
0.432997
0.254913
0.587635
0.738652
0.372997
0.078816
0.274857
0.545863
-0.039635
-0.316925
-0.082966
-0.171326
0.061954
0.091267
0.412172
0.375286
0.420137
0.483041
0.703602
0.930332
0.580814
0.075439
0.245687
0.122447
0.889627
1.315043
0.565973
0.271273
-0.201200
-0.457645
-0.293264
-0.153508
-0.379860
-0.593767
-0.468121
-0.701980
-0.582660
-0.608004
-0.354307
-0.374575
-0.645857
-0.664347
-0.190224
0.130347
0.021857
0.148010
0.765851
0.525293
0.021489
-0.040625
-0.259125
-0.345076
-0.465124
-0.587100
-0.310125
-0.037539
-0.360974
-0.386629
-0.087983
-0.066786
-0.257844
-0.353512
-0.327929
-0.018827
-0.417932
-0.437228
-0.320958
-0.138646
-0.108343
0.161770
0.395895
0.465241
0.803043
0.947077
1.168636
1.141872
0.902215
0.821434
0.223031
0.172475
0.164991
0.297863
-0.048572
-0.168359
0.027905
0.188691
0.017132
0.248387
0.613719
0.356681
-0.007919
-0.323367
-0.399521
-0.394257
-0.237788
-0.400679
-0.733924
-0.621516
-1.001002
-1.536375
-1.327046
-1.155740
-0.869899
-0.333015
-0.064583
0.015207
0.577704
0.678509
0.898490
0.867183
0.510342
-0.307908
-0.926599
-0.852189
-1.224194
-1.748721
-2.599290
-2.398611
-1.552559
-0.675009
0.269377
1.001045
1.592252
1.439255
0.612750
0.260910
-0.009153
-0.500825
-0.678392
-0.489589
-0.193894
-0.252479
-0.850228
-1.019023
-1.577830
-2.048582
-1.858289
-1.998735
-1.614286
-0.800372
0.119043
0.981646
1.410056
1.322411
1.017527
1.078828
0.975230
0.902760
0.421661
-0.047783
-0.813256
-1.536564
-1.392952
-1.128056
-1.056810
-1.050129
-1.434103
-1.432532
-0.775376
-0.851788
-0.551395
-0.338927
0.520650
0.441068
-0.246431
-0.323098
0.093444
0.307186
0.389280
0.522099
0.588097
0.970100
0.898907
0.690388
0.393892
-0.260227
-0.551379
-0.231656
0.119881
-0.493628
-0.753416
-0.216137
-0.926045
-1.322167
-1.120916
-1.818373
-2.552542
-1.561966
-0.697971
0.280336
1.369577
2.122944
2.619420
2.597843
2.509806
2.372765
2.619101
2.549460
2.700787
2.733730
2.324406
1.820276
1.291675
0.805205
0.388576
0.389963
0.843114
1.284070
1.589189
1.817072
1.841012
1.834885
1.972793
1.916082
2.213597
2.396103
2.212279
1.437030
0.764031
0.474051
0.213829
0.143826
0.251956
-0.348222
-1.440681
-2.335669
-2.367254
-2.437776
-2.361034
-1.363590
-0.014417
0.578093
1.156319
1.200197
1.023555
0.865215
1.063799
0.932152
0.871130
0.770487
0.787904
0.736704
0.564704
0.192623
0.087524
-0.553489
-0.693188
-0.650948
-0.606556
-0.718807
-0.768429
-0.245847
-0.661520
-1.114884
-1.254694
-1.351237
-1.295363
-1.806595
-1.958048
-2.178601
-2.600055
-2.511129
-2.636105
-2.985561
-2.980275
-3.035707
-3.261575
-3.714604
-3.065614
-2.317125
-1.391211
-0.018475
0.570917
0.702899
0.949156
0.830092
1.021131
1.463598
1.652374
1.791531
1.629012
0.987337
0.465978
0.542767
0.188267
0.035842
0.246118
0.056995
0.503060
1.058960
1.217848
1.619616
1.950872
1.595804
1.975261
1.630853
1.434479
0.753519
0.302069
-0.264241
-0.515533
-0.383409
-0.700112
-0.859867
-0.729692
-0.119048
0.518147
0.595716
0.733942
1.504837
1.814523
1.725422
2.088549
2.573245
2.177898
1.471664
1.484836
1.320494
0.493825
-0.477278
-1.107659
-2.001631
-2.468207
-2.255039
-1.913881
-1.375238
-1.115553
-0.461118
0.351593
0.635169
0.580683
0.351177
0.429765
0.453984
0.605321
0.901125
1.146238
0.724353
0.719191
0.356159
-0.135487
-0.682790
-1.809386
-2.563415
-2.985313
-3.337703
-3.166621
-2.424130
-1.600249
-0.694214
0.085032
0.094895
0.301588
0.458981
0.024425
-0.175231
-0.407625
-0.797706
-0.519056
-0.979640
-1.018170
-0.656164
-0.528879
-0.067424
-0.179718
-0.156180
0.295810
0.843163
0.817998
1.103584
1.019320
1.216158
1.930855
1.777207
1.250449
1.278952
1.057991
-0.427612
-1.865597
-2.042905
-1.764866
-1.272475
-1.051162
-0.780687
-0.462851
-0.977866
-0.633902
-0.132330
0.253121
0.771487
0.811076
0.432707
0.456884
0.310064
-0.099825
-0.983870
-1.501207
-1.392256
-1.025376
0.186754
1.019296
1.421889
1.703370
1.255797
0.519153
0.383717
0.049491
0.068289
-0.498663
-0.624335
-0.688696
-0.990741
-1.607791
-1.043764
-0.176267
-0.164545
-0.737073
-1.321112
-1.580890
-1.468956
-1.441491
-0.660505
0.343475
0.901941
1.064204
1.442636
1.643985
1.748402
1.802414
1.642887
1.320446
1.195037
0.867091
0.330471
-0.232570
-0.617539
-0.817387
-0.626697
-0.003243
0.475780
1.216184
1.640234
1.556880
1.308755
1.062065
1.186850
0.263861
-0.725558
-0.807797
-1.139908
-1.661261
-1.638549
-1.719787
-1.512052
-1.624423
0.000650
1.010881
-1.006867
-2.226226
-1.033201
-1.226293
-0.935918
-1.673019
-0.970685
-0.863025
0.158408
0.839630
1.263201
1.325867
1.549069
1.443977
1.143171
1.249489
1.129062
0.347247
0.062726
0.042961
-0.553293
-0.773071
0.067288
1.008250
1.073907
0.873267
0.487122
0.339131
0.154682
0.116997
-0.166415
0.123877
-0.155972
-0.359513
-0.888431
-1.676538
-2.169343
-2.365633
-2.194849
-1.216575
0.014025
0.873331
1.782200
2.316450
2.591715
2.483140
1.665081
0.759678
0.333186
0.181912
0.363665
0.595444
0.564602
-0.013367
-0.216812
-0.160430
-0.192710
-0.458674
-0.214929
0.614927
1.245603
1.523656
1.373367
1.189865
0.494343
0.015900
-0.323136
-0.525560
-0.463522
-1.041389
-1.973453
-2.456330
-2.970440
-3.094367
-2.392781
-1.417618
-0.281361
0.821210
1.938936
2.350121
2.100240
1.845936
1.496993
1.255934
1.815556
1.805959
1.726629
1.702480
0.648461
-0.240575
-0.599945
-0.515943
-1.663222
-2.212135
-1.564977
