0.022863
0.134752
0.088119
0.003540
0.045120
0.139216
0.287679
0.764706
0.964513
0.893980
0.790244
0.727593
0.457504
0.454735
0.497074
0.604817
0.763544
0.775427
0.594756
0.373860
0.396051
0.528807
0.372015
0.372323
0.618137
0.572232
0.453985
0.568370
0.583970
0.480989
0.448258
0.406331
0.259240
0.415522
0.414072
0.104575
0.179746
0.251936
0.269349
0.472156
0.648812
0.583894
0.681145
0.695206
0.542605
0.461373
0.368458
0.124873
0.298897
0.076717
0.460472
0.401344
0.286626
0.446717
0.358223
0.301285
0.116995
0.280094
0.331573
0.175959
0.257069
0.007630
0.026124
0.089309
0.210372
0.121581
0.435079
0.206353
-0.020872
-0.041863
-0.251565
-0.456029
-0.321539
0.123662
0.218203
0.113797
0.133607
0.184909
0.209554
0.329079
0.472631
0.203277
-0.339330
-0.377511
-0.143780
-0.395845
-1.145074
-0.875049
-0.545771
-0.465413
-0.731608
-1.204574
-0.970972
-0.741821
-0.684603
-0.667287
-0.540894
-0.545255
-0.834741
-0.535890
-0.466363
-0.269010
-0.309999
-0.080827
0.448141
0.608038
0.343625
0.358444
0.537328
0.628536
0.205573
0.204633
0.041769
-0.462399
-0.667226
-0.406560
-0.331521
-0.551892
-0.610545
-0.371733
-0.253438
-0.126131
0.123180
0.453901
0.530609
0.449688
0.434377
0.109524
-0.191741
-0.365714
-0.400613
-0.304166
0.175284
0.377215
0.388245
0.467355
0.320621
0.032453
0.022920
0.039545
0.204464
0.072417
-0.149834
-0.511834
-0.314921
-0.031397
-0.173494
-0.228607
-0.407032
-0.395800
-0.267913
-0.135623
-0.167109
0.089922
0.224796
0.016890
-0.155928
-0.149520
0.048858
-0.013702
-0.245851
-0.017519
0.006955
-0.013262
-0.043632
-0.303076
-0.390057
-0.055568
-0.242023
-0.356197
-0.039697
0.512593
0.604229
0.380143
0.262563
-0.180465
-0.530527
-0.691632
-0.733412
-0.753693
-0.718895
-0.811328
-0.730154
-0.614581
-0.376788
-0.356954
-0.014572
0.168114
0.524912
0.712204
0.420782
0.313068
0.267993
0.016826
-0.006453
-0.058140
-0.085311
-0.089010
-0.016138
0.145631
-0.138757
-0.263440
-0.342074
-0.292230
-0.536886
-0.790796
-0.301115
-0.121622
-0.072186
0.146794
0.251849
0.648748
0.464810
0.391945
0.297344
0.282611
0.214863
0.022670
-0.203577
-0.299133
0.308389
0.648080
0.474178
0.437320
0.431094
0.426326
0.315014
0.207078
0.397556
0.302631
-0.095624
-0.055983
0.037903
-0.095784
-0.204196
-0.191616
-0.048601
-0.222017
-0.342605
-0.117088
-0.055767
0.142668
0.137220
-0.079952
-0.381213
-0.052999
0.155921
0.055587
0.045933
0.146874
-0.028822
-0.172332
0.030945
0.000464
-0.076874
-0.383791
-0.579927
-0.257898
-0.225364
-0.270684
0.195609
0.140805
-0.114795
-0.000844
0.417408
1.271753
2.132282
3.053641
3.888670
5.085539
5.930787
6.387252
6.101601
5.952710
5.964568
5.153943
4.906774
4.317198
3.174772
2.446646
1.671274
0.692528
-0.425814
-1.168374
-1.664411
-1.938696
-2.267550
-2.668879
-3.014832
-2.984400
-2.813992
-2.977534
-3.034794
-2.724298
-2.761945
-3.046031
-2.982128
-2.725322
-3.230041
-3.600608
-3.369857
-3.122245
-3.252585
-3.322666
-3.340001
-3.191095
-3.108113
-3.007789
-2.832199
-2.362252
-2.031340
-1.663054
-1.225899
-1.156059
-0.899916
-0.583818
-0.481299
-0.607950
-0.646030
-0.713124
-1.012223
-1.152947
-0.899071
-1.243697
-1.907416
-1.894748
-1.491418
-1.157981
-1.126939
-1.177187
-0.868902
-0.401025
-0.110102
0.146462
0.179737
0.279882
0.426811
0.433273
0.380614
0.283107
0.260032
0.338186
0.252655
-0.107150
-0.007919
0.188510
0.011354
-0.282400
0.186048
0.498490
0.829753
0.948508
1.021860
0.963413
0.983857
0.984990
0.781762
0.583284
-0.133418
-0.111237
0.483654
0.296827
-0.131557
-0.240448
-0.193273
0.099675
0.585286
0.682079
0.773658
0.861725
0.719477
0.533511
0.218098
0.205475
0.304775
0.221566
0.329707
0.296330
0.089283
0.070482
0.357332
0.512232
0.490116
0.105819
-0.071469
0.086282
0.225458
0.096046
-0.016597
0.037896
0.338177
0.371578
0.361120
0.329269
0.288714
0.345472
0.260585
0.336461
0.294363
-0.034651
0.177225
0.373529
0.112973
-0.030532
-0.146623
-0.196661
-0.272860
-0.126034
0.042820
0.213635
0.480733
0.217740
-0.196823
0.170783
0.797323
0.388923
-0.202902
-0.292805
-0.107268
-0.525202
-0.533991
-0.199184
-0.443769
-0.885194
-0.601476
-0.341740
-0.538974
-0.483496
-0.236768
-0.009277
0.184419
0.264896
0.461076
0.800281
0.764592
0.429044
0.440676
0.290940
-0.193768
-0.023338
0.221873
0.325918
-0.018280
-0.070761
-0.106063
-0.292457
-0.030820
0.082982
-0.082106
-0.069461
0.384710
0.417333
0.112392
-0.320941
-0.176908
-0.162845
-0.233465
-0.059816
0.172860
0.018124
-0.088524
-0.218214
-0.413545
-0.670552
-0.636438
-0.515629
-0.518723
-0.673587
-0.771712
-0.424999
-0.095502
-0.095410
-0.023011
0.233354
0.477239
0.491862
0.320719
0.008116
0.151312
0.154149
0.016808
0.008075
-0.014226
-0.074709
-0.094702
-0.072318
0.259432
0.136688
-0.217890
0.018418
0.278292
0.254999
0.197298
0.307234
0.521305
0.234807
0.794028
1.391835
1.043848
0.546636
0.300362
0.210232
0.038993
-0.247626
-0.217084
-0.275351
-0.378017
-0.450577
-0.173863
-0.289736
-0.588275
-0.412928
-0.224715
-0.427810
-0.564292
-0.139250
0.070624
-0.030272
0.032500
0.142206
0.256037
0.115226
-0.235321
-0.588639
-0.578291
-0.184029
0.015736
-0.266474
-0.308266
-0.135382
-0.302603
-0.386538
-0.332125
-0.304317
-0.283194
-0.441537
-0.249932
-0.071101
-0.472259
-0.629251
-0.414905
-0.125125
-0.148702
-0.287501
0.251790
0.643916
0.802596
0.784823
0.611786
0.457614
0.308242
0.178497
0.081006
0.079843
0.211444
0.121463
-0.024159
-0.196587
-0.031875
0.234270
0.021265
-0.354073
-0.331811
-0.278531
-0.429399
-0.422837
-0.312171
-0.430229
-0.479046
-0.492066
-0.382742
-0.288732
-0.423605
-0.592683
-0.196707
-0.094183
-0.283052
-0.224509
0.182543
0.543719
0.702664
0.487589
-0.157480
-0.557834
-0.714761
-0.753600
-0.831572
-0.632070
-0.861572
-0.716413
-0.492974
-0.248384
0.242319
0.579265
0.722090
0.517592
0.210434
0.241834
0.047023
-0.210183
-0.242426
-0.294268
0.019406
-0.022552
-0.172842
-0.202998
-0.513874
-0.760281
-0.527667
-0.628254
-0.542735
-0.433100
-0.151539
0.185657
0.207700
0.048603
0.309077
0.547028
0.573304
0.626148
0.570545
0.322264
0.047676
0.092204
0.100167
0.100032
-0.234246
-0.225277
-0.024227
0.071820
-0.313282
-0.462940
-0.052351
0.102606
0.049540
-0.205690
-0.513804
-0.470991
-0.266200
-0.016791
-0.057113
0.035222
-0.209309
0.262543
0.691791
0.346997
0.034145
-0.340779
-0.254772
-0.018802
0.047303
0.379894
0.481437
0.197553
-0.222967
-0.126944
0.399697
0.080293
-0.747122
-0.806897
-0.376454
0.236273
0.548648
0.620541
0.987237
1.170086
0.819450
0.429532
0.512451
0.752841
0.668598
0.305580
0.203660
0.130157
0.128497
0.154221
0.041500
-0.243696
0.083652
0.206810
-0.056285
-0.180659
0.030535
0.218789
0.419476
0.377465
0.207990
0.150293
0.018638
0.035762
-0.067919
-0.184864
-0.182771
-0.137976
-0.348107
-0.491785
-0.601315
-0.859790
-1.075063
-0.738871
-0.686699
-0.544708
-0.149399
-0.107553
0.409875
0.635348
0.695909
0.768174
0.333839
0.333087
0.187476
0.021869
0.134846
-0.091687
0.170432
0.095208
-0.175509
-0.450321
-0.451266
-0.514540
-0.479955
-0.371893
-0.315291
-0.135057
-0.152164
-0.384712
-0.575579
-0.738318
-0.696867
-0.775476
-0.691294
-0.851985
-0.966729
-0.898904
-0.984264
-1.041894
-0.938942
-1.264830
-1.430792
-1.379673
-1.009877
-0.371823
0.107004
0.622457
1.053019
1.245149
1.040496
0.761175
0.610413
0.737386
0.871310
0.683283
0.467829
0.283270
0.095539
-0.233374
-0.487266
-0.500106
-0.638476
-0.390026
0.025771
-0.053540
-0.036061
0.064613
0.691359
1.200684
0.898679
0.551502
0.501596
0.295895
-0.028828
-0.441434
-0.719071
-0.810170
-0.746590
-0.281661
-0.085119
-0.217353
-0.140709
0.013932
0.117145
0.190388
0.603423
0.923628
0.991017
1.049176
0.760380
0.630144
0.544647
0.623784
0.701812
0.098440
-0.548471
-0.809019
-0.956110
-0.802042
-0.557706
-0.554445
-0.749567
-0.663376
-0.173444
0.033837
-0.493790
0.009124
0.738297
0.951096
0.774691
0.703156
1.076900
0.773380
0.385773
0.118804
0.054261
-0.239985
-1.055234
-1.415143
-1.535864
-1.985044
-1.861238
-1.224721
-0.721178
-0.160223
0.404850
0.605961
0.755390
0.580531
0.361443
-0.076110
-0.337481
-0.325085
-0.413103
-0.657818
-0.686808
-0.618788
-0.337764
-0.385600
-0.559560
-0.345865
-0.017954
0.090671
-0.121410
-0.205852
0.119104
0.160963
-0.092192
0.180271
0.474500
0.307852
0.245926
0.226161
-0.142015
-0.171271
-0.062895
-0.281216
-0.312575
-0.216570
-0.088056
-0.177706
0.070037
0.532573
0.518257
0.317139
0.345492
0.260168
0.278889
0.369178
0.075616
-0.177822
-0.264939
-0.378165
-0.305268
-0.005321
0.306158
0.500958
0.710907
0.486682
0.337438
0.139936
-0.197158
-0.183696
-0.210032
-0.586222
-0.535992
-0.662978
-1.019705
-0.131376
0.499710
0.509500
0.190193
-0.138794
-0.809201
-1.498200
-1.863873
-1.583735
-1.431442
-1.120868
-0.428104
-0.062140
-0.113366
0.345317
0.766508
0.652255
0.327794
0.524158
0.575470
0.382399
0.456586
0.084544
-0.438301
-0.393869
0.058229
0.300803
0.253121
0.459095
0.784703
0.802448
0.819816
1.009689
0.919598
0.395278
0.340564
0.966882
1.364079
1.388687
1.426890
1.772508
1.877616
1.981943
2.321588
1.250564
0.758438
0.659316
0.423381
0.728991
0.385400
0.219717
0.014821
0.080467
0.092297
0.015914
0.253448
0.025279
-0.249636
-0.374327
-0.493597
-0.582663
-0.665136
-0.965294
-1.165087
-1.303155
-1.461955
-1.722822
-1.621293
-1.577089
-1.533637
-1.429122
-1.053482
-0.803050
-0.735109
-0.940908
-1.016429
-0.736591
-0.499872
-0.595275
-0.971298
-1.130168
-1.170228
-1.046518
-0.921047
-0.517128
-0.284195
-0.011587
0.181181
0.284789
0.307540
0.098571
-0.559614
-0.964165
-0.881290
-0.654831
-0.583762
-0.700783
-0.638624
-0.594469
-0.745404
-0.765703
-0.573671
-0.105937
0.304134
0.570146
0.769288
0.460617
0.327801
0.309903
0.157104
-0.376087
-0.424737
0.101326
0.552980
0.749612
0.889583
1.198393
1.596898
2.494415
3.488801
4.115515
4.818616
5.143100
4.957334
4.197601
3.233776
2.778615
2.115917
1.556265
1.349802
1.094743
0.595826
-0.164623
-0.612942
-0.962434
-1.375519
-1.817477
-2.023517
-2.235683
