-0.011620
0.307537
0.537455
0.707659
0.768686
0.171623
-0.788399
-0.789044
-0.476567
-0.433748
-0.148618
0.058301
0.088051
-0.068014
-0.155235
0.014449
0.262231
-0.022445
-0.306981
0.092644
0.121046
0.028820
-0.213669
0.092435
-0.120656
-1.089971
-1.416914
-1.537947
-1.667296
-1.682186
-1.133513
-0.746646
-0.375896
0.006552
0.149426
0.114869
0.384958
0.050132
-0.069738
0.102333
-0.070146
-0.321893
-0.472140
-0.449996
-0.391314
-0.668747
-1.265796
-1.335022
-1.656704
-1.397725
-1.400165
-0.901810
-0.631762
-0.384048
0.072411
-0.162369
0.301511
0.549571
0.320662
0.528499
0.357228
0.265598
-0.153794
-0.353281
-0.309947
-1.043392
-1.299395
-0.907689
-0.366324
0.651535
0.780798
0.610492
0.815692
0.307619
-0.141510
-0.147632
-0.112037
-0.323647
-0.885117
-0.701180
-0.631229
-0.301326
0.200652
0.136126
-0.100390
0.707454
1.336864
1.454399
1.359571
0.890315
0.928380
0.937586
1.002122
0.907916
0.850704
0.422881
-0.134383
-0.134647
-0.282763
-0.418903
0.433708
1.186398
1.420950
1.183784
0.812029
0.164644
0.051614
-0.226253
-0.098419
-0.104280
-0.159206
-0.310194
-0.865681
-0.756080
-0.478440
-0.373520
-0.110247
0.446319
0.351752
-0.017464
-0.123582
-0.074791
-0.431866
-0.660728
-0.238729
-0.216664
-0.095663
0.146834
0.270394
0.293208
0.242657
-0.647581
-1.389741
-1.520147
-1.208282
-0.938520
-0.118720
0.781774
1.217459
1.239263
1.338485
1.730743
1.681919
1.267923
0.524905
0.061206
0.140825
0.203534
0.076435
0.241434
0.590149
0.207071
-1.031936
-1.227300
-0.872052
-0.601457
-0.123914
0.033482
0.339302
0.537591
0.921693
1.276834
1.462778
1.725448
1.525916
0.820599
0.243885
-0.275858
-0.705810
-1.175827
-2.174662
-2.960388
-2.519193
-1.519992
-0.656460
0.299143
1.247256
1.888356
2.266695
2.232527
1.990609
1.697620
1.515539
1.092972
0.565977
-0.451510
-1.114902
-0.974519
-1.160116
-0.867333
-0.723888
-0.895722
-0.817220
-0.759868
-0.345815
0.175203
0.281918
0.273877
0.087449
-0.262397
0.039435
0.445491
0.479945
0.558442
0.476544
0.388857
-0.198668
-0.373288
-0.295432
0.045034
0.357795
-0.219756
-0.652351
-0.617600
-0.320278
-0.200555
0.583178
0.735558
0.089052
-0.353844
-0.307269
-0.376906
-0.197873
-0.255919
-0.261340
-0.110542
-0.430958
-0.895545
-0.903380
-0.751666
-0.323545
-0.415016
-0.414464
0.126903
0.554187
0.424495
0.794840
0.376618
-0.257404
-0.058352
0.183331
0.337551
0.181659
0.296948
0.277605
0.040384
-0.083502
-0.245910
-0.267708
-0.110934
0.366470
0.439470
-0.293509
-0.337122
-0.300623
-0.320085
0.122932
0.619120
0.817651
0.746277
0.425320
0.339010
0.688376
1.017342
0.016112
-1.507455
-2.575135
-3.094071
-3.449802
-3.244696
-2.537807
-1.843235
-1.552073
-2.085665
-2.511082
-2.411505
-2.488401
-2.500201
-2.322859
-2.396618
-2.397575
-1.812949
-0.999671
-0.344365
0.540969
0.869807
1.409411
1.982103
2.048572
2.248140
2.213075
1.806007
1.271752
1.305670
1.099009
0.957194
1.354695
1.005046
0.665249
0.987532
1.493714
2.028910
2.278718
2.614561
2.734630
3.109779
2.789829
1.899167
1.568828
1.251412
0.125880
-0.793548
-0.718607
-0.771198
-0.979023
-0.936297
-0.473648
-0.057478
0.344251
0.843139
1.719888
1.940205
2.329029
2.984510
2.994527
2.708720
2.134812
1.903667
1.506203
0.831211
0.109769
-0.206506
-0.649754
-0.700801
-0.494497
-0.037768
-0.103188
-0.238106
-0.024239
0.424617
0.381667
0.194751
0.499782
0.537729
0.843498
1.297915
1.320232
1.165310
0.691682
-0.761996
-2.476169
-3.630440
-4.108517
-4.193880
-3.409852
-2.214189
-1.637247
-0.909875
0.061040
0.685193
1.002161
1.600445
2.128396
1.816235
1.145230
0.403952
-0.480241
-1.220381
-1.227810
-0.642903
-1.011976
-1.302655
-1.045290
-0.759566
-0.453674
-0.433016
-0.717815
-0.765986
-0.188451
-0.068554
-0.219200
-0.425965
0.137213
0.281715
0.305912
0.097046
0.160135
0.110211
-0.366185
-0.440857
-1.168421
-1.408176
-0.674931
0.029006
0.264151
0.500831
0.672747
0.794456
0.730355
1.115805
1.286781
1.285894
0.877775
0.207679
-0.267556
-0.493669
-0.607083
-0.072441
-0.107708
-0.445507
-0.631670
-0.144439
0.405295
0.230126
0.163742
0.720965
1.743391
1.753505
1.289420
0.939051
1.074716
1.146891
1.517985
1.126196
0.220920
-0.128538
-0.135754
-0.046183
0.485299
0.542362
0.242812
-0.384521
-0.229490
-0.444930
-0.345069
-0.414078
-0.547445
-0.482066
-0.337408
-0.075593
-0.439137
-0.723782
-0.507341
-0.143686
0.253624
0.566887
0.224822
-0.055463
0.286966
0.159567
-0.035384
0.163321
0.437163
0.361524
0.139858
-0.139205
-0.399926
-1.016877
-1.395786
-1.481106
-0.897235
-0.503427
-0.659348
-0.459506
-0.104649
-0.219961
0.072028
0.727304
1.318131
0.960555
0.125150
0.125294
-0.209188
-0.709068
-0.632777
-0.611945
-0.426367
-0.459177
-0.387562
-0.530401
-0.293785
0.290469
0.255347
0.155702
-0.029689
0.003366
0.066332
0.323724
0.374312
0.295774
0.096034
0.351771
-0.042462
-0.462986
-0.719460
-0.858481
-1.936760
-1.905422
-1.255234
-0.541110
0.421015
1.028720
0.765675
0.175781
0.219483
0.277226
-0.029571
-0.143845
-0.158753
-0.037833
0.248320
0.673961
0.965981
0.795635
0.881901
0.495966
0.224090
-0.082122
-0.282268
-0.703110
-0.523838
0.004109
0.206161
0.258717
0.422322
-0.163776
-0.449374
-0.141916
-0.656235
-0.685171
-0.497810
-0.324410
-0.091393
0.249204
0.726575
0.776215
0.774564
0.902304
1.182939
1.089579
0.824763
-0.066599
-0.251039
-0.621334
-0.838328
-1.273891
-1.322984
-0.904669
-0.726469
-0.518588
-0.296511
-0.204043
0.086525
0.086906
0.144657
0.159045
-0.068094
0.113261
0.069257
0.180605
0.891672
1.050206
0.489517
0.283219
0.496318
0.203246
0.080731
-0.102996
-0.628395
-0.950093
-0.481120
-0.187954
0.347151
0.988891
1.012288
0.571348
0.724601
0.814602
0.851049
0.665754
0.016843
-0.167975
0.027541
0.151150
0.350311
0.583762
0.911663
0.918025
1.005165
0.484018
-0.206209
-0.860939
-0.991750
-0.465505
-0.546176
-0.569226
-0.155947
-0.104293
0.488114
1.279044
1.377739
0.843213
0.130244
-0.234848
0.436469
1.143083
1.708755
1.626326
0.794470
0.935068
1.368763
1.389722
0.931719
0.559155
-0.303149
-0.850524
-0.895417
-0.826273
-0.644172
-0.725901
-0.521034
-0.452529
-0.119852
0.559269
0.422320
0.123093
0.352963
-0.088019
-0.222104
0.228170
0.969398
1.182160
0.624031
-0.033343
-0.259833
-0.200087
0.369994
0.283522
0.155332
0.246916
-0.408006
-1.005755
-0.482827
-0.799436
-1.029181
-0.367326
0.045714
-0.094097
-0.123485
-0.211358
-0.263356
-0.357342
-0.052343
-0.044350
-0.097566
-0.095847
-0.466876
-0.206999
0.459839
0.680154
0.309239
-0.530780
-0.946752
-1.143622
-1.480774
-1.205930
-0.557685
-0.562814
-1.032416
-1.111089
-1.388920
-1.650635
-1.364843
-1.185985
-0.735702
-0.536878
-0.408798
0.190773
-0.045617
0.003249
-0.101114
-0.741158
-1.162611
-1.020048
-1.013925
-1.077860
-1.190986
-0.835471
-0.444804
-0.272739
0.164194
0.435128
0.440626
0.660675
0.782635
1.152188
1.564516
1.751045
1.715419
1.785319
1.423361
0.754434
-0.115831
-0.942551
-1.187386
-1.137879
-0.888617
-0.618695
-0.095706
-0.244184
-0.163461
-0.277027
-0.107889
0.581873
0.836386
0.715704
0.298159
0.322656
0.464093
0.810748
0.860819
0.584687
0.080218
-0.077862
-0.247702
-0.011490
0.279285
0.469309
0.532394
0.553704
0.831392
1.031218
1.751986
1.852134
1.561539
1.615955
1.472458
1.858453
2.052191
1.541328
0.927606
0.576007
0.424283
0.029093
-0.053626
-0.203832
-0.673492
-0.359317
-0.442803
-0.691352
-0.777313
-0.620477
-0.504683
-0.630457
-0.769998
-0.832889
-0.186232
0.688369
0.626550
0.263724
0.168848
-0.101169
-0.669437
-0.963753
-1.188249
-1.588603
-1.609118
-1.698699
-1.920087
-1.492227
-0.655819
0.499337
0.963535
0.963009
0.605789
-0.022924
-0.474100
-0.831863
-0.561649
-0.474203
-0.318200
-0.046798
-0.594543
-0.694919
-0.883344
-0.934648
-1.081622
-0.831621
-0.667319
-0.553689
-0.439592
0.259108
1.192630
1.380350
1.452107
1.393411
1.030839
0.890801
0.585701
0.127831
-0.301008
-0.579178
-0.192111
-0.749964
-1.109871
-0.783495
-0.762332
-0.727698
-1.049250
-0.777579
-0.484402
0.152656
0.644625
1.372826
1.746649
1.494208
1.466760
1.517868
1.262226
0.903706
0.786526
0.612442
-0.003666
-0.740053
-0.805913
-0.628399
-0.371033
0.151294
0.337672
0.047197
-0.236533
-0.158017
0.097532
0.356345
0.798926
1.319419
1.043253
0.471778
0.234079
0.253449
0.524061
0.846183
0.601633
-0.073351
-0.612757
-0.636555
-0.483190
-0.451040
-0.102249
0.165637
0.337710
0.436745
0.899907
1.604783
1.704872
1.561404
0.723897
0.142995
-0.216550
-0.547829
-0.860581
-1.023391
-1.277843
-1.256058
-0.630749
-0.198345
0.236345
0.883737
0.449721
0.124109
-0.807612
-1.533457
-1.790441
-1.784829
-1.467383
-0.626695
0.037494
0.183743
0.404766
0.874486
1.281512
1.887235
1.964114
1.025477
0.030552
-1.276870
-2.241905
-2.378190
-1.379445
-0.094735
0.808376
1.383179
2.460715
2.593976
2.380909
1.964343
0.951271
-0.565428
-1.235307
-2.014506
-2.701216
-2.582048
-1.899312
-1.592134
-1.214604
-0.623845
-0.361898
0.997922
2.267596
2.333114
1.242367
0.437090
0.076184
-0.193013
-0.885085
-1.015371
-0.845181
-1.003443
-0.848466
-0.170429
0.035811
-0.189283
-0.627829
-0.901223
-0.843348
-1.207060
-0.885290
0.050665
0.592133
0.409280
0.080465
0.529083
0.012292
-0.258208
-0.192589
-0.147902
-0.325495
-0.369418
-0.498080
-0.618374
-1.145715
-0.893849
-1.012417
-0.604192
-0.035756
0.426424
0.890117
1.167208
2.041950
2.116943
1.420484
1.172323
0.888174
0.812710
0.586417
-0.148139
-0.913087
-0.672616
-0.266605
0.011733
0.638174
0.920531
0.989947
0.991385
1.298408
1.938572
2.016197
1.461424
0.770751
0.065754
-0.460047
-0.630894
-0.476781
-0.465297
-0.886805
-0.464030
0.159285
1.173272
1.301642
0.908639
0.572047
0.238263
0.184360
0.552895
0.616494
0.580078
0.878115
0.555036
-0.003985
-0.638162
-0.922544
-0.793126
-0.252509
0.308507
-0.081640
-0.165038
0.204664
-0.024373
-0.227666
0.066564
0.119935
-0.310534
-1.048323
-1.602456
-1.997534
-2.210954
-2.312818
-2.248159
-2.382363
-1.916745
-1.156977
-0.653638
-0.776015
-1.490336
-2.248690
-2.487690
-1.916874
-1.311621
-0.520417
0.270250
0.664019
1.014509
1.441803
1.872835
