0.853071
-0.208541
0.280828
-0.561059
-2.236736
-1.159822
0.086748
0.198249
0.209621
-0.616169
-1.378986
-1.441362
0.511922
1.900715
2.157528
0.671392
-1.188675
-0.537498
-0.100811
-0.246827
-0.016186
0.347466
0.495944
-0.460070
-0.181312
0.517251
-0.142328
0.093018
0.104610
0.197974
-0.802241
-0.844026
-0.791774
-0.631472
-0.532094
0.192384
0.067126
1.008399
0.924297
-0.449738
-0.786869
-1.397895
-1.829236
-1.491182
-0.378409
-0.256935
0.599160
0.556546
-0.206552
-0.767570
-0.769347
1.407082
1.815191
0.168134
-0.258462
-0.532075
-0.733963
-0.881485
-0.301647
-0.473792
-1.024662
-0.449062
0.216039
0.073880
-0.320711
0.334981
0.691362
0.328039
0.392551
-0.805678
-0.279180
0.884585
1.029350
0.877097
0.663581
-0.194736
-0.487646
0.331864
1.108171
-0.048845
-0.430251
0.128830
-0.155745
0.116107
1.233213
1.708006
0.870744
-0.334559
0.020979
0.116304
0.038261
0.685747
0.840049
-0.087071
-1.520745
-0.759108
0.231741
-0.085736
0.560719
1.320061
0.534994
-0.321284
-0.582926
-1.178616
-0.799232
-0.189739
-0.057417
-0.472844
-0.917880
-0.813278
-0.420898
-1.280503
0.142441
1.612713
0.951693
-0.046620
-0.503447
-0.746716
-1.246394
-0.110842
-0.180332
-0.144802
0.137965
0.406783
0.283287
0.190482
0.273921
-0.625738
0.316527
0.972354
-0.241804
-0.339506
-0.436672
-1.170986
-0.091462
0.744164
0.689507
1.122852
0.793122
0.805890
0.657290
0.723639
1.223115
0.066219
-0.575940
0.159537
0.217517
-1.133474
-0.795205
0.287671
0.001915
0.485048
1.209613
-0.001172
-0.070591
0.120227
-0.504072
0.036698
0.147416
-0.249427
-0.512515
-0.578912
1.377688
0.704255
-0.084905
-0.379283
-1.003004
-0.834017
0.795447
0.677127
0.178436
0.474094
0.146776
-0.100755
0.089505
-0.405963
-0.479172
-0.667103
0.137198
1.291217
1.441598
0.587569
-1.052153
-1.143705
-0.340738
1.717868
1.886397
-0.583807
-1.140422
-0.821473
-0.505501
-0.524882
-0.147308
0.107524
-0.023335
0.567602
0.751064
-0.114851
-0.678324
-0.180334
1.106394
0.540464
-1.790737
-2.270160
-0.398089
0.510110
0.301564
-0.256412
-0.521657
-1.135357
-1.769227
-0.894249
0.835932
0.966989
-0.432444
-0.780746
0.097958
0.530920
0.605940
0.183900
-0.855334
0.705233
0.404797
-0.710623
-0.282207
-0.275044
0.140182
-0.835809
-0.629979
0.122827
-0.213966
1.756884
1.975030
0.540215
-0.013387
-0.964837
-0.914379
0.824702
1.121983
0.941885
1.327817
-0.710831
-1.035864
-0.735722
0.752599
0.368339
-1.330080
0.050981
-0.184201
-0.822789
-2.087915
-0.535515
1.405202
0.839946
0.120012
0.326683
1.288521
0.783551
-0.040819
-0.307417
0.643981
0.903080
-0.242275
-0.540848
-0.619843
-0.432214
-0.562711
-0.509795
-0.663081
-2.345854
-2.916677
-2.964560
-2.550349
-2.184632
-1.950066
-1.011149
-2.026849
-2.889292
-2.113149
-3.017613
-3.228288
-2.908340
-1.567933
-0.229128
-0.659086
0.225792
2.439988
2.850767
2.794981
2.189123
2.807480
3.263803
3.311828
1.834087
1.150129
1.155718
-0.705803
-0.742678
0.297706
0.636571
0.891654
1.169397
1.458628
2.770179
1.888617
0.436989
1.709514
3.001939
2.439452
0.387037
0.870741
1.072144
0.048970
-1.284920
-1.439349
-1.193691
-1.931443
-0.978247
-0.037202
-0.212069
0.413963
1.745583
0.947803
0.662995
2.382702
3.031623
1.543566
-0.554890
-0.301500
0.824461
0.840337
-0.134959
-0.129576
0.799095
1.380141
1.494993
0.271562
0.499919
0.758310
-0.420399
0.294914
0.261443
0.043425
1.035370
0.397931
-0.778194
-0.548956
-0.336641
-0.787328
-0.432160
0.601110
0.421664
-0.561006
0.025309
-0.159614
-1.556504
-0.716405
0.334222
0.702211
-0.465448
-0.673260
0.179293
-0.302559
0.014482
-0.357517
0.076293
0.090298
0.314968
0.846132
0.729275
0.787116
1.220853
0.761301
-0.316860
-1.598056
-1.690285
0.355881
1.504390
0.954462
-0.462201
-0.890722
0.249580
-0.419675
0.430530
0.877409
0.187180
0.444647
-0.555986
0.709908
-0.531134
-0.729674
0.176658
-0.690707
-1.576252
-0.656964
0.478123
0.497553
0.695043
0.971871
0.389381
0.828054
0.286213
-1.511871
-2.099364
-0.720665
0.405582
0.220339
-1.000096
-1.024190
-0.948227
-0.332596
0.445261
0.193918
-0.359802
-0.616548
-0.542039
0.404734
1.055969
1.256179
0.360208
0.135495
0.080737
-0.723710
-0.472444
-0.156536
0.232876
0.656890
-0.456795
-1.685718
-1.535292
-0.034832
1.443122
0.481358
-0.635197
-1.310565
-0.284558
1.120785
0.415583
0.197421
-1.548240
-1.914077
-1.150871
-0.027423
0.767750
-0.446884
-1.184560
0.071823
0.401185
0.754740
1.523571
0.415806
-1.159648
-0.748708
0.269360
-0.531286
-1.591474
-0.170045
1.004413
-0.228005
-1.465950
-2.440488
-0.872193
0.945918
1.197207
0.273609
-0.133870
1.039928
1.080077
-0.001424
-0.686408
0.322747
0.644794
1.157094
1.334314
0.742869
0.112589
-0.503477
1.085476
1.565307
0.069332
0.240073
0.766632
0.419116
0.772698
0.958081
-0.199867
-0.264446
-0.187424
-0.041712
-0.310441
-0.028192
0.150276
0.507082
-0.004453
-1.147724
-0.813472
0.127724
-1.459211
-0.567373
1.011839
0.306451
-0.330334
-1.268465
-1.366753
-0.801474
-0.331723
-0.013886
0.439473
0.431728
0.305149
0.297340
-0.789347
-0.150547
0.475059
0.107055
0.581897
0.387013
0.274454
-0.834022
-1.453082
-0.142078
-0.085780
-0.049083
0.741955
0.321407
0.650479
0.125216
-0.943304
-0.669315
0.062377
0.303024
1.504000
1.134002
0.518836
0.429433
0.140520
-0.397257
0.230785
0.544020
0.048331
-0.785294
-0.885381
0.271201
0.967391
-0.481521
-1.007107
-0.073926
0.224488
0.351134
0.714051
0.448046
0.403410
-0.036660
0.179795
0.008783
-0.943462
-0.356106
1.062179
0.600877
0.356901
-1.175169
-0.207370
1.538335
0.968201
0.047134
0.048338
-1.645970
-1.134284
0.741395
1.259849
0.308955
0.625086
0.363090
-0.673549
-0.115270
1.391145
-0.432074
-1.333978
-0.232687
-0.042571
-0.721954
-1.713524
-0.821481
0.875147
1.228594
-0.431996
-1.054837
-0.302094
0.400590
0.349210
0.397170
0.257885
-0.261975
-0.847653
-0.371425
-0.391319
0.329564
1.334620
0.577735
-0.253818
-0.505431
-0.463890
-0.334549
-1.026562
-0.968513
-0.778997
-0.157066
1.286862
2.623608
1.649734
0.781991
1.226489
0.577268
-0.869841
-0.200669
0.693175
-0.627301
-1.866300
-2.707245
-2.990780
-3.278558
-1.830527
0.777343
1.380760
0.102108
0.745846
1.340986
2.307573
2.642332
1.893969
1.455401
1.069221
-0.189602
-0.984020
-0.391532
0.407847
-0.147518
-0.748620
-0.838849
-0.770604
0.158462
0.056021
-0.101328
1.279415
1.973703
1.054331
0.600838
2.320286
2.396906
1.471198
1.215593
1.783356
-1.218721
-3.466540
-1.893979
-1.032657
-0.756938
-0.028003
0.885305
-0.234313
-0.173126
1.801603
1.822170
1.030317
1.318297
0.328601
-0.925710
-0.820573
-0.084731
-0.358209
-1.199746
-1.922262
-1.934965
-0.523167
0.125123
-1.013188
-0.703752
0.367415
-0.014685
-0.510987
0.705440
1.320321
-0.056660
-0.169011
-0.276590
-0.428922
-0.295023
-1.008206
-1.481124
-0.287385
0.884646
0.223418
-0.844221
-0.685463
-0.168967
-0.766146
0.162447
1.040204
0.584948
0.203493
0.055048
0.116896
-0.392432
-0.230801
0.021719
0.378157
-0.404605
-1.707375
-0.901890
-0.148400
0.666213
1.975538
1.233971
0.222962
-0.776830
-0.436998
0.338309
0.572324
-0.082106
-1.660201
-1.304942
0.002613
0.825047
-0.031947
0.494486
0.878023
0.649616
0.352505
0.074946
0.407753
0.605294
0.320009
-0.127227
0.370351
0.799552
-1.204516
-1.095920
-0.500690
0.069706
1.318265
1.098396
0.955860
1.277774
0.243469
-0.891484
-0.355419
0.164194
-0.575951
-0.098628
0.154309
-0.976774
-1.722600
-1.209053
-0.540104
1.829675
2.964320
1.063384
-0.671539
0.788961
2.137604
0.143046
-0.156236
1.584006
0.620005
-1.151500
-2.079351
-2.094291
-0.333533
-0.273895
0.033058
1.273504
0.494140
0.396697
0.712024
0.879605
1.283406
1.167909
0.157740
-1.793320
-0.337672
0.415158
-1.315770
-0.415976
0.478328
-1.477059
-2.688587
-0.538957
-0.356902
-0.884269
-0.165371
1.091941
1.050218
-0.323000
0.880574
0.503627
-0.717972
-1.081645
-0.427692
0.317517
-1.508965
-1.919273
-1.261724
-0.976781
0.237581
0.518321
1.178996
1.298637
-0.503611
-0.201195
0.741617
0.950435
0.338106
-0.386118
-0.193311
0.178488
1.075492
0.204820
-0.294538
0.488232
0.766826
0.037602
-0.300682
0.546221
1.411327
0.935619
0.312134
0.281805
-0.412532
0.038912
1.861690
1.123175
-0.530459
-1.311806
-0.479398
-0.693657
-0.215109
2.157830
2.816334
1.358609
-0.451678
-1.114685
-0.772805
-1.163935
-0.033326
1.191381
0.531703
-0.541735
-2.348857
-2.852391
0.022495
1.108945
0.639903
0.003475
-0.887633
-0.494340
-1.021829
0.208184
1.727758
0.398969
-0.484610
-1.132277
-0.712787
1.036817
1.377698
-0.642981
-1.303249
-0.459467
-1.179381
-0.524940
0.206887
0.827064
0.953271
0.237343
-0.937459
-1.681431
-1.297904
-0.714702
1.110373
1.481306
-0.220287
0.500721
0.930920
-0.731635
0.208511
0.572692
0.496229
0.661322
0.240138
-0.116597
0.055309
1.132894
1.974455
0.923921
-0.377202
-0.530828
-1.260347
-0.696279
0.581953
0.535826
-0.128109
-0.509866
-0.855555
-0.479622
0.064410
0.871308
0.968673
1.154761
-0.878485
0.024295
0.820104
0.682173
-0.314838
-0.350581
-0.000709
0.145438
-0.383417
0.163601
0.798006
-0.059648
-0.111793
0.245240
-1.634152
-1.847756
-1.731116
-1.261266
-0.022141
0.000595
0.584229
0.124681
0.948007
0.273070
-1.226120
0.548555
0.570805
0.403978
0.652698
0.518718
-1.227199
-2.390887
-1.298076
-1.031970
-0.845459
0.685709
2.269157
0.857242
0.117537
1.411710
0.641437
-1.099615
0.449606
0.699876
-0.653485
-1.711203
-0.902932
0.011648
0.772282
1.079994
-0.356183
-0.492887
0.457888
0.260849
0.247180
0.083095
0.620717
0.514580
-0.428295
-0.486859
0.617684
0.452273
0.170619
0.551378
0.646230
-0.635089
-1.377970
-0.720594
0.226537
0.888835
1.292855
1.170157
0.353601
-1.389287
-0.342980
1.871429
0.419605
-0.394154
0.434737
-0.209867
-0.228949
-1.059118
0.309690
0.752699
0.102010
-0.583685
-2.012001
-0.255541
0.540688
-0.376788
0.425378
0.703484
-0.273605
-0.782211
0.294797
0.401387
-1.608743
-2.854502
-2.034777
-1.891211
-1.515955
-1.716336
-1.703883
-1.685620
-2.065601
-1.181156
0.992459
0.670422
0.396870
0.055106
-0.375163
-0.027616
-0.220153
1.019951
1.693645
1.248944
1.030862
