0.064854
0.305715
0.966736
0.629807
-0.171825
-0.388313
0.044807
0.699279
0.543756
0.692242
0.578493
0.527623
0.505799
-0.197438
-0.457651
-0.462883
-0.295507
0.021358
0.241115
0.058218
-0.211722
-0.468582
-0.298152
0.117910
-0.029300
-0.379190
0.121841
0.555994
0.799873
0.538943
0.113124
0.254625
0.186738
-0.078296
0.247978
0.531604
0.208527
-0.301502
-0.268828
0.137410
-0.091618
0.086176
0.278879
0.391220
-0.234893
-0.165341
0.684871
0.376939
0.211364
0.687627
0.439422
-0.087418
-0.392910
0.255711
0.440334
0.069456
0.305607
0.333650
0.450424
0.362359
0.051033
-0.008292
-0.062890
-0.301055
-0.216228
0.392834
0.407731
-0.008641
-0.069229
-0.388194
-0.599019
-0.388052
-0.245729
0.113712
0.751864
0.721755
0.544072
0.248104
-0.226483
-0.288573
0.092743
0.186638
-0.067076
-0.019375
0.134422
0.271181
-0.231036
-0.546105
-0.454967
0.345949
0.762786
0.453512
0.514515
-0.015359
-0.270184
-0.042621
-0.038073
0.060944
0.042311
0.040316
0.034113
0.017572
0.016544
-0.108297
0.251967
0.037362
-0.104126
0.075405
0.239838
0.217121
-0.103713
-0.177445
-0.040738
-0.340323
-0.481873
-0.341197
0.048813
0.138191
0.162804
0.382247
0.188673
0.056037
0.086297
0.194557
-0.528661
-0.336483
0.410746
0.452998
0.108236
-0.188840
0.086645
0.040087
-0.071918
0.089063
0.098630
0.149785
-0.037311
-0.166225
-0.053734
0.131137
0.035408
-0.132128
0.048305
0.298888
0.190048
0.041576
-0.055319
-0.057528
-0.121581
-0.493051
-0.301887
-0.047904
-0.061350
0.162315
0.303331
0.341038
0.066078
0.012319
0.463100
0.680153
0.139150
0.404124
0.471272
0.077150
-0.048689
0.356965
0.223058
0.021203
0.147280
0.187760
0.232753
-0.121466
-0.192732
0.173705
-0.122341
0.110034
0.543979
0.131460
-0.480301
0.022088
0.468775
0.743312
0.462676
0.145649
0.082478
0.388843
0.282302
-0.083811
-0.095600
-0.586789
-0.205817
0.243521
0.196642
0.163265
0.180326
0.210237
0.207218
0.324927
0.183332
0.015390
-0.060320
0.331933
0.387205
-0.002582
-0.345818
-0.071381
-0.663560
-0.465787
0.389737
0.178981
-0.109609
-0.063039
-0.117061
0.286939
0.413429
0.176597
-0.157551
-0.188901
0.209553
0.218002
-0.217457
-0.567216
0.173847
0.327118
0.324379
0.506185
0.238221
-0.289659
-0.658505
0.025992
0.476508
0.121476
-0.173944
-0.157296
0.012926
0.051979
0.100464
0.061638
-0.042468
0.424964
0.655836
0.191740
0.075306
-0.044037
-0.203131
0.093764
0.318352
0.575728
0.756029
0.037290
0.256509
0.326914
-0.098108
0.039143
0.398802
0.244962
-0.000481
0.089327
0.003262
-0.013049
-0.079657
-0.177250
-0.245875
-0.407426
-0.292296
-0.174898
-0.269332
0.079104
0.258407
0.024987
-0.426794
-0.261534
0.242068
0.399997
-0.005193
-0.309253
-0.108526
0.057971
-0.122804
0.183306
0.385684
-0.207941
0.070163
0.258772
0.054367
0.307217
0.148880
0.103761
0.187081
-0.081006
-0.268739
-0.376434
-0.244885
0.261867
0.298468
0.357865
0.364881
0.228096
0.053722
0.327782
0.492672
0.276261
0.262127
0.502057
0.274824
-0.141560
-0.006961
0.486516
0.660869
0.177749
-0.219903
0.040911
-0.055840
-0.167307
0.019890
0.161792
-0.202258
-0.407822
-0.064248
0.420119
0.475948
0.253156
0.154776
-0.031839
0.250858
0.480320
0.141689
-0.328875
-0.467032
-0.487872
-0.450720
0.083454
0.131948
-0.039879
-0.346614
-0.496365
-0.055926
0.251453
-0.077918
-0.153988
-0.073365
-0.069848
-0.016816
-0.228502
-0.233620
0.283136
0.301869
-0.222504
-0.314954
0.239161
0.345648
-0.178162
-0.152920
0.429515
0.223966
-0.034986
0.323187
0.216239
-0.407463
-0.037533
0.377927
-0.042807
-0.163015
-0.041722
0.009544
-0.326898
-0.669192
0.127576
0.500997
0.195765
-0.127613
-0.100350
0.096691
-0.040688
-0.014526
-0.100602
0.052866
0.311908
0.522346
0.112154
0.106320
0.449348
0.377390
0.244225
0.080267
0.122042
-0.170090
-0.484481
0.082496
0.614739
0.511794
0.281064
0.168923
-0.053077
-0.519211
-0.387901
0.183558
0.685305
0.496066
-0.072268
0.153474
0.032322
-0.271738
-0.062867
0.214783
0.251103
0.233350
-0.068628
-0.311426
0.111011
0.050602
-0.137599
0.472746
0.573073
0.608057
0.715131
0.082550
0.024116
0.171593
-0.102470
0.265607
0.512251
0.591986
0.636578
-0.010968
-0.178334
-0.178282
0.008790
-0.137214
-0.199334
0.106520
-0.017597
-0.150458
0.062938
0.223997
-0.040296
0.182664
0.402605
0.296877
-0.267521
-0.531734
-0.442077
0.025876
0.284674
0.033016
-0.097349
-0.186194
-0.125709
0.012129
-0.018025
-0.120720
-0.171763
-0.662974
-0.389587
0.348069
0.207094
0.095600
0.493058
0.236571
-0.159361
-0.079319
0.059669
0.275267
0.118414
0.228579
0.170975
-0.081914
-0.091476
-0.139206
0.159228
0.088576
0.352646
0.340071
-0.073037
-0.422077
-0.679206
-0.220486
0.259501
0.017307
0.137323
-0.084661
0.040570
0.014665
-0.001329
0.364254
0.304571
-0.247710
-0.341977
0.030811
0.332902
0.290213
0.320822
0.169186
-0.509159
-0.293796
0.359097
0.349806
-0.040643
0.079083
0.039314
0.084331
0.618599
0.383886
0.167238
0.355335
0.008907
-0.268167
-0.092245
0.004088
-0.085181
-0.122746
-0.141319
0.193592
-0.061076
-0.157817
0.063400
-0.220425
0.049889
0.322371
0.268048
0.081956
0.184883
0.518754
0.363916
0.123159
-0.337691
-0.322799
0.255481
0.297668
0.240387
0.453826
0.487280
-0.041643
-0.306527
0.053173
0.125886
0.205761
0.278016
-0.499380
-0.674098
0.109036
0.673868
0.380687
-0.115740
0.048598
0.065298
0.304417
0.278360
0.055082
0.183702
0.357167
-0.018704
-0.587295
-0.152574
0.528524
0.869218
0.428460
-0.204575
0.153438
0.353692
0.004847
0.073744
0.060071
0.199470
0.043155
-0.596731
-0.395332
-0.340211
-0.151630
0.103262
0.004183
0.137341
0.115645
-0.194060
-0.079446
-0.051935
0.303101
0.635276
0.289224
-0.328386
-0.277272
0.272433
0.945032
1.487993
2.455489
3.499700
3.012659
2.960695
3.056372
2.971784
2.951281
2.957152
3.166938
2.589176
1.698867
1.050444
0.614810
-0.087835
-0.919786
-0.914392
-1.092765
-1.331667
-1.543046
-1.859637
-1.903662
-2.014439
-1.899189
-1.803148
-2.267569
-2.603577
-2.648351
-2.421619
-2.000820
-1.477453
-1.640655
-1.158461
-0.936668
-1.239791
-1.461628
-1.824594
-1.399349
-1.060470
-1.534057
-1.283429
-1.164649
-1.105567
-1.053931
-0.886579
-0.979544
-0.928408
-1.403633
-1.527385
-1.369079
-1.122599
-0.982089
-0.866067
-1.117577
-1.370515
-1.056676
-1.006462
-0.779486
-0.702615
-0.428343
-0.297747
-0.236389
-0.211548
-0.329257
-0.301855
-0.111906
0.126805
0.153614
-0.021809
0.187237
0.327554
0.156698
0.183301
0.123520
0.527270
0.912889
0.981696
1.124106
0.930784
0.465146
0.716412
0.775313
0.558337
0.062055
0.107405
0.246207
0.200056
0.485530
0.702356
0.819779
0.341725
0.040935
0.452510
0.735925
0.633591
0.720920
0.715245
0.382508
0.204181
0.266852
0.018507
-0.063555
0.472058
0.613993
0.338257
0.264104
0.204505
-0.406740
-0.381014
0.430633
0.428539
0.093416
0.133394
0.425137
0.186995
-0.177596
-0.148222
0.550774
0.826409
0.198848
0.127341
0.336695
0.423493
0.632487
0.745662
0.394489
0.207892
0.239154
-0.068224
0.486807
0.596209
0.363356
-0.011425
-0.167026
0.142129
0.182720
0.348003
0.522757
-0.026832
-0.361448
0.230182
0.443159
0.210796
-0.032175
0.025148
0.606308
0.732632
0.459611
0.058910
-0.559889
-0.686472
0.447062
0.960502
0.816875
0.507069
-0.015849
-0.512379
-0.293683
-0.058024
-0.112858
0.363819
0.403261
-0.000923
-0.244363
-0.141605
0.031734
0.301066
0.572709
-0.123482
-0.059138
0.223409
-0.371902
-0.193411
0.312344
0.157348
0.319050
0.483316
0.070723
-0.115794
0.455681
0.666828
0.324671
0.350104
0.562818
1.080935
1.558431
2.366975
3.266301
3.113864
2.837607
2.809875
2.962920
2.680295
2.532498
2.625378
2.895037
2.828976
1.296357
0.596862
0.202296
-0.345299
-0.833104
-1.275672
-1.842425
-2.390835
-2.625661
-2.669070
-2.514554
-1.690668
-1.761605
-2.299617
-2.809766
-3.141574
-3.196531
-2.879235
-2.486219
-2.255699
-2.434553
-2.593653
-2.764742
-2.772389
-2.554858
-2.218354
-2.050396
-1.927733
-1.665217
-1.438474
-1.808897
-1.749417
-1.514300
-1.682049
-1.643447
-1.386355
-1.239747
-1.571370
-1.548522
-1.228429
-1.109112
-0.777337
-0.903404
-0.645309
-0.692666
-0.563905
-0.072520
-0.349207
-0.028190
0.119438
-0.621323
-0.296441
0.344002
0.276308
0.096205
0.362483
0.353070
0.058887
-0.031092
0.252511
0.317558
-0.016702
0.337897
0.657768
0.322744
0.134843
0.021039
0.195947
0.231847
0.189341
0.305036
0.807990
0.716284
0.674287
0.658716
0.493930
0.535601
0.278439
0.140748
0.600697
1.031509
1.121227
0.899238
1.080730
1.427124
1.382985
1.580337
1.586816
1.501896
1.586623
1.775245
1.636058
1.059943
0.667894
0.292883
-0.461519
-1.110674
-1.675115
-2.246312
-2.595735
-2.701191
-2.505437
-2.407747
-2.576967
-2.563433
-2.469390
-2.987465
-2.606522
-2.109287
-2.284491
-1.829315
-1.563809
-1.505562
-1.118590
-0.981670
-1.338155
-1.327697
-0.627402
-0.134304
0.035537
-0.004908
0.078707
0.149035
-0.619899
-0.591326
-0.436130
-0.190353
0.638608
0.626794
0.369984
0.455004
0.638980
0.900464
1.626978
3.065986
3.143287
3.015841
2.650740
2.517325
2.851527
3.032639
3.135165
3.066157
2.992735
2.977178
2.951125
2.961686
2.213268
2.038966
1.767975
1.464791
1.434084
1.558981
1.160460
0.746277
0.644065
0.583662
0.280460
-0.029789
-0.320065
0.122060
0.320157
-0.170894
-0.195677
-0.410935
-0.352486
-0.083361
-0.520099
-1.036032
-0.740507
-0.705954
-1.130383
-1.067320
-0.676654
-0.691340
-1.250154
-0.939881
-0.193438
-0.000707
-0.246376
-0.685166
-0.697652
-0.543267
-0.680830
-0.939371
-0.692946
-0.494473
-0.671178
-0.844812
-0.867313
-0.540183
-0.622648
-0.640403
-0.945639
-1.108854
-0.883166
-0.223650
0.197179
0.171504
-0.145989
-0.531634
-0.221063
-0.004363
-0.147313
-0.136190
0.169537
0.717491
1.139798
2.036763
3.173974
2.983290
2.942626
2.905790
2.635969
2.861348
3.033922
3.142639
2.671865
1.380166
0.455137
-0.049973
-0.593238
-0.521470
-0.807483
-1.460421
-1.938958
-2.238759
-2.595079
-2.994175
-2.636846
-2.122870
-2.367574
-2.818578
-2.755617
-2.840786
-2.818191
-2.818060
-2.844431
-2.318562
-2.087749
-2.381255
-2.057958
-1.803062
-1.999101
