1.184663
0.623609
0.858702
0.236675
-0.212379
-0.676864
-0.223997
0.097661
-0.048456
-0.177961
-0.683111
-0.596970
0.202589
0.061062
-0.346613
-0.354724
-0.126818
0.306087
0.421165
-0.301853
-0.212342
-0.327685
-0.498742
-0.846838
-1.097864
-0.931796
-0.875009
-0.917220
-0.957205
-0.575547
-0.277771
-0.779349
-0.388081
0.589387
0.454275
0.161986
0.070907
0.102098
0.339018
0.073597
-0.704773
-1.112328
-1.220026
-0.467968
-0.453593
-0.701134
0.409225
1.231141
0.934714
0.561494
0.465803
-0.041612
0.556320
1.122099
1.110452
1.353043
1.158488
0.859085
0.745137
0.448304
0.419148
0.232188
0.288593
-0.508605
-1.340887
-0.921867
-0.634173
-0.279772
-0.103205
0.061649
0.599001
-0.083285
-0.098159
0.842300
1.106094
0.793590
0.325338
0.323948
0.470701
0.138712
-0.562112
-0.252782
0.521218
0.073548
-0.405801
-0.464030
-0.282863
-0.445657
-0.131113
0.542836
0.533396
-0.234165
-1.132767
-1.302218
-1.279855
-1.890987
-1.394075
-0.430666
-0.481786
-0.631521
-0.514529
-0.328778
-0.211303
-0.129675
-0.052746
0.599980
0.750905
0.985894
0.789540
0.465491
0.887943
0.504165
-0.013720
0.105773
0.256602
0.838475
0.396941
-0.301348
-0.726049
-0.108550
0.136624
0.315177
0.909267
0.016089
-1.422660
-1.514962
-1.250774
-0.507278
-0.533907
-0.638026
-0.459407
-0.748391
-0.112346
0.052282
0.070133
0.221982
0.220324
0.285670
0.556773
-0.167660
-0.500346
0.038620
0.012730
-0.028879
0.126640
-0.360852
-0.818470
-0.320067
0.215001
0.201400
-0.168044
0.198989
0.654319
0.247539
0.008170
0.777879
1.578644
1.287191
0.556043
0.039951
-0.056125
-0.041501
0.068158
0.735203
0.578822
0.328543
1.117449
1.312482
0.995549
1.138008
1.155284
0.970567
0.617098
-0.398165
-0.152959
0.864084
0.554798
0.413888
0.370584
-0.059257
-0.310606
-0.253678
0.665807
1.839290
1.121127
0.281704
0.289872
-0.075785
-0.209950
0.020836
0.042368
-0.217050
-0.250516
-0.085374
-0.012730
0.335770
0.325509
-0.402343
-0.760132
-0.945981
-0.966214
-1.015196
-1.311257
-1.019277
-0.927125
-0.863274
-0.723847
-0.451361
-0.070885
0.343212
-0.635153
-0.965685
-0.149679
-0.412914
-0.721119
-0.395659
-0.415594
-1.127041
-1.024187
0.103107
0.622368
0.075197
-0.789945
-0.661301
0.343671
0.843003
0.687500
0.280401
0.169443
0.087194
0.221586
0.036567
0.392652
0.458994
0.914079
0.533568
-0.160715
-0.658045
-0.772341
-0.795547
-0.640253
-0.470054
0.252371
-0.528401
-0.674372
-0.420548
-0.308593
0.171451
0.784218
1.229060
0.606695
-0.151184
-0.845346
-0.487650
-0.647400
-1.039484
-1.098862
-0.917018
-0.473959
-0.178674
-0.642117
-1.102109
-1.480753
-0.776033
-0.621810
-1.471712
-1.410176
-0.373825
-0.154292
-0.444117
-0.469138
-0.788557
-0.957656
-1.038037
-0.549126
-0.810195
-0.750000
-0.457892
-0.684888
-0.271432
0.283170
0.896650
0.469502
-0.634497
-0.462799
-0.852356
-0.645040
-0.667625
-0.384455
0.473875
0.591045
0.595305
0.524250
0.358497
0.376579
0.701864
1.076434
1.122333
1.287366
0.965015
0.787300
1.433899
1.632712
0.688441
-0.330672
-0.116849
-0.434144
-0.509304
-1.163324
-1.181114
-0.257230
0.392084
1.062872
0.434754
-0.698497
-1.085083
-0.204612
0.488629
-0.204830
-0.081265
0.851451
0.568394
0.135076
0.270710
-0.417005
-0.619658
-0.390885
-0.358753
-0.453131
-0.281998
0.698430
0.751746
0.062379
0.095514
0.050203
-0.180126
0.186389
0.219244
0.114108
-0.381483
-1.116863
-1.477625
-0.798822
0.100904
-0.279422
-0.534604
-0.594348
-0.619241
-0.565608
-0.681599
-0.452909
0.146138
0.740255
0.074083
-0.143008
-0.139590
0.455709
1.220130
0.620562
-0.007702
0.510994
1.225694
1.325485
0.856680
0.043538
-1.099887
-0.656283
-0.209091
0.551657
1.266644
1.675564
1.158447
1.309965
1.823166
1.539274
1.626829
1.267333
0.775411
0.868601
0.992261
0.732918
0.269798
-0.848483
-2.167459
-1.720184
-1.328938
-1.566580
-0.371994
0.639735
0.785365
-0.065473
-0.208023
-0.071028
0.297504
0.330022
-0.329616
-0.376885
-0.806491
-0.822753
-0.757526
-1.490950
-1.890471
-1.425673
-0.965099
-0.781575
-0.157108
-0.111117
0.476828
1.408991
1.956153
1.247377
0.995139
0.796481
0.902962
1.535051
0.763775
-0.098184
-0.669481
-1.310835
-1.356315
-1.724516
-2.384447
-2.246596
-2.857662
-2.398139
-2.201975
-1.117825
-0.378191
0.144766
0.701050
0.597953
1.170855
1.472051
0.919178
0.365447
0.128318
-0.135531
0.212364
-0.386478
-0.900549
-0.552055
-1.133301
-2.297298
-2.153405
-0.999723
0.193448
0.266620
0.581009
1.288968
2.173862
2.580021
2.643649
2.383137
1.446354
1.288127
1.576429
1.434573
1.408166
0.669680
0.577849
0.731334
0.325082
-0.077421
-0.349003
-0.236093
-0.436767
-0.289295
-0.321793
-0.101521
-0.086860
-0.215781
0.928525
0.895568
1.113192
1.200353
0.343493
0.268645
1.633568
1.684165
1.077801
0.834167
0.635336
0.056041
-0.612976
-1.381935
-1.841398
-1.331790
-0.642800
-0.145691
0.236980
-0.399349
0.067614
0.667956
0.635458
0.232169
-0.175020
0.045151
0.579276
0.361733
0.732487
0.655737
-0.152127
0.294165
0.066223
-0.313659
-0.256804
-0.058332
0.154618
-0.122878
-0.058449
0.564192
0.639167
0.383087
0.514736
0.437679
0.064030
0.242006
-0.100418
-1.306720
-1.476716
-1.603255
-1.892536
-1.016856
-0.918684
-0.468518
0.359141
1.155149
1.336394
0.463086
-0.479404
-0.617981
0.016233
0.718854
0.687473
0.172247
-0.444591
-0.439514
-0.571549
0.049149
-0.058278
-0.649698
0.142011
0.278409
0.111438
0.536745
1.210617
0.905150
0.448780
0.561238
0.230923
-0.196226
-0.573047
-0.235029
-0.892372
-1.351490
-1.217641
-1.215077
-1.345274
-1.367660
-0.931463
-0.132508
-0.525257
-0.799020
-0.576991
-0.737965
-1.264202
-1.080741
-0.510946
-0.617894
-0.998009
-0.848429
-0.911554
-0.242309
-0.283071
-0.505745
-0.417147
-0.348205
0.025524
0.589550
1.015164
1.188879
1.618903
1.631970
1.579359
1.950536
2.197629
2.016007
1.962971
1.053820
0.642965
-0.167341
-0.764452
-0.540209
-0.593858
-1.808597
-2.356576
-2.447672
-2.044649
-1.342945
-1.189093
-0.904421
-1.084601
-1.776104
-2.319285
-2.960117
-2.719536
-3.075535
-2.858014
-1.553581
-0.313854
1.044219
1.911461
2.798889
2.798448
2.113077
1.732953
1.593602
1.464023
0.490039
-0.965872
-1.169129
-1.041412
-0.286513
0.197433
0.366665
-0.192808
-0.276270
0.662763
0.467806
0.271319
0.159186
-0.280847
-1.233622
-0.901983
1.163018
0.814375
0.467874
0.755700
0.314493
0.470373
0.592857
0.219943
0.024165
0.460683
0.540903
0.514118
1.336128
0.829221
1.116726
1.659156
0.995072
0.904795
0.492243
-0.032920
-0.499958
-0.552426
-0.240000
0.273110
-0.180958
-0.830510
-0.613005
-0.013742
1.281500
1.276422
0.758075
1.397845
1.833820
1.237626
0.838075
0.787541
0.484447
0.468652
0.122138
0.242558
0.471587
0.110606
-0.194406
-0.280803
-0.339698
-0.233131
0.010889
0.552267
0.525751
-0.303597
-1.085963
-0.180879
-0.322904
-0.732194
-0.478299
-1.181862
-1.264932
-1.296046
-0.931482
0.162465
-0.334970
-0.554712
-0.451593
0.476755
0.496325
0.242986
-0.029483
-0.116761
0.620924
-0.096259
-0.367249
-0.220079
-0.393401
-0.477949
-0.434758
-1.320649
-2.322771
-1.607743
-0.733246
0.139595
0.444349
0.557604
0.539577
0.842403
0.629631
0.172213
-0.112498
0.277942
-0.096756
-0.714571
-1.005002
-1.656628
-1.727191
-0.673292
-0.479931
-0.171597
0.568627
1.232975
1.141340
0.585283
0.624962
0.358608
0.386074
0.465969
0.186961
0.259137
-0.127955
-0.813000
-0.387121
-0.531667
-1.394782
-1.127290
-0.192521
-0.351642
-0.399182
-0.623968
-0.206644
0.082667
0.790151
1.185883
1.302311
0.817718
0.167114
-0.238663
-0.325770
0.099364
-0.910664
-0.779595
0.390307
0.831775
0.308011
-0.217789
-0.102202
0.629714
1.218847
1.022738
0.656531
0.878896
1.668020
1.573772
1.476844
1.627071
-0.109545
0.206114
0.628885
-0.793143
-0.669028
-0.482628
-0.787305
-1.012163
-0.387294
0.369383
0.945802
0.735240
0.332078
1.290343
1.437919
0.846978
0.847875
0.389101
0.545749
0.318725
0.391092
0.741024
0.578686
1.233604
1.238049
0.213564
0.007184
0.082639
-0.059037
-0.043503
-0.237722
0.036334
0.044872
-0.445344
0.173722
0.252401
0.790091
0.856724
0.118861
0.605322
-0.147703
-0.633281
-0.441790
-0.128786
0.150870
-0.340591
-0.270586
-0.676598
-0.839984
-1.401923
-1.861852
-1.326018
-1.009763
-1.144800
-1.369765
-0.996375
-0.221417
0.158291
0.059431
0.322852
0.658695
1.181487
1.517252
2.083935
0.814177
-0.798437
-0.748088
-0.314763
-0.187362
-0.678080
-0.670170
-0.463092
0.016951
-0.125049
0.001760
-0.162333
0.036890
0.521036
-0.284611
-1.350494
-1.206441
-0.562776
-0.660467
-1.123405
-1.051134
-0.126679
0.138056
0.251459
-0.224605
-0.621460
-0.333356
-0.449299
-0.740386
0.532464
1.057383
1.082989
1.274440
1.963309
2.584026
2.557101
3.124721
2.734058
3.198785
3.543697
2.950749
2.994015
3.439672
3.229730
3.253893
2.571350
1.595307
0.999504
0.801407
0.210918
-0.631051
-0.607584
-0.799201
-0.389615
-0.064914
-0.390430
-0.105604
0.993600
1.398657
2.101728
1.586676
1.130316
0.140011
-0.461965
-0.122877
-0.352991
-1.156412
-1.611675
-1.395263
-1.258575
-1.356933
-2.099240
-2.725860
-2.299762
-1.609245
-0.255232
1.039446
1.032936
1.196578
-0.629739
-1.742029
-1.640524
-1.628116
-2.124584
-3.041267
-3.253378
-2.956051
-3.473564
-4.276116
-4.296490
-3.707629
-2.444611
-0.902048
-0.639582
0.082567
0.253286
-0.431039
-0.328608
-0.015617
-0.099070
-0.472255
-0.067840
-0.090671
-0.806681
-0.410361
-0.201929
-1.163053
-2.131671
-1.846767
-0.106824
0.504293
0.717571
0.653455
0.214165
0.440273
0.189721
-0.532708
0.604975
1.869783
2.172613
2.317636
2.013573
1.538741
1.325352
0.700822
-0.438873
-0.635499
0.007803
-0.323161
-0.138201
0.699845
0.910847
1.112127
1.343018
1.427538
1.947618
1.018065
0.414822
0.959329
0.129607
-0.317095
0.123752
0.366529
0.004135
0.412199
1.184823
0.524951
0.415632
-0.082164
0.466123
1.669446
1.531247
2.023120
0.735797
-0.719736
-0.997232
-1.491751
-1.423773
-0.376894
-0.359376
-1.308647
-1.494311
-0.988779
-0.075439
0.605312
0.247415
0.484950
0.888093
0.795322
0.020240
-0.116193
-0.170601
-0.326044
-0.344324
-0.117970
-0.043658
0.462682
0.348648
-0.258217
-0.349794
-0.473570
-0.512649
-0.161981
0.306924
