-0.325501
-0.578074
-0.510548
0.193217
0.710872
0.733286
0.146209
-0.658865
-0.811165
-0.959295
-1.248320
-1.264478
-0.734389
0.157473
0.959659
1.662926
1.885867
1.356172
0.929805
0.594163
0.646102
1.072305
1.678300
1.616837
1.259046
0.566275
-0.389780
-1.120886
-1.348021
-1.121107
-1.028120
-0.884009
-0.871819
-0.520854
-0.310058
-0.197296
0.101118
0.190833
0.328307
0.309351
0.419707
0.250738
0.113913
0.335455
0.274885
-0.349590
-0.979386
-0.864690
-0.536691
-0.389724
-0.308832
-0.097850
-0.312917
-0.618284
-0.630462
-0.212784
-0.179724
-0.222500
-0.362951
-0.323079
0.164050
0.344756
0.582790
1.110557
1.126208
0.799150
0.395875
-0.026655
-0.413238
-0.533796
-0.575985
-0.909814
-1.266982
-1.650887
-1.577651
-0.822513
-0.878014
-0.809921
-0.304630
-0.073024
0.091890
0.125420
0.363777
0.466186
0.542036
0.567587
0.321450
0.382491
0.497512
0.307434
-0.283243
-0.289388
-0.023022
0.718949
1.438549
1.294719
0.727729
0.372095
0.279007
0.182562
0.116776
0.148840
0.003526
-0.299009
-0.613815
-1.009199
-1.131023
-0.993298
-0.826223
-0.519762
0.218488
0.694234
1.109890
1.181949
0.287300
0.050644
0.353740
0.162037
-0.157380
-0.292205
-0.067410
0.106446
-0.117666
-0.145535
0.290975
0.313121
0.109703
0.313995
0.305370
0.539607
0.150110
-0.301305
-0.278043
-0.677009
-0.955837
-1.371766
-1.299746
-0.770070
-0.393813
-0.164174
0.270962
0.429554
0.619804
0.659138
0.761638
0.909827
0.994180
1.214469
1.312857
0.948248
0.586519
0.241600
0.223425
-0.031753
-0.220382
-0.750469
-1.143855
-0.952186
-0.883254
-0.618000
-0.825166
-0.889662
-0.611190
-0.157963
-0.027040
-0.168169
-0.069851
-0.097192
-0.275626
-0.682025
-0.677422
-0.496779
-0.553227
-0.296553
-0.158376
-0.003384
0.015640
-0.275522
-0.288371
-0.044662
-0.335101
-1.072110
-2.022015
-2.122097
-1.695796
-1.335751
-0.843337
-0.213853
0.358301
0.780044
0.643839
0.268908
-0.312519
-0.342193
-0.221601
-0.654373
-0.941337
-0.658424
-0.305385
0.082627
0.343717
0.176149
0.507038
0.876300
0.859510
1.043897
1.201866
1.066675
0.930753
0.818405
0.462835
0.208971
0.256859
0.033855
-0.275921
-0.228954
-0.179812
-0.087228
-0.093703
0.049551
0.272413
0.664258
0.662205
0.658389
0.683627
0.485702
0.465720
0.582121
0.593441
0.465928
0.466833
0.437901
0.139119
-0.449200
-0.464775
-0.339761
-0.379091
-0.098823
0.109039
0.179466
0.410076
0.922166
1.192670
0.951744
0.665832
0.532109
0.163285
-0.410744
-0.757701
-0.503673
-0.152735
-0.376283
-0.149535
0.208077
0.186992
0.453975
0.570918
0.748022
0.994255
0.939823
1.100603
1.394393
1.444773
1.007850
0.262549
-0.154903
-0.046213
-0.229928
-0.530864
-0.628790
-0.432549
-0.266633
-0.430921
-0.330228
-0.058814
0.010006
-0.161740
-0.004514
0.079985
-0.030004
-0.063546
-0.206157
-0.095925
-0.094719
-0.143778
-0.364363
-0.600780
-0.259896
-0.376594
-0.155454
0.263794
0.262168
0.072247
0.046318
0.348732
0.184866
-0.315321
-0.495341
-0.468480
-0.582543
-0.746356
-0.723824
-0.751696
-0.665952
-0.411546
-0.221314
-0.346088
-0.313995
-0.124648
-0.141796
-0.373023
-0.339327
-0.094695
0.033960
-0.065691
-0.072431
-0.276324
-0.150994
0.164157
-0.122230
-0.571365
-0.260213
0.205875
0.363013
0.167907
0.274712
0.474985
0.490897
0.505022
0.598859
0.098984
-0.221350
-0.114583
-0.102174
-0.274431
-0.322827
-0.319543
-0.022206
0.482894
0.484524
0.196965
0.060603
-0.321009
-0.300258
0.260013
0.534824
0.220508
0.133080
0.228997
0.169880
0.228237
0.498758
0.775972
0.177309
-0.171700
-0.027845
-0.099846
-0.080519
-0.001455
-0.505151
-0.773008
-0.496078
-0.294939
0.065304
0.658164
0.626953
0.376222
0.076420
-0.117144
-0.199495
0.036422
-0.041970
0.037764
0.320525
0.439582
0.280965
-0.278890
-0.768266
-0.569599
-0.353252
-0.215903
0.011226
0.279711
0.225077
-0.008532
0.076633
0.219747
0.068520
-0.417296
-0.699058
-0.629389
-0.494518
-0.125839
0.082548
-0.049992
0.003763
-0.150533
-0.748340
-0.829387
-0.871346
-0.869956
-0.532935
-0.551068
-0.282449
0.102320
0.182288
-0.082945
-0.175568
0.081537
0.043754
-0.227006
-0.438174
-0.346802
-0.205228
-0.395010
-0.000878
0.569110
0.661855
0.635508
0.330844
0.056482
0.031641
-0.173474
-0.110622
0.235850
0.214623
-0.307642
-0.452759
-0.353244
-0.023634
0.051590
-0.184827
-0.362677
-0.413439
-0.225193
-0.274802
-0.436089
-0.387004
-0.446649
-0.172009
0.093629
0.175148
0.140177
0.164332
0.198769
0.399342
0.229691
-0.159452
-0.387743
-0.306707
-0.211531
-0.182799
-0.179798
-0.500395
-0.323435
0.342431
0.532938
0.310960
-0.113453
-0.169474
-0.076323
-0.029678
-0.053837
-0.135715
-0.216156
-0.335329
-0.601018
-0.760374
-0.629840
-0.757746
-0.559731
0.031275
0.509379
0.838225
1.037490
1.533380
1.491299
0.589077
0.052332
-0.233367
-0.440884
-0.342775
-0.039825
0.493432
0.891630
0.903290
0.564012
-0.018367
-0.300113
-0.367264
-0.870169
-1.380158
-1.181877
-0.423872
0.113526
0.448819
0.014558
-0.463295
-0.938055
-1.072811
-0.824051
-0.017383
0.725150
0.525369
0.017114
0.176941
0.506948
0.415670
0.408825
-0.261772
-0.675973
-0.555403
-0.779710
-0.568264
-0.472477
-0.544686
-0.435959
-0.636023
-0.699624
-0.438813
-0.300120
-0.824702
-0.812428
-0.055675
0.421747
0.411597
-0.326252
-1.006134
-1.026570
-1.077599
-1.288962
-0.841158
-0.372747
-0.116774
0.511177
0.865331
0.719586
0.853700
1.208444
0.855572
0.382776
0.212623
-0.059491
-0.291423
-0.540493
-0.577809
-0.606359
-0.584705
-0.735655
-0.934148
-0.555197
0.150333
0.349206
-0.099745
-0.439136
-0.792527
-0.866755
-0.657188
-1.151037
-1.385597
-1.359885
-1.235159
-0.537338
0.153503
0.547773
0.811258
0.919072
1.182171
1.053969
0.980699
0.987716
0.944261
1.044742
0.953598
0.904190
0.742106
0.498378
0.153216
0.116966
0.087016
0.328313
0.407295
-0.362008
-1.030271
-1.740410
-2.245675
-2.441696
-2.614419
-2.706751
-2.803313
-2.913994
-2.621407
-2.061647
-1.237522
-0.931498
-0.676539
0.116375
0.432743
0.491372
0.796894
1.318791
1.777598
1.953397
2.146348
1.921795
1.843851
2.273556
2.339094
2.035425
1.555027
1.289254
1.284385
1.004764
0.432928
0.453982
0.581951
1.267041
1.975545
2.200859
2.285704
2.090720
1.803998
1.524531
1.529788
1.497002
1.169699
0.695633
0.463637
0.418040
0.729642
1.011734
0.885989
0.695318
0.535132
0.230785
-0.034961
-0.163037
0.293173
0.741051
0.963811
1.305018
1.085922
0.975032
0.662166
-0.205915
-0.845539
-1.513084
-1.650333
-0.840317
-0.113598
-0.147677
-0.268959
-0.151619
-0.383375
-0.380183
-0.420176
-0.302312
-0.273315
-0.678655
-0.916430
-1.079409
-0.803295
-0.553010
-0.403209
-0.543046
-0.246138
-0.213438
-0.275670
-0.010289
-0.050532
-0.304841
-0.734143
-1.351264
-1.782708
-2.075405
-2.072734
-1.622959
-1.175843
-1.057226
-1.135901
-0.929513
-0.185679
0.438021
0.807994
0.775543
0.157585
-0.554363
-0.778211
-0.699776
-0.544641
0.028507
0.646803
0.435484
0.490484
0.559921
0.374469
0.078942
0.041966
-0.297949
-0.150295
-0.240872
-0.441562
-0.799929
-0.778204
-0.359784
-0.146171
-0.177842
0.073206
-0.054524
-0.076796
0.409117
0.682144
0.062836
-0.275085
-0.750978
-0.964910
-0.830766
-0.510457
-0.056895
0.303131
0.069045
-0.059762
0.007931
0.430397
0.679289
0.518756
0.267062
0.163780
-0.296951
-0.326063
0.050939
0.302735
0.529223
0.487579
0.138873
-0.646579
-1.326298
-1.069267
-0.465168
0.137351
0.405879
0.303023
0.048822
-0.176912
-0.461522
-0.584587
-0.323193
-0.207496
-0.449935
-0.584453
-0.413919
-0.239218
-0.609654
-0.835617
-0.697810
-0.253316
-0.337555
-0.716241
-0.911378
-0.879547
-0.754909
-0.954401
-0.987630
-0.815416
-0.341052
-0.144842
-0.276239
-0.425843
-0.590815
-1.293802
-1.730753
-2.031366
-2.295113
-2.279540
-2.188512
-2.113623
-2.124043
-1.870619
-1.690144
-1.708411
-0.978233
-0.141641
0.470691
0.902236
1.274390
1.429668
1.615505
1.924406
1.770191
1.257523
0.851385
0.793515
1.139840
1.638282
2.011537
1.890693
1.866562
2.154898
2.278243
2.516424
2.790431
3.190408
3.490836
3.450661
3.368453
3.450493
2.770344
2.076766
1.448114
1.302723
1.516029
1.211816
0.886057
1.069326
1.491046
1.767861
1.686180
1.341077
1.234525
1.054033
1.005545
0.800148
0.486843
0.518587
0.562920
0.311196
-0.231233
-0.360921
0.022426
0.150792
0.175681
-0.015502
-0.488650
-1.122259
-1.033657
-0.747134
-0.838724
-0.598794
-0.397127
-0.149500
-0.243104
-0.250536
-0.374107
-0.557826
-0.620305
-0.471268
-0.105858
-0.061405
-0.145035
-0.507083
-0.652440
-1.090726
-1.814020
-1.604709
-1.017089
-0.793908
-0.919715
-0.682639
-0.392152
-0.456836
-0.208235
-0.169041
-0.219371
0.127441
0.263174
-0.104880
-0.432198
-0.576573
-0.606328
-0.652758
-0.974986
-1.243913
-0.986859
-0.583024
-0.148474
0.408799
0.811134
1.015517
1.433867
1.716546
1.241479
0.919485
0.890177
0.831869
0.903813
0.932040
1.435819
1.791282
2.168105
2.600918
2.675719
2.620514
2.010642
1.110713
0.377667
0.121258
-0.347113
-1.407647
-2.162933
-2.246688
-2.053835
-1.256706
-0.409888
0.222982
0.765542
0.911656
0.935895
0.882508
1.010797
1.091460
1.028858
0.959037
0.592616
-0.581508
-2.173825
-3.027110
-3.770208
-3.857934
-3.980523
-3.883483
-3.526323
-2.902627
-2.757705
-2.340497
-1.668680
-1.087712
-0.698983
-0.570958
-0.521781
-0.522648
-0.682267
-0.520975
-0.547341
-1.038245
-1.327189
-1.149636
-0.409081
-0.138884
-0.177579
0.207788
-0.072192
0.082677
0.777403
0.782105
1.009361
1.065463
0.725323
0.661886
1.121811
1.066776
1.064665
1.269580
1.287622
0.959740
0.683074
0.755266
0.679156
-0.003675
-0.615484
-1.209815
-1.547119
-1.939754
-2.421999
-2.403938
-1.640909
-0.525479
0.349356
0.855011
1.369604
1.622894
1.183591
0.877688
0.999937
0.998868
0.912856
0.655425
-0.038171
-0.609875
-0.924864
-1.337414
-1.254871
-1.482686
-1.757843
-1.477770
-0.893749
-0.453626
-0.206982
-0.289570
-0.801416
-1.140069
-1.305324
-1.807079
-2.371435
-2.271298
-1.826841
-1.416258
-1.201863
-1.074455
-0.734377
-0.294515
0.355768
0.964200
1.192743
1.018824
0.854576
1.073880
0.929251
0.659181
0.959342
1.085238
1.219609
1.621796
2.089493
2.722075
2.789952
2.761483
3.337639
3.398392
3.255643
3.205205
2.778008
2.331146
2.246819
2.098722
