-0.584816
-0.398688
0.052494
0.203006
0.078245
0.326532
0.300820
-0.721387
-0.582650
0.022273
0.853254
0.831605
0.030871
-0.059549
0.598075
1.128117
0.665299
0.169482
0.088074
0.557785
0.994461
0.999469
0.741599
-0.008007
-0.545281
-0.827796
-1.022713
-1.050022
-1.149204
-0.529739
0.109818
-0.045309
-0.337175
-0.113164
-0.347250
-0.147146
0.101233
0.349632
0.496665
0.178023
-0.000130
-0.177581
-0.702880
-0.847061
-1.218911
-1.598245
-1.826447
-1.014492
-0.662586
-0.128628
0.649361
0.643067
0.556782
0.526399
0.289025
0.209794
0.014306
-0.707676
-1.160631
-0.810906
-0.673209
-0.939418
-0.372356
0.049448
0.525725
1.012225
0.502510
0.113757
-0.157056
-0.056227
0.047842
-0.072908
-0.157628
-0.493092
-0.865581
-0.595876
-0.808771
-0.809989
-0.414389
-0.086106
-0.061088
-0.251733
-0.076292
0.487334
0.952848
1.142410
1.026185
0.852991
0.744075
0.013717
0.154033
0.292296
0.272279
0.928614
0.943616
0.488113
0.412029
0.628434
0.751022
0.198143
0.272607
-0.528309
-0.227466
-0.328893
0.097757
0.197568
0.215376
-0.400676
-1.056105
-0.265543
0.835485
0.596200
-0.407526
-0.790007
-0.467332
-0.338228
-0.765435
-0.207126
0.214601
-0.088587
0.371808
0.482618
0.087199
-0.086347
-0.138901
-0.423384
-0.794493
-0.718644
-0.123505
0.272933
-0.150179
-0.101587
-0.238951
-0.366198
0.176240
-0.190209
-0.876522
-0.073716
-0.360606
-0.348023
0.664014
0.384997
-0.394814
-0.346260
-0.246414
-0.317685
0.083981
0.469879
0.039323
0.029397
0.026948
-0.506412
-0.605339
-0.024530
-0.319936
-0.831325
-0.490899
0.093058
-0.665219
-0.679858
-0.208865
-0.734110
-0.360049
-0.175862
-0.346179
-0.043038
0.063205
0.641592
0.370162
-0.074268
0.239878
0.355769
0.367311
0.576459
0.346385
-0.169522
-0.898363
-0.528097
0.820425
0.706484
-0.136636
-0.634147
-1.056671
-1.550295
-0.928771
-0.838809
-0.911069
-0.299892
0.002785
0.071637
0.311455
0.146745
-0.864947
-0.758379
-0.177497
-0.114409
-0.654349
-0.266832
0.120552
-0.222354
-0.313362
0.418863
0.695448
0.340108
0.549755
0.743684
1.060739
0.388032
-0.368261
-0.340317
-0.108638
0.298256
-0.034925
-0.579421
-0.310740
0.271994
0.333256
1.038820
1.103763
0.807247
0.593701
0.560886
0.407320
0.256261
0.118796
0.658474
0.409524
0.614592
1.157020
0.493578
-0.187129
-0.147281
-0.158668
-0.192240
-0.061896
-0.299517
-0.727064
-0.576500
-0.496832
-0.660011
-0.106250
0.683180
0.748166
0.873805
0.785794
0.790872
0.018535
-0.753295
-1.211523
-0.860308
-0.481703
-0.569437
-0.010043
0.290766
0.420661
0.787887
1.516225
1.781866
1.367899
0.327470
0.575652
0.442272
0.356820
0.793400
-0.023390
-0.473133
0.099374
-0.632864
-1.565624
-1.135683
-0.465181
0.098841
-0.005002
-1.043965
-0.591423
0.316303
-0.102586
-0.915557
-0.978723
-1.102892
-1.064721
-0.838300
-0.491723
-0.716935
-0.993719
-0.319297
0.112785
0.480641
0.427695
0.275459
0.653073
0.502162
0.150937
0.048070
0.290934
0.187530
-0.346339
-0.774085
-0.366407
0.577667
0.012616
-0.653599
-0.912161
-0.506830
0.004833
-0.016035
-0.139685
-0.565976
-0.283975
0.312984
-0.026922
-0.383997
-0.273714
0.327774
0.538081
0.452460
0.766850
0.664628
-0.371457
-1.058896
-0.481889
0.328944
0.368989
-0.078195
0.560317
0.971841
0.655723
0.522472
0.387299
0.034667
-0.504326
-0.547467
-0.132740
0.038433
-0.524750
-0.587398
-0.130892
-0.263697
-0.251606
-0.099595
-0.403881
-0.322132
-0.282739
-0.031865
0.191679
0.262367
0.301879
1.505270
1.613345
0.400183
0.388550
0.834695
1.127915
0.332995
-0.491099
0.197431
-0.270501
-0.330420
0.289898
-0.175859
-0.313160
-0.250010
-0.720881
-1.011821
-0.370145
0.063625
0.105808
-0.301952
-0.592828
-0.226810
0.331500
0.089759
0.181575
0.572189
-0.060550
-0.539443
-0.228974
-0.379963
-1.083263
-0.624293
0.055089
0.454821
0.752864
0.317659
-0.014948
0.227492
0.766041
1.049673
0.605212
-0.146957
0.011411
-0.227644
0.012046
0.467946
0.256476
0.003633
-0.250679
-0.973896
-1.136812
-0.717795
-0.561674
-1.036439
-1.359639
-0.997206
-0.426706
-0.268210
-0.471307
-0.262200
-0.522986
-1.251597
-1.005434
-0.474463
0.087143
0.460709
-0.288917
-0.463034
0.073634
0.177177
0.006350
-0.249806
-1.161761
-0.959650
-0.036736
0.345248
0.023189
-0.158496
0.201983
1.114973
1.289015
0.645119
-0.182592
0.247316
0.510106
0.621278
0.511224
0.063974
-0.101995
0.567921
-0.030533
-0.194159
0.630066
0.497270
0.386888
0.707874
0.660851
0.943976
0.684123
0.266834
0.094538
-0.045283
-0.098125
0.625167
0.467198
-0.492029
-0.593492
0.044626
0.106821
-0.289581
-0.365644
-0.042256
-0.098340
0.412164
-0.371572
-1.148452
-0.698725
-0.671549
-0.580029
-0.295296
-0.462764
-1.138579
-1.144590
-0.435167
-0.149235
0.364721
0.649716
1.111477
0.912936
0.233276
-0.879841
-0.571207
0.269637
0.375662
0.399128
0.443510
0.728932
0.747948
0.072531
-0.185545
-0.793963
-0.482479
0.039184
-0.587943
-0.675323
-0.237025
-0.030329
0.253143
-0.220026
-0.197520
-0.331794
-0.329999
0.235498
0.041998
0.392976
0.709610
-0.518926
-0.716012
-0.210613
-0.460684
-0.019401
0.247787
0.481007
0.453147
-0.698189
-0.084382
0.553826
-0.058074
-0.784619
-0.159030
-0.372966
-0.095113
0.512754
-0.125614
-0.421746
0.172021
0.529092
0.280849
-0.674941
-1.785412
-1.032992
-0.092284
-0.023235
-0.236858
-0.413210
0.175264
0.621475
0.393712
0.318411
0.160248
0.239073
0.474681
0.186863
0.145361
0.153784
0.204087
0.085802
-0.031432
-0.142557
0.414187
0.482496
-0.334147
-0.524493
-0.145586
0.141160
-0.342276
-1.313968
-1.233505
-0.471140
0.135167
-0.104401
-0.594849
-0.789486
-0.727946
-0.208112
0.082130
0.286021
0.875995
1.066440
0.734771
0.440831
1.045242
-0.007877
-0.353813
-0.169005
-0.574685
0.051969
0.868460
0.605608
0.532641
0.498223
0.534788
0.109017
-0.470766
-1.302269
-2.479813
-3.319848
-4.238191
-3.212946
-2.484104
-2.892067
-3.680284
-3.875975
-2.339037
-2.273977
-2.151524
-1.830769
-1.176953
-0.165622
1.078816
1.591274
1.383318
1.104116
1.831114
2.397008
2.369251
1.897148
2.120856
3.425458
3.258163
2.998715
2.775677
1.636606
1.027034
2.029193
2.331219
2.819843
2.202078
1.199037
1.350263
1.284173
1.452229
1.781627
2.010719
1.331782
0.871345
0.445366
0.249905
0.425653
0.702401
0.047081
0.078688
0.998940
1.332683
1.125500
0.568695
0.013414
0.256244
0.423078
0.985042
1.016511
1.187258
0.650508
0.265887
-0.159783
-1.262052
-1.365080
-0.845906
-1.027383
-0.117893
-0.393859
-0.745837
-0.700618
-0.527608
0.056329
-0.192620
-0.408085
-0.290793
-0.399946
-0.687990
-0.665253
-0.458934
-0.631067
-0.488212
0.008155
0.313210
-0.231619
-0.521744
0.127392
0.444172
-0.030992
-0.827565
-0.789209
-0.798633
-1.164658
-1.016294
-0.799037
-0.184219
-0.679915
-1.265605
-1.146370
-0.927777
-0.244245
0.246405
0.612922
1.015164
0.682074
-0.819505
-1.135580
-0.166279
0.220345
-0.292152
-0.727788
-0.364861
0.165924
1.373643
0.380704
-0.590819
-0.451710
-0.717760
-0.172031
0.131800
0.114418
-0.475910
-1.317644
-1.072260
-1.008052
-0.920055
-0.723082
-0.694147
-0.289553
0.532771
0.905444
1.043968
0.213839
-0.616915
-0.433334
-0.362682
-0.296528
-0.488614
0.374344
0.698419
0.369649
-0.303865
-0.230377
0.226905
0.274223
0.786393
0.666366
0.631049
0.062060
-0.355649
-0.882396
-0.087129
0.236797
0.044131
0.520567
-0.177940
-0.692654
-0.566825
-0.818048
-0.163825
0.815936
0.851853
0.808647
0.108775
-0.044264
0.427390
0.321472
-0.006699
0.115131
-0.025473
-0.452889
-0.652611
-0.901801
-1.351459
-0.745620
-0.582748
-0.449604
-0.168590
-0.376207
-1.028192
-1.042995
-0.731492
-0.465394
-0.347628
-0.366234
-0.080158
0.604719
-0.316451
-1.403248
-1.684689
-1.991955
-2.084719
-1.981369
-2.268611
-2.631834
-2.770550
-2.548681
-2.352783
-2.546258
-2.428675
-1.506162
-0.468748
0.489974
0.884000
1.350643
1.514529
1.717643
2.123168
2.637727
2.313737
1.719295
1.429798
1.123972
0.532199
0.858450
0.872952
0.766553
1.597670
2.489631
2.514592
2.972096
3.330193
3.201771
2.939944
2.852020
2.405101
1.292158
1.459610
1.235897
0.702527
0.856630
1.134529
0.475771
0.823140
0.976911
0.438842
0.734797
1.273864
1.771901
1.734571
1.069638
0.995874
1.267313
1.316482
1.519669
0.485989
-0.331542
-0.080415
0.189152
0.561585
0.349749
-0.024584
-0.384714
-0.228257
-0.364353
-0.431403
-0.605588
-0.507960
-1.060026
-0.635055
0.104409
0.327307
0.050315
0.163084
-0.137865
0.018282
-0.050440
-0.685660
-0.390716
-0.402251
-1.240477
-1.416323
-1.825160
-1.296333
-0.347709
0.057588
-0.157543
-0.519234
-0.123615
-0.260311
-0.445241
-1.168841
-0.926477
0.592183
0.370428
-0.332523
-0.992947
-1.371674
-0.942859
-0.689814
-1.201049
-1.338408
-0.532082
-0.484561
0.130473
1.107620
1.231949
1.754355
2.044983
2.109939
1.820651
0.934034
0.980082
0.847899
0.326044
0.436705
1.207506
1.066088
0.714457
0.577343
1.427244
1.670938
1.245188
0.657244
0.246734
0.274133
-0.159278
-1.004979
-0.831658
-0.700259
-0.791196
-0.767297
-0.234051
0.916514
1.049238
0.524936
0.635734
0.124553
0.030927
0.192345
0.358484
0.662734
0.273084
-0.686590
-2.399398
-3.013653
-3.587360
-3.366483
-2.504473
-2.866780
-2.865901
-3.107005
-2.642749
-2.340198
-2.068165
-1.894484
-1.556002
-1.570433
-0.842586
0.062380
-0.184549
-0.699125
-1.192318
-1.642221
-1.500439
-1.087305
-0.441170
0.003525
-0.109728
-0.386865
-0.692841
-0.825576
-0.152235
-0.063374
0.105614
0.541347
0.251626
0.567046
1.890930
1.290839
0.982589
0.965462
0.997823
1.639118
0.792259
0.028817
0.111837
0.282074
-0.003101
-1.110306
-0.715343
0.085401
0.325393
0.955593
1.483092
1.619833
1.270546
1.591403
1.996950
0.969824
-0.114174
0.396042
0.751116
0.133586
-0.574675
-1.165855
-0.907940
-0.065728
-0.413482
-0.700082
0.011049
0.134400
-0.323255
0.213724
0.389635
0.180874
0.075528
-0.073817
-0.843329
-1.348248
-1.826642
-2.141042
-2.752330
-2.406656
-3.303403
-3.091864
-2.024027
-1.672216
-1.247535
-0.929534
-0.449641
0.963349
1.812111
1.235194
1.201100
2.123848
1.813451
1.298108
1.241271
0.840158
1.289865
1.716762
1.771604
1.610772
1.753082
2.256194
3.256802
3.639737
3.110327
2.977958
2.290188
1.884132
2.176160
2.010150
