-0.085791
0.025016
-0.207324
-0.409358
-0.108697
0.171654
0.656147
0.858708
0.764414
0.076471
0.194549
0.577643
0.821194
0.557119
-0.620720
-1.820305
-1.632350
-1.278474
-1.610936
-1.755500
-1.108472
-0.762447
-1.338781
-2.094936
-3.057458
-2.493803
-1.326940
-1.153681
-0.671937
-0.088744
-0.049052
-0.158403
-0.491998
-1.058488
-0.812916
-0.009627
-0.686716
-1.503710
-1.478918
-0.252507
1.100325
0.650850
-0.216584
0.087578
0.896862
1.273732
0.580109
-0.221169
-0.210729
1.199693
1.859012
1.767071
1.683600
0.789298
0.447988
0.560304
-0.044363
-0.577648
-1.584309
-2.621343
-2.299503
-1.591078
-0.727351
-0.147037
-0.395461
0.253661
1.846541
2.690175
2.702272
1.636153
0.502315
0.115866
0.555034
1.032428
1.205101
0.719775
0.067400
-0.119835
0.861876
1.300758
0.567188
0.103858
0.028501
0.182510
1.083710
1.454633
0.813333
-0.016617
-0.137135
-0.167719
0.163188
-0.368688
-0.573278
-0.439512
0.019566
0.413310
0.510744
0.306664
0.197610
-0.119901
-0.144470
-0.056685
-0.016650
0.387779
0.444665
1.002450
0.597849
0.299183
0.928878
0.583359
0.010916
-0.220760
0.138138
0.796300
0.713914
-0.102020
-1.395025
-2.212751
-1.895268
-0.976179
-0.488057
-0.325502
-0.386980
-0.715807
-0.015804
0.825125
0.793814
0.544099
0.108254
-0.044493
0.510093
0.481096
-0.045678
-0.286146
-0.564594
-0.684028
-1.179550
-1.396646
-0.695006
0.296764
0.725167
0.345506
-0.627204
-0.888026
-1.111874
-1.139196
-0.796122
-0.665205
-0.300034
-0.904223
-1.507944
-1.125273
-0.258175
0.308337
0.585112
1.177592
1.558708
1.382432
0.955232
0.804912
0.700761
0.739471
1.029373
0.317845
-0.120414
-0.110245
0.616470
0.986869
0.945844
0.635413
0.299382
0.195211
0.833907
1.444867
0.832872
-0.317844
-1.338225
-2.277342
-2.761459
-2.675041
-1.537395
-0.173113
0.420697
0.465689
0.430596
0.246174
0.077040
-0.154479
-0.668323
-0.154912
0.389901
0.591416
0.332425
-0.087028
0.145265
0.353925
0.489000
0.118223
-0.486770
-0.335613
0.097509
0.200468
-0.131055
0.209308
0.900440
1.328795
1.484092
0.550557
-0.322332
-0.753904
-0.990135
-1.223063
-1.691934
-1.561912
-0.851478
-0.111314
0.641860
0.745689
0.489132
0.131515
0.387320
1.194198
1.605984
1.765408
1.079173
0.925883
1.323872
1.471786
1.485461
1.225422
0.477601
-0.441145
-1.350352
-1.770222
-1.870539
-1.884466
-1.464215
-0.877104
-0.776371
-0.267484
0.522680
0.314334
0.022964
0.435142
0.929995
1.449774
1.226467
0.267621
-0.090583
-0.300122
-0.618724
-1.449909
-2.505265
-3.035491
-3.116246
-2.391417
-1.133443
-0.688128
-1.190587
-1.343815
-0.582968
-0.282142
-0.070434
0.003158
-0.626399
-1.007899
-0.790011
-0.789526
-0.843202
-0.329652
0.231399
0.138438
-0.279045
-0.693817
-0.781133
-0.731372
-0.589808
-0.197720
-0.067428
-0.166175
-0.062473
0.338816
0.297315
0.335027
0.072629
-0.205487
-0.108464
0.558243
0.713814
0.012726
-0.785912
-0.635247
-0.553643
-0.731750
-0.710513
0.279932
-0.647321
-1.229266
-0.257826
0.334072
1.078432
1.353142
0.869647
0.474696
-0.528361
-0.911821
-1.205155
-1.463779
-1.033316
-0.095807
0.019118
-0.762250
-0.930657
-0.782972
-0.337878
0.250949
0.801591
0.861598
0.377884
0.545124
0.510191
0.806979
0.890833
0.566010
0.306506
0.372786
0.969475
1.230259
0.687637
0.056093
-0.021527
0.893580
0.686181
0.430947
1.087177
1.366050
0.749052
-0.685764
-1.031834
0.188118
1.238207
0.910766
-0.497712
-1.207009
-0.517004
0.361901
0.794858
0.095795
-0.976108
-2.287378
-2.561656
-1.946127
-1.944407
-2.490602
-2.585427
-1.492375
0.270707
1.550163
1.831713
2.016934
2.241679
1.860467
1.462917
1.078588
0.527960
0.005820
-0.717837
-2.073335
-2.727610
-2.082721
-1.411602
-0.279892
0.488813
0.575773
1.119785
1.638220
1.586296
1.392699
1.220777
0.778827
-0.507471
-0.673479
-0.072229
0.148091
0.079094
0.028554
0.481746
0.648693
0.077543
-0.562579
-0.803103
0.102228
0.916735
0.538945
0.496667
0.871803
0.755345
1.055518
1.766760
2.424855
2.708834
2.867079
2.084380
0.616538
0.152050
-0.501070
-1.086707
-0.987562
-0.516846
0.225405
1.146281
1.755547
1.495956
0.956154
0.492668
0.187391
-0.661583
-1.724122
-2.332390
-2.708133
-2.258865
-1.629796
-1.007196
0.248854
1.034838
0.835558
0.179850
0.234719
0.024521
0.252543
0.442499
0.074209
0.354297
0.411926
0.402649
0.933355
1.474111
1.181266
0.612385
-0.029584
-0.750478
-1.195515
-1.580672
-1.388659
-0.388651
0.615683
0.653323
0.824906
2.308021
3.537906
3.106035
2.459974
1.706014
0.584024
0.412996
0.316736
0.542127
0.979604
0.322574
-0.093664
0.247034
0.328076
0.047450
0.424381
0.291670
0.350452
0.624409
-0.177744
-0.967604
-0.594361
-0.529472
-1.509397
-2.275610
-2.293681
-2.218683
-0.933968
0.256480
0.587317
-0.026067
-0.682164
-0.879503
-0.567120
-0.116594
0.047459
-0.068856
0.248917
0.247277
-0.058213
-0.028380
0.209717
0.134599
-0.667198
-1.637893
-1.535424
-0.551149
0.367962
0.476510
0.019660
-0.306326
0.427214
0.515191
0.186052
0.540306
0.256743
-0.908508
-1.307612
-0.534711
0.057546
-0.111344
-0.255580
-0.056350
0.855936
0.897474
0.262186
0.100235
0.438519
0.547305
0.630287
1.059892
1.297049
1.870980
0.546393
-1.161288
-1.202426
-1.009320
-0.678033
-0.661857
-0.266775
-0.146969
0.102029
0.384500
0.509613
0.529835
0.380219
0.575714
0.491328
0.236590
-0.139154
-0.968188
-0.916655
-0.417354
-0.285484
-0.218797
-0.050735
0.791080
1.262616
0.732114
1.039836
1.459575
1.132225
0.531110
0.140594
-0.489993
-0.685777
-1.090384
-1.246953
-1.069221
-0.881400
-1.145697
-1.522469
-0.866315
0.185201
0.819238
0.775463
0.988065
1.145298
1.273488
1.150208
0.725382
0.534115
0.588555
0.661394
0.182962
0.308696
0.153645
-0.468588
-0.684955
-0.807163
-0.801454
-1.315008
-1.650248
-1.234842
-0.508328
0.031706
0.039549
-0.041292
0.096739
-0.101065
-0.054022
0.095281
-0.086192
-1.015503
-1.367164
-0.662756
-0.444697
-0.496287
-0.889956
-1.349399
-0.758032
0.148354
0.447078
-0.038235
-1.029355
-1.848197
-1.625917
-1.213674
-0.771112
-0.853622
-1.023617
0.087956
1.293325
1.688430
1.502198
0.129943
-1.040928
-1.880254
-1.904866
-1.134777
-0.375751
0.108190
-0.550973
-0.787945
-0.442417
0.277993
1.129066
0.918161
0.521220
0.831781
1.454493
1.387255
1.346603
1.537709
1.467868
1.354815
1.071814
0.842560
0.724272
0.183181
0.444775
0.839685
0.517164
0.337929
0.068576
-0.249839
-0.236965
-0.297596
-0.197154
-0.009142
0.546631
0.862077
0.926027
0.930044
1.275067
1.217343
0.630422
0.028955
-0.606809
-0.810965
-0.148333
0.543372
0.771225
0.718641
0.321670
0.073247
0.425967
0.696115
0.274820
-0.717511
-0.940228
-0.896653
-1.132020
-0.986329
-1.604901
-1.676253
-0.211248
0.604542
1.597540
1.685838
0.784123
0.428683
0.608023
0.401549
0.100608
-0.086458
-0.464795
-0.331068
-0.104330
-0.665997
-0.948280
-0.898719
-0.459794
-0.204316
-0.875147
-1.460802
-1.252100
-0.556574
-0.498528
-0.652962
0.193907
0.693261
0.886323
0.782654
0.007399
-0.862339
-1.053477
-0.786405
-0.834629
-1.421229
-1.972712
-1.969347
-1.640204
-0.916644
-0.770380
-1.062253
-0.522846
0.012041
0.244495
-0.142969
0.281913
0.762263
0.746402
0.318643
0.042904
0.339695
0.915451
0.702730
0.428756
0.647249
0.603659
0.304320
0.101141
-0.269595
-0.356076
0.191884
0.296446
0.266789
0.625262
0.316124
0.683654
1.400835
1.704258
1.714114
1.655709
1.719746
1.965387
1.551094
1.491652
1.400589
0.446433
-0.428909
-0.309271
0.328963
0.554942
-0.130580
-0.584086
-1.074264
-1.268710
-1.384810
-1.402640
-0.812428
-0.017417
0.735645
0.805534
0.728693
0.603180
-0.055403
-1.354864
-2.464522
-2.503436
-1.450398
-0.550065
-1.015151
-1.631817
-1.408981
-0.946760
-0.480195
-0.062413
-0.092929
-0.567745
-0.554181
-0.291251
-0.053148
-0.792072
-0.951086
-0.703958
-0.589008
-0.319353
-0.619027
-0.058356
0.397791
0.646773
0.863661
1.107644
1.631516
2.191860
1.717698
0.835238
0.530423
0.386513
0.966035
1.385808
1.656958
1.515622
0.801822
0.336302
-0.192471
-0.424323
-0.652144
-0.285875
0.145092
0.266442
0.950151
0.960008
0.816174
1.345291
1.597505
1.439151
0.903361
-0.009366
-0.292460
-0.524712
-0.964538
-1.489755
-1.353441
-0.949759
-0.383745
0.360532
0.123981
-0.104575
0.552782
0.833524
0.891313
0.707832
0.273822
-0.563432
-1.569300
-1.858128
-1.566004
-0.865289
-0.362577
0.255582
0.635328
0.651588
0.765852
0.989765
0.007625
-0.399653
-0.055395
-0.136644
-0.233715
-0.368701
-1.017755
-0.336233
0.337869
0.276916
0.375248
0.965240
1.481058
1.723314
1.433849
0.668935
-0.093788
-0.795089
-0.930498
-1.300027
-1.685117
-1.184196
-0.527780
-0.737331
-0.914106
-0.413891
-0.177519
-0.440521
-0.335841
-0.474801
-1.299062
-1.081730
-1.154926
-1.800661
-2.051156
-1.734086
-1.645900
-1.294357
0.004043
0.855387
1.132422
1.196979
1.053247
1.694892
1.794086
1.283781
-0.149790
-1.436480
-1.480327
-1.434455
-0.882416
-0.480333
-0.219250
0.152819
0.406861
0.756199
1.092543
1.325333
1.040736
0.576683
1.049554
1.659857
1.565375
1.454917
1.173202
1.360620
1.405384
0.773559
0.485793
0.600667
0.873497
1.246499
0.961046
0.598124
0.740495
0.585624
0.272889
-0.163004
-0.136101
0.258525
0.709512
0.595663
0.443745
-0.098354
-0.562140
0.022252
0.352234
-0.644405
-1.388851
-1.271607
-0.127859
0.952443
1.166632
0.425698
-0.202176
-0.148556
-0.469096
-1.198188
-0.773509
-0.104447
0.069219
-0.516436
-1.155366
-0.595918
0.517691
0.792694
0.453367
0.534708
0.774288
0.163770
-0.440576
-0.553949
-0.529460
-0.302919
0.037880
0.017586
-0.051575
-0.058441
-0.223495
-0.874527
-1.634806
-1.757198
-2.343914
-3.117301
-3.190640
-1.900577
-0.864557
-0.764371
-0.927885
-1.149712
-0.019451
0.793828
0.648975
0.085703
-0.062643
-0.174216
-0.132610
-0.188476
-0.311384
-0.515649
-0.287650
-0.649610
-0.582720
-0.032672
0.152188
-0.043527
-0.101630
-0.116582
0.199981
0.132610
-0.143218
0.030901
0.322458
0.071193
0.236938
0.078408
-0.196879
-0.138742
0.138929
0.583901
0.973379
0.787841
0.778205
1.139815
0.930874
0.682442
0.720732
0.723090
0.755187
1.166879
0.928180
0.700864
1.115908
1.485902
1.893807
1.623956
1.409544
1.565762
1.506177
