0.618472
0.392603
0.540543
0.212656
-0.191648
-0.592421
-1.441411
-1.597933
-1.070084
-0.549940
0.021868
0.304395
0.485492
0.069933
-0.452480
-0.466537
-0.834424
-1.276958
-0.907410
-0.506529
-0.263310
0.351495
0.743287
0.325951
0.167066
0.243822
0.353888
-0.194860
-1.146464
-1.240857
-0.717952
-0.297209
-0.230736
-0.231598
0.408776
0.949089
0.297853
-0.563501
-0.256027
0.297146
0.249058
0.041751
-0.374544
-0.162310
0.391591
0.639350
0.564430
1.207972
1.209274
1.180807
0.953265
0.330780
-0.421247
-0.948768
-0.695500
-0.427957
-0.057162
0.660163
1.045718
1.713110
2.017023
2.012582
1.926278
1.455553
0.491849
-0.352911
-0.733862
-0.449608
-0.424237
-0.168008
0.124300
0.267446
-0.214666
-0.787144
-0.461811
-0.295855
0.042862
0.418866
0.459273
1.149926
2.160378
2.348851
1.300031
0.701988
0.117996
-0.227578
-0.166548
-0.025120
0.093443
0.156443
0.072899
0.198017
0.261992
0.270219
0.096168
0.178568
0.048298
-0.305805
-0.177603
-0.005288
0.061767
-0.286062
-0.323643
-0.549734
-0.426008
-0.046974
0.188558
0.776643
0.781816
0.167341
0.090350
-0.034913
0.208478
0.432368
0.373116
0.109434
-0.490396
-0.755402
-0.739603
-0.904537
-0.741496
-0.120658
0.111659
0.572955
0.458268
0.158973
0.242521
-0.128911
-0.614055
-0.534356
-0.362871
-0.872861
-1.232915
-1.001122
-0.595258
-0.375177
-0.103838
0.027614
0.018610
0.218241
0.618531
0.247113
-0.240005
0.069311
-0.056421
-0.479793
-0.370815
-0.086951
-0.042869
0.541271
1.131446
0.898352
0.321992
0.212554
0.583073
-0.012753
-0.712469
-0.629615
-0.627969
-0.841318
-1.112899
-1.373911
-1.752985
-1.537606
-1.452246
-1.259158
-1.251265
-0.697947
-0.037230
0.037117
0.666464
1.588810
1.440536
0.281163
-0.716008
-0.820903
-0.545361
-0.194102
0.253938
0.314006
0.339834
-0.020053
0.200785
0.618793
0.268042
-0.053723
-0.266346
-0.136948
0.705663
1.248730
1.725513
1.859146
1.403626
1.108126
1.157867
1.003536
0.700865
-0.426825
-1.130336
-0.927904
-0.332337
-0.650889
-1.162826
-1.410966
-1.626698
-1.439362
-1.350197
-1.597927
-1.122407
-0.534417
0.207906
0.315372
0.579817
0.773703
0.072940
-0.303736
-0.582286
-0.071209
0.136444
0.167658
0.858850
0.234323
-0.184582
-0.480372
-0.540705
0.040496
-0.100624
-0.495429
-0.379740
-0.362666
0.522227
0.868026
0.923710
0.629720
0.362750
0.062434
-0.742420
-1.299755
-1.032369
-0.876329
-0.439898
0.087159
0.195400
0.174152
-0.059420
-0.681251
-0.842878
-0.911856
-0.956986
-0.599794
-0.143076
0.457441
1.019429
0.845227
0.116100
-0.170048
0.189374
0.694269
0.451323
-0.252543
-0.997323
-1.072467
-0.840736
-0.412989
-0.146329
-0.024686
0.224553
0.129844
0.219346
0.270107
0.153173
-0.204036
-0.389810
-0.290533
0.135489
0.765937
0.769944
0.548904
-0.140965
-0.310067
-0.151012
-0.573125
-1.072411
-1.134466
-1.023896
-0.543786
-0.081178
-0.296149
-1.088841
-1.180252
-0.628059
-0.251138
0.199188
0.858823
1.274278
0.862553
0.740801
0.556632
-0.189274
-1.076345
-1.843726
-1.660741
-1.489805
-1.369565
-0.646807
0.064772
0.643080
0.273302
-0.615837
-1.061270
-0.677832
0.378405
0.555988
0.141883
0.336685
-0.242509
-1.140129
-0.590119
0.371694
1.080980
1.563370
1.551822
1.197525
0.785131
0.410953
0.075360
-0.810448
-1.518990
-2.096982
-2.626383
-2.773613
-3.042117
-2.978240
-2.263843
-1.312873
-0.340188
0.400588
0.585530
0.647419
0.800797
1.343818
1.422047
0.362445
-0.331497
-0.458644
-0.662175
-0.460275
0.044773
0.781925
0.869407
0.789411
0.703491
1.476406
2.101496
1.752546
1.624759
1.151029
0.658120
0.651691
0.274333
-0.262718
-0.119856
0.093672
1.010043
1.533237
1.775187
1.752193
1.912624
2.366218
2.600251
1.981326
0.561938
-0.498920
-1.018411
-1.819629
-2.246527
-2.581853
-2.124696
-1.171938
0.199959
1.796743
2.685128
3.484950
3.212946
2.678021
2.550827
2.471658
2.080112
1.294756
0.472566
-0.004985
-0.278062
-0.209162
0.224872
-0.094423
-0.720405
-0.781518
-0.742925
-0.253101
-0.717416
-0.629117
-0.129017
-0.071928
-0.488991
-0.615167
0.219273
0.789190
0.652364
0.098363
-0.554359
-0.309393
0.387465
1.091135
1.410522
0.798369
-0.201679
-0.194782
-0.234648
-0.136138
0.196591
-0.090536
-0.254784
-0.119264
-0.234361
0.218436
1.059576
1.088005
1.123000
1.702303
1.150266
0.654310
0.697508
0.102585
-0.643866
-0.547378
-0.380484
-0.491969
-0.563337
-0.757746
-0.625103
-0.134750
0.645741
1.166169
1.487260
2.296946
3.075098
2.691598
1.738765
0.376989
-0.170322
-0.255369
-0.604448
-1.018456
-1.077284
-1.099196
-0.679175
0.175897
0.565206
0.602290
0.326141
-0.229866
-0.190631
-0.189302
-0.422431
0.288748
0.423322
0.016333
-0.139216
-0.202902
0.044297
0.004347
-0.071088
-0.396450
-1.284972
-2.213590
-1.752586
-0.938450
-0.312836
-0.139892
0.008147
0.270849
0.003859
-0.191228
-0.272877
-1.128622
-1.796995
-1.600380
-0.828707
-0.318154
0.351584
0.578535
0.206390
0.030567
-0.282565
-0.694617
-0.766517
-0.782820
-0.793516
-0.396706
-0.696092
-0.551439
-0.170098
0.163233
0.761478
1.346496
1.270002
0.909687
0.802274
0.969973
0.779847
-0.169819
-1.204361
-1.750401
-1.411734
-0.512944
-0.481213
-0.811140
-0.549943
0.045126
0.605830
0.885334
0.560853
0.294335
-0.142163
-0.417270
-0.572686
-0.462946
-0.782743
-0.810545
-0.348397
-0.055732
1.216674
1.629545
0.848339
0.002682
0.248294
0.268889
-0.185402
-0.366669
-0.434697
-0.587435
-1.002588
-1.453969
-1.618374
-1.837316
-1.624668
-1.198330
-0.392444
0.279584
0.947247
1.337637
1.284139
0.835171
0.583595
0.313372
0.211882
0.238293
0.657378
0.679250
0.629262
0.407297
0.424411
0.932548
1.498183
1.458763
1.482716
1.169771
0.780729
0.588105
0.746489
0.680435
0.041210
-0.470679
-0.574269
-0.374277
-0.414619
-0.081133
-0.262193
-1.741269
-2.885174
-2.527173
-2.148872
-1.834964
-1.359484
-0.654534
0.266331
1.142416
1.294491
1.322310
1.631921
1.308319
0.375193
-0.370855
-1.391514
-1.815028
-2.421891
-3.108922
-3.018680
-2.691173
-2.081514
-1.496513
-0.845825
0.447592
1.086920
1.633794
1.323644
0.830420
1.050456
0.943834
0.524253
-0.522357
-1.505478
-1.832314
-1.890400
-1.706540
-1.485924
-0.719221
-0.178331
0.526114
1.237523
1.385412
0.627129
0.661806
0.847884
0.353868
-0.261276
-0.355386
-0.258734
-0.098258
0.253879
0.213154
0.155448
0.129529
0.912619
1.589104
1.531849
1.448447
1.097876
1.089479
0.760039
0.236964
0.114496
-0.262486
0.015727
0.322888
0.384778
0.254619
0.276485
0.551453
1.554518
2.679340
2.685761
0.686020
-0.535218
-0.675462
-0.401371
-0.528602
-1.342674
-1.085133
-0.825238
-0.567384
-0.015319
0.105470
0.436497
0.571074
0.574154
0.562523
0.261909
-0.291084
-0.756070
-1.393297
-1.586159
-0.789215
-0.253594
-0.448803
-0.167925
-0.281414
-0.024305
0.435617
0.405862
0.229854
0.176392
0.049907
0.100787
0.040204
-0.432439
-0.869285
-0.866902
-0.862878
-0.534861
-0.338488
-0.062068
0.887901
0.790642
0.624871
0.782755
0.321737
-0.574923
-0.872122
-0.617913
-0.294160
0.018179
0.489154
0.278586
0.429440
0.833514
1.093847
0.492009
0.124891
-0.251095
-0.841619
-0.769516
0.038127
0.341837
0.299661
0.374316
0.538317
0.178839
-0.335820
-0.307390
-0.106973
0.297335
0.503493
0.300024
0.122781
0.384708
0.284008
0.330187
0.004289
-0.387141
-0.322247
-0.191470
-0.340837
-0.071124
0.383172
-0.235663
-0.589627
-0.107443
0.232905
0.740120
0.554493
0.251174
0.314561
0.557279
0.532417
0.660658
1.213846
1.732384
0.797840
-0.294791
-0.818958
-1.171011
-0.503674
0.099768
0.169169
-0.358271
-0.508146
-0.995009
-1.391120
-1.461617
-1.580686
-1.555102
-1.004300
-0.673884
-0.087261
0.929768
1.511918
1.255977
0.632779
0.561766
0.893623
0.561693
-0.548867
-1.554829
-1.447379
-0.842713
-0.941861
-1.066979
-0.306519
0.409925
0.881444
1.052992
0.337319
-0.262052
0.107635
0.470081
0.368232
0.453713
0.728137
0.761299
1.029541
1.644901
2.204447
1.674717
0.673278
0.061591
-0.834290
-0.940457
-1.033427
-0.523755
-0.817341
-1.326987
-1.408703
-1.006796
-0.538512
-0.424703
-0.685244
-0.918242
-1.171926
-0.792731
-0.524848
-0.540175
-0.341545
0.054093
0.628675
1.104592
1.573939
1.880788
2.259268
2.561206
2.488674
1.787797
0.158882
-1.435799
-1.949366
-1.564918
-1.347495
-1.204278
-0.977867
-0.936928
-0.633897
-0.190032
0.087725
0.860357
1.065162
0.867591
0.380596
-0.500852
-0.810879
-0.936483
-0.823006
-0.980144
-1.360881
-1.671834
-1.323446
-0.103862
0.401624
0.425905
0.268572
0.302139
0.601061
0.561855
0.444282
0.416771
0.259709
-0.273040
-0.357141
-0.190718
-0.025860
0.486821
1.126120
0.797446
1.110885
2.078658
2.223628
1.987531
1.845369
1.505621
0.961559
0.439574
0.103115
-0.625749
-0.699965
-0.321507
-0.418798
-0.579677
-1.154181
-0.724336
0.033339
0.269846
0.293028
-0.543123
-1.376962
-1.383811
-1.299751
-0.814921
0.302601
1.692663
2.042625
1.360390
0.790770
0.959406
1.158502
0.925511
0.270117
0.131919
0.307244
-0.079745
-0.519599
-1.139627
-1.889376
-1.640325
-1.059603
-0.760574
-0.652360
-0.341972
0.049372
0.575288
0.497108
0.216346
-0.060614
-0.608382
-0.653219
-0.879244
-0.594716
-1.477657
-2.112691
-1.816132
-1.967103
-1.747633
-1.072337
0.367327
1.560801
2.174023
2.547891
2.942524
2.837227
2.645787
2.271555
1.455808
0.776636
-0.259860
-0.842837
-1.066093
-1.270428
-0.964855
-0.434038
-0.303350
0.190724
0.846322
0.967882
0.746543
1.035572
1.241448
1.206723
0.720823
0.011219
-0.234189
-0.241888
-0.464264
-1.252619
-1.672857
-1.897473
-2.542597
-2.474154
-2.002434
-1.095759
-0.689571
-0.533385
-0.387737
-0.009759
0.145263
0.731918
0.712097
0.758964
1.618273
1.532095
1.209613
1.472595
1.039389
0.543981
0.763760
0.726627
0.437951
-0.100958
-0.831294
-0.864052
-1.339730
-1.817460
-1.907699
-1.579723
-0.690574
0.243267
0.651085
1.097301
1.248750
0.931262
0.575082
0.732047
0.080778
-1.039472
-1.173604
-1.174103
-0.769178
0.084813
0.482895
0.390826
0.590757
0.916061
0.945875
0.529270
-0.070432
0.854597
2.026239
1.644888
0.049515
-1.430632
-1.227956
-0.690078
-0.345804
0.371062
0.489942
0.390757
0.433268
0.609487
0.734070
-0.019629
-0.926800
-1.172244
-1.386452
-2.163057
-2.499229
-1.705962
-0.553968
