-0.006491
0.013010
-0.379743
-0.549020
-0.747334
-0.816031
-0.854885
-1.148718
-1.455700
-1.303329
-1.357768
-1.252706
-0.566666
0.240488
0.881656
0.782689
0.531257
0.471130
0.403949
0.217723
0.575805
0.550105
0.099926
-0.396713
-0.645320
-0.884354
-1.058189
-0.864857
-1.282511
-1.413972
-1.049489
-0.549352
-0.213945
-0.235909
-0.149212
0.233070
0.558547
0.528051
0.058707
-0.368606
-0.310243
-0.368173
-0.515418
-0.429766
-0.282920
-0.361033
-0.484836
-0.923772
-1.460065
-1.704430
-1.267348
-0.255224
0.668117
1.143561
0.918941
0.815032
0.729206
0.376997
0.140265
0.234686
0.802790
1.057320
0.516888
-0.176368
-0.360774
-0.132951
-0.158003
0.154940
1.054988
1.542522
1.962666
1.768379
1.744679
1.550120
0.894603
0.487829
0.381925
0.660016
0.847672
0.445568
0.130961
0.132610
0.291547
0.665352
1.235403
1.005708
-0.269737
-1.587573
-2.137651
-1.823055
-1.081902
-0.326581
-0.065461
0.303659
0.395198
0.334757
0.130306
0.133558
0.330411
-0.034541
-0.606362
-0.613996
0.078569
0.300936
0.243565
-0.258528
-0.027603
0.498510
0.799238
0.824845
0.532834
0.213544
0.223277
0.501314
0.234264
-0.063523
-0.137729
-0.385828
-0.573223
-0.953082
-0.559678
0.167430
0.468786
0.661340
0.666254
1.087076
1.067797
0.931084
0.531801
0.211701
-0.176779
-0.530149
-0.644834
-1.083739
-1.366857
-1.447994
-1.273650
-0.750816
0.191093
0.923222
0.984847
0.343849
-0.219654
-0.324525
-0.155891
-0.245078
-0.086275
-0.404559
-1.071685
-1.525025
-2.148358
-2.203957
-2.058936
-1.891597
-1.431432
-0.656946
0.237989
1.339697
1.687061
1.907463
1.816039
1.783405
1.544202
1.191078
0.836109
0.540289
0.415580
0.068281
-0.632575
-1.514625
-2.065034
-2.137738
-1.712162
-1.378615
-0.768991
0.234195
0.821582
1.020601
1.424925
1.363641
1.649026
1.752034
1.310849
1.196907
0.810160
-0.118314
-1.412454
-2.437788
-2.580060
-2.165139
-1.668935
-1.346743
-0.897460
-0.027391
0.672726
0.958916
1.021719
0.963839
1.216671
1.388737
1.554413
1.270164
0.578672
-0.171523
-0.656958
-1.399373
-1.966344
-1.676654
-0.685813
-0.157855
0.385412
0.864473
1.554720
1.740018
1.555541
1.218924
1.131606
1.370041
1.097086
0.092668
-1.426161
-2.166899
-1.990594
-0.990969
-0.089118
0.406654
0.440777
0.664505
1.194888
1.287481
1.157162
0.795110
0.778504
0.726043
0.598613
-0.049542
-0.640097
-0.915012
-0.803769
-0.718899
-0.637761
-0.477849
-0.185590
0.223662
0.282086
0.313472
0.191403
0.168293
0.020286
0.090460
-0.184617
-0.671834
-0.897508
-0.688755
-0.311651
0.411434
1.141583
1.265926
0.965162
0.658619
0.428660
0.384601
0.288645
-0.065894
-0.147386
-0.210199
-0.056468
-0.192694
0.121444
0.331990
0.131756
-0.059741
0.298852
0.654311
0.955364
0.892811
0.500759
0.054712
-0.270167
-0.413737
-1.049020
-1.412823
-1.477934
-0.903356
-0.469602
-0.404726
0.031267
0.255572
0.301832
0.393709
0.691018
0.580718
0.138342
-0.262661
-0.365744
-0.288445
-0.340240
-1.050400
-1.568368
-1.468852
-0.705834
0.202002
0.499949
0.177272
-0.369813
-0.509512
-0.305094
0.318627
0.947196
1.025547
1.205222
1.288040
0.815266
-0.326109
-0.922160
-0.578801
-0.336565
-0.247012
-0.085808
0.047617
-0.127225
-0.300839
-0.646224
-1.046712
-1.627429
-1.932060
-1.343048
-0.574859
0.274030
0.545396
0.539779
0.863766
1.382287
1.721999
2.034789
1.209542
0.166390
-0.479272
-0.451868
0.152362
0.474513
0.001913
-0.498851
-0.982285
-1.345690
-1.693273
-1.748424
-1.324089
-0.535154
0.117235
0.682376
1.174811
1.225917
0.696597
0.163637
-0.205616
-0.128601
0.046173
0.548361
1.187742
1.178745
1.168818
1.392448
1.172848
0.749466
0.189488
-0.097514
0.125905
0.723874
0.841837
0.618060
-0.026953
-0.600399
-0.733560
-0.359255
-0.102843
0.443241
1.137426
1.780627
2.028630
1.427212
0.555082
-0.167507
-0.652391
-1.031804
-1.085571
-0.640434
0.106483
0.649201
1.122721
0.941468
0.486415
0.046523
-0.236541
-0.341293
-0.585988
-0.264177
-0.305562
-0.558841
-1.017599
-1.123008
-1.028153
-0.608736
-0.263738
0.328761
0.667732
0.779692
0.743791
0.553694
-0.135546
-0.509101
-0.931179
-1.418440
-1.746229
-1.845078
-1.680634
-1.091929
-0.240438
0.121037
0.241100
0.079092
0.265657
0.258041
-0.258699
-0.529892
-0.537820
-0.649683
-0.780887
-1.025104
-1.377720
-1.525225
-1.100890
-0.578888
-0.223630
0.126963
0.683285
1.109637
0.918818
0.201041
-0.418484
-0.207966
0.164253
0.397429
0.388465
0.466334
1.066707
0.975977
0.287349
-0.382733
-0.204250
0.083572
0.361780
0.211411
-0.101949
-0.082011
0.118069
0.563153
0.312272
0.085172
-0.163021
-0.210722
0.141520
0.575110
0.800229
1.325809
1.494978
1.413730
0.697830
0.479980
0.694454
0.903103
0.555177
-0.307263
-1.068754
-1.455010
-0.724982
0.037678
0.430726
0.624667
0.933186
1.085541
1.040073
0.784219
0.961117
1.300560
1.065304
0.390307
-0.209586
-0.422657
-0.688699
-0.792087
-0.964127
-1.586608
-1.975547
-1.910114
-1.370405
-0.778101
-0.169116
0.218450
0.103648
-0.136538
-0.150071
-0.008686
0.453883
0.453440
0.058528
-0.270004
-0.520655
-0.359844
-0.045658
0.130255
-0.117497
-0.371406
-0.279894
-0.553212
-0.920793
-1.316931
-1.286476
-0.504317
-0.144856
0.373576
0.820694
1.311828
1.198964
0.900096
0.282883
-0.283494
-0.470315
-0.552312
-0.618839
-0.625320
-0.762710
-0.688268
-0.476912
-0.536064
-0.295259
0.074779
0.648418
1.014229
1.338307
1.293601
0.890059
0.822597
0.879059
0.532430
0.287217
-0.018862
-0.196416
-0.043524
0.160059
0.015226
0.176544
0.404056
0.702065
0.588789
0.451157
0.419836
0.594391
1.260567
1.636191
2.111711
2.139410
1.790573
1.199427
0.641364
0.088174
-0.271391
-0.386421
-0.007264
0.347324
0.506326
0.563585
-0.002317
-0.399137
-0.762228
-0.834929
-1.004266
-1.262921
-1.066287
-0.763639
-0.795599
-1.264188
-1.833030
-1.953788
-1.305975
-0.580709
0.200699
0.320104
0.069469
-0.262313
-0.227077
-0.134279
-0.031307
-0.058508
-0.174394
-0.257342
-0.615112
-1.007234
-1.324781
-1.188619
-1.223530
-1.055928
-0.418829
0.277585
0.534974
0.400767
0.202945
0.754952
1.229227
1.753324
1.592315
1.376931
1.187304
1.190005
1.204694
0.911041
0.316091
0.071853
0.140522
-0.031612
-0.002068
-0.449078
-0.977734
-1.160641
-1.025801
-0.776382
-0.302947
0.074255
0.431032
0.606210
0.796813
1.368060
1.602373
0.698373
-0.833960
-1.430598
-1.560340
-1.852751
-2.775052
-3.315749
-3.488280
-3.166803
-2.122203
-0.859954
0.487267
1.137507
1.651512
1.549055
1.291006
0.977365
0.113805
-0.773950
-1.514897
-2.016683
-1.953192
-1.933259
-1.737317
-1.897516
-1.706757
-1.458632
-0.932043
0.154851
1.490958
2.492589
2.946080
2.864075
2.408113
2.211981
1.957343
1.543291
0.837559
0.661437
0.819900
1.245585
1.831377
2.262364
2.209175
1.676365
1.205447
0.752003
0.564545
0.077484
-0.683132
-1.354636
-1.465765
-0.930315
-0.022717
0.442091
0.889142
1.492945
1.411767
1.389725
1.071600
0.824139
0.550234
0.395825
0.310035
0.271682
0.101486
-0.378643
-0.819404
-1.123706
-1.523837
-1.435579
-1.191381
-0.860995
-0.408529
-0.398043
-0.668490
-0.800312
-0.722297
-0.526957
-0.461416
-0.697522
-0.727038
-0.115110
0.553027
0.469659
0.390394
0.115407
0.196323
0.584043
1.098412
1.372831
1.353733
1.170098
0.911268
0.431844
0.247899
0.289423
-0.131195
-0.229957
-0.302204
-0.240262
-0.811492
-0.753245
-0.274472
0.473334
1.194389
0.854734
0.133084
-0.287435
-0.436415
-0.141564
0.445130
0.661753
0.816815
0.384943
0.222845
0.578763
0.733553
0.785516
0.394803
-0.364899
-0.678565
-0.814419
-0.779498
-0.364052
-0.156290
-0.198200
-0.466112
-0.435337
-0.466478
-0.138405
0.299775
0.878286
0.708431
0.263970
-0.236808
-0.704816
-1.351839
-1.728654
-1.823247
-1.974190
-1.656139
-1.468572
-0.896900
-0.410211
-0.083645
0.098900
0.333369
0.632375
0.800262
0.302127
-0.006351
-0.177000
-0.312467
-0.359249
-0.628483
-1.140710
-1.394201
-1.301496
-0.745538
-0.509587
-0.293609
0.263912
0.568434
1.009528
0.870429
0.638459
1.275068
2.086707
2.336307
1.884104
0.968414
0.063777
-0.141641
-0.124123
-0.328671
-0.744265
-1.254971
-1.493087
-0.798170
0.292626
1.127186
1.549800
1.506139
1.088214
1.326586
1.944229
1.948481
1.600914
1.093491
0.209080
-0.996786
-1.786311
-2.417568
-2.582525
-2.735681
-2.721832
-2.517793
-2.331893
-1.676592
-0.775823
0.153998
0.861128
1.565138
2.260830
2.573021
2.624934
2.448522
1.808555
1.176463
0.509939
0.204139
-0.257260
-0.357388
-0.999875
-1.283844
-1.157685
-0.445355
0.238081
0.605094
0.779412
1.016871
1.028613
0.989633
0.704623
0.099420
-0.133551
-0.300686
-0.260347
-0.189046
-0.401026
-0.759847
-1.482080
-1.884997
-1.363145
-0.310154
0.185417
0.387236
0.653668
1.072939
1.073234
1.049485
0.789940
0.496846
-0.396471
-0.656216
-0.414372
-0.312308
-0.641291
-1.016144
-1.301105
-0.782065
0.506600
1.373724
2.026747
2.213704
2.071895
1.839201
1.603491
0.970519
0.159292
-0.707553
-0.666940
-0.718296
-0.383823
-0.214156
0.149404
0.187882
-0.489571
-1.473416
-1.832669
-1.940851
-1.719116
-1.121731
-0.593052
0.165910
0.240386
0.010475
-0.290377
-0.270327
-0.593580
-0.754015
-0.741178
-0.365527
0.283280
0.941015
0.922494
1.101969
1.448800
1.241348
0.927344
0.299283
-0.064386
-0.354541
-0.501419
-0.350246
-0.059206
0.268568
0.157015
-0.420720
-0.688355
-0.571894
-0.754920
-0.323580
-0.616948
-0.937295
-0.652218
0.509682
0.995730
0.986859
1.080835
0.967262
0.723816
0.630039
0.566456
0.440029
0.521707
0.921372
1.267156
1.042102
-0.052442
-1.174234
-2.242822
-3.051990
-2.829933
-1.518083
-0.180251
0.472123
0.775858
1.003624
1.054672
1.236780
1.257907
0.724130
-0.133059
-0.410667
-0.264923
0.003736
-0.189881
-0.476478
-0.530601
-0.455319
-0.547581
-0.485633
-0.862117
-0.984937
-0.641786
0.164549
0.856073
0.874356
0.834999
0.812492
0.804320
0.798706
0.318750
-0.540081
-0.858817
-0.945509
-0.895983
-1.262472
-1.468659
-0.943865
-0.430635
-0.139384
0.273895
0.617237
0.839855
0.551045
0.418798
0.473404
0.269102
-0.220933
-1.075684
-1.596738
-1.360868
-0.703420
-0.282256
-0.177970
-0.100217
0.084788
0.742608
1.361561
1.778056
1.209660
0.483991
-0.217361
-0.856504
-1.413949
-1.431975
-1.279454
-0.906335
