-0.548357
0.408141
1.120099
0.955627
1.368440
1.441712
0.314347
-0.114414
0.062001
0.352275
-0.169873
-0.842128
-0.185038
-0.501904
-0.198739
0.809022
0.424168
0.062666
0.312261
0.760553
0.326178
0.603367
0.783593
0.918341
1.447987
0.906592
1.045505
2.153137
2.230816
1.021686
0.123995
0.444151
0.302948
0.131991
0.214999
-0.349461
-0.650359
0.412345
-0.025049
0.659063
1.014367
1.427418
1.447276
1.524917
1.197070
0.964869
1.305435
1.969752
0.991896
0.151117
0.728894
0.142757
-0.532725
-0.235806
-0.761652
-0.090406
-0.331968
-0.974480
0.351983
-0.027024
-0.112880
0.431965
0.702969
0.355686
0.172769
0.542228
0.054088
-0.112410
-0.349281
-1.134303
-1.829550
-1.083241
-0.175773
-0.974500
-0.808610
-0.410826
-0.660026
-0.856791
-0.522569
-1.211572
-1.205981
-0.277079
-0.595975
-0.081621
-0.008513
-0.691791
0.113747
0.565488
1.433888
1.879883
0.408092
0.350666
-0.016814
-0.750683
-0.348875
-1.024909
-1.527533
-1.048630
-0.229979
0.979125
0.444049
-0.481490
0.022180
-1.007698
-1.213817
-0.143485
-0.561377
-0.695244
-0.257843
0.392302
1.045394
1.664100
0.741404
0.073156
0.740578
0.764061
0.854276
0.007767
-0.328441
-0.689080
0.622607
-0.390717
-1.037232
0.534364
-0.078568
-0.600408
-0.768912
0.183789
0.424675
0.272461
-0.713708
-1.200159
-0.696177
-0.503194
-0.782546
-1.024122
-0.711237
-1.301873
-1.189757
-0.186637
-1.986133
-2.430779
-1.406613
-0.884589
-0.568077
0.594866
0.594578
-0.169029
-0.489748
0.468850
0.961394
0.280925
0.256765
0.720458
0.536084
1.585418
0.575842
0.068769
-0.521613
0.011319
-0.370419
-1.175470
-1.090805
-0.337507
-0.360791
-0.791340
-0.285592
0.309241
0.718499
2.676258
1.525935
0.194375
1.046987
0.277721
-0.231952
-0.060647
-0.117559
-0.226412
-0.462665
-0.207718
-0.402128
-2.163107
-1.491922
-0.035538
0.843474
1.509731
1.970390
2.077082
2.555431
1.696021
0.770754
0.767823
0.113021
-0.762581
-0.555016
-0.275031
-0.054934
-0.102203
1.534355
0.457474
-0.465959
0.355919
0.942032
0.380053
0.368163
-0.345891
-0.579878
0.303114
-0.455576
-1.180780
-0.508500
-0.360832
-0.011944
-0.602850
-0.619839
1.080578
1.001449
-0.018072
0.497847
1.254947
1.355546
0.950786
0.495370
0.198542
-1.271701
-2.035753
-1.379819
-1.011980
-0.349559
-0.721391
-0.532977
0.207448
-0.119991
-0.321694
0.484758
0.642087
0.392730
-0.640321
-0.392788
-0.006046
-0.388586
-0.237330
0.194374
0.263708
0.322572
0.201325
1.481864
1.772466
1.156465
0.588845
0.478589
0.790246
1.042594
1.392068
0.831618
0.443116
0.519335
-0.763559
-0.581284
-0.554885
-0.461542
0.119319
-0.437102
0.150995
0.229978
0.481302
0.321361
-0.263746
-0.121498
-0.080216
0.660538
-0.290349
-0.730817
-1.167544
-0.880362
-2.025435
-2.558927
-1.283674
-0.194299
0.763051
0.941262
1.053689
1.455654
2.776694
2.105368
0.311081
0.254815
0.459441
0.035551
0.585962
-0.531331
-0.782414
0.352405
-0.036791
-0.449374
-0.370682
0.512832
1.083791
1.214168
1.154192
1.878498
1.033588
-0.857685
-0.538684
0.031559
-0.873281
-0.835496
-1.179382
-1.516533
-2.218203
-1.743062
-2.285557
-3.197564
-2.731912
-1.744780
-2.037848
-2.588937
-2.352763
-2.193632
-2.078190
-0.534724
-0.546015
-0.719612
0.449818
0.822760
0.687126
0.306457
-0.360994
-0.791636
-1.614296
-0.997594
-1.459234
-1.580327
-1.095484
-0.806263
0.275035
0.070894
0.695323
0.716452
0.509321
0.338110
0.194267
1.113038
1.423987
1.233581
1.529383
1.323055
0.647168
-0.153555
0.467734
-0.067964
0.094408
0.146412
0.270572
1.161632
0.970233
1.973901
1.056718
0.916029
0.584577
0.106846
0.712860
0.449916
-0.066810
-0.155951
-0.066937
0.280880
-0.287758
-0.339142
0.082850
0.179742
0.503798
0.894519
1.390147
1.442432
-0.018442
-0.587362
-0.241523
0.213962
0.292429
0.495542
0.287047
0.377221
0.682281
1.244988
-0.044550
-1.170142
-0.927782
-0.260439
-0.430025
-0.911015
-0.881359
-0.523309
0.921530
0.359132
-1.420396
-1.271010
-1.623853
-1.866529
-1.831542
-1.934136
-0.756829
-0.671399
-0.812450
-1.187689
-1.644107
-1.225609
-0.946927
-0.652668
-0.210488
0.521460
0.736758
0.114459
-0.514220
0.000219
0.618246
0.562610
0.287127
0.322993
0.589810
1.060762
1.088548
2.327504
1.066924
0.333877
-0.297661
-0.244765
-0.371463
0.483232
1.073190
0.924517
2.413398
1.518781
0.778647
1.886668
1.322815
0.336862
0.161245
-0.361607
-0.950020
-0.594471
-0.548609
0.764307
-0.014372
-1.183448
-0.156875
-0.086514
0.807688
1.717092
2.040501
2.477051
1.189208
0.418287
0.588821
0.301967
0.955368
1.365792
0.045280
-0.166360
0.527484
0.635746
0.662999
-0.170138
-0.420702
-0.234115
-0.541247
0.463095
0.725498
0.369775
-0.050059
-0.010544
-0.494150
-1.466078
-0.949597
-0.229476
-0.164433
-0.068988
-0.782755
-0.752518
0.001985
-1.088809
-2.060687
-1.677267
-1.667391
-1.342139
-1.101045
-1.280787
-1.543229
-0.969402
0.024311
0.853105
0.841026
0.097211
-0.114874
-0.056012
-1.091320
-1.608347
-1.186833
-0.203729
-0.618362
-1.152059
-0.398887
-1.668145
-1.697399
-1.542913
-1.758224
-0.669996
0.037049
0.047472
-0.272799
-0.268218
0.580970
0.027862
-0.050646
-0.157074
0.737586
1.607878
1.791159
2.066297
1.777203
0.702199
0.193736
0.339314
-0.075665
-1.598061
-1.719482
-1.010197
-0.250177
0.153619
0.100480
0.718573
1.371877
1.295092
2.268896
2.058872
0.891215
0.926105
1.465152
0.721448
0.549966
-0.432331
-1.277653
-1.342701
-0.670374
-0.364835
1.121901
1.768392
0.669010
0.499339
1.315538
1.483643
1.625257
0.438445
-0.370543
-0.480521
0.322998
0.603661
-0.782949
-1.242165
-1.033797
-1.044424
-0.710881
0.046292
-0.044248
-0.575391
0.294575
1.198915
0.168800
0.376050
0.549357
0.071197
-0.490732
-0.398403
0.309651
0.752571
0.379382
-1.188280
-1.914004
-1.732969
-2.697009
-2.257607
-0.062716
-0.761107
-1.809933
-1.668671
-0.364200
-0.713864
0.025956
0.575937
0.421672
-0.326784
-0.552394
-0.602480
-0.313557
0.043238
0.585645
-0.057625
-0.887839
-1.192605
-0.299876
-0.493996
0.438952
0.736169
1.708307
3.050443
2.462696
0.718046
-0.013611
-0.193541
-0.006116
0.479033
0.439800
0.106050
-0.199178
0.750784
0.629935
0.847735
-0.008357
-0.418007
0.196216
0.376467
0.575185
1.003171
1.906247
1.257221
-0.050765
0.244362
-0.014969
-0.295549
0.177566
-0.102927
-0.491366
-0.261955
1.203994
0.676858
-0.054024
0.440324
1.714932
0.994808
0.477753
1.246536
1.085730
1.616476
0.650417
0.380992
0.382863
0.401510
-0.014946
-0.726877
-1.490614
-1.381326
-0.212281
0.172820
-0.613449
-0.244418
0.849728
0.873007
0.252266
-0.196372
-0.418770
-0.220235
0.505001
0.072509
-0.981616
-1.636842
-2.034191
-2.308545
-1.561756
-0.714567
-1.571889
-1.618707
-0.547842
-0.397940
-0.764823
-0.829684
-1.977318
-2.648839
-1.912651
-1.123144
-0.786572
-0.967955
-0.339525
-0.123219
0.169486
0.827275
1.027462
1.266878
0.013544
-0.486130
-0.231075
-0.769267
-1.557794
-1.555513
-0.867639
-0.669170
-0.824132
-0.760295
-1.107920
-1.574403
0.149462
0.513359
-0.080089
0.786449
1.337919
1.417264
1.419740
1.068899
1.076458
1.444081
2.093691
1.548996
1.425603
1.176756
0.491929
-0.155285
-0.811163
-0.487294
-0.100211
0.914735
0.811281
0.264720
0.163563
1.112104
-0.641851
-1.436404
-0.837446
1.088268
0.636927
-0.464003
-0.115459
-0.675644
-0.933687
0.081281
-0.325779
-0.554916
-0.035841
-0.517033
-1.205676
-0.057800
-0.996254
-1.367785
0.252180
0.432055
-0.063379
-0.289060
-1.173886
-1.186523
0.110779
0.110229
-0.330521
-0.960907
-1.383963
-1.298680
-1.710146
-1.546423
-1.352166
-0.996532
0.019209
1.306180
0.802346
0.233950
0.722995
0.067606
-0.401341
-0.612584
-0.538311
-0.698817
-0.187798
0.575886
1.069355
0.780792
0.737205
0.642389
0.191858
0.191738
-0.087187
-1.101500
-1.256585
-0.941185
-0.146933
0.381437
-0.419998
0.050760
0.513892
0.682338
1.758295
1.786949
1.433553
2.105482
1.769922
0.898350
0.048515
-0.812165
0.036299
0.091500
-0.165788
0.120217
0.389635
1.654364
0.966753
0.176736
1.577245
0.734221
0.306066
1.767855
1.533427
1.485812
0.256082
0.220390
0.764950
0.755886
0.688878
1.500273
1.288479
0.368594
0.618605
0.266033
-0.597231
-0.368431
0.063364
0.067327
-0.883022
-1.054829
0.741466
1.142656
1.006620
0.559973
1.172112
1.334690
1.498133
1.057511
0.303415
0.316544
0.872687
-0.257147
-0.819883
-1.699789
-2.432476
-2.593166
-2.553558
-2.264232
-1.625596
-1.761091
-2.090036
-2.220121
-1.419479
0.180351
0.338535
0.060572
-0.439288
-0.233570
-0.371313
0.282759
-0.316119
-1.940671
-1.920989
-1.645177
-1.295568
-1.399157
-1.304191
-0.525951
-0.641077
-0.570208
-0.931541
-0.192507
1.604509
0.440964
-0.469176
0.054013
-0.099563
1.029208
0.828225
1.227790
0.911580
0.424664
0.961843
2.076473
1.381147
0.512721
0.751395
0.855347
0.699264
1.270647
0.994019
0.087806
-0.559328
-1.444312
-1.138998
-1.737242
-1.561780
-1.313777
-1.062042
-1.038857
-0.411575
0.013379
0.203929
0.479224
2.510548
2.832446
1.011332
1.044786
0.867242
0.395231
0.824009
1.334047
1.385790
1.488732
1.067310
0.384718
0.451911
0.392582
0.105588
0.270336
-0.037558
-0.806788
-0.949756
-0.280955
0.029321
0.500564
2.344817
0.338487
-0.723707
-0.449983
-0.749267
-0.725978
-0.772748
-1.685036
-2.295495
-2.619470
-2.036039
-0.944906
0.201598
-0.960959
-1.369731
0.443015
-0.351690
-0.724351
0.401028
0.885989
0.689080
0.231460
0.066926
0.521228
-0.635055
-0.594834
-0.511830
-0.909101
-0.350844
-0.470878
-0.545249
-1.248472
-0.926227
-0.060279
1.380799
2.028531
1.017243
0.869540
1.244737
1.409275
1.286066
0.203096
-1.065352
-0.999153
-0.486796
-1.091731
-2.001661
-1.117967
-0.531310
0.442757
-0.510331
-1.182892
-0.272194
0.233150
1.110068
0.874792
0.328456
0.693820
0.646188
-0.554977
-0.850475
-0.393402
0.578709
0.283576
-0.062964
0.540179
-0.084948
-0.251717
1.149107
0.802515
0.025114
0.561834
0.767346
0.567442
0.523653
0.862148
1.192164
1.160366
1.403874
1.887594
1.787441
0.900732
0.319365
0.215386
0.020534
-0.444994
-0.008766
0.888980
0.329681
-0.449775
-0.057281
0.969475
-0.507358
-1.266714
-0.954732
-0.982083
-1.052079
-1.435766
-1.509903
-1.878120
-1.252041
0.092138
0.540132
-1.340731
-1.455464
