-0.727706
-0.861614
-0.733852
-0.909759
-0.608402
-0.603040
0.019964
-0.282076
-0.485184
0.224358
0.400347
-0.597278
-0.385118
0.319019
-0.199139
-0.808844
-1.421351
-0.873756
-0.120591
-0.099748
0.559641
1.244822
0.480358
0.653088
0.690697
-0.225608
-0.809521
-0.305395
0.764848
1.183734
1.332714
0.625152
-0.151827
0.595193
1.963952
2.452753
2.160272
2.143152
1.511254
0.856979
1.168055
1.496290
1.794699
1.941761
1.950115
0.294702
-0.713173
-0.843250
-0.457669
-0.228427
-0.667293
-1.737019
-1.716260
-1.966734
-0.738097
-0.647906
-1.732728
-0.795407
0.453665
0.135385
-0.093536
-0.530294
-0.038615
-0.094758
-1.000884
-1.421250
-1.772205
-0.628643
0.055605
0.984452
1.261381
1.200146
1.061997
0.798715
0.954636
1.454842
1.162448
-0.344257
-0.702427
-0.001714
-0.380023
-1.344249
-1.449195
-0.598580
-0.703644
-0.632857
0.773975
0.884170
0.943423
0.700341
-0.506726
-0.067622
1.691091
1.512279
0.085519
0.050174
0.660839
0.469923
0.493499
-0.159051
-0.662239
-0.382527
-0.046350
0.238941
0.082639
0.880117
0.658348
-0.150587
-0.633038
-0.834133
-0.760344
-1.005731
-0.666428
-0.185474
0.422315
0.695329
-0.030189
0.727732
1.504663
0.626845
-0.212649
-0.381279
0.426226
-0.034203
-0.236935
-0.504870
-0.539183
0.596671
0.203208
-1.317357
-1.038131
0.429040
-0.275654
-1.091132
-0.946968
0.122820
0.591864
-0.522059
-0.904661
-0.817124
-1.067234
-1.447020
-1.258397
-1.936897
-1.233614
-0.652064
-0.642901
-0.609242
-0.581135
-0.371807
-0.725846
0.179867
0.735714
-0.340200
-0.476355
-0.915086
0.025638
0.685290
0.658077
-0.607256
-1.997363
-1.342459
-0.760373
0.201610
0.377695
0.246876
-0.366070
-0.722540
-0.076919
0.833746
1.257670
1.163712
0.475059
0.165339
0.842696
2.123253
1.508078
0.808770
0.894877
0.631780
-0.000236
0.369950
0.457573
0.358784
0.861207
0.588170
-0.032794
-0.023563
0.625329
-0.072049
0.519061
1.329640
1.680655
2.494298
0.323690
-1.326515
-0.193947
0.541812
1.491825
0.693312
0.227502
-0.315046
0.536913
0.579706
0.289642
-0.279291
-0.676844
-0.750207
-0.784135
0.037096
0.565435
0.440433
0.252175
0.955907
0.251642
-1.118073
-1.553609
-0.744079
0.259697
0.370613
0.175414
-0.417512
-1.253109
-0.472746
0.222611
0.844771
0.164486
0.027366
0.368036
-0.305454
-0.940554
-0.956580
-0.578407
-1.445447
-1.789440
-2.309484
-2.074398
-1.431197
-1.910874
-1.033893
0.080373
-0.654227
-0.336850
-0.832399
0.080879
0.780373
0.971141
0.421129
-0.286820
-0.263409
-0.766487
0.043399
0.783974
0.213953
-0.164609
-0.407532
0.101731
0.626023
-0.144305
-0.554513
-0.042350
0.940734
1.375751
0.593285
-0.124299
-0.474698
-0.749345
-0.169184
0.471866
0.022192
-0.670623
-0.185470
-0.705920
-0.551337
-0.014735
-0.156713
-1.087070
-1.831903
-1.164730
-0.771548
0.105713
0.185935
-0.173995
0.299948
0.569981
-0.676230
-0.725146
-0.024549
-0.384168
-0.736727
0.374934
0.240019
-0.357770
-0.791342
0.212706
0.885619
1.226986
1.023459
1.058804
1.630752
0.865201
0.679209
1.912271
1.926529
1.209270
0.784527
1.256978
1.672745
0.964124
0.694060
0.274266
0.843441
1.649564
1.228768
0.723451
0.056899
-0.384220
-0.637309
-0.688518
-0.917775
-0.230525
0.253681
-0.337783
-0.635897
-0.074860
1.062667
1.234244
0.853900
0.296142
0.593551
1.223144
0.887199
0.696015
0.336158
0.165707
-0.587480
-0.794961
-0.774142
-1.134100
-0.897026
-0.145360
-0.527115
-0.901065
-0.286388
-0.080998
-1.036824
-1.538054
-1.023879
-0.825665
-0.715111
-1.802819
-2.245462
-1.476094
-1.596404
-1.175538
-0.192443
-0.079722
0.218465
-0.001567
0.704393
0.386709
0.483039
1.010813
1.654395
2.129872
1.029922
0.287825
0.632319
0.987839
0.897030
-0.073790
-0.522502
-1.449453
-1.213192
-0.607001
-1.065604
-0.864473
-2.002191
-1.889864
-1.851123
-2.705611
-2.245232
-1.052826
-0.504250
-0.116364
0.402069
0.349000
-1.392265
-0.859410
0.655945
0.314702
0.365380
1.004941
0.836812
0.484962
1.260426
2.236544
1.966847
0.891979
-0.056174
-0.097199
0.173946
-0.158504
-0.586461
0.568181
0.540672
-0.058642
-0.301953
-0.417387
-0.007670
0.133374
0.828497
0.586654
0.361233
0.617890
0.085671
0.005396
-1.100979
-1.492884
-1.225585
-0.729493
-0.198206
-0.712406
-1.349102
-0.516259
1.146316
1.006330
1.199089
0.977859
0.707183
0.670207
0.587040
0.632448
0.772204
-0.061403
-0.269032
-0.418118
-0.117414
0.516435
0.831198
1.638172
1.312590
0.486109
-0.153139
0.656456
1.138788
0.440750
0.170279
-0.402708
-0.549382
-0.242200
0.501315
0.094706
-0.676925
-0.534791
-0.655545
-1.439199
-1.131161
-0.719573
-1.453251
-0.477452
1.069445
0.745665
-0.030942
0.070315
1.026475
1.726664
0.838248
-0.446993
-0.432871
-0.138698
0.121327
0.255714
0.943730
1.595982
0.841817
-0.379281
0.009598
1.144192
0.778763
0.292346
-0.742048
-1.399814
-2.968637
-2.070747
-0.084134
-1.159247
-2.370157
-1.829808
-1.533468
-1.148960
-0.764461
-0.268476
-0.326339
0.144443
1.166615
1.665703
0.441955
-0.021993
0.485675
0.300146
0.461225
0.072122
-0.852722
-1.070013
-0.838539
-0.699694
-1.248415
-0.705095
-0.197398
0.078423
0.553153
0.980712
1.883809
1.623173
0.419982
0.369409
0.375282
0.822986
0.547072
-0.237387
0.111619
0.426253
-1.127937
-1.132275
-0.229849
0.184055
0.022177
-0.526522
0.751129
1.378547
0.703449
1.289993
1.764666
1.934555
-0.101937
-1.442825
-0.130957
0.220224
0.389241
1.340881
2.199512
2.187228
0.698657
-0.536796
-1.243709
-1.315095
-1.278476
-1.081869
-1.152461
-1.880595
-2.311358
-1.730318
-0.985408
-0.347598
-0.719411
-0.616679
-1.027954
-0.558297
-0.287807
-0.073662
-0.371726
-1.169522
0.236275
0.210413
0.263584
0.681712
0.466735
0.777123
0.487615
1.042230
2.211032
1.618164
0.663440
0.300607
0.153705
0.063289
-0.514027
-0.413883
-0.362561
-0.781231
-0.551207
-1.489888
-1.392145
-0.319370
-0.173548
0.279061
0.500800
0.574915
0.588250
0.313341
0.746997
0.086740
-0.327750
-0.154090
0.250756
0.972830
0.905336
0.845527
1.079320
1.727972
2.290750
1.373646
0.295627
-0.037761
0.197554
-0.070550
-1.043806
-1.316631
-1.295996
-1.337084
-0.909721
-1.517834
-0.993973
-0.547738
-1.108880
0.003253
0.017909
-0.258421
0.218078
0.314560
0.266825
0.257186
1.309091
1.512912
0.091840
-0.253858
0.182955
0.065884
-0.985613
-1.136890
-1.144413
-0.992141
-1.062680
-0.692504
-0.398341
0.138791
0.594349
0.794456
1.064149
1.461165
1.163138
0.773842
0.570158
1.079579
0.702133
0.645919
-0.086812
-0.479534
-0.713301
-0.677978
-0.596307
-1.164103
-1.389686
-1.115740
-1.341375
-0.530747
0.050944
0.589773
0.213291
-0.432937
0.163073
0.048584
0.896616
0.799095
0.015322
-0.088021
-0.037500
-0.812924
-1.093624
-0.956784
-1.655551
-1.989276
-2.172494
-1.561290
-1.442705
-1.398108
-1.602425
-0.609113
0.369237
0.278259
0.667001
1.164277
0.796715
0.423417
0.177270
0.754318
1.882140
1.347685
0.887004
0.819731
0.399240
0.605788
0.992754
-0.833171
-1.893610
-1.678067
-1.997392
-1.070169
-0.842693
-0.713623
0.228050
1.042398
1.405073
-0.288353
-0.319457
1.014176
1.219579
1.112657
1.124864
0.713192
0.916015
0.562578
0.769980
1.817226
2.038817
1.319182
0.669978
0.013529
-0.168801
-1.192317
-0.903850
0.306367
0.290768
-0.441293
-0.931081
-0.840391
-0.843974
0.094833
0.312822
0.382300
0.991041
0.812877
0.257351
0.100265
0.904158
0.704397
1.386993
2.394194
1.489195
-0.075941
0.448420
0.858924
0.839998
1.114197
0.460013
-0.347403
0.187053
-0.298157
-1.871267
-2.283358
-2.818260
-4.947839
-5.299821
-5.069312
-4.969955
-4.737282
-2.579623
-1.956466
-1.258481
-0.537953
-0.425088
-0.268468
0.632279
2.197496
2.856181
2.119624
1.086407
0.650419
0.467702
0.910664
1.628456
1.741307
1.190016
-0.173520
-0.071367
-0.268425
-0.047300
0.250305
0.454774
0.707179
0.529888
0.266957
-0.561143
-1.086457
-0.535695
0.176782
1.539064
0.740484
-0.487492
0.128540
1.179343
0.503379
1.059726
1.808030
2.198287
0.239424
-0.512975
0.770305
1.068867
1.171920
1.075690
0.518814
-0.060339
-0.558716
-0.682222
-0.540051
-0.802190
-0.348757
0.376731
-0.209472
-0.576809
-0.464085
-1.088683
-0.920014
-0.819309
-0.415025
0.715258
0.281992
-0.218250
0.171292
-1.306934
-1.555395
-1.020231
0.324580
0.330790
0.625187
0.988078
-0.573422
-1.470719
-1.786433
-1.631760
-1.031707
-0.162369
0.816220
0.814797
-0.257764
-0.898982
-0.576709
-1.131740
-0.884511
-0.248924
0.029879
-0.175559
0.081867
-0.825883
-0.493645
-0.156865
0.409034
0.804097
0.196579
0.450359
0.654789
0.082907
0.401142
0.707850
-0.691222
-1.288349
-1.051696
-1.077746
-0.931489
-0.148766
-0.188482
-1.514921
-0.778140
0.906938
0.959529
0.690315
0.496727
0.359573
0.462959
0.530428
0.251587
-0.193263
0.090414
0.102646
0.191723
0.083366
-0.401219
0.229875
0.936180
0.827602
0.807382
1.234837
1.189752
0.314633
0.158541
-0.384796
-0.444818
0.136960
0.372998
0.494978
0.844323
0.087483
-0.435101
0.410036
-0.149479
0.122054
0.441342
-0.425759
-0.490755
1.140450
1.325257
1.059632
1.201994
1.295589
0.247840
-1.121163
-0.780063
0.084088
-0.075202
0.160277
0.068134
-0.077587
-1.099503
-1.321420
-0.541878
0.188975
-0.079104
-0.332232
-1.034652
-0.356482
0.059217
-0.415878
-0.039441
0.196317
0.361810
0.513833
0.368313
0.163407
0.202940
0.014773
0.009954
-0.147814
0.296749
1.243112
0.967496
0.263207
0.617608
1.156211
0.352072
-0.597905
-0.476449
-1.343724
-1.349664
-1.686042
-1.673288
-1.352143
-1.306839
-1.158022
-2.023317
-0.778510
0.706535
-0.314618
-0.480328
-0.384415
0.111969
0.374013
0.652875
-0.490249
-0.512307
0.712696
0.519731
-0.165593
-0.886451
-1.006969
0.235385
-0.056807
-1.332793
-1.807047
-0.520611
-0.730008
-0.548255
-0.650039
-1.223501
-0.384320
-0.578928
0.131506
1.566394
2.197950
2.187605
1.412523
1.668811
2.059043
1.962889
0.697737
0.732781
0.850885
-0.092133
0.130523
0.894789
1.588143
1.263860
1.370525
1.152609
0.590323
0.335286
0.380291
0.358222
-0.105903
0.143565
0.149970
-0.807239
0.326990
1.030923
1.162367
0.544976
1.347404
1.969270
0.976800
0.222909
0.307626
0.986012
1.216807
0.924387
0.619667
0.372458
0.774402
-0.154119
-0.364558
0.578606
-0.443409
-0.772919
0.025769
