0.194814
0.082112
-0.621025
-0.615550
-0.844652
-0.503961
-0.610710
-0.534865
-0.229077
-0.269385
-0.603695
-0.820723
-0.308137
-0.019574
-0.650203
-0.707959
-1.092456
-0.100067
0.739004
0.423647
0.344069
0.298923
0.438999
0.921731
0.463736
0.148824
-0.553567
-0.438066
-0.131413
-0.083554
0.378359
-0.585126
-0.120094
0.055803
0.130840
-0.086412
0.798687
0.960071
0.730154
0.797600
0.739104
0.860144
1.290985
1.586770
1.601126
1.122081
1.034522
1.080202
0.769955
1.466697
2.061482
2.100723
0.803257
0.741022
1.017392
0.760492
0.276668
0.130721
-0.065956
-0.340328
-0.378987
-0.933515
-1.317534
-1.359669
-1.672718
-1.559782
-1.378916
-1.842014
-1.561432
-1.383546
-1.452981
-1.840279
-0.493291
0.260190
0.563710
1.004717
0.743589
-0.098417
-0.090687
0.690600
0.189686
0.655016
0.894318
0.002749
-0.582730
-0.527741
0.064641
0.173027
-0.096708
-0.812785
-0.581587
0.132368
0.542329
0.554691
-0.052806
-0.570067
-0.694725
-0.051700
0.145244
0.216639
0.592921
1.019239
0.653812
0.405915
0.593033
0.646355
0.127701
0.395597
1.114229
1.426524
1.171815
0.954252
0.751331
1.010999
0.893263
1.459198
0.975644
-0.316609
0.381220
0.908162
0.319934
0.169707
0.227076
-0.014577
-0.025546
0.063683
0.188596
0.212087
0.188902
-0.181278
-0.580182
-0.585614
-0.059499
-0.464558
-0.829081
-0.036612
0.224411
-0.113473
-0.625240
-0.877320
-0.434184
0.217114
-0.608880
-0.553107
-0.749247
-1.869598
-1.694788
-1.012180
-1.318745
-1.130526
-1.116803
-1.621654
-2.106768
-2.399525
-1.858749
-1.428316
-0.929909
-0.670929
-0.849846
-1.809082
-0.911486
0.005865
0.351864
0.370815
0.208131
-0.235477
0.537885
0.542397
-0.204685
0.438866
0.653251
0.084592
0.293511
0.508181
0.120185
-0.060688
-0.113874
0.090435
0.661653
0.921933
0.200887
-0.127553
-0.057799
-0.306527
-0.681121
-0.265094
-0.328082
-0.162604
0.249032
-0.355433
-0.323350
0.060924
0.206649
0.276574
-0.170489
-0.323214
0.023948
0.685665
1.032421
0.811436
0.722429
0.399302
0.183313
-0.270170
0.126192
0.761922
1.071106
0.851761
0.643403
0.546014
0.201236
0.260792
0.100417
0.555442
0.264403
-0.295426
0.290458
0.673811
0.417032
0.683470
1.327465
0.957815
0.713706
0.916462
0.713406
0.930088
1.634986
1.019026
0.671767
1.072597
1.159313
1.304989
0.995343
0.545042
0.565243
0.104507
-0.518816
-0.762764
-0.199041
-0.076038
0.595757
0.266320
-0.275245
-0.052003
-0.228401
-0.087124
0.232819
0.067602
0.264336
0.945012
1.156952
0.563334
-0.093392
-0.278509
0.199977
-0.666136
-0.539008
-0.072183
-0.270855
-0.484934
-0.519793
-0.787626
-0.723260
-0.768126
-1.249456
-0.896569
-0.315153
0.031511
-0.054713
0.032505
-0.417656
-0.642942
-1.099329
-0.625413
-0.481418
-0.114927
0.048857
-0.125099
-0.348145
-0.811450
-0.366348
-0.131551
-0.942886
0.125792
0.536477
-0.077141
-0.286853
-0.480575
-0.636204
-0.947731
-1.264898
-0.880489
-0.758616
-0.831169
-0.427541
-0.810058
-1.001711
-0.851286
-1.141967
-0.144721
0.325556
0.481966
-0.064664
0.121712
1.127802
1.239100
0.824179
1.181671
0.734131
0.976546
1.082886
1.107540
1.168441
1.779071
1.650678
0.892276
0.505454
-0.050099
-0.099714
0.354679
-0.031731
-0.417577
-0.438146
-1.366767
-1.363443
-0.349439
-0.354002
-1.183230
-1.193147
-1.413886
-1.009781
-0.496228
-0.833060
-0.657612
-0.304300
-0.659479
-0.364589
-0.346333
-0.497528
-0.609111
-0.772224
0.194487
0.200168
0.257626
0.921646
0.886911
0.625935
0.421364
0.595179
0.696847
1.218362
1.321196
0.849423
0.410318
0.135724
0.027630
-0.200062
-0.591657
-0.455710
-0.163177
0.211310
0.140780
0.119626
0.192980
0.600571
1.261623
0.098649
0.083635
1.227084
1.145090
0.119872
0.212659
0.050529
0.431614
-0.016433
0.070026
0.410854
0.052129
-0.509526
0.349053
0.248146
-0.983251
-0.731566
-0.398444
-0.384842
-0.743095
-1.442724
-1.348687
-0.867261
-0.999536
-0.824366
-0.944380
-1.020054
-1.165133
-1.311573
-0.791325
-0.428706
-0.672252
-0.635166
-0.327335
-0.046224
0.520454
0.383937
-0.491776
-0.954594
-1.302899
-0.848829
-0.251741
-0.510323
-0.472853
0.141807
0.262737
0.205674
0.325103
-0.434154
-0.405177
0.501705
0.823438
0.803973
0.878625
0.999022
0.504126
0.546575
0.293581
0.380234
0.059899
0.754660
1.254956
0.896503
1.641130
0.943822
0.539631
1.413493
1.867361
1.288977
0.766201
0.788123
0.894439
0.475362
0.753734
1.151353
1.027948
0.613223
0.043210
-0.545928
-0.604500
-0.063113
-0.636280
-0.328288
-0.456907
-1.002695
-0.832258
-0.531016
-0.561670
-0.606197
0.265164
1.043876
0.332010
-0.284337
-0.110167
-0.060205
-0.315090
-0.770685
0.176332
0.434288
0.142947
0.437491
0.468933
1.289263
1.122965
0.072397
-0.838921
-0.566071
-0.284573
-0.184781
-0.524269
-0.131501
-0.121736
-0.592680
-0.579562
-0.526871
0.508775
1.903007
0.505976
0.144711
0.108446
-0.028587
-0.947299
-0.795121
-0.363792
-0.019567
-0.495218
-1.368756
-1.414821
-1.316737
-1.223806
-1.110353
-1.537370
-0.311539
0.295739
-0.038489
-0.557391
-1.234554
-1.394802
-0.105358
-0.069185
-0.273969
-0.588338
-0.915269
-1.271110
-1.687045
-1.432850
-0.397779
-0.089622
-0.156075
-0.248133
0.355869
0.194214
0.100535
0.187479
0.481565
1.111793
0.072096
0.170386
1.155646
1.305703
1.196503
0.702098
-0.296002
-0.467626
-0.720808
-0.328454
-0.143015
-0.708754
-0.883961
-0.555516
-0.592008
-1.071963
-1.095266
-1.440349
-0.913549
-0.963927
-0.002268
0.966408
0.693479
1.050849
1.150350
1.332806
1.664805
1.769695
1.455389
1.566300
2.242615
1.599201
0.859389
0.371260
-0.863648
-0.731003
-0.626810
-0.554070
-0.709352
-0.486747
-1.024240
-1.252689
-0.951185
-0.902188
-1.012393
-0.209498
-0.270926
-0.038533
0.464330
0.190107
0.154196
1.118859
1.627652
1.003200
0.761830
-0.085206
0.491249
0.869888
0.674203
1.195506
1.011216
0.608307
0.252316
-0.103723
-0.364628
0.973884
1.374950
0.738210
0.156425
-0.118728
0.115074
-0.248396
-0.093741
-0.220319
-0.240236
0.501644
0.616023
0.832827
1.739843
1.420814
1.917803
1.611529
1.810222
1.856691
0.949677
0.410978
-0.159536
-0.317650
-0.186889
0.039926
0.155017
-1.034771
-1.785245
-1.955520
-2.288735
-1.775508
-1.197838
-1.762061
-1.179366
-0.887599
-1.384664
-0.936768
-0.591230
-0.874227
-0.357483
0.359191
0.587777
0.631180
0.991871
0.010368
-0.180285
0.074962
-0.258229
0.013885
0.484901
-0.111762
0.080246
0.659744
0.834052
0.887450
1.203865
0.376904
0.494727
1.145709
0.946171
1.116471
0.431316
0.219252
0.247856
0.152661
0.122208
0.922841
0.519408
-0.183588
-0.612101
-0.268803
-0.616150
-0.457720
-0.371310
-1.147752
-0.914522
-0.502132
-0.420847
-0.462141
-0.230934
0.144615
-0.211178
-0.614683
-0.320815
-0.776198
-1.254502
-1.088613
-1.029509
-1.247349
-0.879350
-1.077370
-0.852338
-1.295806
-1.199393
0.132934
0.068573
-0.086953
0.572392
0.678380
0.547830
0.881346
1.218452
1.307824
0.757839
-0.104239
0.574957
0.754579
-0.550744
-1.334999
-0.633843
-0.422883
-0.763295
-0.885649
-0.753580
-1.555835
-1.487609
-0.857258
-0.885810
-1.404062
-1.197685
-0.188314
0.213626
0.377063
-0.157827
-0.142054
0.374982
0.570998
0.829130
0.699415
0.061128
-0.851148
0.217700
1.199510
0.461707
0.879121
1.132310
0.296359
0.462485
0.347728
0.081873
-0.743508
-1.393219
-2.181744
-2.118446
-1.749108
-2.074573
-2.902365
-3.040115
-1.994528
-2.007616
-2.374429
-2.296894
-2.599452
-2.508543
-2.379872
-1.679216
-1.197775
-0.962053
-1.211537
-1.102046
-0.457120
0.080497
0.488783
1.433449
1.944036
1.699946
1.877420
1.910410
1.835436
2.220558
2.343754
1.912896
1.550213
2.191399
1.308472
1.612503
2.588037
3.317100
3.412980
3.098402
2.504878
3.421559
3.752206
3.323199
3.626064
3.887124
3.234479
2.518122
2.285736
2.603960
2.304621
1.252380
0.618792
0.680400
0.508400
-0.053413
-0.300405
-0.112706
0.050811
-0.139577
-0.737406
-1.111150
-1.384611
-1.661929
-0.888411
-1.319069
-1.486650
-1.657387
-1.968294
-2.224849
-2.555691
-2.724835
-2.136436
-2.703852
-3.121940
-2.961919
-2.652186
-2.107233
-1.896044
-2.109666
-2.501621
-1.763321
-0.448161
-0.316203
-0.652493
-0.229461
0.531342
0.514798
0.924953
0.457234
1.138332
1.752188
1.632979
1.814843
1.977408
1.268521
1.418353
2.116071
1.299278
1.228528
1.718276
1.979327
2.169772
2.210023
1.680810
0.748117
0.702369
1.414932
1.578156
1.772235
2.504290
1.642827
0.996387
0.884275
-0.040784
1.197490
2.004032
0.914170
1.424324
1.725101
1.040811
0.385902
0.083971
-0.455835
-0.393030
-0.373493
-0.719969
-1.096344
-1.301867
-1.403543
-1.617112
-1.893467
-1.423015
-0.970578
-1.094651
-0.140431
-0.345173
-0.347484
-0.319190
0.225000
-0.332888
-1.003074
-0.139023
0.118462
0.668601
0.257275
-0.137543
0.115941
-0.709732
-0.636362
-0.395392
-1.153947
-0.929444
-0.789249
-1.539925
-2.046209
-1.831167
-2.197172
-1.491662
-0.813365
-1.130102
-1.511644
-1.163570
-0.792132
-0.680441
-1.348985
-0.382334
-0.192242
-1.083836
-0.430404
0.141332
-0.403292
-1.008656
-0.405497
0.223922
-0.097982
-0.323694
-0.036926
0.212110
-0.716240
-0.136051
0.172514
0.448737
0.306683
0.026910
0.103484
0.288075
0.528937
0.336708
0.031231
-1.301316
-0.220760
0.875226
-0.074349
-1.112345
-0.581023
-1.004717
-1.001155
0.027839
-0.644568
-0.673343
-1.125132
-1.140379
-0.443189
0.051965
0.545812
0.059682
-0.365649
-0.996929
-0.421093
0.269819
-0.239279
-1.070829
-0.956050
-0.656823
-0.228501
-0.338306
0.149841
-0.154569
-0.148108
0.131169
-0.484567
-1.180998
0.021848
0.636530
-0.011015
-0.253395
-0.238979
-0.154872
-0.208209
0.519641
0.766533
-0.245325
0.242857
-0.146470
-0.325109
-0.444534
0.389227
0.285899
0.073895
0.303936
-0.171337
-0.270094
-0.777101
-0.305277
1.172060
1.745332
1.399816
0.667450
0.172630
0.638250
0.428269
0.993827
1.811753
1.785222
1.187622
0.543127
0.618588
-0.338202
-0.462467
0.789885
0.940203
0.484748
0.179984
0.139761
0.010279
0.099139
0.234584
0.232486
0.661934
0.205682
0.515222
0.587430
0.641744
0.980968
-0.034657
-0.174676
0.287606
0.240770
0.021195
0.567484
0.955430
-0.579756
-1.085829
-0.186939
-0.400144
-1.186805
0.682804
0.904231
0.685088
0.875464
-0.274752
-0.459288
-0.452106
-0.373413
-0.493200
-1.094248
