0.559402
1.404955
0.242808
0.248903
0.346942
-0.441340
0.572587
0.960005
-0.176544
-1.168139
-0.536211
0.206121
1.183346
0.987646
0.377714
-0.153996
1.228862
0.114071
-0.987503
-0.494286
-0.728194
-1.251540
-0.317521
-0.327866
-0.772649
0.195599
0.796302
-0.047214
-1.029866
-0.825203
-0.855853
-0.512750
-1.339355
-2.127116
-1.419149
-0.993670
-0.611892
-0.778271
-1.480811
-1.891214
-0.829449
-0.390972
-0.292394
-0.484166
-0.472520
0.655533
0.096402
-0.655767
-0.001178
-0.601183
-1.140311
-0.306210
0.508989
0.609366
0.078150
1.107575
0.323291
0.020016
0.305270
-0.442138
-0.160835
-0.060195
0.843037
1.118581
1.931496
1.245666
0.464234
0.972188
1.084583
0.297143
0.225530
1.765148
-0.115065
-1.298515
-1.323241
-1.691697
-0.987674
-0.689489
-0.202721
-0.559300
0.230765
0.520135
-0.046492
0.047052
0.435741
0.172660
0.109696
0.370935
-1.168610
-1.701551
-0.676485
-0.620201
-1.337871
-1.487644
-0.483236
0.129098
1.127919
0.957115
0.984914
1.215535
0.941959
-0.403227
0.361005
0.601757
-0.651282
-0.759586
-0.946069
-0.367547
0.011498
-0.641885
-0.572714
-0.783942
-0.498567
0.711443
-0.359472
-0.287180
0.680069
0.859994
0.099229
0.134283
0.522604
0.536468
1.390613
0.198177
0.345414
0.113385
-0.400489
-0.058630
-0.399432
0.359277
1.085466
0.440659
-0.006661
0.081722
-1.229035
-2.056910
0.107450
-0.378229
-0.553345
0.478397
-0.051272
-0.058382
0.259266
0.312843
1.079424
1.745027
1.594900
0.982660
0.845670
1.187087
0.403018
0.230776
1.352900
2.342789
0.792475
-0.384455
-0.376437
0.193382
0.176201
-0.276292
-0.361578
1.164205
0.704695
-0.388608
0.088490
0.136186
-0.071714
0.413469
1.285724
1.751072
-0.593373
-1.307048
0.012220
0.380900
0.962812
0.150915
-0.698363
-0.661066
-1.223913
-1.609778
-1.353964
-1.513015
-0.166801
0.388243
0.662702
0.746834
-0.110450
-0.426109
0.132988
1.455404
0.529801
-0.370858
-0.547811
-0.959685
0.040820
-0.426234
-0.886120
-1.044124
-0.387211
0.516167
-0.206989
-0.837768
-0.094413
-0.215815
-0.627780
0.310749
1.406418
0.073904
-1.080670
-1.332708
-1.191054
0.459553
0.780184
-0.052277
-0.017714
1.033889
-0.785887
-1.846969
-0.979981
0.872246
0.062900
-1.250474
-0.213155
0.301867
0.264248
0.476949
0.205427
-0.551207
-0.092990
-0.187027
-1.217381
-0.915163
0.694616
-0.377524
-0.516559
1.268837
0.986560
0.907532
1.612519
0.774680
-1.128639
-1.765545
-0.376390
-1.118862
-1.289226
0.279227
-0.681799
-2.435327
-1.448527
-0.151097
1.648778
0.753633
-0.202262
0.417868
-0.551234
-0.277319
0.801956
2.371048
1.223550
0.701318
0.826112
0.404058
0.783438
1.698977
1.394047
0.777133
1.339871
-0.555144
-0.958140
0.723295
0.924097
0.067371
-1.015364
0.239291
-0.098079
-1.018373
-1.499045
-0.868794
0.188982
1.172060
1.446372
-0.558433
-0.548572
-0.944050
-0.228712
0.451527
0.089218
0.059150
-0.410728
-0.235072
0.730156
0.302017
0.421431
0.834682
-0.050988
-1.540194
-0.130522
0.652449
0.527983
-0.417199
-0.439698
0.033283
-1.135068
-1.116812
0.816027
-0.350667
-1.705820
-0.398150
-0.359699
-1.716031
-0.811076
-0.631437
-0.094403
-0.777565
-2.334931
-2.113244
-1.054840
-0.476720
0.114415
-0.242515
0.502755
-0.192252
-0.216177
0.958362
0.802898
-1.085095
-0.453918
0.335971
-0.309334
-0.047549
-0.296318
0.523904
-0.121006
-1.386990
-2.005023
-0.271608
1.454289
0.515129
0.367007
1.692141
-0.376827
-1.350099
0.566155
-0.176829
-0.804938
-0.357986
0.977227
0.939673
0.471098
-0.069321
-0.363961
1.170131
1.033199
1.405822
1.774599
0.711579
0.490459
1.705340
2.952600
1.643566
-0.066356
0.181569
-0.318298
-0.404739
-0.163918
0.159778
0.470323
-0.025095
0.603801
0.524674
-0.470568
-0.220651
0.896474
0.626026
0.510688
0.753671
0.606571
1.057524
2.108934
1.824592
0.928795
1.328301
0.132746
-0.823179
-0.968622
-0.360045
-0.242884
-0.470207
-0.005610
0.025733
0.200256
0.084074
0.166005
-0.614190
-1.075869
-0.569642
-0.054435
-0.608437
-0.893606
-1.552098
-1.594784
-0.884609
0.260596
0.847226
0.880080
1.019102
1.459301
2.041188
0.671211
0.228472
0.347477
0.147119
-0.065655
0.850504
0.911883
0.937038
1.021834
2.612847
1.796418
-0.364461
-0.250183
-0.257907
0.100106
0.657189
1.218576
1.383308
-0.653262
-2.400851
-1.792451
-1.069918
-1.744092
-1.178665
0.622111
-0.532840
-1.093362
-0.959439
-0.775438
-0.513939
-0.602603
-0.332094
-0.746679
-0.707451
0.168940
0.732955
0.319083
0.419940
-0.653549
-1.686721
-1.067586
-0.554979
-0.287881
0.674128
0.167155
-0.340403
0.256466
-0.490785
-0.850661
-0.265378
-0.226535
-0.218610
-0.968923
-2.336832
-1.661316
-0.421735
0.146310
-0.298673
-2.086591
-0.780032
1.134983
0.181035
-0.041465
1.304747
1.413550
1.208646
0.184815
-0.304746
0.554963
0.407299
-0.049328
0.119845
-0.464442
-1.049276
-1.293943
-1.531990
0.991361
1.432927
-0.772412
-0.545134
0.878280
0.498115
1.150248
1.803910
1.275392
0.112586
-0.273393
0.452816
-0.234062
-1.287416
-0.734603
1.452114
0.969989
0.946636
1.566461
1.887975
0.107383
-1.291195
-1.011546
-0.681512
-0.045509
0.880504
0.956757
-0.071438
-0.820962
-0.840414
-1.064664
0.284120
1.670187
1.035728
0.784942
0.868134
1.630039
0.649402
0.120824
0.534816
1.170599
1.314524
0.725007
-0.066535
-0.391188
0.396924
0.945320
1.164334
0.708649
0.160403
0.627621
1.583311
1.705639
0.762596
0.263738
-0.867741
-0.997669
0.067335
0.366558
0.511574
0.245593
0.911305
1.327240
1.030471
0.238384
-1.415376
-1.562222
-0.976398
-0.637823
-1.264857
-2.144493
-1.184850
-0.146230
0.778216
0.714854
0.786518
1.917298
1.656487
1.451644
1.229820
1.045172
1.889573
1.141168
0.322539
-0.691165
-0.464688
-0.777485
-1.681919
-1.556648
-1.898652
-2.205653
-2.651695
-2.089477
-1.314582
-0.913071
-0.228207
-0.102948
-1.347875
-1.205319
0.316658
0.448206
0.259947
-0.629163
-0.763241
-0.376331
0.279041
-0.760898
-0.867237
-0.002199
0.919470
2.026298
0.147078
-0.668206
-0.420586
-0.948638
-1.698151
-2.254209
-3.361948
-3.995475
-1.739093
-0.749600
0.092501
0.492190
0.927219
1.330500
0.862069
-0.287956
1.044860
1.157020
0.644731
1.670134
1.186019
0.705591
1.041672
2.079925
1.852219
0.342826
-0.173385
1.256851
0.094579
-1.005639
-0.799856
-0.458856
0.236479
-0.021540
-0.455407
-0.584686
-0.105015
0.347154
0.757705
0.914559
-0.100811
-0.439226
-0.693993
-0.033815
-0.272717
-0.417952
-1.000769
-1.652373
-1.182429
-0.747086
-1.391699
-0.792613
-1.584372
-0.970702
-0.218105
1.245957
0.676266
-0.782703
-0.329871
-0.086621
-0.127592
-0.065168
1.227877
1.689870
0.727113
1.766706
1.648775
0.916030
0.682283
0.121993
0.720477
-0.010361
-0.922570
0.006581
1.047191
0.851256
1.206414
1.226535
0.749474
0.963461
1.547768
1.266962
0.442226
0.820238
0.868025
0.159951
-1.418652
0.118150
0.124540
-0.832425
-0.887868
-0.540482
-0.213142
-0.361545
-0.276777
-0.332732
-0.532581
-0.193526
-0.178745
1.588754
1.946257
0.388244
0.592294
0.585723
0.306216
0.907126
1.403544
-0.285066
-0.623843
0.465551
0.599979
1.595525
0.499597
-1.025673
-1.660749
-0.742745
0.867512
1.206443
-0.361581
-1.860486
-1.667915
-0.852210
0.657254
0.415247
-0.544133
-0.305444
-0.696876
-0.131941
0.014203
0.176892
0.227627
1.251421
1.088863
0.141330
0.810668
0.393086
1.551257
2.671866
2.030037
2.214778
0.995495
0.823248
0.782364
0.218389
-0.237543
0.009111
0.615194
0.176187
-1.112855
-0.562599
0.310695
0.734055
0.082008
-0.347913
0.207936
-0.788388
-1.409588
-0.212829
1.555014
1.111015
-1.035444
-1.463712
-0.231867
-0.650164
-1.640941
-1.497558
-0.919593
-1.422181
-1.755173
-2.162685
-2.070666
-2.379626
-2.475771
-1.742711
-0.943425
-1.040319
-1.541811
-0.968430
-0.007180
0.253863
-0.132726
-0.302663
0.843209
0.461154
-0.474496
-0.415249
-0.577373
-0.484607
0.552930
-0.380573
-1.020209
-0.566255
-0.029346
-0.872804
-1.296470
-0.766974
-0.496246
-0.437465
0.677450
0.835425
1.012477
0.442694
0.118674
-0.365858
-1.228608
-0.024114
1.485481
0.843985
0.345996
-0.401930
-0.194616
0.399250
-0.461186
-0.066060
-0.548770
-1.535828
-0.264023
-0.011236
-0.071121
0.391988
1.111464
1.456958
0.521189
0.633972
0.838333
0.217335
0.535253
0.962409
0.468904
0.190376
1.152633
-0.031191
-0.035473
1.013271
1.356776
2.674248
2.323447
1.892975
2.166549
1.579672
2.375916
2.724512
0.886919
-0.109002
0.217174
0.268957
0.491604
0.734450
0.718381
0.778878
-0.321942
-1.467320
-2.450895
-2.126745
-0.507103
-1.030858
-1.767855
-0.154705
1.583313
1.856798
1.652661
2.035169
1.991085
2.039891
1.858170
1.820662
1.540256
1.348343
0.834467
-0.762671
-1.854561
-1.487646
-0.756188
0.509196
1.347387
-1.433531
-2.174819
-1.298253
-0.405549
-0.638542
-0.318253
1.349702
1.740151
0.206552
-0.051569
1.039648
1.426854
1.253153
0.186091
-0.807853
0.034598
0.534584
0.864654
0.015917
-0.601821
-1.197550
-1.887698
-0.943559
-0.642569
-1.254759
-1.003352
-0.848118
-0.772517
-0.182210
0.027624
0.611549
0.424397
0.269405
0.047127
-1.427799
-1.186638
-0.174381
0.551288
0.529911
-2.232730
-1.891916
-1.048140
-0.812492
-0.309750
-0.554255
0.533536
2.314612
0.387365
-1.277207
-1.172941
0.137603
1.203253
1.081546
1.149425
0.515721
-0.080247
1.818613
0.993128
-0.244619
0.377731
0.574044
0.255283
2.008514
0.745129
-1.900630
-0.920226
0.276594
-1.127295
-1.939322
-1.471463
-0.724742
-0.432366
-0.333157
-0.600429
-1.083968
-0.420603
-0.412742
0.976612
1.176322
1.300478
1.350877
2.425283
2.114743
0.282092
-0.022081
0.059886
1.125109
0.714148
-0.162440
-0.666975
-0.995644
-0.097592
0.369363
0.414013
0.586287
-0.153155
-1.315152
-0.931476
-0.276680
0.745832
1.053827
-0.083587
-1.043123
-0.648625
-0.345826
-0.099525
0.215712
-0.607993
-0.650046
-0.421719
-1.543966
-0.933456
-0.235961
0.416508
0.012348
-0.438521
0.394994
0.494389
-0.158098
0.036752
0.856950
-0.777138
-1.060501
-0.812843
-0.522146
-1.004202
-1.384682
-1.028772
-1.366616
-1.453410
-0.761760
-1.072218
-1.100414
0.198539
0.487252
0.122622
0.228391
0.121262
0.178812
1.080470
1.227559
0.504015
-0.182988
0.491186
0.233646
-0.667767
0.076383
-0.216550
-1.652588
-1.832426
-0.705913
-1.746493
-2.662934
-2.130702
