0.126828
-0.085243
-0.421236
1.669545
0.849971
-0.249762
0.129389
-0.427330
-0.813848
-0.917106
-0.609612
0.116400
0.659100
0.528495
-0.448548
-0.730712
-0.414269
-0.087914
0.042311
-0.105224
-0.404155
-0.223186
0.187802
0.042596
-0.325875
-0.157754
0.016072
-0.653867
-1.316149
-1.525032
-2.207469
-2.107708
-0.929193
0.058151
1.152586
1.201734
1.291718
0.874511
0.601087
0.620795
0.788428
0.399413
-1.743749
-2.330472
-1.679688
-1.041073
-0.362221
-0.370346
0.138561
1.438643
1.745756
1.326829
0.908078
0.256853
0.907515
1.543535
0.468271
-1.047187
-1.721224
-0.935114
-0.903977
-1.441008
-1.335300
-1.473312
-1.585226
-0.647449
0.445502
-0.300646
-0.092973
0.521762
0.867211
-0.367675
-1.054857
-1.236369
-1.124557
-0.456168
0.619973
1.326355
1.078549
-0.162370
0.152277
1.218523
1.232177
0.668658
-0.207414
0.026887
-0.297100
-0.905240
-0.684161
-0.361636
-0.044362
-0.119581
0.236699
0.132661
0.471193
0.755283
0.474804
0.977257
1.408274
0.314641
0.096386
0.469717
0.218255
0.685001
1.042597
-0.354381
-1.695065
-1.103719
-0.648012
-1.339387
-1.232868
-0.787845
-0.178795
0.937600
1.288113
1.006954
1.131330
1.730639
1.404909
0.451146
-0.149694
-0.789037
-1.324985
-0.835468
-0.311201
0.316707
1.003815
0.535531
-0.336649
-0.360221
0.102197
0.850232
0.938328
0.414976
0.919229
1.341428
1.182156
-0.029194
-0.655836
-1.088783
-0.992753
-0.213976
-0.090413
-0.202690
0.137855
-0.421835
-0.995086
-0.732178
-0.794779
0.333583
0.833727
1.267097
0.468556
0.417805
0.427707
-0.479069
-0.286774
0.559148
0.457304
0.767074
0.941595
-0.106940
-0.768664
-1.711390
-1.675495
-2.378996
-1.671485
-0.146794
1.734503
1.491859
-0.834917
-1.247615
-0.850897
-0.195948
1.084112
1.983149
1.914088
1.101893
0.551931
-0.263746
0.415043
0.306161
-0.088669
-0.928397
-1.955832
-1.812789
-0.834808
-0.449056
-0.819908
-1.600208
-0.852519
-0.995789
-1.343047
-1.838673
-0.951469
-0.028633
-0.000755
1.068806
1.594645
1.032171
0.983047
0.191722
0.177759
0.209708
0.528589
0.226635
-0.302846
-0.141789
-0.215606
-0.586688
-0.286671
1.190625
0.936148
1.471046
1.243692
0.112287
-1.517902
-2.075924
-1.623902
-1.298311
-1.772982
-1.247804
0.629725
0.384099
-0.117002
0.440621
1.244017
0.249709
0.549002
0.502681
-0.142812
-0.272820
-0.282484
0.101709
-0.009610
0.702214
1.222944
0.778827
1.255514
1.943744
1.698904
0.817854
0.344303
0.430409
0.856188
0.095303
-0.697177
-0.551704
-0.308814
0.294462
0.968453
1.322082
1.255956
1.099481
1.277943
0.351263
-0.139973
-0.044211
-0.375845
-0.081043
0.809887
1.065810
1.375661
0.730479
0.338910
1.531795
1.668701
1.909488
0.724810
-0.585156
-1.092397
-1.046985
-0.214490
1.332092
0.575545
-0.857267
-0.568117
-0.607589
-0.600784
-0.099128
0.698175
0.316710
-0.142049
-0.173694
-0.012632
-0.386061
-1.302071
-2.005342
-2.584553
-2.626069
-2.389679
-1.733839
-0.719559
-0.665959
-1.071741
-1.637732
-1.613575
-0.573096
-0.162342
0.556744
0.202242
-0.997218
-1.087416
-0.372273
0.112246
-0.200357
-1.674966
-2.022796
-1.346573
-0.741471
-0.252166
1.309633
2.515177
1.905357
0.597117
-0.138339
0.291588
1.434605
1.905618
1.581537
0.423514
-0.945577
-1.219654
-0.814263
-0.153489
-0.472074
-0.159690
-0.277326
0.057771
1.086084
0.738560
0.305523
0.017711
-0.308007
0.142365
1.257407
1.590098
1.793281
0.778256
-0.040663
-0.326683
0.668692
1.576699
1.055753
-0.695793
-0.227227
-0.162777
-0.086512
1.880988
1.465872
0.436990
-0.550950
-0.520154
0.002843
0.667435
-0.249698
-0.516333
-0.866249
-0.936980
-0.614112
-0.278567
-0.173653
1.078272
0.028280
-0.538406
-0.491830
-1.205708
-0.844907
-0.563220
0.407251
0.836658
1.495327
1.680809
1.000601
-0.232576
-0.200402
0.511451
0.319430
1.142552
0.926605
0.597174
-0.368020
-0.932287
-1.274260
-1.376241
-0.707213
-0.503009
-1.553290
-1.350502
-0.691101
0.013496
0.262124
-0.276540
-0.647016
-0.075069
-0.239631
-0.520688
-0.667056
-0.157080
0.000171
-0.036941
0.696755
1.155231
1.694546
2.006289
1.941959
1.418138
0.751226
0.012260
-0.355553
-0.121763
-0.450749
-0.097338
-0.838071
-0.786924
0.409977
1.229382
0.088210
-0.123624
0.032090
0.410109
0.745811
0.215399
0.487633
0.077149
-0.893566
-1.454268
-0.337081
0.543030
-0.077750
-0.657927
-0.534145
-0.903671
-0.048586
0.226852
-1.688646
-2.967198
-2.636449
-1.331237
-0.540742
-0.533806
-0.178135
-0.212006
-0.335681
1.028780
0.747700
-0.453066
-0.113024
0.025509
0.640110
1.608123
1.581422
0.914051
-0.036078
0.116290
-0.899495
-1.721415
-1.244520
-0.216150
0.944659
1.031729
0.754842
0.438001
0.287437
0.546870
0.265833
-0.223249
0.040323
-0.053751
-0.042735
0.458890
1.761910
2.294791
1.453104
1.058249
1.233567
0.193345
-2.013740
-1.657951
-0.999690
-0.887066
-0.679279
-0.447237
-0.657405
-0.465720
0.249256
0.908940
0.290033
1.184082
1.628830
0.982886
1.117633
0.730145
-0.286121
-0.711765
-0.609412
-0.060559
0.249928
-0.166727
0.750848
0.052503
-0.623755
0.134669
1.245675
2.017438
1.884738
0.389825
-0.460584
-0.301824
-0.719798
0.416418
0.357558
-1.501114
-1.506076
-1.151753
-1.267429
-0.557123
-0.237303
0.644097
1.050789
0.734705
1.325350
0.662677
0.676373
-0.425646
-1.519601
-2.095993
-2.030235
-0.696414
0.079059
0.058030
-1.010347
-1.507297
-0.578851
-0.017400
-0.344048
-0.195497
0.088033
-0.256204
-0.788726
-1.352170
-1.359826
-0.332377
-0.050739
-0.579525
-0.591977
-0.106324
-1.214040
-1.397118
-0.360416
0.303209
1.213678
1.040310
0.424165
0.212170
1.031743
0.640919
1.641604
1.075960
0.241200
1.125435
1.964945
1.935024
0.823259
0.689795
0.335050
0.564358
1.605370
1.279771
1.031991
0.417966
0.312674
0.763962
0.816434
1.107567
0.273171
0.710054
1.155537
0.840448
-0.475297
-1.616771
-1.183294
-0.657291
-1.389723
-1.337940
-0.630015
-0.676409
-0.261255
0.414097
1.202108
2.044091
2.237271
1.036572
0.543520
-0.112868
-0.814627
-1.108647
-0.881165
-0.329349
0.369442
0.124912
-0.284575
-0.066868
-0.677413
-0.452581
-0.898574
-1.891988
-1.538532
-0.646032
-1.381359
-2.562011
-1.905701
-0.721206
0.602896
0.944767
-0.008344
-0.107527
0.435520
0.926941
1.387014
0.615978
0.509794
0.031720
-0.182928
-1.601938
-2.155767
-2.143893
-1.988747
-1.812472
-2.056411
-0.998740
-0.748025
-1.636046
-0.496525
0.748663
0.782986
0.959901
0.423849
0.875969
1.393806
0.081423
-0.215591
-0.229049
-0.706564
0.790628
1.656617
1.194820
0.126963
-1.033739
-0.291232
0.436134
-0.761110
-0.417784
0.974230
0.187055
-0.621035
-0.403517
0.309654
-0.348969
-0.844949
-0.624525
1.048047
2.063178
1.708091
1.404416
1.817961
1.591997
0.429495
0.821096
0.514383
-1.747558
-2.399409
-2.174875
-1.285576
-1.445889
-1.312668
-0.378802
0.964637
1.733196
1.627080
2.283940
1.434216
0.043430
-0.335048
-1.074099
-1.064878
-0.787805
0.145533
0.615612
1.667247
2.010082
1.107710
0.086126
0.812181
1.327469
0.925959
0.235644
0.226448
1.016126
1.782803
0.232320
-0.032991
0.906258
-0.031406
-0.466064
-1.533678
-1.136141
-0.999232
-2.315281
-1.784124
-0.728898
-0.024367
0.257498
0.757829
0.607459
0.770686
1.350645
1.666034
0.757663
1.708099
1.613248
0.587396
0.814811
0.916661
-0.362403
-0.644111
-0.334051
-0.795689
-1.298976
-0.939487
-0.712574
-0.386266
-0.286502
-0.989106
0.444235
0.018331
-0.620091
0.533139
0.917516
0.667373
-0.047216
-1.730748
-1.256585
-1.151672
-1.406681
-0.698025
0.753083
0.599294
0.308308
0.563715
0.152060
0.361028
0.089911
0.160971
0.552342
0.973282
0.506262
-0.329089
-1.277449
-1.690806
-0.650939
-0.329321
-0.451681
0.216215
1.088766
-0.199358
0.012051
-0.127733
-0.120255
0.735294
0.464919
0.043142
-1.078806
-1.472997
-1.289118
-0.360365
-0.544642
-1.318305
-1.213172
-0.072437
-0.157569
-0.360098
-0.906809
-1.545550
-2.027815
-1.162000
0.173999
0.421835
1.124520
0.801715
0.403622
1.227092
1.952839
1.381777
1.202263
1.136489
1.455004
0.678496
1.091956
0.518001
-0.628674
-0.606173
-0.292525
-1.237405
-1.871620
-2.028612
-1.196057
-1.429026
-1.177679
-0.774487
-0.081241
1.242371
2.329746
1.704310
1.126068
1.429442
0.883652
0.839310
1.238708
0.789108
-0.216207
-0.620776
-0.543379
-0.117952
-0.204179
-0.575903
-0.730167
-1.297728
-1.510938
-1.514804
-0.496363
0.286028
0.700360
0.383525
0.236137
-0.589912
-0.567700
-0.176741
-0.372005
-0.149568
0.122327
0.039268
-0.522589
-0.686141
-0.625194
-0.262416
-0.484940
0.176599
0.769000
0.135115
0.577886
1.220241
1.620909
1.551472
0.860368
0.492331
-0.122378
-1.734613
-2.049286
-1.552835
-1.291098
0.193648
0.969404
0.730196
0.953082
0.522149
1.506418
2.195748
1.031570
0.542170
1.033900
0.322000
0.252225
0.115249
-0.867703
-0.702978
-0.125612
0.704590
-0.075491
-0.362677
-0.212475
-0.416399
0.534039
0.034633
-0.269794
-0.515626
-0.453689
0.554796
0.488998
-0.712744
-0.062592
-0.230497
-0.689179
-0.499562
0.584812
1.023589
1.214087
0.452605
-0.317386
-0.697725
-0.965791
-0.735160
-0.427219
0.877564
1.793211
0.139207
-0.277243
0.075612
0.237375
1.244100
1.862810
0.766712
-1.022087
-1.010467
-1.462523
-1.760293
-0.237157
-0.235880
0.605956
1.699215
1.303910
0.791753
0.494229
0.891500
0.981184
-0.515589
-1.585671
-1.943523
-0.661010
0.173945
-0.584903
-0.562299
-0.464887
-0.528827
0.586429
0.434256
0.457936
-0.501816
-2.270783
-1.412804
-0.731309
-0.403797
0.170582
0.385434
0.280628
0.544096
0.206699
0.444152
0.698591
0.410430
0.936357
1.072896
0.915977
0.830939
-0.320761
-0.680100
-0.543855
-1.402674
-0.432419
-0.717296
-1.307668
-2.001894
-1.643294
-0.858601
0.718346
1.450988
1.601814
2.591337
1.933752
0.384416
-0.606502
-0.441789
-0.819943
-1.366975
-1.086898
-0.344927
-1.243068
-1.619757
-0.801569
0.265763
0.900901
0.794718
1.392091
2.543322
1.463645
0.221411
1.004016
0.872356
1.390099
2.056335
2.088349
1.434359
1.225906
1.002489
0.171214
-1.100099
-0.946203
-1.025366
-1.672690
-2.307510
-1.944741
-0.921641
-1.318900
-0.066421
0.293392
0.365693
-0.000219
-0.806510
-0.785685
-1.235799
-1.620480
-0.282641
0.446072
0.261390
0.433004
0.110634
0.297219
1.062543
0.565532
0.121514
0.548013
0.253077
0.379915
-0.236842
