0.398837
0.346212
0.341240
1.532394
1.560361
0.205153
0.411637
0.091719
-0.522770
0.248596
0.204431
0.533212
1.138326
0.599904
0.069994
-0.447956
-0.344650
0.770343
1.885207
2.321462
2.631329
2.209723
1.286296
0.018832
-0.443962
-0.600562
-0.444457
0.568199
1.458218
1.869997
2.155280
2.387657
1.793507
1.160936
0.190347
0.082024
-0.815617
-1.431737
-2.067772
-2.040480
-1.494970
-1.377392
-1.896865
-1.235767
-0.265492
0.673197
0.266155
-0.579524
-0.021047
-0.084636
-0.695301
-0.900607
-1.109273
-0.524645
0.302210
0.113329
-0.343373
-1.030649
-1.877552
-1.207069
-1.603145
-1.619541
-0.959270
0.663282
0.861099
0.906197
0.514658
-0.401158
-0.369937
-0.279856
-1.001004
-0.885047
-0.163218
0.548117
1.203115
1.045498
0.793433
0.095154
-0.533160
-0.694887
-0.869186
-0.857203
-0.139525
-0.031767
0.521040
0.299044
0.185739
-0.744440
-1.404300
-0.858674
0.255597
0.327355
0.478939
0.676354
1.099328
0.601635
-1.641714
-1.913369
-1.966608
-2.739994
-2.077737
-1.191421
-0.840853
-1.024497
-0.714359
0.143691
1.311922
1.958745
1.611708
0.739343
0.257413
0.495663
0.853369
1.187905
0.768336
-0.336165
-0.509093
-1.285076
-1.113237
-0.605847
1.042817
1.221821
-0.247986
-1.003027
-0.298646
0.938544
2.247977
1.853331
0.546478
0.827013
0.227353
-0.001755
0.349823
0.316918
1.018158
1.530617
1.100373
0.946358
0.992906
0.625249
0.417391
0.501284
0.463919
0.357077
0.229687
-0.365271
-0.258812
-0.047500
-0.541720
-0.864083
-0.575058
-0.102497
0.205419
0.874852
0.897584
0.151852
-0.123817
-0.415813
0.052462
1.174317
1.180643
0.872544
1.193402
1.280286
0.772992
0.215885
-0.324189
-0.911677
-0.913988
-1.150315
-0.852158
-0.209886
0.406305
0.537934
0.313870
0.203638
-0.719046
-1.845384
-1.708319
-2.375827
-2.374131
-1.904914
-0.943041
-0.498848
-0.341288
-0.225685
-0.268230
-0.815024
-0.412901
0.512181
0.580001
0.604002
0.285082
0.150302
0.631421
0.426522
-0.122835
-0.086859
-0.939958
-1.268230
-1.296423
-1.107766
0.019627
1.193561
2.165879
2.036072
1.299117
1.021368
-0.013366
-1.768115
-2.657576
-2.139293
-2.504327
-1.475772
-0.803853
-0.620366
-0.137344
0.684623
1.380003
1.812968
1.989966
1.426316
0.851203
-0.208589
-1.337300
-0.751138
0.024556
0.182282
0.292056
0.696398
0.737379
1.066458
0.911330
0.510041
0.823350
0.986084
0.859302
0.758089
0.869588
0.141503
-0.774284
-0.777869
-0.589454
0.047064
1.257789
1.185726
1.233615
1.777676
2.111556
1.503328
1.228488
0.367511
-0.986079
-1.260041
-1.536954
-1.156739
-0.417289
0.234554
-0.350539
-0.391457
-0.225555
-0.590049
-0.610999
-0.723568
-0.747972
-0.452363
0.084380
0.018337
-0.965662
-1.085626
-1.370159
-0.747368
-0.040653
0.257482
-0.265509
-1.354235
-0.945345
-0.513936
-0.347152
-0.511483
0.301345
0.687319
1.014075
1.692827
1.254243
0.392579
0.072409
-0.205194
-0.533823
-0.128759
-0.782579
-0.377651
-0.424287
-0.829451
-0.600558
-0.648849
-0.904181
-0.886075
-0.698396
-0.959384
-1.256274
-1.124050
-0.918301
-0.004384
1.134701
1.296602
0.784155
-0.220160
-0.241747
-0.894196
-1.513152
-0.520725
0.917983
1.272861
0.448293
-0.461779
-0.960099
-0.686063
-0.568854
-0.130132
0.918693
1.936898
1.838147
1.616005
1.014866
1.035415
0.984822
1.317443
1.461448
1.469122
1.468369
1.394319
1.018323
0.441854
0.520195
0.011310
0.293007
0.456709
0.746912
0.223466
0.841641
1.390735
1.162613
0.859260
-0.177277
-0.338208
-0.297049
-0.822564
-0.880122
-0.795521
-1.104424
-0.493633
-0.019614
0.267834
0.397134
-0.070841
-0.278276
-0.001505
0.640312
0.780897
0.040680
-1.044121
-0.827080
-0.265974
-0.328951
-1.012655
-1.033854
-0.294544
0.373389
-0.539008
-0.492752
-0.368441
-0.478491
-0.477856
-0.084390
-0.346955
-0.306350
-0.754106
-0.614528
-1.362367
-2.092413
-1.451515
-1.480577
-1.326152
-0.987330
-0.417234
0.177228
-0.279233
-0.682152
-0.109691
0.605953
-0.337966
-1.366036
-0.669901
0.530017
0.815338
1.021948
0.033041
-0.253359
-0.129105
-0.189157
0.555008
0.640294
0.532958
0.377363
0.587764
1.001778
1.031639
1.576331
1.701493
0.751897
0.176134
0.192533
0.155390
0.335510
1.337036
1.200849
0.100286
0.191169
0.184903
-0.651630
-0.227552
0.055432
0.718798
0.947148
-0.024926
-0.505676
0.584942
0.157734
-0.245325
-0.449089
-0.328828
0.518496
0.957971
1.047290
0.156784
-0.306174
-0.162341
0.061598
0.144875
0.294131
-0.149274
-0.769215
-1.007986
-1.442775
-1.390092
-0.545945
0.329462
-0.537331
-0.468532
-1.390123
-2.161287
-1.597685
-0.804049
-0.250500
-0.656211
-1.325629
-1.360816
-0.356948
0.341145
0.566150
0.608322
1.217733
1.102748
1.601251
1.070115
0.503909
0.307034
0.208712
-0.201195
-0.767244
-0.688537
-0.843780
-1.698049
-1.574969
-0.833729
-0.543779
-0.666893
0.078598
1.188047
0.854655
1.759979
2.650796
2.026540
1.159467
1.045305
1.320771
-0.055648
-1.470589
-2.246376
-2.639241
-1.953981
-0.982258
-0.105594
1.266895
1.053882
1.657204
1.336032
1.125631
1.608018
1.729555
1.586719
1.223011
-0.145636
-0.777319
-1.013174
-1.102502
-0.950578
-0.667614
-0.298799
0.510896
0.725873
0.153110
1.176769
1.910496
1.528229
0.550161
0.093700
-0.608446
-1.266466
-2.096739
-1.894398
-1.148135
-0.717017
-0.777313
-0.275074
0.241020
0.605230
0.881876
-0.190668
-0.925178
-1.551038
-1.393381
-0.747700
-0.402463
-0.406579
-0.601152
-0.508429
0.360603
1.197376
0.305512
-0.008858
-0.169960
-0.064749
-1.077263
-0.801321
0.177766
-0.034256
-0.338071
-1.046843
-1.631424
-0.854314
-0.737492
-0.430539
-0.168292
-0.325485
-0.496076
0.050528
1.278500
-0.129294
-0.790175
-0.510922
-0.683418
-0.752047
-0.261451
-0.715986
-0.246864
-0.378676
-1.084265
-1.010094
-0.816462
-0.036235
0.892185
1.496416
2.029077
2.470777
2.565810
2.374532
1.401822
0.896385
0.382907
0.174249
0.177657
-0.296428
-0.542180
-0.379281
-0.279260
-0.091320
-0.082016
-0.720903
-0.471187
-0.155312
-0.848705
-0.830926
0.361341
0.930916
1.255658
1.579838
0.720751
0.575093
0.239782
0.612301
0.652121
-0.412855
-0.936651
-0.301731
-0.265376
0.610939
1.204644
0.706888
-0.001130
0.984480
0.828850
0.796452
1.487756
1.390542
1.588811
1.764272
1.472472
1.132710
0.768813
0.559165
0.883495
1.401935
1.220224
1.196489
0.364454
-0.215514
-0.061022
-0.553239
-0.240773
0.827028
1.072374
0.290795
-0.547005
-1.241239
-0.953278
-0.399107
-0.745665
-0.004474
-0.793668
-1.331441
-1.626066
-1.724055
-1.629328
-0.911528
-1.311008
-1.345546
-1.019120
-0.669108
-0.461302
-1.316325
-1.165264
-1.583535
-2.132616
-2.245154
-2.768357
-1.748035
-0.725699
-0.867847
-0.969003
-0.999837
-0.895480
-0.609035
-0.568631
-0.382008
-0.558156
-1.086153
-0.477858
0.423345
0.102756
-0.005030
0.037119
0.505927
-0.040260
-1.215774
-1.170608
-0.924512
-1.006840
-0.395430
0.021103
0.460124
0.729051
1.292656
1.665754
0.820824
0.485129
0.089428
-0.528372
-0.905946
-1.317991
-1.622996
-1.338081
0.101865
0.816210
-0.108372
0.019849
0.155274
0.803977
1.479105
0.321257
1.233254
1.741267
1.685736
1.466964
0.279073
0.903032
2.030671
1.479074
0.637598
0.664816
1.104382
1.059436
0.757725
0.775638
0.639546
0.696282
-0.050634
-0.672045
-0.028681
0.739229
0.436381
0.925097
1.015956
0.664173
1.163933
2.024209
1.338247
0.494438
0.523090
-0.879994
-1.603336
-1.668261
-1.669071
-1.034569
-1.704134
-1.825101
0.152793
1.321059
1.816200
1.948134
1.550306
0.530784
-0.647896
-1.013430
-0.993190
-1.059911
-1.342145
-0.885754
-0.247416
-0.876413
-1.130727
-0.643081
-0.449422
0.312583
-0.204057
-0.590382
-0.257509
-0.472675
-0.414780
0.158399
1.133085
1.279578
1.275468
1.733448
0.650085
0.128886
0.610532
-0.365094
-0.516145
-0.167620
0.334156
-0.760545
-1.087929
-0.206636
0.865704
0.421085
0.170051
0.665439
0.458047
0.979598
0.697919
0.114115
0.017600
0.195001
-0.101177
-0.424144
-0.340827
-0.053197
-0.344108
-0.237841
-0.143884
-0.402763
-0.595091
-0.032438
0.065073
0.327573
0.252711
0.191378
0.293706
-0.091490
-0.785255
-0.358871
0.012804
0.038706
0.323565
0.449947
0.239616
-0.841786
-0.936612
-0.503187
-0.417403
0.074395
0.408595
-0.101301
-1.295540
-1.745864
-1.056673
-0.427608
0.781034
0.971689
0.775182
-0.304998
-0.538198
-0.329024
-0.046243
0.391224
1.072299
0.333895
-0.955582
-1.680274
-0.747420
0.582803
1.303737
2.313398
2.196038
1.928464
0.848090
-0.308413
-0.690953
-0.870050
-0.944797
-0.283640
0.436023
0.484754
-0.511688
-0.283109
-0.296223
0.057799
-0.345922
-0.134301
-0.328392
-0.432424
-0.209008
0.398052
1.830510
1.887222
1.690302
0.721592
0.262647
-0.526722
-0.847824
-0.186194
-0.380716
-0.787578
-2.167337
-2.777750
-1.763806
-1.311204
-0.433903
1.420847
1.383630
0.596728
0.493413
0.979264
1.847689
2.654071
1.621394
0.665915
0.255182
-0.067155
-1.370882
-1.398095
-1.088548
-1.087741
-1.724914
-1.524968
-0.118819
-0.028370
-0.023795
0.666384
0.518889
0.276008
0.592472
0.239435
0.346778
-0.098538
-0.328575
-0.125360
-0.727487
-0.806953
-0.784291
-1.530509
-1.852004
-1.804686
-2.194925
-1.803542
-1.235648
-1.264985
0.014008
0.974444
0.786536
1.133534
2.283066
2.339548
1.381665
0.523776
-0.198785
-0.798587
-1.312019
-1.926978
-1.355852
-1.181001
-0.413967
-0.473332
-0.137839
0.531709
0.959116
1.750938
1.736158
0.938675
0.825321
1.485613
1.430790
1.488327
0.340514
0.514702
1.153223
1.244716
1.116942
0.823720
0.083666
0.569093
0.305697
-0.199987
0.309029
0.145405
0.051783
0.130164
0.617301
0.896666
0.576743
0.438667
0.376352
0.284079
0.129866
-0.323052
-0.457906
0.957853
2.146757
2.059900
0.622434
-0.377597
-1.284775
-1.806465
-1.912522
-2.087508
-1.399832
-0.380227
-0.264904
-0.831415
-0.571584
0.271875
-0.315756
-0.498504
0.109430
-0.929614
-1.962123
-1.984214
-1.376889
-0.828808
-1.056072
-1.578882
-0.763288
-0.815047
-1.851933
-1.044655
-0.444505
-0.179177
0.521215
-0.164462
0.281478
-0.162585
0.100555
0.429845
-0.062232
0.653591
0.606918
0.503043
0.098499
0.398830
0.534859
-0.371949
-0.892196
-1.024215
-1.119662
-0.573520
1.045861
1.636976
1.659713
1.336948
1.040374
0.228506
0.217003
0.206706
-0.191833
0.122053
0.316527
-0.532477
-0.608922
-0.253814
0.356719
0.727382
1.355709
