0.180009
-0.151426
0.143619
0.051418
-0.122187
0.730840
0.784822
0.730030
0.603696
0.764009
0.462062
-0.292107
0.029731
-0.472978
-0.206020
0.469326
0.243931
0.863257
1.814705
0.942453
0.623883
0.684688
0.914855
0.858902
1.250133
0.503698
-0.623643
0.255252
-0.294166
0.587223
1.521077
2.081922
2.154534
1.498001
1.346139
0.431072
0.197196
-0.600674
-1.067837
-1.394106
-2.087571
-1.935459
-1.549363
-0.966650
-0.718515
-1.029935
-1.302002
-1.400029
-0.652236
-0.306753
0.541249
0.131177
-0.078910
-0.503854
-0.028927
0.226750
0.125436
0.062964
0.195480
0.083926
0.060933
0.799119
0.946207
0.681396
1.377378
2.074173
1.143331
0.536748
0.171439
0.939190
-0.670671
-0.616337
-0.122427
0.574546
0.715412
-0.139330
-0.097614
-1.499034
-0.411829
-0.483993
-1.076990
-0.521601
-0.865439
-0.473476
0.468812
0.792032
1.024219
1.284697
0.450048
0.402172
-0.125543
0.806156
-0.186618
-0.659268
-0.216711
0.836402
0.803318
0.048032
-0.296414
-0.636506
-0.594956
-0.760813
-0.942322
-1.193550
-0.403293
-0.775141
-0.082062
-0.730091
-0.920164
-1.518622
-2.446321
-3.365371
-3.878454
-3.894653
-3.119990
-1.993933
-1.424006
-0.447182
0.464015
-0.998291
-1.092109
-1.509471
-0.549639
1.685299
1.763677
2.272069
1.733431
2.348697
2.497439
2.294220
2.168494
1.735205
0.632491
0.180262
-0.079258
-0.471277
-0.652185
-0.201864
-0.143259
-0.289279
-0.098710
-0.655491
-0.525782
0.018395
-0.626009
0.050154
0.398854
0.526451
0.459002
-0.038094
-0.151421
0.404095
-0.062648
0.004669
-0.428341
-0.314584
0.083582
-0.025103
-0.107614
0.333416
0.575656
1.282302
0.220566
0.622591
0.519701
-0.507442
-0.603258
-1.248121
-0.843011
-1.413035
-0.985693
-1.363998
-1.253294
-0.460820
0.371414
1.144861
0.947887
0.356407
0.754206
0.274571
-0.038951
0.362786
0.740416
-0.288728
-0.569174
0.205712
0.172732
0.412654
0.482172
0.444632
0.297637
0.665732
0.312582
0.802835
1.815938
1.173829
0.475024
0.609616
0.340882
-0.022978
-0.166484
0.151820
0.237925
-0.085321
-0.050742
-0.168952
-0.173593
0.065112
-0.360432
-0.751741
-0.615064
-0.447692
-0.933729
-1.042416
-1.479712
-1.088683
-1.502499
-0.310336
-0.449715
-0.329586
-1.032799
-0.887078
-0.650573
-0.271963
0.415552
0.571683
0.049912
0.509321
-0.167848
-0.161618
-0.113525
0.008855
0.110762
-0.091191
0.798817
1.054890
1.094788
0.907841
1.597395
2.233634
2.321026
1.458147
1.010392
1.147199
0.748082
0.370842
0.688125
0.798455
1.334297
1.266673
1.478274
1.309926
0.897807
1.502499
1.070197
1.177625
0.746623
1.235820
1.230381
0.626266
0.067643
-0.281320
-1.996439
-1.962499
-1.358589
-1.241026
-0.385649
-0.818089
-0.919770
-0.275523
-0.349278
0.013503
-0.426471
-0.258971
-0.371444
-0.576488
-0.948057
-1.439185
-1.210076
-0.569083
-0.706311
-0.847247
-1.455685
-0.922941
-0.781489
-1.484360
-0.576400
-0.010785
0.143488
0.867133
0.383250
0.362820
-0.214896
-0.043032
0.089941
-0.705184
0.195331
-0.536842
-0.456070
-0.181081
-0.365757
-0.366546
-0.433533
-0.414458
-0.511052
-1.112265
-1.093875
-0.690225
-0.666418
-0.399165
0.534783
0.502305
-0.462971
-0.502973
-0.341876
-0.121533
-0.559426
-0.551290
0.418043
0.638982
0.492805
0.679520
0.191023
0.638613
0.610646
0.231420
0.945724
0.463383
0.172182
0.566877
0.881690
0.131336
0.574171
0.460815
-0.264681
-0.267252
-0.941977
-0.219077
0.225777
-0.085924
-0.151826
-0.358397
-0.829790
-0.299939
-0.039697
-0.238257
-0.281261
-0.933534
-1.612653
-1.599611
-2.495308
-1.513568
-1.150114
-0.402423
0.322603
0.809232
1.005248
0.742180
0.055145
0.122178
0.832431
-0.435637
-0.509082
-0.951087
-0.993113
0.395100
-0.372913
-0.047844
-0.227191
-0.467303
0.178781
0.256327
0.063184
-0.426925
0.499857
1.963105
1.425035
1.681203
1.810914
1.327000
1.371576
1.728586
1.912381
1.911968
1.362842
1.168325
1.331130
1.111965
0.918929
1.212816
1.278952
0.548684
0.154070
0.076443
0.212657
0.433432
-0.102276
-0.225258
-0.766125
-1.188536
-1.770688
-0.786032
-1.234528
-1.326329
-0.367522
0.545335
-0.456838
-0.800165
-0.439999
-0.423157
-0.271958
-0.380973
-0.080849
-0.871139
-0.784630
-0.438113
-1.220364
-1.546490
-1.131002
0.312369
-0.041905
-0.156939
0.132611
-0.448409
0.313758
0.266184
-0.737000
-1.492917
-0.514527
0.139778
-0.310682
-0.774964
-0.637325
-0.013931
0.179963
-0.101945
0.585746
-0.938468
-1.842629
-1.486629
-2.975325
-2.521335
-2.547779
-2.090362
-1.411596
-0.746745
0.695436
1.120655
1.134942
0.850226
0.504062
1.323509
1.841431
1.176543
0.506643
0.498401
0.650323
0.131901
2.050349
1.342422
0.336106
0.402242
0.088980
0.121896
0.169233
0.968001
-0.255001
-0.360034
-0.140922
0.082624
0.985824
0.648491
-1.076119
-0.830910
-0.722401
-0.931839
-0.899816
-0.613581
0.182573
0.519437
1.017602
1.355915
1.702500
2.618638
1.177649
0.928722
0.375567
-0.777586
-1.056296
-0.445609
-1.088634
-1.802894
-0.860529
-0.654930
0.047508
-0.262818
-0.946930
-0.671717
-0.824365
-0.732757
-0.155572
-1.188085
-1.546319
-0.433575
0.913719
0.962252
0.399396
-0.096432
-0.417043
-1.123608
-0.832087
-1.225407
-2.140233
-2.216997
-1.036707
-0.896757
-0.667489
-0.426888
-0.226655
-0.918229
-0.385715
-0.721350
-0.934042
0.112210
1.154119
2.364742
1.180515
0.932940
0.362944
2.138566
2.392426
0.850347
3.027447
2.147100
-0.636045
-0.252186
-0.066225
0.221797
-1.029286
1.071595
0.139128
0.904392
0.496279
0.822658
0.013072
1.119010
-0.477309
-1.180252
0.370415
-0.217162
-0.515009
-0.387801
-0.077526
0.443572
-0.605457
0.126578
-0.316511
1.151850
1.190108
0.183041
0.533685
-0.154784
0.173689
0.367033
0.365248
-0.617372
0.675152
1.066261
-0.587498
-1.554237
-2.569044
-1.558328
-2.109900
-2.147037
-1.130813
-1.354318
-1.282919
-1.286381
-0.574302
0.544488
-0.254933
-0.580695
-0.351138
-0.695533
0.108035
-0.896744
-1.465012
-1.102171
-0.129507
-0.321867
-0.369839
0.728112
1.128539
0.611122
-0.109433
-0.118852
-0.571126
-0.334608
0.472393
1.170163
0.090460
0.662371
0.531394
0.911994
0.810606
2.135906
2.142219
1.913639
1.571072
1.249795
2.038524
2.030813
1.959314
1.574930
0.735122
0.471252
0.923765
1.414030
1.849077
1.771537
1.279343
-0.106960
-1.369257
-1.084984
-0.966752
-0.816637
-0.566100
0.194092
1.880261
0.705772
0.338108
0.603645
0.216210
0.361502
-0.342849
-0.343159
-0.056854
1.505447
1.023330
0.896048
0.740821
-0.140027
-0.578629
-0.986341
-0.483595
-0.672296
-0.944197
-0.654075
-0.547294
-1.096630
-0.102353
0.690671
-1.080194
-0.808256
-0.093769
-0.159630
0.368771
0.404930
-0.391283
0.361215
1.032274
1.499454
1.544518
0.713132
0.684850
1.273070
0.762946
0.650830
1.271137
1.115392
-0.167742
0.043724
0.498043
-0.142941
-1.052850
-0.908863
-1.403733
-1.716946
-2.767208
-2.840860
-2.753413
-1.343314
-0.457181
-0.462193
-0.860026
-0.522112
-0.212292
-0.739354
-0.932178
-0.416586
-1.180887
-0.003961
0.331141
1.361241
0.914104
0.636723
0.336527
1.786280
0.860166
0.087448
-0.968031
-2.317383
-2.283173
-2.059537
-1.361397
-0.913741
-0.390602
-0.267655
0.644975
-0.120682
-0.156467
-1.127652
0.594376
-0.170613
0.207652
0.470907
0.217087
-0.427033
-0.398308
-0.482373
-0.636152
-0.603911
-1.026717
-0.577203
0.011988
0.203674
-0.714638
-0.597267
0.317446
1.558261
1.420767
1.025422
1.155190
1.161026
1.593591
0.919251
0.645794
0.720623
0.497285
0.857277
0.115195
-0.691122
-0.232852
-0.187158
-1.497445
-2.135562
-0.854670
-0.248519
-1.439346
-1.484751
-0.370933
-0.822359
-0.826290
-0.080186
-0.081722
0.855261
0.823322
0.712983
0.475779
0.398728
0.862798
0.895291
0.198308
0.802531
1.125709
0.158959
0.811476
0.948204
0.963462
0.415539
-0.238346
-0.268156
-0.395808
-0.438812
1.130748
1.516791
1.026752
0.255252
0.423741
0.212645
0.211961
0.282280
0.093021
-0.663510
-0.560931
-1.400145
-1.126867
-1.054135
-1.020804
-0.917288
-0.994440
-0.128248
-0.352797
0.739416
1.318086
0.421000
-0.023597
0.240137
0.037696
1.454266
-0.773570
-1.095034
-0.221914
-0.907544
-0.720752
-1.305855
-0.513406
-0.324152
0.214344
-0.340786
-0.449177
-0.131647
0.356327
1.722537
0.208604
-0.217639
0.624638
1.120443
1.527455
0.485886
0.238402
0.432364
-0.105903
0.553516
0.034556
-0.243058
-0.185552
-0.223360
-0.051325
-0.891040
-0.996563
-1.305403
-1.479698
-0.452267
0.519558
-0.509337
-0.029646
0.622399
0.333865
-0.071507
0.831809
0.934687
0.347003
1.754719
1.089318
1.188000
1.662567
0.826949
1.291476
0.915626
1.449177
0.594474
0.418048
0.612256
1.076128
0.564042
-0.391427
0.400807
-0.830552
-0.851283
-0.540782
-0.817625
-0.862927
-0.860571
-1.132672
-0.718452
-1.156710
-0.800904
-1.219610
-0.928476
-0.684289
-0.213393
-0.521480
-0.649383
-0.083708
-0.366155
-0.777661
-1.462075
-1.234672
-1.834513
-1.846363
-1.735769
-0.808297
-1.314120
-1.156980
-0.791127
-0.207146
-0.953629
-1.225428
-0.296750
-0.600774
-1.277693
-0.580117
-0.553195
0.712761
-0.197634
0.052023
1.092026
0.958510
2.119330
3.886996
2.162158
2.085289
2.789413
2.845267
2.403649
2.341100
2.125544
1.460260
1.313724
0.572642
0.249992
-0.687268
-1.586161
-1.439921
-2.719082
-2.683221
-2.607716
-2.251079
-1.197734
-0.504831
-1.249859
-0.782024
-0.319217
-0.802902
-0.377683
0.803310
-0.019478
0.835657
1.372304
1.316760
1.635802
1.804542
0.888598
1.127963
0.862407
0.057899
0.773895
-0.223005
0.297896
-0.501745
-1.381734
-1.037021
-1.353328
-1.106686
-0.636424
-1.004022
-0.071536
-1.755818
-1.147931
-0.143903
0.314402
0.737834
-0.457081
-0.319994
0.042393
-0.082968
-0.462225
-0.581106
-0.084269
0.294162
-0.025933
-0.090897
0.276170
0.951791
0.829943
0.808303
1.206770
0.970669
0.786332
1.551297
0.284510
0.112349
-0.081621
0.063960
0.691732
-0.301789
-1.065686
-0.571952
-0.223277
0.741043
0.071295
-0.604289
-0.259660
0.091482
-0.227307
0.484078
0.630604
-0.117508
0.131204
0.640345
0.168739
0.544524
0.560362
0.986376
0.696644
0.645963
0.830576
0.617041
0.105540
-0.238632
0.106958
-0.163006
-0.909672
-0.749280
-0.634227
-0.348968
-0.501937
-0.792384
0.010208
-0.654733
-0.753648
-0.202160
0.298549
0.182006
0.867549
0.525437
0.507715
0.340747
0.436936
0.371516
0.698812
1.942051
1.294165
