0.160578
-0.230535
0.549405
0.077296
-0.427931
-0.601513
0.223888
-0.601928
-0.285115
-0.159652
0.738752
0.299878
0.456368
0.011967
0.157596
-0.514608
0.830609
0.953304
-0.392254
-0.432334
0.201888
0.029344
0.156095
-0.262817
-0.656030
0.148873
-0.056700
0.233787
-1.118768
-0.623268
-0.100877
-1.629473
-2.008326
-1.929101
-3.069013
-1.925935
-2.037237
-1.887261
-0.904528
-0.894187
0.397314
0.891502
1.106928
-0.427808
-0.088082
0.523865
0.783104
1.955345
0.912764
0.673950
0.098903
-0.323876
-0.830534
-0.879388
-1.238319
-0.665077
-1.770428
-1.980264
-2.506160
-2.563402
-1.946677
-1.737078
-2.910048
-1.823399
-2.237963
-2.704143
-0.524357
-0.419469
-0.208075
-0.195706
0.361298
0.575593
0.633934
0.575428
0.894750
1.015460
1.062862
0.309110
1.105332
0.608905
0.933205
0.862507
1.067671
1.294712
0.360701
0.942648
0.680234
0.813893
0.004053
0.785821
1.074443
1.374777
0.626990
1.242723
1.248634
1.347034
1.126251
1.527798
2.140056
1.141901
2.173362
1.281860
0.959064
1.432669
1.660414
0.442208
0.993001
-0.163292
0.757962
0.034741
0.560207
-0.158374
0.011719
-0.421382
-0.626510
-0.217780
-0.731750
-0.815802
-0.712434
0.345002
-0.297084
-0.264216
-0.170583
0.178512
-0.188770
0.319089
-0.798174
-0.066338
-0.397514
0.278589
0.426454
0.195496
0.605161
-0.025747
0.027540
0.420329
0.531255
0.549929
1.386346
0.479171
0.390461
-0.718885
0.171317
-0.381748
-0.508604
-0.543283
-0.568058
-0.095095
-0.927395
-0.358838
-0.213234
0.089109
-0.566536
-0.328239
-0.372628
-0.279668
-0.712545
-0.768314
-0.615553
-0.593033
-0.637848
-0.869201
-0.828710
-0.622418
-0.666560
-0.573730
0.192104
-0.784638
-0.169264
-0.886560
-0.047378
-0.250142
-0.006902
-0.389294
0.089638
0.061729
-0.047999
0.038695
0.047716
-0.011942
0.048223
0.661866
0.422197
0.938799
1.202383
0.386167
-0.463055
0.323199
0.562657
0.526064
0.043136
0.877839
-0.126996
-0.087832
-0.968319
-0.322262
-0.663541
-1.595944
-0.307595
-0.299182
0.229812
-0.014388
-0.199903
0.033074
0.458318
0.167972
0.403934
0.509120
0.477207
0.904999
0.983736
1.069620
0.386786
0.331015
0.284416
0.298619
-0.728711
-0.515831
-0.613295
-0.321954
-0.513638
-0.014075
-0.733702
-0.751815
-0.958397
-0.921545
-0.577965
-0.290340
0.567384
0.579225
1.249798
0.709984
0.991892
1.109338
1.396862
0.466315
0.911567
-0.246349
-0.690218
-0.957731
-1.736563
-1.611217
-1.043368
-2.009200
-2.222603
-1.583846
-2.686750
-2.612868
-2.541717
-2.346698
-2.433221
-2.112095
-1.525854
-2.208379
-1.615186
-1.152654
-0.541475
-0.468254
0.122901
0.619266
1.351363
0.543756
1.233164
1.419715
1.161568
1.417045
2.679558
1.837812
1.811590
2.380495
2.121533
1.687870
2.268420
1.964169
2.127469
2.039564
2.221791
2.589698
1.502041
1.822351
1.335820
1.679616
1.367408
1.879098
0.508138
0.979803
0.630685
-0.488047
0.211036
0.174850
-0.073445
0.323582
0.035824
-0.079691
0.573801
0.131158
0.211684
-0.003516
0.454087
-0.432209
-0.748014
-0.527376
-0.570393
-0.781690
-0.219970
0.260616
-0.358543
0.086936
-0.087293
-0.145258
-1.261421
-0.250697
-1.214094
-0.384981
-1.108661
-0.774553
-0.838747
-0.825919
-1.126224
-0.809108
-1.087861
-1.195838
-0.427715
-0.995743
-0.797694
-0.831786
-0.846810
-1.094314
-0.844883
-1.440053
-1.022849
-1.485731
-1.275808
-0.722761
-0.466450
-0.636926
0.187453
-0.035560
-0.214781
0.379764
0.762050
1.080851
0.626566
0.924403
0.615832
1.116597
0.695634
1.804527
1.234944
0.842802
1.180965
1.090698
0.878352
0.056815
0.004049
-0.357480
-0.673012
-0.400593
0.681808
0.300060
0.673158
0.200315
0.552767
0.343322
0.746515
0.075848
0.267058
0.035016
0.120789
0.201325
-0.459951
-0.845000
-1.563924
-1.824131
-2.748882
-2.353625
-3.249646
-2.862421
-3.459046
-2.671324
-2.878170
-2.482567
-2.795766
-2.795979
-1.651518
-1.131431
-0.623092
-0.302067
0.201429
0.148445
-0.012636
-0.209600
1.014114
0.540880
0.805875
-0.108227
0.848060
0.997364
1.296423
1.096980
0.993359
1.320827
1.446271
1.806675
3.360615
2.385485
1.234093
2.102578
0.674763
1.260021
0.912807
1.697863
1.478871
1.073349
1.304237
0.862145
0.859635
0.904699
0.320189
0.280426
0.250452
-0.224719
-0.474988
-0.578026
0.042754
-0.211346
0.461780
0.897550
0.185747
0.122636
0.927534
0.893083
2.203447
1.734325
0.611288
0.848229
0.403374
1.030197
0.327901
1.334220
1.121006
0.751342
0.711890
0.564987
-0.062178
-0.731111
0.008916
0.023354
0.251739
-0.496957
0.149059
0.153399
0.419161
0.520074
0.991327
-0.660190
0.206811
-0.245663
-0.397292
-1.042097
-0.973167
-1.117032
-1.516173
-1.728898
-2.289909
-1.897346
-2.169345
-1.586000
-1.846448
-2.139250
-2.100610
-1.662492
-1.580544
-0.613745
-1.568239
-1.064494
-1.030742
-0.892470
-0.050505
-0.029507
0.022372
0.204615
1.197448
0.479677
0.555260
0.197788
1.110565
1.706654
1.563639
0.875588
1.555753
1.978248
1.434478
0.742246
1.323722
0.145750
1.806256
0.937377
0.442904
0.745553
0.395881
0.841559
0.852890
0.881763
0.632219
-0.183872
-0.277570
0.443527
-0.154431
0.501753
0.243841
0.822407
1.761886
1.739837
1.760189
1.654211
1.542136
1.444562
0.962007
-0.012760
0.906322
0.521708
1.210259
-0.069311
-0.128621
-0.881728
-0.726331
0.130787
-0.534597
-1.192907
-1.513407
-0.930391
-0.975148
-1.179894
-1.870895
-1.079939
-1.374717
-0.793480
-1.105780
-1.207062
-1.694143
-1.071763
0.136411
-0.485160
-0.323927
-0.952992
-1.009041
-0.979542
-0.149219
0.134579
-0.620856
-1.582928
-0.999000
-1.325513
-1.074798
-0.876938
-1.325334
-0.936140
-0.075586
-0.228066
-0.048140
0.634619
-0.410666
-0.320110
0.086474
1.034460
1.324823
1.525513
1.227601
2.326957
1.143129
1.280119
1.148959
0.908900
0.810373
0.509292
1.157184
-0.075767
-0.074583
0.304351
0.063258
-0.112482
0.421403
0.474455
0.929991
0.388465
0.699459
-0.141704
0.196857
0.089507
0.481035
-0.364518
-0.965432
-0.602350
-0.165744
0.007223
0.173994
0.312657
0.276011
0.269812
0.114628
-0.602006
-1.492860
-0.261517
-1.527377
-1.211634
-1.836896
-2.574108
-0.916125
-1.037718
-1.829605
-2.080601
-1.310872
-1.746392
-1.175910
-0.886521
-0.220879
-0.164430
0.050172
-1.017005
-0.497851
-0.853478
-0.482499
-0.345398
-0.462458
0.438215
0.575428
0.796349
0.066174
0.287172
0.081203
-0.190042
-0.661778
-0.110548
-0.446029
-0.029992
0.090966
-0.499036
0.432811
-0.261045
0.261893
0.208758
0.976499
0.732732
1.406799
0.061486
1.035861
0.751328
1.196322
1.109541
1.858038
1.892071
2.197314
1.495817
1.259935
1.200144
1.276182
1.515833
1.310975
1.129093
0.454710
0.269625
0.054406
0.017997
-0.208915
-0.899872
-0.762830
-0.412829
-1.910985
-0.547348
-0.425364
0.116591
0.137316
-0.403982
-0.090483
-0.653745
0.085070
-0.092896
0.633914
0.596121
0.827376
-0.274169
0.436217
0.433646
0.238148
0.827729
0.145733
0.698926
0.183827
-0.154197
0.285906
0.100777
0.068973
0.233375
-0.819833
-0.173068
-0.157952
-0.380916
-0.500512
-0.142508
0.096274
-0.188631
0.271032
-0.225458
0.336534
-0.027757
-0.166818
-0.112384
-0.645573
-1.064326
-0.055331
-0.375875
-0.441798
-1.267779
-0.622937
-0.292753
0.808149
0.052831
-0.348573
-0.383056
0.353025
0.998165
0.135316
-0.024226
-0.731983
-0.837378
-1.130822
-0.637110
-1.797742
-1.312920
-2.003392
-1.170202
-0.696124
-1.729164
-1.294791
-1.666728
-1.239056
-1.421672
-1.297951
-1.910939
-0.908713
0.051826
-0.484716
-0.283416
1.250849
1.356793
1.233699
0.773018
0.738583
1.955102
1.338727
1.098380
0.680249
0.451864
0.433775
0.294672
-0.723162
0.468663
-0.043254
0.324739
-0.065717
1.156156
1.570269
-0.512787
-0.151854
0.353521
0.111703
0.342364
0.367493
-0.524908
0.804151
0.780251
-0.568334
-0.768203
-0.335713
0.803269
1.002568
0.233787
0.940184
0.857736
0.449875
1.300978
0.380261
0.984790
1.453642
0.572283
0.075281
0.741146
-0.048097
-0.003633
-0.060511
0.002402
-0.130119
0.057427
-0.664384
0.266940
0.242558
1.015077
0.503698
0.406938
1.045656
0.685551
0.556940
0.595323
0.725801
-0.389464
0.611111
-0.106766
-0.186059
-0.488213
-0.543832
-0.788387
-0.139148
-1.263244
-1.047280
-0.654712
-1.232603
-0.570700
-1.389260
-0.939513
-1.448102
-0.347160
-0.454215
-0.276307
-0.932803
0.359635
0.185398
-0.241502
0.449373
1.258237
1.806701
0.833309
0.735165
0.863569
0.980644
0.816954
0.477798
-0.392818
-0.159318
-0.180881
-0.710163
-1.090816
-0.178530
-1.060233
-0.595358
-1.190553
-1.328533
-0.942397
-0.890428
-0.302886
-1.208413
0.399198
-0.107477
0.425621
0.035104
0.613270
0.708291
1.335823
0.643474
1.226792
0.987264
0.827898
0.796059
0.779907
1.039160
0.250212
0.866313
0.624140
1.250223
0.575927
1.082741
0.925611
1.625764
1.542824
1.213159
0.873126
1.052160
0.700966
0.223708
-0.075434
-0.454416
-0.414967
-0.550297
-0.953083
-2.129517
-1.551586
-1.854517
-1.838757
-2.402941
-2.104302
-1.666300
-1.632153
-1.876712
-1.667797
-1.603498
-1.273042
-0.932525
-1.586779
-1.061283
-1.696764
-1.340422
-1.241364
-0.634986
-0.902191
-0.838901
-0.861764
-0.078860
-0.198206
-0.353087
-0.445578
-0.418350
-0.388811
-0.505492
-0.398781
-0.909001
-0.581252
-0.376354
0.689759
-0.384348
0.004277
-0.038935
0.393768
1.236335
0.658826
0.870062
0.680755
0.896558
0.907855
0.973616
0.620525
0.795810
0.348234
0.469429
0.380985
0.469202
0.120538
0.531364
0.499919
-0.046221
0.000026
0.166393
0.334692
0.112740
0.119558
0.254752
0.539342
0.316159
1.041603
0.346482
0.914112
0.224069
1.274280
1.287749
1.277212
1.542656
1.329804
1.299994
1.079472
0.619667
0.458413
0.422898
-0.122897
-0.182177
-0.834818
-0.631297
-1.127254
-0.713569
-0.704204
-0.188187
-0.521099
0.083828
-0.167354
-0.247041
-0.372517
-0.297814
-0.400485
0.082510
0.947607
0.190869
0.777285
0.474406
0.759334
0.403964
1.803334
0.752383
0.393702
0.546305
-0.184863
-0.204486
-0.289264
-0.223108
-0.660205
-0.051222
-0.060395
-0.010950
0.035480
0.442917
0.316604
0.215677
0.573099
1.220117
0.573827
0.851413
0.867183
0.940778
0.388602
0.509044
0.404597
0.433360
0.888448
0.512648
1.107723
0.619016
0.689427
-0.415053
-0.232467
-0.230173
-0.204596
0.099867
-0.479341
-0.708010
-0.938930
-1.081366
-1.192814
