0.258186
1.121695
0.789015
1.364621
0.390311
0.471295
0.949144
1.004287
0.749389
0.654778
0.864672
0.264944
0.748853
0.846495
1.039009
0.709899
0.671317
0.575047
0.791876
0.168026
0.615017
0.079156
-0.059440
0.249779
-0.268126
-0.269201
-0.214733
0.150555
0.842068
0.942202
0.229724
-0.020276
-0.388016
-0.077900
-1.099430
-1.211685
-1.120697
0.641212
1.127127
0.422986
-0.119169
-0.157114
0.420468
0.665851
1.165302
0.552242
-0.190594
-0.865356
0.077812
-0.253260
0.439810
-0.195613
-0.290816
-1.329017
-1.097756
-0.967699
-0.315205
0.029200
-0.583246
-0.411086
-0.575959
0.258329
-0.229176
-1.346807
-1.539918
-0.921077
-1.326169
-0.767479
-1.212427
-0.502341
-0.830325
-0.733413
-0.209354
0.444227
0.234739
-0.573970
-0.215632
-0.960661
-1.140277
-1.545177
-1.063228
-1.587877
-1.181217
-2.201517
-1.547724
-1.838512
-0.855690
-0.200639
-0.224968
0.104080
-0.753974
-1.175687
-1.390394
-1.351100
-1.031255
-0.667665
-1.495878
-0.838723
-0.974128
-0.245515
-0.287210
-0.321421
-0.207607
1.097747
1.904630
1.199310
0.700402
0.406835
1.159699
1.331080
1.354115
-0.187015
-0.511452
-0.918788
-0.725091
-0.763081
-0.129722
-0.363624
0.078335
-0.365406
-0.380290
-0.995612
-0.632195
0.614520
0.956017
0.538745
-0.960690
-0.345250
-0.157079
-0.266304
-1.068511
-0.896045
-0.839897
0.292344
0.754298
0.198681
-0.070865
-0.418576
0.006820
-0.727132
-1.361971
-1.883858
-0.767707
-0.732318
-0.581628
-1.217059
-0.907142
-0.405939
-0.389499
0.236255
-0.081285
-0.536856
-0.651511
-0.325653
-0.615301
-0.903253
-1.172555
-0.748954
-1.386460
-0.290422
0.363142
0.326450
-0.409333
0.377119
-0.040791
-0.491835
-0.396412
-0.379822
-0.823712
-0.688602
0.811689
0.982166
0.945895
0.773587
1.505941
1.305682
1.863627
2.054398
2.485891
1.543817
1.502680
1.151209
1.438959
1.958105
2.319369
2.244804
1.423684
1.637429
1.268775
0.944106
0.787556
2.151431
1.445043
1.182773
0.065621
0.237396
-0.267787
-0.111229
-0.052949
0.118135
0.040155
-0.481091
-0.558999
-0.752204
-0.212377
-0.233462
0.826718
1.498153
1.613069
0.960455
0.862549
-0.172852
-0.226722
-0.940998
-1.938221
-2.175400
-1.830837
-1.461147
-1.404144
-1.648454
-1.970756
-2.352116
-2.710316
-2.038307
-2.365238
-1.688674
-1.381998
-0.497167
-1.596207
-2.077829
-2.287199
-2.288140
-1.713670
-1.866106
-1.692244
-1.158938
0.055869
-0.656794
-0.328094
0.223364
0.173935
-1.126588
0.083143
0.652000
1.287199
1.460300
1.135363
0.807920
0.787126
0.690980
1.559759
2.135417
1.772669
2.390827
1.886653
1.967592
1.238116
1.449939
1.013814
0.023716
-0.621967
-0.319295
-0.397370
0.024630
0.217894
-0.471137
0.641842
1.406992
0.909193
0.330352
1.006679
0.410006
0.393112
-0.070687
0.776751
0.772932
1.006860
1.064431
0.793746
0.503775
0.996596
0.478372
-0.723252
-1.061224
-0.812269
-0.778069
-0.627916
-0.223762
-0.436552
0.256480
-0.610259
-0.899300
0.039784
1.596693
2.077739
1.774566
1.850513
1.234417
0.749295
0.133677
0.734543
1.329757
1.980353
1.632061
2.351067
0.736385
-0.495491
-1.170706
-1.149206
-0.474890
0.930033
1.678239
1.192605
0.942585
0.497751
0.014459
-0.038875
0.717110
1.253220
0.998808
-0.174873
-0.022462
-0.391379
-0.875429
-1.203054
-0.931425
-1.392998
-2.259852
-2.780910
-1.555151
-0.998157
-1.304609
-0.633284
-0.478483
-0.248597
-0.482346
0.093393
0.404250
1.044952
0.791638
0.350431
0.595576
0.053723
-0.464625
-0.888515
-0.103723
-0.334548
-0.077970
0.460646
1.269449
0.326440
0.270962
0.614946
1.864645
2.731917
2.674101
2.171626
1.978718
1.343800
1.515627
2.402162
2.267040
2.387133
1.908181
1.698252
0.965485
0.639852
0.465826
0.316065
-0.435385
0.779592
1.049269
1.497353
1.515230
1.416804
0.531707
0.472467
0.566619
-0.051305
-0.758481
-1.513436
-0.822079
-0.409287
-0.002394
0.894387
1.436509
0.722916
0.223591
0.206696
-0.407080
-0.813540
-1.120881
-0.851163
-0.850584
-0.424317
-0.191739
0.369042
0.425582
-0.051777
-0.939307
-0.957888
-1.401716
-0.323012
-0.320057
-0.973003
-1.913398
-1.723283
-1.469197
-1.119042
-0.199048
-0.261297
-0.123663
-0.722321
-0.568054
-1.165422
-0.240001
-0.571372
-0.030061
0.162338
-0.204724
-0.187865
-0.111149
0.809678
0.811593
1.504508
1.544681
0.909278
0.574183
0.734323
-0.298039
0.549758
0.989967
1.582625
0.503764
0.675463
0.058868
0.042704
-0.243989
-0.086349
-0.547607
-1.527927
-1.141414
-0.967019
-1.351805
-1.083276
0.129258
-0.049707
0.256432
-0.434122
0.008978
0.408348
1.790500
1.770746
0.929695
0.624039
0.388665
0.543743
-0.150063
-0.148423
-0.169787
1.158093
1.312372
1.355081
0.680814
0.084533
-0.611242
0.525068
0.737326
0.275377
0.476189
-0.232319
-0.933236
-0.684244
-0.357883
-0.613925
-0.386215
-0.502238
-0.654792
-1.386255
-1.153373
-1.459535
-0.247796
0.691467
0.325251
-0.649118
-1.053840
-0.440146
-0.479210
-0.707753
-1.400550
-1.517556
-1.787573
-1.362202
-0.928176
-0.115069
0.412004
0.722048
-0.647690
-0.092316
0.637402
0.601538
1.026537
1.312209
0.635635
-0.402595
-0.186619
-0.726535
-0.531454
-0.630053
-0.147623
-0.782689
-1.511434
-2.050310
-1.990254
-1.936944
-0.903693
-0.008965
0.690109
1.706974
0.938570
0.996396
1.472000
1.984662
0.810183
0.755153
0.868923
0.888501
1.154129
1.792129
1.604385
1.373823
0.984398
0.696689
0.891245
0.489616
0.392898
0.585739
0.547413
1.597499
2.047571
1.073262
0.687069
-0.030876
1.177829
1.352688
2.087073
1.373778
0.931041
0.897613
0.555745
-0.021688
-0.252890
-0.676010
-0.947553
-0.041364
-0.776193
-0.222148
-0.698386
-0.765049
-0.713843
-0.484180
-0.807163
-0.231283
0.146830
0.860689
0.802452
-0.489190
-1.430980
-2.104215
-1.483650
-1.406290
-1.100084
-1.506728
-1.005204
-0.487980
-0.338650
-0.363763
-0.605171
-1.369572
-0.470912
-0.467096
-0.737795
-0.814588
0.405756
0.924766
0.335984
0.108280
-0.896429
-0.739583
0.029272
0.206575
0.103419
1.786462
1.429187
0.749429
0.476944
0.587660
1.224176
0.702532
0.750608
0.751704
0.862526
1.459790
1.668413
0.437563
0.457307
0.264417
-0.334868
-0.614619
0.025999
0.284512
0.952067
1.095672
0.066429
-0.266606
-0.465028
-0.600993
-0.511589
-0.181557
-0.565786
0.414185
-0.524994
-1.057487
-1.596973
-1.674722
-0.948586
-0.432746
0.483722
0.953200
1.147615
1.662078
2.060170
1.880760
1.319670
0.550873
0.208429
-0.891853
-0.984999
-0.809520
0.269205
1.017935
1.540945
1.001108
0.688156
1.030200
0.740237
0.075214
-0.965182
-1.086202
-1.015869
-0.860259
-0.399002
0.389109
0.049221
-0.332096
0.277741
0.833493
-0.352623
-0.790568
-0.759448
-1.145675
-0.683880
-0.549661
-0.896187
-1.391759
-0.522937
-0.085747
0.289487
0.063043
-0.046048
0.201749
0.185032
-0.242679
-0.515402
-0.440884
-0.363135
0.060833
-0.367805
-1.099368
-1.851102
-1.184349
-0.892562
-0.959741
-0.793415
0.070947
-0.715604
-0.960469
-1.323658
-1.205510
-0.842977
-0.157547
-0.232322
-0.327449
-0.629723
-1.746573
-1.498602
-1.314253
-0.769890
-1.038143
-0.283215
-0.541833
-1.015989
-1.530133
-1.223660
-1.051157
-0.855019
-0.835725
-0.182736
0.086474
0.182872
-0.104095
0.070474
0.473788
0.298215
0.088846
-0.946560
-0.000261
-0.543304
-0.540229
-0.960646
-1.031432
-1.072539
-0.710259
-1.576370
-2.018552
-1.710358
-0.904225
-0.402272
-0.094567
0.309103
0.075835
0.457539
-0.195777
-0.536443
-1.032832
-1.455563
-1.998112
-2.264801
-2.244432
-1.936637
-1.206762
-0.956200
-0.360535
-0.014312
0.622414
0.198615
0.428119
-0.080643
0.116864
-0.398079
-0.244308
-0.131834
0.582773
0.873356
0.760755
0.181035
-0.843341
-0.608847
0.357798
0.817833
0.506595
0.642567
-0.009148
0.378464
0.415729
0.550336
0.527691
1.188926
1.034740
0.570661
0.837924
0.894199
0.934326
0.109710
-0.294491
-0.701468
0.053513
0.013536
0.149960
0.570715
1.186598
0.437690
0.492346
0.587682
0.453881
0.164954
0.167725
0.148012
0.588328
1.780405
0.760938
-0.352052
-1.239112
-0.721144
-0.532116
-0.125372
-0.394335
-0.718100
-0.758915
0.065300
0.372062
0.392557
0.145368
-0.456916
-0.188470
-0.626588
-0.237749
-0.412337
-0.351540
-0.931341
-0.969069
-0.644072
0.045880
-0.165843
-0.336710
0.026263
0.126113
-0.220965
-0.279294
0.110068
0.029454
0.121871
-0.181651
0.187163
0.552392
0.727109
0.529553
0.449100
-0.145283
0.512635
0.030002
0.489587
0.372505
0.085024
0.066164
0.178989
0.525494
1.296688
1.353529
1.140445
0.543119
0.079212
0.773827
1.193720
1.346150
0.691152
0.236468
-0.380141
-0.113238
-0.748662
-1.325965
-1.252363
-0.789953
-0.498234
-1.300444
-1.240272
-1.302678
-0.555883
-0.366575
0.117356
-0.211050
-0.036474
0.177773
-0.166559
-1.016475
-1.225084
-0.860727
-1.669703
-1.513484
-1.455446
-0.977932
-0.499601
-0.186102
-1.220309
-0.254579
0.511829
1.398203
0.802319
1.015996
0.649750
0.056338
-0.374027
-0.619538
-1.669756
-2.019617
-1.617082
-1.505564
-0.467460
-0.375572
-0.334897
-1.338806
-1.027457
-1.354329
-1.235154
-1.258296
-1.319139
-1.299723
-1.142381
-0.970254
-0.124484
0.950731
0.987572
0.908344
0.712173
1.347074
0.849338
0.931240
0.755311
1.063863
0.752916
0.635611
0.310509
0.236020
0.042334
-0.323731
0.172174
0.729238
1.750420
1.824836
1.402781
1.479940
1.731032
1.847685
1.713821
1.365334
1.213422
0.304648
0.976692
1.225492
0.722191
0.097695
-0.566484
-0.804453
-1.343312
-0.556724
-0.731760
0.385759
-0.270881
-0.349511
0.345035
0.481384
-1.134464
-0.749604
-0.233677
0.135019
0.523005
-0.822881
-0.457366
-0.038566
-0.098078
0.069731
-0.271323
-0.919699
-0.687675
-1.245087
-1.395056
-1.896232
-1.590883
-1.441374
-1.189602
-1.118175
-0.578864
-0.291698
-0.432559
-0.141372
-0.159059
0.667743
1.187133
1.495014
0.475553
0.072498
-0.447049
-0.040632
-0.579450
-0.213906
-0.330182
-0.311806
0.266966
0.811817
1.681669
1.062172
0.554271
-0.221155
0.358525
0.106936
0.604385
0.434330
1.230100
1.146236
1.320184
1.010643
2.318771
2.551305
1.532538
2.091095
2.067765
2.604749
2.350927
2.604097
1.702888
1.761834
1.398611
2.035289
1.285332
0.772430
-0.052569
-0.513499
-1.010940
-1.064663
-2.124589
-3.066662
-2.509899
-0.914865
-0.319381
-0.589411
0.491174
0.513247
0.530472
0.351008
1.216246
1.253355
1.407115
0.215427
-0.498463
