-1.449216
-0.640563
-0.339631
0.287958
-0.085877
-0.290401
-0.246179
-0.213861
-0.115693
0.606787
0.732970
0.347265
0.149361
0.213423
0.597496
0.646973
0.625466
0.566191
0.443020
-0.220056
-0.196106
0.240839
0.669029
0.348897
-0.229146
-0.479737
-0.701656
-0.473654
-0.554704
0.283991
0.866603
0.975786
0.742287
0.684182
0.029511
-0.044139
0.015558
0.894443
0.678499
0.224289
-0.119755
-0.140765
-0.035018
0.122087
0.192117
0.055324
0.102700
0.186971
0.536463
0.327017
0.770079
1.391611
1.590694
0.913422
0.542062
-0.145608
0.270829
1.012134
0.883490
0.746563
-0.146246
0.108484
0.573295
-0.113358
-0.736097
-0.607038
-1.130421
-1.290924
-1.840483
-1.651611
-1.082247
-0.226255
0.117578
0.261549
0.373991
0.104942
0.336158
0.108893
-0.535929
-1.063127
-1.254463
-1.048409
-0.516169
-0.650913
-0.752773
-0.939778
-0.829570
-1.203863
-0.692849
0.038380
-0.778383
-1.827959
-2.226700
-1.420037
-0.706509
-0.729504
-1.261255
-1.095531
-0.918938
-0.714078
-0.745320
-0.244677
-0.427661
-0.109863
0.403981
0.721997
0.667845
0.740669
0.696009
0.281448
-0.226529
-0.691248
-0.634787
-0.378950
-0.521182
-1.065312
-1.422767
-1.826032
-1.016942
-1.042647
-1.317844
-1.460010
-0.971664
-0.946108
-0.987485
-0.476622
-0.137124
0.262778
0.120805
-0.216289
-0.211750
-0.352366
-0.577073
-0.892054
-1.119832
-0.957394
-0.611152
-0.569964
-0.290864
-0.499201
-0.119420
0.588239
1.566536
1.324323
1.157758
0.998512
1.197987
1.515162
1.525949
1.674958
0.947392
0.390837
0.838701
1.052496
0.874120
0.696855
0.512398
0.782544
0.895143
1.079498
1.235119
1.214906
1.259165
1.252037
0.462533
-0.356485
-0.559310
-0.033111
0.190997
0.018071
0.190587
0.298576
0.801809
0.423353
0.369016
0.752889
1.368810
1.228569
0.707679
0.386092
0.378538
-0.117465
0.317295
0.376951
0.871604
1.349740
1.076412
0.951244
0.978530
0.507885
0.151296
-0.007717
-0.720898
-0.889111
-1.079679
-0.974699
-1.036855
-0.668706
-0.630468
-0.775906
-1.088612
-1.434487
-0.954738
-0.554522
-0.461889
-1.260354
-1.622618
-1.709071
-1.368244
-1.527099
-1.848992
-2.255135
-2.032795
-1.709020
-1.297678
-1.176223
-0.954044
-0.980785
-0.958937
-1.392429
-1.861553
-1.315466
-0.761952
-0.324940
-0.531663
-0.610862
-0.667311
-0.625415
-0.554085
-0.073779
-0.215030
-0.207873
0.165144
0.315017
0.159768
-0.013422
-0.004913
-0.722371
-0.514487
-0.429769
-0.723746
-1.050035
-0.275747
-0.164094
0.506454
1.139308
1.187502
0.711284
0.436016
0.369155
-0.130506
0.255223
0.540262
0.930015
1.134061
1.448549
1.239637
0.867105
1.123383
0.993067
0.830821
1.037258
0.989921
0.751451
0.616706
0.430067
0.613903
0.827400
1.312400
1.221353
0.868793
0.481205
0.466234
-0.095720
-0.336015
0.180681
0.322525
0.102640
0.198224
-0.249682
-0.187887
-0.781664
-1.558382
-0.991603
-1.093697
-1.848145
-2.015062
-1.496101
-1.108735
-0.661814
-0.184299
0.153039
-0.023241
0.201945
-0.013306
0.045440
0.095269
-0.047405
0.172947
-0.219295
-0.090502
0.026810
0.184344
-0.036392
-0.357067
-0.873927
-1.147405
-1.067321
-1.053215
-1.410985
-1.035631
-0.275417
0.206146
0.291989
-0.261409
-0.828378
-1.386460
-1.148118
-0.269402
1.136835
1.951605
1.528511
1.294241
0.726775
-0.276727
-0.625488
-0.385853
0.364713
0.819333
1.092737
1.200495
0.745583
1.443667
1.541451
1.692279
1.800461
1.920436
1.332194
1.221477
1.059033
0.773580
0.419157
0.348357
0.527554
0.760949
1.533479
1.643687
1.808006
1.123093
0.869057
0.515758
0.725462
0.420070
0.186146
0.208720
0.682242
0.887321
1.022300
1.124961
1.233809
1.019166
0.407396
0.493963
0.449044
1.357516
1.669159
1.728666
1.099119
1.004642
1.038649
1.289512
1.447034
1.202386
0.691021
1.168972
1.396167
1.111277
0.919441
0.517777
0.850017
0.889526
0.816065
0.282907
0.019057
0.068579
0.408901
0.733124
0.936330
0.925245
1.580309
1.840851
1.377660
0.496593
0.231568
0.245835
-0.393954
-0.291459
-0.246509
0.224851
0.696446
1.207371
0.654606
0.296805
0.279307
0.374001
0.034104
0.424269
0.583205
0.270412
0.339265
-0.228553
-0.138252
-0.523254
-0.164383
-0.025450
0.054738
-0.154896
-0.069066
0.053279
0.081770
0.088945
0.912276
1.774165
1.775422
1.433745
1.186896
0.789366
0.335151
0.432444
0.274317
0.557374
0.319216
0.704170
0.792629
0.913028
1.043234
1.036516
0.840643
0.413206
0.376009
0.263689
0.244099
-0.168458
-0.143848
0.024558
0.281485
0.687156
0.880319
0.692681
1.237221
1.487424
1.855663
1.838681
1.548523
0.828701
0.682316
1.572503
1.390479
0.872299
0.335246
0.929504
1.292109
1.327905
0.893322
1.032969
0.841906
0.783337
0.403342
0.631124
1.028307
0.825084
0.622818
0.005407
-0.042013
0.313088
0.989545
1.440239
1.867233
1.402845
1.294093
1.350879
1.607177
1.165744
0.925471
0.040116
-1.002305
-1.653621
-1.675361
-1.036786
-1.218121
-1.283226
-1.714181
-1.704415
-1.427401
-0.913360
-0.337050
-0.379680
-1.247262
-1.409860
-1.727391
-1.758695
-1.749175
-1.300205
-1.213238
-1.617320
-1.471732
-1.298992
-1.186549
-1.770442
-1.965376
-2.105027
-2.832929
-3.451915
-3.412513
-3.896793
-3.492140
-3.455413
-3.019970
-2.633712
-3.141717
-3.096057
-2.522473
-1.405340
-0.864301
-0.377316
-0.306532
-0.285966
-0.369374
-0.743166
-1.393294
-1.279160
-1.265394
-0.927182
-0.807256
-1.070763
-1.391930
-1.273103
-0.767437
-0.613151
-0.848671
-1.480217
-1.202786
-0.885306
-0.634671
-0.777631
-0.826882
-0.506110
-0.258056
-0.803078
-1.019655
-1.133075
-0.780925
-0.250735
-0.163461
0.411703
-0.062614
-0.222277
-0.530848
-0.832243
-1.310098
-1.420965
-1.117558
-0.743612
-1.018623
-0.561898
-0.611688
-0.401370
-0.480636
-0.649136
-0.234238
-0.179596
0.544394
1.066145
1.379725
0.922777
0.239925
0.227335
0.334381
-0.420937
-0.627625
-0.105893
-0.279637
-0.591565
-0.056334
0.549618
0.424865
0.275469
-0.372054
-0.530691
-0.561002
-0.444674
-0.504579
0.057132
0.076523
0.149738
0.763371
0.843786
0.730538
0.919153
1.212240
0.943640
0.220080
-0.172691
-0.558931
-1.354851
-1.084240
-1.460677
-1.291930
-0.671404
-0.797510
-1.162625
-1.239987
-0.880336
-0.524964
0.025648
0.153121
-0.447539
-1.427286
-2.256959
-3.289877
-3.697042
-4.305406
-4.131736
-2.908514
-1.647914
-0.663932
-0.344928
-0.797590
-1.278086
-1.419853
-1.097731
-0.586850
-0.181551
-0.010799
-0.245939
0.321767
0.407835
0.358357
-0.311144
-0.661240
-0.443208
-0.107837
0.057207
0.905833
1.391792
1.205436
1.022807
0.355836
-0.235018
-0.442644
-0.067342
-0.034036
0.198176
-0.286368
-0.528772
-0.651755
-0.552560
-0.807671
-0.825689
-1.051267
-0.781579
0.298262
0.643980
0.428290
-0.416057
-0.119233
0.159831
0.929110
0.526773
0.201426
-0.155198
-0.166165
0.099601
0.205511
-0.003229
0.313187
0.060540
0.314144
0.634136
0.667985
1.609145
2.062130
2.283459
1.873437
2.171115
1.651282
0.955688
0.463926
0.291318
0.013914
0.201969
0.422336
0.882959
1.211428
1.263355
1.941577
1.804628
1.634994
1.197342
1.158084
1.249790
0.934945
0.593864
0.533288
0.377308
0.236298
0.506722
0.408195
-0.203591
-0.401997
-0.067239
0.039628
0.558010
0.442818
1.363319
1.737893
1.558626
0.944681
0.685153
0.670864
0.620535
0.581903
0.819593
0.540017
0.792563
0.986778
0.981008
0.787248
1.246817
1.765487
1.612440
1.601330
1.441985
1.472272
1.396476
0.857582
0.263314
0.096060
-0.159841
0.042102
-0.005979
-0.106992
-0.243156
-0.550751
-0.917712
-0.934140
0.001071
0.205913
0.323835
0.243667
0.344555
0.676006
0.867766
0.792984
0.976762
0.596410
-0.321674
-0.437146
-0.080025
0.214027
0.005938
0.356721
-0.074754
-0.081988
-0.045904
0.284546
0.262022
0.422676
0.317762
0.024809
-0.326871
-0.543773
-0.248154
-0.523749
-0.519651
-0.782780
-0.556759
-0.844533
-1.020457
-1.017554
-0.621197
-0.327838
0.238832
0.293607
-0.055831
-1.033809
-0.770366
-1.029483
-1.279124
-1.312767
-1.954370
-1.607482
-1.377634
-0.787914
-0.410123
0.106649
0.441772
0.744613
1.510297
2.043286
1.713741
1.719144
1.299335
1.189154
1.095853
0.800900
0.528959
-0.358748
-1.095692
-1.206778
-0.450784
-0.241362
-0.054092
-0.193003
0.217928
-0.066963
-0.009226
-0.233189
0.251845
0.499529
-0.072644
-0.265860
-0.476554
-0.238330
0.001295
0.107884
0.247695
0.468089
0.347276
0.244369
0.196874
0.244689
0.679488
0.748503
0.478499
0.552522
1.287082
1.527653
1.303563
0.621153
1.025465
0.998568
0.915449
1.183164
1.548578
1.641872
1.347578
1.477586
1.910331
1.251618
0.896015
0.686701
0.201484
-0.387894
-1.167991
-1.124623
-0.896250
-0.136964
0.241013
0.019879
-0.187812
-0.077161
0.047884
0.095149
-0.439157
-0.841457
-0.867835
-0.602305
-0.238263
-0.207959
0.097562
-0.111697
-0.436875
-0.849982
-1.020442
-1.313900
-1.516986
-1.904058
-1.506208
-0.961866
-0.820337
-0.571834
-0.471342
-1.148750
-0.851316
0.197447
0.532158
0.163161
-0.565074
-0.799931
-1.439156
-1.757970
-1.710885
-2.163558
-2.440286
-2.214774
-2.198174
-1.564079
-1.451147
-1.177195
-0.483410
0.059961
0.531096
0.398501
0.018762
-0.827030
-0.765520
-0.869287
-1.189934
-1.128513
-1.201589
-1.149456
-0.679128
-0.552431
-0.788715
-0.455585
0.159788
0.291143
0.332219
0.051450
-0.674839
-1.021526
-0.948881
-0.255959
-0.215281
-0.049517
-0.111006
0.064487
0.216059
0.682141
1.341914
0.902262
0.223045
0.134933
0.393348
0.290172
0.488620
0.323234
0.267758
0.188692
0.285927
0.303000
0.563225
0.624710
1.120406
0.847986
0.757364
0.466314
0.737199
0.702041
0.816027
0.330718
-0.098566
0.307431
-0.058285
-0.945197
-1.266242
-0.542814
0.078364
0.505098
0.809619
1.151797
1.336345
1.513219
1.708153
1.688801
1.704258
1.264284
1.204736
0.805188
1.067725
0.992285
0.474299
-0.136875
-0.685591
-0.761879
-0.484391
-0.635525
-1.078234
-0.530824
-0.148752
0.333748
0.109836
0.478527
0.305686
1.155147
1.301237
1.027043
0.191270
0.563052
1.148490
1.460332
1.363016
1.241017
1.330391
1.303422
1.382529
0.954453
0.851237
0.521529
0.564063
0.587326
0.474184
0.251432
0.434148
0.423734
0.652184
0.064270
-1.013296
-1.427728
-1.764864
-1.661119
-1.426442
-1.308956
-1.739890
-1.561786
-1.551191
-1.539890
-1.653748
-0.820637
-0.284860
-0.187868
0.088111
0.412139
