-1.249041
-1.527865
-1.569591
-1.619430
-0.831346
-0.337282
-0.170953
0.212791
0.630166
1.462866
2.208177
2.879160
3.166536
2.050252
1.631332
1.315828
0.473393
-0.141813
-0.349551
-0.726991
-1.679837
-2.010271
-2.307764
-1.919388
-2.454170
-2.468896
-2.207696
-1.353274
-1.217694
-1.101342
-0.119969
0.877370
1.026642
0.581171
0.357912
0.626013
0.938480
0.501429
0.409824
0.774819
0.757026
0.584450
0.142695
-0.589812
-0.744736
-0.110653
0.140878
-0.237964
-0.302327
-0.176889
-0.270115
-0.290916
-0.579898
-0.422895
-0.756208
-1.183671
-1.275571
-0.763002
0.010606
0.809226
0.490725
0.023117
0.175817
0.248796
0.376409
0.627405
0.541686
-0.219386
-0.119203
0.114236
-0.477916
-0.730844
-0.823839
-1.092712
-0.208555
-0.031991
-0.390533
0.221712
-0.482692
-0.648437
-0.461804
-0.518266
0.425981
0.786709
0.373559
0.949860
1.170558
1.247898
0.951226
1.664247
2.194654
1.722237
2.154104
2.765542
1.928025
1.047393
-0.048455
0.172966
0.143856
-0.505721
-0.493910
-0.934973
-1.509281
-1.215197
-0.660005
0.332716
1.281467
0.893905
0.516970
1.148623
0.864303
0.891209
0.746895
1.214089
1.316148
0.416992
0.094878
0.404039
-0.035447
-0.608983
-1.053469
-1.139392
-1.368456
-1.217022
-0.434922
-0.274680
-0.070852
-0.136316
-0.031006
0.625982
0.461362
-0.504982
-0.402082
-0.438029
-0.308024
-0.732647
-0.495367
-0.651373
-1.018116
-0.675054
0.111793
0.568954
0.762420
1.538626
2.281548
1.462922
0.188614
0.525767
-0.518711
-0.679962
-0.672187
-0.784061
-0.746269
-1.148630
-1.203483
-0.995108
-1.452959
-1.690618
-1.052333
-0.342098
-0.112763
0.040078
0.174981
0.114009
-0.310546
-1.149076
-1.032773
-1.200166
-0.689628
-0.247337
0.183749
0.208504
0.238395
-0.146496
-0.131000
-0.344368
-0.258926
0.554756
0.740616
0.714804
0.951848
0.426601
0.200456
-0.824429
-0.858406
-0.640789
-1.075755
-1.492619
-2.297353
-2.395200
-2.175501
-2.327433
-1.957208
-1.592134
-1.292257
-0.966360
-0.349931
-0.490465
0.034948
0.533829
0.926962
1.158597
1.738737
2.203605
2.193825
2.175537
1.555262
1.757667
2.105462
2.033928
1.413661
1.372326
0.728133
-0.430444
-1.042288
-1.049893
-1.952890
-1.885052
-2.154388
-2.266925
-1.647155
-1.098059
-0.159347
1.050431
1.695799
1.488506
1.744262
1.520799
1.097516
0.871865
0.797909
0.780473
0.571449
0.279373
-0.372107
-1.232127
-0.884962
0.046087
0.385820
0.826665
0.650446
0.335769
0.346297
0.472242
0.549527
0.632661
0.337974
0.487952
0.969493
0.989953
0.400455
0.552485
1.146979
0.998567
0.976733
0.872535
1.100634
1.154754
1.303269
1.728925
1.813772
1.162855
0.269253
-0.109041
0.096808
-0.004999
-0.774787
-0.938771
-1.386963
-1.119343
-0.857041
-1.112664
-1.143446
-1.368451
-1.287321
-1.179988
-1.480076
-1.665122
-1.793117
-1.316315
-1.119470
-1.110879
-0.941073
-0.118023
-0.075659
-0.129119
-0.186200
-0.142402
-0.089298
0.039983
0.072760
0.303184
0.843774
1.051542
0.996919
0.915211
0.974769
0.662559
0.667531
0.567364
0.346586
0.042625
-0.445012
-0.206698
-1.068743
-1.383936
-1.007728
-0.293662
0.009134
-0.029196
-0.189559
0.502435
0.437276
0.470732
0.915699
1.002717
0.741259
0.707360
0.372577
-0.033642
-0.043839
-0.053976
-0.112276
-0.245274
-0.052729
-0.338204
-0.295070
-0.499189
-0.290884
0.320461
0.630574
0.797398
0.989198
1.089684
1.246198
1.278307
0.879477
0.516209
0.771337
0.955554
0.683833
0.512988
0.465621
0.640737
-0.801784
-1.358492
-0.678044
-0.956924
-1.579178
-1.567156
-0.407803
-0.660869
-1.192775
-0.713115
0.553820
0.767689
0.880432
0.635734
0.386214
0.152208
0.227319
0.308543
0.178430
0.769482
-0.285648
-2.075616
-1.662330
-1.167754
-0.932467
-0.584292
-0.473619
-0.262343
-0.509684
-0.425445
0.162065
0.383123
0.859085
1.253747
0.730398
0.720153
-0.224188
-0.355672
-0.492335
-0.473906
-0.756744
-1.346163
-1.929806
-2.239278
-1.172448
-0.969071
-0.201193
0.100558
-0.405709
-0.216326
0.662116
-0.337841
0.320529
1.569976
1.403064
1.579322
1.205380
1.301216
1.090425
1.171385
1.111227
0.540455
0.540117
0.149863
-0.096467
-0.436183
-1.002964
-0.541918
-0.479898
-0.805645
-1.285289
-1.261968
-0.797326
-0.441495
0.036546
-0.014293
0.392050
0.912417
0.991760
0.643033
1.397720
1.849205
1.408501
0.919646
0.508927
0.478213
0.440703
-0.575106
-0.998739
-1.068602
-1.174993
-1.106634
-0.855181
-0.822400
-0.169051
0.017992
0.480664
1.480527
1.052088
1.478177
1.557711
0.878983
0.889254
1.030901
0.682143
0.350974
0.759547
-0.181930
-0.643125
-1.349892
-1.286478
-1.139636
-0.926214
-0.355137
-0.453269
-1.216548
-1.163390
-0.895589
-0.729390
-0.340491
-0.364591
-0.889134
-1.074408
-1.393937
-1.865704
-1.376486
-0.191898
0.783944
0.524340
-0.346576
-0.479441
-0.602875
-0.518310
-0.663361
-0.613793
-1.102537
-1.657769
-1.205164
-0.413635
-1.124485
-1.341907
-0.869698
-0.771710
0.292255
0.644580
0.203312
1.477732
1.891242
1.068830
0.988111
1.345015
1.483279
0.987017
1.509523
1.132776
1.014309
0.682847
0.942069
1.280643
0.761177
0.733899
0.877763
0.673115
0.863940
0.370864
-0.018491
-0.297877
-0.410072
0.122161
0.295956
0.929185
0.891082
0.317647
0.119211
0.208129
0.372878
0.336896
0.183854
-0.914770
-0.809835
-0.569671
-1.251027
-0.904214
-0.858444
-1.000685
-0.828911
-0.760062
-0.962518
-1.113161
-0.511346
-0.078184
-0.341478
-0.902881
-0.595967
-0.734114
-0.583212
0.701133
0.860197
1.015111
0.425215
0.580855
0.661640
0.308159
0.228323
0.460723
-0.231914
-0.372248
-0.442257
-0.453956
-0.489340
-0.936353
-0.467235
0.350842
0.285066
0.489319
1.049508
0.906975
0.708588
0.376867
0.623732
1.312120
1.545136
0.589251
-0.130954
-0.562958
-0.620405
0.001539
0.101754
0.093714
-0.586133
-0.889416
-0.868449
-1.049144
-1.198799
-0.682297
-0.548685
-0.521421
-0.258785
0.410137
0.508030
0.258426
0.297264
0.364618
0.417293
-0.217491
-0.715718
-0.624981
-0.403739
-0.159163
-0.179021
-0.577415
0.405260
0.753663
-0.173207
-0.466215
-0.141521
-0.115381
0.494062
1.034337
1.135568
0.917257
0.347158
0.459124
0.879070
1.184966
1.265743
1.091005
1.040578
0.880747
-0.173584
-0.082906
0.115872
0.069138
0.118698
0.772248
0.675100
-0.002655
-0.802535
-0.185811
1.042778
1.385860
1.293380
1.423591
0.816026
0.281386
1.024515
1.421054
1.329870
1.438458
0.371981
-0.582141
-0.847116
-1.806032
-2.447152
-2.303584
-2.136491
-2.227367
-2.652899
-2.075320
-1.292205
-0.810428
-0.657764
-0.381141
-0.375471
0.505587
0.663930
1.284615
1.804797
1.912637
1.142616
-0.274829
-0.433943
-0.210288
-0.384314
-0.767346
-0.877392
-0.960358
-1.076488
-0.735928
0.085917
0.352200
0.135992
0.838726
0.949594
1.143144
0.906484
0.695177
-0.126893
0.163345
0.706943
0.773687
1.244597
0.157805
-0.636303
-0.119705
-0.316376
0.296702
0.453087
0.246248
0.018950
-0.028015
-0.474519
-0.810510
-0.676630
-1.568263
-0.695790
-0.339510
-0.587489
-0.585908
-1.038401
-1.406111
-1.559412
-2.381415
-2.656549
-2.387877
-2.046207
-2.105656
-1.793133
-1.352055
-1.064457
-0.584838
-0.590601
0.350747
1.267381
1.322657
1.195716
0.646530
0.458935
0.258413
-0.020167
-0.354919
-0.509313
-0.654574
-1.285938
-1.845391
-0.475351
-0.134114
-0.469456
0.146982
1.096055
1.316327
2.160383
1.980564
1.906655
1.805160
1.963790
2.607652
2.662417
2.404116
1.509631
1.540720
1.461270
0.672813
0.548269
-0.036251
0.314027
0.088275
-0.366873
-0.647034
-0.947078
-0.829056
-0.430663
-0.552910
-1.203263
-0.839891
0.092906
-0.267444
-0.132161
0.371778
1.141195
0.660887
0.127426
0.756986
0.811893
0.333923
0.708997
1.035766
0.498893
-0.029397
0.284490
0.142350
-0.615666
-0.824178
-0.898875
-1.161743
-1.697884
-1.409472
-1.051199
-1.011414
-0.966589
-0.344031
-0.125962
0.338659
1.646632
1.329558
0.785907
0.749854
0.598148
-0.070542
-0.310100
-0.234467
-0.196007
-1.054225
-0.994717
-0.950176
-1.178147
-1.167877
-0.674391
-0.899902
-1.432637
-2.013217
-1.271437
-0.925276
-0.944560
-0.195320
0.174087
0.268629
-0.152026
0.432462
1.056330
0.633497
0.337783
0.301464
0.473746
0.651254
0.937922
0.755907
0.490021
0.493043
0.558506
0.409561
0.349431
0.949765
0.788961
-0.108357
-0.151225
0.182371
0.695336
0.338901
-0.424933
-0.658439
-0.425693
-0.293963
-0.830227
-1.333877
-1.574599
-1.534509
-2.138786
-2.848187
-2.723693
-1.934322
-1.276917
-0.040931
-0.176567
0.075603
0.488657
1.623655
1.960808
1.923578
2.659414
1.739472
1.229174
1.062739
0.714859
0.476913
0.068788
0.090992
-0.223878
-0.374734
-0.336538
-0.647131
-0.267761
0.043861
-0.089735
0.398752
0.424857
0.279724
1.064626
1.571840
1.187895
0.817066
0.851890
0.551178
-0.081509
-0.282201
-0.383327
-0.431580
-0.526460
-0.746676
-0.567556
-0.135338
-0.203409
0.082908
0.095493
-0.072811
0.332305
1.300103
0.955182
0.482749
1.543889
1.627402
1.435393
1.124569
1.595544
1.387598
1.111560
0.847870
0.204436
0.180211
-0.385810
-0.673526
-1.118876
-1.436227
-1.398927
-1.909332
-1.931726
-1.168439
-1.627428
-1.647332
-1.179251
-1.413796
-0.643528
-0.261939
0.000916
0.237155
0.528443
1.169015
1.318155
1.427579
1.661310
1.076350
0.545139
0.568600
0.430221
0.516568
0.907405
-0.026193
-0.205177
0.045078
0.086060
0.570582
1.076410
1.257660
0.903060
1.705748
2.168680
2.188638
1.864444
1.685588
0.897201
0.287981
-0.546969
-0.066854
0.607116
0.481877
1.243338
0.556929
-0.372262
-0.837140
-0.630211
-0.740423
-1.461078
-1.011673
-1.199987
-1.719103
-1.263774
-1.033781
-0.772256
-0.416594
-0.049243
-0.912467
-1.372892
-1.109044
-0.817787
-1.103874
-1.755636
-1.020927
-1.193025
-0.839736
-0.112571
-0.054027
-0.797211
-0.341953
-0.117403
-0.043786
0.007062
0.301734
-0.210799
-0.498792
-1.555725
-2.419126
-1.828006
-1.663093
-1.191406
-0.431449
0.059827
-0.389336
0.075275
0.199911
-0.202819
-0.195131
0.175543
-0.264674
-0.761153
-0.740190
-0.788671
-0.717567
-0.298981
0.431345
-0.118059
-0.336843
-0.293981
0.231290
0.691750
1.546594
1.326295
1.846786
1.443006
0.692393
-0.027645
0.477140
1.322241
0.859985
0.270334
-0.102868
0.412156
0.458956
0.058646
0.065984
0.113699
0.106004
0.612104
0.393770
0.429454
0.617443
0.927586
0.979512
1.457603
0.685177
0.475511
