0.859624
0.400540
-0.040315
-0.106399
0.190661
0.009001
-0.221579
-0.602424
-0.795369
-1.551628
-1.419830
-0.851268
-0.106319
0.551073
0.867557
0.637280
0.504765
0.023288
-0.184377
0.134973
0.771345
0.544695
-0.271903
-0.638844
-0.126058
0.500504
0.807894
0.908927
0.511596
0.760154
0.182311
-0.683131
-0.747268
0.097911
0.988231
0.817470
-0.000937
-1.254499
-1.973705
-1.695469
-0.848606
-0.190068
0.028176
-0.056159
-0.360000
-0.410255
0.180618
0.888118
0.936486
0.593427
0.875034
1.324807
1.532685
1.041563
0.379255
0.132932
-0.103415
-0.257067
-0.298680
-0.312944
-0.399986
0.503764
1.303547
1.958476
2.009135
1.545277
1.279510
1.082372
0.943167
0.598259
0.508030
0.027130
-0.195544
-0.221454
-0.323131
-0.212203
0.208947
-0.144271
-0.062588
-0.000437
-0.057017
0.082584
0.357369
0.421114
0.162512
-0.289733
-0.419482
-0.241237
-0.345863
-0.597412
-1.182185
-1.387365
-1.459973
-1.473905
-1.505228
-0.960918
-0.275018
-0.033255
0.016544
-0.446429
-0.195405
0.276578
0.111760
0.038271
-0.354582
-1.239121
-1.365216
-1.232604
-0.734220
-1.311653
-2.004291
-2.226592
-1.689697
-0.835709
-0.209776
0.617037
0.980754
0.909779
0.432958
0.246513
0.213790
-0.088357
-0.624388
-0.952380
-0.826865
-0.776504
-0.877665
-0.752476
-0.320394
0.556945
0.905975
0.857585
0.589497
0.652077
0.430425
-0.133431
-0.794863
-1.468243
-1.325090
-0.969494
-1.084398
-1.635228
-1.107000
-0.443826
0.046389
0.333649
0.508952
0.461165
0.892724
1.054224
0.882142
0.124218
-0.371385
-0.559520
-0.525078
-0.104759
-0.211168
-0.242106
-0.415418
-0.132724
0.775302
0.819090
-0.149520
-0.861648
-0.217181
1.224916
1.777592
1.701065
1.823056
1.701186
1.070201
-0.245369
-0.814125
-0.939976
-0.765501
-1.032465
-1.264245
-1.056093
-0.479256
0.313532
0.745792
0.404228
-0.094193
-0.177761
-0.057247
0.638669
1.220397
1.890543
1.176350
0.107674
-0.259696
-0.430726
-1.245208
-1.531895
-1.493639
-0.958974
-0.597394
-1.005478
-0.526748
0.476453
0.919554
1.053792
1.079145
0.818898
0.496435
0.056276
-0.141605
-0.168144
0.140064
0.522961
0.575914
0.595307
0.494891
0.585242
0.830758
0.794300
0.374554
0.541839
0.623065
0.611716
0.236280
-0.110093
-0.147525
0.019452
0.085052
0.543619
0.808798
0.592206
0.297066
0.397151
0.715683
0.463000
0.514117
0.703365
0.688626
0.471673
0.266637
-0.575055
-0.961549
-1.036123
-1.087086
-0.923268
-0.295622
-0.183329
-0.239756
-0.172990
0.136263
0.382536
0.607155
0.500402
-0.410427
-0.714314
-0.333711
0.142854
-0.043637
-0.358767
-0.421682
-0.110769
-0.408466
-0.794823
-0.715474
-0.611592
-0.773247
-0.781063
-0.583048
-0.893335
-1.200132
-0.881440
-0.398133
-0.427695
0.105623
0.718101
1.042821
1.043684
0.486445
0.250361
0.061780
-0.412956
-0.657476
-1.075465
-1.463839
-1.114098
-0.526015
-0.099005
0.076720
0.590585
1.546071
1.765960
1.847208
1.491578
0.856491
0.189315
-0.341370
-0.981882
-1.458478
-1.165278
-1.036120
-1.219103
-1.261127
-1.180406
-0.522587
0.096507
0.277705
0.905793
1.104701
0.715705
0.035205
-0.214219
0.158553
-0.304464
-1.139979
-1.566832
-1.169175
0.199474
0.622112
0.118551
0.047880
0.944082
1.638583
2.162901
1.821493
1.056472
0.415393
0.412439
0.610481
-0.055407
-1.178276
-1.267936
-0.374704
0.335843
0.556232
0.586156
-0.007501
-0.790397
-1.194475
-1.060562
-0.830972
-0.397469
-0.396689
-1.094357
-1.606826
-1.151226
-0.414680
0.660865
1.389879
1.203613
0.399718
-0.037997
-0.429253
-0.351417
-0.240285
-0.026456
-0.132450
-0.986111
-1.541261
-0.971635
-0.479291
-0.051973
0.405718
0.119544
0.212202
0.544663
0.643277
0.352796
0.040901
-0.157646
-0.095824
-0.525073
-1.057589
-1.496643
-1.438778
-1.225763
-1.099077
-0.569922
-0.178921
0.251380
0.689968
0.834621
0.798764
1.057828
1.199428
1.374792
0.878053
0.377221
0.026216
-0.301566
-0.952446
-1.937614
-2.440518
-2.077358
-0.915466
0.399807
1.005375
1.114856
1.447717
1.763327
1.763616
1.125145
0.830559
0.665954
0.476481
0.189255
0.350120
0.294647
0.166322
-0.274680
-0.806682
-1.212657
-1.514113
-1.724762
-1.064020
0.020145
0.531844
0.722680
0.587361
0.988961
0.924730
0.820013
1.114671
0.924677
0.822287
0.770074
0.494893
0.634259
1.392914
1.734143
1.231601
0.580711
0.316186
0.309254
0.246448
-0.439065
-0.694051
-0.738530
-0.812888
-1.098573
-0.764980
-0.792569
-0.879580
-0.709015
-0.632008
0.674016
1.301823
1.037107
0.417905
0.563124
0.152478
0.234261
0.726089
0.541723
0.086234
0.358848
0.446881
0.099166
0.037485
0.359322
0.557842
0.808526
0.440694
0.187639
0.672102
0.188523
-0.206635
-0.086065
-0.067939
-0.186817
-0.490012
-0.608979
0.040366
0.760670
1.075867
1.150148
1.087664
1.003085
0.784952
0.101921
-0.329402
-0.015045
0.173575
0.044501
-0.365737
-0.502745
-0.185591
-0.194281
-0.465867
-0.883515
-1.155310
-1.271304
-0.928503
-0.331392
0.269461
0.609639
1.005513
1.274126
1.351068
1.255039
1.147881
0.707811
0.664240
0.815885
0.435095
-0.558025
-0.852701
-0.996644
-1.373178
-1.509550
-1.524796
-1.569032
-1.540857
-1.131668
-0.122072
0.690359
1.305693
1.447809
0.392816
-0.221207
0.290704
0.721413
0.240948
-0.741923
-1.582613
-2.008805
-1.140485
-0.961135
-1.040201
-0.946968
-0.845153
-0.653913
-0.092542
0.183741
0.636739
0.832593
1.167103
1.135641
1.021177
0.789174
0.420528
0.110094
-0.436529
-0.475660
-0.896478
-1.202437
-0.738280
-0.043960
0.489272
0.478311
0.405799
0.903406
1.202542
1.606078
2.033420
1.547831
0.707995
-0.521124
-0.965335
-1.017374
-1.037815
-1.443956
-1.704531
-1.493241
-1.024963
-0.814356
-0.449570
-0.533432
-0.132051
-0.167807
-0.147922
0.342995
0.386055
0.436680
-0.321546
-1.008471
-0.795022
-0.547314
-0.833474
-0.849296
-0.684347
-0.498818
-0.532583
0.036807
0.626763
1.227536
1.479742
1.633519
1.503852
0.947423
0.214345
-0.510747
-0.497062
-0.595977
-0.788900
-1.159055
-1.183097
-0.711246
-0.108820
0.093679
-0.261112
0.002766
0.029187
-0.030930
0.096648
-0.179188
-0.331503
-0.401308
-0.975069
-0.922931
-0.419764
-0.058026
-0.248938
-0.137269
-0.082710
0.417459
0.993118
1.127284
1.281927
1.018986
1.217075
1.360908
1.128844
0.231320
-0.483295
-0.961038
-1.475260
-1.633888
-1.440537
-1.147162
-1.198993
-1.240448
-0.019694
1.082555
1.498154
1.293910
1.134723
0.927752
0.125313
0.003991
0.256933
0.135875
-0.549497
-0.433357
-0.173099
0.088501
0.795848
1.039472
0.768182
0.431738
0.342812
0.659824
0.805384
1.166444
1.499664
1.053183
0.904011
0.618970
0.593560
0.642853
0.188640
-0.236804
-0.226797
-0.390265
-0.960882
-1.745867
-1.561526
-0.078993
1.200488
2.068198
2.334113
2.501129
2.183443
1.869081
0.509417
-0.468902
-1.199914
-1.649397
-1.980185
-1.900390
-2.023743
-2.419968
-2.733005
-2.238815
-1.745901
-1.666090
-1.438176
-1.018246
-0.249156
0.361261
0.728593
-0.133077
-0.871786
-1.331591
-1.828123
-2.048311
-1.994552
-1.533472
-0.900027
-1.090654
-1.438276
-1.579336
-1.037806
-0.576756
0.031719
1.460190
2.544017
2.965750
3.019506
2.454511
1.638995
1.062885
0.345598
-1.051027
-2.160914
-2.691940
-2.354946
-1.578386
-0.724239
0.129220
1.068046
1.878488
2.340458
2.630791
2.449493
2.089494
1.261808
0.586719
0.495218
0.348185
0.260757
0.599042
0.321039
0.048044
0.252366
0.385210
0.563731
0.767845
0.914751
0.711359
1.145968
1.991439
1.981560
1.329975
0.996277
0.662766
0.476442
-0.333905
-0.682296
-0.666604
-0.493123
-0.756333
-0.497512
-0.007716
0.665947
1.527234
1.520248
1.145013
1.202682
1.423463
1.053363
0.785385
0.779505
0.746483
0.871545
0.496465
-0.525326
-0.925761
-0.789739
0.253824
0.896360
1.197523
1.062888
0.904642
0.915404
0.657063
0.663941
1.025344
0.767891
0.721605
1.250890
1.075125
0.901051
0.551281
0.509640
0.315061
0.373942
-0.045556
-0.229152
0.067662
0.655642
0.557795
0.347000
0.171783
-0.138525
-0.382640
-0.896604
-1.192216
-1.311629
-1.412056
-1.384545
-1.124500
-1.116764
-1.507722
-2.088998
-2.080961
-1.669315
-1.039055
-0.419220
-0.878536
-1.888708
-2.905712
-3.363570
-3.855979
-3.833749
-3.339452
-2.933505
-2.794436
-2.509227
-2.451289
-2.411467
-2.357866
-2.137468
-2.153444
-1.934635
-1.568698
-1.464301
-0.897435
-0.177500
0.180844
-0.221315
0.283563
0.893878
1.414444
1.494378
2.118210
2.531860
2.585972
1.956672
1.469351
1.365608
1.176603
0.463971
-0.134479
0.392211
0.733483
0.909928
0.855083
0.706895
0.955278
1.318519
1.306800
1.165644
1.093321
0.969688
0.698547
0.262654
0.481624
0.496207
-0.052710
-0.600071
-0.202753
0.381244
1.122071
1.278244
1.501897
0.911510
0.460695
0.216498
0.355698
0.418825
0.568433
0.782194
0.638510
0.680156
0.402677
0.284266
0.370859
0.222274
-0.158677
-0.163263
-0.324133
0.230089
0.339332
0.561721
0.555017
0.802012
1.282589
0.727725
-0.191189
-0.667131
-0.841448
-0.744746
-0.257885
-0.152418
-0.665833
-1.400939
-1.583910
-1.392964
-0.544379
0.689642
1.179097
0.832673
0.044486
-0.644440
-0.628067
0.500276
1.132000
1.049720
0.392388
-0.054451
-0.140834
0.192840
-0.053018
-0.500443
-1.985281
-2.257096
-1.489943
-0.783668
-0.268092
-0.434730
-0.819142
-1.319907
-1.457742
-1.161018
-0.947524
-0.784019
-0.713250
-0.473442
-0.190689
-0.320535
-0.582226
-1.451623
-1.733782
-0.907974
-0.557939
-0.477618
-0.675624
-0.881911
-0.712228
-0.264373
0.597534
1.351618
1.185401
0.563990
0.084945
0.112866
0.347688
0.946994
1.088474
0.680510
0.011289
-0.776826
-1.256553
-1.211389
-0.705491
0.236334
0.576482
0.634114
1.054766
1.732262
1.575755
0.615313
-0.408138
-0.952435
-0.881996
-0.667318
-0.384429
0.176154
0.901413
1.647135
1.407830
0.863114
0.606898
0.961421
1.525938
1.612214
0.942070
1.174578
1.174530
0.469693
-0.271740
-0.086125
0.571182
0.755872
0.794282
1.016850
0.843248
0.433530
0.311100
0.207462
0.012720
-0.796819
-0.964166
-0.694052
-0.353191
0.090930
0.388602
0.962230
1.204245
0.542267
0.193537
0.289821
0.653944
0.788651
0.584938
0.602395
0.758834
1.102961
0.359134
-0.543645
-0.971109
-1.330465
-1.440831
-1.046500
-0.546760
-0.368598
-0.385680
-0.532388
-0.433530
-0.190646
0.430324
-0.013211
-0.257100
-0.297223
-0.077115
-0.217080
-0.226756
