0.872682
0.394548
0.673730
0.787414
0.176944
0.159102
-0.268962
-0.115034
-0.133882
-0.548392
-0.034823
0.376649
0.054126
0.380503
0.533774
0.671219
-0.211028
-0.349338
-0.209832
-0.248101
-0.334883
-0.769453
-0.701668
-0.706930
0.202136
0.670407
1.174538
0.912654
-0.046313
-0.716956
-0.943478
-1.277956
-1.356753
-1.589813
-1.038026
-1.028972
-1.685883
-2.446643
-3.015159
-2.725025
-2.575162
-1.324901
-0.904216
-1.001111
-0.589489
-0.091610
-0.211857
0.528596
1.319393
0.794514
0.901607
1.183559
0.670976
-0.023995
-0.360629
-0.074074
-0.318789
-1.201645
-1.062894
-1.272017
-1.374275
-1.544619
-1.059344
-0.186093
0.793701
1.046658
0.398532
0.377979
0.230137
0.050326
-0.410099
-0.718678
-0.946760
-0.799792
-0.738353
-1.000635
-1.115944
-0.933719
-1.047155
-0.975687
-1.209604
-1.058825
-0.961328
-0.717196
-0.621962
-0.914368
-1.044792
-1.403631
-1.324169
-1.760458
-1.994174
-2.028183
-1.742437
-1.769848
-1.799265
-1.415415
-0.328935
-0.076064
-0.025056
-0.139251
-0.060723
-0.302805
-0.836999
-0.523262
-0.933526
-0.753959
-1.077647
-0.581736
0.675341
0.265181
-1.012048
-1.063593
-0.321851
0.749998
0.849720
1.157775
1.359480
1.838763
1.339869
0.596899
1.120614
1.181761
1.000713
-0.257859
-0.321194
0.108901
0.194538
0.130881
0.578715
1.303891
1.853207
1.435716
0.982335
0.678473
0.259553
-0.136625
-0.280517
-0.050268
-0.092893
-0.104542
-0.592850
-0.060973
0.487983
0.996402
0.962308
1.075173
0.884104
1.237341
1.690045
2.020766
2.023326
1.788504
1.099492
0.528294
0.553060
0.079372
0.149124
0.114806
-0.067990
-0.703668
-0.491178
0.110931
0.569738
0.557921
0.500434
1.089164
1.481774
1.595159
1.909407
1.963398
0.936024
0.673900
0.070366
-0.618405
-1.362327
-1.451774
-0.782340
0.166850
0.042755
0.315937
-0.161285
-0.158915
0.960226
1.621161
1.610534
0.680449
0.542932
1.232210
1.412676
0.120848
-0.628682
-0.995750
-0.754956
-0.706809
-1.038405
-1.389638
-1.382002
-1.071899
-0.208285
0.472304
0.397835
1.273944
1.486408
1.217307
0.505910
0.060317
0.033747
0.364054
-0.605630
-0.933644
-0.879405
-0.128803
0.131087
0.583735
0.480371
-0.082656
0.013088
1.632748
2.630673
2.080205
0.799322
0.073908
0.390409
0.548321
0.820538
0.567381
-0.078413
-0.313352
0.104565
0.759078
0.906599
0.837036
0.886766
2.187184
2.542792
2.131237
0.996001
0.115472
-0.669357
-0.553877
-0.411621
-0.603942
-0.515663
-0.584644
-0.637166
-0.568779
-0.257290
-0.189036
0.054180
0.509974
0.851870
0.353970
0.746448
1.050587
0.859567
0.344912
0.467101
0.054818
0.291363
0.255743
0.158271
0.083304
-0.460771
-1.028566
-0.999326
-0.943893
-1.634006
-1.118337
-0.244775
-0.269805
-0.467399
0.170446
0.340095
0.532883
0.151272
0.077763
-0.136435
-0.438705
-0.142423
-0.029090
0.119845
-0.084448
0.517917
0.229846
-0.105370
-0.110022
0.866175
0.725917
0.078354
-0.483034
-0.586747
0.183447
0.354832
-0.311747
-1.341388
-1.401165
-0.898257
-0.536318
-0.592498
-0.877818
-1.110866
-0.471482
0.079471
0.925210
0.576967
0.162753
-0.352899
-0.227239
-0.392160
-1.242326
-1.183384
-0.692720
-0.274950
-0.334534
-0.259025
-0.606622
-0.329423
0.225818
0.776933
0.953715
0.054719
-0.374021
0.225765
1.324087
1.908082
0.676668
-0.678496
-0.410232
-0.023641
-0.023954
-0.160940
-0.311661
-1.124760
-1.203827
-1.265485
-1.301809
-1.792113
-1.718692
-1.531283
-0.963187
-0.031882
0.429504
1.005213
1.021314
1.242308
0.307655
-0.171438
-0.073037
-0.289795
-0.578069
-0.821708
-0.602686
-0.343254
-0.860177
-0.866300
0.266518
1.138801
1.594874
1.527542
0.853239
0.380383
1.088910
1.176783
0.503344
-0.552033
-1.118127
-1.223112
-0.569315
-1.301391
-1.937717
-1.150311
-0.558923
0.312094
1.227342
0.897131
0.599233
1.408590
1.759154
2.100937
1.998311
1.599233
0.490872
-0.204560
-0.912067
0.008505
0.032858
-1.377696
-1.842691
-1.458869
-1.092222
-0.806118
0.385911
1.205955
1.507351
1.490827
1.467163
0.542220
0.613618
-0.058694
-0.600538
-0.994397
-0.923225
-0.203839
0.467452
-0.042501
-0.872687
-1.067948
-0.934562
-0.134100
-0.171082
-0.214450
-0.186953
0.347667
0.374905
0.246774
0.844812
0.592336
-0.072124
0.765919
0.379413
0.469066
1.148939
1.416429
1.561828
1.613418
1.965581
1.074930
0.576467
-0.080862
0.114412
0.063243
0.262665
-0.739768
-1.523938
-1.602730
-1.522115
-1.548422
-1.949842
-1.852414
-1.488469
-1.412220
-0.792064
0.402972
0.678574
-0.131765
-0.167016
0.327088
0.429272
0.210260
-0.722527
-1.018233
-1.104375
-0.822300
-0.997087
-1.252170
-0.938286
-0.372199
0.444441
0.425163
0.907220
1.400817
1.817596
1.039589
0.603255
0.450904
0.155669
0.026483
-0.289886
-0.534242
-0.327418
-0.001941
0.066259
0.186259
0.280979
0.420295
0.270046
0.740348
0.878335
0.509046
-0.556401
-0.789973
-1.490193
-0.789414
-0.230489
-0.316786
-0.387088
-0.307957
-0.053588
0.313326
0.388724
0.454796
1.357865
1.576725
1.294604
1.199927
0.930667
0.268905
0.541047
0.123177
0.097132
0.264336
-0.206157
-0.523764
-0.492453
-0.878131
-1.212327
-1.049219
-1.470414
-1.068298
-0.825268
-0.324753
-0.031443
0.790724
1.133508
0.775660
0.493684
0.844556
1.290981
0.599081
-0.249960
-1.305504
-1.387262
-1.044599
-1.031716
-1.654191
-2.100182
-2.366447
-1.797383
-1.017354
0.014781
1.046397
2.159393
2.315208
1.925531
1.992249
1.738939
1.710888
1.387658
1.193134
1.139892
1.250344
0.211484
0.150680
-0.050237
-0.056041
-0.246009
-0.693538
-0.546592
-0.405700
0.383370
1.197070
1.249099
0.549139
-0.554758
-0.478798
0.577154
0.932086
0.876198
0.790648
1.569545
1.862605
1.899582
1.734309
0.915113
0.595534
0.564148
0.397906
0.343506
0.216752
-0.472654
-0.718315
-1.608550
-1.400430
-1.146705
-0.509316
-0.701645
-0.903319
-0.708026
0.198339
0.781557
1.025895
1.654208
1.536807
1.875805
1.745465
1.351487
0.400970
0.557246
0.747357
0.464667
0.264435
0.074546
-0.318084
-0.384120
-0.687051
-0.845006
-0.485571
-0.764639
-0.537825
-0.047400
0.627391
0.907350
0.375470
0.285555
0.799215
0.300618
0.090534
-0.083041
-0.107729
-0.563764
-0.310721
0.227881
0.097297
-0.122745
-0.321873
-0.041712
-0.022813
0.308514
0.065406
-0.683002
-1.617366
-1.575715
-1.550481
-1.160960
-0.962914
-0.121020
0.007377
-0.395163
-0.046406
0.370279
0.446389
-0.138704
0.060969
-0.524282
-1.175347
-1.496681
-1.235006
-0.807061
-0.946563
-1.195583
-0.384890
-0.287816
0.079240
0.883391
1.152258
0.802386
0.345928
0.675895
0.643618
0.464092
-0.111950
0.158821
-0.354068
-0.835304
-0.869199
-0.826612
-1.115740
-0.820789
-0.807892
-0.231466
-0.277093
-1.107464
-0.913447
-0.099259
0.680317
0.657019
0.571866
0.193660
0.420242
0.831542
0.145965
-0.693152
0.016908
0.100531
0.316411
0.395443
0.631878
1.330014
0.644077
0.608761
0.191092
-0.287063
-1.349520
-1.279508
-1.025307
-0.029456
0.354700
-0.346543
-1.473821
-1.768657
-2.300824
-1.987613
-1.927217
-1.996351
-1.331849
-1.351200
-1.149797
-1.105083
-0.542517
-0.249015
0.384771
0.586228
1.354618
1.234668
1.273905
0.329910
0.033389
-0.391104
-0.770969
-0.745297
-0.799122
-0.806869
-0.640474
-0.562716
-0.954690
-0.621976
-0.753818
0.097269
0.399583
-0.036312
0.138062
0.137325
-0.168954
-0.134968
-0.233947
0.170060
-0.100864
-0.122345
0.328882
0.793067
1.935474
2.066404
1.875945
1.343797
0.937013
-0.377926
-0.847492
-0.525586
-0.333328
-0.648562
-1.381960
-1.739320
-1.761956
-1.861332
-2.028832
-1.268893
-0.728473
-0.816703
-0.719828
-0.562467
-0.592733
-0.070608
0.298140
0.636673
0.503838
1.097982
1.260364
1.164622
0.971971
0.764659
1.812741
1.967413
1.102181
0.689389
0.289856
0.275784
0.032396
-0.384503
-0.330637
-0.871316
-1.054672
-1.316773
-1.309728
-0.579469
-0.301609
0.005822
0.356081
0.367928
-0.170491
-0.355271
-0.765916
-1.141325
-1.081015
-1.334595
-1.535794
-1.045143
-0.261512
-0.366992
-0.572393
-0.026397
0.930605
1.048562
1.079354
0.957936
1.190464
0.911501
1.499508
1.765868
1.789541
1.205126
0.409984
0.412979
0.839859
0.936091
0.840232
0.543251
-0.331087
-0.287146
-0.401454
-0.167115
0.231555
0.940200
0.635810
0.967608
1.814221
2.617585
3.026299
2.894630
3.122990
3.474550
3.325359
2.966925
3.084428
2.755435
3.135500
3.147667
2.546446
2.146250
2.235307
1.853654
2.101210
1.996230
1.681296
1.360842
1.073724
0.750702
-0.099406
-0.852849
-1.033491
-1.091808
-1.277796
-0.725878
-0.542538
-0.057226
0.345596
0.791896
0.985214
1.151955
0.452761
-0.002461
-0.326160
-0.433025
-0.887502
-0.652683
-0.811140
-1.184207
-0.832762
-0.617641
-0.558342
-0.511853
-0.165278
0.071709
-0.354286
-0.826566
0.213938
0.359127
0.237178
-0.710955
-1.411986
-1.380433
-1.345605
-1.448449
-1.932479
-2.201292
-1.625406
-0.188764
0.726517
0.569627
0.614198
0.736626
0.964416
0.957549
0.653323
0.769687
-0.355914
-1.691403
-1.661048
-1.671442
-1.015172
-0.337667
-0.040344
-0.936819
-0.953738
-0.405303
-0.017911
0.141657
0.690671
0.829266
1.223570
1.136457
0.060172
-0.107039
-0.228766
-0.488543
-0.564918
-0.310328
-0.418453
0.024023
-0.378064
-0.824406
-0.738599
-0.072631
0.001319
-0.124901
-0.839446
-1.394305
-1.756858
-1.979841
-2.340342
-1.771765
-0.542500
0.254346
0.450807
-0.951318
-1.636143
-1.338734
-0.357181
-0.259854
-0.254092
0.560880
1.067708
0.887402
0.780415
0.559210
0.334674
-0.413981
-1.224856
-0.323657
-0.098006
-0.092146
0.188728
0.444525
0.662399
1.465513
1.903124
1.493430
0.331711
0.926356
0.471315
-0.035828
0.007783
0.163241
0.967591
0.779805
0.284188
-0.388924
-0.423076
-0.772621
-1.036193
-1.564054
-0.849316
-0.769359
-0.533641
-0.046742
0.356595
0.744626
0.412283
-0.006208
-0.940056
-1.034300
-0.673776
-0.090313
-0.191179
0.045009
0.832541
1.003339
0.825499
1.369770
1.205128
1.144948
0.595550
1.008131
1.598849
1.413147
0.433593
-0.611812
-0.723202
-0.383833
-0.855563
-1.213584
-0.934281
-0.940003
-0.458797
-0.692814
-0.102550
0.870812
0.558112
0.200912
0.289041
0.654106
0.242710
0.034050
-0.497424
-0.321398
-0.526190
-0.567847
-1.684437
-1.580793
-1.042052
-0.600412
-0.922033
-1.319627
-2.246435
-1.906385
-1.331262
-0.675260
0.149124
0.243681
-0.045021
0.073168
-0.144046
-0.102593
0.316536
0.141041
