-1.626568
-1.470793
-1.191019
-1.122334
-1.157662
-1.168450
-0.982414
-0.444717
0.210918
0.293964
0.381936
0.630549
0.324517
-0.034134
-0.608535
-0.636613
-1.058522
-1.475592
-1.613608
-2.192549
-2.022701
-1.395921
-1.021415
-1.024594
-1.031190
-0.748330
-0.443723
0.176219
0.819657
0.747975
0.499947
0.853708
0.694909
0.554123
0.665185
0.893014
1.496620
1.592772
2.027469
1.758133
0.959290
0.380667
-0.254499
-0.979983
-1.175965
-0.875205
-0.836710
-0.833942
-0.578542
-0.895661
-0.719801
-0.549453
-0.414469
0.277321
1.407957
2.136849
1.989021
1.900319
1.428306
1.190790
0.462020
-0.085583
-0.904043
-1.599312
-1.563152
-1.521491
-1.468352
-1.480770
-1.125487
-0.678284
-0.289460
-0.031221
0.386809
0.697929
0.735047
0.576596
0.951568
0.839338
0.881949
0.591692
0.116801
-0.792503
-1.400702
-1.253203
-0.528676
0.406345
0.883423
1.444809
1.492741
1.229169
0.643320
0.622730
0.684179
0.778798
0.649880
0.326019
-0.685074
-0.643463
-0.835052
-0.792877
-0.634195
-0.558164
-0.213888
-0.024327
0.617130
1.170283
1.085887
1.163167
1.033337
1.007865
1.347834
0.760929
0.542015
0.522600
-0.195307
-0.565068
-0.220829
0.068743
-0.010340
0.096605
0.524191
0.561135
0.562907
0.580677
0.097758
-0.198229
-0.035321
-0.296110
-0.803705
-0.810245
-1.478810
-2.064576
-1.893824
-1.410433
-0.663041
0.098104
0.789371
0.928493
0.791549
1.006811
0.822958
0.477303
0.808971
0.671483
0.539704
0.052063
-0.508039
-0.961633
-1.355155
-1.711069
-1.709546
-1.073274
-1.044884
-0.611842
0.181289
1.006796
1.048961
0.916989
0.473066
0.089016
-0.004951
0.025334
0.080197
-0.260448
-0.851000
-1.495786
-1.925627
-2.079379
-2.111901
-2.635159
-2.700030
-2.080161
-1.222005
-0.192981
0.358059
0.748680
1.264304
1.170793
1.429266
1.483251
0.972528
0.529296
0.983120
1.382441
0.486706
-0.186373
-0.825289
-0.742434
-0.744520
-1.524999
-1.644353
-0.865634
0.058029
1.198769
1.220811
0.675052
1.124340
1.200528
0.944134
0.243666
-0.245988
-0.717170
-1.144590
-1.307197
-1.070029
-1.005751
-0.577131
-0.599903
-0.741088
-0.828112
-1.128836
-1.008842
-0.629485
-0.244840
-0.418470
-0.425120
-0.478455
-0.055727
0.324870
0.548118
0.107749
0.447652
0.305356
-0.043911
-0.435279
-1.032890
-1.534231
-1.564958
-1.090131
-0.805914
-0.383279
0.019366
0.605243
0.723947
1.049954
1.134854
1.115903
1.028583
0.999045
0.179505
-0.290379
-0.406575
-0.686744
-0.839532
-0.648985
-0.385330
0.025201
0.844603
0.991552
1.378054
1.362282
0.839218
0.409298
0.481883
0.588810
0.277871
0.129355
0.324928
0.579010
1.002161
1.165598
0.897980
1.347420
1.226686
0.688544
0.388529
0.193914
0.060808
0.032756
-0.760526
-0.324079
-0.383371
-0.392043
-0.053239
-0.394933
0.005295
0.209385
0.026752
0.205760
0.385399
0.475385
0.574289
-0.173438
-0.792158
-1.217012
-1.886822
-2.075208
-1.492949
-0.994854
-0.444694
-0.173858
-0.042026
0.283862
0.548127
1.037732
1.335145
1.194233
1.079430
1.267879
0.873124
0.398817
0.118116
-0.104830
-0.038531
-0.360098
-0.054525
0.745593
0.710391
0.610704
0.875258
1.244352
1.318451
1.459769
1.090160
0.357613
0.369998
-0.018380
-0.349917
-0.572789
-0.799488
-0.675631
-0.156494
0.094712
0.313629
0.888792
1.701080
2.105236
1.377940
0.388692
-0.167329
-0.250092
-0.563483
-0.498914
-0.657842
-0.583937
-0.383546
-0.235105
0.698583
0.811822
0.599221
0.939553
1.440651
1.121469
1.242363
1.042379
1.144693
0.966408
0.914691
0.450224
0.164888
-0.204649
-0.072322
-0.137916
-0.005554
-0.009251
0.119325
0.201682
0.477256
0.658856
0.918504
0.966296
0.727376
1.002790
1.151757
0.625247
0.505552
0.331012
0.392511
0.394875
-0.100748
-0.180835
0.398793
0.702705
0.699842
0.500325
0.431523
0.587022
0.798813
0.560647
0.053969
-0.742976
-1.079115
-0.943446
-0.815073
-1.148168
-1.244690
-1.096337
-0.599154
-0.589630
-0.590390
-0.306387
-0.920215
-0.535910
-0.353814
-0.586135
-0.822793
-0.825766
-0.782629
-1.077643
-1.071516
-0.864815
-1.266432
-1.610013
-1.537893
-1.512545
-0.680159
-0.353433
0.394201
1.211292
1.300117
0.829241
0.512360
0.168363
0.184821
-0.559604
-0.976441
-1.128981
-1.641588
-1.691138
-1.479984
-1.536963
-1.570840
-0.964589
-0.765575
-0.512068
-0.188143
0.051928
-0.026897
0.020615
0.472112
0.774679
0.339336
-0.377469
-0.406583
0.101645
-0.294313
-0.754869
-0.886275
-0.716208
-0.718647
-0.672579
-0.409065
-0.465222
-0.187541
-0.010132
0.524403
1.045256
0.884622
0.418852
-0.033558
-0.545714
-0.931250
-0.983176
-0.866442
-0.353544
-0.386240
-0.600009
-0.328998
0.437511
0.839927
1.582822
2.056976
2.142741
1.879121
1.675906
1.497532
0.974807
0.672496
0.524874
-0.017174
-0.821029
-1.224486
-0.818480
-0.094253
0.323413
1.121961
1.294938
1.155983
1.266359
1.289654
0.926244
0.836682
0.481896
0.152551
-0.344251
-0.497894
-0.005411
0.037104
-0.074710
0.415495
1.011280
0.889858
0.799762
0.629309
0.349785
0.298261
-0.212728
-0.604137
-0.856602
-1.650506
-1.438319
-1.277917
-1.136299
-0.339217
0.205935
1.226853
1.547713
1.293249
1.091535
0.793705
0.317934
-0.283019
-0.564446
-1.135512
-0.907053
-0.410416
-0.865427
-0.929214
-0.013243
0.363124
0.948198
1.677028
1.439359
1.335951
1.738035
1.246264
1.529998
1.429197
0.788820
0.300760
-0.076422
-0.293406
-0.532695
-0.879363
-1.728367
-1.992637
-1.676010
-1.315421
-0.877162
-0.019992
0.380233
0.086074
0.049349
0.372635
0.146782
-0.301492
-0.794201
-1.261250
-1.731970
-1.922233
-1.764167
-1.510349
-0.488083
0.401310
1.114202
1.641016
1.966613
1.932870
1.881182
1.462482
1.194867
1.106039
0.895040
0.511201
0.429277
0.410371
-0.023620
-0.501161
-0.911237
-0.438421
0.191324
0.542803
1.002038
0.932995
0.428762
0.201398
-0.365115
-0.691797
-1.478147
-2.237397
-2.645732
-2.266028
-2.114760
-2.132237
-1.877434
-1.781937
-1.133431
-0.483182
0.076344
1.017223
1.674391
1.559711
1.322427
1.060280
0.654876
0.225948
0.109616
-0.059001
-0.366628
-0.514988
-0.551970
-0.493994
-0.593006
-0.091500
0.441177
0.695781
0.680011
0.908647
0.893731
1.174013
1.771582
1.541181
1.239953
0.551141
-0.236155
-0.066889
0.055698
-0.522294
-0.780340
-1.454844
-1.797029
-1.104911
-0.200282
0.590888
1.488711
2.219677
2.519657
2.054024
1.931252
1.516028
0.895033
0.875007
0.550982
-0.136109
-0.418298
-0.390161
-0.565534
-0.751574
-0.835903
-0.430536
-0.163071
0.117915
0.228513
0.380867
0.432141
0.220757
0.278482
0.144335
0.458339
-0.094792
-0.665156
-0.279235
-0.144450
-0.212854
-0.455679
-0.429938
0.173547
0.018243
0.581866
1.041323
0.902560
0.734378
0.629273
0.009508
-0.742319
-0.867575
-0.919011
-1.147526
-1.010619
-0.317462
0.157672
-0.015810
0.190865
0.574893
0.594145
0.753061
1.007077
1.206537
2.014919
2.215965
1.963631
1.674753
1.032804
0.630456
0.228172
-0.170653
0.172614
0.638265
0.957697
1.335418
1.680815
1.870130
1.461877
1.086625
1.154618
1.587670
1.264633
0.624648
-0.369463
-0.970305
-1.254341
-1.910816
-2.002428
-2.186022
-2.051159
-1.621061
-1.355466
-1.056198
-0.840937
-0.380809
-0.302161
-0.084516
0.349511
0.285333
0.159677
0.027192
-0.163621
-0.316424
-0.800763
-1.397626
-1.736923
-1.626271
-1.033102
-0.679075
-0.516539
-0.161267
0.008541
-0.004449
0.045846
-0.229490
-0.650961
-0.905397
-0.909275
-0.674967
-0.920735
-1.270518
-1.665396
-2.026751
-2.132930
-1.545196
-0.987849
-0.647914
-0.216893
0.167775
0.400024
0.636835
0.741015
0.243037
0.190406
-0.159191
-0.288634
0.026821
-0.083884
0.231806
0.151550
0.288181
0.497457
0.550780
0.323213
0.531469
0.497695
0.813469
0.957740
0.708365
-0.088889
-0.542042
-1.133835
-1.608041
-2.020078
-2.457923
-2.902254
-2.838249
-2.389330
-1.725788
-1.335575
-1.261013
-0.715892
-0.486406
-0.367020
-0.367501
-0.393270
-0.397752
-0.250145
-0.403357
-0.524914
-0.561981
-0.533192
-0.708078
-0.721008
-0.279962
0.520560
1.258828
1.610983
1.426365
1.566922
1.620739
1.309022
1.136398
0.928410
0.797612
0.539520
0.430150
0.576949
0.523876
0.688297
0.953519
1.648131
2.563982
3.050717
2.970008
2.988597
2.416143
1.898767
1.098691
1.054466
1.206288
1.230932
1.262411
1.066943
0.834766
1.078180
1.083798
1.043645
0.733846
-0.148318
-0.696740
-1.171210
-1.301807
-1.692721
-2.034417
-2.218344
-2.170590
-2.027429
-2.109793
-1.949777
-1.589178
-1.213386
-0.779318
-0.332615
-0.479017
-0.480230
-0.591414
-0.591802
-0.743262
-0.722224
-0.897243
-0.891613
-0.568535
-0.435140
-0.487791
-0.127669
0.141317
0.089139
0.453314
0.579858
0.132169
-0.100148
0.252126
0.176807
-0.462106
-0.363870
-0.776531
-0.811572
-0.318753
-0.245938
0.286457
0.435104
0.306939
0.550393
1.236456
1.146307
0.973003
0.902901
0.295839
0.087952
0.288927
0.174922
-0.253364
-0.559918
-0.708310
-0.793022
-1.130668
-1.092134
-0.688324
-0.367890
0.381576
1.178096
1.282996
1.234824
1.866459
2.046047
1.837970
1.383051
0.936315
0.503322
0.266223
0.264430
0.125829
0.030552
0.756100
1.106318
1.005305
0.820591
0.218978
0.172834
0.215448
0.705953
1.195683
1.286232
0.794223
0.734899
1.137261
1.515434
1.772635
1.896790
1.450366
0.564355
0.096187
0.323043
0.888866
1.186838
1.001308
1.342341
0.939886
0.192592
-0.183495
-0.257488
0.134809
0.360627
0.741856
0.714564
0.605616
0.540988
0.518505
0.271683
-0.291874
-0.670524
-0.904187
-0.545563
-0.097360
-0.150000
-0.328948
-0.530819
-0.823812
-0.781709
-0.918033
-1.064107
-1.149511
-0.757425
-0.507999
-0.926311
-0.721230
-0.568756
-1.126885
-1.982156
-2.277679
-2.187142
-1.397847
-0.667730
-0.319640
-0.888329
-0.951167
-0.697606
-0.625759
-0.826736
-1.481634
-1.571304
-1.601775
-1.498983
-1.555866
-1.782732
-1.652543
-1.157699
-1.348446
-1.428529
-1.102957
-0.988112
-0.659251
-0.425276
-0.239252
-0.237702
0.011569
-0.076196
-0.633067
-0.669058
-0.522486
-0.589797
-0.273590
-0.225092
-0.330243
-0.495001
-0.831952
-1.097050
-0.904935
-0.437152
0.595604
0.517835
0.302024
-0.089396
0.020002
0.771951
0.534716
0.547106
0.319963
0.307401
0.504559
0.719291
1.004235
1.329729
1.707726
1.291120
0.495026
0.379765
0.807505
0.821479
0.661953
0.159574
-0.116798
0.042280
0.336013
0.093619
0.229833
0.927770
1.599863
