0.522548
0.439720
0.511393
0.458271
0.138764
0.122116
0.765680
0.880521
1.003736
0.555842
0.115380
-0.540549
-0.780509
-0.946834
-1.105716
-1.000445
-1.250213
-1.631295
-1.253995
-1.007324
-0.385698
0.802107
0.851997
0.298380
0.430113
1.471189
2.125172
2.205007
1.625495
0.568723
-0.565212
-0.950684
-1.288729
-1.879043
-1.466661
-0.769542
-1.121684
-1.694664
-1.708349
-2.180121
-2.480202
-2.643023
-1.497514
-0.468930
0.389281
0.899998
1.086163
0.677004
0.305406
-0.360081
-0.831940
-1.310628
-1.555120
-1.248618
-0.677457
-0.878781
-1.062037
-1.168972
-1.479233
-1.638677
-1.442318
-0.605966
-0.236486
0.144459
0.604906
0.104587
-0.520230
-0.811440
-0.923090
-1.335067
-1.817897
-2.185396
-1.941683
-1.558177
-1.516303
-1.577434
-0.284724
0.540926
0.590233
0.093848
-0.355311
-0.654565
-0.444577
-0.263148
-0.330766
-0.965356
-2.303442
-2.984187
-3.337501
-3.662293
-3.146298
-2.345478
-1.719124
-1.467066
-1.074425
-0.234220
0.443696
0.771651
1.223527
0.999731
0.645151
0.050720
-0.348494
-0.935405
-1.381437
-1.110189
-0.803257
-0.571842
0.095450
0.065331
-0.203899
0.032284
0.864152
2.081654
2.570571
2.801762
2.678919
2.486863
1.973966
1.003845
0.294381
0.204048
-0.343519
-0.596794
-0.646703
-0.735647
-0.255947
0.659505
1.132901
2.227674
3.054037
2.603179
2.265635
1.485846
0.756824
0.047427
0.075347
-0.025422
-0.473040
-0.485065
-0.023736
0.237143
0.786633
1.168621
1.421134
1.367380
1.222784
1.496283
1.974549
2.079494
1.528999
1.215135
0.701084
0.822789
0.562648
0.485802
0.399214
0.372958
-0.040633
-0.657498
-0.634922
-0.320312
0.297880
0.976757
1.073816
1.793643
2.088405
1.899921
1.860443
1.486277
1.128831
0.381006
-0.488514
-1.006388
-1.703313
-2.183242
-1.545838
-0.421198
0.454462
0.521679
0.714063
1.126998
1.961288
2.459734
1.911960
0.939576
0.559213
0.798112
0.520296
-0.171630
-0.871448
-1.285922
-1.109584
-0.803115
-0.914538
-1.174594
-1.030938
-0.385133
0.675672
1.325380
1.273871
0.827260
0.711275
0.095990
-0.163568
-0.494683
-0.377897
-0.546621
-0.998176
-1.241579
-0.649347
-0.088011
0.243823
0.718805
0.643677
0.642072
0.570941
0.951009
1.559593
1.839936
0.749077
0.205821
0.302019
0.278562
0.073816
-0.114375
-0.185033
0.188131
1.050350
1.678600
1.789343
1.187668
1.500006
1.647270
1.776609
1.329612
1.167668
0.919892
1.017359
0.692391
0.525976
0.245214
0.446347
0.670100
0.770189
0.269442
0.086681
0.550770
0.735551
0.529167
-0.042074
-0.276926
-0.121387
0.380737
0.376168
0.403352
0.357901
0.048983
-0.189022
-0.216267
0.125500
-0.206318
-0.478283
-1.043879
-1.157934
-0.700127
-0.528628
-0.279830
-0.175869
-0.331149
0.344413
0.409138
-0.287278
-0.278726
-0.009622
-0.067847
0.042903
-0.044007
0.177710
0.261594
0.373381
0.630121
0.941583
0.726662
-0.067868
-0.343875
0.107865
0.416390
-0.206004
-0.215018
0.260034
0.559428
-0.005060
-0.229170
-0.306979
-0.764741
-0.663412
-0.392046
-0.713185
-1.617072
-1.239190
-0.622898
-0.211166
-0.126623
-0.388441
-0.563535
-0.948248
-1.263657
-1.525298
-1.887031
-2.116942
-2.435255
-2.534691
-2.443899
-1.696518
-1.407423
-0.928062
0.313835
0.454451
-0.102700
-0.774743
-0.544843
0.175188
0.584127
0.472729
-0.309397
-1.188495
-1.264898
-0.696591
-0.283669
-0.247925
-1.050084
-0.973012
-0.756779
-0.253686
-0.278783
-0.230756
-0.315921
-0.864476
-0.851118
-0.017035
0.739691
1.031932
0.768723
0.800318
0.788049
0.563900
0.500036
-0.074847
-0.015366
-0.057871
0.519362
0.714246
0.327256
-0.224407
0.070307
0.446551
0.101805
0.053504
-0.178330
0.152598
0.544606
0.606823
0.239011
0.000664
-0.007848
-0.082792
-0.421334
-1.244726
-1.858736
-1.408539
-0.826734
-0.172899
0.236730
0.402850
0.453156
0.780449
1.047323
1.720173
2.056106
1.620407
0.374968
-0.696960
-1.090204
-1.504228
-0.797041
-0.474666
-1.097461
-1.364915
-0.954689
-0.050957
0.845108
1.875420
2.240146
1.677487
1.111931
1.382813
1.160305
0.518722
-0.715841
-0.876406
-0.408818
-0.145328
0.769994
1.627004
1.555371
1.544310
1.093441
0.868297
0.977983
0.809014
0.968802
0.542681
0.290452
0.611377
0.645056
0.317397
0.370104
0.855397
0.564377
0.082820
0.040294
0.655017
1.315913
1.630307
1.066044
0.674121
0.298891
-0.197473
-0.874141
-1.046937
-1.727115
-2.065231
-2.239682
-2.161189
-1.960485
-1.291751
-1.042201
-0.692244
0.133061
0.189284
0.240132
0.857836
1.340005
0.322936
-0.117855
-0.436923
-0.769854
-0.932578
-1.357286
-1.580564
-1.507552
-1.294447
-1.286920
-0.928120
-0.146168
0.414118
0.751498
0.735773
0.685593
0.501434
0.537823
0.644412
0.452832
-0.209927
-0.842025
-0.524586
-0.488068
-0.395167
0.038357
0.695670
1.020453
0.696814
0.629544
0.181725
0.070950
0.285216
0.939268
0.797034
0.547238
-0.039465
-0.152051
-0.177648
-0.030601
0.321507
0.543597
0.187492
-0.447715
-0.032034
0.577973
0.625946
0.336769
0.774608
0.974609
0.905976
0.707746
0.487926
0.276474
0.375867
0.218490
0.070683
-0.003781
0.444969
0.329714
-0.509788
-1.038344
-0.917307
-0.821066
-0.794264
-0.611626
-0.511413
-0.429201
0.048923
0.722484
0.316906
0.102525
-0.185469
-0.264899
-0.233997
-0.321672
-0.560783
-0.899602
-1.058398
-1.322147
-1.371969
-1.428195
-1.353017
-1.753341
-1.993073
-1.630852
-0.855156
0.114398
0.367356
0.353784
0.404271
1.176878
1.014652
0.496274
0.213868
0.032877
0.114613
0.305137
0.399722
0.248488
0.104213
0.239024
0.316313
0.288001
0.259178
0.023548
0.495977
0.398256
0.146556
-0.269857
-0.078580
0.438682
0.844761
0.664452
0.600625
0.772605
1.817597
1.983683
1.723840
1.248660
1.146813
0.710897
0.585491
0.817456
0.311739
0.207210
0.020600
-0.231083
0.059456
0.110822
0.040586
0.036367
-0.254026
0.168881
0.164163
0.599284
0.782146
0.702485
0.887404
1.140320
0.905829
0.334738
0.310566
0.287210
0.289783
0.354759
0.342646
-0.210856
-0.505111
-1.107471
-0.922994
-0.489742
-0.084301
0.119980
-0.119947
-0.027945
0.751375
0.551084
0.288870
0.493016
0.189871
0.091770
0.348853
0.081409
-0.353502
-0.700372
-0.507605
-0.650875
-0.609028
-0.771876
-1.057035
-1.122570
-0.833251
-0.999222
-1.181919
-1.191186
-1.065977
-0.900324
-0.741521
-1.138619
-1.128807
-0.777210
-0.267625
-0.291405
-0.305761
-0.681255
-0.759080
-0.785102
-1.049953
-0.523664
-0.460309
-0.428221
-0.370242
-0.462753
-1.113937
-0.611363
-0.420349
-1.034965
-1.173601
-0.708922
-0.231785
0.195562
0.819945
0.239803
-0.060168
0.218393
0.475665
0.126576
-0.393355
-1.030265
-1.195499
-1.303632
-1.520705
-1.575206
-1.564902
-1.819852
-1.717304
-0.964073
-0.128304
0.208580
0.517657
1.050691
0.988510
1.118813
0.738111
0.081373
-0.020955
-0.099890
-0.395788
-0.057509
-0.169678
-0.249316
-0.486740
-0.927476
-0.060485
0.327647
0.012044
-0.624575
-0.734195
-0.405333
0.476601
1.359525
1.786067
1.262890
0.833693
0.336498
-0.480423
-1.213525
-1.443105
-1.493974
-1.684027
-1.699600
-1.408155
-0.269289
0.842139
1.337656
1.813218
1.827478
1.716482
1.487071
0.546687
-0.296219
-0.518763
-0.287709
-0.573104
-0.828505
-1.007886
-1.153685
-1.028860
-1.106747
-0.846782
0.091811
0.957712
0.632413
0.722698
1.499061
1.766436
1.491329
1.675877
1.701233
1.488206
1.102570
0.900442
0.469230
-0.432921
-0.357772
0.087415
0.459595
0.314815
0.465554
0.296671
-0.689029
-0.765483
0.026447
-0.376539
-0.614396
-0.617128
-0.473887
-0.080307
0.398695
0.413605
0.019661
0.146963
-0.194739
-0.119139
-0.548835
-0.845956
-1.007519
-0.591123
-0.201291
-0.027176
0.279488
0.675859
0.465816
0.872515
0.995724
1.229240
1.481231
0.559832
0.113247
-0.183483
0.083273
-0.234993
-0.546029
-0.916877
-0.634586
-0.222997
-0.004126
0.415008
0.683232
0.752036
0.427575
0.134467
-0.543731
-0.944761
-1.084621
-1.806153
-1.946948
-1.350186
-1.126896
-0.866505
-0.499124
0.361407
0.695207
0.682572
0.538158
0.149952
0.239278
-0.010293
0.037058
0.070607
0.139692
0.582422
1.057021
0.664925
0.228200
0.044086
0.320861
0.778638
1.400893
1.741888
1.518259
1.274421
0.754777
0.667500
0.293892
0.456724
0.301037
0.213222
0.324782
1.235033
1.700986
2.007337
2.321559
2.078764
1.790637
1.400854
1.407224
1.359629
1.389528
1.122525
0.995774
0.821008
0.933612
0.864085
1.404969
1.723644
2.468289
2.781753
2.401442
2.185913
1.943566
1.304637
0.186772
-0.912293
-1.642756
-1.781517
-1.916227
-1.364940
-1.003488
-0.976216
-0.502629
0.194027
0.041876
0.069323
0.138856
0.169181
0.500701
0.435558
0.061612
-0.192649
-0.744813
-0.895096
-0.461381
-0.691666
-0.653672
-0.807588
-0.904665
-0.809337
-0.198773
0.031078
0.278026
0.599515
0.440596
0.466005
0.488878
-0.038935
-1.081222
-1.856220
-2.331300
-2.176871
-1.515503
-0.553406
-0.668457
-0.905738
-1.087645
-0.779767
-0.784890
-0.463409
-0.104049
-0.533335
-0.847994
-0.694108
0.260441
0.753403
1.534064
1.206054
0.397344
-0.026457
0.661360
0.952982
0.938078
0.798586
0.350222
0.374507
0.032310
-0.082960
0.067497
-0.163257
-0.632956
-0.963824
-1.182360
-1.128425
-1.491352
-1.382179
-1.442687
-1.240710
-1.292946
-0.550720
-0.232432
-0.762137
-1.588601
-1.172051
-0.237480
0.175983
1.009939
1.379909
1.155437
0.205810
-0.432434
-0.397620
-0.311631
-0.124454
0.224702
0.502234
0.976307
1.084543
0.951372
1.007479
1.113672
1.356637
1.207887
0.740860
0.728199
1.033827
0.760988
0.697318
0.479670
0.506278
0.834214
0.886204
0.577887
0.396171
0.566599
0.638270
0.393841
0.563658
0.817586
0.733304
0.595193
0.222770
0.268352
0.380153
0.117361
-0.218546
0.209279
0.743220
0.666875
0.570875
0.662245
0.552013
0.153804
-0.234084
-0.544315
-0.692605
-1.180063
-0.773824
-0.061294
0.551157
1.007258
1.596131
1.996789
2.002039
1.313340
0.502699
0.042005
-0.233307
-0.060766
0.242020
0.377346
-0.081587
-0.313091
-0.535477
-0.283605
-0.085119
-0.077687
-0.006585
0.129095
-0.194939
0.045624
0.348725
0.523156
0.014652
-0.113913
0.087111
-0.332225
-0.778422
-0.934097
-1.056074
-1.334575
-1.352743
-1.936966
-2.496688
-2.558018
-1.880161
-1.134189
-0.822417
-1.257663
-1.402646
-0.874448
-0.307406
0.322562
0.669773
0.740991
-0.581940
-1.733961
-2.170557
-2.002353
-2.512621
-3.053324
