0.304975
0.582910
0.411050
0.020934
0.099410
0.440326
0.288920
0.386519
-0.664225
-0.925961
-0.838069
-0.697233
-0.671757
-1.049245
-1.649828
-2.144829
-1.655407
-0.815374
-0.144710
0.063243
0.244889
0.556025
0.715646
0.824582
0.698706
0.645628
0.846368
1.374725
1.347776
1.277006
0.785624
-0.238639
0.063596
0.382513
-0.077551
-1.112825
-1.991566
-1.656227
-0.624475
0.019463
0.111079
-0.842803
-1.160497
0.169113
1.008962
1.437955
2.401664
2.171164
0.470449
-0.674551
-0.491098
-0.428991
-0.407350
-0.727982
-1.048042
-0.748633
-0.787129
-0.422464
-0.450044
-0.230406
0.288090
0.530009
1.634310
1.716902
0.711516
0.293040
0.349881
0.105750
-0.332411
-0.674166
-0.963853
-1.507335
-1.882943
-1.439769
-0.931938
-0.283795
0.568528
0.915156
1.312119
1.585244
1.319070
1.180289
1.358750
1.167999
0.882827
0.008656
-0.884017
-1.805841
-1.295650
-1.226701
-1.953756
-1.395367
-0.404212
0.161741
0.373041
0.959782
1.639675
1.335613
1.367956
1.296660
0.883142
0.267462
-0.416779
-1.037853
-1.179081
-0.833015
-0.570474
-0.485967
-0.622218
-0.766847
-0.526731
0.251794
0.833123
0.928297
1.221514
2.107876
2.115771
1.607478
1.064507
0.365685
-0.347763
-1.005635
-1.353762
-0.758495
-0.794175
-0.759269
-0.708327
-0.628666
-0.115849
0.918339
1.608896
0.653047
0.826690
1.560667
0.490614
-0.569414
-1.002837
-0.977973
-1.001650
-0.887904
-0.385343
-0.051443
0.408820
0.611175
0.008458
0.195577
0.308872
0.747123
0.683028
0.321829
-0.022081
0.061215
0.086530
0.193246
0.560048
0.489679
0.303929
-0.178906
0.054080
0.005480
0.136854
0.281959
0.110670
-0.240121
-0.857658
0.085584
1.602083
1.207406
0.710062
0.976493
0.795031
0.283371
-0.321504
-1.329266
-1.563115
-1.852051
-1.427593
-0.483614
-0.682321
-1.204616
-0.461696
1.161947
1.988212
1.936160
0.291622
-0.524711
-0.030757
0.289520
-0.175982
0.167101
-0.650319
-1.918521
-1.529106
-1.027493
-0.541028
-0.767183
-0.531242
-0.220187
0.091826
0.401113
0.231650
0.319387
0.451903
0.051278
0.185743
-0.330121
-1.269107
-1.057452
-0.394545
-0.489217
-0.223727
0.018869
-0.047446
0.587322
0.980613
0.731402
0.453242
0.556923
1.417418
1.066156
-0.212649
-0.669258
-1.158519
-0.821717
-0.659167
-0.358602
0.276325
0.941771
0.862351
0.118518
0.557580
1.087858
1.467167
0.897333
-0.036081
-0.293624
-0.543441
0.061551
0.730543
0.106034
-0.040438
0.529787
0.705773
0.316510
0.396523
0.208785
0.408520
1.261749
0.601554
-0.736066
-0.868161
-0.719425
-0.009496
0.531098
0.294437
0.203675
-0.645472
-1.020190
0.517485
0.842664
-0.144645
-0.423277
-1.108144
-0.537205
-0.059738
-0.606800
-0.576594
-0.484075
-0.167984
0.276108
0.389732
1.020793
0.542805
-0.263821
-0.740192
-0.319060
0.131802
-0.060962
-0.914153
-0.610085
0.407612
0.632544
0.552279
0.600725
0.260355
0.136272
0.987445
1.015180
-0.086463
0.142017
1.230646
1.371211
1.599903
1.181710
-0.627736
-1.591146
-1.160065
-1.048360
-1.309444
-0.679339
-0.018262
0.153810
0.270942
1.029345
1.042983
0.671494
-0.117645
-0.854623
-1.997962
-1.953682
-1.919714
-3.004076
-3.090261
-1.621530
-1.113677
-1.212951
-0.107228
1.400298
1.394195
0.927395
0.706270
-0.486604
0.245913
1.630008
0.605910
-0.981483
-1.599587
-1.428433
-1.189951
-1.420126
-1.506982
-0.562619
0.202905
0.384982
0.928097
1.132820
0.937471
0.525182
0.179602
-0.390162
-0.841834
0.261788
0.856796
0.634788
0.420450
-0.973252
-0.344763
0.871990
0.271243
-0.140392
-0.066019
0.188404
0.466213
0.718431
0.128996
-0.772653
-0.568441
-0.864808
-0.564250
-0.290674
-0.695979
-0.248974
0.621160
0.661951
0.228290
-0.361745
-0.318298
-0.483730
-0.252376
0.155221
0.306727
-0.131609
-0.394876
-0.165659
0.204933
0.368283
0.651484
0.518183
0.266004
0.665342
0.874503
0.641751
0.203042
-0.702165
-0.700683
-0.221930
0.278096
-0.016737
-0.694437
-0.806262
0.760471
1.389632
1.092932
0.818479
0.112482
-0.024792
0.320964
0.250691
-0.518891
-0.973536
-0.753256
0.330689
1.013449
1.553508
1.930157
2.103735
1.407789
0.334694
0.371086
0.348748
-0.143170
-0.359069
-0.024557
0.102678
-0.098575
0.393936
-0.110569
0.398102
0.586172
1.154412
0.859024
0.246816
0.414186
0.158611
0.653520
0.413502
0.547656
0.583822
-0.054012
-0.632406
-1.479283
-1.928320
-1.517266
-0.737904
-0.671196
-0.740093
0.285402
0.844127
1.250360
0.900034
0.949503
1.108261
1.169350
0.534140
0.480297
-0.118680
-0.617581
-1.022802
-0.700580
-0.475377
-0.311752
0.096941
0.617956
-0.186155
-0.227868
0.208948
0.683427
0.385687
0.722333
0.674640
-0.628890
-0.829075
-0.046918
0.029768
-0.533485
-0.839580
-0.459305
-0.307667
-0.114849
0.472907
1.486998
1.302499
0.799720
0.975333
0.832568
0.041777
-0.355551
-0.266935
0.084467
0.575568
0.656372
0.681281
1.235567
0.655490
-0.790267
-0.601521
-0.664658
-1.201066
-1.321815
-0.699628
-0.539952
-0.549566
0.284723
1.035806
0.510245
-0.242691
-0.427841
0.323577
0.987467
1.317596
0.955846
0.194217
-0.000472
-0.557240
-1.148425
-1.123646
-0.441373
-0.125113
-0.105705
-0.762685
-0.103146
0.542787
0.366331
0.114787
-0.804277
-0.629728
0.051586
0.216856
0.132620
0.297624
-0.597195
-0.992248
-0.658338
-0.076955
-0.126083
-0.525533
-0.806607
-1.027938
-0.774506
-1.054513
-1.334806
-0.978054
0.047433
0.606903
0.648120
1.071927
0.828644
-0.067366
-0.538471
-1.144320
-1.188745
-1.269734
-1.773831
-1.090148
0.642746
0.983357
0.472978
0.450607
0.533227
0.681320
0.613882
0.182475
-0.483490
-0.363412
0.383622
0.119837
-0.353990
-0.388303
-0.558103
-0.187570
0.231555
0.022779
-0.315299
-0.369208
-0.569617
-0.013997
0.691647
1.124920
0.809008
0.494133
-0.118244
-0.680465
-0.081851
0.079025
-0.913455
-0.922087
-0.006677
0.230459
-0.018162
0.236076
0.505348
0.089410
0.367096
0.466496
-0.310531
-0.904672
-0.575197
0.104971
0.112204
0.048514
0.384867
-0.432180
-1.025531
-0.834074
-0.558381
-0.310768
0.495994
1.476761
1.150574
0.764889
1.077188
0.322501
-0.009162
0.172738
-0.778240
-0.975369
-0.877583
-0.872035
-0.305479
0.340838
-0.545239
-1.139268
-0.762156
-0.441725
-0.339118
-0.279258
-0.150608
-0.057195
-0.440205
-0.216981
0.008354
0.618060
0.399640
-0.512223
-0.502194
-0.082819
-0.232496
-0.026665
0.307784
-0.126884
-0.084207
0.243678
0.370281
0.350320
0.981905
1.478100
1.065175
0.639910
-0.496287
-0.536410
-0.600127
-1.582913
-1.699068
-1.193695
-1.139885
-0.319561
0.894269
0.985686
1.080776
1.778058
2.341571
1.818933
0.568198
-0.311320
-0.213914
-0.530204
-1.288987
-2.144195
-2.252684
-2.010515
-2.037228
-1.050419
0.110269
0.039830
0.412993
1.671483
2.193059
2.302012
1.749143
1.313264
0.424174
0.131043
-0.577563
-1.911125
-2.703132
-3.229570
-2.617555
-2.065995
-1.690917
-1.252282
-0.817121
0.157432
0.534873
0.693721
1.543692
2.056230
1.487608
0.811881
0.331580
0.031315
-0.296110
-0.557373
-0.983595
-0.912961
-1.076049
-0.739357
-0.039590
0.794246
1.378687
1.448117
1.729973
1.738832
1.754864
1.682214
1.367103
0.423026
0.121707
0.552540
1.123870
0.097980
-0.396108
-0.513279
-0.986543
-1.980562
-1.536873
-0.056045
1.018078
0.855496
1.158266
1.809650
2.498984
2.496292
1.956659
1.169318
0.762151
0.320561
-0.313407
-0.671448
-1.660840
-2.298731
-2.047700
-1.615855
-1.616569
-2.062799
-0.928608
-0.136860
0.030942
0.697247
0.810226
0.614806
0.970912
0.982102
1.204440
1.023695
0.451892
0.001551
-0.349078
0.057165
0.575197
-0.141681
-0.394192
-0.064246
0.163982
0.148642
0.299985
0.558915
0.662998
0.718959
0.367930
-0.229049
-0.147827
-0.278634
-1.289426
-1.665592
-2.152239
-1.932272
-2.088912
-2.237694
-1.514625
-0.117518
0.811744
0.759881
1.226571
1.575151
1.636885
1.835255
1.368469
-0.130611
-0.819752
-1.049110
-1.191709
-1.778611
-2.202509
-0.974542
0.174496
0.598918
1.557958
1.724411
1.474188
1.242626
0.460609
-0.506769
-1.186110
-1.378652
-0.996820
-1.291427
-1.271918
-1.334118
-2.019083
-2.388549
-2.076071
-0.916466
-0.301379
0.455157
1.205440
1.136037
0.243946
0.157379
0.203802
-0.462046
-0.792585
-1.045488
-1.356266
-1.149285
-0.847963
-1.386415
-1.707202
-1.788491
-1.413697
-0.961887
-1.167534
-1.160418
-1.668148
-1.759985
-0.943579
-0.592494
-0.739330
-0.295287
0.335541
0.559156
1.416095
2.512853
3.127491
3.276632
3.443354
3.356426
2.940706
1.891916
1.197451
0.693785
0.229215
-0.469690
-0.238998
-0.739013
-0.950255
-0.093994
-0.088087
0.018752
0.157629
0.454552
0.833692
1.232624
1.063421
-0.294286
-0.282702
-0.060309
-0.417437
0.185592
0.220981
0.013779
-0.693079
-0.430629
-0.352971
-0.301309
-0.459349
-0.021747
1.058637
1.502999
1.872938
1.662944
1.226149
0.352106
-0.301446
-0.242999
-0.572252
-1.053455
-1.171989
-1.390465
-2.064341
-2.800000
-2.540134
-1.504498
-0.420777
0.120782
-0.240688
-0.380777
0.458493
1.381878
2.139042
2.685261
2.061541
0.803238
0.094781
-0.139606
0.217001
1.235860
1.810597
1.782919
1.098498
0.467767
0.481985
0.261519
0.534337
0.716267
-0.028802
-1.031785
-0.863664
-1.155259
-0.824713
-0.062151
-0.816538
-1.438710
-0.578500
-0.078579
-1.114913
-1.815613
-1.001132
0.133028
1.303309
2.248243
1.748741
0.852937
0.271938
0.086257
0.470879
0.540625
0.342950
0.634636
1.104956
0.921707
0.424177
0.307619
0.127584
-0.120406
0.667192
1.585751
1.764909
1.750777
1.548333
1.092096
0.456871
0.032400
-0.179455
-0.140295
-0.211665
-0.813573
-1.888975
-0.823166
0.048264
-0.497693
-0.584472
0.091840
0.477363
0.586039
0.738456
1.242738
1.684419
1.235021
0.607937
-0.178884
0.619844
1.013779
-0.114468
-0.967920
-1.178836
-1.051703
-0.681340
-0.718945
-0.843280
-0.781902
-0.552198
-0.415571
0.679303
1.515658
1.781662
2.125510
1.088365
-0.545338
-1.346421
-1.265630
-1.492869
-2.044518
-2.363303
-0.975589
0.143234
-0.051821
-0.351327
-0.249458
0.724713
1.308771
1.946928
2.171091
1.656216
0.812292
0.492108
-0.392841
-0.823321
-0.587619
-0.527272
-0.176901
-0.319960
-0.567817
-0.209282
-0.219917
-0.228632
-0.830553
-1.303027
-1.467203
-1.703389
-1.312241
-0.822917
-0.496160
0.080635
0.529531
1.125290
1.190085
0.890604
0.718351
0.195345
-0.425237
-0.449641
-1.115472
-1.781930
-2.246596
