-0.991848
-1.461496
-0.960468
0.147521
0.702993
0.653638
1.134554
1.486046
1.032753
0.490108
0.414865
0.108142
-0.362918
-1.013688
-1.926987
-2.464926
-2.178411
-1.602088
-0.836262
-0.249638
1.207352
2.339561
2.104830
1.146599
-0.134660
0.110952
0.132551
-0.526717
-0.728066
-0.550307
-0.329880
0.341363
0.351509
0.157143
-0.231521
0.221256
0.725368
0.938074
0.564827
0.505303
-0.051464
-0.705105
0.393639
0.703382
-0.256327
-1.003397
-1.019209
-0.256789
0.092794
-0.099310
-1.418057
-1.588257
-0.859666
-0.224639
-0.512438
-0.700174
0.477858
1.788972
2.414569
1.567010
1.272144
1.583986
1.831599
1.132920
-0.307964
-1.255134
-0.712156
0.262579
-0.306036
-1.179946
-1.575478
-0.756304
0.098671
0.699245
0.295537
-0.205160
-0.330554
-0.482990
0.037929
0.653946
0.848309
0.812534
0.044263
-0.139923
-0.313260
-1.004056
-2.234643
-2.561928
-2.301936
-1.144099
-0.888444
-0.556410
0.456466
0.118447
0.029526
0.656893
1.078878
0.744761
-0.029611
-0.481981
-0.425151
-0.060123
0.611334
-0.097688
-0.901761
-0.870310
-0.329603
-0.015236
-0.518133
-0.607892
-0.721195
-1.054185
-1.010250
-0.779796
-0.477634
-0.286252
-0.579591
-0.439597
0.390705
1.164992
0.997471
1.288404
1.433832
1.243242
1.396354
0.548204
-0.332084
-0.915264
-0.791115
-0.291244
0.130900
-1.105569
-1.587179
-0.946595
-0.066898
0.603850
0.273585
-1.348997
-1.961892
-1.790519
-1.362796
-0.066601
0.768304
0.392618
-0.344149
0.189979
0.400469
0.461811
0.673948
0.569817
0.849803
0.988128
1.543151
1.877307
1.336154
0.449659
-0.798360
-1.345234
-1.621132
-2.677220
-3.507178
-3.006749
-1.220040
-0.184161
0.044977
0.407037
1.444205
2.705534
2.577335
2.254397
2.209882
2.025212
0.522044
-0.603078
-0.840762
-1.274173
-1.616808
-1.063141
-0.034521
1.016172
1.921576
1.403041
1.453768
1.686167
2.139816
1.959315
0.933602
-0.479712
-0.871238
-0.188961
-0.804578
-1.287415
-2.022577
-2.466923
-1.860127
-0.829713
0.588870
0.966797
0.845514
0.991873
1.893153
2.471609
2.530432
2.126530
1.438020
0.841506
-0.200161
-0.874756
-0.754747
-1.575252
-1.967120
-1.307930
-0.825976
-0.145182
0.098351
-0.513770
-1.058588
-1.001637
-0.567839
0.083233
1.393052
1.785386
1.103900
0.493966
0.036657
-0.539050
0.115170
-0.186763
-0.944110
-1.428427
-1.491347
-0.975331
-0.231040
-0.126913
-0.122329
0.179340
0.152100
0.558489
1.088500
0.669165
0.445108
0.737362
0.756328
0.144535
-0.848724
-0.851714
-0.628611
-0.438745
-0.365008
-0.838262
-1.001733
-0.437353
-0.328281
-0.033895
-0.318594
-0.509946
-0.045628
0.499121
1.326444
0.867935
0.112812
-0.433003
0.209937
0.381971
-0.300950
-0.100829
0.070565
-0.311495
-0.610773
-0.568292
-0.564737
-1.043809
-2.124056
-2.317956
-1.848353
-1.570543
-1.698582
-0.981727
-0.832349
-0.412324
0.893581
1.393516
1.737932
1.246820
1.094788
1.742431
1.099495
0.398484
0.431172
0.311024
-0.505341
-0.891080
-0.964330
-0.684448
-0.626970
-0.915164
-0.197653
0.421470
1.180304
1.357366
1.099002
0.931750
0.972300
0.829311
0.581656
-0.101588
-0.050898
0.164063
-0.072943
-0.121414
-0.520413
-0.363620
-0.827364
-0.619845
0.343177
0.573068
0.828158
1.114886
0.761448
0.833311
0.608945
0.185413
0.004656
-0.395082
-0.686574
-0.308189
-0.371130
-0.225660
0.928369
1.264108
0.930097
0.766527
1.290095
1.426902
0.817638
0.105944
-0.159662
0.114850
0.198048
-0.289773
-0.646017
-0.731138
-0.752533
-0.537641
-1.078569
-0.496052
0.169302
0.141997
-0.431767
-0.847880
-0.224381
0.207443
0.419237
0.401214
0.215444
0.288001
0.929122
1.108783
0.738219
-0.133924
-0.174596
0.172412
-0.888660
-1.714470
-1.974452
-1.491654
-1.192091
-0.333107
0.496453
0.369120
0.558279
0.273807
0.167250
0.701817
1.414364
2.298460
2.210228
1.156134
0.617188
0.083826
-1.198354
-2.008173
-2.901867
-3.433199
-3.019560
-2.075217
-0.932280
-0.535272
-0.838639
-0.031045
0.715508
0.007251
-0.556567
-0.114607
0.465456
-0.005679
-0.181694
-0.146912
-0.498311
-0.312237
-0.539018
-0.779165
0.076874
0.983565
0.971596
0.233791
-0.502200
-1.226743
-2.063064
-2.192922
-1.810579
-1.089230
0.026629
0.630130
0.776339
1.080824
1.466267
1.258562
1.033668
0.906968
0.194250
-0.409568
-0.474670
-1.288007
-2.816162
-3.989894
-4.262228
-4.258798
-3.135685
-1.818696
-0.534269
1.114609
1.441865
2.696877
3.710949
3.988835
3.593062
2.512203
2.029615
1.389034
0.823961
0.093819
-0.965591
-0.800187
-0.439993
-1.072152
-1.276669
-1.052321
0.062387
0.408980
1.103536
1.390600
1.709136
2.514143
2.468016
1.669837
0.561833
0.389323
0.835269
0.453796
0.368731
-0.143017
-0.491956
-0.238247
-0.082366
0.374491
0.298944
0.480621
1.017937
0.941227
1.224813
2.463808
2.324214
0.932915
-0.225374
-0.058489
0.170988
0.461550
0.929263
0.901569
0.333727
0.230595
0.308391
0.473185
0.843751
0.449571
-0.069873
-0.927350
-1.714608
-2.155101
-2.071721
-1.235802
-0.554680
-0.831696
-0.994454
-1.345195
-1.226005
-0.326808
-0.124985
0.071192
0.834853
0.942340
0.118418
-0.078689
-0.907266
-0.991015
-1.084083
-1.458409
-1.519497
-1.514449
-1.068497
-0.484869
0.002141
0.654313
0.646105
0.905227
1.473974
1.261285
1.531722
1.884632
0.888051
-0.550246
-1.236775
-1.276449
-0.830225
-1.235446
-1.437845
-0.872867
-0.310278
0.299903
0.126356
0.144285
1.485477
2.171510
1.497293
0.886609
0.397461
0.028544
-0.273297
-0.016372
-0.512482
-0.639087
-0.813020
-0.944649
-0.388813
-0.233915
-0.043886
-0.004854
-0.150691
-0.212305
0.278526
0.915971
1.142202
1.296174
0.937383
-0.022714
-0.293524
0.323950
1.160490
0.909405
-0.034798
-0.107726
-0.426201
0.295465
0.485476
0.279683
0.012916
-0.048712
0.293286
-0.576817
-1.182201
0.027562
0.145582
0.154066
0.237699
-0.244699
-0.614966
-1.053580
-1.485540
-0.830711
0.078304
1.262136
1.067493
0.307071
-0.202717
-0.555830
-0.886189
-1.264300
-1.112022
-0.299231
-0.523770
-0.213984
-0.121283
-0.101354
0.207319
0.212442
0.480147
1.162149
1.212590
0.963616
0.461876
0.849483
0.003415
-0.475539
-0.117916
-0.065167
0.343855
0.167275
-0.429498
-0.510271
0.402071
0.642872
0.570142
0.699862
1.251064
1.145713
1.130373
0.594834
0.078402
-0.360036
-1.254673
-0.944797
-0.928614
-0.679229
-1.028525
-0.644339
-0.162234
0.375457
0.812512
1.380052
1.278692
0.767902
0.621421
0.439779
0.236075
0.635409
0.867180
0.633585
0.485542
0.080604
-0.409335
-0.625313
-0.618799
-0.528772
-0.422686
-0.081163
-0.332814
-0.483252
-0.780943
-0.985398
-0.373596
0.220362
0.329540
-0.277562
-0.629867
-0.636177
-0.194402
-0.557900
-0.052220
0.031610
-0.132986
-0.011081
-0.342382
0.166935
0.393545
0.539718
0.496019
0.489353
1.066030
0.680545
-0.265157
-0.788799
-0.769399
-0.536958
-1.173219
-1.873473
-0.873875
-0.651989
-0.867873
-0.385855
0.611233
0.579766
-0.193078
-0.456734
0.211157
0.596152
1.031896
1.117909
0.541128
0.063931
0.036197
0.544614
0.277198
-0.396448
0.335821
0.808454
0.625961
0.382100
0.007904
-0.269098
-1.073549
-0.950657
-0.529687
-0.671088
0.199134
1.112771
1.115759
0.839700
-0.097325
-0.624474
-0.549895
-0.537336
-0.423750
-0.270130
0.303084
0.422125
-0.570376
-1.454560
-1.407170
-0.561368
-0.041979
0.503118
0.551331
0.963717
0.148733
-0.775017
-1.014466
-0.150188
1.206728
1.297436
0.630779
-0.157326
0.105992
0.879811
0.385573
0.095942
0.262084
1.206301
1.032471
0.513545
0.589052
0.663388
0.862552
0.097607
-0.513032
0.084959
0.277487
-0.332712
-0.556935
-0.009327
-0.052169
0.073417
0.212631
0.305885
0.525317
1.119743
0.731645
-0.442190
-0.155120
-0.020398
-0.752238
-0.964066
-0.285300
0.535359
1.162673
1.424312
1.035124
0.394294
0.037212
0.123513
-0.094672
-0.449647
-0.033060
-0.903337
-1.109001
-1.382517
-0.363558
0.432946
0.053634
0.147571
-0.100813
0.245980
0.739660
0.661500
0.031843
-0.361079
-0.057713
0.180443
-0.909081
-1.048681
-1.095084
-1.123519
-0.587882
0.689790
0.963133
0.743430
0.796535
0.941312
1.344582
0.625135
0.311292
0.336213
-0.132360
-1.162796
-1.589896
-1.512881
-1.122780
-0.500924
-0.106320
-0.345063
-0.038577
0.491377
1.046646
1.314667
1.205580
0.970470
0.963534
0.339045
-0.945967
-1.450627
-1.372457
-1.271933
-0.776237
-0.152991
-0.531204
-0.916484
-1.010744
-1.166195
-0.415192
0.305232
0.387914
-0.039898
-0.024671
-0.409308
-1.037634
-0.674029
0.094855
0.622063
0.681217
-0.386398
-0.146174
0.023254
0.020711
0.160397
-0.256274
-0.931556
-0.967315
-0.787576
-0.736663
-0.093535
-0.110967
0.438375
1.705883
1.676390
1.708767
2.157070
2.163707
1.271978
0.708437
0.346071
-0.206135
-0.630697
-1.056608
-0.879994
-1.354978
-1.619811
-0.663648
-0.096415
0.287468
-0.147053
0.043553
0.728218
1.141920
1.236398
0.911058
0.976486
0.669874
-0.657203
-1.000449
-0.586123
-0.781386
-0.324339
0.148378
-0.536982
-0.864676
-0.474427
0.502963
0.854180
0.608115
0.511958
0.410202
-0.081934
-1.280710
-1.982656
-2.175625
-1.890658
-1.225767
-1.108853
-0.153308
-0.067198
0.151163
0.809546
1.190945
1.083484
0.750868
0.560605
0.280933
0.117968
-0.246162
-0.479484
-0.700846
-1.081882
-0.995423
-0.684962
-0.292878
-0.216713
0.307389
0.748890
1.374587
1.534385
0.649933
0.988149
1.146548
0.673445
0.709428
0.433292
0.111235
-0.257456
-0.370432
0.278696
0.535909
0.981066
1.318450
0.989176
1.005127
0.667948
0.637969
0.812162
0.533622
-0.043033
0.458982
0.501164
-0.032336
-0.353082
0.407492
0.725178
0.380171
-0.109617
0.124610
0.382033
0.147709
0.247322
0.892417
1.168476
0.549661
-0.502650
-0.034202
0.654293
1.369792
0.824734
-0.384005
-1.112279
-0.742955
-0.462915
-0.429673
-0.793595
-0.400756
0.568366
0.565689
-0.138330
-0.323850
0.045465
0.286465
0.052544
-0.279640
-0.132260
-1.386583
-1.819789
-1.307212
-0.508448
-0.084830
-0.085507
-0.932816
-0.762816
-0.325504
-1.045673
-1.714235
-0.884585
0.039322
0.004749
-1.281419
-1.056179
-0.562378
-0.090077
-0.320995
-1.024455
-1.229044
-0.596017
0.020686
0.422280
1.074040
1.230717
1.389978
1.306899
1.114174
1.097442
1.057806
0.910070
0.408066
0.383199
-0.169200
-1.058933
-0.625766
0.052064
0.164830
0.099467
0.030195
0.072730
0.838283
0.944680
0.409531
0.073105
-0.574095
-0.763802
