-0.880988
-0.097372
0.365080
0.970441
1.784443
0.721028
-0.311188
-1.296477
-0.965536
-0.996673
-0.365989
-0.322174
-0.756514
-0.192727
0.988208
1.428885
0.588211
1.667859
2.760529
3.368329
2.251587
1.164080
1.591179
1.443563
0.823243
0.418420
-0.534497
-0.225892
0.209547
0.685585
-0.230650
-0.733857
-0.451703
-0.228493
-0.060380
-0.413113
0.067783
-0.369276
-0.641186
-1.472223
-1.540921
-0.519316
1.056233
1.499527
0.623694
0.311692
0.539672
0.658284
-0.301426
-0.829364
-0.279394
0.457336
-0.952140
-1.037569
-1.442908
-0.727510
-0.027018
0.871478
1.033566
0.555239
0.615831
-0.425297
-1.793051
-2.036925
-1.144373
-0.765419
-1.209621
-1.306561
-0.151257
0.813764
0.757167
0.183867
1.151870
1.525441
1.679389
0.473720
0.029248
-0.439246
-0.428110
-0.275986
-0.227832
0.204665
-0.405090
0.072142
0.071220
1.054442
0.791030
0.555738
0.414237
0.085384
-0.784734
-1.279281
-1.065198
-0.568483
-0.454041
0.207486
1.076738
0.355913
-0.012162
0.573751
1.157816
0.699140
0.425318
-0.115096
0.204560
0.745855
0.545155
0.008084
0.512257
0.636095
0.222743
-0.006561
-0.194963
-0.603470
-0.667831
-0.634467
-1.047609
-0.600159
-0.414117
0.708119
0.225453
0.398950
0.624942
0.842969
0.550988
0.329330
0.548713
0.456962
0.138362
-0.648520
-0.790622
-0.086009
0.955674
0.624247
0.129241
-0.388758
0.125850
1.280515
2.651937
2.900502
1.550115
0.203611
-0.816397
-1.356140
-0.691316
0.554411
0.600616
0.440311
0.238565
0.109519
0.274672
0.941877
0.740216
-0.012180
-1.031651
-0.574283
-0.886940
0.052201
1.376691
1.108667
0.662330
-0.109593
0.242698
0.485655
0.064698
-0.884569
-1.612577
-1.531477
-0.478431
-1.176362
-0.999322
-0.297328
-0.458240
-0.819840
-1.165164
-0.556078
0.441684
1.489245
0.992396
-0.245190
-1.183444
-0.433421
0.131478
-0.267192
-0.104125
-0.383186
-1.119278
-0.921008
-0.993106
-1.001441
-0.892173
-0.335045
0.835881
0.453415
0.091943
1.049764
2.593025
1.641417
0.483720
0.450195
1.504666
1.092733
0.682127
-0.380162
-1.113764
-0.741432
-0.516713
-1.470346
-2.760515
-1.720302
-0.820046
-0.131363
-0.425308
-0.428708
-1.319326
-1.962829
-1.041986
0.772232
2.144594
3.336521
3.489387
2.085788
1.122629
1.486549
1.832926
0.500421
-1.292109
-2.200212
-2.072025
-2.285536
-1.379969
-1.129114
-0.299386
0.580406
0.586861
-0.221897
-0.249691
0.830221
1.844362
1.972980
0.903165
0.084676
-0.875499
-0.249749
-0.432684
-0.458060
-1.620649
-2.093394
-1.749812
-1.172220
-1.430493
-1.622570
-0.957981
0.214415
0.324510
0.523787
1.424471
1.233013
1.196307
0.282691
0.671305
1.150256
1.082995
-0.169140
-1.391772
-2.103874
-2.341838
-2.386483
-1.359370
-0.809636
-0.526171
-1.207962
-1.291428
-0.112403
0.059191
0.224956
-0.191506
-0.401493
-0.684559
-0.322099
0.569037
0.814836
0.063039
-0.910744
-1.621845
-2.168989
-1.364964
-0.149402
0.139838
-0.032914
0.287071
-0.002430
0.384309
0.535320
0.355450
-0.557994
0.716903
0.869873
0.719112
0.475036
-0.135570
-0.360537
-0.053201
-0.025481
-0.624532
-0.599915
-0.049195
0.510837
0.920764
1.345925
1.006003
1.216281
0.323464
0.393677
1.027449
0.360826
-0.270308
-1.353860
-1.379311
-1.024380
-0.342922
-0.213344
-0.238818
-0.544541
0.275023
1.061700
1.223328
0.927708
0.614509
0.350738
0.359670
-0.614408
-0.849794
-0.160157
0.208329
0.171703
0.287549
0.427454
0.308476
0.844459
1.572805
1.974488
0.693203
1.468144
0.699272
0.064024
0.285609
0.486832
0.887650
1.274402
1.176237
1.315663
1.141595
0.601666
1.066104
1.432645
0.879813
-0.104128
1.104346
1.328306
1.024322
-0.206988
-0.006069
0.286511
0.403237
0.099934
-0.697771
-0.471325
-0.018480
0.796143
0.826402
0.933298
0.769126
0.048729
0.093524
0.890976
1.246271
-0.037438
-1.571967
-2.076434
-1.693499
-0.909810
-1.202481
-0.942944
0.637128
0.751140
0.887764
-0.516404
-0.682847
-0.750838
-1.183241
-2.201802
-1.769406
-1.619259
-0.294737
-0.482481
-0.973591
-0.684919
-0.943680
-1.682715
-2.255789
-2.579792
-2.322356
-0.788087
0.174915
0.605544
0.298573
0.497604
1.014989
0.828719
0.126360
-0.073441
0.049402
-0.330703
-0.367957
-0.178797
0.868098
0.342927
-0.220550
-0.885375
-0.930506
-1.301574
-1.150062
-0.350030
1.159712
1.691909
2.055526
2.310685
1.943294
1.119684
-0.518515
-1.364822
-2.363101
-1.797392
-0.344569
1.284044
1.713513
1.421327
0.977594
0.544305
0.217234
0.637493
1.094521
0.365264
-0.583101
-0.250406
0.427288
0.471995
0.839945
1.116629
1.122116
0.800208
1.009363
1.409963
2.092226
1.193489
0.352075
-0.127148
-0.489348
-0.808161
-0.438038
-0.157789
-0.899489
-0.316574
-0.104108
-0.172602
-0.536327
-0.276922
-0.267367
0.135661
-0.423540
-1.353908
-0.803106
0.395355
0.209075
0.468760
0.048331
-1.029847
-1.579951
-1.629575
-1.453076
-1.372746
-1.513427
-2.261189
-2.229158
-2.815939
-2.828673
-3.056546
-2.212609
-0.608966
1.006421
0.710382
-0.022068
-0.183139
-0.652043
-0.899309
-0.502334
-0.198127
-0.629344
-0.839451
-0.764904
-0.860244
-1.051405
-0.105952
-0.807668
-1.158278
0.434182
1.863217
2.041455
2.055611
1.947066
1.292244
0.998296
0.965181
1.214444
0.574894
0.138792
-0.886872
-0.981794
-0.985174
-1.190480
-1.510279
-1.500885
-1.066833
-0.177539
1.229051
1.169572
1.729140
2.056236
2.446862
2.692315
1.981012
1.673913
1.417221
1.440559
1.542601
0.843106
0.059178
-0.877017
-0.501065
-1.210364
-1.152547
0.826543
1.388362
0.951697
-0.818027
-0.550388
0.505583
1.290590
0.442493
0.150428
-0.160727
-0.074725
-1.084435
-1.357130
-0.760248
0.088424
-0.247314
-0.271034
0.090842
-0.766700
-0.872907
-1.575251
-0.794982
-0.767041
-1.550336
-1.196447
-0.292839
-0.294045
-0.550243
-1.184344
-0.685915
-0.762871
-1.008247
0.099975
0.403922
0.629631
0.244532
0.115496
0.315222
-0.092804
-1.107758
-0.899066
-0.993616
-1.239345
-0.527738
-0.517186
-0.820692
-0.602621
0.062767
-0.013849
0.440127
-0.158919
-1.107140
-0.672400
0.082017
0.237028
0.221132
-0.215274
-0.565933
-0.786184
1.007457
0.524282
-0.167928
-0.647605
-1.042073
-0.201654
1.241470
1.370229
0.033406
0.105891
0.205389
0.578763
-0.461599
-0.633295
-0.052115
0.684004
0.881411
0.869573
0.495250
0.683804
1.137903
1.650624
1.751611
0.759162
0.824441
0.787932
1.072912
0.465508
-0.212126
-0.118632
-0.344575
-0.564997
-0.084178
-0.614281
-0.055372
0.528330
0.449582
0.463136
0.872675
1.395098
0.350736
0.381055
0.514898
0.900439
0.873922
1.777769
2.041724
1.608357
0.344090
0.729920
1.083583
1.480553
0.868705
-0.378237
0.353055
1.236079
1.700459
0.939353
1.068018
1.333150
1.487218
0.999471
1.248013
0.100961
-0.676550
-1.005972
-0.521907
0.075311
-0.474689
-0.111297
-0.369449
0.405102
1.232951
1.803098
1.535964
1.724171
1.056869
0.752815
0.444789
-1.100996
-1.638667
-1.003714
-0.627849
-0.420294
-1.358397
-2.221598
-1.578683
-1.400629
-0.620591
-0.659652
-0.415881
-0.803084
-0.275045
0.262864
0.188346
-0.065160
0.560644
0.276830
-0.342411
-0.777543
-1.104961
-0.490918
0.286267
0.821079
0.620469
0.120657
-0.740458
-0.597465
-0.839403
-0.529925
-1.023106
-0.598988
-0.622307
-1.023925
-1.599970
-2.536161
-1.821585
-0.274505
0.708668
-0.033110
-0.484896
-0.409944
-0.308441
-0.254433
0.146939
-0.200902
0.057685
0.266395
0.140379
-0.562395
-0.202604
-0.801010
-0.930687
0.075617
-1.054849
-0.574121
0.533669
0.531944
0.026767
0.623016
0.223693
0.257466
-0.344059
-0.714162
-0.844734
-1.077621
-0.964223
-1.762903
-0.716706
0.209842
1.380648
1.340488
1.221654
1.047848
1.169533
0.348038
-0.600296
-0.707051
-0.520830
-0.825506
-0.136939
-0.132609
0.050437
-0.782555
-0.650184
1.018664
0.845694
0.825631
0.203501
0.629333
0.125863
-0.031140
-0.791588
-0.830998
-1.205649
-0.743345
-0.615468
-0.173360
-0.023464
-0.115973
-0.103374
0.598980
0.728577
0.063825
-0.235802
0.212606
0.537456
-0.295653
-0.753140
-0.578766
0.382169
0.907481
1.001052
-0.087255
-0.146438
0.904661
0.882989
1.472155
0.441230
0.242388
0.034309
0.107471
0.340966
0.455027
-0.916843
-0.614146
-0.464503
-0.384546
-0.470570
-0.275041
-0.515527
-0.466612
-0.571984
-0.722124
0.180376
0.177656
0.263855
0.138776
0.411390
0.757641
1.149572
-0.337666
-0.171836
0.007442
0.427028
1.277649
1.559191
1.150699
-1.042043
-1.651682
-0.044295
2.440869
2.646343
1.260925
-0.440437
-0.552350
-0.292806
0.009145
-0.556953
-1.201899
-2.433140
-2.175899
-1.228411
-0.853042
-0.094728
0.108710
-0.374775
-1.032651
0.634437
2.086717
2.638415
1.258608
0.205239
-0.750060
-0.834223
-0.539339
-0.596842
-1.186128
-1.946764
-1.741115
-0.622585
0.479926
0.975393
0.789254
0.169539
0.310841
-0.123895
0.191213
0.062100
0.580813
0.089411
-0.300813
0.075607
0.593653
-0.054352
-0.514386
-0.194679
-0.427861
0.169778
-0.602210
-0.698655
-0.001133
0.016929
0.038278
0.083889
-0.996192
-0.237178
0.396085
-0.483042
-0.866011
-0.082331
0.647133
1.618319
1.843338
1.011075
1.982837
1.150047
0.800503
0.181627
0.002789
0.708056
0.515667
-0.132762
0.131960
0.589999
0.675437
0.213310
0.176273
0.570220
0.254922
0.197608
0.090291
-0.205559
-0.897547
-1.280205
-1.514839
-1.129153
-0.734319
-0.988614
-2.516362
-2.515714
-1.048470
-0.741983
-1.435008
-1.823922
-1.777009
-1.573723
-0.760048
-0.800975
-0.438713
-0.798629
-0.809859
-0.540506
-0.754189
-1.468735
-0.753235
0.465014
1.010185
0.680898
0.697122
0.753008
0.949738
1.234651
0.575269
-0.172143
-0.168132
-0.145987
-1.049733
-1.413238
-1.260403
-0.616060
-0.419489
0.212520
0.059988
0.037092
0.460704
0.224998
0.492537
0.701174
1.695099
1.885402
1.665384
1.340783
0.657994
1.111180
1.675056
1.334062
0.843886
1.082422
1.547191
0.329731
-0.310701
0.336157
0.358229
1.327125
0.501591
0.606842
1.346607
1.759510
1.630076
0.881900
0.418147
0.907802
1.037313
1.239031
0.033175
-0.754580
-0.651731
-0.464276
-1.581305
-2.004357
-1.280640
-1.584710
-0.683399
0.021160
-0.284581
-0.605482
-0.184526
1.124789
1.069925
-0.683198
-0.705619
-0.061202
0.396919
0.362730
0.306906
-0.408716
-1.609174
-0.918143
-0.236952
0.219327
-0.136307
1.093276
0.508418
0.159066
0.054425
-0.601135
-0.238377
-0.109716
-1.131303
-1.844807
-1.279527
-0.824147
