-0.652457
-1.182386
-1.481284
-1.421953
-1.106169
-0.577050
0.531956
1.534199
1.872585
1.852371
1.647802
1.679660
1.433490
0.611666
-0.426749
-1.155486
-1.631451
-2.295649
-2.518487
-2.746827
-2.257128
-1.465452
-0.661898
-0.597767
-0.942485
-0.739865
-0.009730
-0.126267
-0.292366
-0.145652
0.036131
0.447468
0.455841
0.295485
-0.167633
0.063439
0.336893
0.512379
0.346906
0.582724
0.693203
0.866313
0.775510
0.461201
-0.188099
-0.519519
-0.390116
-0.188494
0.527293
0.796148
0.990355
0.992459
1.023649
1.262646
1.025207
0.442932
0.417618
0.217189
0.163510
-0.108457
-0.066771
0.332968
1.107091
1.385416
1.193962
1.409725
1.715200
2.234388
1.480449
0.901874
0.290626
-0.030766
-0.465071
-0.824350
-1.157417
-1.143115
-1.104161
-0.945012
-0.515184
-0.434333
-0.273980
-0.303498
-0.509959
-0.661904
-0.662444
-0.804989
-1.107946
-0.808080
-0.451193
-0.065719
-0.282248
-1.005480
-1.024602
-0.591203
-0.094727
0.137933
0.201155
0.495355
0.141395
-0.374267
-0.612311
-0.311153
-0.184562
-0.342148
-0.578146
0.017655
0.748672
1.150482
0.878045
0.661529
0.425589
0.293343
0.187113
0.234790
0.341617
-0.070339
-0.597276
-0.624226
-0.509051
-0.155158
0.276471
0.801348
1.063762
1.049074
1.460202
0.902999
0.034312
-0.446808
-0.629309
0.068006
0.416283
-0.033990
-0.716269
-0.757582
-0.744132
-0.190752
-0.320703
-1.374528
-2.307567
-2.023748
-0.816048
0.395774
1.084601
1.202012
0.594181
-0.104814
-0.358530
-0.165461
0.009544
-0.218830
-0.272807
-0.016166
0.299275
0.574963
0.698339
0.394354
-0.065448
-0.801661
-1.741448
-2.185382
-2.585306
-2.314845
-1.695526
-1.268250
-1.079147
-0.353114
0.929962
2.112940
2.149727
1.883297
1.419212
1.409288
1.023910
0.950487
1.039229
0.681687
-0.028383
-0.141435
-0.005104
0.149422
0.326575
-0.101227
-0.059375
0.274865
0.791643
0.927488
0.793601
0.339906
0.444264
0.722243
0.356797
0.243372
-0.648091
-1.299521
-2.081072
-2.370636
-2.055026
-1.458378
-1.416035
-1.152749
-0.551594
-0.074387
0.401518
1.065488
1.637130
1.999759
1.710216
1.438558
1.822479
1.430459
0.964756
0.653807
0.339155
0.473433
0.389426
-0.258046
-1.134935
-2.227625
-2.582049
-2.614650
-2.103907
-1.637835
-1.345221
-0.851246
-0.373756
0.148487
0.688231
1.151447
1.096458
0.981754
0.787485
0.358400
0.260139
0.061131
-0.504922
-0.683429
-0.705902
-0.655550
-0.788181
-1.276541
-1.034018
-0.507976
-0.064954
0.285083
0.605298
1.030223
1.499199
1.655842
1.431766
0.756396
0.336678
-0.052462
-0.104998
-0.147066
-0.239484
-0.397339
-0.441657
-0.277140
-0.306899
-0.400251
-0.595852
-0.618786
0.196578
0.908348
1.484585
2.504512
2.788393
2.757993
2.368740
1.976338
1.409446
0.586800
-0.162005
-0.891859
-1.359147
-1.129798
-0.523162
-0.074282
0.048959
0.110572
0.475671
0.318334
0.745037
0.767100
0.926597
1.033466
0.788018
0.494581
0.521549
0.564885
0.033832
-0.284407
-0.202391
-0.256380
-0.493886
-0.731651
-0.994455
-1.053520
-0.854842
-0.423835
-0.209617
-0.205139
-0.314148
-0.289653
-0.066587
-0.060436
0.123845
0.158717
0.105660
0.208134
0.448775
0.578144
0.337997
0.081830
0.306489
0.211242
0.421696
0.658252
0.366659
0.141033
-0.471460
-0.678418
-0.827606
-1.014890
-1.397824
-1.085664
-1.137577
-0.732650
0.219446
0.923827
1.075650
1.225613
1.230178
0.915671
0.555480
0.395691
0.034112
-0.309245
-0.525546
-0.643066
-0.652078
-0.722290
-0.455030
-0.420188
-0.724000
-0.670805
-0.121873
-0.286863
-0.475318
-0.391215
-0.589131
-0.660243
-0.770436
-0.357915
-0.368719
-0.166407
0.504933
0.795710
0.632421
0.055350
-0.263132
-0.261770
-0.852249
-1.533528
-1.320628
-0.922281
-0.817673
-0.821251
-0.564271
-0.384409
0.056578
-0.178102
-0.408477
-0.394841
0.050534
0.495018
0.849584
0.977209
1.387332
1.374673
1.171614
0.645901
-0.376175
-1.242043
-1.755503
-1.973673
-2.027851
-1.985358
-1.665804
-0.714552
0.186295
0.741659
0.703874
1.210959
1.404583
0.730992
0.158384
-0.240307
-0.530203
-0.376688
0.433410
1.232541
1.796311
2.116959
1.537262
0.786096
0.178889
-0.703799
-1.536287
-1.785826
-1.470386
-1.302619
-1.379271
-1.593597
-2.042929
-1.934097
-1.758517
-0.932740
0.163856
1.341435
1.750701
1.964781
2.338489
1.952383
0.691596
-0.561652
-1.926008
-3.062853
-3.275939
-2.759161
-1.557111
-0.339204
1.212943
2.675711
2.942427
2.744479
2.275405
1.526079
0.985532
0.884400
0.703160
-0.326610
-1.200644
-1.634020
-1.621765
-1.715934
-1.884634
-1.556975
-1.064813
-0.493971
-0.205846
0.173376
0.578727
1.100470
1.632178
1.543427
1.056752
0.914338
0.997446
0.255289
-0.527177
-0.664468
-0.667423
-0.458108
-0.329504
0.047412
0.554922
0.562346
0.435804
0.230054
0.606511
1.343749
1.798494
1.505365
1.262040
1.399783
1.446613
1.543884
1.502352
1.337100
0.583619
0.498533
0.562716
0.983601
1.431787
1.391493
1.532761
1.395198
0.888113
0.382294
-0.261232
-0.141450
-0.006871
0.049512
0.057682
-0.374134
-0.275800
0.038662
0.205187
0.651919
1.281983
1.228199
0.975822
0.670754
0.414555
0.345445
-0.016249
-0.609926
-0.945326
-1.511000
-1.855321
-1.516280
-1.257011
-0.861405
-0.868179
-0.654396
-0.185169
0.209182
0.717223
1.293338
1.610799
1.991301
1.567290
1.107184
0.478100
-0.283590
-0.735499
-1.266563
-1.514762
-1.581189
-1.866831
-1.709577
-0.888027
-0.464482
-0.593260
-0.669771
-0.503475
-0.238000
0.225276
0.294777
-0.114519
-0.646345
-1.074755
-1.610711
-2.149333
-1.879061
-1.579880
-1.120303
-0.955713
-0.864050
-0.459136
-0.218158
-0.458887
-0.189408
-0.342940
-0.422753
0.066125
0.575567
1.265759
1.201027
0.706965
0.504338
0.241590
0.409601
0.851278
1.108869
1.031259
0.553022
0.692717
0.117314
0.045250
0.473490
0.570858
0.577858
0.219468
-0.463431
-0.768908
-0.703384
-0.632385
0.050322
0.942802
2.061785
2.471113
2.413603
1.993048
1.274319
0.574389
-0.164991
-0.894063
-1.220707
-1.406016
-1.577752
-1.073911
-0.487635
0.051953
0.198630
-0.007868
0.269811
0.596397
0.533451
0.831807
0.866650
0.311105
-0.084041
0.211005
0.254538
0.022152
-0.693383
-1.470598
-1.537267
-1.354435
-1.013307
-0.645939
0.173383
0.628169
0.968612
0.671000
0.514126
-0.196867
-0.985976
-1.581665
-1.610923
-1.455109
-0.821927
-0.397802
-0.223305
0.031979
0.618046
0.836267
1.019393
0.793410
0.371999
0.820987
0.528666
0.503069
0.120227
-0.115948
-0.166220
-0.430806
-0.479961
-0.884140
-1.062327
-1.056982
-0.555336
-0.752737
-0.470959
-0.536128
-1.087617
-1.048276
-0.647133
-0.142388
0.347628
0.580165
0.079294
-0.496291
-0.928872
-0.421938
-0.294442
-0.162172
-0.377919
-0.513729
-0.270695
-0.116632
-0.123826
0.205595
0.468654
0.859973
0.996936
1.187767
1.012213
0.801829
0.369829
-0.184018
-0.562102
-1.229478
-1.522275
-1.124947
-1.084365
-1.262474
-1.007232
-0.612005
-0.637966
-0.848217
-0.495916
0.197579
0.942585
1.729474
2.227841
1.751926
1.215796
1.192915
1.042590
0.679444
0.123689
0.157972
-0.021935
-0.172497
-0.373688
-0.397477
-0.910935
-1.289682
-1.330727
-1.268389
-1.527451
-1.379399
-0.483168
0.374046
1.143489
0.940294
0.790267
0.566927
0.434887
0.243612
0.512811
0.558338
0.229172
-0.162284
-0.464303
-0.710116
-0.724689
-0.866021
-0.701232
-0.091618
0.248654
0.003621
-0.616028
-0.671130
-0.100538
0.876487
1.236249
1.113618
0.605880
0.823123
1.319134
1.196245
1.099757
0.951871
0.733642
0.162824
-0.122792
-0.060482
0.285755
0.165146
0.246352
0.312416
0.805767
1.107058
0.746106
0.561106
0.870445
0.835100
0.511321
0.626250
0.703082
0.599326
0.662229
0.057160
-0.626368
-0.674438
-0.990679
-1.167028
-1.199386
-0.639394
-0.104783
0.127840
0.343697
0.022609
0.063750
-0.088401
-0.159652
-0.054736
0.222247
0.423476
0.132870
-0.036822
-0.404926
-0.276581
-0.189288
-0.644735
-0.852102
-0.914561
-0.485986
0.063757
0.141737
0.334574
0.152854
0.260674
0.314708
-0.441707
-0.699372
-0.880089
-1.046011
-0.746564
-0.119850
0.390605
0.494257
0.538070
0.372587
0.705323
0.824021
0.992499
1.013014
0.768941
0.488649
-0.006120
-0.085029
-0.190578
0.037479
0.078108
-0.261323
-1.005678
-1.138293
-0.680201
-0.174152
0.305687
0.539106
0.960773
0.872932
0.382610
-0.033743
-0.539074
-1.168396
-1.329350
-0.815145
-0.699803
-0.875203
-1.095493
-1.223683
-0.889018
-0.579565
-0.368891
-0.579393
-0.851741
-0.884164
-0.690243
0.037112
0.956442
1.391309
1.297694
0.844266
0.757529
0.754862
0.610286
0.298155
-0.330518
-1.030132
-1.486933
-1.908468
-2.009031
-1.905843
-2.489931
-2.036785
-0.706110
0.266680
1.290679
1.945404
2.235836
2.355011
2.602319
2.588212
2.275095
1.497493
0.433793
0.009650
-0.667162
-1.170565
-1.236462
-1.195828
-1.448985
-1.807536
-1.650189
-0.800447
-0.174268
0.331158
0.632554
0.828981
0.718495
0.335920
0.052735
-0.175275
-0.478819
-0.386673
-0.139136
-0.134733
-0.120163
0.059337
0.438325
0.728091
0.809994
0.873126
1.358998
0.952991
-0.320963
-1.042440
-1.344196
-1.536453
-1.557758
-1.461257
-1.100333
-0.459453
-0.136838
0.263907
0.721122
0.917272
1.070216
1.198247
1.252363
1.260422
1.102396
1.194843
1.154678
0.555390
0.484272
0.740408
0.921422
0.129495
-0.150411
-0.356003
0.017746
0.576972
0.844491
0.981082
1.111748
0.863907
1.320954
1.947855
1.682197
1.378002
0.714975
0.680680
0.465511
0.690311
0.683733
0.554539
0.425236
0.289520
0.264756
0.123618
-0.533602
-1.151757
-0.880108
-0.987771
-1.143052
-0.980224
-0.352706
-0.233102
0.194561
0.360314
0.411093
0.338555
0.145224
-0.057508
-0.095142
-0.437225
-0.805296
-1.246053
-0.859620
-0.718973
-0.556047
-0.720819
-1.575559
-1.749039
-1.301936
-1.070838
-1.470802
-1.771104
-1.731827
-1.217239
-0.792073
-0.518138
-0.101358
0.345812
0.544626
0.494101
0.077579
-0.228219
-0.978118
-1.620537
-1.624861
-1.678257
-1.756201
-1.614248
-1.316052
-0.605962
0.182204
0.157900
0.318684
0.575715
0.768104
0.882055
0.675709
0.861536
0.841542
0.803822
0.185924
-0.679385
-1.133012
-1.180695
-1.099248
-0.625462
-0.087747
0.611352
1.027671
1.244146
1.654907
1.783491
1.750790
1.344039
1.072339
0.909357
0.738544
0.289382
-0.065518
-0.218596
-0.268026
-0.464399
-0.521565
-0.343994
0.572543
0.802755
0.503707
0.368601
0.404498
0.532900
