2.226002
1.484126
0.090745
-0.606060
-1.140184
-0.611969
-0.062610
-0.059447
-0.186187
-0.211965
-0.102534
0.522638
0.571654
-0.355023
-0.989149
-0.828788
-0.904240
-0.441501
-0.161356
-0.074979
-0.180284
-0.458247
1.049562
2.110242
2.015735
1.307104
0.941640
0.594663
-0.034242
-0.237295
-0.769178
-1.369185
-0.955016
0.394928
1.120135
1.626774
0.831692
0.289283
0.265413
0.390624
-0.051945
-0.802642
-2.099226
-3.313949
-3.030546
-1.324296
1.205139
2.665633
2.681579
2.264419
1.730573
0.946541
-0.176453
-0.242698
0.021468
0.394259
0.165865
-1.278028
-1.738949
-2.116641
-1.478090
0.242712
1.505364
2.482789
2.802093
2.514049
1.962049
1.887705
0.652305
0.049363
-0.391131
-0.645894
-1.442238
-1.735516
-1.415074
-0.610560
0.020606
0.433063
0.244240
0.361776
0.787030
0.153869
-0.132769
0.245899
-0.342228
-0.735801
-0.165510
0.238979
0.914999
0.852349
-0.033541
-1.409691
-1.631407
-1.235317
-1.926355
-1.992026
-1.111511
-0.509630
0.177712
1.034653
1.104057
1.325683
0.912502
0.293332
-0.037257
-0.391657
-0.554521
-0.589322
-1.165315
-1.068462
-1.395227
-1.381337
-0.550695
0.690851
1.423657
1.056793
0.727346
0.494870
0.646045
0.357673
-0.222065
-0.477205
-0.694231
-0.716160
0.231416
0.837833
0.425389
-0.039349
0.100082
0.851673
1.131847
0.123570
-1.595858
-2.638530
-2.633251
-1.283309
-0.287319
0.036598
0.530559
1.314116
2.784710
3.671770
3.643460
2.628363
0.809055
-0.940629
-1.685074
-1.224584
-0.206890
0.860253
0.988060
-0.238167
-2.158302
-2.952262
-2.194890
-1.048044
-0.118789
0.628207
1.094167
1.271078
0.721246
0.697827
1.167921
1.361660
0.638172
-0.118791
-0.699319
-1.615521
-2.542692
-2.707640
-1.978129
-0.828111
0.411299
1.687501
2.589624
3.074470
2.689657
1.560427
0.381079
-0.398744
-0.552929
-0.939485
-1.469897
-2.180356
-1.857346
-1.290070
-0.696592
-0.342700
-0.202490
-0.014306
-0.319706
-0.076915
0.460489
0.938694
1.433641
1.416108
0.680285
-0.071927
-0.795523
-1.018997
-1.556295
-2.077714
-1.424267
-0.898917
-0.503025
-0.596771
-0.023158
1.371099
2.104424
2.148865
2.085449
1.458914
0.832922
0.827376
0.709291
0.006898
-0.429722
-0.949560
-2.017465
-2.837664
-1.935303
-1.093834
-0.686164
-0.593636
-0.126385
0.778476
1.513229
1.375435
0.308650
-0.052610
0.076401
0.469382
0.537019
0.258649
0.263797
0.798401
0.969175
0.845678
-0.310121
-1.379576
-1.638666
-0.916988
0.474875
0.574702
0.428826
0.218485
0.862500
0.879950
0.959037
1.412086
1.213668
0.672755
0.217094
-0.226147
-0.732365
-0.177142
0.931724
-0.007907
-1.607315
-1.546061
-1.038487
-0.273462
0.064478
0.446024
0.258989
0.675793
1.463133
1.229831
0.681138
0.531195
0.943559
1.772346
1.319878
0.303992
-0.341329
-0.409758
0.626836
1.243508
0.628083
-0.065638
-0.340630
-0.935298
-0.354429
0.445826
0.273214
0.032711
-0.698612
-1.299454
-1.656191
-0.814007
0.221488
1.358386
1.665720
1.003050
0.081164
-0.641566
-1.196961
-1.469426
-1.001306
-0.802447
-0.701040
-0.295877
-0.052674
-0.222598
0.280587
0.688005
1.129054
0.788676
0.524389
0.665739
0.791956
0.962457
0.445347
-0.091729
-0.567199
-1.094053
-0.613628
0.292064
0.471291
0.164147
-0.082242
0.217830
1.376067
1.911673
1.190851
0.640561
-0.015630
-0.051796
-0.303420
-0.316083
-0.894443
-0.688445
-0.680359
-0.916434
-1.017039
-1.044331
-0.561310
-0.448815
-0.153988
0.271542
1.044339
0.767959
0.538715
0.377284
0.353436
0.041720
-0.372734
-0.602926
-1.064592
-0.756188
-0.050359
0.056098
-0.086434
-0.313662
-0.529777
-0.634746
-1.076514
-1.268071
-0.703521
-0.131482
0.410223
0.412076
0.574166
0.808437
0.706661
-0.511327
-1.342304
-1.746366
-1.388943
-0.940837
-0.918581
-1.034809
-0.770360
-0.949456
-0.917503
-0.879326
-0.202599
0.351471
0.706477
0.499048
-0.370359
-0.326969
0.224551
0.030446
-0.869932
-0.974825
-0.470479
0.568280
0.822426
0.177975
-0.551810
-0.379451
0.549964
1.057502
1.716446
1.569585
1.177965
0.430103
-0.361736
-1.139188
-1.201946
-0.876676
0.301052
-0.045634
-0.650195
-0.505441
0.424562
1.757123
2.367356
2.023974
1.470522
0.528017
-0.160047
-1.046766
-1.468049
-1.318064
-0.879655
-0.518112
0.208289
0.657123
0.624938
0.526702
0.451733
0.306503
0.136055
0.952975
1.042399
1.048194
1.343562
1.079332
0.763341
0.090353
-1.293077
-2.607908
-3.022480
-2.904241
-2.956953
-2.606536
-1.587786
-0.949637
-0.618342
-0.084585
0.670513
1.260913
1.482812
1.354620
1.113648
0.961057
0.663305
0.092235
-1.273964
-1.923171
-2.148940
-1.632749
-0.897677
-0.630583
-0.123946
0.862675
1.361683
1.309881
1.212472
1.428475
1.622094
1.308389
0.500732
-0.929205
-1.802822
-1.988524
-1.780470
-1.269812
0.042649
0.475522
0.714190
0.104460
-0.040275
0.747691
1.199350
1.521748
1.277060
0.848760
-0.186216
-0.509030
-0.619318
-0.430513
0.183349
0.507039
1.087201
1.295265
1.378826
0.886056
0.010026
-0.222249
0.365621
1.611542
2.215646
1.821731
1.946266
1.598629
1.055197
0.496038
0.954653
0.292193
-0.838277
-1.456720
-1.227613
-0.335158
-0.245748
-0.283821
-0.538972
-0.529577
0.364747
0.434691
0.397981
0.757489
0.951552
0.450054
-0.283617
-0.319254
-0.593589
-1.179889
-1.534565
-0.811639
0.173874
0.519047
0.440280
0.770222
0.531717
-0.002932
-0.335157
-0.419992
-0.420966
-0.986361
-1.033436
-1.040515
-1.609288
-1.329300
-0.513673
0.041651
0.280720
0.380916
0.405541
0.061944
0.064282
-0.275621
-0.427081
-0.456368
-0.438756
-0.191658
-1.136769
-1.608738
-1.055534
-0.326671
-0.065126
-0.084274
-0.298876
-0.215464
-0.129867
-0.400438
-0.423123
-1.109764
-1.202398
-0.502981
0.114574
0.539081
0.560417
0.720887
1.394661
1.327316
0.933805
-0.052722
-0.943327
-1.331892
-1.980561
-2.368289
-1.293569
-0.466627
0.296021
0.970749
0.869739
1.222906
1.677040
1.652740
1.428436
1.352184
0.768342
0.750305
0.565754
-0.259875
-0.282706
0.050186
0.381643
0.347333
0.848621
1.072386
1.614864
1.232752
0.959100
0.751553
0.605044
0.129614
0.149789
0.396775
-0.570241
-0.530094
-0.126576
0.141526
0.218628
0.197458
-0.286305
-0.175641
-0.118785
0.351191
0.455978
-0.175933
0.072131
0.339767
0.331865
0.494902
0.293442
-0.005051
-0.047656
-0.473439
-0.457138
0.016860
0.012436
-0.525739
-0.558619
0.252246
0.748742
0.800491
1.072751
1.086469
1.110292
0.708630
0.285915
0.145157
0.606837
0.542148
-0.420361
-1.270447
-0.657108
0.079306
0.293610
0.202637
-0.075414
0.300697
0.422716
0.440230
0.098434
0.266006
0.179249
-0.322862
-0.593693
-0.690005
-1.091289
-0.510981
0.188444
0.166197
0.150468
-0.532967
-1.499150
-1.958953
-1.558938
-1.169763
-1.299401
-1.329169
-1.193623
-1.396917
-1.711430
-1.560729
-0.681685
-0.102451
-0.272733
-0.595348
-0.729979
-0.548570
-0.397534
-0.731972
-1.170238
-1.216268
-1.265630
-1.105081
-0.800247
-0.896845
-0.142996
0.680986
1.563821
1.871054
1.029339
0.478577
0.643217
0.638013
0.527888
-0.817917
-1.366083
-1.031060
-0.842567
-0.146799
0.214266
0.695663
1.140383
1.274676
1.367050
0.615281
-0.339230
-0.295834
0.680893
0.773636
0.103537
0.298415
0.164008
0.560464
0.893064
0.481929
-0.231818
-0.687372
-0.056676
0.705100
0.758324
0.162302
-0.033831
-0.001553
-0.335275
-0.843603
-0.992565
-0.868291
-0.163836
0.038570
0.009204
-0.088437
0.527806
0.420292
-0.057841
-0.160295
-0.141041
-0.065403
-0.270405
-0.371672
-0.373047
-0.183777
-0.884020
-1.393516
-1.365644
-0.667715
0.798371
0.890059
0.904883
0.603713
-0.034115
0.204240
-0.235471
-0.286488
-0.320345
-0.609081
-0.748573
0.127702
0.656006
1.081191
1.590084
1.152133
1.301720
0.672226
0.082627
-0.163005
-0.823466
-0.719808
-0.767169
-0.709303
-0.724353
0.349686
1.275699
1.462542
1.341153
1.719417
1.490289
1.188705
1.165760
0.490221
0.058638
-0.218152
-0.883087
-1.463257
-1.296677
-0.996588
-0.346231
0.390972
1.526032
1.787842
2.110141
1.750076
1.106883
0.299210
-0.656266
-1.168077
-1.836339
-1.689618
-0.656596
-0.482819
-0.606030
-0.836035
-0.603008
0.797448
1.638085
2.024627
1.336296
0.248005
-0.488641
-0.761844
-0.113553
0.011764
0.165789
0.369383
0.409338
0.324363
-0.383681
-1.039329
-1.043371
-0.972761
-0.871949
-0.265817
0.012184
-0.264559
-0.276689
0.046618
0.585902
1.314909
0.815598
-0.530049
-0.853895
-0.632172
-0.727651
-0.626338
-0.611110
-0.060389
0.600789
0.425495
-0.061024
-0.050803
-0.194987
-0.245352
-0.561108
-0.365204
-0.752203
-0.785531
-0.679141
-0.467936
-0.504328
-0.887995
-0.825215
-0.483325
-0.113177
0.321036
0.396455
0.154327
-0.012489
-0.083373
-0.055373
0.295093
0.814570
0.601513
-0.412128
-1.090328
-1.973233
-1.970768
-1.139267
-0.066145
0.826877
1.072337
0.731483
0.629487
0.453817
0.452622
0.533046
0.245827
-0.321001
-1.030698
-1.194175
-1.330728
-1.127072
-0.458483
0.495132
1.595822
2.339295
2.155060
2.368828
2.214177
2.142689
1.567489
0.700005
-0.388820
-0.303568
-0.466574
-0.860069
-0.872601
-1.087593
-0.571740
-0.002099
0.319423
0.430384
0.722882
0.384485
0.353814
0.396187
0.077776
-0.495257
-0.716454
-0.842219
-1.017783
-0.652879
-0.141065
0.000056
0.152038
0.650049
0.023494
0.066647
0.154053
0.162747
-0.314785
-0.195724
-0.204590
-0.433380
-0.435795
-0.056524
0.775270
1.596981
1.678428
1.320495
1.092877
0.566938
0.137995
0.035274
0.339429
0.526273
0.544336
0.567831
1.367659
1.147427
0.356752
0.017780
0.343520
0.150245
-0.783213
-1.207102
-0.981801
-0.521071
-0.731137
-0.141500
0.272466
0.143930
-0.342681
-0.024063
-0.298167
-0.537733
-0.816948
-0.935733
-0.758183
-0.030705
-0.221504
-0.592704
-1.210457
-1.598334
-1.054987
-0.640199
0.272874
0.707383
0.287485
-0.636294
-1.103060
-0.514949
-0.328512
-0.740130
-0.722528
-0.448136
-0.129068
-0.112420
-0.131507
-0.781272
-1.280959
-0.695776
-0.567055
0.111974
0.694867
0.716657
0.517840
0.425327
0.390381
1.000843
0.962886
0.061196
-0.179013
-0.081359
0.367395
0.545298
0.693477
0.430390
0.210901
0.363418
0.693992
0.431862
-0.094207
-0.137957
-0.549385
-1.349499
-1.627331
-1.457804
-1.090661
-0.743581
-0.916934
-1.089158
-0.732947
0.006035
0.563775
0.865695
0.858698
0.787683
0.708695
1.018746
0.883782
0.190302
-0.680424
-0.901031
-0.296172
0.149878
0.319080
