1.673853
1.465516
0.058339
-1.547792
-2.401453
-1.980929
-0.432423
0.023144
-1.111078
-1.013541
-1.984122
-2.271859
-0.954319
-0.047676
-0.116861
0.207629
-0.139879
-0.595970
-1.254695
-1.083410
-1.417457
-2.019772
-2.019401
-1.331543
-0.740157
-0.092895
0.859079
0.184896
-0.142279
-0.571723
-0.549989
0.286315
0.519863
1.532315
1.903472
1.886247
-0.234682
-2.200901
-3.494307
-3.397665
-1.828771
0.356083
1.097862
1.368393
1.498682
1.350842
0.378876
-0.187337
0.054009
-0.101644
-0.093411
0.316261
0.919240
0.787119
0.341684
-0.651756
-0.101880
-0.547434
-1.512203
-1.303638
-0.542693
-0.174643
0.714922
0.819542
0.741401
1.013646
0.975231
0.712555
0.403508
0.066619
0.295754
0.607964
0.386104
-0.311718
-1.033364
-0.458335
-0.506428
-0.794065
0.033696
-0.773108
-1.868584
-0.925375
-0.260257
-0.456444
-0.386030
0.426182
0.883056
1.290193
0.509087
-0.379498
-0.011760
0.295569
0.511470
0.532129
0.647807
0.580346
-0.222826
-0.175386
-0.215947
0.703358
1.413821
1.674063
1.793825
0.092126
-0.893660
-1.149451
-0.990005
1.107011
1.354005
0.584521
-0.698642
-1.156476
-1.083168
-0.771995
0.097980
1.257301
0.984485
0.835353
0.353779
-0.723605
-1.195132
-0.690482
0.214796
0.337682
-0.557522
-1.620470
-1.686420
-0.648706
-0.346141
-0.548847
0.399596
0.311407
-0.489038
0.060338
-0.525076
-0.638601
-0.161126
0.537804
0.725682
0.592415
0.736001
0.361418
-0.408344
-0.382404
0.329574
0.413995
-0.118093
0.257587
-0.018526
-0.576272
-0.643337
-0.351085
0.240028
-0.197819
-0.051708
-0.025811
0.179235
0.186673
0.530082
1.321229
2.303835
2.033890
1.399905
0.827178
-0.517028
-0.865838
-0.950478
-0.447597
-0.082326
0.624199
0.645069
0.517647
-0.174735
-0.649129
-0.646701
-1.131823
-0.664951
0.021364
-0.329413
-1.255810
-1.497619
-0.152193
-0.627580
-0.257230
1.243638
2.634485
3.239815
2.235513
1.558782
1.015463
0.014483
-1.345598
-1.289393
0.791095
2.184574
2.558608
2.148237
1.525982
-0.028883
-0.912080
0.030365
-0.205649
-0.285591
0.034033
-0.460706
-0.992300
-1.055795
-0.542553
-0.171038
0.802109
1.074402
0.552111
0.101895
-0.216670
-0.155417
-0.232715
0.352366
0.752664
1.028001
0.748681
-0.212860
-1.211261
-0.670944
-0.285697
0.228190
-0.034555
0.244786
-0.166555
-0.951950
-0.889038
-0.326873
0.409627
-0.768094
-0.959554
-0.596973
-0.195615
-0.260185
-0.472626
0.433010
1.444594
1.303618
0.140139
0.147152
-0.206960
-0.576721
-0.147695
-0.897900
-2.002572
-2.411193
-2.495347
-1.337852
-0.391246
0.543540
1.888330
0.940560
-0.372048
-1.342263
-1.132936
-0.390417
0.233467
-0.268513
-0.437571
-0.162069
-0.368755
-1.412913
-1.810504
-2.401163
-1.386995
1.443744
2.828718
3.342388
2.575103
1.920733
0.857955
-0.737270
-1.469969
-0.303228
0.113237
1.351692
2.752710
2.678723
0.472952
-0.436269
-0.784435
-1.082777
-1.312095
-1.602786
-0.082409
-0.161933
-0.268751
0.334880
0.844394
1.573404
2.183395
1.717986
1.070508
0.142595
-0.931568
-1.257966
-0.803572
0.523562
0.693022
-0.388210
-1.183417
-1.304831
-0.918660
-0.142552
0.134920
0.445461
1.061680
0.956897
0.452560
0.140085
-0.160657
-0.006275
0.215997
0.672364
0.149020
-0.442129
-1.148630
-1.401568
-0.570441
-0.644119
-0.115476
0.219738
0.030726
0.403385
0.911745
1.452300
0.794015
-0.319445
1.054460
1.625181
1.415922
0.857008
0.701090
0.596213
0.809791
0.367701
-0.873563
-1.128261
-0.805472
-0.423317
0.148630
-0.489483
0.197094
0.911612
2.389685
2.173534
1.981429
1.664279
0.516063
0.889644
0.877724
-0.262011
-0.762282
-1.498693
-0.326477
0.004728
-0.237516
-0.564280
-1.614523
-2.036903
-2.909996
-2.257258
-1.157356
-1.348353
-0.433033
0.350626
0.480775
-0.329832
-0.859905
-0.692751
0.163819
1.146341
0.644219
-0.302108
0.176409
-0.304124
-0.549298
0.179744
0.203353
0.336345
0.661536
0.566961
0.703977
-0.763720
-1.605831
-2.492018
-2.606192
-2.192814
-0.507004
-0.114640
-0.528845
-0.468698
-1.532238
-1.195291
0.329196
0.349450
0.907505
1.122160
0.844787
0.408337
0.487606
0.573731
0.567205
1.368910
0.659264
-0.750655
-1.177359
-1.380932
-1.028191
-0.653835
0.293529
0.937019
1.312334
2.000299
1.718470
1.880860
2.602035
2.631013
2.476807
2.291826
2.325435
-0.002176
-0.424062
-0.439986
-1.778141
-2.575905
-2.713780
-1.868239
-1.973164
-2.030049
-1.260272
-0.963630
-2.452418
-1.964328
-1.158331
-0.700366
0.655731
0.538617
-0.819636
-1.534219
-1.727503
-1.366260
-1.908485
-1.440852
-0.461019
-1.037052
-0.918045
-1.025827
-1.191985
-1.077121
-0.379279
0.574915
0.641994
0.938167
1.875666
2.679425
1.992001
1.503895
1.093958
0.187732
-0.599862
-0.718237
-0.950928
-0.356111
-0.392533
-1.060016
-1.309221
-0.724678
0.350072
0.329474
0.497950
0.751559
1.486962
2.114337
1.898287
1.090864
0.352439
0.636687
1.253148
2.030155
2.214507
1.734923
0.863787
0.165544
-1.121243
-1.551099
-0.768613
-0.690938
0.128811
-0.102260
0.440442
1.005576
0.887307
0.801871
0.163647
0.323545
1.352663
1.057116
1.484643
1.533079
1.035331
0.255970
-0.056915
0.627430
1.228621
1.367120
0.538898
0.008153
-0.036024
-0.072805
-0.212477
-0.300436
0.191366
0.223409
-0.149945
-0.836909
-0.842669
-0.211795
1.364524
1.329773
0.596701
0.916734
0.923338
1.193784
0.662986
0.411296
-0.144380
-0.276713
-0.041219
-0.471620
-0.583972
-0.858019
-1.741007
-1.007156
-1.054073
-0.632702
-0.091440
0.107706
-0.043773
-0.415390
-0.201251
-0.463268
-0.064684
0.626114
0.379963
-0.367880
0.195974
-0.757723
-1.282660
-0.542195
-0.291101
-0.715359
-1.295157
-1.308043
-0.611037
0.308791
1.759373
1.330011
-0.309837
-0.357038
-0.458392
-0.501105
0.877993
1.027190
0.602677
0.480235
0.029842
-0.792929
-1.426585
-1.887841
-0.817570
-0.092674
0.193114
0.000181
0.301511
-0.313315
0.078564
-0.383618
-0.656546
-0.770858
-0.892177
-0.437831
0.345689
0.237788
0.332140
-0.028320
-0.655071
-0.421036
0.585032
1.286864
0.911313
-0.244293
-0.992024
-0.136030
0.820791
1.569590
0.820537
-0.804443
-0.767183
-1.427668
-1.389817
0.575777
1.493133
2.519057
1.133924
0.846783
0.067980
-0.914180
-0.571092
-0.631958
0.833742
1.661252
0.854244
0.864794
1.186420
1.116838
0.513276
-0.367665
-0.449344
-0.069841
1.238872
1.042354
0.244558
0.142414
-0.390778
-0.749823
-0.138373
-0.353189
-0.159367
0.808828
0.274825
0.304825
0.011329
-0.005969
1.301557
1.758847
2.592326
1.794872
0.438383
0.086635
-0.237524
-0.165691
-0.451225
-1.133405
-1.457755
-1.979484
-1.821741
-1.857193
-1.519792
-1.496547
-1.990668
-1.871086
-1.241438
-0.233625
-1.131523
-1.100131
-0.818785
-0.871992
-0.217364
-0.497173
0.080189
0.059637
-0.744019
-0.996093
-0.287219
0.010374
-0.735670
-0.944390
-0.973658
-0.641684
-0.904502
-1.003205
-0.764250
-0.902844
-0.009076
0.897487
-0.182347
-0.724914
-0.872851
-0.174771
-0.111395
0.185317
0.307981
-0.003897
0.566413
0.124528
-0.577372
-0.059087
0.068113
0.332521
0.380194
1.342958
2.038177
1.590258
1.489836
0.384975
0.263526
1.097670
0.935514
1.415604
1.219575
1.255378
1.426434
0.584944
0.053937
-0.067730
0.605409
0.778359
0.637937
0.188555
0.434094
0.657492
0.193490
1.044315
1.605226
1.427727
1.211917
0.965886
1.003207
0.437712
-0.316955
0.020882
-0.765992
-1.224688
-0.579326
-0.294494
0.409217
0.073926
0.289829
0.859946
1.121297
0.214729
0.421495
0.783714
0.548445
0.174466
-0.178714
-0.518845
-0.140726
-0.676161
-0.110236
0.663945
-0.239910
-0.066945
0.510967
0.405800
0.433381
0.215720
-0.184594
-0.154257
0.093689
-0.026976
-0.325299
0.015517
0.207373
0.249533
-0.007683
0.049002
0.757041
0.356623
-0.564324
-1.492767
-1.921723
-1.438981
-0.771917
-0.714701
-1.159743
-1.295767
-0.314195
0.206917
-0.020975
0.574842
0.426358
0.011642
-0.796857
-0.325895
-0.544893
-0.773315
-0.367109
-1.114124
-0.850845
-0.086465
-0.330324
-0.332255
-0.728747
-0.160908
0.545303
0.842068
1.174605
0.685425
0.665234
0.379741
0.369800
-0.158388
-0.314044
-0.681428
-0.174548
-0.318814
0.239755
0.323861
0.238902
0.596998
1.371007
0.862857
1.057957
0.634907
0.214127
0.849433
0.628684
-0.043517
-0.138970
-0.104291
-0.160289
-0.891238
-1.481146
-1.801876
-1.620173
-1.384069
-0.290845
-0.063968
0.292334
1.695298
1.987574
1.646904
1.247500
0.453729
0.322985
-0.090633
-0.619160
-1.015686
-0.525873
-0.442015
-0.069383
0.626055
0.798186
0.413598
1.292201
0.747532
0.639527
0.598174
0.076295
1.016280
1.563006
1.820369
1.165967
-0.119113
-0.258092
-0.566314
-0.839637
-0.793144
-0.926711
0.105546
0.124895
-0.410031
-0.378149
-0.844183
-1.073958
-0.702802
-1.225279
-1.477478
-1.006514
-1.269223
-0.610099
-1.077546
-1.111498
-1.151914
-1.385812
-0.831396
0.063261
0.116935
0.041363
0.701239
0.619691
0.117541
0.439132
0.641124
1.218436
1.165868
0.277280
-0.034679
-0.229800
-0.108815
-0.236021
0.034398
0.576159
0.588009
0.053951
-0.240781
-0.297838
-0.547897
-0.079955
-0.818609
-0.884243
-0.627741
-0.860441
-0.433176
-0.069594
0.860035
0.700818
0.857855
0.822928
-0.408616
-0.607815
-1.304586
-1.994650
-1.840407
-1.780434
-0.303174
0.321688
-0.184560
-0.550842
-0.990778
-0.559632
0.322562
1.158060
0.621987
0.174479
-0.012067
-0.244956
0.049214
0.211076
0.425580
0.887013
0.729432
0.630157
-0.111885
-0.932846
-1.076373
-0.654288
-0.183872
-0.198105
-0.268900
-0.661116
-0.030727
0.719284
0.836009
1.122810
1.690975
1.217981
0.451677
0.588027
1.417592
0.945339
-0.390553
-0.368682
-0.704201
-0.754961
-0.555440
-1.291466
-1.531613
-1.453436
-1.515243
-1.489884
-0.716143
0.279987
1.218842
1.213321
1.333245
1.247092
0.852936
1.438109
1.107925
0.264080
0.501942
0.743654
0.298415
-0.156592
0.535312
-0.554439
-0.830916
-0.222624
-1.106742
-0.952031
-0.182668
-0.287954
0.391323
1.177130
1.229081
1.071072
0.298428
0.526562
1.012246
1.067060
0.392574
0.177719
0.356644
0.207675
0.057741
-0.824413
-1.682413
-1.656327
-1.065040
-0.072623
0.908889
1.381634
0.484521
-0.316548
0.473545
0.152078
-0.794250
-1.388902
-0.864035
-0.358024
-0.449188
-1.228223
-1.086469
-0.548335
0.063212
0.076061
0.057278
0.925432
1.223447
0.439616
-0.572054
-0.636676
0.162793
0.638377
0.781361
0.956713
0.930904
0.958970
