-1.303166
-1.268886
-0.516075
0.828198
0.884170
0.967231
0.754811
1.246881
0.907068
0.502287
-0.357238
-1.451040
0.022412
-0.232926
-1.439562
-1.249571
-1.455548
-2.604820
-2.763713
-2.286391
-2.713956
-1.416110
-0.479348
-1.491988
-1.152294
-0.615177
-0.525201
-0.288977
-0.551404
-0.402803
1.420433
1.588316
-0.001422
-1.057869
-0.376949
-0.234305
0.022056
0.367598
-0.782935
-0.022426
1.126027
0.682494
0.265603
0.435350
1.222275
1.441832
0.954381
0.930659
0.363279
0.513193
0.516418
-0.344694
-0.852137
-0.847151
-1.422202
-1.766458
-1.929674
-1.483951
-2.504359
-1.603463
-0.697048
-0.013446
0.273407
0.022018
0.281019
1.126321
0.780516
0.707055
0.838139
0.567256
0.151138
0.801634
1.383061
0.909010
0.178864
0.364264
0.112110
0.574890
1.053027
0.665185
0.419904
-0.140220
0.088916
-0.182099
-0.921891
0.096382
-0.428756
-0.826777
-0.344915
-0.388527
-0.799987
-1.158400
-1.496137
-2.267074
-2.664591
-2.143562
-2.292638
-1.558520
-0.489595
-0.514353
0.366325
-0.354605
-0.294106
-0.094490
-0.748074
-1.212730
-1.117903
-0.677578
-0.293448
0.276408
-0.150740
-0.568624
-0.754914
-0.032537
0.229890
0.348621
-0.279504
-0.060752
-0.028989
-0.265504
-1.009250
-0.240804
-0.192132
-0.434645
-0.082568
-0.454403
0.061562
0.204513
0.069779
1.276191
2.359848
1.203115
1.450558
2.003299
2.053002
2.068654
1.322856
1.258978
1.520805
1.362434
1.054717
0.300835
-0.141507
0.581914
1.081786
0.965324
0.657745
0.489011
0.252574
-0.079889
-0.132702
0.031513
0.368128
0.269325
0.596286
0.297302
0.657689
1.298052
1.189435
0.938173
0.487790
-0.766146
-0.356175
0.098840
0.339881
0.279716
-0.151479
-0.950878
-0.826637
-1.353812
-1.731096
-1.409720
-0.953014
-1.072549
-0.295888
0.748890
0.164268
0.244155
0.280519
-0.244708
-0.390672
-0.783396
-1.359194
-0.360627
0.030171
-0.659406
-0.699345
-0.258277
-0.093039
-0.966214
-0.458086
-0.541202
-0.272617
0.784123
0.739673
0.096568
0.798952
1.453786
1.647921
1.364590
0.812963
0.915848
0.556897
0.891983
1.074581
0.838294
1.586461
2.513693
2.563072
1.707689
2.251197
2.033493
1.466056
1.207019
0.540446
0.885750
0.437736
0.120220
0.208259
-0.501969
0.269667
1.027817
1.421411
0.710710
-0.789676
-0.630898
-0.858680
-1.489890
-0.923159
-0.490972
-0.413419
-0.852516
-1.060092
-1.723514
-1.510558
-1.975437
-1.698332
-1.354195
-1.697447
-0.011253
0.928188
0.799748
0.331754
0.673972
1.168568
-0.381377
-0.029936
-0.437280
-1.226697
-0.422252
-0.382908
-0.624555
-0.402315
-1.026221
-0.782311
-0.595869
-0.289280
-0.395493
-0.122474
0.229773
1.347732
1.092104
0.459742
0.412092
1.218333
1.930801
1.425898
2.321903
1.686792
1.946732
2.243844
1.807359
1.517831
1.215551
0.141023
0.426932
1.172697
1.173576
0.246792
-0.351132
1.176660
1.145277
0.543964
0.414630
0.309143
-0.054641
1.109215
2.540816
0.622564
-1.396918
-0.576790
-0.271647
-0.010753
-0.521484
-0.554638
-0.608069
-0.601471
-0.368621
-0.482650
-0.617105
0.145684
0.707806
0.235379
0.007891
-0.377594
0.160945
-0.254189
-0.398685
-0.530377
-1.191573
-0.768608
0.509335
-0.221172
-0.946509
-0.929996
-0.253594
-1.395987
-1.460410
-2.125534
-1.515580
-0.334735
-0.566315
0.014812
0.474329
-0.115346
0.249463
0.710785
0.782946
-0.388661
-0.535461
-0.009720
-0.244283
-0.698943
0.121929
-0.280766
-0.844095
-0.518867
-0.328307
-0.972486
-0.584295
0.298109
0.410104
0.793920
0.650684
0.525596
0.695960
-0.143271
-0.938728
-1.068632
0.399657
1.079455
0.330724
0.461180
-0.258659
-0.065943
0.899172
1.177039
0.285156
2.209959
2.534239
1.328006
0.654188
0.175025
0.058824
0.439222
0.371866
0.812446
-0.236879
0.129005
1.065377
0.207792
0.528668
-0.310154
-0.988918
-0.568011
-0.309673
0.078523
-0.194654
0.929598
0.632276
1.205410
1.212875
0.897666
1.232953
0.466191
0.067462
0.713396
0.863283
0.905355
-0.338620
0.375131
1.045384
-0.060803
-0.465787
-1.226165
-1.056882
-0.709022
-0.221967
0.029147
-0.512575
0.243891
0.483150
0.320031
0.447844
-0.593769
-1.294341
-2.081083
-3.038380
-3.148235
-2.616364
-1.959457
-0.506255
-0.990869
-1.146189
0.168516
0.317692
0.401426
0.306745
0.080733
0.341602
0.121312
-0.593445
-0.545899
-1.226713
-1.075629
-0.697854
-1.420073
-1.415268
-1.255064
-0.239782
-0.223535
-0.441390
0.386051
0.279450
-0.086444
-0.710109
-0.431903
-0.591868
-1.261434
-1.335935
-1.181859
0.140143
-0.433638
-0.463340
-0.008405
-0.771573
-2.212361
-3.133461
-2.843080
-2.151264
-2.067351
-2.561009
-3.516723
-2.413892
-0.698178
0.601943
0.863078
0.934459
2.431788
2.673756
1.762377
0.424595
0.675814
1.466139
1.073581
0.549566
-0.043841
-0.767272
-1.854456
-1.766402
-1.742747
-1.047610
-0.115285
-0.722535
0.050046
1.097288
0.686542
0.959028
1.434992
0.936443
1.022135
0.920369
0.595975
1.557165
1.193515
-0.170386
-0.036587
-0.014537
0.672433
-0.203727
-0.079796
0.303593
-0.536177
-0.136693
0.271008
-0.350883
-1.182048
-0.693163
-0.213329
0.555085
1.019243
1.268996
1.144157
1.320544
2.202965
2.405824
2.089455
2.124030
1.261622
0.864556
-0.219039
-0.316586
0.680498
-0.110354
0.225935
0.111208
0.289174
-0.394484
0.223601
0.693810
-0.360006
-0.774232
-0.785053
-1.048276
-0.853558
-2.332235
-2.492629
-2.407437
-3.420077
-1.712630
-0.695691
-0.014738
-0.813591
-1.739906
-0.249988
-0.138054
-0.578663
-1.000349
-0.922679
-0.216317
-0.562071
-0.874323
-0.613035
-0.562648
0.062605
-0.813684
-0.416113
0.771493
1.275166
0.902418
0.428295
0.904508
1.720813
0.694329
0.832594
1.202144
0.653400
0.752619
1.136477
1.102285
1.475834
1.240023
-0.667242
0.145262
0.360737
0.990229
0.993444
0.428739
0.190651
0.713544
1.886437
1.441294
1.178314
1.097145
0.729896
0.814993
0.791412
0.110033
0.995399
1.766493
1.032485
0.407247
1.126601
1.065170
0.553400
0.536001
1.094753
0.596420
0.858105
1.115302
0.471237
0.744227
0.359462
1.083092
1.358510
0.831099
1.090003
0.712186
0.436901
0.706135
0.790923
0.026414
-1.286146
-1.335649
-1.848794
-1.707473
-1.107983
-1.523420
-1.690705
-0.803575
0.190153
-0.082858
0.270267
0.416225
0.121883
0.123066
-1.205502
-0.312985
0.427303
0.317388
0.751488
0.310178
-0.252893
-1.145826
-1.261671
-0.309894
0.016884
-0.057570
-0.886987
-1.167650
-0.583688
-0.629161
-1.084835
-1.153833
-0.669294
-0.369632
0.241975
-0.417854
0.087022
-0.280809
0.122285
-0.352401
-1.506190
-0.676425
0.466557
0.063512
-0.339524
-0.840041
-0.825099
-0.814091
-0.454052
0.448925
0.071618
0.482388
0.783956
0.910104
1.021288
0.510751
0.614445
0.152515
0.678653
0.592626
0.512399
-0.487430
-0.425097
1.067833
1.544808
0.925860
0.937757
1.056321
1.096292
0.692038
0.801827
0.962081
0.511095
1.044521
1.827056
0.932638
-0.111337
0.057644
-0.010286
-0.418184
-0.176281
-0.220230
-1.136516
0.116661
0.562728
0.730723
0.239021
0.145858
1.226841
1.222016
0.907340
1.484715
1.179823
0.886040
0.861333
0.403526
-0.003913
0.234976
-0.067388
0.157301
0.593718
0.636456
0.112280
0.367580
-0.189402
-0.413527
0.375632
-0.176319
-0.397852
0.300772
0.594907
0.262134
0.473137
0.991225
0.849275
1.179068
1.241253
0.016603
-0.750212
-0.733483
-0.124931
0.136677
-0.137844
-0.273257
0.410628
-0.549147
-0.146503
0.410789
-0.100371
-0.290151
0.192883
0.267073
-0.494005
-0.925680
-0.794303
-1.321296
-1.067220
-1.746861
-0.843313
-0.062271
0.264400
0.511282
-0.771952
-0.978135
-0.329677
0.549863
0.718075
0.257290
0.049564
-0.334223
-0.544885
-1.574634
-1.654921
-0.116615
-0.314044
-0.282215
0.059853
0.155182
0.427015
0.215913
1.944899
1.953818
1.409778
1.011221
-1.138682
0.655498
2.022426
1.296717
0.515336
0.300999
0.525424
0.547132
-0.604973
0.093520
0.553788
0.008109
0.121247
1.330166
0.892917
0.418945
0.846158
0.999866
0.114962
0.126137
0.357329
0.684415
0.464843
0.325185
0.182747
-0.409925
-0.539312
-0.315521
-0.406359
-0.490408
-0.165499
-0.647319
-0.784586
-0.963318
-0.025644
-1.271408
-1.062470
0.296474
0.187319
0.171918
-0.042202
0.620278
0.775477
0.064930
0.506507
0.372458
-0.400727
-1.244925
-0.765118
-0.722942
-0.668288
-0.305844
-0.967177
-1.251698
-0.869289
-0.388558
0.143994
-0.435205
-1.036526
-1.102999
-0.192442
-0.034284
-0.969548
-1.592590
-1.210114
-0.108643
-1.125001
-1.695088
-0.940323
-0.573698
-0.870367
-1.627979
-1.311886
0.128717
0.362907
-0.408509
-0.118290
0.449887
1.468171
0.841479
0.442930
1.323682
0.507717
0.187799
-0.938295
0.066709
0.085680
-0.772795
-0.958394
-0.942923
-0.936991
-0.840490
-0.320557
-0.847347
-0.016978
0.536009
0.543977
0.506271
-0.276057
-0.991214
-0.624479
-0.953014
-0.981812
-0.717880
-1.172914
-1.600808
-2.429966
-2.864877
-2.251089
-1.283863
-0.950113
0.016430
0.447584
0.780807
0.215410
-0.766284
-1.026005
-0.976844
-0.670031
-0.042327
-0.113901
-0.429634
-0.968882
-0.810049
0.111812
0.236290
1.883238
1.756476
0.464787
0.819665
1.604211
1.078760
0.776525
-0.024903
-0.743631
-0.833900
-0.360191
0.313931
0.621791
0.352019
-0.202818
-0.839765
0.114851
1.177066
0.631225
0.288672
1.559659
1.489503
0.444120
0.613104
1.357394
1.847319
1.154272
0.261433
1.018249
0.572547
1.137277
1.081077
0.576892
0.292562
0.354138
0.923689
2.061006
1.342504
1.338063
1.346557
1.062879
0.118246
0.236414
1.030501
0.380341
-0.678434
-0.529403
-0.286905
-0.737093
-1.160619
-1.200054
-0.804670
-0.492648
-1.170198
-0.996961
-0.673844
-1.584636
-2.319131
-1.954538
-2.374783
-2.670722
-2.311267
-2.041514
-2.425109
-2.053028
-2.099336
-2.027187
-1.397031
-0.938443
-0.365868
-0.041903
0.449652
0.337916
-0.539997
-0.723245
0.039651
-0.044108
-0.069786
-0.071074
-0.157752
-0.475769
-0.361705
0.150523
0.553382
0.372610
0.148678
0.699509
0.610911
0.100331
-0.140195
0.421949
0.779148
0.751200
-0.234171
-0.616576
-1.126034
-0.795261
-1.039506
0.751552
1.954327
1.926601
2.342373
1.669933
1.232415
1.170443
0.729829
1.154747
0.918113
0.180950
0.543167
0.780384
1.379830
0.749773
0.332374
0.760059
1.016720
0.700608
1.162532
1.053528
0.282567
0.356246
0.314344
0.018724
0.507917
-0.157383
0.273516
0.106850
-0.404720
-0.479000
-1.234773
-1.173942
-0.600243
