-2.017266
-3.228385
-2.551919
-0.934398
0.110688
0.738623
0.402399
-0.647213
0.127085
1.455939
2.627627
2.283030
1.286654
-0.071424
-0.903332
-0.864273
-1.101471
-1.797527
-1.986049
-1.896887
-1.401595
-0.460919
-0.378956
-0.727361
-0.342036
-0.441161
-1.492576
-1.313970
-0.271545
1.505814
0.194270
0.027466
0.538501
-0.838708
-1.672070
-1.512191
-2.027954
-1.550303
-0.367617
1.567310
1.360971
0.421257
0.313545
0.870969
1.948002
1.835929
0.386937
0.265186
1.403039
1.665541
0.062609
0.064263
-0.152331
-1.572240
-1.336646
0.141903
-0.763282
-1.149706
0.013056
-1.015880
-0.343857
-0.457996
-1.465143
-1.304076
-0.925648
-0.777002
-0.551605
-0.189214
0.671252
0.096800
-0.287029
0.363363
-0.132584
0.313648
1.981005
2.019136
1.292504
0.571076
0.847334
1.298018
1.730219
1.178086
0.280034
-0.385542
-0.422195
-0.691073
-1.023675
-2.639335
-0.936027
0.530431
-0.381729
-0.514463
-0.358891
-0.610776
-1.594700
-1.352540
-1.075332
-0.418093
0.348745
-0.218656
-0.109052
-0.398907
-1.494653
-0.906978
0.308849
-0.667460
-0.558048
-0.228426
-0.947572
-0.926543
0.282775
-0.458205
-0.309558
0.508587
-0.176998
-2.005729
-1.917320
0.110553
0.858233
-1.198218
-0.260676
0.706231
-0.221871
-1.122097
-0.717708
1.182642
1.683315
2.032227
2.862529
2.088405
0.905167
1.012099
1.742120
1.389467
1.533088
1.017088
1.059501
2.058771
-0.142957
-1.216926
0.039513
0.258888
0.024707
0.046334
-0.985047
-0.943734
0.936297
0.569514
0.123079
-0.260963
-0.596651
-0.501695
-1.013605
0.299726
0.497403
0.424742
0.660059
0.501547
0.738580
0.540400
-0.506565
-0.951768
-0.400676
0.385551
0.480415
0.403206
0.810297
-0.094608
-0.671692
-1.178917
-1.338949
0.098643
1.150119
0.388456
-0.338764
0.131544
0.987619
-0.172077
-0.574540
1.599059
1.251010
-0.887147
-1.713405
-1.112454
-1.117340
-1.636056
-1.858604
-0.642061
0.174517
-0.913853
-0.431450
0.810386
0.759599
0.540909
0.765365
0.660007
0.566298
0.059339
0.098781
1.110007
1.375340
1.405556
0.730065
0.483165
0.332926
0.951888
1.268143
1.967974
2.019264
2.024009
1.122454
1.413257
1.574215
0.389506
-1.169418
-1.134598
-0.664173
-0.133299
0.060244
-0.034012
0.751273
0.812028
0.726290
0.814158
0.627378
0.271043
0.013550
-0.437694
0.475270
0.701401
-0.109224
-0.609916
-0.220222
0.093398
-1.178827
-0.542930
0.843042
0.162053
-0.676610
-0.183637
0.618347
1.093731
1.184884
0.502588
0.085474
0.823190
-0.025424
0.757647
0.838350
0.410041
0.096692
-0.805093
-2.071132
-1.615258
-1.333655
0.129523
0.837751
0.632286
0.586494
0.447298
0.379112
0.801295
0.077671
-0.604713
-1.115889
-0.750629
1.525540
2.275114
1.108435
1.141445
0.409187
0.094978
-0.585577
-1.019504
0.971698
2.369456
0.805474
0.090262
0.554814
0.679729
-0.524655
0.325086
1.248149
0.562067
-0.188910
0.113145
0.722749
-0.500905
-0.714962
0.914178
0.955562
0.238331
-0.537308
-0.583495
-0.353238
-0.320803
-1.119625
-1.127468
0.257078
1.260946
0.699079
-0.449102
-1.078240
-0.892810
-0.886155
-1.343054
-0.299490
0.700769
-0.428825
0.247540
1.360411
-0.039707
-1.941732
-0.805875
0.821803
0.431082
-0.508584
0.222518
-0.628852
-1.452088
-0.290757
-0.200843
0.190538
0.711670
0.576541
1.439559
0.186389
-0.615717
-0.250311
0.741412
0.800173
-0.274617
-0.702804
-0.571373
-0.316587
-0.423745
-0.324953
-1.541772
-1.380654
0.224910
1.502055
0.472057
0.555419
1.728627
1.502004
0.005800
-0.501295
-0.158967
-0.220406
-1.576864
-0.714035
1.552582
1.429432
0.517149
-0.429653
0.757145
2.320803
1.573268
1.002179
0.118683
-0.181762
0.307034
0.208067
1.144129
1.846375
1.057692
0.668050
0.003891
-1.993196
-3.337313
-0.921518
-0.645773
-1.150795
-0.315872
-0.812607
-0.875801
-1.418824
-0.124366
0.792291
1.971136
2.263460
0.484445
-0.230920
-0.300868
-2.336411
-1.545315
0.440649
0.705575
1.024013
1.748882
0.689970
-1.307305
-1.138341
0.180017
0.111612
-0.409573
-0.907974
-1.246937
-1.137265
-1.308490
-0.266683
0.901731
1.257469
0.334446
0.223662
-0.211369
-1.549759
-3.351322
-2.763116
-0.377288
0.721333
0.676507
0.484751
0.398975
0.646755
-0.247858
-0.866277
-0.979866
-0.348467
-0.586346
-0.659555
-0.758054
-1.062168
-1.030639
-0.052464
-0.607219
-1.789683
-2.055221
0.085945
1.149972
0.364588
0.741068
0.253694
-0.582607
-0.100223
-0.273648
-0.048571
0.483987
-0.273730
-0.623558
-0.545206
-0.920510
-0.415799
0.801234
0.254445
-0.066720
-1.340849
-1.584282
-0.364240
-1.274510
-2.255549
-0.768691
-0.430228
-0.338775
-1.248297
-0.033152
1.340909
-0.183460
-0.078198
1.631071
2.466359
1.924191
0.152992
-0.291163
-1.278969
-0.357189
-1.476085
-1.226648
-0.052402
-0.846084
-1.533031
-2.707174
-1.466442
-0.015759
-0.654080
-1.695774
-0.105101
1.010703
1.374523
1.257037
1.443713
2.851544
1.953405
0.633849
-0.230442
0.806238
0.505733
-0.639340
-0.396330
0.750579
1.694719
0.161649
0.365808
0.289174
1.200516
0.401244
-1.702474
-1.149067
0.375245
-0.435896
0.185712
1.363366
1.401884
0.082601
0.461672
1.044438
1.394882
0.007454
0.452732
0.448833
-0.422869
-0.440992
0.514213
-0.298713
0.081022
0.481832
0.061349
-0.447268
-0.371048
0.343948
0.479307
-0.433377
-1.956805
-1.629866
-0.956753
-1.296640
-2.283527
-0.848709
-0.486838
-0.691139
-1.053362
-1.440692
-0.120053
-0.013412
-0.726198
0.022602
0.679840
0.109609
-1.145239
-1.143768
-0.371904
-0.810327
-2.026400
-1.341777
0.078834
-0.209354
-0.739252
0.520671
1.536719
1.384376
0.665817
0.848079
-0.009439
-0.014850
-0.486892
0.378859
1.096960
0.948006
0.230317
-1.687527
-0.998221
1.591435
1.385443
1.333286
1.402780
0.239602
0.062255
0.041031
-0.057381
1.161297
0.623166
0.027308
1.068200
0.354922
0.025221
-1.306088
-1.149163
-0.493002
-0.207445
-0.135540
0.369556
0.552036
1.281842
1.841430
1.889177
1.512762
0.093246
-0.565169
0.535062
0.466291
0.539208
0.406765
0.054758
1.323756
1.013961
0.047464
0.163323
1.255834
0.495384
0.085949
0.095698
-0.596636
1.038191
0.182947
-1.115592
-1.577360
-0.891735
0.861723
0.759944
0.611719
0.221678
0.535092
0.934643
0.568149
-0.116844
-0.563242
0.600622
-0.078419
-0.754832
-0.074989
1.133696
1.076535
1.596687
-0.044916
0.178819
0.637833
-0.332059
-0.506855
-0.733662
-1.145936
-0.123508
0.894851
0.378888
-0.410749
-0.129028
-0.056462
1.260435
-0.205995
-0.609845
-0.039592
-0.293929
0.680008
0.343408
-0.765777
-0.712317
-0.904789
0.058937
0.827943
0.311275
0.501235
0.012323
-1.100088
0.701406
1.074131
1.326397
0.576487
0.256595
1.999825
0.872957
0.259899
-0.296681
-1.818219
-0.391359
-0.101688
-0.389984
1.217354
1.311322
1.137175
0.702847
0.124522
0.082921
0.428584
0.908240
-0.070007
-0.494896
1.451844
2.788087
1.770949
-0.040794
0.334857
0.709484
-0.294708
-1.181780
-0.965442
-1.020809
-1.465052
-0.779812
0.568234
1.524655
1.150438
-0.475907
-0.392147
0.678873
1.871424
1.168592
0.750963
0.187083
-1.230206
-1.250090
0.089485
0.013019
-0.709928
0.322963
1.263143
0.847570
-0.824695
-0.205082
-0.814398
-1.434897
-1.349121
0.000091
1.238335
0.862097
1.016399
1.258337
0.243357
-1.438208
-0.792136
1.156253
0.654014
-0.038356
-0.289686
-0.135866
0.067941
-1.492684
-0.394756
0.833719
0.366573
-0.065832
0.296986
0.873031
-0.324586
-1.471821
-0.672890
0.868714
0.911575
0.080083
-0.518724
-0.319165
-0.916724
-1.671680
-0.240260
1.831227
1.665042
1.094223
1.217918
0.528058
-0.435785
-0.247982
-0.864881
-0.835593
0.335944
0.546352
-0.355609
-0.363675
-0.762970
-1.969892
-1.666527
0.152072
1.603534
1.201302
0.786773
0.969450
0.975322
0.173639
0.972591
0.758304
-0.146071
0.338999
1.120117
1.570918
-0.633813
-0.288343
-0.176393
-0.241833
-0.339194
0.002656
0.184709
-0.847407
-0.808953
1.463723
1.368908
0.693145
0.958090
0.044335
0.232764
-0.397949
0.245883
0.710410
-0.696615
0.568424
-0.284549
-1.593398
-1.873939
-0.998442
0.779271
0.972054
-0.913955
-0.715222
-0.294678
-0.922046
-1.447164
-1.029092
-0.109697
0.299977
-0.337504
0.133165
0.441227
0.800493
2.134883
1.386065
-1.178575
-0.359103
0.551066
-0.514882
-0.914974
-1.473666
-2.043992
-0.658430
-0.267075
0.084806
0.188969
-0.448745
-0.394521
-0.365222
0.094253
0.867911
-0.470323
-1.270122
-1.175228
-1.278701
-1.633961
-0.205008
0.935865
-0.078431
-0.467343
-0.087090
-0.588975
-1.662670
-0.920538
0.416307
0.518159
-0.311076
0.428536
1.054127
1.232602
-0.201153
0.000235
1.394347
1.295473
0.634915
-0.013457
-1.423592
-1.684764
-2.965266
-1.161224
0.541179
-0.241278
0.085461
0.109525
0.244786
0.334297
-0.193639
0.211584
-0.055615
0.559033
-0.802459
-2.689769
-2.101340
-1.618705
-0.436533
-0.747009
-1.153684
-0.488331
-1.843333
-1.816355
-0.278948
0.194083
0.417359
0.439391
1.320543
0.651154
-0.626111
-0.478091
-0.217355
-0.487109
-0.653517
-0.210693
-0.376486
-0.911166
-0.133344
0.543836
0.804886
2.084982
1.952341
1.553606
1.024024
1.318875
-0.452310
-0.824284
-1.285778
-1.744290
-0.140162
-0.628684
-0.278406
0.486387
0.036270
0.112990
1.022009
1.878187
1.531702
0.697133
0.266960
-0.178222
0.858620
-0.020577
-0.779918
-0.218531
0.603732
1.189728
0.446145
-0.327027
-0.575047
-0.991731
-0.762985
0.874850
2.191274
1.500912
0.920130
0.989864
0.806455
-0.432806
-0.402455
-0.314769
0.356144
1.081800
-0.100979
-1.217453
-0.510928
-1.395581
-2.439713
-1.847353
-0.458523
0.884924
0.787868
-1.684921
-0.771796
-0.852065
-0.913191
-1.748407
-1.147251
-0.284392
-0.086030
-1.817621
-1.604603
-2.401300
-1.173316
0.204339
-1.051548
0.471474
1.080730
-0.411597
-0.665898
-0.287077
-0.681431
-0.430236
-0.018267
-0.669223
0.672234
0.108940
-0.700475
-0.088787
0.262253
-1.125658
0.172744
1.879784
1.050799
0.435705
-0.007291
-0.282936
0.211402
0.298955
0.753872
0.708556
0.055225
-0.439917
-1.227555
-1.268016
-0.985424
-0.104394
0.057336
0.169630
1.653115
3.112077
2.974813
1.322153
0.358649
0.031147
0.515926
0.152360
-1.588160
-0.998310
0.163593
0.311442
0.758669
0.370757
1.308901
1.244680
0.435669
-0.647850
0.303198
1.302735
0.319606
-0.260250
-1.397852
-1.108311
1.077229
0.763328
0.305379
-0.188627
-0.986799
0.297465
-0.616096
-0.672226
