-3.357592
-3.110978
-2.134019
-0.998914
-0.211518
1.525836
2.770544
1.976146
1.536014
0.508363
1.037088
2.585782
0.938224
0.202835
0.682729
1.034229
-0.258830
-0.552436
0.043759
-0.572850
0.095749
0.967361
0.753507
0.253512
-0.122694
0.378251
0.811414
-0.107004
-1.463740
-0.041546
1.623460
1.942252
1.404630
-0.882978
-2.959692
-2.574129
-0.820105
0.131604
0.460354
0.224475
0.704851
1.778825
1.354992
0.364574
-0.238091
0.345071
3.583563
4.053046
0.355123
-0.567475
1.679563
0.865323
0.211705
0.016993
0.183111
0.648100
-1.104697
-1.547465
0.703031
0.953300
-1.033921
-1.470387
-1.089316
-0.292394
-0.576815
-2.044979
-1.178277
0.460429
-0.597258
0.174729
0.552074
-1.458636
-1.208490
1.140717
1.211445
0.646256
1.451057
2.156734
1.554533
1.355846
2.052761
0.704703
0.086220
-0.879303
-0.818012
-2.655826
-1.711635
0.009331
-0.085464
0.163199
-1.082970
-1.536583
-0.539932
-0.521541
-1.950920
-2.078423
0.585601
1.235436
0.070325
-0.172820
-0.047590
-1.606186
-2.454095
-1.167697
-1.615375
-0.386487
0.759738
-0.389467
-0.495795
0.444838
-0.110244
0.063665
-0.580361
-0.972991
-0.330435
-0.994346
-0.893349
0.198892
0.746768
0.739263
0.791139
0.062684
-1.408224
-0.703337
0.067425
2.345161
2.817384
2.506914
2.233607
1.243064
-0.420596
-0.810981
1.657696
2.478599
1.417279
0.623970
-0.246418
0.081227
-0.703752
-1.422896
-1.515815
-0.649017
0.512253
0.946011
0.891831
0.120202
0.025970
-0.187440
0.934726
0.084098
-0.610465
0.108752
0.439816
0.104664
0.129083
-0.260183
0.011122
1.056938
0.820146
-0.529691
-0.298445
0.110572
-1.302141
-1.626584
-0.906484
0.326449
-0.224975
-0.237164
-0.185760
0.358174
0.380075
-0.219282
-0.548897
-0.604558
0.295177
0.320339
0.179891
0.484890
1.148056
2.106926
0.788689
-0.226453
-0.453196
-2.112241
-3.344026
-3.632290
-1.641626
-0.147589
0.074593
0.458795
-0.217401
-0.634457
0.225930
0.387586
-0.269684
0.223133
-0.394763
-0.364059
0.903605
0.119099
-1.515291
-0.153191
1.216995
0.116337
-0.056131
-0.268868
-0.417048
1.098516
2.276672
0.035639
0.328881
1.173432
0.645454
-0.504325
-1.877980
-2.552988
-1.097383
-1.000371
-1.184634
-1.088365
-0.396164
0.694180
0.699105
0.598051
0.998591
-0.124099
-0.009569
1.004265
0.824467
0.880258
0.051269
0.396121
-0.687671
-0.738328
-0.355859
-0.645889
0.021319
-0.350650
0.321202
-0.440008
-1.052592
1.019752
2.551784
1.770721
0.274352
-0.410388
0.455683
1.553975
0.216505
-0.072366
-1.451757
-0.546050
0.044974
-1.470621
-1.656295
-0.389649
1.033969
1.209736
0.953549
0.893662
1.018621
-0.233245
-0.757216
-0.723636
0.221384
0.333551
0.282006
0.117894
0.314902
0.865549
-0.481925
-1.349140
0.426316
0.847657
0.371786
-0.477040
-0.941636
-0.434836
0.403913
0.854118
0.599649
-0.268605
-1.150488
-0.508986
-0.453446
0.403409
0.488071
-0.808053
-0.131513
0.202277
0.555938
1.269389
0.585249
0.022091
-0.428514
-0.389104
-1.508757
-1.010552
0.367642
-0.322216
-0.354051
-0.036935
-0.860049
-1.056988
-0.743857
-0.857770
-0.990782
-0.456123
1.007340
0.557356
0.100043
-0.480739
-0.411946
-0.031934
0.301180
0.058047
0.107350
0.638334
0.069500
-0.362299
-0.668417
0.146578
1.103108
0.575991
-0.088404
-0.834649
0.082153
1.005564
-0.818987
-0.501533
0.685644
-0.954630
-1.342409
-0.375664
-0.492772
-0.718258
-0.301235
-0.778382
0.325221
0.939679
0.363272
0.920853
1.222294
-1.211787
-0.346058
1.516432
1.141321
-1.222660
-1.498600
-0.291834
-1.141239
-0.693512
0.183476
0.668092
-0.112348
0.734723
2.012171
2.381167
1.118605
0.412183
0.681357
0.529984
0.722917
0.261962
0.453975
1.389291
1.862494
0.691612
-0.473029
-2.724857
-2.613520
-3.114365
-1.139638
0.836285
0.883590
0.505068
1.412367
0.648144
0.265114
2.021872
1.538438
0.623936
-0.092194
-1.297593
-1.077010
-2.317097
-1.778815
-0.452582
0.729424
1.149805
1.572482
0.923677
-0.413290
-0.948783
-1.234628
0.107611
-0.157579
-1.361997
-0.011030
-0.003249
-0.748589
-0.327938
0.388448
0.252145
-0.994665
-1.999415
-1.386193
0.532789
1.103114
0.871415
1.206618
1.969683
0.833783
-0.691643
-1.019773
-0.611153
-0.094233
-0.431519
-2.261965
-1.921536
-1.801807
-0.995723
-0.324118
-0.184236
-0.389772
0.504198
0.271737
-0.340116
0.270433
0.772245
-0.432642
-0.002181
1.480057
1.236940
0.262086
-0.139820
-0.495784
-1.212406
-0.444497
-0.435058
-0.043793
0.645799
1.629761
3.022912
2.401156
1.224304
0.791888
0.310326
-1.662303
-0.766378
0.250547
0.112908
-0.521081
-0.418500
0.067784
0.235414
0.484403
-1.054920
0.396121
2.048932
1.983332
0.954210
0.047601
-0.055273
-0.474335
-0.133384
-0.391540
-0.615312
-0.903265
-1.710100
-1.883681
-0.575467
-1.603981
-1.270641
-0.878877
-1.765859
-1.575375
-0.705516
0.629103
1.313127
1.424573
3.242710
1.810954
-0.516884
0.022275
0.086360
-0.771210
0.157606
0.025620
0.114631
1.806876
1.681858
1.201071
0.605733
-0.697569
-0.490966
-0.243634
0.387661
0.497174
-0.833118
0.084355
-0.914277
-0.154845
1.190762
0.808002
0.349543
-0.475852
-0.328008
-0.023284
0.177304
0.202905
-0.631891
-1.580192
-0.164888
0.471833
0.009836
0.549972
0.989330
0.258919
-0.146600
-1.830374
-2.055487
0.796056
1.477336
-1.422443
-1.502719
-0.898034
-1.093458
-0.477044
-1.326152
-1.027742
0.466340
-0.370121
-0.145743
0.161757
-0.309780
-0.170905
0.910471
0.492594
-0.321368
-0.149630
0.066509
-0.302295
-0.843925
-0.037789
0.037837
0.043405
-0.149011
0.093169
1.553596
2.261661
0.836242
0.466442
0.257735
-0.999217
-0.825449
0.202317
0.137271
0.033588
-0.326665
0.051758
0.362979
1.250228
1.397399
1.682600
-1.181566
-2.406130
0.832419
2.042727
0.171522
-0.341396
0.711314
1.290808
-0.339153
-1.226918
-1.730013
-0.833197
-1.202680
-1.594856
-0.187677
0.289139
1.008900
0.721759
0.344336
-0.515919
-0.232171
0.284688
-0.163575
-1.353915
0.605252
1.302349
0.030372
0.441942
-0.045218
0.417361
1.142836
-0.051083
-0.940667
-0.382833
-0.240176
-0.329610
-0.611938
-1.697562
-1.143023
-1.404642
-0.401366
0.895057
1.469816
0.332811
0.062579
0.124301
0.788557
-0.592076
-0.907662
1.067338
0.759849
-0.460164
-0.420301
-0.072895
0.195734
0.660769
1.512693
0.373835
-0.994285
-0.637139
-0.009735
0.511310
0.514908
0.257274
-1.134594
-0.066513
-0.636376
-1.123067
0.627772
1.561089
0.929466
-1.341029
-0.162865
-0.520984
-0.680694
-0.665093
-0.980941
0.875464
0.932395
-0.535591
0.161547
0.240683
0.202196
-0.081768
-0.375170
-0.530066
0.034780
0.973384
1.498616
2.806440
1.845965
-0.458427
-0.502421
0.455484
0.265366
0.345536
1.463898
1.464552
0.469430
-1.085934
-1.799079
-0.468936
-0.058975
-0.352728
0.516401
1.184177
0.866912
-0.626094
0.601059
0.420571
-0.718569
1.013682
0.870840
0.533276
0.761721
-0.438768
-0.671909
-1.279997
-2.053341
-1.603310
-0.579116
-0.407867
-1.112121
0.083469
0.267134
-0.573570
-0.069661
0.340067
1.296286
1.002935
-0.899650
-1.544919
-0.719906
0.174162
-0.845789
-1.443432
-1.044459
-0.780616
-0.827835
-0.485649
-0.357921
-0.973040
-0.342234
-0.542819
-0.648731
0.279681
-0.243956
-0.162569
-0.089457
0.392495
0.864600
-0.040443
-1.340085
-2.067812
-1.112544
0.034863
-0.968299
-0.692200
0.150394
0.100041
-0.682771
-0.601424
-0.115415
0.819214
0.314023
0.053427
0.213741
0.124853
0.222931
-0.565092
-1.434986
-1.773628
-0.417762
-0.087630
0.349539
-0.309163
-0.810028
1.358030
0.861294
0.716717
1.165079
0.069882
0.088680
0.709514
-0.202098
-0.985923
-0.052697
0.598321
-0.228162
-0.240808
-0.702162
-0.654999
0.507994
0.140652
-0.236887
-0.083554
0.872942
0.265671
-0.546263
0.574764
1.898684
1.552213
1.333121
0.255844
-0.074421
0.340161
-0.446243
-0.968747
0.688479
0.713532
-0.111915
-1.049126
-0.636882
-0.389793
-0.242942
0.318625
1.127413
0.965462
-0.261308
-1.202245
-0.886263
0.329836
0.762475
-0.134137
-1.334879
-0.704299
-0.047745
-0.117514
-0.030174
-0.254552
-0.465833
-0.856559
0.251158
-0.032754
-0.164258
0.444999
0.150406
-1.002598
-0.768404
0.005409
-0.211023
-0.182462
0.986309
0.481467
0.172197
0.946854
0.052005
-0.844749
-0.621548
-0.109810
-0.568713
0.732893
0.998005
0.642525
0.376769
0.476634
-0.014460
0.483497
0.749265
1.190752
1.206062
-0.252481
-0.253722
-0.048221
-0.449343
-1.283707
-0.263235
-0.160259
0.025478
0.191818
0.561376
0.794580
-0.185714
-0.294924
-1.999332
-1.592568
0.257198
0.737230
1.279475
0.568153
0.261562
1.070861
0.894407
0.450152
0.233608
0.700107
-0.147769
-0.844966
-1.040730
-1.280126
0.376337
-0.328720
-0.101504
1.396063
1.218919
0.655740
0.653621
0.864928
1.125585
1.125058
-0.211839
-0.745647
0.362000
-0.599014
-1.269079
-0.934356
-1.086662
-0.938872
-0.789773
-0.912086
-0.270693
1.078379
0.700054
1.159700
0.368621
0.156687
0.616083
0.685252
0.244074
-0.477397
-0.073251
-0.057109
-1.795596
-0.862063
0.871922
0.433401
1.004038
2.114777
1.638854
1.690407
2.662933
1.856128
1.173476
-0.138135
-1.377176
-1.905383
-1.102941
-0.903622
-0.955898
-1.167405
-1.618246
0.010846
1.627967
1.546286
1.201965
0.809609
0.671958
0.688413
-0.641870
-0.376511
0.759821
0.707227
-1.300867
-1.071720
-1.015904
-0.029291
1.535748
0.742868
-0.139467
-0.082174
-0.862190
0.131990
1.688725
0.411600
-0.225647
0.890887
1.615928
-0.187883
-0.596205
-0.746334
-0.630119
0.059161
-0.402330
-1.123542
-1.013690
0.548530
0.820161
0.269882
-0.437157
-1.061685
0.186931
1.334688
1.139743
-0.362112
-1.011208
-1.849238
-0.656702
0.386219
-0.471765
-0.434882
-0.123862
-0.656633
-1.119681
-1.739828
-0.200063
0.801936
0.827866
1.150066
-0.254160
-0.296888
-0.009017
-2.192610
-1.714321
0.743569
0.508079
0.293555
0.991228
0.168001
-0.399890
-0.035890
-0.838236
1.274972
2.507820
1.185515
0.158129
0.420153
0.114688
0.019326
-0.239740
-1.087339
-1.040746
-0.102797
-0.248874
-1.254502
-0.553374
0.548401
0.978782
1.246338
1.387462
1.334167
2.201478
0.996884
-0.604630
0.256631
0.450020
-1.546285
-1.892169
-1.073509
-0.189628
0.324420
-0.426687
-0.574699
1.086553
1.791683
0.856628
-0.705562
-0.988805
-0.784938
0.185933
1.028252
0.849591
-0.324275
-0.990106
-1.412274
-0.753731
0.067723
0.416085
0.594631
-0.078897
