0.929715
1.091706
0.371084
-0.029530
-0.547580
-0.597767
-0.837896
0.389361
1.933837
0.780549
0.501192
-1.027712
-1.517244
-0.156879
0.668045
0.410045
0.874000
0.206712
-0.176907
-0.423489
-0.434178
0.516257
0.785387
1.063137
0.165316
-0.215169
0.435240
0.641683
-1.327283
-1.944793
-0.181203
1.111858
-0.304386
-0.669032
0.222561
-0.442765
-0.306976
-0.885715
-0.345939
0.186915
0.629123
1.375921
0.802220
-0.784851
-0.656132
-0.786268
-0.039635
-0.217801
-0.179516
-0.331333
-0.511255
-1.545019
-1.218022
-0.614272
0.618666
1.099396
1.628288
1.009952
-0.232245
-0.579379
0.173837
1.186098
1.070605
-0.257198
-1.251797
-0.235209
-0.257197
-0.263635
0.081661
0.158703
0.084247
0.484375
1.526604
0.959701
-0.482641
0.526529
0.935874
0.396203
0.368111
-0.001734
0.159424
-0.304391
-0.569806
-0.390000
-0.928316
-1.182061
0.265141
1.503491
-0.057555
-0.180512
0.531310
0.740130
-0.139720
0.475743
0.569016
-0.376788
-0.854387
-0.113994
0.607571
0.063492
0.017224
0.208291
-0.581830
-0.560703
-0.319634
-0.409239
0.208883
0.440327
-0.214636
-0.329934
0.228207
0.495710
0.847427
0.441138
-0.389869
-0.901520
-0.722658
0.730588
1.001707
0.506157
-0.095495
-0.030011
-0.454137
0.033426
-0.676812
-0.873171
0.378540
0.334868
-0.794432
0.047376
0.845034
1.093183
0.732921
-0.483661
0.233684
0.019369
-0.659829
-0.440402
-0.439842
-0.973267
-1.169726
-0.122520
-0.077755
-0.864217
-0.454484
-0.531090
-0.153394
-0.552559
-1.055738
-0.457581
-0.270441
0.101941
0.629287
0.492866
-0.713695
0.145268
0.445262
0.550214
-0.064379
0.234587
0.916681
0.697306
-0.315528
-0.394035
-0.562929
0.020009
0.997815
0.513792
-0.195431
-0.139388
0.451733
0.620051
0.190896
-0.278551
-0.227732
0.539725
0.837245
0.611826
0.321759
-0.643873
-0.646142
0.236117
0.817096
1.074370
0.070099
-0.229816
-0.336134
0.440737
0.283160
0.047229
1.122277
1.301950
0.711367
-0.594317
-1.429454
-0.282519
0.935513
1.094007
0.577575
-0.351912
-0.482008
0.045399
-0.257491
-0.432669
0.337828
1.027201
0.070144
-0.427361
-0.102856
0.359101
-0.162186
-0.082812
0.394621
0.126094
-0.161443
-0.027861
-1.531304
-0.028529
0.585676
-0.386408
-0.673249
-0.988817
-0.436814
-0.307435
-0.172826
-0.202990
-0.373264
-0.949380
-0.877827
-0.382680
0.440918
0.316746
-0.225412
-0.761060
-0.121669
1.196887
0.163489
-0.862941
-0.959447
-0.471557
-0.444628
0.071585
0.250541
0.382723
0.166353
-0.175429
-0.480104
0.129389
-0.080261
0.055699
-0.070966
-0.235760
0.302059
0.240083
0.411883
-0.063272
-0.295452
-0.756681
-0.726110
0.569346
0.275259
-0.155540
-1.245826
-0.485545
0.754843
0.671202
0.115549
0.450254
0.735135
0.589247
0.521576
0.224955
-0.298278
-0.993895
-0.078490
0.770166
1.181572
-0.052590
-0.389698
-0.560358
-0.508939
-0.347344
0.529209
1.256518
-0.098906
0.098867
-0.323982
-1.191563
-0.985543
-1.104248
-0.581389
0.841116
0.253616
-0.430417
0.049227
0.485277
0.638193
1.134350
-0.076574
-0.314114
-0.180419
0.158378
0.420376
0.249419
-0.072654
-0.418173
-0.458242
0.500878
0.363873
0.014638
0.242339
0.680634
0.584182
0.042560
-0.500358
0.132576
0.411620
0.337197
0.286147
0.244673
-1.522814
-0.798110
0.826842
0.859496
0.503765
0.524657
0.293549
-0.116956
0.054633
0.834291
0.349741
-0.312060
0.832857
0.764423
0.443430
-0.714778
-1.166650
-1.081266
-0.377795
-0.311777
-0.480982
-0.155728
-0.410110
-0.497981
0.446739
0.153730
-0.911554
-1.249779
-1.090760
-0.372671
-0.097514
-0.231670
-0.571957
-0.883901
0.725747
1.246124
-0.835422
0.094255
1.516877
0.440666
0.457372
0.593605
0.343800
-0.458022
-0.453122
-0.249862
0.609668
-0.160746
0.202284
0.466271
-0.481137
-2.221060
-0.118254
1.292262
-0.019079
-0.163630
-0.341607
0.000937
0.349184
0.560252
0.466540
-0.364935
-1.157957
0.295223
1.425435
0.581716
0.369402
-0.063025
-0.034887
0.668523
-0.255589
-0.211181
0.343091
0.421371
-0.530816
-0.210300
0.251859
-0.042441
-0.132325
0.619861
0.662511
0.420436
-0.371478
-0.734969
-0.393758
0.515473
1.260385
-0.448458
-0.963795
0.343448
-0.408060
-0.753334
-0.077739
-0.546240
0.464978
-0.079858
-1.201475
-0.224809
-0.151818
-0.412657
0.048580
-0.327317
-0.248001
0.423776
1.000358
1.601678
2.001367
1.273119
1.828529
2.556429
3.490504
3.727084
4.579934
5.243137
5.807481
6.657585
6.543610
6.331454
5.359951
4.414732
2.818473
1.704885
1.591622
1.324332
0.610767
-0.948521
-1.009996
-1.149128
-1.356594
-2.079892
-2.683292
-2.337172
-2.206291
-3.954962
-3.744576
-2.932540
-2.725475
-3.540460
-4.916165
-3.601274
-1.284822
-2.026197
-3.076280
-3.524743
-4.522379
-4.295276
-2.088792
-2.292814
-3.801036
-3.203456
-2.620892
-3.285016
-2.065324
-1.070691
-1.911212
-1.718184
-1.673535
-1.311758
-0.775881
-0.505168
0.241828
-0.423953
-2.014540
-3.373065
-1.173404
1.353199
0.445216
-0.370264
-1.058020
-1.190490
-1.985868
-0.103631
0.914177
-0.957334
-1.336665
-0.309746
-0.021871
0.320033
0.089994
0.356042
0.441804
-0.072667
0.050870
0.274517
0.257527
0.749559
0.140459
-0.465768
-0.400087
0.506070
0.487876
0.766497
1.460971
0.644097
0.164945
0.391898
0.711444
-0.027962
0.566195
1.162383
0.661253
-0.044982
-0.232754
0.658512
0.190674
0.424205
1.313580
0.803210
-0.062953
-0.091640
1.589555
2.350648
1.478690
0.262942
-0.547362
0.059503
0.705016
-0.435828
-0.557302
-0.155882
0.367615
-0.581218
-0.794741
-0.046561
0.162740
0.520146
1.440487
0.169763
-1.086865
-0.239456
0.484251
0.802769
1.455191
0.864096
0.459439
-0.382387
-1.147769
-0.132188
0.579664
0.265923
0.569639
0.667519
-0.353278
-0.817550
0.681988
0.851292
-0.549245
0.399593
0.299107
-0.447412
-0.372522
0.019385
0.441288
0.185120
-0.626351
0.126339
-0.148208
-1.261925
-0.156637
0.568824
0.424808
0.051047
-0.504672
-0.793676
0.196096
0.156481
0.427321
0.468299
-0.330338
-0.380318
-0.288189
0.282788
0.222056
0.653382
-0.332619
-0.782759
0.158630
0.299517
-0.081876
0.569245
1.233976
1.929102
0.198671
-0.379867
-0.732449
0.180241
0.102647
-0.602060
-0.068322
-0.193268
-0.270506
0.437853
0.838993
0.196380
0.143394
0.646209
0.743537
1.028457
0.384244
0.413779
-0.409323
-1.067790
-0.403677
-0.190590
-0.202945
-0.407678
-0.258738
0.126994
0.528543
0.576011
-0.695928
-0.713060
-0.648365
0.119951
0.009950
-0.486865
-0.160439
-1.104853
-1.299845
0.103289
0.835537
0.369208
-0.108933
-0.449591
-0.474221
0.352562
0.735160
0.228142
-0.991133
-0.359169
0.461548
0.411200
0.080981
-0.163946
0.145407
0.547803
0.834308
0.201593
0.104730
0.888782
0.848220
1.217999
1.347315
-0.289049
0.212328
0.968108
0.508461
-0.616212
-1.020479
-0.477255
-1.272117
-0.020889
1.999161
1.149957
0.221186
0.315264
-0.562945
-0.437250
0.762417
1.151368
0.529149
-0.478737
-0.166321
-0.267292
-0.939088
0.513537
1.079458
0.280762
-0.427367
-0.830716
-1.118715
-0.421583
0.703864
1.311869
0.263251
0.100884
0.154063
-1.539433
-1.254801
-0.460801
-0.170640
-0.006209
-0.013318
-0.534573
-0.828949
0.255934
0.720600
-0.695926
-0.404182
-0.109603
-0.111997
-0.283484
0.162167
-0.070788
-1.513366
-0.714748
0.371484
0.599978
-0.749905
0.171899
0.521932
-0.417519
-0.458679
0.578019
0.764893
-0.051772
-0.291357
0.045721
0.162215
-0.841498
-0.413872
0.910382
0.333158
0.361445
-0.201186
-1.506524
-1.807241
0.141796
1.122787
0.519540
-0.091680
0.317321
0.429706
-0.469510
-0.182472
-0.625030
0.007343
0.121563
-0.100742
0.355422
0.054704
-0.404882
-0.101005
0.664994
-0.279579
-0.749034
-0.915394
-0.236312
-0.703242
-1.275740
0.480211
0.828688
0.459662
0.090088
-0.184539
-0.117578
-1.192305
-2.006033
-0.953391
0.643734
0.577668
-0.380866
0.374869
0.556293
-0.739115
-0.175811
1.456536
0.839042
0.388297
0.150046
-0.351968
0.373673
0.211781
-0.713292
-0.559324
0.556989
0.586720
0.007499
0.397498
-0.293324
0.115524
0.773513
1.167102
0.951422
0.368048
0.008765
0.431183
0.660201
-0.020379
0.392366
1.090922
0.963223
0.716170
0.562498
0.088150
-0.495072
-0.610645
0.171031
0.799051
0.892300
0.544262
-0.161191
-0.021464
0.272859
0.044940
-1.174107
-0.999790
0.203113
-0.295045
-0.232867
-0.695178
0.107106
0.038119
0.299398
0.320835
0.465721
0.450189
0.124159
-0.875419
-0.636749
0.019181
0.237975
0.735591
0.113296
-0.397001
0.159277
-0.032010
-1.222728
-0.293956
0.189699
0.162962
0.137776
-0.212270
0.568463
0.519370
-0.362673
-0.110409
-0.032350
-0.938091
-1.502752
-1.146029
-0.499055
0.106129
0.639334
-0.389841
-1.375402
-1.568570
-0.694158
-0.570568
0.287683
0.419827
-0.974382
-2.005596
-1.074554
0.713554
0.305956
-0.127331
0.537434
1.059648
0.141318
-0.228636
0.617158
1.512105
1.757633
1.053859
0.460312
-0.519831
-0.509555
0.383359
0.653809
0.329753
-0.555327
-0.858491
-0.234452
0.490825
-0.117366
-0.269688
-0.477784
-0.584793
-0.127503
0.831797
0.761144
0.032200
-0.515558
-0.796439
0.128374
1.004976
0.377396
-0.036775
0.446878
0.674726
-0.577518
-1.031473
-0.077985
0.694101
0.816616
0.812189
0.365167
0.466900
-0.140969
-1.851518
-0.616057
0.063327
0.226321
0.718995
0.930155
0.596997
0.119454
-1.195288
-1.095043
-0.372434
-0.063363
0.751415
0.996129
-0.192151
-1.404898
-0.667753
-0.804833
0.058324
1.884581
1.258087
-0.374498
-0.233993
-0.083768
-0.972388
-0.340236
0.129757
0.312363
0.572435
0.071985
0.409088
0.301522
-0.629144
-0.510869
0.273749
0.644957
0.479894
0.364095
-0.834580
-0.716130
-0.904208
-0.946771
-0.266542
0.115242
-0.537921
-0.571926
0.136728
-0.432612
-0.634075
-0.927803
-0.605358
0.166816
0.361714
0.298113
0.266823
-0.449660
-0.020248
0.158047
-0.467534
-0.218519
-0.689464
-0.162763
-0.415426
-0.099356
1.119470
1.974095
0.386308
-0.212509
-0.096608
-0.167106
-0.255940
-0.802418
0.261777
1.211259
1.081559
1.230445
1.496092
1.394507
0.457195
-0.619158
-1.313967
-1.156293
-1.050021
0.249168
1.317938
1.119841
1.006770
-0.360576
-1.047728
-0.319622
0.570813
0.741909
0.071129
0.199535
-0.773833
-0.536421
0.494446
0.616297
0.336467
0.280120
-0.514907
0.209275
-0.671276
-1.022271
0.181060
1.020085
0.685895
0.678096
0.511577
0.199546
0.098081
-0.287738
-0.153692
0.163786
