0.316905
-1.155261
-1.854824
-0.908005
-0.658205
1.754397
1.476968
1.799705
-0.089208
-0.407241
-0.131745
-0.219295
1.075089
-0.372907
-0.729222
0.215593
-1.745414
-2.623164
-0.900707
1.915093
2.141422
1.122235
1.708979
1.181668
0.294556
0.775757
-0.996640
-1.389979
-0.590393
0.358012
-0.162515
-2.219699
-1.486485
-0.862228
-1.231049
0.142007
-0.750271
-0.857799
-0.578139
-1.173087
-0.041355
0.467939
0.367792
0.815585
1.273910
0.182598
-1.295491
-2.088361
-2.018503
-1.033676
-0.583084
-0.950826
-1.403213
-1.756563
-0.684850
0.365786
-0.112446
2.086053
2.363564
0.412042
-0.942366
0.013427
-0.295461
-0.033862
-0.084515
-0.616110
-0.277101
0.079844
0.539677
0.928465
1.171008
0.583922
-0.164241
1.128038
1.565288
0.892759
1.709522
0.193263
-0.102565
0.143762
0.535057
1.005337
1.179902
0.114364
-0.662612
-1.084157
-1.514406
-1.428128
1.423712
1.718199
-0.576726
-0.863221
-0.341298
0.196523
-1.144431
-1.362677
0.329498
0.088548
-0.561992
0.133628
-0.329914
-0.386402
0.278371
-0.179471
-0.268317
-0.661412
-0.742331
0.268265
1.658977
0.464528
-0.225460
0.350255
-0.800690
-1.612316
-0.018594
0.990015
1.411323
0.374318
-1.908417
-1.369832
1.356783
1.719829
-0.112028
-0.537083
-0.117788
1.164072
-0.715396
-1.294340
0.292151
0.844430
0.578589
0.120521
0.006757
0.330323
-0.453295
-1.558284
-0.344294
-0.601891
-0.719526
-0.363914
0.920157
0.427332
-0.613576
-0.438779
-0.006202
0.117740
1.002992
0.329343
0.234117
-0.254704
-0.805522
-0.055189
-0.174259
-0.160510
0.929222
1.254049
0.394027
1.071040
0.771821
0.527218
0.810335
0.069647
1.736775
2.598022
1.439670
-0.200537
-1.300246
-0.744541
0.550256
1.027998
0.653105
-0.813225
-0.419608
-0.210617
1.498635
1.174202
-0.064010
-0.192985
0.067943
0.936631
1.805352
1.168893
0.648453
0.329324
0.632538
0.381751
-0.171695
-0.240604
0.747824
1.852343
0.785865
-1.038652
-1.652790
-0.982106
-0.145732
-0.331097
-0.519015
-1.368947
-1.492818
-0.190001
0.956396
0.723697
0.219794
-0.444703
-0.892140
-1.610870
-1.108889
-0.194821
0.599998
-0.114242
-0.617852
-1.111070
-0.807852
-1.637046
-1.619912
0.222790
1.176981
0.215572
-0.491630
-0.007855
-0.857224
-0.392823
-0.094752
-0.500518
0.222031
-0.451288
-1.483774
-0.956287
-0.213817
-0.258113
0.131249
-0.325497
0.625181
1.475631
0.306569
-0.836071
-0.330597
0.313743
0.652047
0.347241
0.892830
0.019078
-0.804684
-0.953945
0.175313
0.596429
0.209267
-1.263556
-2.361758
-0.510179
1.771224
1.492325
0.657723
1.423730
-0.155248
1.163458
0.898342
0.496795
0.674726
-0.136907
-0.265254
-0.245980
0.545298
-0.039549
-0.083063
0.142628
0.582708
0.522285
0.503058
-0.238677
0.770606
-0.100247
-0.235654
0.212152
-1.117096
-1.803379
-1.111402
0.050025
-0.009790
0.317307
0.899665
2.172872
0.034450
-2.107026
-1.641898
-0.439219
-0.406429
-1.495020
-1.524887
0.393661
0.777735
-0.690426
0.562002
1.163864
0.225532
-0.285866
0.214844
0.303030
1.259438
0.359473
0.704099
0.395259
-0.531904
0.430200
-0.109948
-0.318445
0.608238
0.736642
-0.367585
-0.327018
0.177383
0.284451
1.126322
2.459073
0.931282
-0.243899
-0.766708
-1.018036
-1.855084
-0.803724
1.710713
1.053224
-1.212162
-0.286360
1.477405
0.645118
0.640834
-0.665618
-1.373518
-0.930580
0.374557
1.005712
0.188801
-0.807379
0.269903
0.311433
-0.709638
-1.064332
-1.001374
-0.505478
-1.033878
-0.489522
0.582430
0.434288
-1.472050
0.027988
0.601432
-0.094496
0.310266
-0.101858
-1.142136
-0.370531
-0.696000
-1.228666
-0.764341
0.111649
0.850615
0.177404
0.451021
1.388300
0.922942
-0.969450
-0.148746
0.120935
0.626654
-0.406309
-0.834547
0.117915
-0.018990
-0.205716
1.810910
3.125753
0.561671
-0.181413
-0.274274
-0.137504
0.813790
0.519834
-0.635790
-1.777713
-1.439591
0.148438
1.557406
1.012769
-0.695564
-0.863791
-1.215048
-0.448077
0.458938
0.144171
1.462256
1.283568
0.094469
-1.142425
-0.250883
-0.587142
-0.677776
0.201659
1.418827
-0.179328
-1.723761
-2.008137
-1.596833
0.036408
0.855888
1.009530
0.143302
0.377988
-0.243812
-1.538847
-0.557847
0.113932
-0.612350
-0.273444
-0.814126
-0.860391
-0.257950
-0.606946
-0.484094
0.200497
0.483445
-0.520941
-0.390975
0.244990
0.966056
0.976352
-0.596560
-0.949653
-0.641035
-0.542517
-0.104737
1.032100
1.462494
1.823654
2.399369
3.081709
1.389712
-1.837967
-2.222147
0.063502
1.249664
1.126355
-0.177248
-0.128043
-0.205740
0.790332
0.073585
-1.034332
-1.263478
-0.603789
0.510337
0.589050
2.554204
1.486878
-1.525935
-2.526161
-1.299268
0.954818
3.116023
0.589802
-2.115755
-2.113405
-0.141858
-0.526596
-0.346566
1.156584
-0.367144
-0.716420
1.482332
1.368817
-0.026423
1.470944
1.651432
0.582665
-0.325618
0.996122
1.567011
1.801942
1.082569
0.293765
-0.070345
0.430601
2.368236
4.205303
1.792562
-1.304947
-1.205834
-0.711160
-0.880607
-0.360327
1.177666
-1.378823
-2.166098
-1.083406
-0.971906
-1.733824
0.113175
1.062237
-0.201366
-1.002955
-0.849880
-1.211256
-0.998790
0.747724
0.217811
-1.457127
-2.362937
-1.762023
-1.155422
-0.009739
1.579727
-0.071811
-2.391310
-0.773567
1.159152
0.790864
0.461472
1.335974
-0.660269
-2.023816
-0.870370
-1.049204
-0.377229
-0.250450
1.079495
1.212507
-0.035179
-0.520173
0.269535
0.600813
0.687057
1.097142
-0.367876
-0.666251
-0.412171
1.104548
0.943025
1.021521
-0.053901
-1.249848
-1.611423
0.034970
1.424456
0.811840
0.418484
1.271667
0.451898
0.429203
0.055340
-0.634282
1.079906
1.869406
-0.393403
-1.758707
0.047817
0.381461
0.341630
-0.326079
-0.879452
-1.401800
-2.257991
-1.592902
0.679034
-0.110141
-2.456757
-1.178961
0.213966
0.315160
0.145592
1.130119
1.130327
-0.818782
-2.473686
-1.035677
0.715902
0.103654
-0.482822
-0.986502
-0.869890
-0.269739
-0.270100
-0.148977
1.407971
-0.200302
-1.278491
0.154889
0.607952
-0.071524
-0.667755
-0.369031
0.787242
0.249791
0.389784
-0.620963
-0.402866
0.082086
-0.703102
0.779272
0.755451
0.975063
-0.150906
-0.852579
-0.517669
0.257456
-0.330991
-1.169839
-0.172563
1.257021
0.282311
-1.050728
-0.304580
0.270137
0.696625
0.848411
2.375217
1.226899
0.639550
0.748752
1.404812
0.086319
0.204929
0.970116
0.097174
0.328657
-0.200690
-0.426471
0.075996
0.105987
0.281397
0.235015
-0.654972
-0.687755
-0.574124
-0.276314
0.289491
0.829564
-0.115049
-0.219676
-0.179599
-0.190920
0.294841
0.757268
1.195842
0.003317
-0.406417
-1.375540
-1.239620
1.144384
1.842196
-0.208433
-1.201238
-0.535233
-0.084743
0.129506
1.394745
0.944713
-0.071424
0.361080
-0.052874
0.762913
2.317068
1.943500
0.541505
0.525525
-0.874497
-0.470906
-0.869739
-0.892216
0.300144
0.845900
1.129947
1.104775
-0.363146
-1.778573
-0.980449
0.792661
1.932257
-0.475521
-0.447793
-1.413200
-1.219575
-0.043787
0.356537
-0.184198
0.434820
-0.855034
-2.024275
-1.130918
-0.198469
1.243513
1.510416
1.059107
-0.544891
-1.140379
-0.035152
0.185033
-0.725458
0.037628
-0.106691
-1.264682
-1.516954
-1.733648
-2.118382
-0.627577
0.619616
0.572039
0.353702
1.209942
0.957942
-0.040807
0.203218
-0.085854
-0.960979
-0.978137
1.829535
0.312685
-1.342137
-1.699234
-0.608644
-0.058485
-0.595105
1.685621
1.242910
-0.376319
-0.184537
0.932490
0.405449
1.218000
-0.336416
-0.026197
-0.179191
-0.192626
-0.663031
-1.741684
-1.325656
1.346227
2.336906
-0.123047
-0.464551
-0.102981
-0.627530
0.186269
1.124011
1.726771
-0.412771
-0.777679
-0.341858
-0.651176
0.596295
1.236086
1.227194
1.953960
0.964957
-0.861475
0.043009
-0.125637
-1.274901
-0.373564
-0.035628
-0.378131
-1.916206
-0.833762
0.420923
1.788373
1.073481
-0.433186
-1.493863
1.254743
1.537203
-0.638581
-0.499146
1.259048
0.779063
0.086583
1.145064
1.836151
1.338192
0.057636
-0.197778
0.145170
0.801036
0.649943
-1.744347
-1.807603
-0.304219
-0.922946
-1.121714
0.403900
1.060750
0.759041
-0.676129
0.807875
1.232406
0.000564
-0.360488
-0.334583
-1.735656
-1.099393
-0.379225
-0.310653
-0.753463
-0.839764
-1.375861
-1.382843
-0.442844
0.447788
1.373211
0.940902
-0.003065
-0.590012
-0.310270
0.114740
0.470802
-0.533338
-0.910947
0.167258
0.458826
-2.258915
-3.346473
-1.364916
-0.142989
-0.408204
0.347111
1.038114
1.075773
0.559529
-0.597264
-0.649186
-0.451647
0.074960
0.297890
0.046536
-0.112133
0.825737
-0.034357
-2.090207
-1.793315
-0.676654
1.021875
0.471585
1.049401
1.131257
1.660540
0.604665
0.018925
-0.599288
-1.172553
0.833559
1.675725
1.342769
0.822455
0.668370
-0.800840
-0.905093
0.854014
1.567775
0.623555
-0.651964
-0.691181
-0.622981
-1.776827
-0.131063
0.875464
-0.681400
-2.038814
-1.220037
-0.072160
-0.579708
-0.075724
0.880684
3.006295
1.936383
-0.927121
-0.645450
0.789473
1.545124
0.394710
-0.589927
-0.335698
0.748519
-0.789827
-0.408681
0.828414
-0.616042
-1.146576
0.070648
0.817468
0.093434
-0.094551
1.539617
-0.081863
-0.817848
0.073144
-0.099060
-0.440903
0.489574
1.209738
0.901931
1.082630
0.145020
0.151076
-0.458575
0.270507
0.257375
0.683824
0.641560
0.260070
0.378872
-0.439334
-1.459242
-0.230208
1.726986
1.375016
-0.096703
-1.636187
-1.406759
0.273107
0.586888
1.622354
1.913646
-0.117267
-1.469006
-0.840443
-0.296188
0.196477
-0.222567
-0.971214
0.038566
-0.632802
-1.545462
0.889783
1.384783
0.754712
0.889057
1.004015
-0.305760
-0.010333
-0.081193
-0.401679
-0.246570
-0.923740
0.766862
0.948294
0.529715
-0.269044
-1.017764
-0.919517
-1.364433
-2.010094
-1.184269
-1.242360
-0.821088
-1.308443
-1.156879
-0.259302
0.924543
-0.132881
-1.081183
-0.789319
-1.037021
-0.369076
-0.190574
0.757900
1.279132
0.723698
-0.358592
-1.624387
-1.691491
-1.257878
-1.709675
-0.139294
0.494528
0.684654
0.713566
-0.849093
-1.033757
0.412370
0.785135
0.611834
0.357620
0.827464
2.280426
1.827238
0.926299
0.208343
-0.162964
-0.336013
-0.004017
0.039107
-0.272742
1.055016
1.193623
0.998985
0.692463
-0.013121
-0.350971
0.713031
1.403591
2.988823
0.858457
0.119761
0.774823
-0.113642
-1.016034
-1.278715
-1.126894
-0.767694
0.184906
0.334965
1.110545
1.276859
0.498783
0.261934
0.921506
0.575490
-0.014724
-0.945758
0.667576
0.264728
-1.016015
-0.937970
-0.959574
-0.614366
-0.207879
