1.183062
-0.172615
-1.014170
-1.086288
-0.565234
1.046227
1.521540
1.271458
0.207914
-0.069387
-0.200388
0.217289
1.500190
0.347870
-0.842302
-1.110771
-1.412127
-1.582450
-0.572712
0.771896
1.621172
1.421124
0.824252
0.257916
0.408191
0.904813
-0.520108
-2.127857
-1.189999
0.494789
-0.579268
-1.719219
-0.528265
-0.503427
-0.322973
0.200007
-0.177180
-0.310512
0.268059
0.817051
1.140555
0.634744
1.035204
1.649688
1.614909
0.442255
-1.635214
-2.233831
-2.845761
-2.845703
-2.234161
-1.535279
-0.935010
-0.563386
-0.788482
-0.171705
0.369787
1.352129
1.911123
2.133063
1.648953
0.204678
-0.600653
0.099920
-0.673117
-2.109123
-1.643071
-0.608861
0.022026
0.535835
0.543367
0.286029
0.139032
1.409023
2.889635
2.482342
1.355283
0.416612
0.002808
0.008820
0.219345
0.687673
0.762502
-0.381608
-1.822412
-1.904220
-1.810790
-1.332812
0.915035
1.490381
0.559942
0.202475
0.210811
-0.082580
-0.555020
-0.172428
0.439106
0.253583
0.029427
-0.365355
-0.977831
-0.524466
-0.294355
-0.772521
-0.560257
-0.259537
-0.893734
-1.215706
0.025192
-0.067118
0.385665
1.358221
0.617996
-0.503046
-0.542929
-0.353937
0.418040
0.170091
-0.240066
0.504978
1.350816
1.325851
-0.367066
-1.480995
-1.575798
-0.636791
-1.177093
-1.096487
0.078083
0.825069
1.115925
0.660908
-0.001339
-0.253642
-0.832793
-0.819703
0.206722
0.032027
0.024847
-0.020321
0.394612
-0.431283
-1.201565
-0.792886
-0.689446
-1.047371
-0.509687
-0.922022
-1.065393
-1.225491
-0.969908
-0.095912
-0.408443
-0.025985
1.131017
0.713654
0.540586
1.477894
0.749432
0.582403
0.434970
-0.082264
0.485019
0.826675
1.127043
0.242889
-0.757623
-0.155949
0.964121
1.255755
0.557260
-0.082917
0.134128
-0.274537
0.880766
1.632096
0.585900
0.403175
0.415696
0.753979
0.748714
-0.129921
-0.152999
0.108689
0.879471
0.690586
0.442267
0.708594
1.370335
2.023751
1.432286
-0.043633
-0.568346
-0.333495
-0.379553
-0.472443
-0.402096
-0.558200
-0.550377
0.393833
1.658328
0.810318
-0.774858
-1.538369
-1.468659
-1.228515
-0.339759
-0.473346
-0.059080
-0.543577
-0.723857
-0.359507
-0.279239
-1.077306
-1.234067
0.296833
1.292317
0.477218
-0.344602
-0.541666
-0.877065
-0.746913
-0.136516
0.166986
-0.901694
-1.146818
-1.028208
-0.818670
0.044568
-0.002466
0.538933
0.766203
0.545985
0.669122
0.608082
0.396249
0.402262
0.767878
-0.154803
-1.261292
-0.680127
-0.688435
-0.958702
-0.998999
-0.635299
-0.394104
-0.068551
-1.234645
-1.729457
-0.373266
0.889021
1.892776
1.063845
0.227914
-0.759584
-0.310800
-0.682667
-0.203269
0.559965
-0.047387
0.314588
0.350975
0.560143
-0.094692
-0.814416
-0.826554
-0.225977
0.038515
0.532661
0.707865
0.720968
-0.324178
-0.332157
0.469196
0.016088
-0.777179
-0.680079
-0.619393
-0.901293
-0.074466
0.917219
1.637312
1.087288
-0.157502
-0.910465
-1.484007
-1.082251
-0.856674
-1.237649
-0.473907
-0.119870
-0.085447
-0.070710
-0.296833
-0.213127
0.113000
0.306090
0.252976
0.707618
0.673599
1.514286
0.755977
0.324475
0.960353
0.723476
0.262124
0.346046
1.191649
0.525247
-0.647074
-0.629088
0.407791
0.866197
1.504362
1.086895
1.004092
0.090214
-1.123094
-1.238321
-0.467166
2.324049
2.817846
0.920416
0.999783
0.868431
-0.130744
0.006712
-0.271985
0.129437
0.737295
1.507856
1.865577
0.907431
0.238464
1.225113
1.118363
0.422137
-0.939291
-2.761508
-2.621911
-1.118145
-0.178323
0.434009
0.748864
-1.192351
-1.009815
-0.554059
-0.476404
0.746394
0.000444
-1.079006
-0.526259
0.240454
0.734494
-0.349745
-1.212401
0.149698
0.238251
0.104661
0.349671
0.034718
-0.162884
-0.046803
-0.709507
-0.176040
-0.041289
0.071503
1.381390
0.670789
-0.434603
0.299696
1.420284
0.616004
-0.067902
-0.358056
-0.011332
0.606439
0.365323
-0.558104
-1.449417
-1.144728
0.382246
1.297779
0.364308
-1.330172
-1.232952
-0.698213
-0.495519
-0.238170
-0.320803
0.627421
0.910682
2.039887
0.832088
-0.012724
-0.298152
-0.608721
-0.609401
-0.642756
-1.312858
-1.218992
-1.610460
-1.903206
-0.674847
0.650476
0.880273
0.545345
1.232669
0.724315
-0.889654
-1.091971
-0.695607
-1.550145
-1.441298
-1.675524
-1.735308
-1.410091
-1.552832
-1.728772
-1.821888
-1.615898
-0.938526
0.119565
1.341121
2.345266
1.158441
-0.157643
0.391225
0.482219
-0.233895
-0.109918
0.284229
0.558099
0.734315
1.189601
1.794360
1.186374
-0.346595
-0.894390
-0.003393
1.274934
2.127407
2.022602
2.089751
1.803654
2.132256
1.627594
0.782662
0.303191
0.332779
0.812427
0.763156
1.070091
0.433945
-0.979285
-1.333576
-1.030452
0.341449
1.296316
0.217016
-1.470724
-2.171611
-0.988536
-1.166822
-1.754904
-0.874187
-0.905456
-0.855018
-0.225911
0.129525
-0.056655
0.992933
1.426096
0.634593
0.562413
1.362263
1.991346
2.492126
2.534427
2.471939
0.754043
0.753892
1.360166
1.979331
0.377603
-1.341390
-1.743315
-0.874646
-0.565380
-1.389759
-1.185660
-2.339628
-2.373195
-1.025690
-0.529982
-0.382318
0.650883
0.411692
-0.468888
-1.402744
-1.387429
-1.560296
-1.797491
-0.751701
-1.134657
-1.528999
-2.254860
-2.462123
-1.610815
-0.694273
0.824731
0.785583
-0.365267
0.321476
1.631813
1.472543
1.520062
2.216455
0.666327
-0.887777
-0.157555
0.425502
0.171860
0.007992
0.822390
0.516961
0.348676
0.887755
1.455145
1.206631
0.290211
0.336229
0.544969
0.641393
0.828089
1.213700
0.993269
1.263659
0.109468
-1.202546
-1.369137
-0.646651
-0.111310
-0.263559
-0.470191
-0.850294
-0.774870
-0.278750
0.078378
0.324680
0.809535
0.509305
-0.397427
-0.572809
-0.472424
-0.023783
0.608999
-0.122025
-0.873862
-0.402607
-0.737176
-1.030532
0.045432
0.356168
-1.148455
-0.571981
1.162166
1.303620
1.415807
1.752105
1.408820
-0.113958
-1.558708
-1.984556
-1.111817
-1.069948
-1.019739
-1.373609
-1.734854
-0.905794
-0.365748
0.490042
1.791048
1.460798
0.833278
1.081544
0.505702
-0.264860
-0.574921
-0.877870
-0.840971
-0.713817
-0.499296
-0.714686
-0.780743
-0.962788
-1.704154
0.015463
1.210636
2.220959
2.218729
1.594664
0.307008
-0.186330
-0.325670
-1.647261
-1.143553
0.330563
-0.149052
-0.787508
-0.799951
-0.015634
0.402967
1.170718
1.746751
0.843382
0.035119
1.044777
1.623469
0.300826
-0.251280
-0.411255
-0.074861
0.254433
-0.454555
-0.405686
0.633663
0.664529
-0.126826
-0.360257
-0.223941
-0.258639
-0.807482
-0.744632
-0.833102
-0.963401
-1.241881
-0.317060
0.448253
0.272730
0.078400
-0.147801
-0.049487
-0.506321
-0.571906
-1.247523
-0.511460
0.907616
2.030028
1.079325
-0.112156
-0.580919
0.020448
0.482940
1.385854
1.121997
0.235545
0.138627
0.260861
0.543715
0.793297
1.831416
1.439050
1.080354
0.000240
-0.663240
-0.527070
-0.214175
-0.471639
-0.420694
0.317217
0.489868
0.201120
0.100426
-0.157770
0.417532
1.655869
0.911745
-0.097901
-1.095269
-0.637463
0.116563
-0.191036
-0.085123
-0.104301
-0.523772
-0.755270
-0.536578
-0.294826
-0.375011
-0.534509
0.063850
-0.063673
0.144361
0.805456
0.432187
-0.480205
-0.109219
-0.309498
-1.743179
-1.767337
-0.868896
-0.193230
0.493903
0.674958
0.446630
-0.368393
-0.390665
0.286104
0.627625
0.797220
0.396036
-0.808327
-1.702409
-0.919338
-1.138316
-1.552242
-1.025633
-0.020771
0.062963
-0.499227
0.078323
0.154614
-0.020480
-0.279168
0.411442
0.195832
0.470898
-0.289496
0.300614
0.261936
-0.627095
-0.942205
-0.869826
-0.268533
0.999521
1.854672
0.705599
0.226152
0.539402
0.140308
-0.116699
0.666102
1.165217
0.977280
0.799382
-0.487129
-1.256206
0.302916
1.202871
1.367551
1.845691
0.829480
0.021339
0.061550
-0.862475
-1.777223
-1.064201
-0.252768
0.143828
-0.590938
-0.291120
0.917532
1.619715
1.154426
-0.771841
-2.249502
-1.040144
-0.144347
-1.949637
-1.932811
0.323289
1.062663
0.794740
1.405453
1.174672
1.188956
1.465881
0.923758
0.197589
0.575619
-0.150965
-1.567310
-0.956405
0.274856
0.294430
0.189936
1.077799
0.950173
1.255864
1.004944
1.329110
1.888342
0.857547
-0.158939
-0.664080
-0.898442
-0.190338
-0.391495
-0.461314
-0.561975
-1.213631
-1.451636
-0.773971
-0.314915
-0.643886
-0.391599
0.229341
0.148683
0.361617
0.943702
1.383738
1.542936
0.502661
-0.386391
-0.139290
-0.768774
-2.279602
-2.579718
-1.403159
-1.106548
-1.662073
-0.954794
0.695536
0.917036
-0.114308
-1.179304
-1.593727
-1.000652
-0.615526
-0.974982
-0.640926
0.003163
0.812975
0.833343
-0.638165
-1.427160
-0.927280
0.019719
0.449487
1.428265
1.716789
1.595245
0.824662
0.195438
-0.301286
-0.923603
-0.053749
0.081642
-0.886369
-1.439854
-0.622752
-0.079435
-0.385137
0.151008
0.784836
-0.887534
-1.607559
-0.800477
-1.211014
-2.108595
-1.043345
0.183609
-0.226493
-0.714680
0.572808
2.496296
1.633542
1.297275
2.082098
3.288573
3.015840
1.132595
1.023439
1.107056
0.396938
-0.686161
-2.043311
-2.550284
-1.404162
-1.128659
-1.122213
0.245931
0.149304
-0.224438
0.783077
1.285208
0.970873
0.731091
0.946571
0.411524
0.584518
0.613021
0.541392
-0.125388
-0.036313
0.639792
0.730079
1.313568
-0.319645
-0.648271
-0.115990
0.385407
0.360804
1.129658
0.895138
0.364481
-0.160555
-0.626889
-1.014801
-0.504894
0.304882
-0.532437
-1.363500
-0.902671
-0.752998
-0.314952
1.000722
2.593967
2.831552
1.410716
-0.117238
-0.643831
-0.775108
-0.436302
-0.157606
-0.345461
-0.311588
-1.231131
-2.159873
-0.330655
0.178121
-0.021404
0.322009
0.162128
-1.125054
-0.895347
-0.808504
-0.185001
0.723905
0.123243
0.909445
1.847539
1.422961
0.312775
0.491864
1.142973
0.699223
-0.375499
-1.143213
-0.902452
-0.994505
-1.639499
-1.275943
0.139213
1.281324
-0.171777
-2.039977
-2.695938
-2.686947
-1.585197
-0.297442
0.856995
0.874468
-0.407303
-1.217257
-1.607248
-1.545646
-1.610716
-1.550126
-0.217424
0.327437
-0.427068
-0.547657
-0.815657
-0.370493
0.932666
1.251146
0.474137
0.150684
0.468382
1.610628
1.155721
0.613324
1.525000
1.525195
0.928669
0.511079
-0.297406
-0.569649
-0.121929
-0.443096
0.325372
0.594227
-0.702216
-0.813001
0.645750
1.257975
2.250737
0.820759
0.990028
0.880089
0.361473
0.137241
0.279046
-0.207640
-0.561298
0.071668
0.113032
0.330962
0.537830
0.503377
1.044125
1.257055
-0.082464
-0.360833
-0.283891
0.209981
0.163835
-0.209663
0.073666
0.377686
0.004938
-0.461003
