0.897954
0.687013
0.615660
0.452053
0.219474
-0.088740
-0.930608
-1.561068
-1.811941
-1.526628
-0.803092
0.396718
1.257007
1.185221
0.852176
0.570156
0.368361
0.363604
0.342349
0.410949
0.272919
-0.097112
-0.364171
-0.158032
-0.055108
0.045142
-0.096861
-0.231478
0.399381
1.169338
1.148838
1.090135
1.309486
0.611348
0.150089
0.035340
-0.099598
-0.316615
-0.055216
0.087758
0.096965
-0.359081
-0.918755
-0.733223
-0.071760
0.888855
1.488006
2.610973
2.792940
1.965738
1.687854
1.227603
0.455219
0.124891
-0.387992
-1.153646
-1.833662
-1.875997
-1.500066
-1.226919
-1.444260
-1.716027
-1.072623
-0.012536
0.289662
0.142309
0.226162
-0.372305
-0.758078
-0.744278
-1.566143
-1.881839
-1.532550
-0.790719
-0.032554
-0.078495
-0.363773
-0.382802
-0.775835
-0.895117
-0.762396
-0.672371
-0.159665
0.592043
1.030944
1.452435
1.166898
0.315351
0.184712
-0.472116
-1.335538
-1.137258
-0.416419
-0.379754
-0.584524
-0.788535
-0.721514
-0.830202
-0.855824
-0.438543
0.176794
1.289079
1.910509
2.181685
2.215044
1.964166
1.072939
0.036844
-0.527470
-1.061357
-1.473263
-1.284690
-0.612775
0.143264
1.050343
1.060982
0.522746
-0.330083
-0.949073
-1.261255
-1.508994
-1.053151
-0.318612
0.798751
1.656695
1.922683
1.331150
1.023032
0.991253
-0.007196
-0.721707
-1.149860
-1.372720
-0.953759
-0.754118
-0.854769
-0.419220
-0.077414
0.395189
0.960596
1.345228
1.583746
1.659318
1.473193
1.178417
1.410808
2.005284
2.074660
1.752583
1.179196
0.897367
0.433584
-0.260271
-0.596962
-0.277466
-0.556425
-0.311657
0.554157
-0.075063
-0.769723
-0.971146
-0.964395
-0.338245
0.117303
0.316154
0.181217
0.085429
0.488312
0.067384
-0.418160
-0.768584
-0.507976
-0.256581
-0.294273
-0.444288
-0.747569
-1.322339
-1.093367
-1.082496
-0.969607
-0.507163
-0.286463
0.508711
0.792982
0.610343
-0.090098
-0.840451
-1.370892
-1.612151
-1.278797
-0.761002
-0.369142
0.221941
0.149758
-0.233611
-0.523374
-0.932054
-1.143938
-0.793705
-0.158477
-0.135558
-0.003518
0.108047
0.535555
0.117250
-0.204963
-0.318287
-0.395998
-0.235664
-0.670224
-0.791402
-0.669851
-0.386453
-0.345901
0.019656
0.809910
1.235737
1.036201
0.957743
1.060381
1.082076
1.399640
1.561715
1.065926
-0.006371
-0.053158
0.263411
0.057386
-0.064226
-0.688191
-0.906816
-0.518140
-0.212108
0.233240
0.305662
0.053239
-0.173379
0.661907
0.512073
-0.005864
0.038057
-0.079561
0.082576
0.409099
0.416009
0.110545
0.331220
0.119705
-0.207708
-0.108206
0.043493
-0.450223
-0.531237
-0.514338
-0.592044
0.407523
0.509245
0.250435
0.183729
-0.108851
0.004200
0.488281
0.994850
0.797742
0.291015
0.152428
-0.368330
-0.890860
-0.908832
-0.553502
-0.309218
-0.074585
0.264901
0.217411
-0.092925
0.197713
0.494956
0.648431
0.825557
0.432207
0.277466
0.069299
-0.065211
0.146913
0.581664
0.074613
0.454818
1.417980
1.390027
1.552237
0.979073
0.655404
0.660922
0.407902
0.346426
-0.015065
-0.362648
-0.513237
-0.667900
-0.343955
0.211180
0.155526
0.221034
0.537745
0.265890
-0.278532
-0.227945
-0.107945
-0.674002
-0.869104
-0.980203
-0.763619
-0.675796
-0.595129
-1.324094
-1.374025
-0.814191
-0.699274
-0.083649
-0.033035
0.336479
-0.045058
-1.230390
-1.297152
-1.279779
-1.591642
-1.013069
-0.370016
-0.449198
-0.617710
-0.795833
-0.322497
-0.503498
-0.619027
-0.078151
0.543225
1.103443
1.121453
0.248253
-0.103813
-0.248175
-1.020995
-0.834639
-0.623568
-0.541204
0.511322
0.930793
0.862873
1.474234
1.322060
1.514838
1.653492
1.815311
1.667029
0.702824
-0.109544
-0.467461
-1.329707
-1.656536
-1.130012
-0.749385
-0.187955
0.579150
1.064249
1.303928
1.037488
0.870256
1.410972
1.166482
1.108386
1.478777
1.775649
1.709148
1.480662
1.160813
0.939200
0.430215
0.388491
0.123932
-0.360855
-0.510884
-0.308188
0.193184
0.033641
-0.514496
-0.904771
-0.999909
-0.749223
-0.367511
-0.079164
0.220753
-0.295786
-0.242124
-0.349615
-0.914467
-0.762716
-0.963938
-1.074039
-1.101460
-1.080602
-1.125928
-1.158752
-1.240450
-0.645939
-0.229502
-1.134503
-1.128584
0.022893
0.956306
1.610014
1.711371
1.640338
1.194449
1.278188
1.238867
1.079116
1.292652
0.500416
0.149195
0.090014
-0.111571
-0.467804
-1.045392
-1.616114
-1.874200
-1.981160
-1.936544
-1.101551
-0.929596
-1.420067
-2.059490
-2.628123
-3.390918
-4.684490
-5.078547
-4.790167
-4.274499
-3.912487
-3.106442
-2.601233
-2.657798
-2.423458
-2.010740
-1.731733
-0.755750
0.291781
0.786975
1.266059
1.634436
1.784992
2.243801
2.433896
2.289981
2.340991
2.787325
3.250554
2.999098
2.892266
2.116057
1.618988
1.653430
2.354640
3.032293
2.672681
2.840990
3.080873
2.472232
2.378801
2.802771
2.696687
2.208161
2.209550
1.679220
0.680235
0.297339
-0.098427
-0.030854
-0.277334
-0.600184
-0.405371
-0.396178
0.072066
0.485006
0.804022
0.412965
-0.035400
-0.175867
-0.179640
-0.337931
-0.434205
-0.161774
-0.337559
-0.607277
-0.760519
-0.889317
-0.669375
-0.690676
-0.502680
-0.052574
0.013766
0.622887
0.984254
0.716758
0.251956
-0.592874
-0.760290
-0.441863
0.003334
0.337303
0.359536
-0.018896
-0.747090
-1.167413
-0.820443
-0.295550
-0.057246
0.333941
0.918315
0.450576
0.457723
0.953262
1.601700
1.414212
0.833630
0.445533
0.103845
-0.246747
-0.117562
0.038031
-0.234885
-1.319389
-1.984659
-1.489852
-1.069674
-0.482646
0.119481
-0.031494
0.274837
0.551292
0.948110
1.309234
1.333426
1.467068
0.894443
0.177238
-0.190420
-0.257566
0.187253
0.187349
0.241850
-0.369657
-0.913343
-1.397204
-1.275082
-1.217833
-0.672945
-0.244125
-0.518684
-0.336847
-0.009496
-0.110647
-0.421184
-0.045278
0.382221
-0.063451
-0.500273
-0.712993
-1.550490
-1.359460
-1.021789
-0.089494
0.069396
0.153741
0.449228
0.571751
0.115999
0.266896
0.378665
0.371153
0.349550
-0.116837
-0.469674
-0.296051
-0.634159
-0.593318
0.047381
0.004805
-0.047738
0.676594
1.188844
0.871448
0.252593
-0.199112
0.021265
0.341626
0.212366
-0.288526
-0.883676
-1.605004
-1.865785
-1.403560
-0.777783
-0.348238
0.026723
0.292299
-0.025715
0.323872
0.611480
0.282989
-0.613467
-0.964639
-0.776980
-0.844378
-0.353017
-1.023160
-1.630396
-1.480320
-0.562661
-0.298932
-0.366254
0.094149
0.343316
0.692519
0.559338
0.181071
0.436071
1.138757
0.817246
0.515168
0.471798
0.688562
0.308381
0.298079
0.692947
0.755753
0.677997
0.960184
0.978902
0.666820
0.889272
1.110275
0.959942
0.554355
0.604774
0.454815
0.248068
-0.323954
-0.309372
-0.006679
-0.292213
-0.404591
0.101400
0.289449
0.140163
-0.075380
-0.262987
-0.630199
-1.041523
-1.195418
-1.481522
-2.009647
-1.776170
-1.571962
-1.353882
-0.681743
0.161522
1.186886
1.398893
1.348269
0.809771
0.026658
-0.462920
-1.252414
-1.293831
-0.780776
-0.055584
0.077414
-0.425350
-0.748961
-0.486198
0.160817
0.444238
-0.579733
-0.619106
-0.040494
0.268531
0.457225
0.826257
0.765709
0.249334
0.032737
-0.272571
-0.257167
0.001822
0.568821
0.891130
0.972203
0.636843
0.501950
0.351668
0.465414
0.146378
-0.096808
-0.334441
-0.217328
-0.378309
-0.349367
-0.248095
-0.250625
-0.252043
0.325569
0.987473
1.218113
1.202076
1.146661
0.660921
0.279272
-0.054504
-0.083729
-0.268584
-0.653632
-0.269551
0.132244
0.482948
0.312676
-0.157903
-0.417507
-0.240563
-0.528346
0.111141
0.667205
0.771151
0.914044
1.070954
0.993779
0.694863
0.106242
-0.561942
-1.230675
-1.009237
-1.149990
-1.204931
-0.910991
-0.580612
0.099355
1.156408
0.981226
1.274667
1.275551
0.591916
0.467096
0.330824
-0.127556
0.029476
0.874889
1.183308
1.390743
1.417641
1.150931
0.248256
-1.072879
-1.342753
-0.636060
0.176051
1.022489
1.361909
1.652096
1.541455
0.989875
0.470851
0.135126
0.380359
0.164740
-0.249498
-0.192246
-0.128761
-0.477691
-0.626097
-1.214354
-1.010330
-0.047756
0.277073
0.252890
0.426782
0.433849
0.088542
-0.330271
-0.768479
-0.970120
-1.135595
-0.962399
-1.089899
-1.275725
-1.611524
-1.948993
-1.458715
-1.137046
-0.775498
-1.617040
-1.785981
-1.034683
-0.765805
-1.150400
-1.156926
-1.326962
-1.310034
-1.027517
-0.849121
-1.032358
-0.648890
-0.387399
-0.223181
0.109628
-0.362883
-0.366289
0.175449
0.214953
0.121470
-0.079501
-0.324578
-0.347569
-0.711899
-0.821505
-0.758171
-0.140503
0.425590
0.858990
1.393039
1.577674
0.788246
-0.401519
-0.636454
-0.085695
0.907432
1.385081
1.327696
1.139293
0.901312
0.275172
-0.821723
-0.864202
-0.671202
-0.642517
-0.231302
0.386347
1.556111
2.068947
1.963279
1.585401
1.390860
1.370343
1.342901
1.717336
1.969470
2.565011
2.766143
2.116605
1.972961
2.402301
1.883492
0.921597
0.945220
0.720878
-0.151733
-0.837935
-0.655210
-0.863910
-1.687849
-2.032372
-1.720984
-1.714758
-1.782750
-1.779557
-1.283247
-0.641122
0.181701
0.621063
0.749358
0.637442
0.369211
0.212971
-0.013351
0.327376
0.025864
-0.470022
-0.613921
-0.381921
-0.010061
0.280277
0.292974
0.175615
-0.395778
-0.611588
-0.772560
-0.859043
-0.804909
-1.063896
-0.769025
0.098958
0.154664
0.393341
0.522590
0.155448
0.143173
0.075722
0.036218
-0.320355
-0.325841
-0.041984
0.053325
0.386500
0.584706
0.255722
0.278255
0.353968
0.102366
-0.308172
-0.830462
-0.445193
0.176634
0.375557
0.277215
-0.183881
-0.141222
-0.030255
0.160625
0.509462
0.288179
-0.106305
-0.260280
-0.314329
-0.550723
-0.324071
0.151043
-0.091050
-0.266676
-0.107048
-0.173280
-0.239823
0.138190
-0.261721
-0.662256
-0.725693
-1.116931
-1.397471
-1.048688
-0.374299
-0.091088
-0.112027
0.077302
0.838547
0.999326
0.427292
0.219418
0.242794
0.417227
0.477471
1.222268
1.961121
1.846104
1.072293
0.074021
-0.670615
-0.532966
-0.236554
0.033485
0.248544
0.768254
0.591062
0.285352
0.238461
0.131804
-0.040011
-0.012987
-0.075440
-0.481079
-0.411020
-0.295634
-0.341105
-0.811737
-0.722120
-0.063206
-0.137146
-0.513232
-0.485215
-0.832287
-0.994037
-0.916722
-0.643398
-0.002780
0.539176
0.668734
0.719824
0.666354
-0.109657
-0.075918
0.103021
-0.183616
-0.449541
-1.042676
-0.917517
-0.654798
-0.436633
-0.231478
0.105536
0.130933
0.000639
-0.041078
-0.483389
-0.923577
-0.884632
-0.679793
0.147431
0.297881
-0.258572
-0.344189
-0.515334
-0.755044
-0.665547
-0.347987
0.191011
0.520346
0.143939
-0.058661
