-3.223448
-2.016932
0.966509
1.888064
1.253097
0.093864
-0.319084
-1.064614
-0.283991
0.072127
-0.389747
-0.690327
-1.772371
-2.058012
-0.775914
0.865996
0.331682
-0.230966
1.024988
0.267909
0.248423
0.153679
0.457023
-0.194592
0.908990
1.453666
-0.628787
-0.396164
-0.124512
0.076431
-0.095422
-0.607916
-0.377975
-0.782454
-0.540901
0.413313
-0.074773
0.009962
0.500316
-0.510331
-0.650142
0.230347
0.318691
0.448123
-0.934862
-1.073959
0.453311
-0.602442
-0.393799
0.466005
0.281894
0.287067
-0.403567
-1.103875
-1.459667
-0.321378
1.361853
0.457819
-0.159241
0.030788
-0.518896
-1.816305
-1.447409
-0.244768
1.711356
1.294111
0.876741
0.621745
0.520714
0.618918
0.926456
0.221292
-1.614647
-0.153295
0.441175
0.248279
0.295007
0.852727
0.267897
0.262516
-1.160368
0.890745
1.635451
-0.867162
0.548157
0.761351
0.170267
0.062526
-0.507742
-0.237992
-0.511608
-0.470048
0.823727
0.134335
-0.086674
0.650442
0.460835
1.109617
1.017148
-0.851235
-0.125356
0.628844
-0.138486
-1.060519
-0.239765
-0.006984
-0.852281
0.980616
1.310898
0.944035
0.654602
0.148516
-0.026797
-0.705598
-0.245255
-0.555566
-0.688351
0.722289
-0.093600
-0.701947
-0.553301
-0.715734
0.821140
1.504015
1.527559
-0.522482
0.664815
1.718929
-0.052455
-0.010878
1.181188
0.965689
-0.621348
-0.729883
-0.034751
-0.099747
-2.910802
-1.013582
1.299779
0.341823
-0.036744
-0.679833
-0.622906
0.682472
-0.002459
0.079963
-0.547179
0.213276
1.268144
1.433325
-0.181842
-1.213827
-1.140026
-1.057480
-1.153067
-0.071850
1.292073
1.407377
-1.018861
-0.380482
1.157173
1.720112
1.597107
1.189339
0.370391
0.195369
-0.746754
-0.710995
-1.557981
-0.450440
0.264844
-0.356013
-0.110816
-0.134579
0.481036
0.039985
0.686444
-0.109361
-1.212531
0.295035
1.563193
1.234696
0.741795
0.693209
-0.702585
-0.698933
0.298027
-0.942353
-0.385230
-0.231855
-1.078841
-0.501713
0.621759
0.256493
-0.562219
-0.677421
0.002185
0.577282
-0.059837
0.453089
-1.125121
-1.113243
1.112730
1.090683
0.885457
0.577471
0.335678
-0.187659
-0.555584
0.502055
0.339987
-0.612977
-1.454037
0.158896
0.569362
-0.641699
-0.277038
-0.731529
-0.384099
-1.107285
0.026447
0.797342
-1.323429
-0.867499
0.781550
1.782697
0.332769
0.590847
0.268501
-0.241225
-1.104858
-0.600142
-0.794810
-0.087462
-0.039697
0.506254
1.147136
-0.106420
0.508179
1.262971
0.738615
0.660732
0.371166
-0.357198
-0.434132
0.071688
-0.491612
-1.197231
-1.020801
-0.792016
-0.448878
0.801503
0.671823
0.284129
1.662162
-0.277721
0.269120
1.840756
1.955758
0.326277
-0.318362
-1.421172
-0.193859
1.185651
0.193030
-1.655712
0.455295
1.130988
0.006736
-0.145799
0.260225
-0.054026
-1.731023
-0.970842
0.879363
0.207927
-1.257729
-0.202057
0.244993
-0.031606
-0.536839
-0.357367
-0.924567
-0.859613
-1.035480
-0.669054
0.381109
-0.632088
-1.130186
-1.258674
-0.058588
0.198707
0.200208
0.432684
-0.562812
0.780141
1.252260
-0.437916
1.127449
0.711544
-0.900340
-1.897564
-2.247044
-1.869189
-1.258437
-0.439057
-0.804613
0.080584
1.202656
1.551142
1.789745
-0.213969
-0.544567
-0.329959
1.008612
1.612945
1.601847
1.599496
-0.287038
0.382143
0.559383
0.133288
-0.291591
0.217011
-1.365048
-0.063738
1.293928
0.548517
0.971407
0.859470
0.898545
0.188900
-0.809871
-1.532019
-3.627942
-2.572115
-0.850729
0.273553
0.631886
1.355234
1.341749
1.367860
0.546041
0.610266
0.501488
0.820712
0.549113
-1.325575
0.770673
1.619583
-0.321143
-0.782322
-1.229784
-1.099870
-0.646689
-1.279806
-0.407413
0.995562
1.326633
-0.134701
0.288476
0.192151
-1.752002
-0.072202
0.725404
0.063520
-0.452651
-0.634670
-0.563178
-2.277924
-2.346385
-1.185864
-1.544850
-0.828135
-0.335700
0.154382
0.605801
-0.294334
-0.948013
-0.803293
-0.193430
-0.059023
-1.542337
0.493866
1.394655
1.054601
1.472162
0.530281
0.936960
-0.854802
0.388442
1.461899
-0.331011
-0.481307
0.485086
0.188338
-0.103879
0.301082
0.518061
1.011291
0.508042
0.643037
1.142462
-0.674692
-0.712464
1.841900
1.368299
-0.551745
-1.189583
-2.655018
-1.948472
0.232876
-0.779790
-0.240777
0.686169
1.766954
2.227637
1.689058
0.337819
0.775678
1.119693
0.720288
0.958514
0.493683
0.952828
0.637211
-0.049085
-0.591513
0.475775
0.930778
0.721160
-0.469728
-2.744313
-1.806496
-0.248947
-1.085374
-1.293894
-1.050546
-1.608426
-2.602240
-2.076229
-3.657891
-2.256097
-0.238872
-1.636866
-2.981988
-0.808327
0.073104
0.240364
0.588479
-0.994492
-0.552316
-0.015324
0.343366
0.169783
0.883691
1.512038
2.164418
1.863612
1.125120
-0.120628
-0.830439
1.616707
2.241611
0.361090
1.317674
2.250310
2.022286
2.312042
1.924435
1.504871
1.662432
1.218540
0.378144
1.872039
1.998928
1.486246
-0.190771
0.382442
1.231898
0.601773
1.398599
0.809423
1.592840
0.921896
2.525907
2.516207
0.764177
0.965470
0.498377
0.296574
0.423667
1.344319
-0.115151
-0.518427
0.189554
0.643287
1.565142
0.438840
0.719511
-0.207059
-0.987328
-0.927054
0.978605
0.956060
-0.438413
0.011975
0.475198
0.065061
-0.560653
-0.818893
-0.760751
-1.680975
-2.078693
-1.723780
-1.007678
-1.530198
-2.958421
-2.408298
-1.369793
-1.585340
-1.845894
-2.458950
-2.142281
-1.614161
-1.063168
-1.145633
-0.978028
-1.662295
-2.001797
0.116467
-0.732584
-1.901612
-0.659253
-0.499636
-1.045464
-0.276276
0.889685
0.682621
-1.113561
-0.069689
1.378845
1.155880
1.716404
2.182578
1.934178
1.331803
-0.194072
-0.594550
-0.157486
0.534944
1.994830
2.304783
0.882538
0.598731
0.022517
1.825645
1.471185
0.079986
-0.485519
-0.789104
0.430256
0.449647
-1.172242
-1.167369
-1.310588
-1.603838
-1.618997
-0.536217
0.168018
-1.897797
-0.430966
1.535654
1.577663
1.265332
0.310249
0.492868
0.727831
0.326708
-0.003596
-0.566642
-0.725455
-0.687111
-0.440966
-2.797479
-1.642021
0.073381
-0.360029
-0.819052
0.968094
1.629107
0.092805
1.128202
1.206945
0.400676
-0.405766
0.363162
-0.123201
-0.699104
-0.245254
-0.963791
-3.001044
-1.828168
0.257730
0.126000
-0.573836
0.067268
0.896878
0.272649
0.454984
1.092629
0.908168
1.100953
-1.435482
0.962355
2.454257
0.647409
0.005558
-0.057236
0.137917
0.142068
-0.478645
0.159905
1.178488
0.990577
0.047040
1.004817
1.901176
-0.053652
-0.481877
0.305638
-0.195506
-0.595105
-0.721427
0.594957
1.658768
0.582097
-0.606570
-0.427585
-0.201261
-0.128992
0.087023
-0.430539
-0.471637
0.861052
1.203800
0.407721
-2.206415
-1.039477
-0.199909
-0.282222
-1.840658
-1.703655
0.818422
1.621225
-0.259113
0.282273
1.115413
1.088422
-1.255954
0.688820
1.246184
0.115601
-0.454085
-0.472718
-0.450117
-0.226800
0.395156
-0.112904
0.080996
0.501683
-0.320253
0.167382
1.264377
0.257564
-0.047790
-0.433468
-0.539432
-0.360372
-0.339803
-0.936316
-0.023286
-0.245654
-1.301827
-1.220526
-0.132128
0.470252
0.319139
0.521276
-0.623059
0.106518
1.720795
0.770416
-0.163470
-0.329615
-1.703102
0.096639
0.581788
-0.463323
-0.567241
-2.547633
-1.330719
0.172310
0.248533
-0.865174
-0.264048
1.023166
0.297885
0.300741
0.618575
-0.894901
-0.205856
0.184969
0.333869
0.217275
0.924159
-0.997122
-0.265721
0.902995
0.534629
-0.049295
-0.107114
0.008428
0.645718
0.769672
1.480107
1.145244
-0.167646
0.663465
1.025098
1.006779
1.158071
0.146201
0.566619
-1.161407
-0.007669
0.386378
-1.663983
-1.721255
-1.485280
-0.781546
-0.183055
-0.061525
0.796507
0.699282
2.060967
0.586276
-0.963711
-0.247204
0.792426
0.547275
1.094131
0.538912
-0.465468
-0.761347
-1.108600
-0.090436
1.046891
0.390570
-1.179710
-1.848130
-0.128736
1.311783
0.669441
0.131411
0.681482
0.959255
0.332595
0.915676
1.035580
0.410957
1.139891
1.224430
0.226706
0.025751
0.141000
-1.848577
-0.750754
1.394120
1.767774
0.999240
0.583919
0.008980
-0.271300
-0.665803
-0.985143
-1.270145
-0.290990
-0.507534
-0.790005
-1.231904
-1.316626
-1.194212
-1.498922
-1.175222
0.357339
1.456758
0.910329
0.174250
-0.420201
-0.224156
-0.116517
0.419778
0.655782
0.215998
0.468219
-0.532314
-0.334095
-1.259563
-0.994399
-1.378693
-0.321370
-1.289379
-1.059050
0.056178
0.438841
1.258015
-0.637803
-1.330380
-0.855308
-0.786039
0.002448
1.117895
-0.663768
-0.717715
1.006590
0.102382
-0.726484
0.441657
1.174495
0.514065
-0.119132
0.177685
0.369517
0.138183
-1.172162
-1.066577
-0.588853
-1.958649
-0.396877
0.685575
-0.453921
0.356622
0.317552
0.257801
0.017058
-0.269444
0.139784
0.119002
-1.369126
0.126854
1.699561
1.324323
0.379916
0.390107
0.372625
1.045670
0.704662
0.205111
-0.312468
0.535837
-0.159109
0.085142
0.594716
-0.115737
-0.458973
-1.150000
-1.082112
-0.444472
0.014855
0.342527
0.136676
-0.662130
0.066648
0.267816
-0.035642
-0.052936
1.221226
1.778106
1.044711
0.148270
0.630556
0.626757
0.181179
-1.354123
-1.534192
-1.132062
-0.957777
-1.561539
-2.831429
-0.047896
2.189178
1.405805
1.218545
-0.025604
0.405458
1.254178
1.138087
1.020115
0.336985
-0.933205
-1.319185
-0.777750
-0.704510
0.360673
0.175668
-0.385106
-0.469462
0.922655
0.434957
0.816115
0.238427
0.808561
1.696574
0.715369
0.066032
0.259794
-0.179624
-0.465671
-2.029199
-2.217329
-1.174633
0.024622
0.616944
0.136605
-0.207894
-0.680234
-0.519074
0.398230
0.215800
-0.218654
0.257804
0.259157
-0.443542
-0.538450
0.607308
0.877664
0.748997
0.296700
-1.192517
0.045607
-0.066766
-0.583670
-0.050846
0.233959
-0.960106
-1.054295
-2.291341
-1.431119
-0.107833
-0.215624
-1.302602
-1.386233
0.544051
0.721349
-0.197342
-1.036157
0.275310
-0.007940
0.943788
1.369747
0.610396
1.767821
0.754645
-0.000281
1.294809
1.526398
0.854512
-0.863237
0.915368
1.513660
0.405207
0.201231
0.294728
-0.303225
-0.503156
0.582303
-0.679918
0.167965
1.742820
1.005965
-0.367262
-0.497817
-0.521937
-1.139035
-0.977351
-0.608089
-1.027680
-0.761567
-1.671003
-0.900252
1.012440
2.318482
1.646101
-0.005767
-0.542947
0.539527
0.265357
0.560272
0.959241
-0.061448
-0.286052
-1.495588
-0.876110
1.105241
0.091541
-1.113831
-0.110266
1.333325
0.793000
1.225065
0.726774
-0.854652
-0.192409
0.616361
-2.705771
-1.387733
0.122272
0.582402
-0.558444
-1.303273
-0.518512
0.093630
-1.635922
