1.089316
0.917236
1.477941
1.206128
-0.685321
-1.966389
-1.249265
-1.269510
-1.993899
-2.257352
-1.660305
-0.797546
-1.036522
0.304810
1.546408
0.974746
0.708502
0.691398
-0.165885
-0.801848
-0.930006
-0.617404
-0.247756
-0.133882
0.032470
0.454922
-0.355283
0.973056
0.608049
0.300149
1.205315
0.950052
0.382472
0.134421
-0.650640
-0.455045
0.568545
0.314985
0.012845
0.312163
-0.050038
0.300177
0.366418
0.626533
-0.386668
-0.709729
-0.698756
-0.783566
-0.288457
1.117062
1.877178
1.767127
1.746905
1.050360
0.652275
0.064674
-0.584600
-1.433614
-1.709510
-1.326963
-1.235070
-1.394872
-0.769426
-0.407281
0.600519
1.554780
1.648077
0.115072
-0.625984
-1.614387
-2.381681
-1.702313
-0.941106
-1.319344
0.212957
0.373536
-0.576091
-1.140351
-1.482492
-0.632745
-0.404475
-0.847719
-0.802316
-1.305841
-0.567751
-0.042231
0.247461
0.474746
0.619361
0.886990
0.556850
0.070984
-0.778292
-0.552567
-1.053571
-2.023415
-2.581541
-1.722018
-0.861482
-0.861202
-0.207618
1.030976
1.530748
1.935280
1.856836
2.354317
1.100393
0.077682
0.623263
-0.505868
-0.733212
0.339899
0.127153
0.283410
-0.481048
0.148454
0.360036
0.102629
0.184036
0.237532
-0.063665
-1.101385
-1.281479
-0.168328
0.517234
0.228694
-0.034307
0.275089
0.276999
-0.723187
-1.169010
-0.568184
0.608983
0.828717
0.624137
0.767487
0.354050
1.308096
1.072522
0.648274
1.222276
0.532502
-0.536206
-0.812434
-0.943763
-0.588993
0.089202
0.624735
0.790992
1.007620
1.161084
1.097941
1.092382
1.643734
1.034797
0.472551
0.092599
-0.393362
-0.179668
0.239852
0.736608
1.307730
1.510281
1.297418
0.361286
0.461715
0.142270
0.484639
0.721145
0.699386
1.211609
1.597759
1.664083
1.685038
1.268471
0.847537
1.356174
1.902860
2.336309
1.706566
0.743046
-0.371236
-0.843669
-1.228687
-0.214669
-0.167713
-1.185194
-0.887305
-0.756742
-0.861507
-0.423508
-1.233418
-0.328130
0.182428
-0.255279
0.160603
-0.092633
-0.967092
-1.425713
-2.580821
-2.523032
-1.644960
-1.412818
-1.864202
-0.866915
-0.940480
-0.989052
-0.566428
-0.843915
-0.437517
-0.400669
-1.223211
-1.626112
-1.437777
-0.648501
-1.181675
-1.338250
-1.540741
-1.219782
0.051095
0.419738
0.127822
-0.109054
-0.301560
-0.581949
-1.511741
-0.544397
1.258222
1.657562
1.265417
0.735180
0.014118
0.096402
0.318618
-0.459066
-0.685044
-0.686869
-0.273600
0.195096
0.076381
0.451142
0.610940
0.260278
0.989883
1.010232
1.437097
2.654635
2.575712
1.699227
1.483957
0.394693
0.753375
0.395747
-0.008374
-0.592350
-1.077117
-0.237563
0.419889
0.594233
1.649399
0.542363
0.116637
0.406877
0.020981
0.319334
-0.050315
-0.528196
-0.643449
-0.469575
-0.530612
0.132955
-0.143629
-0.412509
0.359163
-0.025000
0.015475
0.555700
0.462876
-0.912085
-1.032485
0.143510
0.289884
0.153452
0.386267
1.198362
1.326727
1.674229
1.661612
1.770251
0.730461
-0.381479
-0.616333
-1.006341
-1.563401
-1.634556
-1.479034
-0.800589
-1.111172
-0.574481
-0.250143
0.258394
0.948194
0.372762
-0.898214
-0.866818
-1.548898
-1.799601
-1.163675
-0.777098
-1.296279
-1.195332
-0.239027
0.541849
0.968195
0.734337
0.742649
0.870238
1.301362
1.495805
0.753929
0.166657
-0.303873
-0.864267
-1.055975
-0.136700
0.205153
0.277269
0.030163
0.046970
0.668521
1.291464
1.506540
1.043635
1.652572
1.552273
0.605320
-0.312951
-1.255300
-1.663419
-1.563072
-1.427169
-0.986989
-0.737255
0.559492
0.770970
0.664262
0.184466
0.387222
-0.038512
-0.673851
-1.571378
-1.209274
-0.876874
-0.252170
0.306019
0.854518
1.556875
1.874441
0.903107
1.330140
1.518943
-1.011520
-1.502574
-1.662846
-2.035517
-2.071917
-2.366587
-1.696024
-0.801307
-0.251578
0.642204
1.030492
0.906918
-0.049042
0.248058
1.905611
1.219413
0.723682
0.135708
-0.703520
-0.876165
-0.223388
0.918371
0.930905
0.751361
1.097036
0.755305
1.216738
1.560724
0.837795
0.307022
0.654401
0.299110
0.419619
-0.905087
-1.236556
-0.377841
0.202195
0.124953
-0.467935
-1.062740
-1.476713
-2.037317
-1.870299
-1.397680
-0.759261
-0.280423
-0.570442
-0.505289
-0.388394
-0.832135
0.080264
0.490397
0.240648
0.128294
-0.467573
-0.074117
0.159177
-0.179905
-0.466736
-0.864693
-1.191488
-0.739981
-0.158408
-0.026708
0.141880
-0.435396
0.003222
0.415093
-0.354413
-0.180144
0.275350
-0.091683
-0.858171
-0.502762
-0.052193
-1.066020
-0.642372
0.192698
0.518507
0.735343
0.460458
-0.235934
0.133215
-0.797098
-0.036222
0.658227
-0.296456
-0.971289
-0.823867
-0.319396
-0.116279
-0.218700
0.215814
0.628231
0.561473
0.097976
-0.008043
0.539386
-0.416596
-0.793490
-0.670307
0.011806
0.400976
0.863013
1.804645
1.860297
1.256477
1.061614
0.889153
0.796968
-0.290064
-0.434588
-1.005371
-2.043039
-2.158877
-1.378968
-0.930904
-0.527274
0.910703
2.392076
3.036356
3.455995
2.927761
1.131854
0.236181
-0.603735
0.159265
-0.273830
-0.376673
-0.856123
-0.941076
-0.053329
0.359105
1.018953
1.362912
0.801890
0.768704
1.191410
0.345204
-0.268408
0.073374
-0.411545
0.801476
1.165136
0.336560
-0.378715
-0.749320
-0.400326
-0.897672
-0.460554
-0.396251
-0.042321
0.832628
1.129571
1.673026
1.562780
-0.003931
-1.793743
-1.115568
-0.081014
0.451595
0.566899
0.380322
-0.041319
-0.545977
-0.662518
-1.135041
-1.197956
-0.601411
0.111439
0.727814
0.427205
0.454195
1.173546
1.399250
1.280392
1.075633
0.112309
-0.629756
-1.009223
-1.942610
-1.449544
-1.132264
-1.010651
-1.379408
-1.252060
-0.782565
-0.475427
-0.047576
0.187093
1.893761
2.529094
2.442099
2.460149
2.063673
2.055701
1.338453
0.676783
0.251787
0.049354
-0.635022
-0.470169
-0.239303
0.461534
0.589851
0.827684
1.762245
1.430344
-0.097849
-1.605043
-1.241846
-0.790408
-1.798832
-1.804704
-1.600337
-1.442207
-0.384201
-0.092405
0.919523
1.559192
0.940429
1.558277
1.902109
1.333346
0.427792
-0.412747
-1.088955
-0.825983
-0.889490
-1.309795
-0.741493
-0.666833
-0.396142
-0.591197
-1.899104
-1.994142
-1.144753
-0.913487
0.260760
1.399715
1.310331
0.458686
0.224689
-0.631316
-0.837939
-1.210617
-1.378581
-2.043973
-1.748941
-0.925132
-1.723116
-0.493747
1.232810
1.846495
1.520029
1.434838
0.598392
-0.042255
-0.389886
-0.697114
-1.135225
-1.664747
-0.975425
-1.383757
-1.995862
-1.489347
-1.058233
-0.892383
-0.824040
-0.383608
0.069700
1.321891
1.687176
1.658423
1.167270
1.616358
0.899397
0.232639
-1.277059
-1.572696
-1.437340
-1.979177
-2.360074
-1.695554
-0.586866
0.425095
0.930637
1.584112
0.431469
0.205328
0.364579
-0.020384
0.520147
0.703287
0.461001
-0.066003
-0.414459
-0.403811
0.736369
1.543931
1.802106
2.368235
3.255576
2.616261
1.520172
0.629274
-0.392360
-1.369003
-1.941256
-1.488380
-1.450278
-1.313676
-1.268052
-1.405526
-1.854818
-0.434167
0.821636
1.185543
1.779889
1.743167
1.579405
0.709361
0.283764
-0.699247
-0.669854
-0.631039
-1.273316
-1.699141
-0.785825
0.210754
-0.117628
0.078422
-0.187012
0.214473
0.932329
0.968369
0.372433
-0.437986
-0.239306
-0.152164
-0.226159
-0.058762
-0.399122
0.371657
0.517569
-0.104285
-0.223650
-0.752289
-1.284844
-0.575525
-0.411554
-0.464851
-0.632953
-0.146024
0.588879
0.981996
1.294396
1.324187
0.618126
-0.395920
-0.671102
-0.576008
-0.453412
-0.321721
-0.613526
-0.551721
-0.385572
0.695300
1.629486
2.201994
1.273653
0.271557
-0.747209
-1.966868
-1.498733
-0.703978
-0.472371
0.584207
1.277751
0.295593
1.149798
1.940649
1.362696
0.721275
-0.123166
-0.028922
-0.065477
-0.532021
-0.747761
-0.449418
0.076034
0.608457
0.906338
0.112331
-0.014406
0.005468
-0.280688
0.402751
0.273549
0.230526
-0.285802
-1.023576
-0.534923
-0.236948
0.178374
-0.432118
0.310534
0.336257
1.190123
1.601871
1.407845
0.330242
-1.344494
-1.242939
-0.735246
-1.052880
-0.885921
-0.296606
0.141804
0.431219
0.674794
0.245002
0.352562
0.618594
-0.131882
-0.482625
-0.255995
-0.054260
-0.410032
-0.303709
-1.206623
-1.555542
-1.565317
-0.191565
1.118430
1.104931
0.412936
-0.048149
-1.732658
-1.519199
-0.414849
-0.196980
0.053992
-0.275928
-0.482050
-0.375016
-0.160573
0.384897
-0.117675
1.138007
1.662125
1.050192
0.538200
0.096656
0.217544
0.547516
0.502961
0.035132
0.062150
-0.089285
-0.300824
0.131650
0.412339
0.193196
0.376408
-0.152526
-0.594215
-0.612454
-1.129512
-0.533838
-0.692328
-1.122384
-0.818107
-0.491451
-0.176232
0.310840
0.340544
0.527870
0.711911
1.135243
1.201109
1.189317
0.832063
0.333596
0.348378
0.579260
0.607521
0.357393
0.048112
-0.350601
-0.577265
-0.631318
-0.795756
-0.042830
0.720641
0.784458
0.802106
-0.400788
-0.697508
-1.027314
-0.923605
-0.165447
-0.307421
-0.987356
-1.630768
-2.135548
-1.922418
-1.336823
-0.800741
0.337127
-0.415330
-0.305104
1.292905
1.608269
0.794492
0.461328
-0.083131
-0.417546
-0.646870
-0.468925
-0.621677
-0.112570
-0.286701
-0.062504
0.254157
-0.180550
0.099224
0.425124
0.466787
0.240074
-0.334452
1.338943
1.215090
0.943396
1.327210
0.835157
0.928483
-0.285100
-1.173958
-1.356366
-0.899465
-0.436200
-0.473082
-0.653965
-0.490379
-0.095880
0.123999
0.719674
0.582033
0.261124
-0.005494
-1.094085
-1.332364
-1.453964
-1.286747
-1.197262
-0.825439
-0.224672
0.081934
0.836776
0.750018
0.515095
1.165672
0.907041
0.685675
0.208455
-0.677697
-0.149242
-0.095675
-0.167398
0.204431
0.195647
0.432587
1.430847
2.012366
1.434158
1.086677
1.662338
1.497159
0.896072
-0.503442
-0.481935
0.142423
0.079826
-0.687814
-1.079774
-0.865606
-1.019440
-0.513935
0.528862
1.459722
1.602072
1.179400
0.738011
0.341616
-0.187059
0.173235
1.295486
1.020761
0.446324
0.581092
0.311977
0.201733
0.136427
0.051470
-0.040153
0.011107
-0.301152
0.271896
0.801572
1.006910
0.708623
-0.736685
-1.712674
-2.164356
-1.418433
-1.027250
-1.114207
-0.097688
0.659048
1.871940
2.429753
2.201052
1.713035
1.287892
0.212597
-0.754455
0.050426
-0.316941
-0.748524
-0.386814
0.076954
-0.120820
-0.139912
0.650115
0.794032
0.829191
0.667898
-0.122491
-1.032088
-1.347472
-1.071071
-0.869487
-1.285739
-0.174540
0.585931
1.106387
1.131806
1.064436
0.506575
-1.132125
-0.402858
0.144968
-0.574549
-0.980696
-0.459066
0.147747
0.440062
0.115028
-0.308883
-1.002670
-1.416014
-0.652791
