-0.820163
-0.522313
-0.483916
-0.458954
-0.537343
-0.081028
0.230826
-0.046943
0.288022
0.444214
-0.055588
-0.361407
-0.532090
-0.938549
-1.188818
-1.035320
-0.698614
-0.491899
-0.257698
-0.306791
-0.267831
-0.010619
0.012809
-0.126088
-0.447517
-0.874842
-1.320818
-1.980878
-1.705861
-1.212897
-1.211004
-1.128342
-0.864466
-0.519978
-0.060311
-0.233890
-0.493881
-0.897289
-0.807644
-0.592594
-1.218098
-1.862934
-2.058473
-2.142254
-1.709584
-1.594331
-1.236852
-0.792704
-0.356166
-0.433474
-0.560157
-0.923880
-1.040889
-1.050056
-1.448345
-1.979162
-2.286638
-2.287602
-1.966092
-1.356180
-0.928244
-0.315594
0.125397
0.410094
0.612528
0.209259
-0.494014
-1.112080
-1.779241
-2.024622
-2.433603
-2.145444
-1.010378
-0.579690
-0.649746
-0.369395
-0.133774
-0.119671
-0.367042
-0.535185
-0.641847
-0.450458
-0.608821
-0.583128
-0.652116
-0.832460
-0.761676
-0.179155
0.376735
0.778809
0.819447
1.019363
1.162445
0.625327
0.124457
-0.183670
-0.586673
-0.283872
-0.011269
-0.122565
-0.122461
0.072915
-0.027700
0.110044
0.639688
0.806756
0.884387
0.835874
0.406103
-0.129289
-0.581349
-0.506393
-0.411147
-0.244446
-0.033192
0.123924
0.428567
0.797205
1.343058
1.458369
1.644695
1.826069
1.220384
0.401316
0.007727
-0.405702
-0.292531
-0.059973
-0.002690
0.124574
0.592223
0.500438
0.572903
1.229491
1.747003
1.992054
1.783209
1.052494
0.419763
0.066775
-0.036069
0.183608
-0.067744
-0.068703
0.502832
1.079245
1.259221
1.266301
1.197284
1.519608
1.785473
1.635600
1.258553
0.812034
0.278183
0.234750
0.302556
0.535376
0.966189
1.167256
1.559983
1.554511
1.271736
1.446802
1.401298
1.012524
0.616302
-0.035059
-0.237404
0.162341
0.168359
0.510972
1.227126
1.422181
1.372051
1.374276
1.440269
1.563785
1.149141
0.490649
0.198634
0.233553
0.214166
0.360462
0.652568
1.134649
1.212870
1.163587
1.247993
1.171830
0.628389
0.017996
-0.317056
-0.616472
-0.860742
-0.794592
-0.292035
0.227554
0.253302
0.564847
1.342147
1.623837
1.574526
1.472043
1.064232
0.304119
-0.347197
-0.755858
-0.972289
-0.750142
-0.367904
0.061831
0.307772
0.455876
0.801785
0.953788
0.947233
0.879731
0.673334
0.688899
0.406889
-0.251356
-0.681165
-0.641496
-0.718029
-0.746640
-0.716949
-0.355134
-0.123656
0.336578
0.854505
0.942169
0.794038
0.557518
0.002319
-0.900846
-1.112528
-1.017926
-0.789234
-0.498832
-0.325375
-0.273381
0.008752
0.460518
1.017348
1.208552
0.726819
0.071074
-0.234437
-0.480381
-0.724722
-0.744866
-0.765285
-0.567989
-0.055375
0.133339
0.391809
0.730003
0.722674
0.664118
0.811751
0.167008
-0.779025
-1.178854
-1.084356
-1.241116
-1.228547
-1.133031
-0.534339
0.108200
0.791852
1.160402
1.392933
1.271452
1.029509
0.618174
-0.036717
-0.686140
-1.182235
-1.305571
-1.424045
-1.336328
-0.807265
-0.489692
-0.392863
-0.110576
0.282014
0.387550
0.260677
0.161947
0.062417
-0.257663
-0.618211
-1.006620
-1.179245
-0.553364
-0.223776
0.118731
0.647094
0.791997
0.532410
-0.114543
-0.526645
-0.866560
-1.067077
-1.098130
-1.285062
-1.698510
-1.389770
-0.614374
-0.071714
0.555663
0.712579
0.519959
0.464803
0.480183
0.381684
0.086195
-0.316623
-1.184073
-1.424491
-1.413509
-1.422282
-1.588275
-1.471604
-0.920198
0.083889
0.714952
1.247126
1.354445
1.040651
0.584469
0.026048
-1.063707
-1.710486
-1.589301
-1.202848
-1.005161
-0.684634
-0.119054
0.136497
0.481256
1.340223
2.038844
2.323872
1.557336
0.193327
-0.693519
-1.463935
-1.450772
-1.243057
-1.063816
-0.841836
-0.593675
0.002407
0.549829
1.098950
1.892666
2.058523
1.307487
0.471476
-0.370144
-0.839055
-0.849646
-1.027022
-1.232514
-1.186398
-0.570836
0.594938
1.540305
2.045957
1.769910
0.956930
0.664548
1.082788
1.208777
1.029503
0.932830
0.393739
0.356710
0.322235
0.146388
0.048012
0.144181
0.008477
-0.592070
-0.195451
0.205040
0.407912
0.253656
-0.215275
-0.677433
-0.810614
-0.838495
-0.400181
0.093230
0.075114
0.142611
0.315776
-0.068894
-0.916263
-1.352453
-1.191827
-1.163787
-1.266369
-0.774059
-0.760689
-0.776388
-0.712477
-0.749598
-0.761642
-0.579484
-0.914353
-1.157807
-1.312586
-1.132911
-0.813713
-0.550853
-0.398843
-0.129640
0.156672
0.740495
0.930496
0.753117
0.650810
0.382275
-0.238857
-0.501610
-0.700421
-0.643338
-0.270231
-0.001460
0.434367
0.768359
1.019102
1.140467
1.044435
0.753801
0.150181
-0.566011
-0.789733
-0.916193
-0.333775
0.316379
0.010401
-0.240620
-0.210076
-0.103294
-0.002941
0.592311
0.850151
0.902164
0.595685
-0.088669
-0.606829
-0.658507
-0.885505
-1.213051
-1.075857
-0.559944
0.010697
0.261941
0.047323
0.093181
-0.087308
-0.065842
0.259484
0.481672
0.708255
0.817003
0.691360
0.545233
-0.146618
-0.755795
-0.433850
-0.203644
0.080093
0.400246
0.669353
0.506374
0.529493
1.047498
1.238076
0.892940
0.645009
0.278643
0.003000
-0.275859
-0.536567
-0.715027
-0.343016
-0.054620
0.112614
0.212942
0.405299
0.883791
1.350998
1.448594
1.091799
0.395472
-0.215802
-0.727722
-0.864552
-0.726124
-0.419744
0.021942
0.446150
0.845649
0.925347
1.102092
1.311804
1.332967
1.054956
1.090397
1.003856
0.555463
0.021878
-0.194056
-0.339313
-0.252787
-0.100444
0.195770
0.571295
1.089257
1.200510
1.094841
1.051655
0.726317
0.432902
0.121086
-0.494830
-0.559338
-0.350364
-0.189409
-0.207599
-0.139833
0.361792
0.987473
1.308931
0.913874
0.520289
0.278367
0.363418
0.172860
-0.376269
-0.710244
-0.829291
-0.804117
-0.399370
-0.018992
0.285254
0.385282
0.328382
0.461692
0.533561
0.453021
0.034631
-0.150805
-0.581776
-1.014020
-0.729708
-0.812101
-1.142028
-0.774044
-0.054051
0.662179
0.958184
0.906144
0.426115
0.200436
-0.171506
-0.382707
-0.188513
-0.222110
-0.463656
-0.324075
0.407735
0.839095
0.670889
1.152069
1.523871
2.343914
2.694854
2.151025
1.178267
0.119348
-0.420711
-0.561399
-0.057099
0.356493
0.287970
0.231001
0.537794
0.880502
1.518173
1.962084
1.792295
1.794448
1.305098
0.356161
-0.087972
-0.286401
-0.436421
-0.463633
-0.396950
-0.213964
0.035257
0.660259
1.215736
1.725550
2.047350
1.739270
0.873655
0.042874
-0.475144
-1.044560
-1.575865
-1.474640
-1.032739
-0.499855
0.114426
0.498588
0.791893
1.440428
1.580606
1.479667
1.278559
0.613529
0.086769
-0.526420
-0.927591
-1.142196
-1.435675
-1.542527
-1.365798
-0.984303
-0.474721
-0.003888
0.109153
0.656810
1.151220
0.829585
-0.011276
-0.317866
-0.450416
-0.623001
-0.778062
-0.869866
-0.833287
-0.128899
0.543745
0.931171
0.718730
0.460609
0.595105
0.469548
0.010128
-0.365685
-0.467251
-0.327654
-0.254989
-0.199886
-0.174119
0.354035
1.026787
1.522028
1.717377
1.525401
0.576786
-0.194877
-0.545769
-0.889463
-0.717919
-0.299844
0.047922
0.325015
0.732219
0.996480
1.240668
1.724991
2.143772
2.091508
1.721052
1.425442
0.808717
0.189412
0.079148
0.106124
0.056383
0.354689
0.917498
1.400089
1.696199
1.800068
1.725424
1.602351
1.253502
0.498058
-0.060543
-0.105502
-0.043872
-0.077763
-0.227294
-0.573392
-0.238811
0.302557
0.484227
0.704972
0.981315
0.934412
0.727746
0.148228
-0.389871
-0.646676
-0.712282
-0.677582
-0.662364
-0.711613
-0.383115
-0.071090
0.257592
0.535049
0.475162
0.055707
-0.352592
-0.758733
-0.562426
-0.619520
-0.906876
-1.313210
-1.295210
-1.143400
-0.789587
0.012305
0.518351
0.987630
1.179140
0.866196
0.410127
-0.312048
-0.635516
-0.808525
-1.084132
-1.142337
-1.501793
-1.883581
-2.146178
-1.997242
-1.420170
-0.843860
-0.450364
0.034217
0.014309
-0.272072
-0.483037
-1.111273
-1.748461
-1.977219
-1.958523
-1.956204
-1.732952
-1.452617
-1.069990
-0.812078
-0.432058
-0.126047
0.200815
0.160933
-0.432854
-0.727822
-0.864812
-1.027353
-1.293251
-1.462630
-1.281137
-1.123720
-0.747822
-0.328473
-0.188952
-0.151661
-0.282769
-0.684846
-1.001963
-1.072813
-1.234404
-1.183164
-1.109719
-1.197883
-1.024722
-0.373041
0.052637
0.079516
0.003555
-0.030543
-0.279439
-0.309003
-0.625237
-1.368598
-1.949033
-2.068394
-1.830594
-1.587236
-1.567742
-1.269860
-0.474401
0.096783
0.489047
0.574644
-0.048221
-0.780187
-1.363884
-1.673122
-1.518948
-1.312350
-1.339451
-1.182555
-0.911016
-0.759332
-0.303038
-0.104062
-0.169216
-0.202251
0.176557
0.426061
0.179355
-0.074269
-0.470532
-0.848571
-1.040849
-1.174251
-1.251709
-1.355404
-0.920937
-0.559882
-0.150493
0.136385
0.196619
-0.069436
-0.847403
-1.703662
-1.959478
-1.883231
-1.933388
-1.992772
-2.022465
-2.139594
-2.111826
-2.153077
-1.708330
-0.833484
0.007678
0.424912
-0.084117
-1.117447
-1.898195
-2.595276
-2.767686
-2.416418
-1.969705
-1.749466
-1.655829
-1.305774
-0.937763
-0.386321
0.335952
0.134366
-0.409641
-1.082640
-1.506434
-2.209063
-2.382127
-2.449496
-2.387725
-2.022514
-1.763615
-1.204703
-0.543545
-0.461984
0.133853
0.590498
0.975421
0.920714
0.435272
0.081119
-0.124943
-0.583967
-0.651450
-0.755579
-1.208118
-1.181730
-0.846462
-0.269723
0.192997
0.936731
1.297136
1.180160
1.229452
1.292577
1.332069
0.891178
0.556571
0.638917
0.206135
0.040923
0.573260
1.128960
1.097567
0.845487
0.779267
0.809617
0.907569
1.129143
1.172800
1.002085
0.561877
0.283059
0.829855
0.980715
1.351158
1.574196
1.608622
1.765552
1.909219
2.285876
2.291884
1.470714
0.714857
0.730927
0.625338
0.419001
0.456598
0.480702
0.526503
0.847866
0.884511
1.385069
2.418754
2.907416
2.750885
2.539205
2.015652
1.586778
0.995420
0.484438
0.408410
0.630114
0.751648
0.633540
0.955520
1.517763
1.840445
2.072325
2.167504
1.901984
1.797078
1.480431
0.945627
0.723625
0.506172
0.337992
0.410765
0.414251
0.654935
1.058084
1.347674
2.305128
2.825900
2.716797
2.023328
1.012605
0.144431
-0.564982
-0.698828
-0.550346
-0.593399
-0.623649
-0.638681
-0.345420
0.132008
1.182781
2.185904
2.411901
2.528009
2.189812
1.396081
0.366227
-0.423930
-0.825292
-1.019579
-1.014126
-0.951433
-0.597639
0.405152
0.878145
1.277895
1.223910
1.145284
1.254405
1.404159
1.237425
0.862756
0.602605
0.056108
-0.545449
-0.779241
-1.072417
-1.094147
-1.156754
-0.599141
0.096399
0.424064
0.423898
0.042993
-0.584943
-1.083449
-1.174854
-0.837288
-0.775906
-1.285299
-1.692620
-1.330262
-0.930528
-0.641421
-0.515991
