1.240877
1.774534
1.228575
0.298300
-0.169221
-0.604362
-0.699348
-0.655692
-0.845074
-1.438386
-1.404552
-0.786660
0.080650
0.657801
1.103388
1.558784
1.649381
1.555984
1.263250
0.650325
0.083890
-0.678500
-1.096577
-1.120444
-0.824033
-0.008550
0.645664
1.341075
1.764015
1.998919
1.951900
1.628154
1.300862
0.640636
-0.114877
-0.745134
-1.579695
-1.606966
-1.662212
-1.948101
-0.601523
0.997193
1.941792
2.269765
2.254172
2.372102
2.043149
1.439125
0.721890
0.040078
-0.299155
-0.300780
-0.054150
-0.054515
0.097519
0.703905
1.229407
1.554408
1.578682
1.550906
1.413963
0.590848
0.034803
-1.125749
-2.751117
-2.985165
-1.743341
-0.237048
1.029958
1.638642
2.153384
2.530905
1.640214
1.193812
1.412399
0.983777
1.002877
0.736680
0.537734
0.067683
-0.580951
-0.790413
-0.244842
0.513613
0.803395
0.967754
1.009323
0.704715
0.276049
-0.080676
-0.795283
-1.216406
-1.251135
-0.510423
0.372576
1.111052
1.311737
0.849228
0.735309
0.990007
1.145594
1.254223
1.199069
0.476678
-0.077432
-0.258895
-0.747449
-1.249445
-1.073459
-0.415123
0.351072
0.771780
1.083698
1.017421
0.928161
0.487706
-0.079511
-0.827112
-2.109630
-2.733973
-2.951154
-2.741348
-1.651309
-0.413963
0.531163
1.247066
1.469656
1.177608
0.946998
0.858466
0.537164
0.326617
0.045214
-0.907022
-1.681207
-2.237241
-2.032788
-1.372463
-0.717840
-0.173041
0.772632
1.266994
1.554826
1.185515
0.549235
-0.344059
-1.097079
-1.683166
-2.044367
-2.133456
-1.773373
-1.210205
-0.616461
-0.020246
0.528285
0.925460
1.175393
1.205762
0.704891
0.278021
-0.140119
-0.346808
-0.556078
-1.199697
-1.388920
-1.295639
-0.778478
-0.025280
0.447346
0.363499
0.415001
0.130538
-0.359998
-1.098118
-1.552939
-1.604573
-1.257899
-0.713592
-0.145891
0.171980
0.483395
0.190439
0.019161
0.255640
0.580822
0.698943
0.321393
0.022613
-0.622420
-0.825750
-0.449366
-0.001751
0.448898
0.655145
0.733737
0.875330
0.835036
0.650450
0.454935
-0.321679
-1.202617
-1.624093
-1.605420
-1.663253
-1.733038
-0.945020
0.378998
1.051092
1.143820
0.895593
0.473147
0.241045
0.009450
-0.439292
-1.037768
-1.533999
-1.747743
-1.678430
-1.581664
-1.149542
-0.564756
0.075528
0.788573
0.911973
0.867216
0.953654
0.600069
0.012158
-0.496963
-0.718261
-0.958321
-1.275997
-1.091835
-0.643298
0.210667
0.818562
1.079086
1.238305
0.939257
0.463362
0.399329
0.114408
-0.314816
-0.861581
-1.445241
-1.965850
-1.707011
-0.707751
0.073856
0.948381
1.608991
1.594428
1.419361
1.100970
0.758542
0.443339
-0.472240
-1.289891
-1.617931
-1.920338
-1.837026
-0.919755
0.454385
1.444092
1.874258
1.526001
1.270159
1.216655
0.961235
0.677667
-0.004381
-0.851401
-1.460914
-1.797320
-1.609926
-1.409137
-0.871176
-0.379867
0.294195
0.912438
1.062016
1.108321
0.603619
0.042048
-0.385930
-0.712462
-1.340722
-1.962566
-1.926758
-1.084584
-0.082508
0.798294
1.136783
1.446716
1.554526
1.218253
1.085171
0.484775
-0.223958
-0.672897
-1.194616
-1.562887
-1.631894
-0.965903
0.242137
0.968598
1.558965
1.854769
1.602462
1.241590
1.069967
0.840373
0.500846
0.023371
-0.746938
-1.589647
-2.174351
-2.023596
-1.243996
-0.131746
0.794010
1.431966
1.279483
1.137724
1.035178
0.603987
0.105981
-0.228935
-0.829757
-1.564447
-1.589191
-0.895843
-0.252144
0.616003
0.995000
1.124289
1.505916
1.566208
1.687752
1.782416
1.288479
0.747118
-0.201604
-1.192698
-1.769380
-1.401881
-0.686843
0.399997
1.076421
1.499119
1.467196
1.579554
1.704821
1.472898
0.853679
0.410606
0.024603
-1.162899
-1.914301
-1.544446
-0.744743
0.261839
0.797295
1.002987
1.585913
1.790649
2.084430
1.107380
-0.157194
-0.697969
-1.053975
-1.201712
-1.110566
-0.691928
-0.309974
0.072145
0.391051
0.023899
-0.161715
0.037067
0.176348
0.449116
0.451308
0.394943
0.420986
0.399537
0.039738
-0.316285
-0.578605
-0.773075
-0.497357
-0.434277
-0.196776
-0.055404
-0.178412
-0.374571
-0.275765
-0.757144
-1.294377
-0.929444
-0.189053
-0.542631
-0.931397
-0.968486
-0.495653
-0.168133
0.158486
0.521597
0.929682
0.908734
0.685448
0.836368
1.283922
1.463987
1.432779
1.110888
0.761898
0.640856
0.458883
0.134597
0.244859
0.413982
0.577320
0.743387
0.786661
0.849986
1.245024
0.886703
0.195702
-0.196980
-0.679088
-1.170354
-1.241913
-1.048616
-0.480582
0.168302
0.535799
0.637949
0.720584
0.690012
0.300826
-0.036694
-0.609123
-0.776181
-0.684269
-0.404234
-0.178560
0.042038
0.254194
0.375256
0.413317
-0.185841
-0.724345
-0.797897
-1.301930
-1.537942
-1.297271
-0.847168
-0.182911
-0.050508
-0.421146
-0.388394
0.237666
0.160929
-0.048346
-0.145264
-0.601428
-1.274498
-1.776768
-1.818039
-1.526562
-1.079905
-0.562833
0.204559
0.536948
0.618733
0.522323
0.120964
-0.309182
-0.609630
-1.024687
-1.526047
-1.997313
-1.717474
-1.708249
-1.440391
-0.696460
-0.004034
0.600847
0.827228
0.929701
0.827904
0.502191
0.081000
-0.495110
-1.129367
-1.508682
-1.620346
-1.561952
-1.053817
-0.393433
0.008731
0.516774
1.071066
1.250405
1.077943
0.894041
0.062877
-1.104345
-2.062789
-2.795833
-3.003572
-2.745191
-1.941157
-0.675184
0.343253
1.270298
1.682381
1.650105
1.440818
1.420953
0.847324
0.002636
-0.606163
-0.799926
-1.016711
-1.050667
-0.865491
-0.612595
-0.315578
0.241172
0.528663
0.797300
0.939450
0.942021
0.664383
0.150572
-0.394221
-0.844577
-1.227862
-1.300831
-1.184002
-1.238656
-0.913257
-0.211411
0.400198
0.807622
0.922846
0.784050
0.524127
0.012777
-0.560920
-1.067634
-1.739583
-2.555178
-2.983858
-2.055890
-0.672622
0.831880
1.755170
1.870737
1.825865
1.905812
1.744702
1.459968
0.906920
-0.200706
-0.925932
-1.198445
-1.327424
-1.171737
-0.655984
-0.386064
0.229893
1.052442
1.556119
1.074398
0.687685
0.801203
0.219744
-0.583793
-1.345979
-1.524753
-1.249636
-0.467741
0.267064
0.763993
1.053424
1.387704
1.361361
1.163913
1.077250
0.822275
0.637316
0.304501
-0.185754
-0.603886
-1.191103
-1.573032
-0.992624
-0.228279
0.416501
0.766390
1.131013
1.337018
1.388955
1.101513
0.652503
0.165889
-0.774587
-1.656047
-1.990251
-1.375624
-0.521646
0.617839
1.627336
2.077885
2.138203
2.078140
1.902627
1.607932
1.188198
0.774889
0.029751
-0.639944
-0.855631
-1.123081
-1.084669
-1.061228
-0.717836
-0.201862
0.316790
0.531138
0.794765
0.682827
0.365824
-0.087371
-0.509505
-1.188121
-1.730436
-1.773755
-1.158386
-0.627550
-0.114323
0.339990
0.402936
0.636126
0.803981
1.196620
0.749113
0.227621
-0.137376
-0.098535
-0.032528
-0.227665
-0.252003
0.017857
0.394206
0.763430
1.052197
1.144528
1.069789
0.930446
0.856515
0.280500
-0.350733
-0.830519
-0.935657
-0.247626
0.646136
1.034946
1.527218
1.199185
0.742448
0.613196
0.556316
0.147963
-0.341069
-0.525539
-0.465467
-0.389491
-0.468680
-0.409980
0.168778
0.883790
1.225339
1.163115
0.755070
0.412735
0.103269
-0.436960
-0.550995
-0.601932
-0.437515
-0.681668
-0.959583
-0.781232
-0.354561
-0.142273
0.039189
0.288821
0.325814
0.348860
0.153551
-0.135452
-0.469694
-0.373587
-0.459061
-0.463455
-0.073044
0.284935
0.594421
1.089245
1.212096
1.173503
1.194655
0.781583
0.595066
0.567149
0.215736
-0.394054
-0.817897
-1.063362
-1.146124
-1.009367
-0.339058
0.082803
0.739993
1.018760
1.058840
0.955146
0.733007
0.507761
0.156979
-0.352727
-0.828682
-1.254505
-1.742153
-1.675681
-1.347248
-1.005477
-0.416862
0.280583
0.680663
1.218603
1.326992
1.242936
0.480414
-0.202450
-0.617968
-1.034060
-1.506210
-1.884590
-1.573220
-1.273752
-0.675895
-0.026961
0.427581
0.810150
1.026269
1.205198
1.005847
0.856174
0.948806
0.319868
-0.200060
-0.810904
-0.992135
-0.801284
-0.233449
0.110948
0.386417
0.815180
0.878322
0.719377
0.548454
0.388615
0.198763
0.222982
0.293729
0.120336
0.113121
0.198726
0.259716
0.429870
0.349756
0.436132
0.434450
0.427960
-0.050859
-0.549800
-0.427207
-0.361044
-0.221550
-0.251374
-0.527808
-0.233263
0.713326
0.961396
0.842719
0.875899
0.796795
0.695517
0.438763
-0.547395
-1.124563
-1.326487
-1.276564
-0.824777
-0.277415
0.244578
0.761162
1.160795
1.221243
1.100169
1.028361
0.812823
0.839086
0.665282
0.357478
0.158737
-0.069923
-0.329151
-0.561940
-0.803758
-0.834655
-0.583682
-0.319209
0.102980
0.404535
0.311075
0.461032
0.125776
-0.093766
-0.345358
-0.658072
-0.569566
-0.459952
-0.530194
-0.432978
-0.261461
0.047697
0.235881
0.256884
0.341145
0.597315
0.781349
1.025808
1.114883
0.761950
0.282637
-0.172982
-0.243747
0.022880
0.225275
0.367393
0.900249
1.305342
1.191839
1.104454
0.628177
0.096221
-0.122638
-0.140125
-0.377089
-0.546986
-0.586224
-0.379170
-0.239899
0.162061
0.694543
1.022116
1.214080
1.155670
0.875194
0.555644
0.450980
0.126628
-0.706001
-1.197057
-1.462457
-1.554288
-1.247792
-0.966653
-0.872881
-0.602803
-0.206367
0.324914
0.807083
0.924614
0.794739
0.369828
-0.008819
-0.437321
-0.819143
-0.465076
-0.599190
-0.826519
-1.014283
-0.681065
-0.122738
0.087291
0.579012
0.901077
0.986631
0.716593
0.437502
0.356175
0.054247
-0.196375
-0.564394
-0.968453
-0.785092
-0.143875
0.346872
1.037719
0.550987
0.419648
0.208654
-0.133695
-0.693072
-0.553243
-0.319812
-1.061281
-1.162106
-0.509574
0.019497
0.134389
0.129334
0.437788
0.936804
1.272675
1.351466
1.157603
0.963418
0.452240
-0.341735
-0.869260
-0.797249
-0.692265
-0.402457
-0.003132
0.621978
0.917250
0.973766
0.672369
0.160532
-0.069664
-0.316070
-0.534349
-0.626366
-0.492328
-0.169254
0.368750
0.101099
-0.234707
-0.424281
-0.382819
0.025210
0.401696
0.444368
0.393423
0.309581
0.327044
0.071980
-0.981459
-1.333742
-0.814867
-0.619390
-0.133141
0.013469
0.204779
0.295989
0.331701
0.406804
0.490746
0.113494
-0.246917
-0.448873
-1.497775
-2.267327
-1.990653
-1.824100
-1.588482
-1.289241
-0.491485
0.071137
0.224622
0.487000
1.024015
1.118675
0.579190
0.027526
-0.029439
-0.185457
-0.584691
-0.834284
-1.354768
-1.807396
-2.117921
-1.912459
-1.469243
-1.181173
-0.670856
-0.167852
0.195818
0.082546
-0.002491
-0.276257
-0.885862
-1.449757
-1.722425
-1.775402
-1.276745
-0.753172
-0.065617
0.285216
0.278174
0.624055
1.236000
1.331412
1.245962
0.936092
0.678177
