-1.148496
0.755964
-0.625696
-1.080502
-0.014572
-0.848046
-0.355026
-1.385690
-1.681975
-0.977802
-0.187940
0.789624
2.523763
0.071841
0.413848
-0.229994
-0.891491
0.062452
0.594085
-0.435131
-1.522115
-0.797948
-0.417239
1.369554
0.253608
-0.783245
0.280308
0.512761
1.087992
0.205651
0.151776
-0.461119
-0.560827
-0.275536
-0.429337
-1.193384
-1.923207
-0.195045
0.351193
0.939036
1.115794
-0.067693
-0.765923
0.503910
-0.834072
-0.845611
-0.012350
0.438151
0.908888
-0.380184
0.695225
0.866356
-1.862386
-1.147774
-0.512227
-1.773884
-1.290741
-2.094532
0.329525
0.838753
-1.032849
-0.073573
0.043189
0.878921
-0.373354
2.108770
2.615903
0.134219
-0.980237
-1.080195
-0.003619
0.176600
0.590804
-0.518441
-1.306035
-1.880916
-0.555266
0.165729
-0.902650
-0.124217
0.841693
0.321292
0.513686
1.462166
0.259898
-0.542103
-1.233495
-0.136429
-0.207880
-1.640056
-1.492466
-1.730803
-0.711441
-0.416901
-0.962557
-0.068549
2.146593
1.220944
0.292370
1.213610
0.184159
0.820757
3.438847
2.275052
0.500880
0.198490
-0.251135
0.747793
0.547381
0.287399
1.218235
2.962084
3.338735
0.054231
-0.614288
0.081809
0.292966
0.737885
-0.333485
-1.410140
0.251394
1.046586
0.074557
-0.877191
-0.532002
-1.611808
-1.531709
-1.553175
-0.872011
-0.345047
-0.862614
-1.007931
-1.661483
-1.794283
-1.202042
-0.857127
-0.846933
0.287047
0.735399
-0.365066
0.524804
0.906520
-0.333482
-0.412444
0.412552
-0.059190
0.788664
-0.522137
-0.726275
2.350019
1.212790
0.910217
-0.373687
-1.502909
-1.337473
-1.224899
-0.267602
1.285126
1.015563
0.608975
-0.109099
0.142088
1.883901
1.376950
0.142714
0.516300
-0.296115
-1.305817
0.516914
-1.186055
-1.027261
-0.414998
0.206684
1.187819
1.060765
0.203891
1.374083
0.604604
0.961027
0.552333
-0.114929
0.314533
0.415637
-1.497331
-1.207846
-0.232837
0.875801
2.570881
-0.437267
-2.904768
-1.112763
-0.281211
0.695396
1.047797
1.313609
1.757527
1.067254
-0.119934
-0.884831
-1.342784
-0.866058
-1.368236
-2.694172
-1.736579
-0.874733
-0.592981
0.029369
0.428160
2.214797
1.034978
0.314929
0.871192
0.659505
0.844332
1.109512
1.170943
-0.176090
-0.782594
0.822947
-0.631927
-0.223097
-0.550634
-0.373664
-0.041847
0.361859
0.199013
0.557223
-0.023149
0.198367
1.720849
-0.199920
-0.751971
-0.488725
-0.947277
-0.643649
0.046413
-0.081121
-0.489456
-0.620325
0.154685
-0.423584
-0.548817
0.087720
-0.072744
-0.356577
0.193581
0.308043
1.476373
0.446092
0.243299
0.434528
0.728279
1.080975
0.585961
-1.601983
-1.944517
-0.899336
0.078118
0.035501
1.237150
0.992264
1.532303
1.249331
1.591035
1.957292
-0.776424
-0.864006
-0.187889
0.144396
0.518009
-0.384881
-0.529158
-1.436313
-0.694432
0.162854
-0.231999
0.082073
0.708262
0.045287
-1.054785
-0.790584
-1.068971
-1.912471
-1.712557
-0.384679
0.649068
1.472046
1.459105
0.786944
0.121613
1.029166
1.482000
0.671495
-2.259899
-3.551016
-2.689234
-1.374030
0.452706
1.273924
1.633176
1.447281
0.570291
-0.293785
-0.432646
-1.132391
-1.466849
-0.822246
-0.256516
-0.483360
-0.437817
-0.860310
-1.004317
0.848233
0.644022
-0.255995
0.067004
0.435989
1.053812
1.227435
1.413959
1.041178
0.940148
0.097649
0.540906
1.099525
0.004815
-0.177988
-0.313647
-0.304095
-1.561366
-1.308573
-0.388448
0.801657
1.105894
0.685719
0.562756
-0.711827
-0.513318
0.129077
-0.158588
0.614310
0.411385
-0.424959
-0.440435
0.085314
0.509434
0.646148
-0.209645
-0.453463
-0.306283
-0.783947
-1.042025
-0.426146
0.619514
-0.205020
-0.819949
0.987909
-0.498595
-1.343348
-0.448405
0.173811
0.684198
-0.682627
-1.302727
-1.214400
-0.858817
-0.775285
-0.669936
0.245645
1.128247
0.764437
-0.552674
-0.280285
0.562453
1.562374
0.581283
-0.018720
-0.306246
0.344631
1.406619
2.189871
0.198751
-0.436841
-0.443963
-0.063267
-0.112586
-0.243565
0.313867
0.355721
0.947408
-0.419193
-0.468207
0.056510
0.425734
0.379786
0.275794
1.111961
1.604259
1.012602
0.741372
0.395259
-0.497163
-0.335108
-1.103103
-0.532570
0.086072
-0.550997
-0.198222
0.635964
0.382220
0.608312
0.235562
-1.245284
-1.437110
-0.999820
-0.505294
-0.347296
-1.477313
-1.448610
-0.205728
0.313456
1.462470
1.433357
0.445519
-0.001411
-0.092105
-0.523983
0.216749
0.269039
0.146450
-0.660848
-1.059831
-0.256551
0.574983
-0.080621
0.012701
0.529001
0.023200
-0.341544
0.536263
0.720852
0.187838
0.255005
1.028890
-0.178980
-0.163057
-0.088203
-0.812332
-1.101869
-0.407608
-1.436503
-1.247139
-0.686905
-0.503410
0.403466
2.538864
1.185884
0.231376
1.132899
1.751000
1.355229
0.822355
0.137390
-0.411116
-1.491963
-1.392380
-1.591990
-0.793737
0.064245
0.175637
0.657016
0.452239
1.641374
1.674096
0.805920
0.900330
0.365276
0.427895
1.150247
1.042065
0.502107
-0.308744
-0.564055
-0.574148
-1.193082
-1.937811
-1.202473
-0.353074
-0.121720
0.670065
0.256365
0.606222
1.961704
-0.197871
-1.333203
-0.896765
-1.233013
1.033225
-0.667628
-1.398186
-0.170049
-0.206229
0.066116
0.213854
-0.063835
-0.165721
-0.732832
-0.676764
-0.502563
-0.408485
-0.072053
1.136591
-0.407246
-1.403627
-0.759393
-0.624890
-0.011245
-0.004826
1.251734
-0.215362
-0.978584
1.094820
0.128224
-0.354371
0.175767
-0.383844
0.148298
-0.204360
0.061417
0.325514
-0.109583
-0.332186
-0.078387
-0.267482
0.553455
2.132045
0.343855
-0.424375
0.496064
0.558128
1.116892
1.109353
-0.009161
0.795116
0.016588
-0.432538
-0.661617
-1.317108
-0.925588
-0.957056
-0.368676
0.423021
0.801502
1.082087
0.188686
0.022072
-0.436287
-0.710378
-0.676643
-0.427860
0.377142
-0.632891
-1.151966
-0.355718
-0.503272
0.909721
0.299731
0.446794
0.543021
-0.036950
0.626659
1.104172
1.229464
1.174168
1.082642
2.549877
2.519934
0.173925
-0.211403
-0.083131
0.129691
0.621986
-0.351193
-0.089975
-0.068775
-0.731898
-1.222282
-1.176239
-0.275365
-0.757643
-1.090268
-1.138773
-0.531993
-0.442196
-0.850070
-0.665960
0.406880
0.558358
0.970495
-0.059006
-0.330172
0.268191
-0.543049
-1.437180
-1.495660
-1.573996
-1.512709
-0.840959
0.598192
1.684264
1.776734
1.685117
2.192460
1.946182
0.944370
-0.147781
-0.611177
0.044773
-1.097562
-1.217183
-0.543336
-0.340719
-0.028240
0.479872
0.981296
0.945281
1.188410
1.424174
0.304224
-0.607470
-0.980833
-1.351819
-1.307791
-2.181518
-2.346010
-1.336793
-0.248788
0.347911
1.049630
1.465753
1.236588
1.033179
1.287400
1.156716
0.611736
0.436811
0.346134
-0.915898
-1.955561
-2.499699
-2.013387
-0.419450
-0.379966
-0.243579
0.969102
2.211382
1.429256
0.532588
0.555224
0.520265
0.109871
0.470175
0.118219
-0.052845
-0.510293
-0.744018
-0.455665
-0.112070
-1.541516
-2.450112
-1.607879
-1.376864
-1.002264
0.070561
0.406507
0.768908
0.860170
1.231215
0.900096
1.756212
1.607495
0.802952
1.149165
0.713302
0.206556
-0.064503
0.255769
-0.376813
-0.710887
-0.129231
0.004508
-1.184800
-0.674266
0.205551
0.433484
0.866200
1.024619
1.492312
1.374919
0.997343
1.081980
0.129663
0.157431
-0.093798
-0.219716
-0.224627
-0.373665
-1.061704
-1.162674
-1.694546
-2.389048
-1.774916
-0.743476
0.488487
0.605494
0.077383
0.212562
0.444271
0.881118
0.546782
1.105962
1.192420
1.093866
0.803345
0.297594
0.152616
-0.551464
-0.745652
0.110484
-0.557869
-0.844335
-0.281570
0.813311
0.667063
1.167396
1.926623
1.304811
0.823171
0.308860
-0.441258
-0.075094
-0.833535
-2.341291
-2.362966
-1.403361
-0.943610
-0.021008
0.261857
1.177358
1.979169
1.282800
0.413478
0.547866
-0.021918
-0.696848
-0.729417
-0.504777
-1.440102
-1.790327
-1.087670
-1.080369
-1.107376
0.085330
0.904831
1.490772
1.463748
1.415327
1.647249
1.351149
1.026708
0.831475
-0.031768
-0.495885
-0.992532
-0.496296
-1.218311
-1.616136
-0.895256
-0.868114
-0.462160
0.044575
0.615625
0.434266
0.041966
-0.091057
-0.394347
-0.387424
-1.450231
-1.625138
-1.676484
-1.221407
-1.039117
-0.344967
-0.149305
0.082541
0.950724
1.185598
0.823956
0.578184
0.456675
0.033031
-0.382487
-0.159763
-0.326029
-0.641407
-0.734428
-0.258386
0.330782
0.398837
0.961809
0.805281
-0.165618
-0.514578
-0.192009
0.037589
-0.757905
-0.489483
0.118919
-0.097504
-0.088310
0.141362
0.393377
0.892705
0.686218
-0.245400
-0.132797
0.395445
0.427025
0.922833
1.456589
0.847860
0.687057
0.737271
1.327693
0.944121
-0.103593
-0.283636
-0.622250
-1.113776
-1.265842
-1.699169
-1.414529
-0.896318
-0.665975
-0.170701
0.414856
1.135423
1.845011
1.548016
0.959290
0.537934
0.055339
-0.335389
-0.248449
-0.567410
-0.680833
-0.745264
-1.340321
-1.542230
-1.241226
-0.918054
-0.728598
-0.776983
-0.635257
-0.043858
-0.053978
0.147825
0.440478
0.861451
0.921738
0.452417
0.357485
0.951497
-0.073805
-0.513256
-0.362584
-0.543932
-0.758576
-1.093374
-0.940838
-0.783589
-0.698040
0.028309
0.505400
0.953320
2.093921
1.980286
1.375748
1.654066
1.619655
1.448148
1.546468
1.065962
-0.109076
-0.131657
-0.151815
-0.540702
-0.907317
-0.639292
-0.756633
-0.525356
0.188753
0.190453
0.570305
0.490400
-0.018262
-0.457225
-0.581188
-1.158106
-2.063388
-1.905786
-2.162706
-1.894521
-1.751056
-1.587426
-1.718710
-1.433235
-0.404791
0.190082
0.585434
0.768488
0.408601
0.158133
0.046909
0.351657
0.339407
0.284250
0.801239
0.992088
1.490606
1.609880
1.818036
1.952988
1.829901
1.544489
0.992241
0.853526
0.520349
0.013837
0.242338
0.736512
0.042856
-0.910222
-1.082753
-1.177540
-1.083292
-0.534502
-0.567832
-0.402430
-0.016657
0.698051
1.314389
1.490527
0.815836
0.618479
0.704169
0.866467
-0.479202
-1.495241
-1.869242
-2.323572
-2.416341
-2.000402
-1.130293
-0.462481
-0.248224
-0.039366
-0.017511
0.893671
1.019019
0.769906
1.301378
1.877881
2.066231
0.941638
-0.148432
-0.900535
-1.428248
-1.788593
-1.914603
-1.912330
-1.562173
-1.213456
-0.406629
0.469436
1.267710
0.949384
0.684535
0.354519
0.654041
0.602075
-0.022369
-0.074317
-0.704453
-0.963095
-1.492130
-2.152992
-1.982462
-1.456028
-0.896697
-0.119627
0.773209
1.526023
1.869517
2.284976
1.655519
1.274388
2.050596
2.039447
1.650497
1.321837
1.004970
0.737546
0.081348
-0.298654
-0.381951
-1.132374
-1.468147
-0.894993
0.083497
0.659345
0.797599
1.327424
1.356132
