-0.114850
-0.110635
0.204308
0.313383
0.474162
0.512317
0.558075
0.430309
-0.189233
-0.459709
-0.287799
0.289302
0.271106
-0.190973
-0.274165
-0.446383
-0.510080
-0.200014
0.126515
0.246023
0.563149
0.805108
0.754889
1.149017
1.688540
1.554925
1.219322
0.552187
0.417900
0.165523
-0.499757
-0.893136
-0.975702
-0.980240
-0.739178
-0.150661
0.221007
0.939440
1.524222
2.019504
2.169471
2.405019
2.309991
2.147878
1.514031
1.256623
0.971053
0.484371
0.016418
-0.330342
-0.781036
-1.375162
-1.455584
-1.097897
-0.563795
0.467822
1.245154
1.308145
1.624754
2.300697
2.205452
2.028954
1.758652
1.600920
1.654863
0.909687
0.347805
-0.144511
-0.961437
-1.662507
-1.986544
-2.079167
-1.975615
-1.679514
-1.726783
-1.593873
-1.092044
-0.606695
-0.395544
-0.110475
0.086316
0.018183
0.057352
-0.006504
0.088864
-0.094986
-0.185550
-0.369097
-0.183539
-0.405368
-0.402688
-0.233141
-0.236374
-0.235474
-0.077568
0.428904
0.937891
1.268714
1.595336
1.876833
1.872228
1.916861
1.659114
1.541803
1.524701
1.393891
0.523027
-0.114563
-0.282601
-0.748395
-1.319208
-1.698648
-2.118655
-2.292789
-2.113970
-1.897435
-1.600473
-1.353708
-1.270151
-1.191595
-0.535461
-0.236330
-0.191026
0.117926
0.163055
0.610101
1.045506
0.903615
0.738868
0.444285
0.010322
-0.482641
-0.911974
-1.148315
-1.018859
-0.481267
-0.226088
-0.131509
-0.366961
-0.430474
-0.421355
-0.347374
0.086371
-0.103158
-0.150185
-0.179846
0.043601
0.172478
-0.000422
-0.488893
-0.707175
-0.962012
-1.061306
-1.152491
-1.260967
-1.164894
-1.096857
-0.897804
-0.507225
0.137834
0.642712
1.098793
1.212670
1.403055
1.350080
1.171183
0.730792
-0.121041
-0.312239
-0.146912
0.109553
0.257067
0.412454
0.746485
1.134409
1.649781
2.266263
2.605821
2.535894
2.312423
1.996146
1.986825
1.578917
1.074331
0.576566
0.040419
-0.505828
-0.927856
-1.121621
-0.860440
-0.706758
-0.372996
-0.287073
0.134057
0.482594
0.487185
0.154462
0.142684
0.362241
0.469211
0.624033
0.814911
0.682744
0.254165
-0.007362
-0.509322
-1.093867
-1.620381
-1.964048
-2.094667
-1.592051
-1.123908
-0.806364
-0.525143
-0.053850
0.368182
0.712172
0.572505
-0.045680
-0.654811
-1.173502
-1.573214
-1.671463
-1.517150
-1.548028
-1.192471
-0.767622
-0.026888
0.036676
0.087073
-0.174535
-0.514672
-0.787224
-0.804082
-0.793218
-0.336196
0.049570
0.199880
0.336213
0.495683
0.501174
0.395005
0.315617
0.549279
0.432882
0.035589
-0.236062
-0.361021
-0.368702
-0.540488
-0.504639
-0.503815
-0.452974
-0.253757
-0.124560
-0.167398
-0.641728
-0.434686
-0.222020
-0.192205
-0.028279
0.425225
0.310585
0.228395
0.291124
0.454279
0.628059
1.074615
1.353769
1.299473
1.399730
1.153750
0.757830
1.012832
0.997025
1.035235
1.176508
1.578147
2.003611
2.185363
2.035612
1.923807
1.212456
0.765888
0.653607
0.540822
0.620646
0.487717
0.168964
-0.021827
-0.120647
0.013094
-0.177950
-0.554587
-0.903647
-0.919271
-1.045596
-1.109515
-0.909501
-0.975412
-1.008539
-0.760172
-0.502200
-0.371998
-0.098382
-0.133308
0.164576
0.272463
0.081099
-0.372828
-0.729997
-0.726255
-0.520137
-0.568039
-0.218625
0.297667
0.360997
0.264171
0.039793
0.074616
0.004605
-0.204596
-0.788846
-1.029697
-0.681709
-0.124430
0.461035
0.716092
0.724684
0.405168
-0.243773
-0.824709
-1.303177
-1.663530
-1.525418
-1.751258
-1.714261
-1.300539
-0.761329
-0.387676
0.016070
-0.154670
-0.242813
-0.007394
0.314778
0.427253
0.418560
0.191357
0.107330
-0.140392
-0.420490
-0.639211
-0.491619
-0.104635
0.434292
0.778480
0.822005
0.804152
1.080688
1.217953
1.125392
1.185130
0.773173
0.495753
0.323738
0.131001
-0.045605
-0.200991
-0.168564
-0.409804
-0.469393
-0.100923
0.128632
0.469377
0.327686
0.116960
-0.268074
-0.141516
0.037752
0.073211
0.242466
0.536192
0.369067
0.240951
0.439225
0.643352
0.285656
0.014302
-0.568952
-1.058799
-1.469428
-1.265058
-0.949031
-0.884255
-1.042647
-0.758708
-0.547390
-0.255621
0.109222
0.375689
0.577557
0.565703
0.208330
-0.070328
-0.206226
-0.300020
0.024388
0.813455
1.145851
1.179144
0.998761
0.928773
1.036624
1.122429
0.999328
0.923026
0.565722
0.106269
-0.118585
-0.302714
-0.972013
-0.989847
-0.891635
-0.491909
-0.376295
-0.329014
-0.322926
-0.192199
-0.022703
-0.124907
-0.066556
-0.032881
-0.220257
-0.629422
-0.812664
-0.858327
-1.041411
-0.973426
-0.663236
-0.292504
0.110065
0.275673
0.699028
0.367192
0.090843
0.226338
0.291434
0.669081
0.918489
0.640222
0.265560
0.301596
0.155315
-0.184104
-0.407361
-0.950557
-0.979267
-1.043178
-0.653144
-0.131326
0.151606
0.566305
0.728979
0.389481
0.339478
0.299655
0.622031
0.802165
0.417509
0.388177
0.175774
-0.613098
-0.967308
-1.433109
-2.040054
-2.329100
-2.534110
-2.234276
-1.993356
-1.466921
-0.688768
0.105349
0.505550
0.743136
0.837866
0.702608
0.706670
0.929095
0.876433
0.927216
1.196941
1.739791
1.772930
1.432059
1.213656
1.332963
1.419832
1.480676
1.401764
1.277818
1.327439
1.174947
1.156071
0.911169
0.677738
0.471322
0.242462
-0.203223
-0.672592
-0.840922
-0.806661
-0.651226
-0.718325
-0.819649
-0.523821
0.084586
0.478703
0.482904
0.185834
0.305222
0.277797
0.053669
-0.635809
-1.041018
-0.962973
-1.311210
-1.234398
-1.041488
-0.696485
-0.596623
-0.592649
-0.655972
-0.686888
-0.599387
-0.155942
0.310791
0.653120
0.745990
0.659761
1.081170
1.056982
0.804612
0.356540
0.046683
-0.363537
-0.865741
-1.056676
-0.991446
-0.908053
-0.810520
-0.807544
-0.756837
-0.560449
-0.569564
-0.335543
0.016285
0.368376
0.506186
0.534471
0.372516
-0.060059
-0.666703
-0.860568
-1.052727
-1.176445
-1.465001
-1.486185
-1.359278
-1.153055
-1.270478
-1.202692
-1.166943
-1.431277
-1.602801
-1.555651
-1.061240
-0.472013
0.138922
0.676747
1.524792
1.827154
2.118945
2.408792
2.506810
2.034171
1.723641
1.682412
1.845611
2.112297
1.830119
1.425558
0.521606
-0.077743
-0.990762
-2.075652
-2.537765
-2.252556
-1.753871
-0.912636
-0.056383
0.822629
1.326087
1.259575
1.124196
0.951840
0.763975
0.445408
0.148885
0.131720
-0.062820
-0.356383
-0.556521
-0.497692
0.156220
0.542361
1.098883
1.449096
1.633214
1.532276
0.939258
0.767806
0.568320
-0.399365
-0.956384
-1.028081
-1.058278
-1.344216
-1.512967
-1.224039
-0.638396
-0.092294
-0.035733
-0.123836
-0.367941
-0.751237
-1.009104
-0.832108
-0.451609
0.140877
0.984819
1.531907
1.855214
1.576453
1.342184
1.007471
0.860285
0.537027
0.085471
-0.547156
-0.762035
-0.723054
-0.612823
-0.701304
-0.707978
-0.301297
0.007359
0.581311
0.935864
1.202058
1.172746
1.195672
1.129569
0.833311
0.442642
0.179498
-0.143267
-0.517586
-0.474973
-0.444954
-0.347073
-0.500598
-0.921724
-1.467912
-1.794666
-2.002702
-1.823342
-1.747353
-1.681179
-1.467335
-1.116473
-0.624569
-0.315538
-0.146812
-0.267980
-0.447391
-0.674665
-0.651008
-0.691057
-0.232999
0.136055
0.370917
0.228792
0.290402
0.416758
0.610825
0.606680
0.740544
0.889645
1.406013
1.456521
1.404215
1.464816
1.611369
1.276778
0.921733
0.667409
0.416198
0.326749
0.364842
0.533075
0.813434
0.963638
1.463238
1.763270
2.109251
2.033449
1.776193
1.477236
0.861637
0.211923
-0.304041
-0.847575
-1.177412
-1.177287
-1.727577
-2.095807
-1.704807
-1.622692
-1.274260
-0.975553
-0.598486
-0.123752
0.060190
0.184781
0.237846
0.140390
-0.135473
-0.541708
-0.973513
-0.989395
-0.684127
-0.216020
-0.252865
-0.517683
-0.818287
-1.047056
-1.133222
-1.264252
-1.477374
-1.417007
-0.896246
-0.642099
-0.648663
-0.510935
-0.218894
0.242410
0.798969
1.242673
1.192689
0.797684
-0.057728
-1.188460
-1.784021
-2.199777
-2.444223
-2.098080
-1.645404
-0.834344
0.149325
0.985471
1.312706
1.200235
1.054819
1.252082
1.425011
1.679347
1.466167
1.086431
0.369281
-0.027956
-0.586133
-1.091522
-1.245981
-1.329976
-1.194297
-0.832579
-0.086272
0.252871
0.721664
0.924117
1.184071
1.337497
0.690996
0.240202
0.186795
0.424380
0.376417
-0.053031
-0.384768
-0.609971
-0.966323
-0.577156
-0.142612
0.210673
0.440097
0.488349
0.274964
0.033184
-0.157590
-0.055511
-0.189100
-0.391823
-0.565766
-0.295303
-0.102793
-0.157889
-0.300955
-0.401058
-0.210221
0.291939
0.610140
0.948303
1.368138
1.439863
1.270670
0.870642
-0.042369
-0.879133
-1.326075
-1.247949
-1.021265
-0.787353
-0.253101
0.123275
0.296116
0.522261
0.741255
0.950032
1.030015
0.778025
0.414112
0.282807
0.349103
0.297937
-0.147109
-0.515860
-0.280467
-0.421315
-0.178898
0.309988
0.694868
0.656090
0.819423
0.648601
0.627794
0.657171
0.604349
0.471859
0.301387
-0.059907
-0.897647
-1.602035
-2.257442
-2.631277
-2.258809
-2.022358
-1.853698
-1.483287
-1.006397
-0.094962
0.620823
1.036818
1.415620
1.660556
1.906965
2.034493
2.126714
1.698336
1.170417
0.559597
0.075416
-0.347878
-0.847542
-1.061866
-1.300512
-1.447622
-1.418906
-1.064956
-0.338877
0.126117
0.968297
1.420068
1.632056
1.628173
1.609239
1.592869
0.895667
0.215393
-0.423690
-1.016480
-1.311215
-1.323800
-1.567854
-1.986925
-2.178397
-1.747479
-1.255850
-0.621033
0.127854
0.846343
1.102922
1.379679
1.726648
1.722996
1.491496
1.134787
0.634797
0.021324
-0.710178
-1.239006
-1.454957
-1.514041
-1.478040
-1.446836
-1.435020
-1.692519
-1.862710
-1.920165
-1.759484
-1.460789
-1.234506
-0.813329
-0.329653
0.058723
0.311434
0.214889
-0.027082
-0.675801
-1.224412
-1.402193
-1.727234
-1.821897
-1.639765
-1.169627
-0.510257
-0.182931
0.156866
0.254574
0.395588
0.598067
0.829703
1.102180
1.003222
0.925538
0.636752
0.464283
0.477638
0.576102
0.703723
1.003769
0.866065
0.786456
0.522130
0.886395
1.325417
1.753421
1.932633
1.831688
1.860994
1.596153
1.264527
1.343186
1.211118
0.999103
0.666319
0.607404
0.834236
1.004827
0.945230
0.591053
0.347583
-0.216769
-0.658475
-0.838201
-0.838875
-0.535408
-0.309608
-0.162977
-0.070857
0.057530
0.135571
0.223907
-0.068045
-0.599317
-1.187869
-1.635629
-1.700542
-1.431828
-1.233604
-1.254366
-1.337482
-1.325281
-1.308909
-1.266407
-1.040111
-0.831543
-0.535092
-0.000598
-0.010516
-0.215025
-0.368541
-0.389848
-0.001588
0.184624
0.110316
0.163214
0.393769
0.478667
0.467088
0.428393
0.300461
0.295404
0.373190
0.398439
