-0.022739
0.004010
0.339147
0.181320
0.376909
0.287504
0.072127
-0.062016
-0.868748
-1.166128
-0.579351
0.048881
0.034251
-0.598238
-0.565037
-0.616373
-0.415374
-0.080888
0.690552
0.284721
-0.310981
0.099263
0.305548
0.723851
1.575990
1.431354
0.944952
-0.045670
-0.208985
-0.232864
-1.114438
-1.411353
-1.355158
-1.480373
-0.812169
0.087005
0.490614
0.887734
1.533030
1.668978
2.107711
1.957772
1.987425
1.821705
1.401742
0.979657
0.929870
0.378704
0.396362
0.014429
-0.208779
-0.841400
-1.876940
-1.871860
-1.302151
-0.062817
0.650622
0.989118
1.339382
1.674037
1.582928
1.272709
0.854977
0.961678
1.281784
0.740449
0.646068
0.075598
-0.822348
-1.718971
-1.920922
-1.736890
-1.748621
-1.714531
-1.902693
-1.888086
-0.928098
-0.257856
0.115637
0.687281
1.166246
1.362587
1.140299
0.939317
1.164459
0.953571
0.443256
0.259488
0.052486
-0.470587
-1.391958
-2.142579
-2.404930
-2.140596
-0.889917
0.329392
1.546890
2.983659
3.598838
4.028433
3.483253
3.275671
2.750560
2.087265
2.051391
1.646095
1.245254
0.290100
-0.288149
-0.795064
-1.403290
-1.806130
-2.376582
-2.809435
-2.733303
-2.497040
-1.939688
-1.171637
-0.146319
0.199574
0.482178
0.666764
0.991133
0.931545
0.184206
0.135669
0.190993
-0.368722
-0.403297
-0.578648
-0.766387
-1.574167
-2.056132
-2.188265
-2.043456
-1.724539
-1.447609
-1.459991
-1.153580
-0.550565
-0.813325
-1.007998
-0.816020
-1.019467
-0.550939
-0.466010
-0.338550
-0.332718
-0.259765
-0.500286
-0.738382
-1.014858
-1.154836
-1.143391
-0.868874
0.049011
0.401734
0.624104
1.190454
1.898915
1.911095
1.854166
2.000551
2.079852
1.890322
1.425701
0.927626
-0.006915
-0.350513
-0.328681
0.212867
1.055311
0.834488
0.667296
1.101380
1.825412
2.633497
3.012300
2.398755
1.467659
1.117649
0.831043
0.657243
-0.314504
-0.600485
-0.520420
-0.446502
-0.371765
0.067567
0.462509
0.498789
0.349189
0.198268
0.662742
1.051004
0.256641
-0.623981
-0.756896
-0.780861
-0.802491
-0.769419
-0.448477
-0.471140
-0.416618
0.094574
0.223854
0.400363
-0.165852
-0.531052
-0.404830
0.002343
0.641214
0.336161
-0.279388
0.108289
0.569184
0.399137
-0.278888
-1.602014
-2.665725
-2.692409
-2.728098
-2.304433
-1.883460
-1.389048
-0.738921
-0.279485
0.364286
0.703383
1.033103
0.347678
-0.545188
-1.117098
-1.139257
-1.114459
-1.161455
-1.010927
-0.437888
-0.558163
-0.520211
-0.117093
-0.103545
0.487268
0.598656
0.467503
0.322739
0.175938
0.044741
0.014338
-0.045474
-0.155164
0.113590
0.171424
0.251108
0.252819
0.064974
-0.303570
-0.479072
-0.367409
-0.170923
0.278006
1.294330
1.308014
0.815422
0.488279
0.396245
0.726041
1.078788
1.242454
0.520109
0.344200
0.335885
0.161294
0.571908
0.568649
0.617793
1.038398
1.187806
1.094232
1.012655
1.101046
1.108682
0.062745
-0.142767
0.020627
-0.079927
0.298556
0.163477
-0.845389
-1.054622
-0.493147
0.044624
-0.039870
-0.743370
-0.998226
-1.027953
-0.906222
-0.705376
-0.075782
0.265884
0.632918
0.505193
-0.157076
-0.547207
-0.518889
-0.689496
-0.488354
-0.629568
-0.839416
-1.057046
-1.186493
-0.901284
-0.528603
-0.976260
-0.479926
0.330025
0.659919
1.219041
1.907581
2.220973
1.723375
1.088503
0.068800
-0.844843
-1.131335
-0.796249
-0.565520
-0.829036
-0.815542
-0.896524
-0.921549
-0.745710
-1.140906
-1.264751
-0.856383
-0.825607
-1.045611
-0.865789
0.106620
1.311512
1.074629
0.355141
0.124190
-0.142068
-0.174397
-0.038443
-0.052029
-0.295033
-0.535058
-0.683532
-0.727598
-0.305386
-0.020948
0.528210
1.518187
1.214331
0.862668
0.986787
0.897635
1.046211
1.212446
1.275167
0.824780
0.779075
0.326128
-0.144104
0.063368
-0.086384
-0.177349
-0.158292
-0.086904
-0.101867
0.282016
0.657634
0.790191
0.555500
0.115535
0.511811
0.311606
-0.289611
-0.486938
-0.317015
-0.108452
-0.506379
-0.552759
-0.338442
-0.196027
0.304848
0.326467
0.048773
-0.525196
-0.578512
-0.255601
-0.049276
0.074678
0.127239
0.224100
0.677764
0.270569
-0.230978
-0.411900
-0.692232
-0.817452
-1.132340
-0.743728
-0.431449
-0.363198
0.483125
0.974983
1.148348
1.079494
1.251580
1.226405
0.789656
0.133581
-0.348343
-0.044861
-0.415634
-0.678497
-0.327136
-0.226193
0.027430
0.130546
0.420744
-0.132028
-0.479743
-0.339416
-0.197699
-0.265294
-0.234204
-0.449744
-0.682269
-0.356633
-0.531731
-0.469633
-0.258619
-0.334796
-0.120521
-0.178811
-0.035136
0.673281
0.972161
1.273780
0.800360
0.242341
-0.155620
-0.337302
-0.186356
-0.317460
-0.484541
-1.034169
-0.862397
-0.765952
-0.604417
-0.316446
-0.498336
-0.385596
-0.318764
-0.025357
0.415381
0.721355
0.237028
-0.391354
-0.631714
-0.572596
-0.217056
0.514306
0.850766
0.183487
-0.249134
-0.222102
-0.541399
-0.654334
-0.893403
-1.008300
-0.240248
-0.468774
-0.542516
-0.128796
0.182852
0.758800
0.797808
0.820620
0.404823
-0.031468
-0.454771
-0.575499
-0.199115
0.272438
0.330217
0.501791
1.370951
1.414581
1.302356
1.586341
1.300900
1.262641
1.206003
0.966851
0.818867
0.884359
0.996599
1.097328
1.103617
0.452248
-0.420783
-0.652138
-1.133459
-1.371774
-1.427974
-1.141964
-0.434089
-0.772411
-1.298525
-0.577130
0.097367
0.796904
1.060272
1.413533
1.400541
0.693109
0.734605
-0.136622
-0.700469
-1.140890
-1.252023
-1.582135
-1.665347
-1.441465
-1.595575
-1.319136
-1.113232
-0.864425
-0.500197
-0.431983
-0.058022
0.573743
0.809645
0.861982
1.179422
0.872746
0.603319
0.257885
-0.219243
-0.806198
-1.087988
-1.145517
-0.934147
-0.976070
-0.328986
-0.321400
-0.263691
-0.044106
-0.178685
-0.057987
0.047974
0.417641
0.423933
0.319693
0.533604
0.324996
-0.084225
-0.051107
-0.123434
-0.119418
0.108912
-0.185636
-0.159604
-0.322454
-0.575298
-0.486240
-0.689799
-0.976269
-1.040257
-1.115775
-0.726162
0.432703
1.346497
1.790612
2.310443
2.636763
2.688731
2.600016
2.448566
1.822909
1.228922
0.395360
-0.223596
-0.461430
-0.360395
-0.941398
-1.519861
-2.041987
-2.379935
-2.496557
-2.334481
-1.637655
-0.953261
-0.034374
0.337793
1.140138
1.816067
1.344409
0.670970
0.619488
0.560653
0.346720
-0.504828
-0.897886
-0.570843
-0.633495
-0.848082
-0.906863
-0.077440
0.720871
1.166750
1.150497
1.629544
1.371766
0.735757
0.555747
0.337368
-0.428611
-0.754480
-0.838673
-1.138266
-1.027720
-1.459382
-1.553398
-1.206395
-1.168797
-0.845993
-1.090309
-1.364477
-1.365040
-0.693743
0.304659
1.262184
1.781645
1.895236
2.090198
2.318030
1.748424
1.087407
0.463542
0.036675
-0.316137
-0.843758
-1.557097
-1.813971
-1.241754
-0.581406
-0.531285
-0.390923
0.330673
0.547584
0.900162
1.419743
1.444686
1.146090
1.027291
0.957889
0.905784
1.018000
1.393555
1.023415
0.076848
-0.012349
-0.105905
-0.400491
-0.566138
-0.481401
-1.063881
-1.397919
-1.071699
-0.896776
-1.223333
-1.149343
-1.054248
-0.275181
-0.004274
-0.068239
0.385717
0.115633
-0.072733
-0.311352
-0.415996
-0.864329
-0.637886
-0.353096
-0.508333
-0.420932
0.326856
0.477384
0.703461
0.707945
0.455734
0.763997
1.047158
0.957440
0.897901
0.559796
0.584241
0.224002
0.221710
0.320860
-0.103614
-0.626109
-0.854072
-0.672994
-0.217855
0.502398
0.513494
0.855311
1.638131
1.683618
1.529622
1.733600
1.221318
1.199859
0.769740
-0.086613
-0.446318
-0.459566
-1.064120
-1.325685
-1.053618
-0.837979
-0.882831
-0.301392
-0.146541
0.106325
0.451249
0.729400
1.200321
1.115878
0.692333
-0.019973
-0.745665
-1.168630
-0.995464
-0.642399
-0.815021
-1.101977
-1.020233
-0.595194
-0.556183
-0.157990
0.029008
0.105779
0.250710
-0.143226
-0.525148
-0.635043
-0.739165
-0.406635
-0.491995
-0.423443
-0.221535
-0.386177
-0.230640
-0.640919
-0.864397
-0.751725
-0.736108
-0.368199
-0.008999
0.463041
0.861870
1.096809
1.038539
0.634729
0.066836
-0.127879
-0.196343
0.209124
0.369240
0.488461
-0.157359
-0.449407
-0.776490
-0.655297
-0.299499
-0.392200
-0.370268
-0.240532
0.038532
-0.118833
-0.015075
-0.204342
-0.190354
0.109139
0.225075
0.278609
0.606502
1.128291
1.350282
0.470778
-0.301672
-0.542575
-0.657786
-0.374185
-0.167960
0.082414
-0.056201
-0.380583
-0.595661
-0.845132
-0.795336
-0.701566
-0.859685
-0.822505
-0.634560
-0.350595
0.387288
0.316050
0.433718
0.757226
0.720969
0.739215
0.693769
0.812260
1.261889
1.332845
1.275657
0.694967
-0.040390
-0.146529
-0.240749
0.368150
0.342639
0.592753
0.760740
0.785362
0.323910
0.293468
0.402848
0.233625
0.058644
0.182496
-0.337978
-0.489230
-0.419624
-0.598350
-0.404840
-0.394648
-0.285909
-0.295383
0.365434
0.749246
0.898841
0.840277
0.877826
0.845806
0.297128
0.207452
0.160884
-0.393423
-0.715274
-0.826728
-1.871477
-2.910118
-3.205388
-3.611345
-3.090723
-2.713045
-2.272631
-1.196069
-0.016741
0.685710
0.937187
1.409703
1.566376
1.823539
1.957174
1.564263
1.116365
0.510356
0.210555
-0.046835
-0.706973
-1.048715
-1.336701
-1.298253
-0.749674
-0.627347
-0.588239
-0.337166
0.572486
1.216952
1.730602
1.812084
1.507713
0.963414
1.077487
0.662986
0.042612
-0.171587
-0.476474
-1.393620
-1.417221
-0.742871
-0.999108
-1.448042
-1.528539
-1.759243
-1.774364
-1.357815
-0.531371
-0.009174
0.005740
-0.096606
0.263167
0.518342
0.404765
0.423133
0.411622
0.147029
0.026389
0.131935
0.566039
0.347623
-0.145829
-0.233600
-0.207804
-0.491548
-0.813063
-0.873386
-0.566369
-0.359875
-0.095491
0.087754
0.345550
1.159612
1.299891
0.783337
0.506962
0.352681
-0.098297
-0.561759
-0.657420
-1.056074
-1.672798
-1.572086
-0.862128
-0.763933
-0.389296
0.271376
0.839119
1.198966
1.982524
2.277467
2.298615
2.194743
1.619139
1.179118
0.657376
0.220532
0.202720
0.785620
0.891069
0.526206
0.119221
0.122166
0.328608
0.264548
0.216069
0.002973
0.181098
0.023556
-0.056735
0.436581
0.820238
1.655735
1.949326
1.320452
1.009450
0.916211
0.697379
0.303266
-0.354224
-0.937802
-1.651637
-2.085875
-1.809771
-0.803593
-0.285242
0.275035
0.644007
1.046758
0.851875
0.529389
0.200527
-0.111702
-0.756453
-1.123842
-1.607186
-1.302762
-1.344654
-1.491417
-1.699283
-1.552536
-1.410341
-1.097842
-0.855777
-0.502859
0.094131
0.972283
0.689482
0.198025
0.032373
-0.132864
-0.002038
0.193469
-0.295300
-0.373713
-0.528988
-0.453298
0.061431
0.288680
0.444570
0.720532
0.949540
0.449204
