-0.442815
0.332261
0.514179
0.263393
-0.337301
-1.114517
-0.889577
0.072516
-1.524983
-2.054557
-0.458063
0.834563
1.315189
0.029147
-0.724694
-0.917116
-0.389770
-0.388913
0.897075
1.790161
0.255959
-0.097327
0.158738
-0.362345
-0.463072
0.185963
0.922758
-0.115093
0.280833
1.140051
1.138535
0.578585
1.079109
1.444157
-0.243276
-1.842710
0.345191
1.650580
-0.331328
-0.235852
1.123434
0.486988
0.313313
0.709027
-0.174622
0.711599
1.767062
0.758461
0.903605
-0.306065
0.181385
1.333742
0.962371
-0.103377
0.197836
-0.027952
-1.770929
0.820041
1.033502
-0.524040
0.497392
-1.377273
0.094316
0.531994
0.701765
1.305641
-0.041300
-0.865089
-1.755252
-1.024652
1.658835
2.495826
0.458919
-1.652858
-1.562149
-1.188220
0.845088
-0.747704
-1.462289
0.632040
0.968917
0.534385
-0.274108
0.300625
0.352819
-2.028139
-1.879052
-0.090273
-0.856244
-0.276082
0.770673
-0.351251
-0.396086
-0.142422
-2.201016
-1.439303
1.065164
-0.035059
-0.806951
0.267385
-1.374725
-0.731606
-0.686313
-0.218135
1.019619
0.022790
-0.038321
0.296431
0.331697
0.835496
0.173194
-0.534820
0.592677
1.022197
0.783278
-0.439469
0.140922
1.667577
0.818513
-1.392966
-0.425148
1.275010
0.562798
-1.261744
-1.648355
-1.633186
-0.452871
0.143437
0.597545
0.485762
0.951186
0.482617
0.122737
1.186055
0.278864
-0.388340
-0.275924
-0.012331
-0.014871
-0.380783
0.396407
0.426217
0.029683
0.489838
-0.708683
-2.007481
-0.772510
1.072366
0.988482
1.220730
-0.044399
0.608130
0.271296
-0.573846
-0.184795
0.349243
0.940267
-0.023450
-1.563031
-2.098950
-0.782236
-0.721679
-1.971115
-0.028627
1.657291
1.103615
-0.266173
-1.737574
-0.352672
-1.337950
-2.567393
0.438304
1.569986
0.423668
-0.567631
-0.948116
0.482157
1.609143
2.802526
2.176940
0.577416
0.036582
-0.299615
-0.400765
0.020218
1.351196
1.145725
1.067880
0.308929
0.279993
0.936972
0.613667
1.866541
1.745740
0.525525
0.280770
-1.256050
-0.914861
-0.780339
0.304075
1.504096
1.787551
1.076751
-0.188332
0.531771
0.340853
-0.937202
-0.676295
0.412626
0.789626
-0.135115
-0.548982
-2.195235
-1.168643
-1.748385
-0.666219
1.506101
0.563562
0.029672
-1.330634
-0.329357
0.465120
-1.531253
-1.529411
-0.579657
-1.124618
-0.540420
0.151263
-0.396937
-1.431210
-1.222982
-0.660333
0.329206
0.974745
0.681416
0.743066
0.105380
-0.587747
-0.691478
-1.325217
0.020197
1.242079
0.474459
-1.629977
-1.865545
0.427509
-1.423468
-2.297241
-0.768507
0.199476
-0.468324
0.047642
0.708073
-0.239909
-0.772504
-0.146189
0.850100
0.097954
-0.293464
1.516913
0.223365
-0.628815
-0.137544
0.129686
0.969135
0.759493
0.330382
-0.145656
0.746706
2.462424
0.254594
0.056273
-0.368672
0.162441
1.303230
-0.364845
-1.016195
-0.788026
-0.463131
0.600634
-0.454433
0.065161
-0.445517
0.728132
1.604413
0.821157
0.209771
1.126912
-0.948496
-1.408366
1.081087
0.225916
-0.630267
0.373108
0.277865
0.805108
0.344158
-1.523564
-2.432741
-0.942014
0.771445
1.632729
1.575007
0.002597
-1.055923
-2.346026
-0.370324
2.254717
1.861894
0.624631
-1.143798
-1.950460
-1.000617
1.772207
2.072043
1.042919
0.236558
-1.983683
-2.323405
0.931113
2.676402
1.419018
0.673080
0.272783
-0.609054
-0.213268
0.039843
0.738354
1.852250
1.039910
-0.115785
-1.040066
-0.449766
0.939421
-0.961691
-0.915117
0.038074
0.401934
-0.148070
-1.591915
-0.049175
0.292071
-0.652736
-0.501726
-0.031859
0.226097
-1.905693
-1.529416
0.770963
-1.955582
-1.326290
0.780825
0.392487
-1.318648
-1.951269
-0.689520
-0.821135
0.806731
0.821791
-0.209775
0.728128
-0.498152
0.021208
-0.534958
0.832249
1.794729
-1.178364
-0.093399
1.306042
-0.507920
-2.107509
-0.640906
0.757104
0.857661
1.578795
1.611027
0.074979
-1.715742
-0.138724
1.565213
1.326222
0.341061
-0.857920
-1.406102
-2.196633
-0.722036
0.464453
0.647001
0.706026
0.341276
0.357857
-0.677662
-1.679583
-0.679133
0.052218
0.031255
1.143580
1.642007
0.391403
-1.141111
-1.156064
-1.592672
0.662754
1.023833
0.409023
0.325148
0.597876
0.226977
-0.120428
-0.586678
-0.028135
1.745484
0.187071
-2.245966
0.571745
1.982815
-0.756659
-0.537214
0.273691
0.020961
-0.096293
-0.371901
-1.313240
-0.608864
0.121705
-0.125946
0.548304
-0.206279
-0.594771
0.708460
0.083946
-0.357607
0.068530
0.284719
0.581052
0.512081
-0.723937
-1.635662
-0.097456
0.092461
-0.739548
-0.804270
-2.026099
0.861337
2.015251
1.936294
1.385779
0.582870
-2.165829
-1.690994
0.496663
2.309058
0.398213
0.135197
0.535408
-0.732019
-1.443270
-2.121816
-0.681090
0.133067
0.930115
1.476545
1.561279
1.424624
0.139055
-0.452286
-0.546729
-0.654782
0.685989
0.883576
-0.610870
-1.445637
-0.535600
0.468722
-0.337872
-0.886747
0.580556
0.654443
0.011563
0.459162
0.425207
0.490545
0.503116
0.556528
-1.786619
-2.357169
-0.328632
0.959862
1.368455
0.142405
-2.145168
-1.332740
-0.456087
-0.233728
1.457234
0.819534
-0.695754
-0.627540
0.214100
0.819762
-0.052004
0.618894
-0.321505
0.482208
0.166953
-0.002916
0.712768
-0.404754
-0.562305
0.679462
0.073344
-0.091980
0.271791
-0.055019
0.388432
0.308231
0.257907
0.784247
-0.654179
-0.877395
-1.567665
-1.271505
0.092779
1.309506
0.552723
-0.836781
-0.800789
-1.241925
-0.858097
1.050349
2.185021
0.899007
-0.245765
-0.925438
-0.496898
-0.592343
-0.913490
1.524885
2.259078
1.145805
0.747168
0.346872
-0.121171
-0.868601
-1.401333
1.002781
1.878182
0.270266
-0.126204
-0.389185
-0.530338
0.321909
1.111791
1.033480
1.156055
-0.326130
-0.009777
0.093065
-1.006101
-2.107477
-2.369665
-0.170515
1.861632
-0.450332
-0.545731
0.379079
0.993170
-0.910360
-0.395505
0.991360
0.633299
-1.144534
0.372625
0.836016
-0.085492
-0.962624
-1.526279
-0.380771
1.824921
1.738272
0.001982
-0.128282
0.346139
1.008988
0.445771
-2.210154
-1.095545
-0.582967
-0.883440
0.656492
1.071969
0.340627
-1.032002
-1.299096
0.351019
-0.025556
0.348778
0.605615
-0.000668
-0.741571
-2.147262
-1.768033
1.232883
1.179482
0.461628
0.220344
0.168095
-0.391561
-0.655315
0.352116
-0.308594
-0.626489
-0.397659
-0.132470
0.667926
-0.639442
-0.343541
-1.298821
-0.062248
0.345844
0.405352
0.919498
0.433185
1.340445
-0.399623
-0.400573
1.040774
0.224531
1.408107
-0.006213
-2.008234
-0.251100
0.642114
-0.497179
-0.063744
0.227425
-0.875352
-0.140215
0.108662
-0.629905
-0.706491
-0.283209
1.091386
1.803197
0.246472
-0.635704
0.022342
-0.567428
-2.144176
-2.563356
-0.683892
-0.162161
0.375570
1.021387
1.218639
-0.498313
-1.455472
1.197813
1.989226
1.690052
0.600912
-0.914107
-2.944440
-2.062550
0.715076
1.984656
2.018763
0.204794
-0.948931
-0.359358
-0.034855
0.864385
-0.994504
-0.508207
0.484709
0.338076
-0.397610
-0.478525
-1.327994
0.200873
0.746906
-0.579348
0.550180
0.475803
-0.967476
0.042625
0.093010
-1.025632
-0.531111
0.703264
-1.431452
-0.597687
-0.762070
-0.110222
0.121059
-0.459212
0.218362
-0.276412
-0.240147
1.153508
0.923064
0.803989
1.004531
0.419447
-1.278464
-0.097022
1.210474
0.833923
-0.137508
0.050815
-0.377754
-1.839419
0.134251
1.666534
1.372622
0.866630
-0.155425
0.001306
-0.878438
-1.289301
-0.351994
0.312531
-0.931487
-1.444126
-1.203746
-1.699200
1.428146
3.044685
0.642625
1.279561
0.750683
0.203695
0.267240
0.793330
0.623678
-0.944119
0.222003
0.353740
-1.604655
-1.679798
-0.198261
0.862904
1.012729
-0.462401
-1.991771
-1.234894
0.044295
1.503435
1.195806
-0.790863
-2.184753
-1.335348
-0.245426
0.255648
0.541358
-0.861195
0.070242
0.216766
0.294812
0.460174
-0.139653
0.744290
0.566213
-0.524486
-2.216572
-1.688074
0.047093
0.358880
0.144961
-1.123815
-1.475641
0.162602
1.821803
0.693295
-0.529459
-1.872228
-2.468612
-1.002039
0.985568
0.254140
0.199066
1.818856
1.271416
-0.533301
-0.272602
0.623585
0.578921
0.131685
0.004311
1.084745
1.304890
0.696335
0.899432
-0.423631
0.106282
0.208352
-0.052318
1.496918
1.816734
1.435744
-0.973777
-1.158212
1.383077
1.816774
0.653693
0.863756
0.626699
0.174046
-1.082434
-0.296404
0.948764
0.505724
-0.188523
-0.713134
-1.515449
0.720636
1.701336
-0.174107
-0.333296
-0.241400
-0.508355
-0.170713
-2.828770
-2.135787
0.524044
0.807946
1.114666
-0.765688
0.172483
1.043487
0.381552
-0.752291
-1.868340
-1.736811
-0.505923
-0.767522
-0.352458
0.227614
-0.828137
-1.484603
0.270936
1.137201
-0.263231
0.270363
-0.261901
0.075896
0.836026
0.148403
0.563463
0.997050
-0.124832
-0.696234
1.549872
0.305080
-0.687507
1.399693
1.065406
0.014046
0.010777
0.466703
-1.465169
-1.045318
0.712493
0.429199
0.520195
1.091180
0.760628
0.746254
-0.197492
-0.442829
-0.239943
0.353921
0.723057
1.419917
1.360620
-0.405068
-0.729340
-1.013174
0.552854
0.952955
0.257987
0.280571
-0.610274
-0.780670
-1.271313
-1.344163
0.278997
0.467806
-1.328387
-0.806314
0.180870
1.010818
-0.883278
-0.021892
1.293416
0.556309
-1.065053
-0.380061
-0.628280
-0.385201
-0.724948
-1.223961
-0.437104
0.840551
0.192034
-0.139212
1.026273
0.513501
-0.418153
-0.471268
0.268371
0.180263
0.239826
0.177126
-2.218635
0.062119
0.049249
-1.895731
-0.819645
-0.337955
-0.366030
0.287554
-0.492656
-0.601159
-0.552817
0.831371
-0.289649
-0.442575
0.209796
0.529826
0.334221
-0.650782
0.682354
-0.067396
-1.225326
0.374890
0.865816
0.842301
0.138866
-0.119406
-0.751766
-0.232577
0.398900
-0.598358
0.129526
0.949199
0.247910
-0.263937
-0.036784
0.382269
-0.096181
0.951771
1.110356
0.125227
0.553152
0.326011
0.976731
0.388923
-1.806467
-2.299701
-0.707618
0.332353
0.699091
0.737751
0.287870
0.700214
0.565423
0.734187
1.057814
0.389663
0.044553
0.421889
0.699760
0.377803
0.027829
-0.714558
-0.399984
0.130904
-0.973743
-2.035481
-0.483617
0.301261
0.248478
0.376840
0.322696
0.526277
-0.983712
-2.856723
-0.679672
0.432282
0.383440
-0.222166
-0.992493
-1.060761
-0.933362
-1.455177
-2.068839
-1.599526
0.452624
0.697234
-0.145799
0.035462
1.002450
1.284094
0.491248
-0.571297
-0.455727
0.104239
0.099165
-0.984157
-1.379226
0.552552
0.777921
0.484727
2.067544
2.927276
2.332424
0.640077
-1.229003
0.371990
1.176274
1.819779
2.872705
2.351196
