-0.472876
-0.607032
-0.147582
0.749965
1.660874
1.214133
0.704381
0.423995
0.353414
0.941989
0.120663
-0.020257
-0.540217
-0.663225
-0.924974
-1.144943
-0.686414
-0.248501
-0.570800
-1.406752
-1.060914
-0.476579
-1.244515
-0.474079
-0.023029
0.079499
-0.303571
-0.318080
0.083465
-0.381770
-0.097396
0.560741
0.831124
-0.186000
-0.105488
0.110418
-1.178565
-1.285338
-0.527955
-0.959339
-1.582505
-1.191565
-0.763769
-0.233584
0.188446
-0.384168
-1.277912
-0.789739
-0.530230
-0.075902
0.473016
-0.217504
-1.170090
-1.061404
-0.970895
-0.459750
-1.241480
-1.085435
-0.406392
0.030089
0.463532
0.497160
0.207389
0.065150
-0.550883
-0.115031
0.386523
0.302612
0.267927
-0.433352
-0.093418
-0.273328
0.375200
1.342127
1.643119
2.453732
2.864580
3.238708
2.296829
0.836492
0.357972
-0.255386
-0.616697
0.080766
0.626849
1.307723
1.416137
0.633369
0.367621
0.333649
0.047973
-0.727047
-0.662799
-1.265290
-0.959622
0.068443
0.987748
2.077863
1.631904
1.260095
2.592259
2.945389
2.103234
0.504451
-0.488824
-0.706337
-1.098568
-0.963258
-1.363346
-1.535047
-1.034748
-0.170189
0.137671
0.733557
0.919823
0.150654
-0.333592
-1.281339
-2.001503
-0.581569
-0.392336
-0.286634
0.429880
1.307538
2.711565
1.983004
1.028700
0.417499
0.178171
-0.312377
-1.459523
-1.076172
-0.354164
-0.917907
-0.391200
0.557122
0.612394
-0.590125
-1.349970
-1.247539
-0.961855
-0.909137
0.216327
0.731439
1.032992
1.016494
1.221678
1.117869
-0.227956
-0.405771
-0.365595
-0.133648
-0.120425
0.214571
0.144373
0.040601
0.023146
0.131045
1.038574
1.299855
0.762295
0.869389
1.388202
0.848249
0.922983
0.871641
-0.008247
0.436920
0.444774
0.543490
0.213482
0.203915
-0.078128
0.019995
-0.061489
-0.421240
-0.485479
-1.531155
-2.892844
-2.020288
-1.649420
-1.554717
-1.235914
-0.668158
-1.150176
-1.659687
-1.264804
-1.999859
-1.647152
-1.701217
-1.616697
-2.633370
-3.008375
-2.188393
-1.485907
-0.724129
0.518780
0.993073
0.648100
0.127437
-0.803446
-0.911070
-1.415784
-2.125012
-1.908395
-1.194938
0.333105
1.248296
0.755814
0.356942
0.398958
0.433948
0.569914
-0.055899
0.412109
0.484681
0.664260
1.559137
1.531215
0.826146
-0.430228
-0.685205
0.198812
0.647123
1.082924
2.083481
1.910570
0.861929
0.518721
0.510550
0.410534
0.193538
-0.621112
-1.455631
-0.759382
-0.937429
-0.539991
0.666956
1.379493
1.461994
0.492411
0.674448
1.433499
2.258232
2.611531
2.114487
2.055220
2.339535
1.395484
0.668820
1.133325
1.278931
1.547973
1.557561
0.931744
-0.384673
-1.058385
-1.167809
-1.400465
-1.237523
-0.788019
-0.023285
-0.653562
-0.944976
-0.815952
-0.270468
0.326202
0.403505
-0.011817
-1.690769
-2.082531
-0.942875
-0.488161
-0.286852
-0.104789
0.440656
0.348539
1.185535
1.745681
1.495767
0.870829
0.279069
0.157338
-0.641980
-0.921862
-0.193285
-0.203150
-1.022502
-0.278374
-0.456634
-1.077555
-0.771912
0.588867
0.685926
0.373947
0.103062
0.201241
0.700856
1.367708
0.962575
-0.410250
-0.892132
-0.856481
-1.342257
-1.378830
-0.923094
-0.637536
-2.058098
-1.839556
-1.284609
-1.063055
-0.978950
-0.962080
-0.481699
0.338692
0.204685
0.458944
0.645397
-0.400312
-2.232841
-2.504208
-2.142847
-1.793327
-1.289224
-0.266688
-0.784562
-0.489178
-0.632582
-0.489466
0.664750
1.030434
1.515442
1.918664
1.471465
1.329295
1.420364
0.989389
0.581777
0.832718
1.607999
1.285963
0.691941
0.985504
1.387400
1.299204
0.689817
0.576094
0.187550
0.309454
1.272275
1.014950
0.321086
0.544763
1.298299
1.250786
0.308649
0.526774
-0.845182
-1.553522
-1.085758
-1.259577
-1.147758
-1.280356
-0.753261
-0.340395
0.293175
0.377744
0.147979
0.336493
0.500781
0.575734
0.567154
0.442947
0.319247
0.072220
0.275718
0.147109
-0.282587
-0.383063
-0.417060
-0.239576
-0.764005
0.157266
0.718788
0.693574
0.248229
-0.074605
-0.067820
0.191696
0.170061
-0.400847
-0.256078
0.235138
0.013873
-0.217919
-0.237588
-1.151120
-1.030735
-0.651768
0.434975
0.859415
0.842500
-0.473420
-1.032401
-0.919271
-0.906662
-1.027470
-0.925144
-0.485553
0.200561
0.720070
-0.092583
0.494666
0.003321
-0.927228
-0.410732
0.356646
0.730216
0.800069
0.502440
0.289269
-0.338750
-0.015865
0.011999
0.060101
0.371685
0.056305
0.246999
0.332698
0.514968
1.211145
0.746311
-0.309400
-0.831730
-0.468590
0.176352
-0.016079
0.634666
0.614875
0.640489
0.992896
0.723327
0.547175
-0.110632
-0.499869
-1.394657
-1.595612
-0.614694
1.483095
1.567662
1.030582
-0.011977
-0.165633
-0.013173
-0.511630
-0.621996
-0.070392
0.541895
0.941170
0.246921
-0.175929
-1.010267
-2.213119
-2.132931
-1.803988
-1.049240
-0.911806
-0.950659
-0.590377
0.367965
0.623171
0.657619
0.744667
0.099672
0.341918
-0.016932
-1.523472
-1.527616
-0.990053
-0.239071
0.886810
0.402127
0.878137
0.972595
1.556410
1.768298
1.860243
1.266914
0.484641
0.286626
0.474326
0.687609
-0.054163
-0.726505
-0.191897
0.360543
0.734023
0.711121
0.536657
0.258022
0.405294
0.230415
0.382463
-0.470889
-1.019701
-0.719928
-1.292550
-1.450855
-0.974144
-0.765684
-0.476312
-0.601958
-0.263087
0.072306
0.715936
0.401565
0.458997
0.332946
1.281599
1.961220
0.909938
0.520446
-0.559372
-0.846086
-0.354874
0.209161
1.602325
1.445507
0.625241
0.654224
-0.219745
-0.813865
-0.394042
-0.375325
-0.680167
-1.138905
-1.715554
-2.125311
-1.880720
-1.876467
-1.369442
-0.555097
0.133651
0.764666
0.718519
0.098846
1.313626
1.968229
1.439692
0.532429
-0.750899
-1.196561
-1.620571
-1.319795
-0.965295
-0.096900
0.158125
0.199367
0.217043
0.535314
0.534046
-0.134829
-0.645405
0.292361
0.580344
0.383323
-0.796660
-1.098190
-0.805308
-0.498323
0.689391
0.007104
-0.811104
-1.068778
-0.575997
0.144615
0.067030
-0.489285
-1.005899
0.047066
1.537375
2.053642
0.770167
-0.616471
-0.687555
0.098618
-0.064354
0.186846
0.258564
0.244740
0.505410
0.593693
0.469908
0.003339
-0.588346
-1.377556
-1.757942
0.169254
1.044102
1.250381
1.530606
0.980368
-0.255299
-0.628044
0.092936
0.418674
0.182735
-0.025566
-0.041199
-0.557406
0.086352
-0.182982
-0.835197
-0.374895
0.422964
0.845203
0.759592
1.204266
0.814875
0.778348
-0.460367
-0.768924
-0.551777
-1.213375
-1.096727
-0.814272
-0.724021
-0.765659
-1.102346
-0.588020
-0.030141
0.328663
0.535365
0.203704
0.212013
0.864678
0.755648
-0.216103
-0.545770
-0.766042
-1.182749
-1.649154
-1.518927
-0.148356
0.892577
0.860493
1.541489
2.164370
1.957668
1.980489
2.285954
1.856000
0.828026
-0.137849
-1.285204
-1.440903
-0.873400
-1.353856
-1.933149
-1.712773
-0.761202
-0.088531
0.454257
1.246866
1.434213
0.640654
-0.057265
0.080910
0.467495
-0.170151
-0.506718
-0.892545
-0.362637
-0.705952
-0.466466
-0.415534
-0.047883
0.104773
0.274045
0.679986
0.875819
1.715523
1.570279
0.838560
1.011716
-0.085561
-0.737285
-0.877269
-1.056722
-1.294869
-1.109218
-0.864197
0.349964
0.448767
-0.503550
-0.320660
0.262941
0.307076
-0.059377
-1.397470
-0.751022
-0.212051
-0.790958
-1.550224
-1.804262
-1.527133
-0.297774
-0.038788
0.526644
0.862597
1.035435
1.032561
0.553470
0.669682
0.138305
-0.153554
0.316637
0.292276
0.273218
1.367532
2.111788
2.072079
1.859633
2.021532
1.978305
1.711010
1.146902
0.653768
1.107688
0.855179
0.396806
-0.392217
-0.871349
-0.693406
0.818815
0.935568
0.131640
0.060161
0.089346
-0.336522
-0.453569
-0.251398
0.602180
1.310516
2.253560
1.929125
0.543706
0.530565
0.135873
-0.301164
-0.474121
-0.502955
-0.858839
-1.489159
-2.480054
-2.068146
-1.943183
-1.692734
-0.644261
0.090364
0.833115
0.417416
0.550456
1.344233
1.548583
0.808712
-0.821382
-1.631300
-1.251404
-0.898689
-0.903279
-0.880977
-1.433370
-0.999318
-0.418784
-0.366569
-0.056971
-0.217956
0.352611
1.778839
1.994527
1.832202
1.625137
1.644717
1.077858
0.235818
-0.902943
-1.653282
-1.275393
-0.611498
-0.664449
0.068722
0.427897
0.382974
0.398171
1.175973
2.061852
2.187699
1.251314
0.129562
0.432258
-0.186774
-0.698620
-0.523205
-1.204307
-1.289496
-1.544741
-1.592761
-1.560551
-2.163897
-1.946466
-1.963161
-1.211984
-1.071258
-0.519877
-0.236244
-0.024159
1.220154
1.395300
0.647368
0.163665
0.298303
0.802220
0.069218
-0.999993
-1.578006
-1.644555
-1.167115
-0.901193
-1.345655
-0.841721
0.323773
0.929320
1.460386
0.615935
0.782507
0.597381
0.402532
0.072207
-0.318919
-0.402328
-0.699968
-0.445234
-0.101778
-0.135527
-0.603717
-0.928139
-0.771265
-0.356178
-0.649178
-0.633951
-0.441162
-0.573170
-0.657989
-0.431536
-0.373480
0.232859
0.346675
0.343802
0.661525
1.050701
1.043673
0.504697
0.021096
-0.403709
-0.772654
-1.055695
-1.069520
-0.618935
-0.452608
-0.395340
0.040184
0.078278
-0.363774
-0.928205
0.053467
0.100504
0.190048
0.521046
0.786438
0.488115
0.823831
1.815939
2.117719
0.948458
0.070093
-0.112615
-0.832695
-0.803779
-0.340080
0.029921
0.110213
0.419767
0.736920
-0.122144
-0.960335
-0.171347
0.724002
1.183888
1.751498
1.458030
1.652658
1.223311
0.892107
1.115247
0.543929
-0.732310
-0.438726
-0.400263
-0.634840
-0.854833
-0.252429
0.450219
1.979035
2.306014
1.020328
1.155569
1.214123
0.374277
0.169251
-0.782159
-1.002146
-0.400078
0.172054
0.403977
-0.488397
-0.626783
-0.865409
-0.780123
-0.246044
0.157585
0.552587
0.761660
0.354873
-0.615707
-0.686770
-1.323447
-1.359224
-0.779417
-0.925941
-0.237811
0.226597
0.125539
0.179905
0.237765
-0.725101
-0.741695
-0.736444
-1.988920
-2.003169
-0.149808
0.611855
0.590820
0.660753
0.196796
-0.038172
-0.090641
-0.673553
-0.598167
-0.080089
0.610097
0.774762
1.092799
0.566770
0.092994
0.049499
-0.504950
-0.944405
-1.279654
-0.192360
1.141478
0.898346
0.341534
0.539102
-0.062432
-0.298137
-0.511645
-0.939940
-0.475240
0.970032
1.873205
1.882516
1.760172
1.972832
2.451180
1.915133
1.416426
1.154276
0.475388
-0.280817
-0.812275
-0.662572
0.100511
0.442308
0.199276
-0.258295
-0.714273
-0.349553
-0.672531
-0.266034
-0.237556
0.384549
-0.340981
-1.040350
-0.162031
0.839584
0.888842
0.954174
1.097427
1.772413
1.992888
0.698817
-0.252366
-0.472208
-1.323461
-2.959205
-3.092069
-2.451971
-1.650231
-0.961550
-0.607677
-0.994884
0.088843
0.220385
