0.446699
-0.496389
-0.405984
-0.149429
0.103089
0.460114
-0.198878
-0.442941
-0.365168
-0.752287
-0.733960
-0.754344
-1.188601
-0.851447
-1.278249
-0.442535
-0.629723
-1.344612
-0.228206
-0.080075
-0.012366
-0.154191
-0.446643
-0.061318
-0.052699
-0.482926
-0.825909
-0.208440
0.414670
-0.051117
0.825285
1.205235
1.257666
1.003258
0.900670
0.561734
0.519251
-0.060026
0.446592
1.271545
1.922402
1.365330
0.918674
0.410506
0.417518
1.125758
0.445311
0.362205
0.090639
-0.106115
-0.894550
-0.946717
-0.838936
-1.095250
-1.283168
-0.999084
-1.434400
-0.420815
-0.394898
-0.325817
-0.268244
-0.187948
-0.058902
-0.746967
-0.669356
-0.567558
-0.935047
-0.416540
0.020061
0.650601
0.239883
-0.120452
-0.300467
-0.632981
-1.357921
-0.961913
-0.381335
0.316451
0.156065
0.812980
1.874352
2.292938
1.637109
1.898924
2.042472
1.951597
2.740939
2.080282
1.530070
1.046419
0.907486
0.272231
0.051543
-0.058379
-0.544828
0.473881
-0.270820
0.368693
0.634455
0.375059
0.751345
0.477066
0.899872
1.008823
-0.082734
-0.251396
-0.622155
-0.943713
-1.058881
-1.082436
-1.851570
-2.010491
-1.542099
-1.088018
-1.457172
-1.501741
-1.477226
-1.295417
-2.050042
-1.026875
-0.731250
-1.132767
-1.643112
-1.133529
-0.780905
-0.533305
0.012894
0.157364
0.942131
0.590756
0.439165
1.268410
1.186011
1.319042
0.265998
-0.760260
-0.550407
-0.458104
0.028444
0.107023
-0.111855
0.267889
-0.019691
0.115048
-0.186752
-0.211710
-0.196910
-0.921475
-1.063733
-0.533635
-1.128736
-1.723244
-2.524970
-2.510683
-2.427736
-2.636643
-2.393761
-1.433499
-0.354894
-0.990866
-0.671245
-0.100671
-1.012090
-0.307854
-0.254370
0.122258
0.954466
0.771260
1.451444
1.141814
0.921628
0.440600
0.450299
0.801385
1.072053
0.747418
0.717541
0.847450
1.628908
2.313167
1.710458
1.843315
2.414312
2.182438
1.292736
1.345487
1.240014
1.404538
2.184101
1.824793
0.531899
0.040273
0.169203
-0.322601
-1.497538
-0.961542
-2.307892
-1.721264
-1.471901
-1.534952
-0.499446
0.294852
0.316287
1.768884
1.876528
0.977987
1.522061
0.914743
0.393135
0.379368
0.491781
0.137827
-0.531853
-0.199101
0.352047
-0.004362
0.201922
0.475908
0.135710
0.090517
-0.557779
0.148777
0.158223
0.067070
-0.269420
-0.347089
-0.470634
-0.553331
-0.718697
-1.245068
-1.477185
-1.156926
-1.861223
-1.474605
-0.921284
-0.599945
-0.214358
-0.503566
-0.479775
-0.240248
0.086116
0.205689
0.247173
0.820693
0.769586
0.024113
-0.095122
-1.298103
-2.106410
-1.578421
-1.800948
-1.385164
-1.403078
-0.026276
-0.823749
-0.583117
0.614240
0.293242
0.650351
1.275660
0.545162
0.925158
0.802034
1.201524
0.741287
0.949844
0.530028
0.186354
-0.034607
0.178085
-0.969738
-0.082511
0.692149
0.203308
0.750582
1.406079
1.712822
0.692208
0.631467
0.028919
-0.480124
-0.354149
-0.568066
-0.387320
-0.066840
-0.761499
-0.766364
0.519722
-0.876581
-0.677608
-0.109479
-0.443070
0.346005
1.649544
0.697189
-0.065223
0.847313
0.458547
0.253926
0.381628
0.785681
0.423348
-0.175654
-0.616261
-0.534104
-0.266018
-1.200601
-0.759580
0.152547
-0.104401
0.011310
-0.109319
-0.641273
-0.662631
-0.542242
-0.555052
-0.120707
-0.327047
0.587253
0.713760
1.248482
1.917808
1.442501
0.749092
0.873268
1.798783
0.430866
0.403277
1.213199
1.341285
1.313358
0.913749
0.694951
1.219286
0.915629
0.732628
0.585785
1.620722
1.430796
0.509548
0.261437
-0.004671
0.347066
-0.742813
-0.628350
-0.631414
-0.530046
-0.285636
0.334889
0.736329
-0.331673
0.221995
0.915167
0.867254
0.803884
1.401820
0.994772
0.806097
0.991393
0.711050
0.460256
0.354185
-0.739752
-1.915863
-1.424170
0.382263
-0.612314
-1.351230
-1.443813
-1.628607
-0.548275
-0.469407
-0.204278
0.243524
-0.056336
-0.049683
0.043598
-0.791557
-0.207549
-0.526805
-0.510873
-0.663796
-0.428521
-0.262021
-0.026964
0.656380
0.841304
0.220437
-0.751513
-0.711061
-0.510760
-0.770315
-0.496566
-0.833728
-0.689862
0.111640
0.989074
0.679512
0.277998
0.488849
0.040550
0.311066
1.336914
0.310525
-0.076812
0.126437
-0.949616
-0.539503
-0.026145
-0.292868
1.945432
0.772328
1.024765
1.685417
0.888151
-0.632319
-0.957211
0.086878
-0.667686
-0.687914
-0.383947
-1.084025
-1.688618
-1.703429
-1.237568
-0.502368
-0.387739
-0.259976
0.064175
0.616735
1.510962
1.752055
0.637115
-1.203737
-1.207505
-1.168579
-1.590892
-2.188557
-2.877221
-2.012794
-2.397116
-1.379656
-1.087681
-0.971628
-0.452721
-0.723031
-0.303862
0.309004
0.737798
1.028239
0.499067
-0.392236
-1.339386
-0.987162
0.712041
1.384246
1.681620
0.985079
1.220984
0.043234
-0.170240
-0.117261
-0.407843
-0.323947
1.058591
1.079568
1.036796
0.491970
-0.899431
-1.296191
-0.748202
-0.400665
0.183387
0.466965
0.405496
0.756630
0.633977
-0.134964
0.633816
0.456727
0.253226
1.231902
0.291735
0.532822
-1.300748
-0.375729
0.917499
0.869428
0.514308
-0.430765
0.154470
0.792611
-0.363568
-0.847327
-0.960486
-0.970414
-1.133361
-0.303325
-0.426951
-1.961755
-2.348034
-2.227801
-2.779117
-3.200148
-3.142721
-1.979294
-0.784063
-0.372688
-0.350866
-0.930999
-1.513812
-0.976766
-1.103368
-0.995742
-0.978109
-0.491501
0.319888
-0.319841
-0.513736
0.103814
0.816249
0.828038
0.747574
0.956407
1.514299
1.135996
-0.070685
0.142596
1.113850
1.783599
2.739470
2.541125
1.452412
1.454290
0.766433
0.617976
1.214325
1.775933
2.462208
1.997175
1.922595
2.236407
2.147823
2.503879
1.936884
2.162031
1.947965
1.336011
1.882251
2.086823
1.532130
0.350008
0.080907
-0.301465
-0.508028
-0.280479
-0.375787
-0.920027
-0.359909
-0.075510
1.084632
1.168891
1.578955
0.894718
-0.075759
-0.521719
-0.470706
-0.750202
-1.569381
-0.183071
-0.509849
-0.586166
0.077371
-1.764078
-1.637512
-1.943266
-1.602840
-0.711416
-1.909345
-1.437233
-1.209928
-1.827344
-1.286189
-1.599150
-1.049575
-0.849403
-1.171791
-0.962151
-1.232608
-2.218971
-1.365045
-1.226299
-1.632138
-1.252807
-0.416591
-0.695389
-0.464444
-0.151121
0.682379
-0.123793
0.279920
0.142229
0.544991
-0.015023
-0.040387
0.342690
0.842508
1.278554
0.754344
0.266135
0.509054
1.462634
0.048265
0.224429
0.401753
0.180340
-0.120922
-0.051449
1.017916
1.459547
1.156807
0.752663
0.691853
0.658228
0.759030
0.278953
0.294958
-0.051617
-0.051223
-0.298765
-0.460384
-0.469391
-0.548739
-0.273398
0.562795
-0.281103
-0.737867
-0.667574
-0.511659
-0.550797
-0.920267
-0.527844
-0.374992
-0.879503
-0.386831
-0.757753
-0.289172
-0.313109
-0.195230
-0.394216
-0.990523
-0.794209
-1.160378
-0.033991
0.869348
0.778490
1.052645
1.100681
1.458461
1.683480
1.628898
0.645396
0.034334
0.280435
-0.020751
0.032829
0.020701
-0.218264
-0.199020
-0.639500
-0.363634
-0.422718
-0.345046
0.384651
0.045399
0.648789
0.094548
0.110973
0.426876
0.050877
0.525739
0.435933
1.011501
1.130480
0.888883
1.222665
0.812862
0.274759
0.103827
0.486823
0.433495
0.387629
0.133959
0.646096
0.396759
0.657263
0.622650
1.048456
1.156074
0.243042
-0.067227
0.013337
-0.916117
-0.652683
-1.219225
-0.146098
0.234720
-0.190170
-0.396452
-0.479887
-0.328004
-0.330417
-1.212360
-0.739124
-0.011113
-0.055348
-0.763220
0.050583
-0.545002
-0.804768
-0.589996
-0.733066
-0.609040
-1.475000
-1.173530
-0.743018
-2.189845
-1.656150
-0.843279
-0.572638
0.294687
0.016782
0.728041
1.842013
2.465539
2.079720
1.776253
2.207916
1.592006
1.276369
0.689759
1.499579
1.138609
0.607617
0.253140
-0.796463
-0.045012
-1.691960
-1.459399
-1.991706
-1.804013
-2.240790
-2.831019
-2.966673
-2.454501
-3.374855
-2.320923
-1.532101
-1.214904
-1.187247
-0.268783
-0.203614
0.079403
-1.412459
-1.788298
-0.553499
-0.447975
-0.374006
-0.400245
0.433375
1.281704
0.896594
0.963230
1.278231
1.677365
2.038003
1.888708
1.915547
1.624200
1.449934
1.937075
1.230872
0.676022
0.395760
1.230158
1.121574
1.141250
1.828238
2.043751
2.049952
1.604922
2.524362
1.292159
0.294603
0.006165
-0.580162
-0.253953
0.312407
0.831044
0.318249
0.799833
1.205300
0.873030
0.154244
-0.350530
-0.389575
-0.652795
-0.679101
-1.468283
-1.145616
-0.022451
-0.360085
0.470522
0.574054
1.227085
0.924958
0.121800
-0.080769
-0.809375
-1.155616
-0.812021
-0.788919
-0.804425
-0.338544
-0.526308
-1.357989
-1.131462
-0.703607
-0.381712
-0.223296
0.226799
-0.284174
-0.312400
0.449370
0.797621
1.089054
0.354108
-0.206095
-0.992514
-1.485534
-1.225066
-0.706133
-0.419554
-0.893122
-1.403192
-1.072411
-1.407042
-1.408488
-1.198978
-1.203326
-1.087206
-0.613296
-0.608937
0.410266
0.391138
0.287965
0.413069
-0.318827
-0.702058
-0.820731
-0.859756
0.036748
-0.810762
-1.222644
-0.644431
-1.447601
-1.690427
-1.691479
-1.447110
-0.955157
-1.001483
-0.631860
0.132262
0.724274
1.045061
0.471760
-0.205540
0.363855
1.088213
1.033518
1.281177
0.422879
0.286859
0.307681
0.152213
0.054467
-0.402480
-0.192826
0.380593
0.791446
1.363654
1.511928
0.786298
1.027974
1.201157
1.847182
1.317218
1.458306
0.595187
-0.506274
-0.955427
-1.211561
-1.696469
-1.313358
-0.473397
0.171419
0.060784
-0.779001
-0.765416
-0.119862
0.304019
0.328384
0.208588
0.541498
0.673470
0.921190
0.904883
0.511245
0.363128
0.463855
0.794993
0.837834
0.690128
0.370048
-0.361406
-0.529625
-0.298007
-0.093103
-0.819326
-0.390536
-0.323767
0.549052
0.870217
1.011973
0.901718
0.568456
0.205398
0.728887
0.256785
0.996810
1.413351
1.242225
0.861322
0.057286
0.086942
-0.478662
0.241449
-0.421960
-0.654388
-0.163640
-0.534604
-0.108557
-0.095086
-0.282913
-0.117654
-0.326427
-0.254009
-0.006118
-0.273121
-0.326223
-0.612958
-0.360890
0.401709
0.352094
0.523312
-0.679850
-0.717268
-0.781098
-1.315079
-0.480131
-0.192118
0.692172
0.825772
0.374383
1.029961
0.006705
0.589187
1.073328
0.997855
0.901774
-0.165053
0.142555
0.750111
-0.263053
0.026991
0.363807
0.350567
0.541529
-0.342164
-0.092101
-0.055092
-0.524383
-0.893397
-0.557473
-0.618112
-0.917574
-0.508575
-0.695279
-0.500966
-0.236305
-0.513163
-0.057679
-0.073711
-0.374263
0.063739
0.340133
0.543734
0.135421
1.292749
0.612959
0.058956
-0.075621
0.263764
-0.116504
-0.833273
-0.095367
0.433325
0.348286
0.286565
0.754095
1.173373
1.167253
1.225836
1.048323
