1.647338
1.758206
2.018293
0.763270
0.750450
0.407174
-0.382983
-0.307572
-0.768201
-0.972439
-0.767992
-0.088547
0.157137
0.348562
-0.081751
-0.696849
-1.256210
-1.497665
-1.318756
-1.672130
-2.043378
-1.634632
-0.874870
-0.010144
0.805663
1.573041
1.574267
1.329521
0.866372
0.380659
0.240997
-0.319654
-0.192753
-0.839727
-1.277705
-1.553809
-0.772577
-0.360816
0.343634
0.678450
0.686022
0.908356
1.108678
1.193677
0.401554
0.520588
0.400600
0.069030
0.066938
0.019770
-0.580518
-0.413556
-0.757147
-0.926135
-0.616629
0.043616
0.010897
0.364286
1.350839
1.039180
0.628983
1.065331
1.363900
1.940295
2.464881
2.483666
1.793412
1.544990
1.479734
0.610515
1.219266
0.681420
0.584527
0.512561
0.302214
-0.060380
-0.309213
-0.453321
-0.866186
-0.504713
-0.372606
0.181501
0.073738
0.107263
-0.635443
-0.531810
-0.675594
-0.486175
0.699494
0.867088
1.076162
1.055595
0.541461
1.214283
1.126448
0.362676
0.435312
-0.383920
0.096415
-0.174922
-0.031328
-0.677685
-1.046337
-1.040855
-1.165359
-0.654589
-1.235491
-1.328675
-1.075185
-1.135729
-1.307232
-1.635753
-1.871943
-2.151934
-2.723198
-2.138612
-2.826092
-2.603565
-1.915686
-2.136856
-1.440450
-0.470550
0.850117
0.878202
1.424829
1.850085
1.554642
0.924382
0.900096
0.785304
0.704542
0.521992
0.890942
1.003102
0.767907
1.006459
1.046200
0.604340
0.369071
0.136511
-0.296885
-0.629780
-1.318101
-1.551955
-1.881947
-0.929834
-0.488470
0.345073
0.609086
0.289409
0.531894
-0.193882
-0.700029
-0.238480
-0.222169
0.364152
-0.076731
0.057724
0.256182
0.221644
0.267622
-0.210253
-0.138377
-0.859446
-1.216166
-0.831766
-0.493855
0.209288
0.064017
0.735969
1.220003
1.742166
1.254689
1.277945
1.026462
0.627622
0.349206
0.151608
-0.853164
-0.282259
-0.341008
-0.808879
-0.918012
-0.457953
-0.273354
-0.030369
0.021846
0.397043
0.247579
0.406462
0.246694
0.078999
0.078938
0.151439
0.742810
0.076994
0.509446
0.780257
0.677360
0.871172
0.298070
0.428382
0.399736
-0.104647
-0.349090
0.182690
-0.214173
-0.054389
-0.173274
0.264198
0.173813
0.039399
-0.144486
-0.139540
0.360771
0.141892
0.438950
-0.231719
-0.513194
-0.495982
-0.662609
-0.346731
-0.772116
-1.037061
-0.536282
-0.887019
-0.480425
-1.212744
-1.121234
-1.174159
-0.788978
-0.701438
-0.555598
-0.223749
-0.313502
-0.481575
-0.585482
-0.368917
-0.721729
-0.640044
-1.092698
-1.984016
-2.857289
-2.607823
-2.845175
-2.408977
-2.391107
-1.815369
-1.259751
-0.865554
-0.499505
0.155238
0.418735
0.840363
1.212236
1.274527
1.612017
1.966673
2.008274
1.874633
2.329830
2.349096
1.811932
1.891638
2.252436
1.847813
2.468070
2.092047
2.546679
2.613821
2.118202
2.009876
1.072846
0.891502
0.013849
-0.342297
-0.495386
-0.835294
-0.333166
-0.532878
-0.005864
-0.501109
-0.316835
-0.124037
-0.396326
-0.613365
-0.808507
-1.032122
-1.369934
-1.974371
-1.639045
-1.487470
-1.068658
-0.914701
-0.535866
0.098336
0.462393
1.275232
0.371098
0.573279
0.839751
1.094858
1.693698
2.019917
1.853384
1.888877
1.735086
1.309910
0.273971
0.257742
-0.082013
-0.293550
0.003905
0.160594
0.454747
0.607560
0.432559
-0.108933
-0.376475
-1.045134
-1.360232
-1.988078
-2.139463
-2.383986
-2.148526
-1.332552
-0.859151
-0.940889
-0.509424
0.239470
0.219789
0.317888
-0.099119
-0.519856
-0.727808
-0.724369
-1.036729
-1.246133
-1.887065
-1.808615
-1.194898
-0.851922
-0.000236
0.037877
0.143867
0.381193
0.813868
1.517390
0.952441
0.819189
0.532061
0.294101
0.766427
1.323207
2.186993
1.839753
1.135514
0.831434
0.324873
0.657758
0.643595
0.901931
0.779281
0.797596
0.373062
0.184234
0.019648
0.383557
0.200027
-0.079669
-0.612102
-1.133878
-1.676335
-1.829783
-2.220259
-2.768218
-1.999864
-1.702536
-1.628813
-1.413519
-0.578011
-0.329562
-0.049507
-0.028452
-0.381936
-0.105687
0.223412
0.043135
0.315449
0.802916
1.114578
1.389384
0.656123
0.808439
0.877429
0.824626
1.129047
0.538376
0.576538
0.526234
-0.041326
0.551195
1.020291
1.792636
1.646280
1.750038
2.071816
1.429590
0.480270
0.387828
1.201227
1.653419
2.245013
1.972892
2.001218
2.049037
1.600679
1.119083
1.111318
0.797362
0.943385
0.526545
-0.138726
-0.232288
-0.264293
0.026059
0.223382
0.893263
0.260370
-0.206776
-0.560816
-1.156813
-0.480959
0.013169
-0.454119
-0.502200
-1.399739
-1.495268
-0.646466
0.017389
0.950379
0.947479
0.609860
0.125172
-0.648775
-0.694749
-1.112894
-1.979353
-2.677466
-2.975631
-2.539395
-1.942089
-0.995232
-0.544165
-0.827786
-0.873565
-0.117237
-0.775025
-0.559951
0.202544
0.159191
-0.052900
-0.640863
-1.132951
-1.239737
-0.995702
-1.307481
-0.555336
0.060261
0.682989
1.184219
1.096503
0.834733
0.575638
-0.305299
0.165103
0.278894
0.525854
0.812810
0.851718
1.240772
1.140964
1.407286
1.776008
1.630864
1.589050
1.740944
1.614156
1.338319
1.955774
1.450640
0.874496
1.203266
0.931929
0.529270
-0.465941
-0.768944
-2.197031
-2.982513
-3.367383
-2.837610
-2.432050
-2.017808
-1.576754
-1.205191
-0.731815
-0.669538
-1.484402
-1.404328
-1.055818
-0.805133
-0.674872
-0.366478
-0.702135
-0.398964
-0.066458
0.987446
1.102536
1.604670
2.456798
1.888311
1.916684
1.765716
1.191547
0.659240
0.683428
0.282360
0.730774
0.785155
0.720660
0.387100
-0.121112
-0.495363
-0.679686
-1.278820
-1.898803
-2.409255
-2.001735
-0.894740
-0.423137
-0.501710
-0.950521
-1.481928
-1.635837
-1.878861
-2.813193
-2.766099
-2.275329
-2.227016
-1.650348
-0.833355
0.110996
0.268872
0.293146
-0.877924
-1.275874
-1.126617
-0.907937
0.032184
0.543394
0.980779
1.201106
0.860691
1.362083
1.217533
1.712306
1.837921
1.799212
1.793408
2.116972
2.031041
2.045877
2.199045
1.818751
2.135514
1.172296
0.497354
0.385020
-0.177029
0.323066
0.582906
0.550417
1.082632
1.159897
0.788962
0.980658
1.097625
0.304454
-0.073143
-0.154745
-0.470377
0.032535
-0.534411
-0.375476
0.053470
-0.125666
0.448697
0.517097
0.131966
-0.192314
-0.551313
-0.717532
-0.762393
-0.539017
-0.104927
-0.066137
-0.656510
-0.358093
-0.313830
-0.738998
-1.316823
-1.184943
-0.666983
-0.482845
-0.819346
-0.448127
0.029594
0.285193
0.002651
-0.434142
-0.678172
0.657483
0.303051
0.418785
0.713879
1.542961
1.004394
1.254736
1.358502
1.442740
0.933496
0.560261
0.485121
0.404030
0.149566
-0.315771
0.251069
-0.192181
-0.732148
-0.713132
-0.908177
-1.038023
-0.678542
-0.183966
-0.607496
-0.828760
-0.592842
-1.287853
-0.822327
-0.573937
-0.585281
-0.132467
0.181232
0.075384
0.173475
0.542094
0.534545
0.077105
-0.451602
-0.305671
-0.160791
-0.603962
-0.961502
-1.063559
-0.830180
-1.108124
-1.203092
-1.251438
-1.050092
-0.731910
-0.146325
0.295930
0.394008
0.372843
0.547617
0.822821
0.832985
0.944548
0.497865
0.726994
0.940330
0.689035
-0.094819
-0.240976
0.081406
0.762571
0.473931
0.889062
0.983366
1.075374
1.050908
0.859921
1.170195
0.761914
0.852570
1.381737
1.247966
1.358168
1.354045
0.674406
0.244841
-0.556637
-0.573335
-0.662219
-0.316566
-1.299211
-0.894238
-0.493980
-0.372713
-0.360909
-0.561135
-0.634030
-0.851916
-0.905279
-1.338322
-1.461253
-1.327085
-1.517098
-1.527734
-1.335861
-1.042632
-0.179705
0.043418
0.011380
0.241862
0.265661
0.779983
1.076627
0.770247
0.667992
-0.109970
-0.138902
-0.170275
-0.834870
-0.312346
-0.291460
-0.242566
-0.428423
-0.538069
-0.724503
-0.912400
-0.982312
-0.688150
-0.563720
-0.474696
-0.205268
-0.345823
-0.345516
-0.655649
-0.524258
-0.622350
0.005567
0.671351
1.504751
1.618342
1.519668
1.308759
1.089769
1.228504
1.094469
0.487397
-0.226086
-0.635032
-0.724343
-0.420367
-0.268680
0.118160
0.461066
0.633407
0.649566
0.419528
-0.064313
-0.005970
-0.122114
-0.146040
-0.204349
0.019106
-0.041058
-0.021113
-0.203342
-0.325609
0.157919
-0.155767
-0.336364
0.048989
-0.067769
-0.254806
-0.161116
1.089442
1.394252
1.584011
1.176404
0.078862
-0.009886
0.563482
0.230537
0.096100
0.425394
1.199293
0.563309
0.029383
-0.075211
-0.493981
-0.565240
-0.849444
-0.884327
-0.890400
-0.540108
-0.048384
0.464237
0.251742
-0.407764
-0.791699
-1.027943
-0.790134
-0.404341
0.222745
0.554541
0.659656
0.392658
0.085200
0.128775
-0.532350
-0.949051
-1.144758
-1.428154
-1.210113
-1.371108
-1.393393
-1.057077
-0.546114
-0.223664
0.360972
0.028080
-0.373982
-0.497263
-0.386179
-0.175244
0.037871
0.038633
-0.032741
0.162236
0.145672
-0.070431
0.004316
-0.000893
-0.011834
0.401028
0.415811
0.340919
0.278859
0.345994
-0.278891
-0.077409
-0.262235
-0.361153
0.297852
0.494838
0.882486
0.664731
0.969489
0.502075
0.029034
-0.162437
0.140983
-0.267278
-0.074948
0.367013
0.888315
0.633835
0.546576
0.398020
-0.015380
0.331320
0.609827
0.609139
0.235513
0.240499
0.027769
-0.610967
-0.363655
-0.205927
-0.200642
-0.440736
-0.426164
0.167816
0.494166
0.533710
0.340070
0.224478
0.634260
0.952157
1.122582
0.961935
1.196398
1.231963
0.893117
0.607410
0.921871
0.423302
0.020761
0.390071
0.295578
0.346714
0.526709
0.325622
0.194642
0.176424
-0.269425
-0.109633
-0.001384
0.817913
0.590819
0.256279
-0.109095
-0.189087
-0.474452
-0.730507
-0.795561
-0.881213
-1.238022
-1.166534
-0.816872
-0.490032
-0.607626
-1.362977
-0.601665
-0.289662
-0.008292
-0.263384
-0.548604
-0.774845
-1.427122
-1.629280
-2.277422
-1.835939
-0.558500
0.021723
0.424003
0.168668
-0.699290
-0.799599
-0.927289
-0.790052
-0.520064
-0.111880
-0.258295
0.185121
0.400133
0.463586
0.958652
1.843569
2.039109
1.507831
1.581807
1.717042
0.836840
0.285337
0.453527
0.206067
0.184717
-0.267467
0.191347
0.141802
0.047783
0.267228
-0.051522
0.046390
-0.171874
-0.800134
-0.528862
0.179491
0.225938
0.114826
0.193565
-0.003756
-0.345850
-0.061751
-0.074771
-0.087861
0.180786
-0.294693
-0.346778
-0.384712
-0.509367
-0.417506
-0.082889
0.211189
0.049904
-0.035970
0.112564
-0.198565
-0.302066
-0.662303
-0.486542
-0.731450
-0.650415
-0.054241
-0.419651
-0.963455
-0.358000
-0.665298
-1.194871
-1.175874
-1.094530
-0.354997
-0.230454
0.372543
0.529789
0.878093
1.236319
0.903426
1.258752
0.700988
0.561130
0.196214
0.044886
-0.288615
-0.730907
-0.777604
-0.661629
-0.576691
-0.062885
-0.529729
