0.552220
-0.270206
-0.874423
-0.713502
-1.344450
-0.697535
-0.195247
-0.362622
0.218591
0.995103
1.319537
1.869208
2.173334
1.964860
1.585790
1.138283
1.190068
1.026157
0.128117
-0.098601
-0.494850
-0.247220
0.113769
-0.925343
-1.407814
-1.977483
-2.342962
-0.874044
-0.090470
0.424247
0.326730
-0.175066
-0.109342
-0.292306
-0.678770
-0.452258
-1.145022
-0.943997
0.156162
-0.220407
-0.252119
0.734840
0.255951
0.604662
0.555538
1.077149
0.676038
0.572435
1.321030
1.318719
1.799078
1.537775
1.014750
0.912281
0.478609
0.286160
0.260065
-0.436905
-0.420033
-1.090102
-1.353510
-0.582578
-0.121220
-0.158343
0.443827
0.056109
-0.899752
-0.310879
-0.469619
-0.625110
-0.793925
-1.160288
-0.775088
0.129431
-0.152987
-0.245199
-0.481457
-0.526314
-0.386208
-0.480910
-0.006171
-0.335116
-0.790319
-0.730815
0.581337
1.449638
1.274487
0.347572
0.235151
0.847205
1.935047
1.978979
0.799220
-0.343021
-0.842976
-1.467330
-1.461708
-1.495010
-1.569475
-0.867691
-0.967570
-0.912551
-0.475068
-0.434065
0.986664
0.995150
-0.185497
-0.398497
-0.262334
-0.252475
0.148611
1.208693
1.080482
0.668118
0.800229
0.423547
0.163873
-0.458221
-0.585195
-0.394979
-0.373464
0.001253
0.130366
-0.073017
-0.431025
-0.651790
-0.157650
0.573193
1.066882
-0.083675
-0.721949
-0.527809
-1.399847
-1.071302
-0.136375
0.207507
-0.233092
-0.704518
-0.266491
-0.507339
0.593816
0.825869
0.350426
0.406038
0.639842
0.829832
1.300751
1.568358
0.965752
0.102692
0.283568
0.317239
-0.331712
-0.605645
-0.984234
-0.920124
-0.988090
-1.551383
-0.822144
0.128696
0.040385
0.649643
1.437651
2.276664
1.212401
-0.080017
-0.205224
0.590054
1.055804
1.219644
1.265590
0.714918
0.332395
0.556611
0.328606
0.139766
-0.439434
-1.292852
-1.901652
-1.844485
-1.390741
-0.942381
-0.933116
-0.057278
0.481023
1.541277
1.998772
1.900231
2.003831
1.949251
1.940765
1.947009
0.338684
-0.749747
-0.776472
-1.175889
-1.345909
-1.668340
-0.756951
-1.168180
-2.407789
-2.716576
-1.659831
-0.661471
0.483674
0.746162
0.045899
-0.620961
-0.505104
0.036921
0.291865
0.591184
0.335005
-0.319634
-0.492367
-1.468979
-1.848548
-1.464450
-0.648775
0.218614
-0.119905
0.669114
-0.392410
-1.187014
0.016300
1.217835
1.525568
1.027981
0.697843
0.771985
0.591471
0.512047
0.192054
0.103752
0.839914
0.532152
0.709886
0.686254
0.791625
0.198929
-0.220139
-0.032362
-0.246798
-0.429159
0.819986
1.197331
0.763226
0.831452
0.413425
0.129182
-0.900220
-1.658910
-0.935257
-0.479853
-0.102867
-0.151642
-0.480363
0.396421
0.952737
1.471995
1.744601
1.713486
0.956497
0.692351
-0.235304
-1.588881
-1.692061
-0.805707
-1.075904
-1.881695
-1.390677
-0.182854
-0.003109
0.122521
0.146189
-0.243844
-0.565343
-0.708067
-0.171538
0.546429
1.008903
0.371303
-1.054660
-0.873738
-1.512276
-0.777359
-0.096247
0.006137
-0.189784
0.338231
0.146814
0.630676
1.126620
0.234149
-0.058108
-0.108208
-0.128397
-0.117458
-1.131694
-1.067170
-1.034313
-0.883031
-0.105228
0.771785
0.898912
0.366955
0.095481
-1.201930
-1.487933
-0.557432
0.248333
1.293035
0.548134
0.115809
0.515623
0.732503
1.360701
1.940200
2.230792
1.495074
0.054785
0.047706
-0.233344
-0.112507
0.064389
0.965840
0.754003
0.076647
-0.074246
-0.006047
1.094513
0.419045
-1.160871
-1.064321
-1.038416
-0.923794
-0.645884
-0.557331
0.103510
-0.106721
-0.427992
-0.311826
-0.246502
-0.026744
0.172171
1.002972
1.548585
0.832783
0.349182
-0.027268
0.467236
-0.240233
-0.612409
-0.290379
-0.385020
-0.921914
-0.300836
-0.717479
-1.034680
-1.131453
-0.696114
0.045803
0.108777
0.335600
1.093834
0.897112
-0.616107
-0.466649
-0.328103
-0.295436
-0.593891
-0.480248
-0.350578
-0.568839
0.120091
0.450269
0.076163
-0.299256
-1.397124
-1.207149
-1.052630
-0.794581
-0.362399
0.045050
0.583443
0.469911
0.340413
-0.047796
-0.825798
-0.822796
0.018272
1.300595
0.959934
0.136750
0.180672
-0.163945
0.533781
0.355331
0.096945
0.626085
1.687418
1.079503
-0.065329
-0.238791
-0.155373
0.247154
0.849734
0.384412
-0.255213
-1.072287
-0.635371
-0.549671
-0.916291
-1.558388
-1.532311
-1.500391
-0.847552
-0.901416
-1.316510
-1.104866
-0.864095
-0.565407
0.589831
1.089859
0.526546
0.255352
-0.068501
-0.206484
0.361790
0.740577
-0.093216
-1.078273
-0.273439
-0.099948
-1.079697
-1.485874
-1.026524
0.046521
0.010275
0.173040
0.020746
0.077462
0.986464
1.290248
1.535227
2.348259
2.250974
1.469639
0.885701
0.759729
0.790212
1.544935
1.237969
1.120245
0.566022
0.112171
0.309809
0.412500
-0.015479
-0.466575
-0.901776
-1.198621
-1.462717
-0.468932
0.158277
-0.450019
-0.912902
0.006779
0.943962
2.362440
2.946171
2.224671
1.702551
1.649601
1.136742
0.109428
-1.115887
-1.297016
-1.763611
-1.356150
-0.416969
-0.367713
-0.754045
-0.544158
-0.161644
-0.601657
0.417783
0.907210
0.596861
0.518790
0.551679
-0.098732
-0.461434
-0.793008
-0.320484
0.905727
1.254497
0.763417
-0.555532
-1.319964
-1.421367
-0.748215
0.354966
0.607577
0.503711
0.790308
-0.044218
-0.349913
0.333714
0.248040
0.001400
0.390151
-0.498629
-0.106640
0.400169
0.127023
-0.539493
-0.932377
-0.832964
-0.739475
-1.058253
-2.213133
-2.692364
-2.284172
-1.714629
-1.265014
-0.834738
-0.353428
-0.265126
-0.702607
-0.234455
-0.712848
-1.152696
-0.325578
-0.700431
-1.037826
-1.547230
-0.784493
0.945716
1.961637
1.336650
0.747973
0.790600
0.779341
0.515182
0.666555
0.109695
-0.151358
-0.444694
-0.422778
-0.113379
-0.512987
-0.422787
-0.467950
0.072939
0.826207
0.968491
0.201515
0.430015
0.617864
0.760251
1.237446
1.100596
0.384655
-0.723548
-1.366852
-1.634307
-0.980429
-0.451839
0.357908
0.554641
0.303884
0.876843
0.697149
1.155029
1.810069
1.836472
2.313110
1.619891
0.985671
0.780419
0.335175
0.221993
0.468650
-0.017250
1.022556
1.247466
1.082162
1.463905
2.225671
2.426159
1.568254
1.667748
2.004212
2.055958
1.872751
0.751406
-0.562029
-0.698325
-1.300844
-1.632296
-1.761318
-1.450194
-1.010260
-1.112100
-1.443463
-0.785618
-0.489775
0.078707
1.362134
1.921991
1.512670
0.242109
0.284665
1.435628
0.770230
0.172385
0.430752
1.308996
0.567920
-0.162556
-0.489238
-0.353314
-0.570660
-0.495873
-1.694204
-1.397952
-1.552575
-2.253842
-2.457682
-1.724880
-0.992817
-1.075565
-1.056471
0.345590
1.384660
1.563286
0.572880
0.443843
-0.207945
-0.934795
-0.585360
-0.936128
-0.962881
-1.470485
-2.656089
-1.984565
-1.958486
-1.854017
-0.141779
0.005820
-0.484761
0.067429
-0.329342
-0.126772
0.545500
0.147959
-0.720668
-0.820743
0.207373
-0.337658
-0.581644
-0.420089
-0.310742
-0.201448
-0.499661
-0.142436
0.047539
0.956989
0.360779
-0.397456
0.180388
0.392229
0.344407
-0.202818
-1.247009
-1.137410
-0.853686
-0.467981
-0.588772
-0.640947
-0.387732
-0.135983
-0.106374
-0.856211
-0.705839
-0.071237
-0.603382
-0.330018
-0.002112
0.428378
1.483669
0.890451
0.350758
-0.026185
-0.246331
-0.017652
0.022148
0.125181
-0.051267
-0.206706
1.456429
1.198118
0.478560
1.015509
1.112730
0.560169
1.202724
1.082427
1.712263
1.015340
0.068807
0.325653
0.193826
-0.516483
-0.558353
-0.043472
0.386808
1.258830
1.265155
0.880991
0.236868
-0.502332
-1.284174
-0.895971
0.347409
1.116963
0.829781
0.080348
0.259131
0.951918
1.061399
1.227315
1.119408
0.809976
0.069518
-0.024603
-0.268949
-1.239435
-1.814110
-2.273489
-2.954284
-2.183622
-1.651067
-1.718837
-0.826912
-0.458219
0.594356
1.358748
0.854246
0.858133
-0.208757
0.198606
0.659185
0.108557
0.068936
0.207875
0.827129
0.565532
0.001729
0.174183
0.383284
-0.097016
-0.993374
-1.428511
-1.252066
-1.267017
-0.756125
0.536511
1.259100
1.101980
0.076515
0.357198
0.880119
1.061196
0.201957
-0.579105
-0.514904
-0.318734
-0.591607
0.097544
0.334354
0.192184
-0.802745
-0.264602
0.343645
0.672553
-0.080173
-0.520782
-0.370778
-0.102213
1.154209
0.556447
-0.889683
0.000571
0.910715
1.327494
0.909346
0.297498
-0.673715
-1.003805
-0.066013
0.587433
0.812913
-0.470341
-1.838503
-1.730543
-1.177024
-1.276076
-0.788694
-0.645691
-0.566412
-0.946988
-2.023317
-1.262280
-0.798636
-0.169106
0.036179
1.040160
1.796661
1.034848
1.257979
0.760228
0.891173
1.799167
2.279462
1.229322
0.504607
0.878504
0.522868
0.333560
0.324720
0.226713
0.434975
0.268863
0.343659
-0.586649
-1.498875
-1.171317
-0.629185
-0.485116
-0.748373
-0.872510
-0.829437
-0.532581
-0.341163
0.545428
1.275762
0.721435
0.351238
0.009080
0.204690
0.329382
0.275116
-0.179848
0.401475
0.942137
0.104535
0.344687
0.811458
0.585841
0.356208
0.312609
0.752841
1.691564
1.849825
2.126448
1.921452
1.636435
0.671091
-0.176693
-0.136961
-0.832025
-0.886322
-0.939896
-0.910701
-1.134672
-0.868576
-1.454137
-1.747904
-1.623553
-1.541830
-1.017836
-1.144364
-1.362145
-0.906043
0.185199
0.201409
-0.483599
-0.371874
0.633578
0.999423
0.473515
0.561852
0.163117
-0.483074
-0.076213
0.205777
-0.260037
-1.402139
-1.535670
-0.856591
-0.089862
-0.186048
-0.495810
0.004793
0.186365
0.580613
0.955273
0.723595
0.892272
1.505268
1.253075
0.648364
0.305043
-0.427741
-0.172223
0.681772
0.404361
0.056419
-0.206851
0.443230
0.407607
0.079326
0.401415
0.654052
0.053796
0.691381
0.884182
0.048095
-0.732580
-0.971352
-1.066182
-0.771875
-1.589912
-1.862368
-1.428130
-1.385825
-0.101008
0.912551
0.781082
0.251760
0.452297
1.425552
1.349846
1.693295
1.631109
1.209618
0.249113
-0.995726
-0.860482
-0.145276
-0.415270
-0.151379
0.785445
0.580826
0.627035
2.060197
1.689621
1.166427
0.955615
-0.133414
-1.068006
-1.052217
-0.671727
0.148893
0.105838
0.007481
-0.256971
-0.601550
-1.111905
-2.690444
-2.935169
-2.327480
-2.605862
-3.159359
-2.303887
-1.239299
-0.516813
-0.432356
-0.310943
0.852610
1.732160
2.933683
2.820545
1.987629
1.701282
1.845802
-0.293956
-1.189545
-1.734120
-1.744423
-1.684815
-1.373377
-1.086446
-1.731306
-1.409694
-0.468332
0.139672
0.268428
0.599640
1.080658
-0.051712
-0.677427
-1.176949
-1.679249
-0.795228
-0.274707
-0.379070
-1.243678
-0.767490
0.026769
0.773368
0.987678
1.327235
2.510398
3.266366
3.328380
3.087933
2.211472
0.242257
-0.195053
-0.289014
0.013247
