-0.539677
-0.783302
-0.844713
-0.456145
-0.790054
-0.929123
-0.223694
0.351922
1.137937
1.101281
0.901256
1.166781
1.206459
1.267039
1.408549
1.750986
1.544183
1.133978
0.301636
-0.160450
-0.029849
0.193115
0.269703
-0.928605
-1.386800
-1.417284
-1.497841
-1.145116
-0.917451
-0.439762
0.227289
-0.487245
-0.924945
-0.841244
-0.209718
-0.493148
-1.131164
-0.940639
-0.666884
-0.279631
-0.064508
-0.408547
-0.342855
-0.024129
0.170581
0.907693
0.541801
0.692195
1.375719
1.120462
0.578214
0.342940
0.603071
0.262355
-0.386064
-0.559342
-0.339151
-0.484061
-1.218948
-1.583328
-1.314122
-0.849416
-0.677703
-1.212757
-0.899997
-0.508530
-0.638108
0.140559
-0.250823
-0.629733
-0.284855
-0.132107
0.224220
0.556019
0.296973
0.710823
0.230664
-0.062943
0.067972
-0.007783
0.452923
0.892562
0.702631
0.498260
0.217594
-0.228547
-0.395760
-0.752486
-0.605270
0.213302
0.719661
1.251331
1.159088
0.847425
0.884651
0.551890
0.050696
-0.485893
-0.567100
-0.656677
-0.732449
-0.668650
-0.260478
0.024882
-0.143773
0.117068
0.019262
0.310107
-0.073704
-0.819642
-0.950625
0.032353
0.657503
0.773580
0.906797
0.811339
0.572770
0.251586
-0.364405
-0.427305
-0.398418
0.693811
1.306939
0.861117
0.524511
0.569413
0.765892
1.180256
1.400087
0.598321
0.253053
0.184152
0.144312
-0.037725
0.073015
0.124679
-0.281544
-0.209117
-0.306838
-0.533226
-0.526009
-0.575025
-0.768914
-0.962543
-1.244144
-0.318266
0.368452
0.618916
-0.181617
-1.469850
-2.052307
-1.267176
-0.862457
-0.865426
-0.460969
0.098394
0.519814
0.490488
-0.076086
0.039451
0.456832
0.780735
1.265567
1.538385
1.057993
0.620636
1.262639
1.749306
1.925009
1.814515
1.597998
0.844244
0.757763
0.973827
1.012237
0.837599
0.039059
-0.265744
-0.589228
-0.795820
-0.392011
0.011686
0.020028
0.345103
0.600373
0.575509
0.996940
0.927227
0.537891
0.240310
0.242193
0.491517
0.491228
-0.020417
-0.044479
-0.666815
-1.569976
-2.118175
-1.775530
-1.663254
-2.315812
-3.114348
-3.386218
-2.707074
-1.403829
-0.665825
-0.307313
-0.659307
-0.798667
-0.802750
-0.568466
-0.031495
0.244239
0.390628
-0.500715
-1.155382
-0.770855
-0.415484
-0.154164
-0.113759
-0.437578
0.033902
0.310841
-0.175219
-0.071265
0.532733
1.067766
0.872946
1.072572
1.645704
2.233350
2.161838
1.630045
1.545675
1.730625
1.444047
0.858736
1.081134
1.911902
0.876532
-0.255605
0.161905
-0.035932
0.053073
0.451467
0.547547
0.147187
-0.049321
0.305348
0.541535
0.083006
0.126211
0.557887
1.240123
1.087415
0.776063
0.222133
0.032061
0.045597
-0.227450
-0.464615
-0.989508
-1.938551
-1.937536
-1.798037
-2.051367
-1.895729
-1.078824
-0.318853
-0.303813
-0.597501
-0.231533
-0.064957
0.062419
0.074232
-0.047538
-0.843407
-1.473527
-1.487321
-0.821876
0.096167
0.262645
-0.041763
0.369575
0.774138
0.962739
1.346576
0.445007
-0.725151
-0.980788
-0.909461
-0.473799
-0.275712
-0.596666
-0.362915
-0.164322
0.056409
-0.201197
-0.889722
-1.075327
-0.539342
0.098483
0.082037
0.403331
1.014671
1.271522
1.275529
1.072591
0.303941
-0.100467
-1.114063
-1.152998
-0.590900
0.281056
0.664802
0.353702
-0.069688
-0.030554
0.240630
0.557694
0.737248
0.984075
0.721497
0.080245
-0.520081
-0.687921
-0.396040
-0.279628
-0.668666
-0.855724
-0.333142
-0.200754
-0.892234
-1.044241
-0.289862
0.052282
0.049308
-0.109874
-0.231673
-0.172515
0.044625
0.168217
0.470736
0.415402
0.589740
1.098867
1.341691
1.170296
0.992820
0.653870
0.105345
-0.545921
-0.623075
-0.075172
-0.169883
-0.170694
-0.829918
-1.463005
-1.022289
-0.870507
-0.961151
-1.024195
-0.719055
-0.271140
-0.314740
-0.988742
-1.147051
-0.506106
-0.123403
-0.089223
0.134177
-0.002425
0.119064
-0.077455
-0.694598
-0.650521
-0.495212
-0.326841
-0.335853
-0.422739
-0.775757
-0.533885
-0.641646
-0.513710
-0.024187
0.117268
-0.004092
0.386949
0.422248
0.420205
0.690112
1.108880
0.792641
0.782512
0.329941
0.272856
0.915329
1.246795
1.009387
0.998438
1.734130
0.943095
0.643359
1.237254
1.059238
0.919953
0.712455
0.279226
-0.310969
-1.318849
-1.417597
-1.082471
-0.662518
-0.495312
-0.457573
-0.433585
-0.089464
0.091464
-0.057637
-0.865567
-0.906793
-0.136041
0.679311
0.642178
-0.376185
-0.873488
-0.673118
0.210759
0.502534
0.365734
-0.150824
0.194924
0.198044
-0.147387
-0.303236
0.081116
0.246269
0.481369
0.443971
0.600047
0.453399
0.499729
0.596625
0.879646
1.353423
1.354411
1.023114
0.811752
1.021850
0.655175
0.682622
1.118461
0.832576
-0.018737
-0.288310
0.034104
-0.036399
0.041792
-0.362577
-0.529798
-0.935882
-0.954643
-0.686157
-0.025545
0.558218
0.751086
0.802643
0.894919
0.768750
1.343394
1.644323
1.472549
1.485056
1.442143
1.228810
0.031634
-1.109667
-2.036862
-2.466909
-2.090105
-1.474227
-1.171839
-1.027572
-0.341715
-0.231484
-0.379227
0.065570
-0.229563
-0.265320
-0.091938
-0.071834
0.064101
0.234407
0.193825
0.628787
0.772369
0.350580
0.395797
0.426668
0.971062
0.875014
0.745293
0.520149
0.260217
-0.081740
-0.320570
-0.345647
-0.625652
-0.492740
-0.823070
-0.553011
-0.202985
-0.769071
-0.908252
-0.442419
-0.439902
-0.796347
-1.159611
-2.054364
-2.462302
-2.749326
-3.292286
-3.723780
-3.599926
-3.588756
-3.437129
-3.293391
-3.103704
-2.785283
-2.204428
-1.276535
-0.221369
0.371606
0.385276
0.272428
0.193286
0.714017
1.926300
2.776860
2.726272
2.149358
1.834503
1.614931
0.859468
0.626359
1.264318
1.250307
1.000973
1.243259
1.272490
1.293131
1.172255
1.005028
0.720663
1.207671
1.642227
1.278214
1.060733
1.027557
0.962515
1.100227
0.789308
0.164466
-0.250741
-0.526893
-0.356140
0.153100
0.507674
0.491492
0.241075
0.690435
1.209972
1.740117
1.826838
2.243689
2.088239
2.107276
2.044294
1.405894
0.576889
0.134120
-0.534207
-0.894102
-0.915692
-0.607848
-0.397931
-0.687549
-0.320480
0.782805
1.497285
1.940348
2.405511
2.251392
1.813557
1.358738
0.921533
0.361208
-0.601483
-1.216317
-1.524638
-2.081137
-1.700329
-0.665357
0.241916
0.412905
0.095542
0.448917
0.724798
0.730251
1.154775
1.181023
1.075150
0.924909
0.963226
0.771605
0.416192
0.618454
0.851084
0.652851
0.210275
-0.213256
-0.010520
0.116601
-0.341798
-1.029295
-1.635138
-1.368397
-1.254417
-1.407845
-1.104231
-0.926941
-0.745682
-1.059101
-1.032411
0.014829
0.988337
1.407131
0.744825
0.365994
-0.258902
-1.448279
-1.883603
-1.955728
-1.979816
-1.949604
-2.047136
-0.940840
-0.654762
-1.028954
-0.920868
-1.036410
-0.498629
0.008079
0.147709
-0.157278
-0.287791
-0.406791
-0.949951
-1.298034
-0.864451
-0.633640
-0.365944
-0.722120
-0.633165
-0.276821
-0.545328
-0.214189
0.453747
0.307387
-0.224670
0.315796
0.850339
0.806900
0.515403
0.003667
-0.726115
-1.129047
-1.117287
-0.765242
-1.136725
-1.924180
-2.675784
-2.434842
-2.159718
-1.855352
-1.471521
-1.368515
-0.863388
-0.378323
-0.336281
-0.192351
0.284708
0.233192
-0.262238
-0.353195
-0.054526
0.160890
0.445163
0.542695
0.135385
0.243868
0.518136
0.280820
0.368732
1.363330
1.704068
1.435965
1.016022
1.399824
1.484302
0.856803
-0.004941
0.216788
0.580718
-0.316797
-1.095050
-0.870399
-0.468720
0.583922
0.833294
0.731075
0.409078
0.216616
-0.009489
0.363817
0.518106
0.962563
1.181843
0.989691
0.926000
1.315573
0.907772
0.565045
0.725824
0.194016
-0.252755
-0.356532
-0.332836
-0.217648
-0.257230
0.060104
0.178232
-0.107420
-0.354106
-0.907240
-1.083656
-1.000129
-0.028639
0.688123
0.482315
0.734252
0.504721
0.876241
1.047263
0.790426
1.003190
0.884586
0.701601
0.447040
0.422027
-0.172786
-0.748877
-1.448743
-1.266641
-1.161632
-0.998103
-0.763126
-0.532568
0.172471
0.335728
0.194259
-0.007533
0.503161
0.988252
0.902852
0.607061
-0.115219
-0.802729
-1.371415
-1.368668
-0.724407
-0.243726
0.125143
-0.288060
-0.300401
0.008341
-0.178156
-0.363760
0.223778
0.855716
0.849090
1.249274
1.442138
1.095797
0.669422
0.528422
0.913183
0.273989
-0.539627
-1.939474
-1.997793
-1.139132
-1.281834
-2.082119
-2.525408
-2.290639
-2.174181
-1.394156
-0.976945
-0.528584
-0.151387
-0.323708
-0.680639
-1.181389
-1.227217
-1.545575
-1.709810
-1.276536
-0.109857
0.341860
0.874368
1.572149
1.616095
1.748257
2.092607
3.036196
3.323435
2.651966
2.477505
1.636568
0.716040
0.211194
0.376145
0.081050
-0.316969
-0.244847
-0.112503
-0.456014
-0.404762
0.088135
0.232117
0.243522
-0.374653
-0.589053
-0.317032
0.113292
0.438462
0.618165
0.357997
0.760493
1.202471
1.125421
0.726554
0.171286
0.736389
1.269320
1.770385
1.747275
1.729326
1.413784
0.943191
0.234783
0.200290
0.596668
1.212464
1.369221
1.135672
0.941598
0.684973
0.790522
0.251851
-0.213996
-0.605644
-0.401357
-0.449595
-0.924921
-1.375019
-1.374370
-1.175308
-1.449209
-1.576286
-1.240005
-1.007123
-0.877371
-1.078220
-0.395318
0.610995
0.377151
-0.244382
-0.134288
0.794842
1.386841
0.655359
-0.024629
-0.158965
-0.028754
0.093876
0.108854
-0.066867
-0.378413
-0.240698
-0.350792
-0.133544
0.037789
0.002561
0.458058
0.621543
0.498638
0.597139
0.383726
0.784115
1.336048
0.841415
-0.472159
-1.784532
-1.464828
-1.000585
-0.719013
-0.462414
-0.775696
-0.754804
-0.647324
-0.435722
-0.492365
-0.192844
0.044125
-0.754288
-0.925542
-0.761445
-0.802214
-0.783540
-0.764502
-0.864146
-1.081722
-0.829202
-0.315044
-0.392316
-0.344692
0.587476
1.012691
1.128496
0.642389
0.837225
1.249911
0.938070
-0.004410
-0.829502
-1.466968
-1.600738
-0.996740
-0.373329
0.284903
0.777637
1.015240
1.385625
1.707765
2.011993
1.591997
1.497174
1.761990
1.328502
0.080418
-1.023774
-1.019072
-0.432798
0.559283
0.272078
-0.055421
-0.785645
-0.360082
-0.852907
-1.810709
-2.021303
-2.458557
-2.714020
-1.979713
-1.199832
-0.714411
-0.298064
-0.207742
-0.088925
0.222905
0.517962
1.117180
1.010550
0.982143
1.225976
1.117161
0.160548
-0.406888
-0.916264
-1.675593
-1.115547
-0.581924
-0.075135
-0.416845
-0.103483
0.261479
0.073125
-0.799962
-1.008144
-0.823481
-0.371432
-0.208509
-0.672532
-1.134294
-0.563013
0.665257
1.063406
0.767541
0.460503
0.454086
0.662694
0.368277
0.181919
0.516117
0.957815
1.501055
2.025139
1.718602
0.887033
0.211553
0.117454
0.389605
