0.370479
0.792934
0.325398
0.233261
0.784328
1.086190
1.467381
0.906646
-0.720381
-1.167383
-0.711613
-0.695365
-0.660377
-1.024307
-1.530926
-0.619753
-0.170473
0.107290
0.656065
0.476269
0.169457
0.354983
-0.413267
0.870721
1.730843
0.873561
0.599742
-0.352211
-0.991683
-1.006632
-0.654281
-0.629664
-0.788164
-0.302017
0.224491
0.196390
0.077934
0.446242
0.677077
0.375071
0.554074
0.264751
-1.132721
-1.489717
-1.328717
-1.333530
-0.808060
-0.475176
-0.735352
-0.118818
0.260946
0.480659
0.697112
0.828083
0.285494
-0.066429
0.116791
0.618415
1.041560
1.360568
0.549935
0.108700
-0.163901
-0.196683
-0.141132
0.394375
0.286554
-0.726449
-0.014414
1.333212
1.414413
1.332819
1.008126
0.662029
0.445461
0.376375
0.387234
0.140907
-0.164626
-1.056607
-1.081619
-0.091557
0.991744
1.234141
1.000600
0.835089
0.693926
0.187321
-0.520130
-0.457159
0.174970
-0.212578
-0.705833
-0.344994
-0.521759
-1.009405
-1.222702
-1.050167
0.125680
0.468702
0.408684
0.257080
-0.023462
0.007259
-0.961003
-0.949668
-0.825342
-0.999834
-0.492283
-0.910296
-1.435723
-1.650460
-1.959279
-1.239406
-0.502315
-0.374003
0.049692
0.820126
0.927758
0.254221
-0.135205
-0.675473
-0.370997
0.084934
0.425018
1.085606
0.832595
-0.276805
-0.505299
0.279711
0.612601
0.347526
0.317416
-0.247505
-0.986324
-0.530901
-0.247716
-0.393172
-0.060018
0.165069
0.169046
-0.705735
-0.038159
1.047170
0.396353
-0.074591
0.708624
0.711313
0.249897
0.211594
0.554851
0.382274
-0.108882
0.511871
0.851433
0.488962
0.423145
0.604449
0.339731
-0.189375
-0.671021
-0.189695
0.425543
0.030346
-0.786902
-0.528618
0.218459
0.626357
0.357139
-0.153272
-0.128809
-0.551313
-0.412481
-0.645063
-1.028585
-1.590527
-1.638820
-1.689753
-1.547501
-1.722436
-1.387361
-0.428265
0.201837
0.269653
0.069624
0.047924
-0.222604
-1.107521
-1.014986
-0.224912
0.194172
-0.429333
-1.471331
-1.693359
-1.505640
-0.573376
-0.290253
0.081466
0.368679
1.084370
0.951779
1.318866
0.883971
0.623203
0.259454
-0.577595
-0.483991
-0.152662
-0.268623
0.350186
0.338408
0.167074
1.023767
0.938852
0.819377
1.101545
1.005036
0.887281
0.692258
0.931608
0.865853
0.843704
0.246206
0.046473
-0.075788
-0.194401
-0.161649
-0.321721
-0.361323
-0.503581
-1.257085
-0.693368
0.110557
0.039421
-0.843293
-0.460605
0.088017
0.065353
-0.488866
1.347175
2.269802
0.748534
0.375177
0.451250
-0.047175
-1.005932
-0.925621
-0.261222
-0.381587
0.023701
0.261341
0.088531
0.245047
0.195612
0.275269
0.218851
-0.245108
-0.819759
-1.431699
-1.037710
-0.818575
-0.426404
0.440769
0.232919
0.141254
1.174829
1.513010
0.950413
1.381144
2.018824
1.773496
1.041328
0.973211
0.459027
0.051361
-0.468484
-0.303817
0.623002
0.817229
0.336306
0.480032
1.036065
1.199235
1.127062
0.426007
-0.660454
-0.961237
-0.884531
-1.031316
-0.828552
-0.976940
-2.068596
-2.320256
-0.926426
-0.106679
-0.564654
0.033492
0.437286
0.275783
-0.294141
-0.259565
0.481959
0.055819
0.119496
0.837943
1.468167
0.641553
0.470676
0.656966
0.107655
0.295856
0.054763
-0.305496
0.013683
0.338081
0.075146
-1.526616
-2.116262
-1.680848
-1.623746
-1.263568
-0.017444
0.385257
0.886313
1.627152
1.486476
1.105105
0.369990
-0.371222
-0.735609
0.118738
0.646413
0.694261
0.984276
0.365543
-0.597205
-0.809455
-1.564180
-1.870155
-1.612178
-1.011981
-0.697332
-0.237866
0.545022
0.896812
0.282764
0.068319
0.338131
-0.221974
-1.127239
-1.172237
-0.263005
-0.116420
-0.696181
-0.984766
-1.401928
-1.119498
0.012602
0.378302
-0.327384
0.013691
0.584457
0.839379
0.173382
-0.069622
0.198472
0.686917
0.601091
0.507095
0.536541
0.723448
1.026260
0.712886
-0.281581
-0.591417
-0.556766
-0.218783
-0.074628
-0.081110
0.051283
0.172017
-0.455667
-0.755095
-0.647638
-0.031550
0.086154
0.399636
0.103830
0.341960
0.546984
0.563831
0.703526
0.230623
-0.608770
0.675562
1.461028
0.544509
0.613596
0.830515
-0.009561
-1.885186
-0.466008
1.361954
0.613688
0.671290
-0.070799
-0.247526
0.219899
0.141255
0.750689
0.875246
0.118451
0.056473
0.406378
0.856293
0.459754
0.122892
0.270400
0.142277
-0.327320
-0.364718
-0.759057
-0.907503
-0.938402
-0.336587
0.493939
0.661810
-0.257616
-0.217510
0.501659
0.069801
-0.054937
-0.050306
-0.340788
-0.471488
-0.770825
-0.634421
-0.231053
-0.263190
-0.339026
-0.255345
-1.048775
-0.966114
-0.105355
-0.332318
-0.954719
-0.607167
-0.366540
0.224696
0.333101
-0.475006
-0.527829
-0.560007
-0.440464
0.163140
1.054643
1.202715
1.056993
0.716451
0.576291
0.858649
0.843991
0.032737
-0.038761
0.035562
0.405807
-0.178562
-0.310517
0.208719
0.069736
-0.091281
-0.028504
-0.850080
-0.884771
-0.022559
0.221623
-0.112939
-0.060692
0.410569
0.518229
0.618436
0.457537
0.370857
-0.095121
-0.209105
-0.538765
-1.412070
-0.827688
-0.857441
-0.920912
-1.113930
-1.210594
-0.651388
-0.682126
-0.733645
-0.403381
-0.339881
-0.094515
0.554396
0.594931
0.721734
0.612798
1.256401
0.832372
0.131353
0.553793
0.947392
0.505664
-0.005948
-0.075094
0.358367
0.026397
-0.238919
-0.563479
-1.212546
-1.209447
-0.051853
1.098026
2.636613
3.750258
4.758002
6.385486
6.441968
5.714188
4.473898
3.143969
2.848048
1.967179
0.776907
0.221547
0.166745
-0.404382
-0.946627
-0.727508
-0.825467
-1.103101
-1.499730
-1.106126
-1.016539
-1.887480
-1.955159
-1.600090
-1.577923
-1.586358
-1.156191
-1.245543
-1.464879
-1.883205
-2.092994
-2.066594
-2.467952
-2.361796
-2.086561
-1.284452
-0.671474
-1.348483
-1.444646
-0.382256
-0.616586
-1.084155
-2.006205
-1.643805
-1.959085
-2.099929
-1.916244
-1.562372
-0.926763
-0.837461
-0.644200
-1.269042
-1.512297
-0.453717
0.198206
0.063578
-1.458090
-1.798274
-1.783451
-1.836875
-1.540170
-0.571122
-0.319354
-0.257326
0.271142
0.045436
0.720106
0.895793
-0.177180
-0.488871
-0.187973
-1.041606
-1.707488
-1.108748
-0.613786
-0.564489
0.507965
0.969201
1.325820
1.973862
3.123070
2.656784
1.983080
1.470954
1.298527
0.396597
0.127461
1.105766
0.985342
0.385969
0.386453
-0.091270
-0.067408
-0.151438
-0.480124
-1.071467
-1.025204
-0.489976
-0.111921
0.081650
0.121412
0.164562
0.225592
0.188581
0.295374
0.948594
0.994679
1.526216
1.748170
1.014081
1.299862
1.760239
1.493296
1.022931
0.970894
0.787396
0.210690
-0.840731
-1.527952
-1.458839
-1.985935
-2.306269
-0.813188
0.066834
0.837785
1.025485
1.466103
1.384017
-0.185307
0.680051
2.034666
1.507440
0.579336
-0.841813
-0.418150
0.738755
0.692718
0.375361
0.483066
0.860990
1.191537
1.135885
0.702711
1.133201
1.457002
1.528987
0.997582
1.189644
1.051734
-0.675607
-1.003114
0.632595
0.252365
-0.130759
0.250613
0.007043
-0.007355
0.417003
0.078676
0.088462
0.382416
0.276999
-0.172595
-0.798932
-0.803157
-1.196456
-0.942178
-0.414036
-0.739738
-0.525140
0.292950
0.741381
0.653405
0.637924
1.217273
0.802992
0.728327
0.563393
0.329176
-0.471972
-1.013023
-1.352961
-1.469417
-1.034476
-0.609738
-0.951053
-1.364816
-0.663771
0.356537
0.625244
-0.508570
-1.060461
0.287049
1.229875
0.165930
-0.363225
-0.074386
0.106965
-0.120570
-0.614249
-0.771994
-0.979976
-1.272752
-1.745395
-2.116313
-1.475510
-0.952089
-0.821676
-1.283826
-1.311119
-0.433339
0.140957
0.467152
0.539238
0.460781
-0.025608
0.153067
0.399463
0.309053
0.328770
0.012177
0.392696
0.656748
0.962780
1.139559
1.350793
1.097257
0.949446
1.225672
0.792675
-0.266757
-0.644733
-1.265044
-0.417329
0.308311
-1.003570
-1.010558
-1.040243
-1.554417
-1.085489
-0.470410
-0.076756
-0.368004
-0.854380
-0.195457
0.582282
0.671757
0.601083
0.174399
0.577037
0.754295
0.474657
0.356942
0.394752
0.199510
0.190722
0.741869
0.701449
0.719621
1.183203
0.914693
0.502511
0.212719
-0.213210
0.095758
0.581861
-0.261386
-0.626690
-0.573116
-0.518797
0.179844
0.707711
1.116663
0.826430
0.155966
0.279190
-0.285367
-1.230607
-2.362584
-0.821130
0.367484
0.856480
0.599213
-1.176143
-1.087142
0.110536
0.153007
0.141760
0.034864
0.068873
0.420092
-0.243515
-0.344117
-0.487504
-0.579801
-0.585050
-0.623183
-0.681363
-0.818022
-0.664222
-0.520340
-0.349172
-0.944781
-1.608555
-0.532284
0.411704
0.285868
-1.209045
-0.551545
1.170646
0.604995
0.105941
-0.248598
-0.462962
-0.323681
0.054998
-0.484933
-0.631657
0.308424
0.643789
-0.144528
-0.356606
0.181719
0.607709
0.712500
0.532071
0.967177
1.120535
0.978655
0.507016
0.289515
0.417705
0.166317
0.307911
0.801896
0.335807
-0.024940
-0.202695
-1.236879
-1.463850
-1.684492
-1.532588
-0.890532
-1.690842
-1.926268
-1.596444
-1.496368
-0.947483
-0.725317
-0.473356
-0.063669
-0.183581
0.402845
0.219913
-0.315751
0.064010
0.854838
0.664011
0.911694
1.328734
1.285614
1.055688
1.574169
2.065775
2.260509
1.953056
1.992654
1.112785
0.708770
0.513194
0.618206
0.504107
-0.379657
-0.090667
1.582880
1.426298
1.310470
2.037995
0.893608
0.907082
1.176348
0.706324
0.408480
0.111149
-0.328252
-0.598119
-0.211949
-0.039657
-0.319105
-0.419339
-0.336445
-0.514956
-1.011807
-1.175770
-0.553668
0.422613
0.570940
0.837982
1.429983
0.833312
0.219929
-0.248492
-1.059022
-0.552080
-0.791490
-0.839637
-1.419354
-1.427880
-0.225602
0.044337
-0.859858
-0.897829
-0.261016
-0.039509
-0.540936
-1.136445
-0.715701
-0.281686
-0.549657
-0.092522
0.479446
0.002299
-0.526598
-0.102141
0.063019
-0.834948
-1.509914
-1.885762
-2.164843
-1.867425
-0.732307
-0.641180
0.088352
0.846845
0.634624
0.416854
0.520355
1.000217
0.218789
-0.755058
-0.834911
-1.444571
-1.389789
-0.148182
0.798609
2.046843
2.534678
1.492638
1.460380
2.019916
2.449864
1.766410
1.556933
1.585853
1.828094
1.046782
0.417776
0.200788
-0.602431
-0.818687
-0.470220
-0.807507
-0.706611
-0.655893
-0.412414
0.087209
0.828429
1.218256
1.216445
0.503691
1.368594
2.141843
1.506228
1.493550
0.924944
0.747772
0.755001
0.677392
0.319985
0.209203
-0.156284
-0.262602
0.183347
0.128246
0.090945
0.017754
0.251816
-0.134449
0.137240
0.957616
0.458962
0.419499
0.786223
0.367435
0.338340
0.716581
0.145014
-0.823331
-2.116708
-2.495626
-2.888533
-2.936877
-1.558463
-1.089998
-2.001212
-1.982414
