-0.404464
-0.238216
-0.105470
0.170322
-0.232886
-0.165381
-0.017359
0.221621
0.420081
0.570397
0.604759
0.437192
0.458540
0.152359
-0.262808
-0.721764
-0.861652
-1.139361
-1.194388
-0.993351
-0.554730
-0.050554
0.871971
0.899762
1.283263
2.129863
1.896299
1.278451
1.087374
1.589270
1.353990
0.860358
0.729389
0.266547
0.019564
-0.008633
-0.278400
-0.495839
-0.484617
-0.379344
-0.399610
-0.114798
0.098039
0.147927
-0.056419
-0.414926
-0.671261
-0.910441
-1.296843
-1.471256
-1.337247
-1.158330
-0.454803
-0.001410
-0.105600
-0.228587
-0.418209
-0.517699
-0.506917
-0.243285
0.280211
0.253998
0.029957
0.006233
0.218097
0.143273
-0.294614
0.081713
-0.019732
-0.465014
-0.572897
-0.461109
-0.733820
-0.674653
-0.509229
-0.395198
-0.027294
0.289954
0.552454
0.664887
0.449398
0.066227
-0.224679
-0.186649
-0.039943
-0.003921
0.057110
-0.189341
-0.434138
-0.907781
-1.423308
-0.876355
-0.419587
0.234129
0.606475
1.245229
1.940742
2.092269
2.390641
1.628526
1.045729
0.907936
1.014544
0.867795
0.910910
0.743380
0.680721
1.063485
1.323448
1.329767
1.413132
1.398725
0.970884
-0.157438
-0.937819
-1.178543
-1.344491
-1.742048
-1.823174
-1.182755
-0.650128
-0.583606
-0.847008
-0.804030
-1.205791
-1.346873
-0.858133
-0.218108
-0.075563
0.399868
0.510866
0.288998
-0.441249
-0.231270
0.193235
0.412998
0.650305
0.349034
0.456007
0.302080
-0.031957
0.289281
0.331379
0.366900
0.343363
-0.054099
-0.444983
-0.273984
-0.140191
0.346014
0.807530
0.829030
0.414327
0.412220
0.170278
-0.480582
-1.042894
-1.402892
-0.936845
-0.502162
-0.731569
-0.515158
-1.049344
-0.859069
-0.501455
-0.289626
-0.196688
-0.380304
-0.428549
0.022062
0.224377
0.045417
-0.371993
-0.574629
-0.201443
0.369707
1.037317
1.010806
0.794716
0.831159
0.775224
0.369905
-0.315986
-0.793989
-0.622935
0.227605
1.038851
0.802906
0.177282
0.315355
0.309950
0.832818
1.534583
1.876780
1.686730
1.258525
0.630983
0.251969
-0.030398
-0.466170
-0.220621
0.100976
0.257388
0.030710
0.070590
0.238354
0.482673
0.575385
0.476472
0.303983
0.293936
0.139314
-0.024400
0.076121
0.138687
0.379373
-0.036159
-0.309563
-0.134220
-0.098793
0.030808
-0.675686
-1.527019
-1.342991
-0.746968
-0.325019
-0.128358
-0.273376
-0.311402
-0.609945
-0.898276
-1.294957
-1.499434
-1.555883
-1.258358
-0.936166
-0.822583
-1.010657
-0.770346
-1.495041
-2.108776
-1.296926
-0.050303
0.697959
0.631439
0.353709
-0.269618
-0.744895
-0.839087
-1.366661
-1.332683
-1.125684
-0.836177
-0.545146
0.214649
1.394205
2.048934
2.090365
1.581095
1.048114
0.357532
-0.181238
-0.319059
-0.487875
-0.561835
-0.561963
-0.627902
-0.753387
-0.926060
-1.268058
-0.954249
-0.355345
0.624307
1.569340
1.930390
2.200001
2.513431
2.249250
1.554444
0.802543
0.060338
-0.866006
-1.085455
-0.796863
-0.513099
-0.389357
-0.299998
0.284309
0.505028
0.842463
0.893088
1.202307
1.173322
0.948901
0.416206
-0.134681
-0.666461
-0.659477
-0.788760
-0.747525
-0.207632
0.061982
0.040176
-0.091195
-0.009953
-0.176935
-0.177471
0.031156
0.367260
0.615992
0.266135
0.068963
-0.407075
-0.510405
-0.254899
-0.116299
0.285166
-0.036353
-0.715431
-0.839676
-0.549403
-0.035031
-0.214658
-0.483342
-0.370294
-0.140135
-0.102559
0.156399
0.405911
-0.242354
-1.095653
-1.354355
-1.326284
-0.572752
0.654529
1.592582
2.116090
2.518624
2.767924
2.460602
1.563434
0.945823
0.468782
-0.255581
-1.166235
-2.018944
-2.189176
-1.954799
-1.226067
-0.255916
0.233064
0.645741
0.926775
1.478406
1.936820
2.285560
1.644695
1.378596
1.521719
1.113951
0.354405
-0.382190
-1.033776
-1.234739
-1.442018
-1.394782
-1.151098
-0.882632
-1.140010
-0.946169
-0.445063
-0.026521
0.575224
0.781648
1.048964
1.432922
1.020909
0.608022
0.944261
1.411591
1.337374
1.156370
0.913594
0.482131
-0.038587
-0.630036
-0.885746
-0.441987
-0.247353
-0.245430
-0.399784
-0.099177
0.029044
-0.497022
-0.987831
-1.381027
-1.454021
-1.395091
-1.560215
-1.395033
-0.543803
-0.586374
-0.799117
-0.391110
-0.510736
-0.080543
0.131590
0.526051
1.155046
1.497686
1.949856
1.831670
0.905529
0.495188
0.165947
0.359306
0.776504
0.742100
0.649764
0.612064
0.592888
0.610978
0.311402
-0.233832
-0.420853
-0.075304
0.063640
-0.024540
-0.007283
-0.284092
0.047864
0.629066
0.970535
1.427150
1.665839
1.406277
1.353888
1.347963
1.324709
1.255863
1.158430
0.848768
0.737847
0.586059
0.396692
0.397393
-0.529580
-1.374808
-1.748000
-2.001456
-1.636052
-1.153755
-0.658076
-1.079233
-1.433399
-1.896409
-2.288983
-2.569336
-1.978040
-1.574452
-1.506576
-1.869250
-1.692153
-1.229997
-1.002142
-1.044975
-0.821909
-0.925988
-1.364843
-1.669054
-2.160797
-1.930050
-1.398934
-1.086848
-1.414597
-0.514483
0.605028
0.835283
0.191012
-0.240280
-0.332006
-0.473482
-0.374466
0.278543
0.523000
0.760693
1.585132
1.897835
1.526621
1.130805
1.151823
1.255047
1.369182
0.984314
0.767416
0.167373
-0.301589
0.076428
0.271293
-0.044267
-0.800908
-1.408495
-1.222370
-0.715023
-0.435482
-0.079358
0.252130
0.575649
0.666605
0.784825
0.454236
0.356766
0.307657
0.558162
0.536121
0.361563
0.108571
-0.488424
-0.597853
-0.711060
-0.914780
-0.960990
-0.748371
-0.487493
-0.123537
-0.182129
0.092862
0.400449
0.456862
0.004338
0.130556
-0.002206
-0.110333
0.072323
1.043495
1.865615
1.885926
1.335680
1.057713
1.015120
0.788667
1.277267
1.650433
1.297320
0.955535
1.052282
1.042338
1.048462
1.206927
1.220914
1.245686
0.990319
0.875002
0.154292
-0.191895
0.116537
0.034512
0.236197
1.074072
1.194127
1.631038
1.935984
2.194464
2.082839
2.239520
2.001289
1.311473
0.691587
0.337558
0.163189
-0.402917
-1.427968
-2.099566
-2.041449
-1.402929
-0.465440
-0.102624
0.029007
0.104891
0.045491
0.087276
0.148679
-0.096641
-0.630842
-0.941362
-0.795732
-0.306083
-0.065798
0.005189
-0.545750
-0.244709
-0.101115
-0.383456
-0.514359
-0.481291
-0.771270
-1.314927
-1.981359
-2.414385
-2.107584
-1.800525
-1.710007
-1.511179
-1.402987
-1.986957
-2.198708
-2.124228
-2.108112
-2.090784
-1.789471
-1.085727
-0.482525
0.608064
1.845950
2.927466
2.848177
1.947185
1.074470
0.598041
0.124447
0.003551
-0.032266
-0.118374
-0.257264
-0.555384
-0.802315
-0.958916
-0.884758
-0.468038
-0.252543
-0.303041
-0.527056
-0.752872
-0.394764
-0.017636
0.300471
0.933429
1.857238
2.466606
2.741867
1.931476
0.944061
-0.317857
-1.026784
-1.178312
-1.244103
-0.814957
-1.490175
-2.115154
-1.712775
-0.753659
0.143548
0.150526
-0.275989
-0.319505
-0.062852
0.029018
-0.180164
-0.244118
-0.278930
-0.627227
-0.610197
-0.334000
-0.264120
-0.367228
-0.557805
-0.675440
-0.208109
-0.664669
-1.391609
-1.011367
-0.469135
0.012169
0.500486
0.842605
1.213056
1.110162
1.118508
1.364998
1.633729
1.773339
2.281174
2.441902
2.460824
1.981787
1.040038
0.061892
-0.451136
-0.795317
-0.931688
-0.656578
-0.846982
-0.880162
-0.706182
-0.601148
-0.395911
-0.249770
0.121578
0.014469
0.420596
0.840138
0.865213
0.527183
0.586218
0.756390
0.299662
-0.226431
-0.334676
0.280278
0.682790
0.064452
-0.540442
-0.203341
-0.114622
-0.049677
0.096518
0.252606
-0.164267
-0.298821
-0.121825
0.324508
0.950639
1.689049
2.054035
1.610291
1.367134
0.821244
0.118821
-0.878984
-1.456568
-1.186805
-0.597962
-0.491914
-0.906797
-0.931590
-0.712941
-1.119014
-1.275167
-1.376491
-1.397838
-0.653727
-0.742838
-0.596297
0.090054
0.565622
0.962666
1.025330
0.487265
-0.407938
-0.557386
0.136940
-0.198927
-0.976370
-0.854984
-0.860945
-1.059237
-1.489324
-1.612459
-1.260777
-0.929226
-0.127176
0.871237
1.256143
1.202283
0.751249
0.517994
0.335487
-0.202824
-0.933399
-1.336403
-1.263859
-1.227358
-1.220944
-1.059718
-0.943999
-0.974228
-0.781528
-0.048668
0.768546
0.940087
0.515696
0.494061
0.749112
1.150973
1.840822
2.402537
2.093834
1.439824
0.639424
-0.129516
-0.649727
-0.711604
-0.747687
-0.634082
0.107789
0.689439
0.609862
-0.176249
-0.221341
0.022813
0.330724
1.275957
1.347625
0.972850
0.671641
0.835000
0.558142
0.220026
0.156733
-0.050666
0.213675
0.264321
0.194088
0.716965
1.376269
1.326642
0.864167
-0.042409
-0.438564
-0.819914
-0.787883
-0.645288
-1.309307
-1.917456
-1.683115
-0.857299
-0.836537
-1.126740
-0.541873
-0.077308
0.320600
1.179753
1.290063
1.077242
0.971085
1.018885
0.597331
0.187304
0.569598
0.570147
0.143329
-0.543787
-0.796079
-0.941505
-0.751814
-0.456525
-0.062880
0.230878
0.395506
0.158944
-0.059734
-0.280633
-0.719825
-0.754515
-0.526395
-0.500818
0.017670
0.347192
-0.018213
0.453036
1.000701
1.372829
1.344967
1.107425
0.669554
-0.094109
-0.090282
0.470561
0.288417
0.017408
-0.178454
-0.498970
-0.770206
-0.804924
-0.839161
-0.820485
-0.790663
-0.793564
-0.821868
-0.836542
-0.757182
-0.531985
-0.715980
-0.969810
-1.109004
-1.336396
-1.330844
-1.147532
-0.893464
-0.649112
0.166389
0.054280
-0.627714
-0.571280
-0.480172
-0.547205
-0.460166
-0.625873
-0.231716
0.422088
1.028584
1.289612
1.433614
1.026221
0.482412
0.456404
0.745411
0.651346
0.717842
0.396995
0.504790
0.896533
0.735257
0.348808
-0.216519
-0.511843
-0.348569
-0.148719
-0.153031
-0.029481
0.148197
0.217733
0.540874
1.022931
1.574762
1.909022
1.525403
1.241101
1.191360
1.348878
0.677115
0.005485
0.290861
0.824812
1.339808
1.511580
1.270280
0.778438
0.388809
-0.001237
0.433624
0.095354
-0.122397
-0.192274
-0.240655
0.324737
0.976844
1.226363
0.439587
-0.701868
-1.826147
-2.233905
-2.406466
-2.237824
-1.985022
-2.288740
-2.086256
-1.343329
-0.542406
0.679883
1.063967
1.059839
0.635620
-0.046120
0.024072
0.202576
-0.170853
-0.579633
-1.094559
-1.314748
-1.122038
-0.920170
-0.211599
0.349614
0.344682
0.163833
0.191739
0.180236
0.468989
0.350010
-0.264249
-0.904345
-1.552983
-1.822890
-2.068181
-2.254579
-1.572698
-0.788510
-0.772270
-0.479806
0.382884
0.549271
1.106242
1.305270
0.969760
0.384683
0.071343
0.154048
0.196694
0.278959
0.663595
0.798043
0.593254
0.539307
0.565998
0.244997
-0.400766
-1.278847
-1.864418
-2.071051
-2.285614
-2.296893
-2.338665
-2.028754
-1.292842
-0.190838
0.292237
1.196687
2.080745
2.039509
1.818874
2.058293
2.517124
2.191410
