0.234561
0.159990
1.082005
1.275301
0.357884
0.269588
0.988194
0.552257
0.048808
-0.165339
-0.181177
1.096319
1.328784
0.699409
-0.376859
-0.677192
0.294171
1.031350
0.886415
-0.358619
-0.573090
-0.472521
-0.529899
-0.789817
-0.953484
-0.565171
-0.714769
-0.531282
-0.230322
-0.032070
1.343069
-0.135913
-0.769544
-0.543609
-0.506573
0.207536
0.429276
0.691361
1.141897
0.172598
-0.744788
0.630734
0.908017
1.039608
1.033368
0.785419
0.005109
-0.425418
0.164330
0.870137
0.830340
0.948884
1.092736
-0.155096
-2.062705
-1.937123
-0.610913
0.181588
1.095176
0.169875
-0.063170
-0.008509
0.803676
0.514867
0.383628
0.056952
0.007959
-0.439596
-0.221365
0.147819
0.594167
-0.108634
-0.450313
-0.060125
-0.912922
-0.281682
-0.252974
-0.148849
-0.318655
-0.993075
-0.733890
-0.009879
0.155465
0.363897
0.359996
0.336440
0.220286
-0.515125
-1.192943
-0.692527
0.494437
-0.022234
-0.829503
-0.410323
1.138611
1.816150
0.984411
-0.534124
-0.725799
-0.394512
-0.274757
-0.517842
0.175965
1.191763
1.064568
-0.121747
-1.266414
-0.051476
0.873878
0.551411
-0.545185
-0.517911
-0.437513
-0.285524
-0.034665
1.117372
0.722860
0.048916
-0.394148
0.065400
0.821358
0.267991
-0.156658
-0.741594
-0.361926
0.439070
0.616788
0.117156
0.243153
0.018701
0.096647
0.614481
0.599902
-0.351031
0.094348
0.270542
-0.114134
-0.076696
-0.238500
0.409456
1.131115
1.407531
0.949760
0.880154
0.809683
0.777826
0.244321
0.292283
0.405943
0.513945
-0.142764
-0.956677
-0.536762
-0.150773
0.669612
0.348822
-0.038429
0.477005
0.684915
0.058785
0.226864
0.465432
0.283596
-0.699487
-1.334069
-1.451970
-0.426296
0.472408
0.321950
-0.450966
-1.399185
-1.402518
-1.151505
0.272961
0.693126
0.112216
-0.213130
0.317240
0.359183
0.107388
-0.752977
-0.727149
-0.260386
0.077528
0.242519
0.603632
0.249083
-0.233934
0.188834
-0.064679
0.170849
0.562388
0.460220
-0.109104
0.191059
0.517630
0.282210
-0.146749
-0.027023
-0.100748
-0.067122
0.293400
0.028376
0.273276
0.089802
0.496021
0.283422
0.057242
-0.096983
-0.438358
-0.611042
-0.727252
-1.040647
-0.082359
0.484658
0.172685
0.542378
0.139449
-0.578241
-0.504609
0.625635
0.389347
0.536477
0.376009
0.340436
-0.036346
-0.253091
-0.445063
0.521074
0.471357
-0.420121
-1.069282
-1.468802
-1.350896
-0.601710
0.414283
1.019698
0.774723
0.014125
-0.075004
-0.176432
0.187387
0.719565
0.469325
0.133006
0.064784
0.171771
0.650896
0.963226
0.001606
-0.635497
-0.943813
-0.762489
0.013912
0.261908
-0.042025
0.283992
-0.719301
-0.472650
0.462628
0.372346
-0.173577
-0.514601
-0.533130
0.251997
0.601226
0.232808
-0.385086
-0.952220
-0.345177
-0.560893
-0.404879
-0.014433
0.822799
0.488424
0.155611
-0.501288
-0.950413
-0.890694
-0.690374
-0.129875
-0.131293
0.290896
-0.108829
-0.631378
-0.572140
0.201041
0.704287
0.900946
1.274096
0.956557
-0.341390
-0.600592
0.042147
0.736211
1.234250
1.313792
0.501623
-0.270741
-0.750213
-0.784224
-0.593850
-1.118039
-1.700278
-1.436090
0.437657
1.192324
0.378622
-0.435606
-0.408931
0.048241
1.295610
2.017277
1.698493
0.878033
0.433189
0.568551
0.231081
0.965200
0.906400
-0.166817
-0.846975
-0.751581
-0.432481
-0.520418
-1.281241
-0.883146
-0.600254
0.080122
0.454123
0.075496
0.575504
0.917657
1.147360
0.763176
0.710851
0.303484
-0.325487
-0.366906
-0.460072
-0.758616
-0.892938
-1.006523
-1.050148
-0.657095
-0.340832
0.214714
-0.004936
-0.313139
-0.299265
0.168296
0.075820
-0.220483
0.152627
0.138261
0.185058
0.033422
-0.118495
-0.247574
-0.559013
-0.166114
0.165654
0.135631
-0.104210
-0.148334
0.800230
0.402054
-0.379190
-0.801171
-0.693098
0.132403
0.228291
-0.323022
-1.152254
-1.829951
-1.529346
-0.564022
-0.018130
1.018424
1.097249
-0.130474
-0.507864
0.503742
1.268250
1.521446
0.235146
-1.875749
-2.303870
-0.326624
0.482415
0.524681
0.637330
0.373725
-0.097279
0.277538
0.311205
-0.471336
0.133152
1.071046
1.230110
-0.204456
-1.270007
-1.114005
0.061613
1.317540
1.449325
0.066454
-0.236536
0.472313
1.236805
0.844107
0.072781
-0.192409
-0.832446
-0.802708
-0.467620
-0.061330
0.220399
0.492239
0.010125
-0.373148
-0.498444
-0.049483
0.404695
0.536584
0.755696
0.278938
-0.193785
-0.452867
-0.474030
-0.885007
-0.390627
0.043622
0.433285
-0.179901
-0.136804
-0.086258
0.695260
1.049979
0.437390
0.465850
1.206178
1.946401
1.443351
0.126459
-0.706920
-0.592734
-0.281974
-0.089029
-0.922939
-1.078937
-0.931043
-1.145354
-0.580559
-0.507192
0.139889
1.155974
0.761983
-0.131115
-0.189487
0.402535
0.693724
0.163193
0.661504
0.690388
0.646023
-0.108970
-0.648905
-0.970164
-1.348697
-1.248533
-0.868981
-0.580174
-0.697877
0.187759
0.693130
1.124201
1.684905
1.748296
1.084860
0.594288
-0.466806
-0.481020
-0.532407
-0.245878
-0.788059
-1.332756
-0.817865
0.008023
1.172073
1.532630
2.058051
1.498068
0.892570
0.464455
0.739140
1.511294
1.168131
0.332116
0.133399
-0.485436
-0.396967
-0.227192
-0.271398
-0.645789
-1.221696
-0.373154
-0.709740
-0.040265
0.269212
0.344675
0.287083
0.051123
-0.213511
-0.045743
-0.011402
0.769033
0.757550
-0.343694
-0.799599
-0.973723
-0.627480
0.958499
1.342927
-0.811210
-1.823778
-1.319304
-0.105997
0.602397
0.419354
-0.444453
-1.006035
-0.800322
0.474170
0.845153
-0.377843
-1.083882
-1.672214
-1.628144
-1.171968
-0.837738
-0.229270
0.255334
-0.699570
-0.833014
-0.479026
-0.207716
0.063253
-0.067035
-0.076844
0.529442
0.252181
-0.831737
-0.751565
-0.979206
-0.574121
-0.325594
-0.907887
-1.288736
-0.427357
0.737909
1.890144
2.913374
2.430239
1.803823
1.859417
2.409474
1.883270
0.653793
-0.031854
-0.264346
0.314537
0.229149
-0.639656
-1.102243
-1.674555
-0.538894
0.655297
0.830366
0.527140
1.311142
2.471264
2.567347
1.907047
1.146364
1.291134
1.721481
1.626179
0.649649
0.350736
0.366990
-0.621420
-1.128956
-0.868797
-0.880764
-0.340402
-0.973328
-1.179574
-0.641962
0.655622
1.184956
0.313211
-0.313327
-0.479240
0.385746
0.471944
-0.168662
-1.060969
-0.259501
0.232385
0.615022
0.182547
-0.266057
-0.705077
-0.573999
-0.175115
-0.460263
-0.446451
-0.439769
-0.072486
-0.766453
-1.114809
-1.051005
0.030807
0.104223
-0.302797
-0.556620
-0.493707
-0.402200
0.080116
-0.157143
-0.837006
-0.887902
-1.189061
-1.867914
-1.975759
-1.044316
-1.135699
-1.275631
-1.534200
-1.253782
-0.571936
0.083173
0.101195
-0.507199
-0.697132
0.127989
1.211344
0.590655
-0.818057
-1.467023
-0.762548
-0.275052
0.011869
-0.549636
-0.936063
-0.832006
-0.444916
-0.258351
0.068484
0.974138
1.848569
1.352883
0.903600
0.651358
0.574613
1.130251
1.005734
0.420077
-0.133163
-0.275031
-0.179534
0.618970
1.212826
1.277721
1.098655
0.759838
0.274591
0.202939
-0.127579
-0.636284
-0.573003
-0.405815
-0.156106
0.147335
0.552538
0.752237
1.246515
0.953099
0.486698
0.105829
-0.038851
0.277076
1.121388
1.250652
0.786455
0.668248
0.596023
0.818977
0.752241
0.513424
0.970846
2.042957
1.600585
1.098224
0.884451
1.243973
1.169195
1.789501
1.854279
1.353881
0.750199
-0.077768
0.562238
0.768633
1.038220
0.500569
0.172104
-0.171553
-0.061660
-0.063810
-0.669663
-0.933653
-0.228066
0.173432
-0.024423
-0.071522
-0.002086
-0.339926
-0.433936
-0.091068
-0.224546
-0.363463
-0.513991
0.043030
0.662569
1.088653
0.992018
0.740992
0.149979
-0.129459
-0.484077
-0.513370
0.154816
0.236292
0.321544
-0.444998
-0.701808
-0.180042
0.344874
0.338651
0.516802
0.398969
0.087721
-0.112058
0.053279
-0.418011
-0.108308
-0.284231
-0.481348
-0.896318
-1.028244
-0.949822
-1.199088
-0.846065
-0.242776
-0.595465
-0.657354
-0.707849
-1.023533
-0.901285
-1.560466
-1.230858
-1.796564
-2.313322
-1.693751
-0.977028
-0.870544
-1.475434
-1.967611
-1.693596
-1.075217
-1.293669
-0.902701
-0.349704
0.158376
0.074243
-0.273879
-0.388707
-0.412815
-0.083684
-0.233876
-0.325276
-0.329734
-0.140102
0.137594
0.794974
0.373805
0.707294
1.066633
1.032178
1.350778
1.045606
1.477845
2.900361
4.407591
4.327644
3.430311
3.489709
3.561452
1.999059
1.538853
1.445714
1.507700
1.818255
1.235475
0.499352
0.832797
0.243122
-0.827191
-1.104952
-0.864234
-0.640036
-1.087886
-1.535203
-2.346290
-2.206157
-2.255501
-1.696287
-1.631158
-1.306322
-0.689754
0.537191
0.977284
1.515083
1.656555
1.338791
1.880656
1.593745
0.637650
0.629345
1.128071
1.018761
1.022397
0.126795
-0.142926
-0.117067
-0.792881
-1.513429
-1.790732
-1.495850
-1.151626
-1.261828
-1.535981
-2.148008
-3.226135
-2.840042
-2.674479
-2.678650
-2.997092
-2.642680
-1.956774
-0.929741
-1.259488
-1.653153
-2.089720
-1.767699
-0.742157
0.265770
-0.462624
-1.304920
-1.145967
-0.704056
-0.347220
-0.790031
-0.345327
-0.702967
-0.814902
-0.415535
-0.035938
0.337082
1.678189
1.747490
0.413687
-0.554181
-0.852954
-1.413145
-1.811565
-1.871715
-1.812096
-1.254650
-0.854621
-0.243644
0.031884
0.982275
1.921290
1.842517
1.713564
1.731694
1.400852
1.307378
0.686512
0.363526
0.271797
-0.548087
-0.887572
-1.309757
-1.286666
-0.865995
0.304018
0.724288
1.308559
1.604163
1.492903
0.729342
0.207695
0.324940
0.759713
0.890797
0.234210
0.286584
0.741667
0.820337
0.568277
1.091357
1.362719
1.641728
2.393853
3.086046
3.024147
4.070344
4.387638
3.376911
2.751923
2.074695
1.987444
1.571764
1.764738
1.339898
1.278363
1.560395
1.930653
1.529898
1.217375
1.132109
1.621972
1.761019
1.708743
0.885998
0.558327
0.135231
0.674344
-0.270101
-1.272549
-1.810619
-1.773693
-0.484076
-0.381985
-0.481451
-0.518939
0.233180
-0.509197
-0.682863
-0.079699
0.238789
0.540491
-0.660894
-1.169509
-1.678741
-2.377158
-2.941750
-2.906094
-2.324029
-1.749950
-1.625865
-1.160780
-1.080049
-0.610790
-0.617930
-0.463085
-0.560835
-1.026888
-0.266095
0.203853
0.093770
-0.404634
-0.671651
-1.077612
-0.398458
0.074944
-0.297142
-1.251858
-0.822262
-0.050326
0.139787
-0.605720
-0.742545
-0.265818
-1.023432
-1.592861
-1.774211
-1.698821
-1.209740
-1.452569
-2.110915
-1.831762
-1.499566
-1.558873
-1.534608
-1.321862
-1.509775
-2.093466
-1.680260
-0.902314
-0.621018
-0.559359
-0.494666
-0.837854
-0.241476
-0.004268
-0.036194
0.034606
-0.405945
-0.723598
