0.212346
0.677328
0.275990
-0.744797
-0.995473
-0.807839
-0.987698
-0.564968
-0.467833
-0.649926
-0.400047
-0.237790
-0.566002
0.082163
0.481153
-0.428002
-0.919701
-0.032380
0.633378
-0.286790
-0.471694
0.004259
0.218544
-0.786623
-0.921800
-0.988907
-0.987311
-0.568427
0.079308
0.509971
0.621235
0.156211
-0.638909
-1.103312
-0.152517
0.449009
-0.150227
0.072849
0.060006
-0.626874
-0.354876
-0.636498
0.387068
0.502245
-0.026868
-0.503808
0.144856
0.175806
0.544581
0.748429
0.843690
0.681508
-0.903544
-1.430935
0.240990
0.606687
0.283571
0.036495
0.281352
1.206304
0.355689
-0.516064
0.032270
1.097673
1.383640
0.847446
0.413001
0.557105
0.609451
0.790723
-0.142119
0.051047
0.418710
0.354434
0.549506
0.162300
0.842259
1.193720
0.528217
-0.170566
0.311381
0.919323
1.057193
0.844418
0.055328
-0.224545
0.597424
0.631216
-0.733238
-0.706015
0.168455
0.256938
-0.163582
-0.596042
-0.862413
0.761127
1.109100
0.084335
-0.342048
-0.060133
0.179553
0.496963
-0.098891
-0.159316
0.518178
0.959020
0.647199
0.623660
0.227065
-0.440664
-0.582033
-0.692226
-0.887844
-0.492922
0.380932
0.826448
0.619428
-0.999841
-0.584974
0.720729
0.967408
0.763084
-0.121906
-0.616026
-0.163354
0.251242
-0.647597
-0.677962
-0.308735
0.553317
0.226952
0.007521
-0.268584
-0.677427
-0.562064
-0.677653
0.046419
0.472420
0.071795
-0.300727
-0.607411
0.020952
0.684139
-0.158956
-0.614045
-0.380177
0.482504
1.309954
0.751050
0.446814
0.415555
-0.402517
-0.440493
-0.377003
-0.865093
-0.481128
-0.153711
0.676394
0.461918
-0.070655
0.201434
-0.251716
-0.404101
-0.051634
-0.457499
-0.953091
-0.215619
0.808912
0.020774
-0.635313
-0.385474
-0.519556
-0.175115
0.764742
0.858251
0.237517
-0.037513
0.543213
-0.080449
-0.294864
-0.100457
-0.865181
-0.469876
0.078303
0.083950
0.257159
0.092004
-0.181873
-0.218096
0.091203
0.028080
0.098156
0.140920
0.312595
0.566434
0.449266
0.646312
0.545388
-0.010299
0.321529
0.349185
0.654443
0.824039
-0.281495
-0.043282
0.299793
0.386023
0.063775
0.062116
-0.884093
-1.425812
-1.259760
-0.341251
0.207616
-0.628124
-1.023198
-0.186347
0.258533
0.307264
0.107277
0.407600
0.470078
0.334484
0.066893
-0.094328
-0.410742
-0.331812
-0.362697
0.322780
0.148398
-0.868747
-1.153694
-0.573397
-0.866149
-0.364487
0.494865
0.215298
0.007268
0.680118
0.863894
0.908569
0.694635
0.883038
0.277979
0.126270
0.855307
0.812146
0.692695
0.564179
0.538932
-0.261630
-1.048116
-1.680729
-0.105233
0.497938
0.373481
-0.139917
-0.727287
-0.647219
0.403633
0.981547
1.439922
2.066262
1.391069
-0.041891
-0.792617
-0.184260
0.343574
0.126381
-0.017337
-0.724634
-0.857206
0.259688
-0.082929
0.164030
0.543652
-0.016786
-1.056821
-0.745287
-0.050943
0.819635
0.819697
-0.137272
-0.346783
-0.392629
-0.604092
-0.212256
0.477583
0.511773
-0.092606
-0.753659
-1.193204
-0.362916
0.704336
0.767026
0.400920
-0.321148
-0.219992
-0.217902
-0.756462
-0.521243
0.036617
-0.409534
-1.165129
-0.547156
-0.273816
0.495646
0.727439
0.170411
-0.330397
0.185584
0.845138
1.584952
1.183512
0.754438
0.510138
0.230818
0.470092
0.042613
-0.270719
-0.915651
-0.572139
-0.098646
0.039208
-0.301168
-0.418169
0.049414
0.027431
0.343688
0.263908
0.074064
0.628620
0.919705
0.981700
0.525877
-0.172697
0.136523
0.131143
-0.164380
-0.242775
0.026088
-0.088196
-0.315698
-0.484334
-0.150430
-0.143704
0.326936
0.663455
-0.252957
-0.762618
0.029111
1.258464
0.744015
0.272786
-0.393827
0.037502
0.169951
-0.221084
-0.461638
-0.196643
0.396540
0.541257
-0.404255
-0.471644
0.675977
0.821517
0.485211
-0.700497
-0.664237
-0.572044
0.124478
-0.188061
-0.787691
-0.962202
-0.875397
-0.357963
0.456850
0.521062
0.868133
0.406774
-0.366213
0.496489
1.224040
1.477931
1.165189
-0.712481
-1.444761
-0.623422
-0.395581
-0.235522
-0.201861
-0.893514
-0.588922
-0.063706
0.514944
0.407494
-0.389237
-0.009333
0.521728
-0.000221
0.493656
0.514779
0.513500
0.586256
-0.189868
-0.077069
0.200275
-0.054679
0.280493
0.137958
0.595236
0.731382
0.245655
0.096511
0.122184
0.140928
-0.173630
0.327915
0.560462
0.414824
0.220422
-0.017554
-0.031101
0.354236
0.729067
0.651496
0.117127
-0.411934
-1.025699
-0.780925
0.052933
0.468284
-0.215323
-0.807714
0.249216
0.553118
0.332445
-0.056421
-0.281826
0.511770
0.537621
0.510428
0.482727
-0.076404
-0.403129
-0.979436
-1.670404
-1.145104
-1.114672
-0.773637
-0.383610
-0.257270
-0.041772
-0.613069
-0.682625
-0.133686
0.070573
0.001619
-0.490486
-0.539604
0.354325
0.339947
-0.635421
-0.346768
0.337139
0.298537
0.575914
0.247803
-0.287037
-0.733643
-0.520612
0.452040
0.303041
0.207217
0.303619
0.734696
0.570898
1.303369
0.835307
0.145776
-0.007577
0.144158
0.131559
0.086412
-0.723413
-0.655124
0.459436
0.893344
0.933758
1.917065
2.222352
1.880558
1.540659
1.424420
1.060960
1.030800
0.767170
0.477236
0.555109
0.122787
-0.397937
-0.452878
-0.573860
-0.482942
-0.799248
-0.364832
0.352345
0.195963
0.367985
0.235797
0.695058
1.041730
0.449322
0.617969
0.495920
-0.522933
-0.912724
-0.923008
-0.801286
-0.660390
-0.412425
-0.513648
-0.361967
-0.169142
-0.147544
0.046909
0.208830
-0.208674
-0.525252
-0.151653
0.036761
-0.702814
-1.186777
-0.110544
-0.452911
-0.698731
-0.508919
-0.745845
-0.315554
-0.457510
-0.698185
-0.574970
-0.165938
0.470901
-0.294644
-0.519385
-0.948162
-0.456943
-0.042057
-0.182250
-0.328509
-0.696903
-0.430568
-0.231181
-0.684041
-0.605759
-0.397891
-0.232701
0.362725
0.302936
1.028480
1.480544
2.342768
1.541102
1.013998
0.538808
-0.436733
0.036369
-0.218801
-0.538885
-0.867704
-0.509978
0.338447
0.520681
-0.135610
-0.095853
0.207149
0.690056
1.103747
0.979885
1.512116
2.102055
1.397110
1.099653
1.113410
0.844522
0.684131
-0.055164
-0.093541
0.570777
0.583821
-0.121033
-0.421318
0.194685
0.054594
0.250521
-0.154583
-0.722623
0.126155
1.617001
0.881410
0.275994
0.143271
-0.258269
-0.053659
-0.243701
-1.311699
-1.281802
0.052216
0.863775
0.136092
-0.754228
-0.870398
0.068597
0.442745
0.127024
-0.901902
-1.154132
-0.362674
-0.184911
-0.114961
-0.800674
-0.481890
0.037729
0.494003
-0.111068
-0.328452
-0.014840
-0.195977
-0.178923
-0.381101
-0.828859
-1.003558
-0.994445
-1.434381
-1.391310
-1.000124
-0.948271
-0.540249
0.026063
-0.261176
-0.076859
0.606943
0.358267
-0.418156
-0.446687
0.518448
0.776841
0.247509
-0.415879
-0.438719
-0.630483
-0.482217
-0.500812
0.203844
-0.256410
-0.565817
0.026216
-0.207477
0.067542
0.439539
0.000158
0.106887
0.387800
0.435587
-0.029187
0.572176
1.779654
1.152362
0.683036
0.167896
0.115664
0.790778
1.426209
1.090123
0.938825
0.522433
0.507326
0.316393
-0.225570
-0.133541
0.047820
0.581697
1.318898
1.311014
0.997459
0.771005
1.190720
1.207021
0.815202
0.101491
-0.150280
0.511337
0.174661
0.022176
0.551159
0.716193
0.788481
0.584204
0.397421
0.062593
0.846546
1.099196
0.988889
1.354537
0.775605
0.683135
0.622106
0.490118
0.674713
0.908139
1.053439
0.611638
-0.027636
0.803097
2.080238
2.017276
1.082610
0.661483
0.224384
0.480717
0.365426
-0.511887
-0.969086
-0.501236
-0.405142
-0.311580
-0.122494
-0.541877
-0.489057
-0.329944
-0.444789
0.229216
0.627694
0.575706
0.836336
0.539702
0.458387
0.118992
0.407608
0.301816
-0.262339
-0.680210
-0.376726
0.740235
0.942626
0.691523
0.342164
0.516734
0.177058
0.432495
0.318564
0.483251
-0.173780
-0.080591
0.453040
0.182039
0.180074
-0.361193
-0.660878
-0.356852
-0.204620
-0.531839
-0.482143
-0.317744
-0.202660
-0.630061
-0.553945
-1.123542
-1.393505
-1.946616
-2.239899
-1.176754
-1.919708
-2.224587
-2.487820
-2.536648
-1.788093
-1.251251
-1.666615
-1.957336
-1.957883
-1.487075
-1.418130
-0.816363
-1.042149
-0.850471
-0.355011
-0.189053
0.052592
0.463994
0.075036
0.000669
0.522704
1.081197
1.446170
1.604768
1.249209
1.008411
1.706585
1.943311
1.164214
0.384914
0.886285
1.702615
2.587253
2.389353
1.894323
2.469925
2.529888
2.255351
1.204014
0.987306
0.640550
0.898624
1.063540
0.436428
-0.599664
-1.232148
-2.005972
-1.851600
-1.127752
-0.677707
-0.138133
-0.384446
-0.546325
-0.688988
-1.252478
-1.437765
-1.514265
-0.975753
-0.583237
-1.374190
-0.994383
-0.006511
0.508337
0.241627
0.047421
-0.063375
-0.739155
-0.615516
-0.328379
-0.556126
0.100207
-0.138373
-0.766153
-1.405889
-1.197663
0.022650
-0.608929
-1.019210
-0.206237
0.222326
-0.141559
-0.527145
-1.176876
-2.162328
-2.150531
-2.018950
-1.893536
-1.856162
-1.146344
-0.932301
-1.205848
-2.058529
-1.901344
-0.842013
0.942499
2.057023
1.177039
0.466388
0.340779
0.718984
-0.027938
-0.140507
0.629430
0.456616
0.232476
0.307813
0.365973
1.079993
1.033879
0.570224
-0.555931
-0.718986
-0.575898
-1.184233
-1.655929
-1.572670
-0.863550
-0.522594
-1.103084
-1.372251
-1.005958
-0.200489
2.040758
2.763377
2.125462
1.351677
0.942660
1.387733
1.125473
0.591086
0.643175
0.605292
-0.211170
-0.308277
-0.681447
-0.715633
-0.643751
-0.288921
0.207804
0.721720
0.494226
0.636973
0.328657
0.426638
0.401815
-0.013639
-0.176681
0.133107
0.122806
0.058241
0.630720
0.941594
1.044987
1.284765
1.926573
2.646684
3.251658
4.004472
4.536640
4.076144
3.807170
3.759279
3.423795
2.939603
2.969462
3.001426
2.947077
2.793730
3.238348
3.553861
2.896433
2.429557
2.579827
2.831242
3.309900
2.611103
1.543367
0.003180
0.722675
1.104423
-0.008070
-0.333347
0.354149
-0.132317
0.081063
0.389966
-0.036071
-0.581601
-0.689315
-0.181634
0.723643
0.335213
-0.986968
-1.081597
-1.251296
-2.075599
-2.795809
-3.405981
-3.115939
-2.626155
-2.138087
-1.768633
-1.504665
-1.042281
-1.567763
-1.701829
-1.304463
-0.992263
-1.253800
-1.002951
-1.395332
-0.964045
-0.203091
-0.560296
-1.035768
-1.510702
-1.242494
-0.766550
-1.182390
-1.214678
-0.820160
-0.268237
0.282856
-0.226134
-1.140364
-1.387200
-2.002793
-2.685475
-3.014732
-3.260790
-3.338280
-3.107675
-3.790688
-3.379178
-3.164582
-3.407312
-3.091988
-2.986284
-3.216722
-2.602633
-1.811039
-1.573664
-1.653761
-1.995128
-2.023193
-1.384382
-0.916535
-0.809499
-0.622528
-1.386360
-0.864086
