-0.744121
-0.143316
-1.077699
-0.123434
0.534497
-0.631127
0.168970
-0.560586
-0.301357
-0.149541
-0.438302
-1.253723
-1.115244
-0.469083
0.655923
0.845859
-0.150653
-0.825453
-0.449043
-0.638113
-0.204602
0.601803
0.474415
0.130286
-0.806948
0.262226
1.012279
0.841976
0.094940
-0.251109
0.108320
0.341015
0.700029
0.184261
0.669546
0.171742
-0.161030
-1.026972
0.262583
0.701941
-0.213621
0.052377
0.216055
-0.638547
-0.829606
0.142098
0.795363
0.536551
-0.040755
0.101330
-0.382936
-0.868937
-0.411971
0.508703
0.478379
-0.277233
-0.783139
-0.590546
-0.319527
-0.316621
-0.181574
-0.057628
0.159386
0.455289
0.279768
-0.104632
0.050453
-0.120486
-1.102111
-0.418203
0.494159
0.260214
-1.057338
0.196712
-0.123234
-0.114414
1.109794
1.078058
-0.419512
-0.269732
-0.671784
-0.418774
0.239373
0.078733
-0.204612
-0.315178
-0.571680
-1.009933
-0.760480
-0.273066
-0.123510
-0.061429
-0.171959
-0.200978
-0.202352
-0.169224
-0.574571
-0.456718
-0.197677
-0.558939
-0.961294
-1.474527
-0.687605
-0.172955
-0.152451
0.252304
0.218351
-0.353788
-1.474402
0.004526
1.763927
0.948188
0.255428
-0.494075
-0.537253
0.619751
1.225656
1.100095
-0.002099
-1.209230
0.632103
1.227813
0.140275
0.810557
0.109217
-0.061455
-0.235239
-0.345730
0.378764
0.056934
0.565113
0.690160
-0.058991
-0.165211
0.377284
0.670897
0.256897
-0.185255
-1.022338
-0.169401
-0.297847
-0.319326
0.891544
0.566799
0.526914
-0.231759
0.004810
0.869581
0.564361
-0.203611
-0.316082
-0.340550
0.280254
-1.158533
0.074031
0.719020
0.489901
0.055098
-0.475141
-0.566483
0.092425
0.603824
0.493241
0.181201
-0.104364
-0.357431
-0.303383
0.137915
0.703713
-0.403858
0.326459
0.695524
0.751515
-0.064406
-0.185609
-0.535140
-0.080225
0.606302
0.635198
-0.533584
-0.124002
-0.017445
0.817187
0.369823
-0.826727
-0.424236
-0.176965
-0.099056
-0.681634
-0.738204
0.237001
0.190411
0.317896
0.260834
-0.394813
-0.757117
-0.715377
-0.413954
0.214891
0.355947
-0.828866
-0.057461
-0.493841
-0.533442
0.285365
-0.213541
0.118478
0.168468
-0.847779
-0.215200
0.519133
0.911082
0.813930
-0.285023
-0.592359
-0.036615
0.742115
-0.052171
-0.108663
-0.065147
-0.875718
-0.459838
-0.282794
-0.563342
-0.028189
0.021931
-0.014259
0.056375
-0.664950
-0.043766
0.352422
0.611979
-0.367585
-0.391919
-0.871254
0.106447
1.308391
0.421126
0.055068
0.563293
1.060516
0.623429
-0.173239
-0.601608
-1.175563
-0.194475
0.522143
-1.047815
-1.048511
0.603232
0.221596
0.594902
0.700735
-0.319718
0.571139
-0.818205
-0.435996
-0.383786
-0.425911
-1.255045
-1.120399
-0.149139
0.673664
1.316360
-0.075269
-0.058193
-0.372324
-0.370400
0.775371
0.211190
-0.567425
-0.657056
-0.236883
0.263697
1.077914
0.872697
0.116122
0.038788
0.447668
0.103782
0.527512
0.524851
0.129260
-1.404335
0.228560
1.004652
-0.018610
-0.091483
-0.436695
-0.954648
-0.125739
0.209887
-1.149779
-0.114462
0.206081
-0.703054
-0.282216
-0.118278
0.164224
0.993593
1.156842
-0.218026
-0.619834
0.424988
1.602043
0.956395
-1.097643
-0.100605
1.824689
1.652555
0.629569
-1.962989
-0.972868
0.507366
0.106995
-0.437867
-1.099264
0.184147
0.712642
0.307845
0.130561
-0.646345
0.339794
1.180804
0.762027
-0.065361
-0.661903
-0.958682
-1.299357
-0.608995
-1.112139
-2.205607
-1.539876
-0.195282
0.409681
-0.181191
-0.513424
0.129399
0.936598
0.973171
0.800288
1.184927
0.746200
0.256930
-0.067053
-0.622899
-1.034409
-1.718105
-1.253806
-1.250797
-0.975014
-0.002279
1.028592
0.415126
1.516997
0.991340
-0.209798
0.256066
-0.006453
0.266831
-0.702152
-0.404768
-1.070424
0.357454
1.068451
-0.683884
-1.571694
-0.090327
0.215321
-0.092361
1.052351
0.459878
0.968490
0.749260
-0.309836
-0.223948
0.633129
0.593116
-0.729765
-1.884632
-0.766280
-0.621065
0.163993
1.268329
0.958076
-0.270964
0.598323
1.360470
1.150112
1.075278
-0.288116
0.705738
0.730495
-0.763250
-1.558502
-1.068065
0.139564
0.036796
-0.424163
-0.236335
0.205098
0.399029
0.031085
-0.005469
0.281154
0.172419
0.548683
0.737015
-0.321500
-0.512396
0.456709
0.737168
-0.257753
-0.359275
0.028853
0.324651
0.384208
-1.303945
-0.959758
0.144526
0.010570
-0.619832
-0.259811
-0.268634
0.365755
0.775348
-0.066185
0.576363
0.515504
-0.888791
-0.206329
-0.463821
-0.667491
-0.523430
-1.539092
-0.221515
0.552019
0.090405
-0.717872
-0.525420
-0.696470
-0.444417
-0.005859
-0.024792
0.117458
-0.098011
0.062754
0.248423
0.365710
-0.683193
0.526864
2.190464
1.409120
0.260117
0.397142
0.781215
0.829480
-0.057580
-1.148470
-0.163225
-0.272617
-0.472513
-1.529344
-0.765777
0.638745
0.242647
-0.667680
-0.800697
0.770799
1.836754
1.529732
0.557148
0.914171
1.580923
0.991196
0.267554
-0.676676
-1.448931
-0.117387
0.131775
-0.716254
0.228789
0.499421
0.192803
-0.468375
1.060862
1.385259
0.674476
-1.056508
-0.266867
0.597330
-0.575397
-1.562629
-2.019679
-0.510889
-0.068664
-0.816968
-0.465516
0.523402
-0.520569
0.312120
1.476008
0.745306
-0.482868
0.313534
1.172156
-0.361397
-0.650963
-1.178316
-1.550059
-0.672326
-0.616093
-1.315065
-0.265093
0.857452
1.152935
-0.144298
0.870133
1.321701
0.769247
0.941639
-0.613865
-2.252891
-1.279679
0.673111
-0.210647
-0.834012
-1.779960
-2.567599
-1.846757
-0.321511
0.644715
0.398678
-0.414939
-0.193840
0.187897
0.787849
1.459602
-0.461041
-0.092207
0.383281
-0.370070
-0.172293
-0.742964
-1.570092
-2.102310
-0.546184
-0.383621
0.280832
0.739682
0.363240
0.943516
1.592850
1.176543
0.759092
1.096252
1.340714
1.084007
0.858789
0.538969
-0.624235
-1.609797
-2.849686
-1.654990
-1.197995
-1.354487
-1.030675
-1.343617
0.523895
2.066467
1.928891
1.533226
1.572717
1.056718
1.154969
1.650041
0.938196
0.355354
0.177286
0.179897
-0.836849
-0.982659
-0.927431
-1.783212
-0.661522
0.348984
-0.229847
-0.654899
-0.402749
-0.300282
-0.382349
0.697511
1.139736
0.179005
-0.757700
-1.828686
-0.442458
0.083403
-0.801869
-0.953964
-0.913862
-0.785862
-0.144264
0.404163
-0.097210
-0.880128
-0.519038
-0.212543
-0.290161
-0.740955
-1.160445
0.806949
1.744094
0.650632
-0.849177
0.033680
1.533274
1.265151
1.364633
-0.083678
0.428968
1.423077
0.808574
0.157902
-0.169781
-0.786395
-0.099217
-0.522416
0.639733
0.830712
0.691242
1.589672
1.281632
0.728860
0.690444
0.621723
1.831263
1.779695
0.302861
-0.961001
-0.145109
1.373132
1.302762
0.202157
-0.904331
-1.390007
-0.440034
0.765715
1.328790
1.132778
0.094639
0.886250
1.272118
0.606765
-0.189553
-0.324518
-1.463216
-0.121903
1.006620
0.276091
-0.667271
-1.169160
-1.188110
-1.277205
-0.683610
-0.071561
-0.111034
-0.463562
-0.162994
-0.305811
-0.759827
-0.329354
-0.223191
-0.335058
-0.207614
-0.593039
-1.075754
-0.161577
-0.298458
-0.774364
-0.795759
-0.103720
0.554629
-0.039552
0.422694
1.221057
1.156887
0.707526
0.529629
-0.494776
-0.354353
-0.072355
-0.162764
-0.492832
-0.138303
0.415658
0.063408
0.017027
0.427230
0.478875
-0.125576
-0.969917
-1.631832
-1.712269
-0.995741
-0.097097
0.028850
-1.039401
-0.483339
0.114231
0.000535
-1.008502
-0.847881
-0.188904
-1.085688
-1.850753
-0.962843
-0.137801
-0.344209
-0.178879
0.011636
0.016346
0.411912
0.745682
-0.401860
-0.242910
0.560908
0.882004
0.961889
0.347666
0.087958
-0.267271
-0.819397
-0.724671
-0.394922
-0.209419
0.138591
0.544132
-0.075662
-0.614985
-0.688104
-0.062630
0.289917
-0.054564
-0.188259
-0.321474
-0.227272
-0.008435
-0.525904
-0.682059
-0.404822
-0.573860
-0.275665
0.558856
-0.209282
-0.945352
-0.386673
0.356766
0.342514
0.319966
0.352383
0.364691
-0.516575
0.636318
1.129339
0.007182
0.071877
0.039002
0.103934
0.105446
0.178223
0.988395
1.004297
1.225988
1.008776
0.914195
0.969251
0.751575
1.320632
1.489426
1.185518
1.273897
0.402680
0.078292
-0.430166
0.057392
0.563250
0.074040
0.468618
0.176669
-0.371434
-0.554801
-0.242444
-0.431564
-0.509885
0.492599
0.240627
-0.104412
-0.279669
-0.807783
-0.554752
-0.088780
-1.204036
-3.364261
-3.730969
-3.114441
-4.091194
-4.072279
-2.553103
-2.323306
-2.973140
-2.034019
-1.802087
-1.386489
-1.009119
-0.338370
-0.307880
-0.565199
-0.264369
0.766134
1.719805
1.963153
2.193027
1.276967
1.287292
1.082536
1.813859
2.985631
2.023203
1.134791
0.399603
0.022171
0.648916
0.066008
-1.850370
-3.066426
-2.238542
-3.219404
-2.556682
-1.645552
-2.206243
-2.274744
-1.221180
-0.286874
-0.070575
-0.501720
0.448736
1.633371
2.049704
3.187554
2.718651
2.743565
2.867968
2.890754
3.823019
4.200245
2.759811
2.575932
1.918659
3.490139
4.350589
2.907191
2.033522
1.736400
1.864662
2.344339
2.259410
2.317835
1.621729
1.559633
2.167507
0.867340
0.475577
1.428509
1.350533
0.873912
0.940961
0.222287
-0.838265
-0.889344
0.532680
0.496916
-0.115139
-0.914379
-1.491097
-0.744501
-0.517767
-0.379916
-0.234170
-0.387351
-1.076010
-0.373534
-0.382318
-1.148287
-0.675770
-1.881781
-1.931152
-1.167680
-0.969449
-1.169905
-1.317303
-1.224385
-0.862615
-0.358702
1.101177
1.275501
0.284970
-0.073970
0.913850
0.590250
-0.549575
0.259566
0.063201
-1.762880
-0.828351
0.620460
-0.235594
-0.256103
-0.361705
0.732816
0.110526
0.291405
0.337894
-0.551804
-0.424426
-0.640747
-0.015832
-1.244474
-2.041906
-1.616244
-2.567540
-2.658142
-2.334777
-1.961552
-1.623428
-1.213156
-1.273904
-1.619526
-2.518913
-0.604288
0.117940
-1.145721
-1.196496
-1.940705
-2.268692
-2.623442
-2.172981
-1.922595
-1.389575
-1.580901
-0.626615
-0.398535
-0.590090
-0.072631
0.814118
1.393043
0.403012
-0.736021
-0.701465
-1.001512
-0.459474
0.588646
0.209164
-0.731066
-0.446164
0.293262
0.592538
-0.078975
0.636879
1.794501
1.830355
1.298860
0.165694
0.133731
0.668776
0.016255
0.249633
0.256131
0.803995
0.520081
-0.653020
-0.005571
-0.295030
-0.753717
-0.354465
0.274370
1.135534
1.172562
0.556402
0.932951
0.613933
-0.045784
0.213368
-0.723273
-0.142057
0.711465
0.165085
-0.100365
0.931428
1.986586
1.884409
1.556956
1.018878
1.435344
2.434177
2.879029
2.429166
1.926897
1.385855
1.321372
0.093066
0.949649
1.842944
0.727059
0.339247
0.655639
1.810534
1.142395
0.566362
1.536346
0.400269
0.262818
1.294928
0.265698
