-1.056511
-0.882310
-0.503584
0.306560
0.093782
-0.223782
0.171138
-0.410250
-0.541847
-0.758951
-1.591679
-2.225923
-1.282331
0.570850
1.831475
1.265152
0.824029
0.721773
0.277663
-0.289132
-1.072302
-1.769263
-2.172631
-2.467033
-2.125961
-0.641556
0.674940
1.141237
1.136669
0.757709
0.578880
0.114987
-0.128825
-0.115781
-0.023991
0.380553
0.416573
0.335617
0.470262
0.379160
0.470485
0.643428
0.748294
0.472043
0.187817
0.224788
0.255968
0.469341
0.778059
1.094261
1.182282
0.514128
0.423405
0.515774
0.663166
1.057078
0.913096
1.059479
0.887796
0.771024
0.915731
0.583530
0.694345
1.215648
1.231913
0.968300
0.246166
-0.144441
-0.241885
-0.294337
0.427670
0.601059
0.797614
0.660672
1.179928
1.485862
0.900888
0.405629
0.105644
-0.524893
-0.249725
-0.205647
-0.487712
-0.700894
-0.425666
-0.611087
-0.616952
-0.056519
0.264854
0.363237
0.200417
0.010602
-0.473004
-0.349647
-0.326618
-0.496769
-0.811787
-2.141431
-2.438209
-2.072367
-1.119176
-1.091341
-0.376249
0.661365
1.284998
1.124010
0.536587
-0.104172
-0.059469
0.212036
-0.210423
-0.337858
0.285389
0.104697
-0.046818
-0.090531
-0.178927
-0.193886
0.397446
1.270351
1.021826
0.703777
0.439129
0.835632
0.259125
-0.093500
-0.038900
0.284245
0.387566
-0.073543
-0.411771
-0.555395
-0.467460
-0.007214
0.789217
0.770853
0.254272
-0.642754
-0.754016
0.048836
0.519994
0.683474
0.722944
0.880156
0.819342
0.418513
-0.411095
-0.317641
-0.102349
-0.434638
-1.099968
-2.348633
-2.581680
-1.761347
-0.863174
-0.222758
0.272229
1.074279
1.353514
0.603490
0.253764
0.224767
-0.384948
-0.898683
-0.662448
-0.770101
-0.417888
-0.428508
-0.402273
-0.488752
-0.785534
-0.206082
0.903810
1.193882
1.118783
0.497794
-0.513447
-0.865511
-0.181625
0.445730
0.445564
0.301283
-0.459536
-1.331724
-1.423295
-0.673531
-0.387546
0.310867
0.910207
1.579397
1.823287
1.883899
1.844445
1.550766
1.203450
0.555265
0.715701
0.498338
-0.177867
-0.945480
-0.981126
-0.483180
0.386030
0.536212
0.904005
0.636562
0.169777
-0.442931
-0.710352
-0.760319
-0.664106
0.214860
0.243967
0.114280
0.290215
0.602108
1.040302
1.116838
0.641403
0.645607
0.338833
0.162477
-0.277897
-0.405496
-0.468947
-0.932254
-0.738845
-0.240503
0.396825
0.753203
1.145144
0.836232
0.135189
-0.893114
-1.835433
-2.240186
-2.534557
-2.646706
-2.261337
-2.013689
-1.763071
-0.911965
-0.645165
-0.093014
0.041039
-0.129725
-0.230039
-0.447740
-0.561847
-0.459909
-0.846945
-0.849461
0.046502
0.409984
0.333685
0.237352
0.632954
0.738443
0.694731
-0.285560
-0.554840
-1.067183
-1.560946
-1.476351
-1.354762
-1.260568
-0.532921
0.267390
0.467875
0.089646
-0.662172
-0.662806
-0.085104
0.359203
0.085725
0.255251
-0.349985
-0.801229
-0.832154
-0.059148
0.658263
0.743954
0.815925
1.605926
1.285826
1.129085
1.339252
1.166340
0.884482
0.399612
0.008215
0.059998
-0.147085
-0.683225
-0.221462
0.124466
0.047345
-0.049567
-0.063650
0.292388
0.302429
-0.313184
-0.705305
-0.949884
-0.785415
-0.461558
-0.831787
-1.319499
-1.511079
-0.799158
0.190604
0.234236
0.107270
0.909029
1.357713
1.571594
1.811154
1.294926
0.362674
-0.399007
-1.537434
-1.550749
-1.267547
-1.297536
-1.205554
-1.208399
-0.114929
0.720367
0.647383
0.993954
1.368710
1.235411
1.345721
0.823625
0.238671
0.590819
0.669518
1.004708
1.330792
1.534355
0.964865
0.378443
0.157967
0.249088
-0.311886
-0.827602
-1.009697
-0.981531
-0.635327
-0.070984
0.597557
0.522296
0.655498
0.473944
0.336322
-0.221229
-0.892551
-1.172211
-1.938334
-2.165357
-1.497493
-0.635580
0.483191
1.040598
1.264262
0.024621
-1.024135
-0.831634
-0.458153
-0.458050
-0.986105
-0.845267
-0.591094
0.278860
0.586453
0.452531
0.503540
-0.324714
-1.776575
-3.421699
-3.880518
-2.812464
-1.115301
0.273157
0.796129
0.939365
1.179875
0.675109
0.145259
-0.229870
-0.248317
-0.391859
-0.701132
-1.325600
-1.913552
-1.936833
-0.913298
-0.371380
0.272558
0.626572
0.527888
0.435940
0.600521
0.892387
0.520187
0.367783
0.388200
0.250378
-0.092815
0.051188
-0.117474
-0.044536
-0.344824
-0.071070
0.248997
0.409451
-0.023594
-0.349384
-1.093742
-1.365551
-0.856751
-0.626622
-0.574263
-0.933794
-0.967889
-0.231473
-0.347042
-0.532986
-0.862237
-0.902734
-0.598923
0.134583
-0.178890
-0.276346
-0.683187
-0.347138
0.290841
0.990064
1.819786
2.481551
2.614253
1.979424
1.925880
2.211743
1.827216
1.105344
-0.027250
-0.980297
-1.091638
-0.578983
0.213805
0.908348
1.432934
1.626277
1.487076
1.513445
1.620022
2.047954
1.410769
-0.091578
-0.590677
-0.989500
-1.560248
-1.379149
-1.491655
-1.773219
-2.231435
-1.729714
-0.119709
1.711738
2.530592
2.449928
2.275482
1.681848
0.449614
-0.010242
-0.628646
-1.022176
-1.478260
-1.385920
-0.790236
-0.324330
-0.559043
-0.669972
-0.677366
-0.563837
-0.552935
-0.451002
-0.309718
-0.687293
-1.027272
-1.052704
-0.737316
-0.117423
0.562131
0.791983
0.885159
1.155255
0.571466
0.123502
-0.343549
0.213747
0.915836
1.769738
2.061209
1.413330
1.072981
1.603479
2.104716
2.801274
2.831233
2.411405
2.051009
1.137072
0.212345
0.040139
0.704570
1.448212
1.933671
1.352770
1.117945
0.674641
0.824386
0.441769
0.233052
-0.063772
-0.504244
-1.157411
-1.552734
-1.246991
-1.611128
-1.319070
-1.076491
-0.873464
-0.810986
-0.676269
-0.420567
-0.760591
-0.763596
-0.762521
-1.072159
-0.775906
-0.612557
-0.504481
-0.318413
-0.802443
-0.715037
-0.567644
-0.058259
0.046293
0.090165
0.510229
0.752093
1.004176
1.332559
1.571707
1.243033
0.372507
-0.346264
-0.914865
-0.951186
-0.496643
-0.910573
-0.843221
-1.082568
-1.019825
-0.421213
0.491084
0.916277
1.284147
1.131986
0.682356
0.327521
0.429315
0.327403
-0.222748
-1.006402
-1.877389
-1.863488
-1.417225
-0.701571
-0.163936
-0.153269
-0.205103
-0.454978
-0.208771
0.194638
-0.746833
-0.848736
-0.357804
0.164802
0.448517
0.113582
-0.240895
-0.680153
-0.877025
-1.027222
-1.283847
-1.221292
-0.899074
-0.253437
0.327446
0.406888
0.551881
0.362412
0.265480
0.531472
0.747242
0.682441
0.914761
1.299747
0.745968
0.300204
-0.140270
-0.631299
-0.494507
-0.381979
-0.451867
0.317635
1.154327
1.414652
1.437522
1.554235
1.563017
0.704575
-0.018783
-0.732927
-1.186332
-1.427417
-1.979166
-2.049884
-2.294208
-3.201881
-2.886485
-2.371290
-1.703432
-0.905844
-0.985525
-0.689749
-0.155813
0.493741
0.689483
1.235309
0.746691
0.919960
1.234121
1.286869
0.903707
0.991936
1.006321
1.159331
1.146914
0.318377
-0.648959
-0.868158
-0.876197
-0.985644
-0.594751
-0.319289
-0.399435
-0.175488
0.074459
-0.185583
0.408104
0.993964
1.301817
0.968964
0.553358
0.059789
-0.600603
-1.087889
-0.535820
-0.467924
-1.093657
-1.494960
-1.681415
-1.095376
-0.404087
0.329356
1.605851
1.439764
0.647376
0.093652
-0.380926
-0.118087
0.528446
0.759655
1.191405
1.821697
2.259431
1.890809
1.590103
0.949052
0.710052
0.333840
0.072332
-0.333942
-1.253735
-0.919472
-0.448842
-0.530850
-0.459899
-0.700207
-0.013589
0.906652
1.288206
1.287888
1.329581
1.537994
1.272071
0.669782
0.738525
0.676786
-0.142322
-0.905434
-1.118119
-0.664926
-0.601632
-0.720563
-1.143067
-1.843306
-2.419980
-1.702255
0.056540
1.083488
0.920592
1.159179
2.138747
2.330941
1.786973
1.107732
0.721248
0.150110
0.161719
0.161828
-0.210285
-0.178560
-0.101965
-0.240615
-0.949105
-0.742828
-0.931662
-0.925104
-0.847724
-0.864453
-1.072872
-1.410637
-1.186508
0.050536
1.149528
1.212567
0.493511
0.294950
0.920063
0.803979
1.087231
0.794051
0.555235
0.545886
0.118009
0.063317
0.316925
-0.037801
0.027322
0.870716
0.940203
1.073927
1.156830
0.693803
0.124481
0.422948
0.476345
0.244026
-0.181418
-0.281788
0.267128
0.588779
0.873386
0.943657
0.919122
0.917447
0.906820
0.567639
-0.060670
-0.274867
-0.623970
-1.336884
-1.964842
-2.184329
-1.531666
-1.429408
-0.785156
-1.172107
-1.187874
-0.867895
-0.742867
-0.827220
-0.810161
-0.888253
-1.114409
-0.845298
-0.388352
-0.070903
0.285528
0.866431
0.890046
0.650182
0.188266
-0.193690
-0.598911
-0.732243
-0.324918
-0.103272
0.076558
0.066061
-0.802689
-1.840076
-2.518484
-2.567718
-1.419414
-0.041245
0.983605
1.285009
1.618931
1.567852
1.762642
1.770618
0.813485
-0.313010
-0.989763
-1.181160
-1.730749
-1.990306
-2.034711
-2.283023
-2.285560
-2.025968
-1.545272
-1.288840
-1.798447
-1.396075
-0.407791
0.334309
1.071503
0.902032
0.651672
0.739760
0.701542
1.009794
1.464047
1.480260
1.200431
1.269173
1.570937
1.581646
0.228134
-0.691259
-0.654680
-0.136129
-0.102039
-0.401347
0.078824
0.379538
0.641411
1.753450
2.475670
2.578138
2.172862
1.535873
0.400283
0.272358
0.239293
0.965092
1.089568
0.531912
-0.076973
-0.267711
-0.178124
0.234242
1.028784
1.330266
1.432154
0.301507
-0.873508
-1.513563
-1.564861
-1.671693
-1.484484
-1.227153
-0.835343
-0.402458
0.334293
0.153817
-0.418167
-0.303320
-0.447372
-0.598596
-0.357395
-0.236443
-0.508628
-0.544680
-0.814353
-0.821686
-0.016204
0.910690
0.930911
0.706266
0.360645
-0.141854
-0.254137
-0.694043
-0.971760
-1.302711
-1.420974
-1.572515
-1.137608
-0.247570
0.328385
0.831592
0.410719
-0.165047
-0.130387
-0.679351
-1.266711
-1.778028
-2.087204
-2.256954
-2.187098
-0.880589
0.325363
0.699036
0.793179
0.448908
0.216625
0.517026
0.578512
0.955813
1.080803
0.670056
0.293603
0.567172
0.635738
0.842955
0.663970
0.750921
1.046006
0.407896
0.042168
-0.455879
-0.469405
-0.860023
-1.105107
-1.055113
-0.905389
-0.035537
0.965129
0.996474
0.664689
0.060349
-0.336709
-0.083279
-0.231180
-0.616585
-0.425397
-0.525559
-0.425757
-0.028392
-0.185517
-0.167375
0.148119
-0.142525
-0.411019
0.233254
0.722432
0.722116
1.005812
0.834443
0.747061
0.411609
0.379794
-0.175903
-0.225351
-0.598655
-1.059879
-1.125899
-0.865927
-0.331039
0.320092
0.548918
0.510882
0.173510
-0.028464
0.475841
0.702654
-0.041786
-0.565953
0.174027
0.158357
-0.039252
0.260044
0.381949
0.576074
0.486563
0.797488
1.136741
1.193943
0.980961
1.119560
1.231934
0.785443
0.703682
0.583195
0.154091
0.250569
0.210235
0.085105
-0.045029
-0.119794
0.305491
0.592834
0.314536
0.272277
0.498051
0.743517
