-1.682657
-0.383531
-0.916708
-1.004774
-0.539439
-0.370719
-0.060351
-0.107174
-0.642228
-2.398826
-3.160953
-2.085429
-1.751502
-0.595066
0.510302
0.797650
0.343203
0.263912
0.028510
0.637799
0.739947
0.919093
0.705817
-0.364875
-0.294818
0.050222
-0.376764
-1.482212
-1.600406
-0.855204
-0.472478
-0.104035
0.021799
1.084253
1.582669
0.638117
-0.592468
-0.860637
-0.123228
-0.306542
-1.292649
-1.161011
-0.551354
-0.769218
-1.201176
-1.275229
-0.407296
-0.139304
-0.425098
-0.382688
0.636333
1.374747
1.095555
0.957706
0.126738
0.439377
1.590699
2.131540
1.574895
0.638065
0.743867
0.366373
0.344118
0.342514
0.572500
1.526752
1.171188
0.430612
0.451348
0.096125
1.202796
1.556201
1.508408
1.821053
1.596399
1.940508
1.154843
0.646076
0.728158
0.026534
-0.385480
-1.411167
-1.004674
0.202379
0.101846
0.166290
0.482213
-0.017663
0.554138
1.048627
0.068579
-1.137777
-1.101253
-0.797342
0.373950
0.345336
-0.432091
-1.803612
-2.036488
-1.216644
-0.769643
-0.637280
-0.380500
0.444406
0.624457
0.071885
0.018666
-0.607313
-0.791182
-0.366428
0.149941
1.001512
1.075909
0.411350
-0.440443
-1.103168
0.725027
1.563399
1.196835
0.307348
-0.431809
-1.011666
-0.171309
0.564800
-0.102514
-0.067383
-0.023410
0.447533
0.220834
1.023658
0.862733
-0.097275
-0.347071
-0.408548
-0.303083
-0.110254
0.110410
-0.288283
-0.587051
-0.374143
0.104515
0.439288
0.046570
0.069344
0.770044
-0.062630
-0.181086
0.214867
0.273759
0.212217
-0.535845
-1.535275
-1.307734
-1.187599
-1.844529
-0.282967
1.169136
0.975356
0.569688
0.605422
0.435261
-0.004891
-0.488260
-0.372188
-0.717864
-1.335920
-1.159142
-0.529462
0.016870
0.260198
0.651756
0.793200
1.360168
0.857917
0.490596
-0.003371
-1.657522
-1.731874
-0.126079
-0.248340
-0.563011
0.155943
0.065365
-0.211046
-0.179447
0.106788
1.184527
1.217151
0.322620
0.325606
1.257908
0.460838
0.323720
0.615493
0.764880
-0.063969
-0.252343
0.416924
-0.121522
-1.051147
-0.661537
0.046323
0.624028
0.948091
1.146532
0.734330
0.266879
1.364384
1.153658
0.061473
-0.175567
-0.002180
-0.091713
-2.104660
-2.190620
-0.476791
0.816600
0.452192
0.287721
0.721666
0.595309
-0.056586
-0.400561
-0.185714
-0.763592
-0.293880
0.068001
-0.378053
0.231359
-0.225212
-1.179909
-0.480534
0.115260
-0.073115
-0.189173
-1.145698
-1.692682
-1.776868
-2.096996
-0.418193
0.737973
0.472179
-0.053526
-0.251667
-0.049041
-0.826322
-1.549950
-0.674845
0.085242
0.075809
0.823733
-0.025684
-1.748628
-0.726171
0.577358
0.708946
1.235172
1.430106
0.984258
-0.411279
-0.513616
-1.034668
-1.325420
-0.736646
-0.861694
-1.108018
-1.158702
-0.309619
1.013791
1.139779
0.337372
0.031567
0.709059
1.063786
0.419047
0.654820
0.486512
-0.508984
-1.173653
-1.303896
-1.263656
-0.460194
0.539682
0.533093
0.809676
0.908028
0.875788
0.744202
0.729437
0.654993
-0.190023
-0.788084
-0.006723
0.520381
-0.159692
0.015085
-0.149308
-1.065598
-0.443276
-0.052717
-0.356107
0.626085
1.359191
0.528601
0.766400
0.497411
-0.437453
-0.616458
-0.239405
-0.197404
0.382858
0.213434
-0.522447
-0.731819
0.252424
1.265942
1.248137
1.363786
1.776394
1.170719
-0.054537
-1.640904
-1.305943
-0.485753
-1.458978
-0.723890
0.466654
1.450794
1.703465
1.231324
0.685740
-1.001857
-0.812277
0.036058
-0.117445
-0.470541
0.015775
0.607895
0.662876
1.458905
1.640031
0.433386
-0.061760
-0.516640
-0.438612
-1.064642
-1.107477
-1.295494
-1.021280
-1.203482
-0.040660
1.798058
1.381713
0.716395
-0.337981
-0.683188
-0.907790
-1.659758
-2.375996
-1.091567
0.069125
0.232015
0.387860
0.520676
0.807700
0.771322
-0.798447
-1.061769
0.924614
1.349158
1.247631
1.362596
-0.133655
-0.932470
-1.429827
-0.589545
-0.133208
0.680795
0.361986
-1.576623
-2.147621
-2.547118
-0.760379
0.985286
1.302644
0.570607
0.865054
1.305935
0.877682
0.144980
-0.089790
-0.213043
-0.149130
-0.754425
-1.849198
-1.644972
-1.556598
-1.004111
-0.373944
1.065316
1.511090
1.542390
0.723723
0.421297
0.010060
-1.593711
-1.274990
-0.969236
-1.237995
-1.755555
-1.680685
-0.769986
-0.575085
-0.664542
-0.409839
-1.025736
-1.163776
-1.529980
-1.169031
-0.436714
-1.193461
-1.753252
-1.086651
-0.744109
0.074327
0.554301
0.461227
-1.054946
-2.263655
-1.349644
-0.788926
-0.728017
-0.442990
-0.301574
-0.094847
0.385001
1.839256
2.086327
2.539238
3.278325
3.064543
3.185310
2.926897
3.146371
2.522169
1.739305
0.535736
-0.417880
0.449790
0.758840
1.497929
2.469539
2.566797
2.714760
2.390409
1.776527
1.859276
1.144288
1.162491
1.335934
0.726392
-0.123096
-1.950717
-1.180552
0.518246
-0.441309
-0.908057
-0.500916
1.211028
2.250726
1.943634
1.448078
1.825108
1.765368
0.255463
-0.527071
0.358235
0.478043
0.435965
0.614123
0.457229
0.406409
0.322728
0.750956
-0.839836
-0.331610
0.843680
0.400562
0.825783
0.413288
-0.912461
-1.778801
-1.109550
-0.198136
-1.232637
-0.516169
0.192501
0.199322
-0.263157
0.012768
0.274864
-0.862699
0.638596
1.414727
0.588420
0.703191
0.010841
0.329659
0.310353
0.023997
-0.061866
0.026063
-0.787821
-1.618477
-0.769206
0.570048
0.891384
0.745155
0.815425
0.772083
-0.258269
-0.712943
0.032059
0.252207
0.192533
-0.037299
-1.013397
-1.011136
-2.070035
-1.303181
-0.434533
-0.306211
-0.634524
-0.364131
-0.315355
-0.310677
-0.846784
-0.906860
-0.382536
-0.799999
-0.518018
-0.494723
-0.679226
-1.334235
-0.876003
0.314454
-0.038129
-1.076720
-1.304721
-0.060146
0.927956
0.739474
0.941937
1.036531
1.084158
1.058393
0.579914
-0.432598
0.049702
-0.399014
-0.747371
-0.915726
-1.139130
-0.768843
-1.065418
-0.692703
0.311529
0.513367
0.434395
0.413069
1.340957
1.189582
0.482385
-0.281497
-1.210974
-1.760932
-1.857604
-1.279524
-0.946152
-0.371444
0.101047
-0.211046
-0.419287
-0.251873
-0.343151
-0.149471
-0.046021
-0.060654
-0.877102
-0.596283
-0.079286
-1.011183
-0.433487
0.554452
-0.208449
0.378113
0.678548
-0.583144
-1.377108
-1.751264
-1.028232
-1.094839
-1.032391
0.030983
0.197500
-0.085119
0.017608
-0.022383
-0.705131
-0.418820
-0.004958
0.397990
1.416231
1.597440
1.209632
0.475478
-0.281290
-1.394168
-0.359161
0.520761
0.831156
1.370220
1.986258
2.098687
1.311302
0.321115
-0.351705
-0.397725
-0.375061
-1.233213
-2.137414
-2.129743
-2.330873
-3.237213
-2.507887
-1.243243
-0.504757
0.171569
0.516655
-0.528222
0.730800
1.415185
1.427228
1.462796
1.182478
1.009484
0.729788
0.525024
-0.990299
-0.146647
0.915543
0.268785
-0.071727
-0.104141
-0.381293
-1.653542
-2.688278
-1.744477
-1.530265
-2.538420
-2.040468
-0.891030
-0.883577
-0.831484
-0.152063
0.836403
0.995897
0.038304
0.494345
-0.032897
0.417459
1.065114
0.910602
1.151790
1.253062
0.999066
0.417541
1.078070
2.514627
2.269264
1.714106
1.718806
0.961468
0.365475
0.360253
-0.186316
0.624303
1.280416
0.516100
1.714510
2.906293
2.677971
1.439649
1.247172
1.151797
0.513606
-0.557129
-0.555822
-0.503457
-0.976440
-0.934070
-0.339441
0.529732
1.177286
1.380919
2.422625
2.846736
2.251328
1.680209
0.623259
0.040504
0.086684
0.239985
-0.416603
-1.344154
-1.515438
-1.147392
-1.200244
-1.299085
-0.897300
-0.609241
-0.218653
1.092273
1.334518
0.569057
0.224109
-0.220449
0.237061
1.333856
1.952302
1.412986
0.794902
0.450996
-0.693888
-1.533485
-0.883544
-0.444262
-0.495589
0.027900
-0.322764
-0.258925
-0.513274
-1.558466
-1.499198
-0.886680
-0.953791
-1.747947
-2.514006
-2.475118
-0.548880
0.132437
0.620666
1.622711
1.381019
0.759212
0.349084
-0.303803
0.036745
-0.080731
-0.529133
-0.368623
-0.483519
-0.552342
-0.493753
-0.133646
0.452127
1.191916
1.570168
0.571270
-0.200210
-0.285089
-0.458935
-1.276569
-1.081719
-0.208275
0.122305
-0.250745
0.080746
0.661001
1.061134
0.959020
-0.202246
0.686502
1.133237
0.330177
-0.789172
-1.364844
-1.346882
-1.207599
-1.422498
-1.025619
-0.828960
-0.499296
-0.505853
0.069415
1.336625
1.166436
0.645689
-0.368369
-2.028409
-2.025442
-1.347597
-0.046112
0.649986
0.794150
0.921606
0.311612
0.159537
0.389419
0.913540
0.813791
-0.333073
-1.000323
-0.228054
0.497856
-0.094902
-0.296727
-0.843080
-0.355985
0.457353
0.715239
-0.363377
-0.650470
0.670390
2.003378
2.061116
2.278251
2.040311
1.351439
-0.344775
-0.708074
-0.941524
-1.677302
-0.868733
-0.325132
-0.853921
-1.072392
-1.115869
-0.171908
0.058986
0.172334
0.117782
0.182540
0.350245
-0.309920
-0.300846
-0.759723
-0.375233
0.286721
0.119729
0.966263
1.053998
0.474143
0.399559
-0.744431
-0.438904
-0.000562
-0.175682
-1.446676
-0.471132
0.869577
0.618080
0.225109
-0.412926
0.357334
0.499219
0.578680
0.470578
0.598963
0.857061
0.129584
-0.733720
-0.257606
-0.050475
-0.389645
-0.883068
-0.722153
0.296600
1.040938
0.825710
0.428777
0.087847
-0.279082
-1.100071
-2.023098
-2.375854
-2.042010
-1.792051
-1.171116
-0.545672
-0.413876
-0.142715
0.244816
0.000999
0.197315
0.397349
-0.672574
-0.588286
-0.280177
-0.387899
-0.310048
-0.522625
-0.201742
-0.400519
0.229939
1.612687
2.065422
0.945797
0.547244
0.766730
1.044576
-0.021905
0.235250
-0.592835
-1.026322
-0.150867
0.561319
0.597631
0.679177
0.557055
0.731592
0.441930
-0.734548
-0.146413
1.029697
0.785349
0.016554
-0.354775
-0.270655
-0.891960
-1.646054
-0.835863
0.155672
-0.025253
0.845702
0.898280
0.886093
1.089037
0.023870
-0.490005
-0.274288
0.313813
1.323478
1.390067
0.826428
0.323573
0.024972
0.046479
-1.508863
-1.518228
0.065022
0.290564
0.016323
-0.595940
0.414497
1.527226
0.708138
0.230242
1.113124
0.480327
-0.159894
-0.169056
-0.577115
-0.635383
-1.134389
-0.211202
0.313377
0.396001
0.621301
0.554736
0.325269
0.107511
0.088881
-0.257662
0.693284
1.871388
1.631181
0.507275
0.133312
0.530626
-0.017655
-1.214794
-0.984075
-0.297428
-0.248311
-0.567221
0.176516
0.270303
0.130870
0.097177
-0.692066
0.200295
0.917911
-0.064425
-0.972328
-1.281455
-0.795464
-0.594317
-0.643508
0.330366
1.054538
1.419946
0.717354
0.118835
-0.027820
0.021319
-0.252489
-0.459985
-0.900821
0.318293
1.095182
0.160015
0.136616
-0.104792
0.594072
0.804643
-0.356689
-1.681112
-2.187488
-2.171413
-1.658105
-1.485974
-1.406399
-0.886581
