0.404962
-0.644315
-0.284883
0.100812
0.273290
0.951586
0.459337
-0.566133
-1.306001
-1.146951
-0.325869
-1.269987
-0.641352
0.567835
0.627097
0.109507
0.192945
0.102546
0.442016
0.296861
-0.560009
-1.809441
-1.811933
0.350933
1.888924
1.683651
1.920663
1.860583
1.842227
1.363801
0.228347
-0.075083
0.192004
0.686316
0.776414
0.416627
0.699461
0.878149
0.635342
0.664651
0.134552
-1.533259
-0.711270
0.613482
0.845309
0.760924
0.426541
0.489833
0.401918
-0.154173
-1.041341
-1.401921
-0.267949
-0.063220
-0.534101
-0.295773
-0.303911
-0.044224
0.164137
-0.307903
-2.006656
-1.474939
-0.048852
0.072795
-0.266000
-0.257241
0.063431
-0.428184
-1.255058
-0.814626
-1.235395
-0.827098
0.210773
0.206845
0.067847
0.219598
-0.080060
-0.426789
-1.057545
-0.649284
0.452320
1.087228
0.584881
1.006296
0.768439
0.842892
1.086752
0.392169
-0.403682
-1.411755
-1.814892
-0.174557
0.836120
0.699275
0.105552
-0.048031
-0.336428
0.266989
-0.484321
-0.994213
0.249014
0.887633
0.700343
0.437984
0.282036
0.008772
-0.903544
-0.537721
-1.479261
-1.839401
-0.394312
-0.261213
-0.054126
-0.210496
0.265956
0.595734
-0.693103
-0.089646
0.823915
-0.078488
-0.086304
-0.151735
-0.276838
-0.399555
-0.803019
-0.036207
0.862526
0.436395
-0.184869
0.378682
1.042423
1.027560
-0.230101
-1.150762
-0.545000
-0.082269
-0.434731
-0.167402
0.094833
1.065242
0.888602
-1.030258
-1.482804
-0.849637
-0.281773
0.703609
2.147319
1.272329
0.852891
1.505673
0.278600
-0.510334
-0.009849
0.126694
-0.144324
-0.650411
-0.553263
-0.529097
-0.751461
-0.710749
0.184576
1.254843
1.547238
0.589383
-0.295083
-0.523454
0.286444
0.407107
-0.661034
-0.988473
0.186642
0.227141
-0.210253
0.546545
0.733045
0.649196
0.318667
-0.859189
-0.947308
-0.719979
-0.475435
-0.136956
-0.488502
-0.323904
0.317742
0.286151
0.438150
0.356488
-0.066683
-0.790607
-0.081523
0.333533
-0.429973
-1.185383
-1.254490
-0.389881
-0.485222
-0.442848
-0.578080
-0.316169
1.220685
1.791059
1.362508
0.642572
0.027467
-0.321291
-0.734440
-0.682456
-0.439561
-0.847143
-0.149532
1.019801
1.156276
0.411135
-0.904664
-1.360075
-1.327470
-1.263368
-1.815022
-0.827966
0.000294
0.467737
0.801214
0.563735
0.504698
0.315878
0.488809
0.703171
-0.292680
-0.818425
0.263634
1.187508
0.658721
0.440590
0.185892
-0.067217
0.879612
1.269203
0.418819
0.535088
-0.070183
0.716971
1.808410
1.215505
1.081543
0.547508
-0.773627
-1.223147
-0.103875
0.133270
0.145962
0.257697
-0.758581
-1.643510
-1.842619
-2.176886
-2.661465
-3.404149
-3.064919
-0.908735
1.156308
2.007382
2.519311
1.983011
1.350560
0.096294
-0.445059
-1.284561
-1.577843
-1.188847
0.192040
1.661513
1.959137
2.125534
1.866336
1.651304
1.456281
1.036429
-0.094298
-1.094445
-0.201180
-0.004932
-0.068515
-0.440168
-0.484016
-0.003015
0.206675
-0.548111
-0.444582
-0.290086
-1.143491
-1.228197
-0.330687
0.398253
1.193648
1.638999
1.935315
1.004299
1.478075
1.201328
1.096610
0.770760
0.398883
0.411222
0.321991
0.012954
-0.217444
-0.787657
-0.474325
0.423282
1.213657
1.869314
1.143167
-0.431183
-1.118004
-0.800245
-1.183012
-2.504213
-2.879938
-1.033149
0.099769
0.215562
0.723685
1.061526
0.914252
0.305944
-0.624209
-0.459652
0.313250
0.251155
0.350510
0.226484
-0.041343
0.327873
0.633895
0.469961
0.545538
-1.071347
-0.763152
0.758656
0.725087
0.063018
-0.507865
0.301360
0.632034
-0.090063
-0.746382
-0.477908
0.442819
0.597450
0.602058
0.657886
1.028784
0.871612
0.144962
0.108371
0.452815
-0.413065
0.458221
0.356336
-0.489932
-0.664064
-1.088504
-0.933265
-0.601659
-0.038026
0.700848
0.278987
-0.584833
0.389034
1.363070
1.496476
-0.107571
-1.152754
-1.605069
-1.971931
-2.055081
-3.058511
-2.701797
-1.418156
-0.740776
0.017691
0.140897
0.941168
1.672382
1.798594
0.561736
-0.264262
-0.153944
-0.759352
-1.396295
-2.752977
-2.803082
-1.804778
-0.518337
1.416931
2.613950
2.044389
2.289538
1.642763
0.337269
0.736295
1.369247
0.897555
0.057309
-0.820701
-1.670761
-1.079310
0.551179
-0.043883
0.041482
1.576968
2.047946
2.190921
1.878342
0.562290
-0.325157
-0.141410
0.517288
1.117024
1.094113
0.933109
0.485489
-0.454654
-0.239414
-0.656167
-0.763697
0.279323
0.101132
-0.060023
-0.504117
-1.279935
-1.070615
-0.178109
0.545253
0.128826
0.104998
1.482376
1.035996
0.069934
-0.419348
0.080249
-0.340021
-1.786466
-1.536152
-0.982367
-0.787202
0.422938
2.029310
1.903006
1.664468
1.933198
2.528372
2.454167
1.353167
0.888609
1.225286
1.129510
1.755032
1.953112
0.524412
0.635494
0.591342
0.384610
-0.085839
-1.309823
-1.239871
0.079609
0.720373
-0.382938
-0.133683
0.382756
0.085231
-0.350715
-0.877475
-1.048941
-0.755231
-0.007680
0.672231
1.119186
0.818518
1.002646
0.542005
-0.544353
-1.769627
-1.428782
0.410107
0.991841
0.147170
-0.087708
0.446248
0.539067
-0.751677
-1.036943
0.683223
1.025228
0.387480
0.033125
-0.982789
-0.908030
-0.727517
-0.460671
-1.764391
-2.085923
-0.615120
0.000376
0.051839
0.177297
-0.327766
0.071096
-0.150396
-1.381839
-1.591298
-1.577280
-1.447499
-0.755102
-0.141585
-0.188248
-0.470454
-0.642809
-1.101202
-0.048301
0.563779
0.210145
0.868583
1.575617
1.424476
0.576843
-0.159090
-1.458752
-1.792841
-1.281196
-1.050786
0.472927
1.376586
1.262040
1.008394
0.817852
1.299595
1.063031
1.266519
0.929443
0.475768
-0.278652
-0.238427
-0.446516
-0.246409
-0.349186
-0.853703
-0.875204
0.020593
-0.073091
0.405982
1.604878
0.810812
0.052509
-0.136887
-0.455255
-1.233394
-0.779282
-0.696637
-1.375665
-0.300155
0.489282
0.874659
1.426973
1.007792
0.030230
0.304710
0.886905
0.013828
-0.525646
-0.976932
-1.250329
-0.867684
-0.897403
-0.887955
-0.826917
0.043359
0.950163
0.528147
0.411006
1.138315
0.724342
0.862301
0.599795
-1.100570
-0.998083
-0.482540
-1.130055
-2.838336
-2.697858
-1.791061
-1.501112
-0.679667
0.360241
0.826157
1.675257
1.731056
1.544005
0.315967
0.117879
0.673994
0.322009
-0.334113
-0.778279
-1.751566
-1.555474
-0.280956
-0.195335
-0.324020
0.865998
1.068664
0.794065
1.075755
1.200678
0.450399
0.380656
0.481570
-0.685174
-1.176787
-0.801490
-0.821129
-0.812957
-0.507339
-0.674672
-0.237184
0.799250
1.553388
1.415128
0.978954
0.984383
1.234822
0.799103
0.428175
-1.268369
-1.024900
-0.488678
-0.453387
-0.441119
-0.202505
0.706413
0.841465
0.761994
0.562171
-0.606129
-0.324237
0.285968
-0.004757
-1.461411
-2.907838
-2.441975
-1.137163
-0.811830
-0.887522
-0.655047
-0.633380
-1.728066
-1.725738
-1.793339
-0.855796
-0.138736
-0.371200
-0.189302
-0.981398
-1.417013
-0.142560
0.817321
0.253423
0.615084
1.130748
0.784730
0.729120
0.764343
-0.210049
-0.017766
0.890899
0.683803
-0.324856
-0.120356
0.815247
1.426960
1.645662
1.199354
0.707650
0.440150
0.522387
-0.298985
-0.693407
-0.160259
0.244773
0.955127
1.351407
1.613521
0.531991
-0.205327
0.255168
0.375485
-0.170836
0.010670
0.302475
0.869487
1.144553
0.313331
-0.663848
-0.071318
0.781017
1.309028
1.864007
1.495446
1.067945
0.512127
-0.647270
-0.677895
-0.414159
0.114748
0.298861
0.360091
0.486998
0.706606
0.795993
1.004979
0.575605
-0.355261
-0.145372
0.061762
-0.328968
-1.015788
-2.299931
-1.953484
-1.362310
-0.496519
-0.042403
-0.024554
1.191576
1.453364
0.623205
-0.165218
-1.016325
-0.692345
-0.737982
0.060092
0.797683
0.743852
0.597740
0.154497
0.089551
0.421564
-0.137402
-0.708412
-0.409867
0.759284
0.458101
-0.425609
-0.778241
-1.250914
-1.395492
-0.518095
0.192943
1.008519
1.069367
0.573742
0.253168
-0.040232
-0.592659
-0.402177
-1.246847
-1.176783
-0.144544
-0.669562
-0.890496
-0.486847
-1.064030
-0.232097
1.500923
0.548650
0.847925
1.108039
0.199651
-0.310069
-0.546826
-1.152956
-0.979278
0.138978
0.426572
0.472205
0.775587
0.913353
0.951429
0.221552
-1.018103
-0.428079
1.164074
0.795462
-0.479192
0.012308
0.907607
0.063720
-0.376999
-0.713263
0.138082
0.311572
0.110647
-0.909024
-1.470434
-0.353530
0.157058
0.225958
1.098353
0.490817
1.105271
1.726530
1.080168
-0.092026
-0.833345
-0.670191
-0.542871
-1.052951
-0.856490
0.081385
0.138241
-0.010142
-0.097831
-1.121959
-1.162401
-0.002684
-0.600885
-0.876419
-0.095808
0.376483
0.443011
0.050436
0.414596
0.617903
-0.451654
-0.454015
1.110526
0.816868
-0.398092
-0.131335
0.121924
0.302895
-0.106227
-1.365506
-0.428253
0.913492
0.869621
0.582393
0.372897
-0.303986
-1.635565
-2.142801
-3.173747
-3.258772
-0.937822
0.992176
1.863242
1.664343
1.899883
2.294993
2.139944
1.729420
0.550929
-0.183893
-0.148880
-1.443179
-2.079341
-1.839049
-1.569614
-1.151501
-0.047445
1.021383
0.722933
0.962237
1.419486
1.575048
1.637509
0.143784
-1.182503
-2.400252
-3.463876
-3.007986
-1.732638
-0.372692
1.233344
2.403995
3.029064
2.709248
2.088982
0.990544
-0.796453
-1.331669
-0.884536
-1.528459
-1.423992
-1.194568
-0.971881
-0.269985
0.448214
1.173422
0.536569
1.019512
2.361591
2.013767
1.527305
1.541413
0.850209
0.652120
0.678515
0.080105
-0.571456
-1.677759
-1.142488
-0.397547
-0.168095
1.324456
2.145507
1.460625
0.463479
1.171490
1.614211
1.038484
0.168998
0.239924
0.866141
0.706705
0.064235
-0.243633
-0.027638
-0.862524
-1.365116
-1.645632
-1.232099
-0.106354
-0.073813
-0.133046
0.581412
-0.397187
0.315534
1.297777
0.939544
0.043687
-0.248038
0.069955
0.269636
-0.187294
-0.531697
-0.266324
-0.117012
-0.369504
-0.851730
-0.956289
-0.544016
0.450270
1.007941
-0.255498
-0.470956
0.431662
-0.130637
-0.010828
1.070601
0.334325
0.472019
0.526420
0.316807
-0.195992
-1.410358
-0.832161
0.153785
-0.044257
-0.065363
0.288132
-0.703602
-0.737687
0.114643
-0.103570
-0.985082
-1.187595
-0.891646
-0.555491
-0.459811
0.344452
0.125308
0.066620
0.969555
0.724562
-0.114935
0.840199
0.677937
-0.088942
-0.509874
-0.574310
-0.717795
-0.758442
-1.075924
-0.703956
0.704295
-0.032381
0.033079
0.062232
0.045116
0.586788
0.263587
0.058944
-0.228724
-0.655309
-0.485390
-0.845652
-0.627019
-0.439145
-0.515218
-0.256873
-0.162187
0.044010
-0.245186
-1.337764
-2.069249
-1.412016
-1.025652
-1.855596
-2.114534
-1.918566
-1.340363
-0.981502
