-1.112126
-0.693209
-0.325528
-0.126043
-0.479593
-1.005167
-0.907145
0.037639
0.144558
-0.011321
0.055636
-0.214434
-0.892546
-1.580499
-1.823732
-1.459235
-1.589403
-0.885744
-0.540105
0.208742
1.206795
1.674657
1.474382
1.057434
0.420655
-0.057878
-0.556367
-0.895891
-0.793056
-0.967151
-0.804042
0.026461
0.331990
0.440434
0.308945
-0.075282
-0.736446
-0.899744
-0.799396
-1.641681
-1.374728
-0.754437
-0.384335
0.484539
0.954512
0.589597
-0.070809
-1.468807
-2.116192
-1.202712
-0.553526
-0.268378
0.247055
1.486269
1.496904
1.298659
1.874462
1.979115
1.656761
0.694034
-0.362026
-0.695995
-1.293073
-1.598431
-0.811689
-0.131639
0.404255
0.710958
0.743576
1.288163
2.105377
1.935451
1.390605
0.411847
-0.080157
0.441297
-0.179060
-0.338455
-0.367751
-0.840221
-1.322400
-1.088180
-1.294023
-1.456963
-0.666468
0.464781
1.139259
1.548107
1.783735
1.275317
0.577625
-0.242884
-1.378021
-1.673252
-0.870369
-0.703768
-0.642117
-0.448768
-0.181609
-0.012720
0.779673
0.502866
0.340772
0.517020
0.486653
0.273880
-0.150271
-0.512643
-0.861983
-0.270766
-0.784765
-1.175476
-0.425565
0.412128
0.880677
1.235021
1.656029
2.028253
2.261558
1.246653
-0.287997
-0.999161
-1.288468
-1.387268
-1.226582
-1.192166
-0.469622
0.252333
1.199593
1.924669
1.381186
0.985838
1.053832
0.519087
-0.066232
-0.369418
-0.455219
-0.331623
-0.413647
-0.601201
-1.327452
-1.982390
-1.853454
-1.350683
-0.625577
0.044107
1.080416
2.022022
2.771958
1.364620
-0.091684
-0.318943
-0.384573
-0.753142
-0.873065
-0.792275
-0.433673
-0.440883
-0.142434
-0.205054
0.023746
0.486329
0.915631
1.321148
1.110557
0.256261
-0.267699
-0.183509
0.324765
0.460090
0.831963
0.284547
-0.169853
-0.156249
-0.316758
-0.186900
-0.141793
-0.005154
0.196172
0.353696
0.157014
0.547437
0.195663
0.242468
0.761615
1.013449
0.923692
0.749526
0.507834
0.318185
-0.089138
-0.335118
0.026578
-0.480301
-0.641433
0.051291
0.656802
0.790612
0.782884
0.222525
-0.483453
-0.992312
-0.932426
-0.035911
0.613705
1.285326
2.592985
2.139185
1.355791
0.927901
0.508341
-0.018660
-0.575850
-1.536640
-2.564394
-2.424617
-1.417034
-0.576784
-0.537961
-0.543502
-0.292119
-0.142809
0.113599
0.019751
0.168919
0.028414
0.172821
0.440544
0.325369
0.003819
-1.267665
-2.174497
-1.708097
-0.996582
-0.615947
-0.715449
-0.739258
-0.631049
0.037006
0.699951
1.656444
1.397726
1.008407
0.930534
0.354639
-0.640098
-1.678533
-2.321209
-1.826984
-0.887788
-0.295776
-0.195763
-0.404911
-1.012642
-0.966021
0.331575
1.206437
2.254281
2.505344
2.063714
1.177147
-0.362052
-1.794400
-2.215349
-2.701260
-2.334681
-0.827525
-0.242043
0.388210
1.374051
1.987462
2.562507
2.784452
2.231040
1.645444
0.505562
-0.716298
-1.043209
-1.156091
-1.167279
-1.125484
-1.255628
-1.392988
-1.005841
-0.074048
0.775282
1.797205
3.128359
2.630019
1.498263
1.022412
0.286435
-0.546585
-1.335224
-1.587577
-1.533456
-1.397034
-0.788506
0.273112
-0.052951
0.047603
1.062329
1.367954
1.094613
0.823483
0.963392
0.796950
0.148111
-0.287654
-0.645753
-1.679241
-1.848520
-1.451168
-1.054125
-0.037558
0.606650
1.268052
1.670337
1.771245
1.505076
0.673230
-0.218824
-0.210207
0.254490
0.900871
0.898810
0.525834
0.354674
0.013354
-0.210621
-0.130010
-0.226580
0.052732
-0.524906
-1.437952
-1.178573
-0.830261
0.089884
1.201400
1.641589
1.514614
1.282065
0.928617
0.215504
-0.388892
-1.347969
-2.063882
-1.750733
-1.202956
-0.984986
-0.493539
0.229657
0.518451
0.770102
1.056413
0.849048
0.655400
-0.718040
-1.961761
-2.314247
-2.504830
-1.778615
-0.570739
-0.069338
0.091284
0.643986
0.946055
1.668101
1.450856
1.155384
1.546298
1.354211
0.088982
-1.502146
-2.247873
-1.759468
-0.936315
-0.273591
-0.161673
0.288117
-0.052878
0.131177
1.069509
1.396665
1.286274
1.199168
1.280101
1.398005
1.698587
1.825607
0.454759
-0.812987
-1.131701
-1.391884
-1.535036
-2.051121
-1.506204
-0.147806
0.996016
2.037270
2.942982
2.681173
1.534846
0.780538
0.126293
-0.563852
-1.219240
-1.802709
-2.253627
-2.440460
-1.684559
-1.445138
-1.189010
-0.898830
-0.956803
-1.126203
-0.952070
-0.506520
-0.179029
-0.086072
0.192070
-0.414664
-1.540463
-1.605796
-1.145491
-0.897581
-1.176447
-1.899425
-1.849511
-1.682278
-1.364609
-1.123079
-0.384432
-0.561122
-0.765428
0.064892
0.534198
1.138329
1.646130
2.032251
1.839939
1.380026
1.345493
1.269781
0.501948
0.263193
0.200489
-0.024802
0.178663
0.841421
1.712673
2.224404
3.003288
3.247968
2.270398
1.609386
1.201581
0.736775
0.758706
0.535660
0.366402
0.371588
0.737246
1.070633
2.063839
1.953145
1.321309
1.486880
1.976016
2.242309
1.876897
1.241568
0.635885
0.111060
-0.399919
-0.253717
0.456309
0.254565
0.305883
0.959604
1.493053
1.639680
1.859870
1.885670
1.591857
1.288115
0.605895
-0.297374
-0.678618
-0.949307
-1.197037
-1.407763
-1.173592
-0.618395
-0.027106
-0.157548
-0.676888
-0.188499
0.552309
0.808922
0.952734
0.971880
1.004030
0.467447
-0.289950
-0.275795
-1.013032
-1.796683
-1.334619
-1.118371
-1.287584
-1.595915
-1.567159
-0.775681
0.590526
0.853237
0.459277
0.419695
0.190198
-0.233463
-0.404990
-0.733251
-1.007946
-0.993842
-0.464906
-0.395750
-0.724811
-0.614008
-0.409715
-0.377674
-0.449178
-0.333743
0.131860
0.082394
-0.358778
-0.652876
-0.365791
-1.200397
-1.397750
-0.814357
-0.652666
-0.433772
-0.315430
-0.135297
-0.090963
-0.441628
-0.962308
-0.661805
-0.579799
-0.310337
0.595319
0.704497
0.677481
0.277526
-0.064317
-0.176654
0.271050
-0.168731
-0.891704
-0.531601
-0.164790
-0.023524
-0.230098
-0.571583
-0.648834
-0.804203
0.121590
0.397923
0.120534
-0.294525
-0.499486
-0.337380
0.186117
-0.030007
-0.392295
-0.594310
-0.095845
-0.253220
-0.639115
-0.320070
0.196942
0.300878
0.216715
-0.112129
-0.102276
-0.114786
0.187416
0.280229
0.593875
-0.115233
-0.996537
-0.496875
0.231906
0.454461
0.417578
0.170279
-0.523959
-0.903595
-0.759282
-0.036570
-0.147145
-0.499775
-0.440796
-0.334326
0.013408
0.035078
0.233453
0.197478
0.246684
0.225541
-0.567400
-1.071808
-0.426196
0.319438
0.932303
0.642541
0.240479
0.095114
0.267998
0.390571
0.290723
0.605680
1.182323
0.895962
0.655842
0.801993
0.277510
0.043767
-0.039019
0.139544
-0.102509
-0.761726
-1.031847
-1.094650
-1.207851
-0.323755
-0.517955
-0.480963
0.122180
0.704145
0.980999
0.830104
0.450655
0.382272
0.506383
0.640678
0.489437
-0.860003
-1.473405
-0.965163
-0.845764
-0.557866
-0.387435
-0.316272
-0.479333
-1.264264
-2.125524
-2.327372
-2.120668
-1.500062
-0.656233
-0.572732
-0.864335
-0.429991
-0.100310
0.022329
-0.029331
0.344046
0.952225
0.957374
0.604351
0.230855
0.668898
0.501188
0.305153
0.851651
1.666509
2.461456
2.892391
2.752441
1.851555
1.169983
0.862177
0.521173
0.522090
-0.362674
-0.968643
-0.356029
0.302804
1.202533
1.800834
2.253183
2.555153
1.894156
1.331711
0.855179
0.956842
0.091087
-1.124575
-1.653261
-1.715566
-1.088671
-0.002841
0.992365
1.669003
1.850696
1.262201
0.801714
1.246841
1.151758
0.122930
-0.696902
-0.734539
-0.940517
-1.008358
-1.455154
-1.227233
-0.597388
-0.290423
0.277357
0.834836
1.674039
1.222606
0.266876
-0.148608
-0.361337
-0.379375
0.051788
0.196759
0.775450
0.959365
0.378060
0.149472
0.153622
-0.532134
-0.900742
-0.675477
-0.515311
-0.325899
-0.457412
-0.505960
-0.743174
-0.546129
-0.779931
-0.591221
-1.323378
-1.962652
-1.508961
-0.799371
0.008162
0.640666
1.180195
1.618934
1.688712
1.118169
0.548457
0.819649
0.250669
-1.020249
-1.624391
-2.048611
-2.154752
-1.734399
-1.400151
-0.396055
0.529566
1.114304
1.764089
0.837490
0.031915
-0.036037
-0.381959
-0.454105
-0.284427
-0.460396
-0.740035
-0.604577
-0.102833
0.243622
-0.358154
-0.461194
0.598695
0.935550
0.866373
0.807346
0.355028
-0.452743
-1.002406
-0.771134
-1.173599
-1.585940
-1.015948
-0.329107
0.434347
1.445338
1.919019
1.855135
0.898835
-0.130566
-0.291567
-1.459733
-2.001128
-1.178647
-0.518794
0.299484
0.606463
0.525979
0.280377
0.286423
-0.209393
-0.508224
-0.213130
-0.147290
-0.110319
-0.115081
0.034676
0.062267
0.448934
0.803557
0.567835
0.501533
0.763266
0.301460
0.056933
0.308402
0.541405
0.644761
1.311640
1.171410
0.478888
0.241235
0.234771
-0.050838
0.013144
-0.074867
-0.466976
-0.663507
0.083540
-0.023397
-0.401109
-0.207170
0.028062
0.278658
0.621856
0.788945
0.607567
0.479089
0.749797
-0.190636
-0.831512
-0.713750
-0.718420
-1.056078
-1.128767
-1.224212
-0.960578
-0.181570
-0.258342
-0.562763
-0.245421
0.024164
0.280179
0.403310
0.208432
-0.333463
-0.963979
-1.082067
-0.504688
-0.779476
-0.541732
0.334184
0.694822
0.735640
0.141409
-0.364441
-0.802667
-0.646760
-0.190149
0.312259
0.996747
0.149064
-0.556278
-0.512882
-0.797195
-0.493116
-0.339363
-0.415353
-0.469227
-0.568392
-0.376424
0.235583
-0.298245
-0.532249
0.023377
0.303152
0.589072
0.479515
-0.219618
-0.424698
-0.334873
0.515723
0.413664
0.203272
0.303187
0.496826
0.611885
0.837992
1.074035
1.192155
1.116494
1.285636
1.474730
0.847577
0.074596
-0.039449
0.081898
-0.342297
-0.407209
-0.425815
0.044150
0.401890
0.623572
1.003537
1.253957
0.876413
0.550629
0.427651
0.386326
0.278054
-0.202886
-0.613741
-0.835418
-0.698808
-0.189779
-0.164442
-0.317885
-0.142111
-0.048717
0.236287
0.353838
0.751434
0.697856
0.555265
0.523173
-0.583263
-1.147184
-0.442907
0.072698
0.195462
0.184244
0.192542
0.306274
0.633781
0.445279
0.007866
0.253504
0.472766
0.134828
-0.107861
-0.398348
-0.798748
-0.910164
-0.415917
0.309427
0.234030
0.013620
0.404750
0.292344
0.305487
0.148029
0.323491
0.423107
0.216818
0.086204
-0.502294
-0.395750
0.452946
0.584786
0.340346
0.218305
0.201731
0.164494
-0.207791
-0.058344
-0.298467
-0.596557
-0.498920
-0.408951
-0.236071
-0.163208
-0.025879
0.216663
0.000857
-0.316988
-0.180418
-0.079419
-0.905052
-1.016770
-0.090967
0.325263
0.419269
0.073472
-0.187930
-0.444838
-0.298063
0.228393
0.071244
-0.703625
-0.910658
-0.549715
-0.413813
-0.212657
-0.236501
0.226520
0.593275
0.604439
0.122642
-0.614478
-2.056901
-2.527497
-2.241265
-2.462699
-2.106809
-1.739565
