0.950397
0.994718
0.535325
0.466047
0.250181
0.305162
0.472754
0.410307
-0.406408
-0.600760
-0.166801
0.169009
0.379730
0.529270
1.739165
2.076875
1.305854
1.049231
1.502412
1.975025
2.411439
2.052172
1.755140
1.614971
1.131715
0.934352
1.094245
0.488428
-0.552145
-1.128575
-1.489725
-1.528820
-1.329316
-0.999036
-0.555132
-0.401479
0.386519
0.950418
1.130796
1.346543
1.958819
3.075326
3.371578
2.525288
2.119280
1.467786
1.118957
0.672057
0.958763
0.987322
0.303596
0.252489
0.389553
0.411960
0.652567
0.533048
-0.223341
-0.502210
0.041117
0.284030
0.294739
0.400610
0.089828
0.151265
0.537654
1.073991
1.609388
2.137678
1.806989
0.600545
0.125215
0.276246
0.606661
0.456055
0.223267
-0.077350
-0.311218
-0.957606
-1.708434
-1.450623
-1.517336
-2.929038
-3.169147
-2.897970
-2.137702
-1.596574
-1.663902
-0.898847
-0.442057
-0.698582
-0.604100
-0.135013
0.448781
0.155836
-0.372823
-0.464150
-0.235905
-0.323902
-1.013191
-1.307455
-0.863504
-0.193228
0.032145
0.657987
0.305450
-0.216749
-0.474667
-0.197905
-0.234142
0.002056
0.444781
0.563291
0.505184
0.522300
0.036351
-0.976007
-1.672075
-1.897519
-1.606704
-1.581665
-1.661363
-1.732665
-1.564131
-1.286072
-1.495950
-1.809101
-1.848859
-1.469101
-1.118010
-0.823614
-0.498803
-0.460328
-0.535189
-0.171095
0.117535
0.152772
0.284406
0.429307
0.618305
0.726083
0.595808
0.467996
0.327433
0.384779
0.661715
0.643538
0.683926
0.541810
0.260414
0.575102
0.748568
0.965533
0.596215
-0.052211
-0.238535
-0.432237
-0.140166
-0.369538
0.059612
0.186869
0.154773
0.112103
0.481279
0.337318
-0.196696
0.166358
0.056861
0.448986
0.733294
0.676012
0.305445
-0.033885
-0.105351
-0.223906
-0.154429
-0.519253
-0.121040
-0.285051
0.164901
0.421515
-0.202752
-0.971023
-1.266894
-1.798133
-2.241257
-1.939072
-1.092110
-0.341180
0.650363
0.796740
0.821248
0.745726
0.177190
-0.115251
0.187459
0.491332
0.790478
0.917306
1.154555
0.991196
0.652698
0.700882
0.563527
0.319208
0.275187
0.392638
0.337178
0.134324
-0.241855
-0.607798
-0.420095
0.022738
-0.281554
0.145421
0.459236
0.296000
0.097958
-0.290049
-0.113311
-0.222469
-0.263009
-0.447183
-0.726977
-1.172994
-1.253675
-1.108401
-1.270012
-0.911679
-0.797777
-0.876556
-1.173506
-1.322208
-0.820314
-0.446541
-0.731695
-0.702290
-0.829872
-0.487819
-0.023389
-0.316475
-0.399028
-0.678272
-0.960752
-0.565967
-0.362069
-1.065175
-0.886361
0.211103
1.339427
1.785293
1.903238
2.420733
2.508275
2.509511
2.405788
1.645591
0.816913
0.606522
0.369976
0.422564
-0.138170
-0.839165
-0.678451
0.124130
-0.044568
-0.616686
-0.219199
-0.107136
0.035438
0.380038
0.311467
0.189087
0.068365
-0.247499
-0.054866
0.911563
1.714190
1.962183
1.347775
0.902357
0.208073
-0.338553
-0.779537
-0.845233
-1.015105
-0.298923
-0.046223
-0.072988
0.015178
-0.547307
-0.633326
-0.389506
-0.526646
-0.691004
-0.693605
-0.718121
-0.363710
-0.567585
-0.880255
-0.377316
0.049094
0.263739
0.374634
0.752622
0.632612
0.326078
0.105688
0.098891
0.209308
-0.321539
-0.264146
-0.033307
-0.111266
-0.307281
-0.442188
-0.722624
-0.787149
-0.878819
-0.459681
-0.307545
-0.942807
-1.482413
-1.642851
-1.438932
-1.411524
-1.205047
-0.964347
-0.546433
-0.295617
-0.369380
-0.082375
0.265524
1.273095
1.745838
1.719864
1.578020
1.128596
0.545781
0.011800
-0.634057
-0.751942
-0.405175
0.132544
0.483890
0.599245
0.501066
0.546545
0.494797
0.220803
0.090146
-0.135462
-0.067532
0.461100
1.135368
1.357092
1.339372
1.432068
1.058458
0.861440
1.193231
0.843892
0.722379
1.172383
0.542247
0.373672
0.147462
0.798945
0.920954
0.647353
0.199800
0.321470
0.349340
0.466630
0.158643
-0.484302
-0.906486
-1.079537
-0.520578
-0.150139
0.125962
-0.040078
-0.240677
-0.771194
-1.033329
-0.903981
-0.509454
0.352881
0.688841
1.254257
0.701248
0.805003
1.258098
1.916385
1.868267
0.819682
0.186689
-0.347562
-0.491632
-0.246999
-0.305061
-0.369389
-0.796570
-1.086842
-0.949289
-0.910107
-0.643091
-0.320655
-0.306129
-0.335217
-1.037859
-1.799457
-2.280727
-2.016976
-1.532590
-0.824158
-0.459949
-0.888666
-0.846192
-0.301586
0.619803
0.596053
0.563784
-0.006772
-0.400921
-0.352850
-0.032294
0.142847
0.303011
0.056117
-0.756900
-0.799240
-0.960409
-0.914052
-0.669703
-0.194908
-0.255652
-0.937551
-1.093886
-0.826497
-0.402388
0.101680
0.454310
0.711644
0.625339
0.858725
0.563877
0.428585
0.067182
-0.367327
0.160860
0.129613
0.214624
-0.068270
-0.497494
-0.911948
-0.539978
-0.704895
-0.995612
0.059623
-0.072974
-1.041976
-1.472231
-1.431267
-1.739913
-2.130942
-1.926111
-1.163733
-0.963733
-0.691696
-0.864747
-0.586342
-0.322010
-0.830059
-0.794466
-0.394884
-0.007895
0.656289
1.312117
0.910641
0.689518
0.594952
0.515601
0.768340
0.914902
0.501178
0.025850
-0.356247
-0.654737
-0.803347
-0.341621
-0.539051
-0.921923
-1.072790
-0.841898
-0.800859
-0.466029
-0.380478
-0.175833
0.090151
-0.196786
0.173604
0.760763
0.485187
0.779767
0.864605
1.028391
1.439081
1.730775
1.004409
-0.037572
-0.705399
-0.707369
-0.572365
-0.104382
0.715073
1.129662
1.413266
1.179330
0.876619
0.446072
0.548119
0.516319
0.222358
-0.336099
-0.266775
-0.241923
0.051357
0.193531
0.196752
-0.129096
-0.412658
-0.253117
0.456228
0.643833
0.401644
0.515916
0.892857
0.868022
0.448000
0.457799
0.086552
-0.289049
0.230364
0.428755
-0.144684
-1.247640
-1.935348
-1.754539
-1.302373
-1.225784
-0.929694
-0.675543
-0.616308
-0.275595
0.500515
0.442098
0.217139
0.255010
0.355407
-0.525352
-0.423860
0.688024
1.046081
0.544398
0.008296
-0.662482
-0.676271
-0.285037
0.042663
0.236155
-0.327539
-0.623050
-0.841773
-0.686350
-0.823890
-0.699125
-0.335174
-0.547709
-1.252114
-0.799988
-0.356378
0.288120
0.685784
0.718806
0.166083
0.117431
0.662852
0.559968
0.259237
-0.126914
0.105311
0.599647
0.902997
0.591372
0.219724
-0.342112
-0.194943
-0.222697
-0.237823
-0.072138
-0.319589
-0.257882
0.017123
0.419489
-0.045585
-0.706253
-1.028208
-0.892155
-0.231424
-0.534143
-1.040046
-1.222489
-1.029439
-0.654646
0.080105
0.449671
0.192467
-0.316256
-0.451059
-0.767903
-0.743065
-0.454296
0.726775
0.594591
-0.387368
-0.822335
-0.980058
-0.611468
-0.331038
-0.000165
0.113294
-0.032459
-0.010037
0.044878
-0.031443
0.383251
0.690594
0.493696
0.246410
-0.262071
-0.396547
-0.057758
0.556343
1.347602
1.189319
0.612690
-0.085836
-0.208903
-0.342798
-0.232041
0.033799
0.419021
0.457104
-0.152722
0.206144
0.498150
-0.087769
-0.738876
-0.563668
0.092525
0.915503
1.407442
1.117228
0.445607
0.711591
0.713556
0.514041
0.464854
0.811431
1.393362
1.898816
1.780901
0.714097
0.063072
0.148783
-0.257787
-1.044680
-2.026856
-2.329060
-1.579114
-0.457062
0.238945
0.486931
0.467782
0.627107
0.253050
0.622358
1.034263
0.594862
0.375778
0.277461
-0.163336
-0.125685
0.838581
1.974751
2.459717
2.593622
1.996163
1.550552
1.866913
1.540736
0.900022
0.436444
1.078070
1.976768
1.971574
1.258685
1.026356
0.957002
0.406077
-0.216524
-0.337006
-0.231044
0.762962
1.781926
1.547629
0.814926
0.904450
1.047774
1.037278
0.900521
0.816869
0.131348
-0.295990
-0.752237
-1.127367
-1.937139
-1.930615
-1.956654
-1.487190
-0.472205
-0.339768
-1.296738
-1.987779
-2.773838
-3.191650
-2.582194
-1.511236
-1.087526
-1.187852
-0.981394
-1.042627
-1.150730
-0.839301
-1.261218
-1.449245
-1.405805
-2.250831
-2.730396
-2.574187
-2.161947
-1.933769
-1.523245
-0.917003
0.188113
1.071022
1.695330
1.400020
0.386041
0.004841
-0.299214
-0.614035
-0.630074
-0.680002
-1.263140
-0.881079
-1.271171
-1.532333
-1.495664
-1.828446
-2.127850
-1.952447
-1.874024
-2.010177
-2.489905
-2.671749
-2.468776
-2.081451
-1.901283
-1.661569
-1.938429
-1.903530
-1.461114
-1.284814
-1.305682
-1.515946
-1.128976
-0.365511
0.285381
0.333669
0.279364
0.415064
0.832162
1.298017
1.193344
0.811994
0.700323
1.109897
1.523431
1.185034
0.601756
-0.422276
-0.960091
-0.433757
0.027198
0.482689
0.639579
0.552253
0.927724
0.759934
0.901956
0.701379
0.525394
1.156361
1.631590
1.286784
1.632518
1.617130
0.997540
0.637544
-0.311887
-0.289349
0.095300
-0.532083
-0.851735
-1.003787
-0.976827
-0.257821
0.712036
1.246566
1.665916
1.532726
1.759961
2.873139
3.463709
3.662270
3.531946
3.168383
2.242972
1.682147
1.043484
0.188737
-0.886424
-1.594642
-1.444779
-0.785557
0.224614
0.854307
1.240005
1.439406
1.458885
1.467021
1.576494
1.998554
1.585305
0.210169
-0.185758
-0.071442
-0.213565
0.288417
0.354052
-0.016982
0.142993
0.796987
1.069839
1.589292
1.277453
0.447619
-0.290162
-0.311824
-0.650939
-0.249027
0.449732
0.055929
-0.210555
-0.263887
-0.864149
-1.820322
-2.154403
-2.262898
-2.386112
-2.199496
-1.365390
-0.926452
-0.606214
-0.035845
0.179316
-0.230763
-0.291115
-0.182020
-0.221663
-0.017827
0.550951
0.613701
0.730014
0.239494
0.404978
0.260876
0.176820
1.045856
1.655536
1.648031
1.563720
1.411684
1.418012
1.276531
1.097179
0.460288
0.231108
0.165557
-0.187848
-0.262521
-0.662364
-0.885674
-1.223815
-1.487198
-1.412825
-1.886136
-1.840793
-1.795850
-1.868826
-1.283472
-0.902368
-0.263136
0.086513
0.388792
0.948284
1.291349
1.440109
1.698253
1.342000
0.947696
-0.496095
-1.212259
-1.274078
-0.605479
-0.328214
-0.687631
-0.656454
-0.226246
0.386614
0.543838
0.553783
0.650407
0.316320
-0.418331
-0.327141
0.038129
-0.273483
-0.366520
-0.058696
-0.458363
-0.964745
-1.169374
-1.094673
-0.834053
-0.590358
0.206558
0.418338
0.166283
-0.646442
-0.537543
-0.467366
0.145009
0.976224
1.216783
0.703732
0.411427
-0.261536
-1.031178
-0.790097
-0.416551
0.002594
0.832115
0.993337
0.574262
-0.251547
-0.679138
0.216659
0.697457
0.713254
0.567594
0.119049
-0.181684
0.203490
0.075864
0.275075
-0.087910
-0.606426
-0.779903
-0.198119
0.282678
0.530626
0.949114
1.064285
0.919740
0.610531
0.954811
0.872326
0.233656
0.164824
-0.218257
-0.477564
-0.255412
-0.205609
0.288293
1.217205
0.783312
1.207558
1.122931
0.591637
0.480143
0.473935
0.595478
0.224946
0.258443
0.430522
0.455697
0.546359
0.321995
0.388695
0.906581
0.987082
0.201389
