-0.981640
-0.660334
-0.851425
-0.353682
0.277306
0.908241
1.073380
1.278784
1.306968
1.120792
0.437796
0.213404
0.415710
0.280042
0.089328
-0.421570
-0.636769
-1.188648
-1.014456
-1.109379
-0.668655
-0.467382
-0.765428
-0.620526
-0.530702
-0.447518
-0.567624
-0.032499
0.330419
1.166745
1.099248
1.354470
0.990407
0.760566
0.338168
-0.081797
-0.426656
-0.143308
-0.248589
-0.019883
0.327238
-0.238487
-0.507270
-0.235937
-0.086076
-1.027135
-1.659231
-1.549640
-1.550148
-1.804967
-1.069041
-1.407750
-1.272693
-1.245282
-0.709074
0.016799
0.392840
0.967102
1.529278
1.784717
1.517641
1.910282
1.598748
1.675513
1.500989
1.767605
1.740085
1.710541
1.384692
1.007585
0.229275
-0.481653
-1.571165
-2.296325
-2.253437
-2.277362
-2.246225
-2.055538
-1.102714
-1.115585
-0.615314
0.220301
0.277381
0.832973
1.598195
1.864495
2.369520
2.861953
3.600313
3.908167
3.718306
3.059315
2.507733
2.774362
2.520379
1.570613
0.941130
0.566013
0.719757
1.001222
0.328071
-0.116700
-0.738291
-0.404621
-0.474370
-0.999658
-0.986858
-0.703456
0.398296
1.474678
1.649406
0.911764
-0.282920
-1.115081
-0.739530
-0.055077
0.375036
0.147502
0.161792
0.469454
0.668580
0.315333
-0.090027
-0.104416
-0.321943
0.202464
0.729295
1.119570
0.344210
0.079011
-0.161615
0.164676
0.368569
-0.116362
-0.114974
0.208131
0.070919
-0.053203
0.133029
0.522218
0.682258
-0.020441
-0.735733
-1.528253
-1.810656
-2.399965
-2.087894
-2.222575
-1.645408
-1.335326
-1.442056
-1.222936
-1.020805
-1.104424
-0.727380
-0.352211
0.223964
0.286329
0.431539
0.834592
0.242289
0.483262
0.564016
0.427552
0.173623
0.253705
0.135119
0.259928
0.839174
1.631668
1.255893
0.622429
1.107325
0.974389
1.053576
0.971756
0.798103
0.353503
0.812946
0.788145
0.722942
0.227493
-0.069414
-0.325958
-0.207309
0.384215
0.668855
0.575843
0.159257
-0.257191
-1.103527
-1.466334
-1.759605
-1.492479
-1.760178
-1.450062
-1.139218
-0.709780
-0.737557
-0.332482
0.460657
-0.052540
-0.481595
-1.021466
-0.781819
-0.660732
-0.715381
-0.931370
-0.757454
-1.144872
-1.237545
-1.628808
-0.785881
-0.365155
-0.333567
0.071628
0.426411
1.165407
1.350309
1.242749
0.909039
1.571244
1.866919
1.432820
0.504294
0.086759
-0.088592
-0.013161
0.093713
-0.272262
-0.580977
-0.444483
0.066175
0.455919
0.174939
-0.079099
-0.199459
-0.423083
-0.798396
-1.364821
-1.718469
-1.438310
-1.465828
-1.664301
-2.029306
-2.460691
-2.273891
-2.003847
-1.425882
-0.948937
-0.261375
0.547558
0.372389
1.217213
1.403534
1.215111
0.665411
0.452534
0.481173
1.098970
1.368697
1.516297
0.537224
-0.647653
-0.835352
-0.849141
-0.729769
-0.341688
0.097893
0.154437
0.369881
0.532306
0.424083
0.102109
-0.263387
-0.720800
-0.773587
-1.367528
-0.856980
-0.452243
-0.292658
0.556972
0.960742
1.472765
1.593759
1.765613
1.459298
1.432925
0.937682
0.645006
-0.021901
-0.342267
-1.054187
-1.526077
-1.832983
-1.285655
-0.642633
-0.549931
-0.847333
-1.184701
-0.743061
-0.515471
0.181304
0.852888
0.745385
0.720936
1.069692
1.057692
0.328276
-0.483209
-0.432016
-0.209946
-0.292125
-0.490631
-0.917303
-0.915976
-0.712654
-0.253044
-0.411415
0.304502
-0.054525
-0.602344
-0.771125
-0.554139
-0.244113
-0.040658
0.201879
0.346739
0.882292
0.809609
0.537096
-0.513711
-0.903765
-0.421772
0.668509
0.229642
-0.223925
-0.814297
-0.491436
-0.300250
-0.122670
-0.336271
-0.927769
-1.142214
-1.044634
-0.586083
-0.535910
-0.026224
-0.312318
0.114254
0.447235
1.090928
1.644015
2.057587
1.443121
1.158782
0.689444
0.593571
-0.161182
-0.672639
-1.032917
-1.745521
-1.852059
-1.340904
-0.940969
-1.169228
-1.370975
-1.555212
-1.824808
-1.715878
-1.873654
-2.705944
-2.302009
-2.044824
-1.829303
-1.396282
-1.006140
-0.444619
-0.362615
-0.090554
-0.254164
0.119565
0.440484
1.314259
1.708616
1.542076
1.014284
1.361350
1.363203
1.651233
1.465120
0.790289
0.306867
-0.311921
-0.805975
-1.744914
-0.872364
-0.459009
-0.207236
-0.275169
0.222092
0.356479
0.908820
1.338041
1.376649
1.356738
1.129894
0.861184
0.565613
0.433926
0.505682
1.152798
1.140396
1.356116
0.655226
0.464154
0.030986
0.067472
0.043437
0.123778
0.388761
0.356964
0.061667
0.239330
0.292023
0.319543
0.497475
0.094647
0.417375
1.575886
2.100203
1.092338
0.849637
0.513681
-0.134460
-0.471949
-0.593941
-0.764069
-0.505955
-0.088052
0.141729
0.222232
-0.074121
0.139960
-0.489846
-0.796466
-0.646760
-0.447580
-0.598071
-0.344558
-0.375348
-0.003190
-0.298060
-0.448675
-0.584794
-0.506647
0.179905
0.192543
0.420830
-0.003566
0.429870
1.132572
2.315732
2.855240
3.019920
2.655745
2.867670
3.337100
2.756128
2.014183
1.450209
1.155355
1.210059
1.239800
1.067490
0.893499
-0.139399
-0.892116
-1.309217
-0.678048
-0.760473
-0.267295
-0.295884
-0.135363
-0.564531
-0.765964
-0.015779
0.533783
0.387348
0.281646
0.658502
1.119540
0.970881
0.648461
0.688899
0.458163
0.547817
-0.110286
-0.702605
-1.562100
-1.752447
-1.729163
-1.434669
-1.128325
-0.750960
-0.012843
-0.174172
-0.180480
-0.351685
0.308964
0.200850
0.764945
0.065023
-0.018434
-0.316185
-0.452260
-0.450494
-0.114969
-0.140893
0.251696
0.923647
0.614654
0.025867
-0.551218
-1.048952
-1.302110
-0.735476
-0.600738
-0.026167
0.485705
0.766964
0.374208
-0.032037
-0.407860
-0.662609
-1.110656
-1.016890
-1.041362
-0.905275
-0.623356
-1.266804
-0.782503
-0.270693
-0.080584
0.187321
0.787870
0.937806
1.404352
1.283858
0.798685
0.529770
-0.058110
-0.272033
-0.219332
0.289261
0.237059
0.293051
0.052710
0.173079
-0.427881
-0.616224
-0.065210
0.298357
0.647712
0.685464
0.563709
0.539372
0.091935
-0.140448
0.050211
0.322352
0.298098
-0.787914
-1.483822
-1.336330
-0.652744
-0.865517
-0.797284
-0.663795
-0.479833
-0.309624
0.063864
-0.099603
-0.344693
-0.611697
-0.948016
-0.410579
0.048708
0.318416
-0.350485
0.161365
0.093184
0.119815
0.079653
-0.580288
-1.427641
-1.560283
-1.598352
-1.896275
-1.722295
-1.117068
-0.767886
-0.486191
-0.351261
0.023422
0.776737
0.454163
1.154232
1.533018
1.800766
1.302268
0.834094
1.024318
1.115991
0.990962
0.527511
1.117766
1.454800
1.038952
-0.127653
-0.946862
-0.662319
0.533650
0.681059
0.829436
0.390091
0.218590
0.298761
0.014415
-0.770128
-1.229756
-1.106439
-1.078961
-0.458843
-0.256412
-0.403069
-0.954622
-0.593345
-0.564715
0.338589
0.782840
0.577470
0.349632
0.296365
0.135038
0.688143
0.555128
0.433863
0.590336
0.133434
-0.442922
-0.618625
-0.591855
-0.658934
-0.876688
-0.877336
-0.610983
-0.681192
-0.198699
-0.395782
-0.983820
-1.342782
-1.068072
-0.891551
-1.190142
-0.627524
-0.829485
-0.872586
-1.102456
-1.089719
-1.152339
-0.414113
0.499716
0.691159
0.492592
1.218638
1.553866
1.985048
2.242582
1.582570
0.450906
-0.251505
-0.268720
-0.581333
-0.424341
-0.803632
-0.722753
-1.165904
-1.315855
-1.542476
-0.790328
0.179663
0.222141
-0.232066
0.054529
0.836915
1.267960
1.522970
0.795444
0.541138
1.052680
1.820325
0.770664
0.270854
-0.536328
-0.829820
-0.693939
-0.639879
-0.991207
-1.261800
-1.042344
-1.150341
-0.463783
-0.301183
-0.113974
-0.061823
0.043754
-0.439424
-0.853485
-0.853118
-0.416471
0.061750
1.068263
1.202495
0.731426
0.073437
0.396841
0.974667
0.665991
0.290249
-0.653141
-0.234263
-0.355032
-0.763667
-0.427611
-0.001003
0.038856
0.277310
0.716255
1.194243
0.842392
-0.083140
-0.766448
-1.303242
-1.462797
-1.947172
-1.915117
-1.653195
-0.454608
-0.022998
-0.732843
-1.640196
-1.502237
-1.166562
-1.182834
-1.423445
-0.781449
0.064997
0.454091
0.628391
-0.231861
-0.259061
-0.285598
-0.350882
-0.375559
0.027741
0.487054
0.790362
0.815767
1.064590
1.340995
2.090501
1.884816
1.750656
1.843869
1.659385
1.298769
0.548381
0.992819
0.951396
0.977688
0.429958
0.310583
0.489662
0.463739
0.534211
0.077212
-0.003443
0.370985
0.706974
0.947175
0.514881
-0.478469
-0.585439
-0.421678
0.334604
0.219207
-0.786916
-1.228490
-0.435221
0.105996
0.778923
1.370310
1.611282
1.211103
1.104634
1.264600
0.900889
0.699472
-0.336364
-0.757098
-0.949379
-0.562112
-0.506416
-0.022027
-0.372542
-0.031869
0.241372
0.479876
0.680442
1.138534
0.883085
0.146134
0.077860
-0.530823
-0.974418
-1.513860
-1.905260
-2.348557
-2.094142
-2.230886
-2.073718
-1.833698
-1.553789
-0.960919
-0.476908
0.249032
0.734515
0.644755
0.081477
-0.280960
-0.589375
-1.125680
-1.861114
-2.279365
-2.468125
-2.295081
-2.213694
-2.105962
-1.621135
-1.030515
-0.168112
0.799564
1.220779
1.651883
1.973520
1.572632
1.113907
0.397106
0.058767
-0.426480
-0.509070
-0.645182
-0.273051
0.278830
-0.042264
-0.349538
-0.051270
0.610010
1.432359
1.931152
2.049524
2.182768
1.778625
1.793670
1.741119
1.993325
2.167175
2.110335
1.437402
1.588049
1.200595
0.623687
-0.342899
-0.288895
0.299933
0.811074
0.679260
-0.234624
0.166630
0.421290
0.349873
0.360400
0.721331
0.830611
0.897196
0.777240
0.912876
1.102348
1.131080
1.187329
0.902246
0.242382
0.081850
0.365744
0.231665
0.337957
1.093259
1.428115
0.514498
0.150155
0.055128
-0.066595
-1.141022
-1.196557
-1.183758
-0.549768
-0.738464
-0.966170
-0.638866
-0.422424
-0.091104
-0.254777
0.108155
0.458046
0.777372
0.212741
0.278399
-0.141026
-0.452697
-0.547461
-0.386073
0.140176
1.111111
0.761818
0.293953
-0.281872
-0.657529
-0.642861
-0.774266
-0.709580
-0.538576
-0.235032
-0.422841
0.102366
0.777456
0.306657
0.116661
0.386339
0.011644
-0.534063
-0.089575
0.810431
1.174833
1.243057
1.216844
0.597219
0.271875
0.202890
0.509835
-0.040156
-0.498888
-0.712756
-1.236029
-1.532943
-1.279817
-0.941676
-0.669050
-0.483137
-0.969216
-0.443279
-0.347481
-0.201372
-0.499962
-0.041994
-0.177306
0.402593
0.525821
0.281827
0.200296
0.226588
0.360718
0.468670
0.455358
0.279602
0.719851
0.072481
0.275455
0.036832
-0.422502
-0.409892
-0.491425
-0.802422
-0.373948
0.027915
-0.119904
-0.157650
-0.373696
0.111034
0.031668
-0.046913
-0.152089
0.158437
-0.471713
-0.417272
-0.202880
-0.392800
-0.836447
-0.418411
0.064226
0.373654
-0.019222
-0.313711
-0.765328
-0.847417
-0.809068
-1.210887
-0.913807
-1.102130
-1.034807
-1.529748
-1.286356
-1.207034
-1.153648
