-0.244113
-0.069985
0.286574
0.249579
0.901259
0.783810
0.873305
0.983116
0.998390
0.590024
0.065759
-0.364095
-0.563453
-0.483598
-0.894455
-1.172774
-0.982642
-0.822401
-0.727207
-0.625302
-0.384982
-0.121780
0.024200
-0.204775
-0.154587
-0.109507
-0.174597
-0.189873
0.160930
0.462276
0.427193
0.259505
-0.092673
-0.217232
0.012513
-0.217335
-0.559828
-0.867834
-0.925651
-0.799517
-0.916647
-1.223234
-1.061415
-0.760988
-0.680503
-0.885249
-1.383374
-1.170620
-1.017518
-1.002267
-0.908706
-0.939585
-0.866392
-0.696715
-0.711388
-0.316519
0.042869
0.510432
0.818827
0.651264
0.506526
0.412588
0.705335
0.595019
0.500439
0.339029
0.478255
0.154757
0.132308
0.078905
-0.039071
-0.273955
-0.559871
-0.647610
-0.625098
-0.484686
-0.315941
-0.059255
0.306753
-0.006978
0.419754
1.952187
2.447672
3.058569
3.475413
3.158835
2.972408
2.470956
2.410268
2.423759
2.320072
2.115494
1.814508
1.959004
2.128101
1.917858
1.573718
1.368936
1.452256
1.144661
0.933980
0.385437
0.201222
0.073060
-0.118859
-0.405017
-0.245449
-0.090370
0.356300
0.632890
0.267448
0.018829
-0.324077
-0.160829
-0.262559
-0.043524
0.036192
0.066261
-0.079373
0.088123
0.350161
-0.304399
-0.218065
0.235014
1.040353
1.786905
2.228030
1.825279
1.557725
1.105755
1.128733
1.152929
0.801070
0.382660
0.690906
0.559249
0.332263
-0.041762
0.059164
0.270842
0.050817
-0.024753
-0.261240
-0.538850
-0.691895
-0.859377
-0.999233
-1.071476
-1.372200
-1.204155
-1.416120
-1.450733
-1.185594
-0.768553
-0.409349
-0.666908
-0.507277
-0.626116
-0.393305
-0.328992
-0.650724
-0.827631
-0.630489
-0.857822
-0.842058
-0.798659
-0.556185
-0.640424
-0.477641
-0.354122
-0.251076
-0.134985
-0.026326
0.207641
-0.056200
0.053582
-0.042011
-0.283713
-0.648964
-0.354164
-0.082005
0.109611
0.102088
0.115691
0.179991
0.348669
0.195423
-0.163219
-0.389725
-0.616156
-0.463546
-0.507532
-0.513835
-0.369070
-0.361545
-0.654330
-0.945991
-1.326013
-1.647073
-1.888432
-1.918719
-2.043461
-1.969988
-1.186695
-0.439597
-0.064995
0.213638
0.402595
0.495347
0.589900
0.077321
-0.442205
0.173201
0.709448
0.880691
1.564111
1.909762
1.849387
1.796944
1.738653
2.017934
2.224182
2.078438
1.535665
1.030225
0.494972
0.705950
0.438588
0.495766
0.912406
1.051120
0.817594
0.942440
0.848408
0.387886
-0.058768
-0.431495
-0.861666
-1.065062
-1.063780
-1.254702
-0.640508
-0.196788
0.153549
-0.354049
-0.435883
-0.333094
-0.954447
-1.717048
-1.915752
-2.157383
-2.332505
-2.579305
-2.274048
-1.709321
-1.656540
-1.185385
-1.147246
-0.825779
-0.335340
0.271684
0.352419
-0.027782
-0.674387
-0.779093
-0.941420
-0.721873
-0.511558
0.037897
0.221915
0.031176
0.119946
-0.091344
0.040926
-0.311269
-0.408002
-0.900474
-0.914850
-0.791544
-0.724834
-0.482736
-0.022290
0.197261
0.169494
0.698901
0.178538
-0.295697
-0.309990
-0.119746
-0.280604
-0.183367
-0.203623
-0.438283
-0.236074
-0.252147
-0.107289
0.089191
0.141732
-0.017949
0.107467
0.041528
-0.295254
-0.375539
-0.162739
-0.527738
-0.232740
-0.350429
-0.203586
-0.907893
-1.040926
-0.859805
-0.740203
-0.477237
-0.585561
-0.510796
-0.664193
-0.401369
-0.615392
-0.703454
-0.622212
-0.355934
-0.655039
-0.902076
-1.090478
-0.921781
-0.657397
-0.525211
-0.599323
-0.461735
-0.347000
-0.340560
-0.910781
-1.583773
-1.166216
-0.728715
-0.353057
-0.446230
-0.306056
-0.591204
-0.642463
-0.698112
-0.813870
-1.135917
-0.944630
-0.585754
-0.183124
0.307169
0.584130
0.889219
0.812149
0.992603
0.882072
1.186255
0.797635
0.464633
-0.612682
-1.176028
-1.536964
-2.254970
-2.841142
-3.038613
-2.505308
-2.253987
-1.974049
-2.064069
-2.034393
-2.299344
-2.248794
-2.240759
-1.566007
-1.189138
-0.873313
-0.807037
-0.666913
-0.547892
-0.310976
-0.098809
0.206999
0.096566
0.244006
0.463588
0.360099
0.381401
0.549668
0.607768
0.363406
-0.383504
-0.809627
-1.116859
-1.114886
-0.909023
-0.659758
-0.616470
-0.645817
-0.453432
0.111353
0.585710
1.426206
1.410003
1.525835
1.641941
2.023003
2.477207
2.712072
2.578855
2.413210
2.291748
2.453646
2.140849
2.070248
2.107605
1.997411
1.837309
1.339972
1.266875
0.701731
0.773722
0.792752
0.778977
0.515034
0.505987
0.642879
0.481373
0.425005
0.454323
0.621853
0.873151
0.808222
0.830504
1.306442
1.283832
1.043643
0.756515
0.725588
0.219471
-0.117547
-0.030277
0.337642
0.476781
0.703258
0.829269
0.720272
0.252170
0.062920
0.180255
-0.142268
-0.060407
-0.260696
-0.034020
0.104872
0.242306
0.291352
0.283450
0.355188
0.588918
0.783905
1.004074
0.705675
-0.246469
0.137773
1.759770
2.759290
3.096637
3.852991
3.787303
3.588404
3.243167
3.342793
3.025642
2.929549
2.469009
2.001095
1.876601
1.737801
1.642947
1.394530
1.140026
0.576485
0.655719
0.537638
0.494449
0.301599
0.286105
0.067091
-0.168460
-0.433241
-0.178576
-0.033374
-0.112733
-0.170766
-0.118423
0.132187
0.051624
0.031755
-0.100454
-0.072120
-0.331028
-0.383168
-0.861260
-1.021788
-1.124944
-0.958201
-0.643004
-0.628855
-0.730373
-0.327376
-0.108066
-0.267834
-0.207965
-0.309336
0.093693
0.246760
-0.286673
-0.638641
-0.799262
-1.025646
-1.024689
-1.149612
-1.164399
-0.953871
-0.587486
-0.446701
-0.768754
-0.776983
-1.202321
-1.493640
-1.032437
-0.651946
-0.492439
-0.215036
0.246370
0.188387
-0.185154
-0.543685
-0.683968
-0.773404
-0.722588
-0.735851
-0.508738
-0.356702
-0.397162
-0.594093
-0.470832
-0.060315
1.009601
1.800401
2.035038
2.597519
2.530857
1.958879
1.504162
1.030701
0.761387
0.635097
0.605442
0.577898
0.300010
0.169760
-0.224396
-0.397430
-0.655124
-0.509133
-0.618860
-0.428039
-0.406088
-0.166077
-0.180742
-0.577349
-0.857402
-0.908196
-0.915580
-0.776093
-0.753384
-1.132744
-0.897943
-0.372628
-0.027804
-0.299058
0.080771
0.336813
0.430545
0.172830
-0.378112
-0.510935
-0.809759
-0.685263
-0.239882
-0.298480
-0.459071
-0.514817
-0.544932
-0.119525
-0.412577
-0.127585
-0.179238
-0.024191
-0.096075
-0.272338
-0.280415
-0.492869
-0.625009
-0.742530
-0.896609
-1.437726
-0.618190
0.254650
0.695555
1.076456
1.282464
1.120811
1.313061
1.366096
1.160905
0.902354
0.832341
0.736066
1.057424
1.086697
0.552355
0.071269
-0.374175
-0.374090
-0.183843
0.050167
0.285433
0.662340
0.567143
0.455739
-0.161464
-0.278396
-0.221471
-0.310254
-0.294632
-0.419416
-0.155603
-0.543314
-0.691081
-0.495292
-0.326398
-0.142891
-0.207383
-0.470582
-0.748164
-1.085280
-1.019331
-0.409843
-0.019571
0.222959
0.155109
-0.093979
-0.407089
-0.502309
-0.489278
-0.066243
-0.186490
-0.342441
-0.658975
-0.694786
-0.737093
-0.537140
-0.549069
-0.590969
-0.441347
-0.653189
-0.815734
-0.664212
-0.620281
-0.951144
-1.232078
-1.380046
-1.106480
-1.011656
-0.359342
-0.101468
-0.055698
0.185893
0.675805
0.910955
1.050522
0.999593
0.692317
0.157530
-0.311921
-0.175340
-0.090260
0.010938
-0.254207
-0.188372
-0.423014
-0.084948
0.016671
0.236330
-0.048144
-0.450642
-0.449450
-0.638212
-0.401632
-0.416069
-0.503586
-0.797012
-0.365665
-0.102285
0.094251
-0.179599
-0.158383
-0.318945
-0.244560
-0.368625
-0.559784
-0.398926
-0.279995
-0.491139
-0.731834
-0.641480
-0.691923
-0.508793
-0.144080
-0.254041
-0.786668
-0.630866
-0.700233
-0.440329
-0.046749
0.025996
0.075971
0.180247
0.357003
0.364138
0.350234
-0.008249
-0.673631
-0.753382
-0.049718
0.036330
0.526683
0.450391
0.162998
-0.167909
-0.235277
-0.281549
-0.626339
-0.824114
-0.889160
-1.181564
-1.116877
-1.228250
-1.058231
-0.610292
0.194137
0.582166
0.042605
-0.451980
-0.530006
-0.499930
-0.508002
-0.946646
-1.057351
-0.903165
-0.538176
-0.290335
-0.294930
-0.463046
0.137563
0.254064
0.239945
-0.154242
0.558525
1.031877
1.660637
1.644388
1.642328
1.897309
2.093327
2.174761
2.380846
2.434213
2.546269
2.444981
2.684315
2.661866
2.370882
2.224377
1.697422
1.486954
1.163863
1.047930
0.645395
0.447561
-0.118619
-0.397415
-0.573236
-0.963131
-1.195450
-0.946681
-0.551174
-0.754817
-0.663976
-0.903967
-0.991387
-1.175743
-0.881689
-0.206525
0.115449
0.246041
0.334430
0.430850
0.210044
-0.141186
-0.252563
-0.202647
-0.431404
-0.380754
-0.170133
0.012682
-0.030820
0.240104
0.116479
0.266050
0.089310
0.198004
0.446988
0.616796
0.370796
0.641294
0.463304
0.374805
0.235078
-0.746133
-0.987880
-1.311566
-1.693174
-2.068896
-2.090675
-2.861523
-3.001115
-2.429011
-2.186785
-1.922207
-1.818204
-1.662600
-1.398154
-0.951786
-0.784530
-0.725844
-0.954097
-0.903046
-1.270100
-1.377911
-1.472874
-1.362728
-1.194583
-1.032463
-0.658454
-0.737669
-0.657415
-0.327508
-0.083884
0.127635
0.198562
-0.138904
-0.401150
-0.599284
-0.367022
-0.472853
-0.018917
-0.038805
0.102912
0.111179
0.777791
1.224929
1.495243
1.867642
1.785727
1.872714
1.880868
1.698280
1.682318
1.931401
2.208103
2.458398
2.539296
2.481207
2.167067
1.641762
1.365018
0.917248
0.888978
0.816797
0.472685
0.538257
0.524377
0.178172
0.338747
0.229085
0.441670
0.322900
-0.513452
-0.439945
0.894960
0.911261
0.480880
0.326383
0.119918
0.493785
0.493513
0.421613
0.479962
1.042666
0.916635
0.881630
0.681954
0.935714
0.406654
-0.024494
-0.054590
0.259848
0.604177
0.656040
0.533384
0.865629
0.830290
0.397832
0.157230
0.047176
-0.070692
-0.357025
-0.817890
-0.935669
-0.702107
-1.026621
-0.772721
-0.223638
0.216415
0.744093
0.707430
0.451643
0.291463
0.084913
0.090624
0.019411
-0.097420
-0.002508
-0.298125
-0.400651
-0.113054
0.254278
0.152513
-0.103831
-0.417055
-0.774978
-1.381196
-0.214836
1.199132
1.552279
1.896611
1.419382
1.079842
0.441169
0.557908
0.878361
1.038939
0.942967
0.518086
0.386391
0.378860
0.364153
0.086524
-0.227341
-0.432582
-0.542628
-0.564363
-0.665821
-0.739287
-0.439478
-0.342428
0.046598
0.053364
0.118670
-0.015797
-0.214103
-0.198374
0.028433
0.394438
0.233846
0.138597
0.070444
-0.127774
-0.325253
-0.147093
-0.551620
-0.699644
-1.052078
-1.066495
-1.140299
-1.075146
-1.001877
-0.869701
-0.678552
-0.414359
0.004232
-0.039834
-0.097578
-0.390170
-0.579772
-0.857768
-0.740831
-1.151262
-1.085683
-0.859134
-0.441969
-0.274278
-0.333817
-0.340764
-0.587766
-0.631507
-0.455838
-0.521728
-0.515584
-0.309411
-0.425558
-0.232174
-0.561135
-0.672272
-0.644086
