-2.112306
-1.773211
-1.246738
-0.964753
-0.768642
-0.727786
-1.115743
-1.326009
-1.470233
-1.891540
-2.592064
-3.197019
-3.406759
-3.324668
-2.948560
-2.917841
-3.042400
-2.879139
-2.619719
-2.514960
-2.264889
-2.152756
-2.001038
-1.438117
-1.223301
-1.337047
-1.243871
-1.096499
-0.894311
-1.221406
-1.414425
-1.425214
-1.150399
-1.278447
-0.245441
0.473571
-0.043174
-0.042990
-0.263937
-0.609544
-0.406887
-0.402079
-0.554144
-0.565285
-0.804079
-1.017661
-1.054464
-1.155783
-1.158319
-1.142641
-0.883334
-0.756702
-0.521467
-0.503863
-0.355871
-0.106815
-0.052677
0.274209
0.279027
0.268313
0.119520
-0.137041
0.167023
0.536595
0.439365
0.594919
0.579587
0.725501
1.023908
1.284456
1.316999
1.229342
1.250639
0.997395
0.858996
0.523366
-0.106222
-0.162329
-0.099834
-0.102370
-0.458976
-0.791066
-1.552269
-2.358066
-2.404755
-2.091801
-1.323466
-0.402272
-0.306203
-0.132340
0.079518
0.027667
0.193460
0.501995
0.675829
0.295103
-0.064878
-0.438472
-0.992736
-0.989013
-1.044053
-0.969562
-0.520535
-0.016981
0.424136
0.606833
0.609313
0.611860
0.757276
0.881623
0.825927
0.565681
0.208499
-0.262081
-0.203565
0.024720
-0.213315
-0.502387
-0.492107
0.161604
0.752516
1.353325
1.280531
1.427872
1.622017
1.434214
1.252396
0.996805
0.240216
-0.227516
-0.363887
-0.497454
-0.703845
-0.498667
-0.660187
-0.795532
-0.547367
-0.611884
-0.188151
0.031008
0.124804
0.843958
1.396138
1.427618
1.270287
1.095012
0.626605
0.393897
0.564724
0.577485
0.198040
-0.317516
-0.520258
-0.406853
-0.354467
-0.300812
0.184829
0.864159
1.265090
1.489638
1.477257
1.613759
1.656496
1.902738
1.759018
1.963559
1.892809
1.169483
0.861509
0.830063
0.775906
0.893731
1.003884
1.242854
1.451548
1.405964
0.984650
0.734639
0.677571
0.663754
0.625127
0.182144
0.174410
0.826802
1.052895
0.909424
0.590343
0.218541
0.304120
0.229788
0.062023
-0.144738
-0.312776
-0.003964
-0.157754
0.019668
-0.280162
-0.669279
-0.677798
-0.927469
-0.798611
-0.926847
-0.852868
-0.522942
-0.067134
0.162639
0.132194
0.324894
0.577125
0.509678
0.618040
0.402396
0.725932
0.160368
-0.462002
-1.031572
-1.476181
-1.219895
-0.792217
-0.852140
-0.885019
-1.151468
-1.139720
-0.739296
-0.943579
-1.018517
-0.963155
-0.281181
-0.063965
0.367460
0.668493
0.426870
0.398334
0.144779
-0.011759
-0.315602
-0.540328
-1.147192
-1.196310
-1.191892
-0.746629
-0.270562
0.022487
0.057986
0.489902
0.402676
0.351453
0.351114
0.202416
0.644346
0.714381
0.374361
0.123748
0.279131
0.387519
0.444756
0.293866
0.013058
-0.137947
0.050914
0.516500
0.601047
0.044003
0.169926
0.216062
0.206064
0.274884
0.651081
1.065257
0.934447
0.896803
0.669630
0.613969
0.589952
0.706311
0.762190
1.048114
1.514844
1.641604
1.391766
1.325313
1.478689
1.385974
1.200541
0.952600
1.057612
0.886959
0.712274
0.264787
0.094765
-0.448359
-0.629158
-0.715066
-0.511893
-0.374609
0.097423
0.302508
0.361154
0.520101
0.492141
0.427469
0.241246
0.483347
0.706775
0.651583
0.157938
0.036953
-0.132074
0.579131
1.082404
1.428525
2.669803
2.781695
2.508925
2.104194
2.104933
1.893524
1.827309
1.412195
0.855745
0.331090
0.018939
-0.399693
-1.071764
-1.216808
-1.423312
-1.126012
-0.880617
-0.577616
0.021841
0.190005
0.562210
0.667192
0.782679
0.752476
0.178707
-0.238609
-0.734459
-0.867619
-1.403325
-1.937505
-2.216432
-2.230618
-2.192414
-2.624929
-2.689478
-2.339257
-2.212977
-1.579326
-0.861733
-0.356207
-0.148350
-0.626271
-0.544268
0.873295
1.199495
1.095676
1.519955
1.737086
1.769745
1.562092
1.468835
1.091880
1.065991
1.613318
1.323810
1.206909
1.092616
1.262402
1.160780
0.912905
0.757603
0.347324
0.012952
-0.340001
-0.731758
-0.672081
-0.354606
-0.311240
-0.799639
-0.570805
-0.035659
0.147782
0.003879
-0.421019
0.126165
0.316717
0.837106
0.838139
-0.121369
-0.389715
-0.450343
-0.408951
-0.280678
-0.562880
-0.622225
-0.131493
0.578769
0.883660
1.161163
1.440514
1.195400
1.185454
1.431547
1.453056
0.799679
0.037965
-0.114052
-0.274085
-0.825104
-1.429769
-1.544518
-1.709105
-1.902004
-1.817060
-1.441249
-1.047275
-0.709279
-0.884982
-0.677910
-0.205669
0.256592
0.407429
0.031064
0.062754
0.233427
-0.145102
-0.371840
-0.347385
-0.494966
-0.518209
-0.766676
-0.426548
-0.303017
-0.346444
-0.374474
-0.284760
-0.386509
-0.724986
-0.812100
-1.159523
-1.269916
-1.432755
-1.304230
-1.346693
-1.524533
-1.758730
-1.487837
-1.251646
-0.945767
-0.322969
0.368976
0.677722
1.071453
1.153293
1.352187
1.741629
1.597947
1.574472
0.531078
-0.347389
-0.908887
-1.035767
-1.370481
-1.601069
-1.488624
-1.203581
-0.944387
-0.635074
-0.255417
-0.251951
-0.416219
-0.545734
-0.851466
-0.792102
-0.729044
-1.153770
-1.257789
-1.179497
-0.980853
-0.862148
-0.580441
-0.276385
-0.180002
0.051608
0.254719
0.679625
0.830445
0.748863
0.527662
0.424584
0.043803
-0.039018
-0.216328
-0.193799
-0.324661
0.047587
0.149317
0.610001
0.601866
0.655814
0.988769
0.997480
1.175101
1.232297
1.492792
1.558320
0.907850
0.327863
0.065227
0.162666
0.641560
0.411613
0.369769
0.366179
0.615036
0.455931
0.647524
0.470740
0.042605
0.103928
0.251750
0.074466
-0.098653
0.099393
-0.361625
-0.685912
-0.613181
-0.446105
-0.160932
-0.001917
0.101576
0.197548
0.465831
0.636934
1.024953
1.077191
0.743591
0.657082
0.651833
0.453350
0.412461
0.377616
0.161234
0.150494
0.334346
0.255576
0.680118
0.928341
0.815714
0.823568
0.333744
0.056886
0.243925
0.216556
-0.130194
-0.099000
-0.392888
-0.636527
-0.975966
-0.925553
-0.773916
-0.566732
-0.527458
-0.341783
-0.256591
-0.274784
0.275883
0.306411
0.092663
0.081969
-0.096188
-0.557468
-0.952106
-1.027610
-0.644455
-0.769947
-0.891876
-0.659832
-0.550441
-0.131013
0.404010
0.632925
0.816365
0.827604
0.955587
1.255002
1.193213
0.868131
0.330847
0.138350
0.260355
0.437503
0.410494
0.355846
0.036810
-0.037087
-0.062947
0.088741
0.190319
0.214472
0.413638
0.575228
0.337371
0.386122
0.172805
0.150752
0.385431
0.278793
0.272603
-0.005119
-0.270583
-0.484586
-0.433513
0.449811
1.313874
1.647399
1.517402
0.963474
0.624253
0.163223
0.161755
0.361995
0.444119
0.369108
-0.200276
-0.462783
-0.580424
-0.421175
-0.058299
0.318650
0.382699
0.400326
0.270479
0.223267
0.141562
0.144980
0.346253
0.199895
0.070126
-0.153064
-0.100535
-0.547451
-0.737119
-0.509331
-0.356526
-0.590624
-0.818175
-0.406385
-0.185590
-0.509023
-0.286925
0.043341
0.156689
0.668371
0.823370
1.136385
1.264214
1.066948
0.472560
-0.179672
-0.544278
-1.028882
-1.408183
-1.416856
-1.261090
-1.055953
-0.437682
-0.252730
-0.087959
-0.445147
-0.344566
-0.466154
-0.839473
-1.432371
-1.500889
-1.314128
-1.389258
-1.405723
-1.138144
-0.975620
-0.567003
-0.089654
0.369186
0.936608
1.200632
1.403369
1.469497
1.548266
1.257385
1.523396
1.270788
0.656824
0.396820
-0.403461
-0.915945
-1.306483
-1.479762
-0.929763
-0.916085
-0.951079
-0.838760
-0.639806
-0.287578
-0.108892
-0.117061
-0.359026
-0.486566
-0.044663
-0.037741
-0.075470
-0.131002
-0.216898
-0.599321
-0.808051
-0.616686
-0.400193
-0.516345
-0.907017
-1.062163
-0.331960
0.416741
0.824447
0.899230
0.787528
0.576292
0.441133
0.609994
0.275733
0.064083
0.338447
0.256462
0.184545
1.074496
1.101792
1.661730
1.841611
2.461320
3.195157
3.790606
4.074690
4.025018
3.795090
3.651439
3.553210
3.594025
3.127274
2.626391
2.496470
2.256969
1.859168
0.704496
-0.014051
-0.140039
-0.146787
-0.440828
-0.231550
0.091615
0.148392
0.083195
-0.238394
-0.091239
0.209319
0.165985
-0.170064
-0.413751
-0.793192
0.178060
0.667559
1.295424
2.096284
2.363140
2.726207
2.811554
3.028144
2.603064
2.079695
1.652453
1.415431
1.712386
1.736205
1.579558
1.193020
0.495163
0.318412
-0.122304
-0.219248
0.055803
0.269054
0.300883
0.441654
0.356157
0.115776
0.051546
-0.021842
-0.231190
-0.617778
-1.027602
-1.440538
-1.151650
-1.807693
-1.905804
-1.571747
-1.437497
-1.509787
-1.729029
-1.637657
-1.680197
-1.639402
-1.432796
-1.029577
-0.494367
-0.276313
-0.569886
-0.613056
-0.652977
-0.943140
-1.426278
-1.126378
-1.014639
-1.077196
-0.899479
-1.312312
-1.192674
-0.578849
-0.832886
-0.658143
-0.551580
-0.643192
-0.339160
-0.093025
0.639137
0.619816
0.782707
0.797663
0.591970
0.845648
0.640828
0.266219
-0.212219
-0.418792
-0.279900
-0.272620
-0.378515
-0.136255
-0.083775
0.017331
-0.410415
-0.508038
-0.873249
-0.697244
-0.687490
-0.776761
-1.179713
-1.257203
-1.233371
-1.621290
-1.723863
-1.172491
-0.881059
-0.829117
-0.552826
-0.315624
0.213997
0.363782
0.024905
-0.306277
-0.617761
-0.729310
-0.746505
-0.628611
-0.402672
-0.008472
0.079417
-0.232185
-0.581396
-0.436295
-0.017159
0.588827
0.369275
0.290897
0.228080
-0.097960
-0.481056
-0.923993
-0.584412
-0.450366
-1.006078
-1.204504
-0.974020
-0.985171
-0.702656
-0.374492
-0.324118
-0.265570
-0.230791
-0.299938
-0.384366
-0.761099
-1.382742
-1.666753
-1.185611
-1.082526
-1.176612
-1.018450
-1.090814
-1.349264
-1.250756
-0.741918
-0.937894
-0.667856
-0.410080
-0.160228
-0.128128
-0.159067
0.005738
0.041278
0.256120
-0.028397
-0.483684
-0.998384
-0.799945
-0.564195
-0.677331
-0.800065
-0.292896
-0.289812
-0.250915
0.150731
0.612378
1.030322
1.277911
1.093433
0.839065
0.799809
0.532197
0.204431
0.305861
0.307081
0.233873
0.116870
0.379085
1.035136
0.768196
0.590095
0.490855
0.226248
0.442699
0.442218
-0.088815
-1.039773
-1.269782
-1.083723
-1.196057
-1.320357
-1.337262
-0.894106
-0.595403
-0.313852
0.177136
0.179104
0.238885
0.117419
-0.181057
0.131168
0.599140
0.152192
-0.173581
-0.063036
-0.176165
-0.198508
-0.462802
-0.216777
-0.065456
0.038976
-0.036408
-0.190994
-0.286968
-0.109881
0.004687
0.183957
0.418675
0.316508
0.151417
0.373484
0.783381
0.898044
0.533499
0.078241
0.297682
0.782362
1.056906
1.043635
1.449273
1.837768
1.593073
1.567524
1.287072
1.241791
1.035298
0.506929
0.286021
0.303663
-0.214349
-0.341690
-0.379920
-0.003440
0.062425
0.295320
0.408855
0.421250
0.840019
0.671319
0.252758
0.369330
0.393030
0.482184
0.165401
-0.099508
-0.057367
-0.495416
-0.515175
-0.790967
-0.763542
