-0.224965
-0.209499
-0.369918
-0.795201
-1.450030
-1.295048
0.243546
0.377060
0.070341
0.413160
0.293181
-0.073701
0.169030
0.164799
0.088908
-0.044981
-0.667191
-1.012090
-0.423739
-0.166439
0.078782
0.000076
0.552474
-0.258791
-0.618254
-0.968145
-1.039233
0.024616
0.789573
1.562502
1.140497
0.141018
-0.003547
-0.133290
-0.298922
-0.312377
-0.420474
0.570802
0.595095
0.812743
1.486365
1.187261
0.547161
-0.359098
-0.990705
-0.340758
-0.975101
-1.657800
-1.946998
-1.925113
-0.953840
0.634667
2.360376
2.201474
1.665386
1.697968
1.272714
0.999831
0.686760
-0.047804
-0.346063
-1.760954
-2.399558
-2.252345
-1.878210
-1.132644
-0.452141
-0.054751
0.216278
0.556000
-0.072919
-0.384795
-0.081263
-0.162390
-0.119059
-0.040666
0.004754
-0.136555
-0.307790
-0.450120
-0.419236
-0.412471
-0.309584
-0.428278
-0.350965
-0.594443
-1.684518
-2.488456
-2.380176
-1.695078
-0.561677
0.421469
0.912212
0.057189
0.144503
0.610328
1.007645
1.180640
0.624321
0.110832
-1.162357
-1.494120
-0.657313
0.419816
1.932451
2.135233
1.931858
0.643607
-0.896587
-1.098701
-0.551532
0.235754
1.015819
1.472288
1.721859
0.482259
0.264042
0.453357
0.692904
1.068441
1.010275
1.139736
0.076397
-1.053436
-1.004415
-0.908227
-0.524863
-0.156753
1.042597
1.061782
0.520642
1.066728
0.894403
0.646963
1.105732
1.567190
1.501096
1.433301
-0.369984
-2.193714
-1.915955
-0.653192
1.176672
2.165984
1.961400
1.617290
0.337364
-0.982938
-1.048136
-0.272490
-0.088999
-0.218714
-0.026392
0.328506
0.725891
0.147416
-0.222581
0.005473
-0.552248
-0.769126
-0.231297
-0.380763
-0.709226
-0.146675
-0.068825
0.542081
1.080110
1.069183
1.079389
0.600215
-0.629063
-1.539947
-1.736237
-1.237292
-0.268455
0.593465
1.398826
1.978483
0.940689
-0.164269
-0.317535
-0.618427
-0.385373
0.201482
-0.508446
-0.721967
-1.220080
-1.248294
0.195369
1.258198
1.040858
0.093664
-0.680828
-0.373011
-0.704647
-1.001556
-1.193728
-1.802010
-2.113862
-1.771319
-1.372343
-0.219160
0.151271
0.332748
0.602520
0.637193
0.581293
0.134318
-0.277263
-0.399401
-1.647415
-2.358276
-1.521375
-0.518180
0.180704
0.339117
0.425295
0.436431
-0.172216
-0.357100
-0.337481
-0.337873
0.121034
0.307044
0.635480
0.030600
-0.614441
-0.547658
-0.295614
0.301386
1.185721
1.698510
1.801636
1.876852
1.745436
1.757564
1.327400
0.377416
-1.062719
-1.665391
-0.834163
-0.966140
-0.920521
0.031439
0.473431
0.135586
-0.507189
-0.196849
0.610488
0.569994
0.479952
0.371273
0.067050
-0.717096
-0.850061
-0.082254
-0.265062
-0.163140
0.472789
0.558865
0.566280
0.429317
1.074624
1.102809
0.815322
0.653529
0.219548
-0.140325
0.778218
0.081776
-0.831168
-0.405787
0.019764
0.435369
0.967404
1.057750
0.742360
0.786276
0.551970
0.088005
0.149210
0.043724
-0.207896
-0.387675
-0.873748
-1.149090
-1.043161
-1.721228
-2.047448
-1.384518
-1.151247
-0.778412
-0.524262
0.006952
-0.916422
-1.348797
-0.654030
-0.333893
-0.006006
0.571989
0.869872
1.193718
2.016384
1.696225
0.325671
-0.379187
-0.771641
-0.190291
1.015206
1.896410
1.705360
0.869114
0.675472
1.067632
0.290799
-0.953981
-2.290605
-2.217434
-1.548366
-1.702737
-1.692386
-1.095481
-0.074309
1.166495
1.831242
1.831248
1.375098
-0.023450
-1.122787
-1.344723
-1.475581
-0.946469
-0.472005
0.662796
2.124317
1.823069
0.736783
0.674816
0.756797
0.756690
0.350546
-0.009118
0.007850
-0.830483
-1.164644
-1.169251
-1.242747
-0.326534
0.367571
0.781547
1.293416
0.772803
0.206629
0.154434
-0.299069
-0.884925
-1.493440
-1.558455
-0.800280
0.254372
0.521251
0.427215
1.168817
1.120842
0.920131
1.123408
0.875938
0.532032
-1.286121
-2.575775
-2.065920
-1.477091
-0.832512
-0.001622
0.598829
0.625567
0.506951
0.139857
-0.269121
-0.497943
-0.157892
0.114992
0.211806
-0.134121
-0.084753
-0.045113
0.399353
0.234267
0.138826
0.463754
0.644943
1.050944
0.975450
1.030936
1.983497
1.187529
-0.014865
0.220208
0.519714
0.534157
0.457987
0.305877
-0.511621
-1.763349
-2.059292
-1.832145
-1.301489
-0.849077
-0.488199
0.285699
1.189909
0.857641
0.554070
0.962228
1.241901
1.057743
0.204788
-0.610433
-0.586136
-1.587272
-2.467216
-2.157275
-1.548382
-1.023470
-0.374415
0.159022
-0.011610
0.313501
0.910290
0.761030
0.735921
0.394364
0.237061
-0.884164
-1.599778
-1.379801
-0.808626
0.249637
1.424019
0.845350
0.288055
0.501209
0.605565
0.817650
1.589197
2.179754
1.634309
1.341537
1.477541
1.455279
1.126477
0.462701
0.252638
-0.466026
-1.257159
-1.225918
-0.010317
0.066493
-0.031701
0.219349
-0.147807
-0.165094
-0.018920
-0.208534
-0.054043
0.407401
1.463182
1.297228
1.190472
1.091756
0.421443
-0.479207
-1.579969
-2.392593
-2.666025
-2.865885
-2.048519
-0.795448
0.085424
0.915221
1.187819
2.018872
1.555422
0.629314
0.581456
0.285248
-0.981817
-1.975855
-1.990805
-0.578550
-0.185667
0.090542
0.382857
0.411594
0.230715
0.031382
-0.782494
-0.976034
-1.250810
-0.909332
0.330259
0.998881
1.334183
1.723689
2.169755
1.334471
0.720287
0.360837
-0.555845
-0.940308
-1.013385
-0.651556
-0.934508
-0.589203
0.230186
0.461478
0.389939
-0.126240
-0.382518
-0.380529
0.079202
-0.358907
-0.764972
-0.741239
-0.976265
-0.848723
-0.774475
-0.015557
1.234750
1.021900
1.048737
1.014182
0.755871
-0.356607
-1.648824
-1.823219
-0.891081
-0.325839
-0.233564
0.255508
0.792301
0.613398
0.442308
0.227961
0.469933
0.190001
-0.956357
-1.429111
-1.526931
-1.186693
-0.075227
0.618731
1.108794
1.317283
1.632538
1.200708
0.733037
1.007330
0.622754
0.427445
-0.137186
0.287362
0.133586
-0.172114
-0.223208
-0.252818
0.112311
0.281385
0.235480
1.206618
0.979228
0.337343
-0.140843
-0.506083
0.131470
0.456505
0.707510
0.731325
0.223110
-0.709147
-0.941237
-0.503685
-0.344771
-0.337904
-0.782955
-1.415934
-1.285374
-1.349112
-1.157991
0.099069
0.641771
0.836636
1.045955
1.116564
1.261652
1.232107
0.183104
-1.044784
-1.161310
-1.163899
-0.969464
-0.629214
-0.229760
0.064897
0.703991
-0.060349
-0.719959
-0.636271
-1.242206
-1.630020
-1.133441
-0.884415
-0.247949
0.070221
0.658187
1.188537
1.021087
0.608782
0.109541
0.083310
-0.323295
-1.111867
-1.147950
-0.731577
-0.267909
-0.233629
-0.525098
-0.029084
-0.371272
-0.763969
-0.140329
0.159454
0.324593
0.342452
0.405079
0.478943
-0.109037
-0.378175
0.247211
0.555525
0.664443
0.773467
1.280106
0.361159
-0.470773
-0.525277
-1.063342
-1.157953
-0.982219
-0.825318
0.132111
-0.030850
-0.391735
0.313432
1.119125
1.096385
0.824799
0.479999
1.039110
0.194201
-0.607327
-0.471658
0.002454
0.119897
0.258117
0.333379
0.425894
1.040869
0.626991
0.004268
0.225286
0.222894
0.034511
-0.040859
0.569414
0.508066
0.495591
0.706403
0.428110
0.558781
0.373415
0.802123
1.377715
1.195493
0.378404
0.043625
-0.248563
-0.092291
0.164138
0.281830
-0.377115
-0.352107
-0.480096
-0.451553
-0.416848
-0.075063
-0.132653
-0.035969
-0.365681
-1.380381
-1.660732
-0.823010
-0.150158
0.392491
0.597391
1.516480
0.715760
0.433427
0.585460
-0.111473
-0.169409
-0.723925
-1.018062
-1.548330
-1.401003
-0.595041
-0.095381
0.077554
0.246417
0.290713
0.423159
1.494623
1.044455
0.435569
0.706626
0.380358
-0.855529
-2.142418
-2.819831
-1.807375
-1.106804
-0.936384
-0.558679
-0.244682
0.215029
0.498934
1.069973
1.702508
2.431706
2.380017
0.535892
-0.680002
-1.152543
-1.407967
-1.004177
-0.206127
0.773737
1.371965
0.780950
0.743352
1.335396
1.285278
0.930320
0.012175
-0.576078
-0.278421
-0.069660
-0.442553
-0.104791
0.557492
0.710011
0.605173
0.260478
0.225054
0.518680
0.135642
-0.648735
-0.587779
-0.262620
-0.154657
0.203842
0.373222
0.657841
-0.025009
0.057669
0.296318
0.060012
0.067754
-0.636809
-0.898045
-0.216490
-0.499293
-1.489234
-1.788396
-1.628194
-1.315153
-0.735091
-0.536278
-0.057324
0.142342
0.020260
0.433653
1.029746
0.676490
0.476210
0.125180
0.513355
-0.229050
-0.486770
0.088053
-0.104338
-0.216603
0.141661
-0.018889
0.109079
0.005059
-0.429814
-0.626340
-0.060179
-0.787310
-1.442148
-1.155826
-0.116376
0.451717
-0.006339
0.118075
1.218272
1.291032
0.511106
-0.336359
-0.251604
-0.125802
-0.030742
-0.271593
-1.211222
-1.542992
-0.758412
0.478097
2.037799
2.805416
2.696118
2.778291
0.865525
-0.908655
-2.080132
-3.333925
-3.483423
-2.310525
-0.571453
0.777142
0.993857
0.376469
-0.251992
-0.393553
-0.524000
-0.448937
0.553126
1.279665
1.285586
1.385940
1.622915
1.756404
1.914810
2.120764
2.141727
0.718484
-0.830115
-1.929147
-3.134910
-3.924303
-3.395908
-1.992666
0.084902
0.549291
0.493960
0.645521
0.631103
0.473361
0.303117
-0.147028
0.181569
1.095586
2.425258
1.975634
0.787009
0.288924
-0.357970
-0.604608
-0.612988
-0.456488
-0.497045
-1.166354
-2.272092
-2.219717
-0.703679
0.867508
2.112665
2.415175
2.150701
2.338951
1.854302
0.973024
0.608512
-0.760165
-2.085143
-2.429744
-2.121271
-1.197355
0.234804
0.579280
0.325337
0.445534
0.650952
0.633366
0.174708
-0.541054
-1.015154
-1.271057
-2.242753
-1.863568
-0.157580
0.674671
1.302136
1.332510
1.164113
0.879421
1.116035
0.913000
0.431495
0.304509
-0.099481
-0.668357
-0.483517
-0.074941
0.290706
0.843976
0.138906
-0.546497
-0.455149
-0.457443
-0.699584
-1.222130
-1.749532
-0.737936
-0.198767
0.326759
1.173782
0.897818
0.135387
0.056174
0.349078
1.106751
0.377218
-0.972467
-1.405993
-1.263785
-0.545411
0.462828
1.264416
1.819723
0.750632
0.406299
0.741537
0.766752
0.346992
-0.608417
-1.565036
-1.625058
-0.655004
0.004715
0.356669
0.487698
0.534876
0.227312
0.528580
1.002563
1.256269
1.202490
-0.151294
-0.964110
-0.576335
-0.226920
0.692158
0.597468
0.661947
1.191348
0.807690
1.036310
1.265660
0.583022
-0.418313
-0.929619
-0.783025
-0.645369
-0.137015
-0.638186
-1.009013
-0.380557
0.254961
0.756612
0.948430
0.599562
-0.152961
-0.614703
-1.321116
-1.460025
-0.779654
-0.670224
-0.586317
-0.772956
-0.321240
0.841335
0.566234
-0.358849
-0.522346
0.019643
0.504717
0.642328
0.223389
-0.056797
0.137535
0.687507
0.063722
-0.441341
-0.413146
-0.470905
-0.345510
-0.134165
0.936886
0.563937
-0.004246
-0.069620
0.177661
0.482749
