1.905710
1.670163
1.629462
1.586399
1.445156
0.950095
0.814432
0.691408
0.773516
0.478392
0.361573
0.247642
-0.397960
-1.156286
-0.964995
-0.965184
-0.693915
-0.292555
0.019962
0.280232
0.275696
0.717278
1.390145
0.954245
0.334189
0.244160
0.059321
-0.143218
-0.260977
-0.513119
-0.810791
-0.784085
-0.674237
0.095965
1.334898
1.314437
1.194623
0.897071
0.928025
0.250696
-0.992393
-2.059666
-2.191382
-1.423094
-0.775371
-0.891874
-0.364815
-0.535634
-0.952248
-0.552615
-0.609310
-0.826536
-1.153379
-0.924915
-0.054097
0.105366
0.074494
0.835473
1.289845
1.449135
1.144193
0.882090
1.122807
1.256478
0.338427
-0.458559
-0.798482
-1.288569
-1.651163
-1.566023
-1.289169
-0.440882
0.891098
1.450767
1.242367
1.576622
1.485768
1.333575
0.393190
-0.516643
-0.725002
-1.487221
-1.907614
-1.512261
-0.911542
-0.126773
-0.070141
-0.494093
-0.128371
0.548348
1.165383
1.375728
1.224632
1.021044
0.599998
0.689845
0.577912
0.370413
0.064811
0.058731
-0.060559
-0.395678
-0.200157
-0.018737
-0.044733
-0.225446
-0.931969
-1.058688
-0.676415
-0.372014
-0.605635
-1.109105
-0.848334
-0.774914
-0.767919
-0.451834
0.109359
0.686634
0.408872
0.651848
0.329888
-0.320163
-0.485709
-0.077356
0.474000
0.818239
1.336268
0.802990
0.076712
-0.528664
-0.925385
-0.757502
-0.672234
-0.404664
-0.577083
-1.407501
-1.604415
-1.034199
-0.399683
0.595752
0.475712
0.577536
0.342282
0.059960
0.376519
0.152106
-0.231618
-0.266618
-0.199932
-0.451955
-0.398590
0.116186
0.308308
0.656304
0.409415
0.342522
0.223123
0.572908
1.039548
0.960972
0.858150
0.717495
0.274820
0.205797
0.426287
1.170863
1.060854
0.394466
-0.374071
-0.474454
-0.295516
0.461063
1.269818
0.991667
-0.089159
-0.890946
-1.094617
-0.508409
0.001802
0.309085
0.155002
0.110202
0.332255
0.397586
0.585874
1.023919
1.298025
1.007773
0.013313
-0.848341
-0.551464
-0.468897
-0.218198
-0.183679
-0.010203
-0.178812
-0.110462
0.309252
0.126093
-0.294670
-0.908507
-1.805047
-2.591526
-2.409872
-1.241015
-0.426274
0.671304
1.624071
2.095566
2.993590
3.540029
3.594639
2.891535
1.721101
1.141305
0.538896
0.119185
-0.629043
-1.872476
-2.317650
-2.180605
-1.154254
-0.958033
-0.646761
0.323834
0.732389
1.239301
1.832294
1.713997
0.784358
-1.022218
-2.048433
-2.584256
-2.262823
-1.251067
-0.084865
-0.388048
-1.334896
-1.626410
-1.454168
-1.283556
-0.660340
-0.483092
-0.426095
-0.104002
0.591316
1.746405
2.834386
2.615706
1.679733
0.570186
-0.171842
-0.087299
-0.499215
-0.768579
-1.028246
-1.218403
-1.251720
-0.750575
-0.025681
0.372020
0.621848
0.896178
0.417556
0.012351
-0.137977
-0.186976
-0.023982
0.000635
-0.056028
-0.328069
-0.943034
-0.651540
-0.249330
0.013234
0.602391
0.654170
-0.084072
-0.702549
-1.156857
-0.709131
-1.462831
-1.712558
-0.978839
-0.292880
0.089848
0.335297
0.945081
1.654266
1.803298
1.391824
0.482413
-0.152113
-0.001201
0.615714
1.720146
2.664265
2.219161
0.750292
-0.735491
-1.597461
-1.788250
-1.758450
-1.711387
-1.419360
-1.091151
-0.969452
-0.398681
0.278743
1.156194
1.478652
1.042769
0.353039
-0.395249
-0.522690
0.277369
0.482054
-0.085361
-0.964249
-1.244700
-1.244510
-1.046568
-0.420737
-0.843930
-1.454615
-1.442295
-0.729647
0.188327
0.496210
0.525851
0.781620
0.687344
0.665185
0.782215
0.711352
0.796543
1.374841
1.555462
1.370252
1.372516
1.861363
1.752089
1.255303
0.805145
0.342319
0.212529
0.389139
-0.118942
-0.717992
-0.958404
-0.970938
-1.367246
-1.920892
-1.839058
-1.126201
-0.168741
0.634064
0.958816
1.077836
0.844437
0.337906
0.374068
0.734838
0.685719
0.090062
-0.365266
-0.878616
-0.962877
-0.335600
-0.213041
-1.111690
-1.420493
-1.546940
-1.620079
-1.273717
-0.734396
-0.083549
0.187958
0.160777
-0.315048
-0.738159
-0.723049
-0.754098
-0.582419
-0.797113
-0.883810
-0.836699
-0.999824
-0.564821
-0.233850
-0.300731
-0.664509
-0.730727
-0.413986
-0.606891
-0.625181
-0.292348
0.194419
0.871642
1.386894
1.941601
2.169396
1.486630
1.014779
0.459056
0.048822
-0.316438
-0.379572
-0.155936
-0.166358
-0.028014
0.029218
0.367434
0.526409
0.560208
0.376105
0.410553
0.110677
-0.386314
-0.491212
-0.210691
-0.029392
0.320241
0.585589
0.846521
1.122630
1.081797
0.899580
0.866321
0.725868
0.711327
0.383504
0.215702
0.350201
0.272635
-0.021669
-0.612672
-0.837681
-0.809754
-0.609231
-0.527805
-0.185225
0.058704
0.026853
0.549295
0.750922
0.706295
0.016152
-0.251597
0.230364
0.406544
0.391608
0.187079
0.239123
-0.157717
-0.643093
-0.712482
-0.126776
0.548870
0.419856
0.568424
0.286393
0.055263
0.005672
0.030800
0.113919
-0.106166
0.501039
0.655022
0.549236
0.896417
1.402607
2.102070
2.573549
1.794032
0.825658
0.093609
-0.341954
-0.373532
-0.702958
-1.186909
-1.100279
-0.789983
-1.077479
-1.121629
-0.515935
0.009410
0.036639
-0.761426
-1.407989
-2.042519
-2.277164
-1.589913
-0.672705
-0.099455
-0.038077
0.053838
0.896983
1.005324
0.581156
0.151946
-0.211583
-0.904506
-1.284358
-1.211258
-0.754685
-1.121477
-0.967860
-0.592813
-0.841852
-0.537113
-0.059524
0.163731
-0.008549
-0.345701
-0.501254
-0.703523
-1.092888
-0.973818
-0.574178
-0.335800
-0.632200
-0.786712
-0.778188
-0.643301
-0.405942
0.565282
0.552432
0.013198
0.189150
-0.160598
-0.442409
-0.438462
-0.261365
0.249219
0.339752
-0.273267
0.014327
0.354772
0.450189
0.481398
0.425198
0.634497
0.794385
1.675947
1.916736
1.680093
1.345086
0.726748
-0.084253
0.000440
-0.340862
-0.870944
-1.051128
-0.879219
-0.808231
-0.890072
-1.249488
-0.727426
-0.013746
0.721081
1.028649
0.741436
0.814812
1.013223
0.837195
0.804651
0.067851
-1.013266
-1.708751
-1.539571
-1.152436
-0.709402
-0.404476
-0.520970
-0.700715
-0.196088
0.330915
0.708143
0.923285
0.680258
-0.048129
-0.664654
-1.033866
-0.966003
-0.459567
0.063028
0.384148
0.579924
0.177452
-0.045919
-0.109240
-0.278885
-0.465602
-0.574922
-0.100065
0.758016
0.685280
0.453827
0.321133
0.377857
0.716440
1.380313
1.686745
1.178744
1.196064
1.951547
2.288589
2.312990
2.171289
1.249767
0.345102
-0.179902
-0.128001
-0.056715
0.344099
0.434094
0.538699
0.553792
0.267942
0.508256
0.632135
0.987483
1.537737
1.487999
1.523763
1.232633
0.831210
0.753535
0.636274
0.477204
-0.132350
-0.612642
-0.744884
-1.084097
-1.267737
-1.466718
-1.603473
-1.994555
-2.311117
-2.187958
-1.696180
-0.937763
-0.311857
0.273436
0.350535
0.698847
1.365837
2.052636
1.819777
0.980856
0.561874
0.453780
-0.512821
-1.371805
-1.902418
-2.431978
-1.750790
-1.449712
-1.007220
-0.264610
0.245796
0.201378
0.197731
0.978250
1.176822
0.883700
0.467958
-0.192918
-0.944004
-1.109565
-0.974429
-0.781952
-0.607178
-0.523901
-0.330601
0.045295
0.515753
-0.145705
-0.907705
-1.088187
-1.287527
-0.700300
-1.003034
-1.560253
-1.515128
-1.308154
-1.293479
-1.041362
-0.039958
0.826882
1.354887
0.972404
0.511108
0.048577
-0.505459
-1.072452
-1.351764
-1.026830
-0.501515
0.488210
1.183445
1.197485
1.214919
1.554317
1.193780
0.777896
0.112508
-0.378123
-0.425346
-0.990229
-1.024091
-0.799560
-0.696678
0.082980
0.238799
-0.176104
-0.265592
-0.219208
0.074526
0.205890
0.131203
-0.319262
-0.145729
-0.110513
0.345495
1.809820
2.834221
3.196493
2.278398
1.427755
1.333359
0.676861
0.078738
-0.382324
-0.874764
-1.210341
-1.604191
-1.638637
-1.428651
-0.694009
-0.096955
0.341944
0.862036
1.264977
1.287760
0.971795
0.532430
0.067676
0.286529
0.241359
-0.185744
-0.025310
0.092846
-0.226897
-0.308104
-0.625491
-0.882726
-1.197297
-1.439277
-1.033028
-0.749418
-0.571667
-0.085513
0.345152
0.613271
0.220581
-0.233415
-0.300002
-0.573227
-0.985678
-1.587138
-2.081231
-1.616011
-1.149885
-0.522167
0.144278
0.537443
0.603224
0.601894
0.511292
0.867280
1.416714
1.368717
1.013779
0.822257
0.242335
0.060032
0.162628
0.231740
0.741804
1.144307
1.225933
1.002402
0.421772
0.333041
-0.686745
-1.036142
-0.781024
-0.855112
-0.411090
-0.149382
-0.174007
-0.067572
0.182322
0.842568
0.917894
0.851838
0.641566
0.562509
1.076933
0.989563
1.006472
0.682472
0.101560
-0.293077
-1.128072
-1.705616
-1.585481
-0.894893
-0.185888
0.430488
0.903795
1.440537
1.660721
1.079621
0.465353
0.040423
-0.701083
-1.584975
-1.816706
-1.095632
-0.317172
0.083080
0.571320
1.102325
1.585557
1.612217
0.276369
-0.820389
-0.737123
-0.576741
-0.567038
-0.584431
-0.583702
-0.373168
0.000346
0.213797
0.595519
1.083650
1.073704
0.314314
-0.039945
0.028009
-0.597475
-0.612313
-0.375708
0.057744
0.775312
0.765845
0.543153
-0.097741
-0.597871
-0.536192
-0.469628
-0.457101
-0.733959
-0.627173
-0.024106
1.451118
2.679803
2.579474
1.741635
0.660323
0.110077
-0.649809
-1.164093
-1.544129
-1.942691
-1.660245
-1.449129
-0.965851
-0.015872
0.806534
0.388478
-0.223931
-0.392263
-0.471252
-0.092488
0.105466
-0.501589
-0.990961
-1.613506
-1.317283
0.443575
1.773484
2.213627
1.725216
0.579673
-0.622557
-1.265166
-1.140854
-1.188985
-1.208555
-1.544433
-1.752332
-1.459779
-0.438787
0.889880
1.516950
1.421381
1.354640
1.734451
2.289508
2.390835
1.725450
0.811186
-0.283025
-0.901471
-1.032429
-0.534100
-0.579490
-1.161036
-1.269272
-1.298884
-1.516839
-1.321389
-0.858639
-1.027585
-1.282850
-0.877526
-0.241606
1.035534
1.794246
1.297373
0.276258
-0.417187
-0.943768
-0.934318
-0.495677
-0.075442
-0.104112
-0.327835
-0.000964
0.338455
0.987836
1.444001
1.170267
0.437437
-0.161718
-0.200263
-0.537968
-0.970620
-0.309861
0.806877
1.652686
2.114221
1.812347
1.250899
0.370210
-1.089889
-1.989024
-1.810495
-1.100274
-0.937110
-0.856366
0.024420
0.858875
1.685392
2.161618
1.797072
1.007181
0.521342
-0.086648
-0.662510
-0.889000
-1.004683
-1.298031
-1.332596
-0.356173
1.452187
2.212172
1.573981
0.676305
0.294278
-0.070845
-0.812655
-1.576565
-2.485610
-2.380414
-2.068352
-1.781554
-0.996178
-0.047980
1.045225
1.165441
0.827856
0.556098
0.514909
0.335635
0.532147
0.280962
-0.121913
-0.147983
0.076013
0.102545
-0.319258
-0.435877
-0.337720
-0.743134
-1.050238
-0.755630
-0.483447
-0.216147
0.322224
0.133412
0.127764
0.584130
0.614852
0.364884
0.189975
0.010760
0.140836
0.454918
