1.019241
0.544077
-0.240933
-0.779287
-1.040743
-0.903940
-0.168794
0.579123
1.155175
1.613087
1.624220
1.264635
0.392449
-0.587960
-1.019183
-0.894275
-0.508525
-0.124697
-0.073239
-0.439084
-0.317743
-0.258983
-0.102657
0.090666
-0.140998
-0.351799
-0.527802
-0.224126
-0.086385
-0.082592
-0.620735
-0.843358
-0.117841
1.002079
1.707796
2.057982
1.814964
1.401347
0.565743
-0.091086
-0.428552
-1.216991
-1.966208
-2.210176
-1.954224
-1.570508
-1.676995
-2.215398
-2.124372
-2.109689
-1.297141
-0.022452
1.272112
1.742268
1.719262
1.749884
1.597845
1.347240
1.292084
0.949745
0.527815
-0.099892
-0.862313
-1.479047
-1.876809
-1.783753
-1.616216
-1.221980
-0.828686
-0.373688
0.144416
0.721505
1.396191
1.815624
2.233940
2.186674
1.724828
1.202609
0.785039
-0.098034
-1.287321
-2.151248
-2.314057
-2.053961
-1.591893
-1.572935
-1.892307
-2.057941
-1.826448
-1.046940
0.047883
0.995506
1.220734
1.024822
1.360587
1.821938
1.466784
0.894779
0.100579
-0.650472
-1.386919
-1.713360
-1.522872
-0.725854
0.489223
0.685886
0.373780
0.127543
-0.246236
-0.695779
-0.677122
-0.547826
-0.295515
-0.223424
-0.213074
-0.027054
0.520089
1.081462
1.306602
1.046169
0.360074
-0.273439
-0.682836
-0.535245
-0.374115
-0.041825
0.339134
0.811936
0.974541
0.514665
-0.114875
-0.073691
0.257000
0.641085
0.600223
0.411533
-0.028143
-0.094795
0.024506
-0.126096
0.373912
0.719995
1.357204
1.458166
1.023960
0.432027
-0.313667
-0.843648
-0.654161
-0.031363
0.515737
1.140161
1.079022
0.424339
-0.187460
-0.624945
-0.618699
0.339038
1.162976
1.584526
1.361357
0.731200
-0.067190
-0.131417
0.210288
0.315443
0.083528
-0.195280
-0.324270
-0.299674
0.120238
0.606364
0.766975
0.495469
0.314613
0.281025
0.707543
0.783233
0.412665
-0.280708
-0.678437
-0.722289
-0.509144
-0.075586
-0.017126
0.162723
0.057416
-0.349648
-0.323226
-0.291903
-0.499106
-0.666607
-1.167397
-1.385412
-1.219196
-0.763709
-0.572616
-0.536759
-0.590864
-0.873736
-1.218474
-1.220222
-0.869116
-0.692662
-0.424355
-0.126278
0.567534
0.994065
1.447976
1.575071
1.113106
0.545233
0.234528
0.339510
0.273632
-0.061275
-0.467026
-1.067183
-1.777886
-1.839557
-1.709116
-1.207899
-0.522884
0.274370
0.969503
1.238767
1.482096
1.813324
1.454255
0.802999
0.165167
-0.087461
0.012397
0.198166
0.682229
0.947289
0.404411
-0.514977
-1.172310
-1.128113
-0.594668
-0.736519
-1.059199
-1.002409
-0.687285
-0.010675
0.863141
1.673967
2.081788
1.793022
1.088913
0.494041
0.081265
-0.322378
-0.709885
-0.961759
-1.148325
-0.562832
0.170559
0.626100
0.394117
0.265391
0.659507
1.063573
1.291971
1.272452
0.605139
-0.225743
-0.076389
0.363433
0.594001
0.489395
0.647466
1.035124
1.535162
1.484369
1.158458
0.810327
0.457320
0.018400
-0.785521
-1.766797
-2.009190
-1.416948
-1.118600
-0.990931
-0.873687
-0.776444
-0.953244
-0.560277
-0.341036
-0.480303
-0.598382
-0.326354
-0.223484
0.352476
1.391836
1.456700
0.897556
0.195940
-0.146546
-0.208016
-0.060155
-0.266671
-0.481108
-0.532838
-1.034330
-1.349369
-0.694410
0.405273
1.337850
1.537173
0.995279
0.272370
-0.593433
-0.934424
-0.736234
-0.047981
-0.159595
-0.555428
-0.929333
-0.616156
-0.010332
0.323989
-0.018812
-0.623543
-1.043422
-1.142462
-1.216974
-1.313458
-1.312550
-1.027656
-0.301475
0.558624
1.483830
1.690265
1.878745
2.050811
2.116050
1.871167
1.105797
0.502311
0.143617
-0.417156
-1.114701
-1.487780
-1.441805
-0.822581
-0.415071
-0.279697
-0.418188
-0.804169
-1.091529
-0.886811
-0.563738
-0.252973
-0.341098
-0.272422
0.339865
0.980051
1.354776
1.514188
1.989914
1.941967
1.360931
0.419207
-0.577472
-1.030460
-1.164124
-1.541291
-1.669770
-1.844986
-1.719975
-1.296057
-0.711029
-0.311257
-0.051051
0.459434
0.803686
0.963268
0.802024
0.568819
0.167159
-0.284813
-0.495065
-0.578753
-0.659498
-0.446071
-0.143320
0.179764
0.364801
0.383534
0.569231
0.877974
1.189179
1.048752
0.874561
0.974534
1.382915
1.756272
1.549015
0.777713
-0.132215
-1.084474
-1.625118
-1.774520
-1.632722
-1.322575
-0.859504
0.118617
1.245730
2.169569
2.373802
2.530251
2.442065
1.891464
0.806619
-0.475829
-1.208182
-1.682995
-2.029216
-2.348634
-2.257201
-1.628169
-0.755516
0.380096
1.331869
1.776068
1.499104
0.745301
0.485815
0.046694
-0.242742
-0.862901
-1.682976
-2.340645
-2.172405
-1.523015
-0.873528
-0.429177
0.020518
0.477503
1.088885
1.680630
2.314151
2.385530
1.843362
1.417707
1.277128
1.619056
1.416212
0.659614
-0.033400
-0.850456
-1.481905
-1.582288
-0.905947
-0.462067
-0.424535
-0.796273
-0.775558
-0.308018
0.460646
0.662994
0.563354
0.645988
1.178101
1.025176
0.927698
0.699287
0.290448
0.532496
0.840144
0.925969
-0.077332
-1.636910
-2.225673
-1.909331
-1.323322
-0.404807
-0.004038
0.210682
0.264841
0.727706
1.305256
1.150682
0.172197
-1.290105
-2.192176
-2.077128
-1.702121
-1.185890
-0.391854
0.000943
0.305894
0.118549
0.209083
0.410681
0.763055
0.724099
0.307977
-0.169822
-0.471214
-0.096294
0.225661
0.175017
0.063924
-0.034972
-0.536625
-0.653121
-0.111170
0.845429
1.184231
1.263929
0.688879
-0.205856
-1.146387
-1.401313
-1.412101
-1.516489
-1.399995
-1.437112
-1.093076
-0.592865
-0.465669
-0.363455
-0.040032
0.195376
0.665441
0.837079
0.871159
0.228040
-0.882012
-1.452649
-0.956185
0.000898
0.643930
0.546823
0.008177
-0.024809
-0.363978
-0.420017
-0.217983
0.306238
0.790310
1.149647
0.921808
0.226740
-0.499423
-0.418601
0.036036
0.198572
0.181274
-0.118361
-0.078735
-0.136489
0.155552
0.675906
1.308582
1.508518
1.234571
1.040526
0.636433
0.086561
0.153598
0.226063
-0.056155
-0.525608
-1.081958
-1.260689
-0.722301
0.149440
0.461107
0.763867
0.902753
0.730484
0.848479
1.109740
0.977261
0.564177
-0.170208
-0.879945
-1.355994
-1.340682
-1.275174
-1.283083
-0.897742
-0.585958
-0.394559
-0.410781
-0.254708
-0.192525
0.015995
-0.041538
0.100729
0.559708
0.768523
0.449314
-0.143999
-0.644971
-0.715927
-0.263385
0.507337
0.807876
0.440947
-0.035519
-0.168733
0.405527
0.797703
0.657415
0.380732
0.246047
0.230639
0.155052
0.347759
0.489269
0.700625
0.307219
-0.049900
-0.080459
0.277834
0.277112
0.375934
0.540143
0.616029
0.651199
0.616213
0.722500
0.772675
0.291452
0.010255
-0.212435
-0.431868
-0.441639
-0.155635
0.037684
-0.402831
-1.030483
-1.283408
-1.090978
-0.596250
0.004754
0.492677
0.481583
0.555166
0.630808
0.470225
0.372457
0.543528
0.440229
0.493434
0.334388
0.104360
-0.339108
-0.800207
-1.685902
-1.705268
-1.291743
-0.503702
-0.445267
-0.590901
-0.469297
0.230000
1.095570
1.606100
1.673788
0.893465
0.241332
-0.150610
-0.137042
-0.050264
0.207068
0.145072
0.189293
0.019486
0.330563
0.696423
0.906359
0.512053
-0.226510
-0.400727
0.028734
0.478311
0.310077
-0.230901
-0.931941
-1.230141
-1.342881
-1.098925
-0.625464
-0.035305
0.474984
0.351759
-0.090503
-0.659670
-1.444688
-1.746608
-1.520031
-1.077678
-0.692092
-0.229905
0.442398
0.452353
0.095090
-0.193174
0.077693
-0.202868
-0.477091
-0.581993
-0.750274
-0.925670
-1.204950
-1.233586
-0.640480
0.238412
0.512109
-0.018307
-0.725980
-0.803236
-0.395877
0.103245
0.157447
0.215193
0.262426
0.425726
0.871317
1.302731
2.049079
2.155708
1.511405
0.559171
-0.277746
-0.792972
-1.129170
-1.458143
-1.689850
-1.521928
-0.169386
1.038175
1.491084
1.215133
1.178591
1.483770
1.990115
1.885847
1.163794
0.482897
-0.317714
-0.769950
-0.433597
0.515192
0.845682
0.630062
0.374825
0.562394
0.485205
-0.073778
-0.822489
-1.502098
-1.738156
-1.220091
-0.448416
-0.026032
0.695845
1.240274
1.254837
0.750738
0.681198
0.491217
0.226884
-0.297566
-0.757854
-0.867946
-0.666058
-0.337587
-0.098546
0.177878
0.188107
0.375502
0.870433
1.401942
1.003301
0.049289
-0.866108
-1.335041
-1.270904
-1.215444
-1.143608
-0.545978
0.264134
1.128773
1.641202
1.472812
0.884130
0.445150
0.360090
0.485967
0.148107
-0.471705
-1.040617
-1.354204
-0.607194
0.113042
-0.029011
-0.531171
-1.378223
-1.925641
-1.369865
0.035427
0.950887
0.957885
0.380362
0.026861
-0.285893
-0.229617
0.129222
0.679459
0.612137
0.480900
0.283253
0.348167
0.569631
0.656021
0.683372
0.278235
-0.284517
-0.753569
-1.039853
-1.137323
-1.247752
-0.975854
-0.276188
0.105963
0.243920
-0.152079
-0.383475
0.207471
1.351302
1.543168
0.848947
-0.186335
-1.020311
-1.383833
-1.649673
-1.028840
-0.079206
0.659052
0.990782
1.111462
1.090665
1.455097
1.710283
1.490369
0.686956
-0.169436
-0.557252
-0.702968
-0.532354
-0.951846
-1.454697
-1.418252
-1.046302
-0.666004
-0.362277
-0.175328
0.206035
0.183645
0.041276
0.132035
1.068869
2.386538
2.788401
2.350723
1.178932
-0.224425
-1.211725
-1.834478
-2.204942
-1.726148
-1.204342
-0.628864
0.087261
1.381366
2.675594
2.764000
1.922116
1.139517
0.568294
0.069034
0.015927
-0.324669
-0.798861
-1.651801
-1.985437
-1.018160
1.017920
2.313718
1.963794
0.601781
-0.443244
-1.192265
-1.318250
-1.116309
-1.135809
-1.711517
-2.286842
-1.756041
-0.642361
0.892801
1.747702
2.026539
1.466529
1.218472
1.140819
1.118238
0.473091
-0.289828
-0.731381
-0.467084
0.643677
1.500017
1.334100
0.522543
-0.202636
-1.100916
-1.436403
-1.618225
-1.914363
-2.327047
-2.450146
-2.055177
-0.941587
0.300250
1.410375
1.545277
0.676376
-0.368290
-0.754507
-0.621488
-0.690053
-0.529799
-0.437175
-0.285048
-0.090409
0.611318
0.992767
1.187096
1.293981
1.079773
0.746182
0.089494
-0.484878
-0.780426
-0.635783
-0.419675
-0.093399
-0.139964
0.066187
0.143156
-0.092378
-0.770461
-0.777111
-0.850762
-0.782884
-0.130998
0.441328
1.169459
1.481765
1.539816
1.507525
1.529741
0.890553
0.297091
-0.293415
-0.604505
-0.449046
-0.187196
-0.226175
0.110344
0.684198
1.321314
1.684431
1.308966
0.559123
-0.429127
-1.525564
-2.490695
-2.607904
-2.128689
-1.285556
-0.364748
0.159887
-0.193368
-0.264510
-0.193824
0.171226
0.341554
0.078617
-0.208324
-0.628578
-0.560975
-0.309052
-0.328657
-0.478322
-0.136400
0.013107
0.469009
0.728127
0.576289
0.059256
0.011804
-0.073103
-0.305363
-0.417220
-0.638514
-0.450893
0.038651
0.479177
0.754225
0.881615
0.713384
0.666686
0.424178
0.112067
