0.242024
-0.231051
-0.154491
-0.072276
0.234822
-0.644360
-0.632792
0.058864
-0.612027
-1.500800
-0.650184
-0.453539
-0.915511
-0.604791
-1.875856
-3.296290
-2.270798
-1.279558
-1.299834
-1.350943
-1.177449
-1.192783
-0.690863
1.755219
2.179948
1.238662
0.252324
-0.073890
1.747494
1.154124
0.321814
0.938742
0.405603
0.733923
1.120969
0.936419
-0.059023
-0.794845
-0.565483
-1.145000
-0.757232
-0.126890
-0.389871
0.092321
0.883840
0.647469
0.030571
0.754209
1.031944
1.220221
0.608188
0.519717
0.560448
0.578895
0.512124
0.477509
0.579680
0.127372
0.127461
0.149056
0.799547
0.702163
-0.348712
-0.100828
-0.241099
-1.011775
0.169239
0.670855
0.689956
1.011415
0.470568
-0.986890
-0.795416
-1.017729
-0.850290
-0.481837
-0.506541
-0.814190
-1.694005
-1.059634
-0.469810
-0.648460
-1.506112
-0.608149
-0.320618
-0.379486
-0.611165
-1.096188
-0.329257
-0.476262
-1.055930
-0.679549
-0.220821
-0.633120
-1.710656
-1.987209
-1.037999
-0.146614
0.356619
0.062419
0.112843
-0.445531
-0.389920
-0.235706
0.328786
0.573335
0.668919
1.518283
0.894766
1.106782
0.192894
-0.044949
1.185993
0.839012
-1.678710
-0.935898
0.178029
-0.469733
-1.192700
-0.862437
0.470512
0.431888
0.557895
-0.421130
-0.467605
-0.049978
0.304340
0.337851
0.327664
0.559448
1.355034
1.738147
1.423783
0.274805
-0.335249
0.008056
0.785217
0.667242
-0.480328
-0.341377
0.937636
0.935410
0.840745
1.650189
1.831536
1.691513
0.979575
0.999099
0.824055
0.169419
0.470038
0.623371
0.101926
-0.309316
-0.573077
-0.228559
-0.288879
-1.014389
-0.972300
-1.043378
-0.889615
-0.267452
-1.039801
-0.547539
0.659680
-0.094174
-1.186525
-0.758963
-0.743865
-1.058637
-0.926116
-1.273172
-0.573405
-0.584549
-0.774774
0.044172
0.827611
0.918425
0.690047
0.137952
-0.250824
-0.535527
-0.680963
-0.289362
0.775516
0.877220
-0.403253
-0.676866
0.305019
0.667426
0.688148
0.071719
0.169295
-0.080034
-0.405501
-0.274406
-0.369984
-0.700969
-1.259369
-1.104883
-0.145255
0.507125
0.502873
0.802021
-0.400853
-1.980393
-0.878114
0.978681
-0.122042
-1.888584
-1.207188
-0.701258
-1.271060
-0.860168
-0.716019
-0.632239
-0.630028
-1.356633
-1.580822
-1.058247
-0.043417
-0.225329
-0.722534
-1.235085
-0.032870
-0.062160
-0.018017
0.136656
0.806927
0.315717
0.027495
0.124713
-0.219513
-0.246022
-0.591151
-0.190812
-0.201574
-0.647176
-0.373795
0.750471
1.159692
0.108921
-0.300411
0.226991
0.201178
-1.160527
-1.280448
-0.265431
0.522351
-0.311842
-0.433657
0.705128
1.831498
1.219553
1.067351
0.962729
1.044936
0.504994
-0.105909
-0.117770
0.532150
0.377572
1.058906
0.664196
0.470956
1.390516
1.008019
0.265289
1.037616
1.985529
0.792433
-0.403141
-0.598446
0.591169
0.458243
-0.995814
-0.088596
0.817499
-0.344986
-0.620772
0.817602
0.541790
-1.068750
0.050093
0.965276
0.230182
-0.818667
0.314400
0.811211
-0.496193
0.229522
0.640209
0.588230
0.379536
-0.338228
-0.087662
-0.426103
0.537890
1.116417
1.732173
0.983555
0.024708
-0.147880
0.003620
0.082448
0.189627
0.333839
0.408976
-0.669273
0.253635
-0.011459
-0.301869
-0.586666
-0.599336
0.026183
-1.034247
-1.116595
-0.442022
0.294233
0.509456
0.216647
0.412740
1.036844
1.385241
-0.321233
0.383160
0.969262
0.677928
-0.338037
-0.818258
-0.604673
-0.747986
0.302177
1.265682
0.728731
0.341591
-0.786025
-0.003465
1.466902
1.935917
2.011903
1.986815
1.881746
2.484628
2.403746
2.617264
2.867549
1.744731
1.280977
1.568350
1.134251
-0.332137
-0.066511
0.899182
1.581586
1.796714
0.536560
-0.619933
-0.275300
0.138310
-0.575376
-1.715137
-2.124192
-1.075668
-0.969452
-1.352566
-1.680800
-1.720911
-0.399619
-0.081183
-0.846558
-0.605339
-0.720139
-1.029652
-1.692849
-0.432372
0.008738
-0.012997
-0.588877
-2.006489
-1.781418
-0.844673
-1.064720
-1.910334
-1.358703
-0.777477
-0.988206
-1.049714
-1.150192
-1.408321
-2.452380
-2.165039
-1.374284
-0.235283
-0.441449
-0.876311
-1.148390
-0.221384
-1.092554
-2.093578
-1.175148
-0.917528
-1.250490
-0.689222
-0.491261
-1.146417
-1.327995
-0.134478
-0.110555
0.201109
-0.023738
0.182825
1.424158
1.029875
0.690869
0.116423
-0.223375
-0.627002
-0.168403
0.092581
-0.300082
0.268427
0.618802
0.162907
1.033682
1.718928
1.812836
2.166526
0.968705
0.139904
0.551263
0.317013
0.344716
1.197702
0.224530
-0.370684
0.729567
1.161334
0.562840
0.156150
0.218197
0.835473
0.107166
-0.490450
-0.052203
0.016665
0.116861
-0.059330
0.127864
-0.013680
-0.362408
-2.535337
-1.687604
0.569547
0.970844
-0.101426
-0.744608
-0.769701
-0.931786
-0.571284
-0.118066
0.184923
0.618054
0.901334
0.786229
0.789249
0.867284
0.173521
0.913227
1.409059
1.160107
0.862546
0.903300
0.223897
0.173009
0.905082
1.532954
0.389391
0.361416
-0.873600
-1.380554
-1.851871
-1.518328
-0.551379
0.632004
0.305556
-0.185136
0.095308
0.195927
0.628513
0.786439
-0.462035
-0.905832
-0.936851
-0.318561
0.066630
0.280664
0.832885
0.593462
0.319253
0.301225
0.142171
0.830664
-0.044656
-0.219447
0.501297
0.010038
-0.577353
-0.065858
0.420825
0.104885
-2.538585
-2.093127
0.111446
0.677440
-0.087457
-0.837607
-0.425730
1.667766
2.791451
2.038265
2.262110
2.497965
1.789509
0.060144
-0.626294
-0.122449
0.431525
-0.919825
-1.292266
-0.978533
-1.316549
-0.187834
0.635629
0.551003
0.811312
0.786914
0.260779
-0.046747
0.160832
0.146793
-0.094485
0.473830
0.481412
0.211342
1.150639
1.795087
0.147983
-0.085248
0.234356
0.119360
-0.770303
-1.483001
-0.798079
-0.902122
-1.261503
-0.923242
-0.921575
-1.259276
-1.691838
-2.656403
-1.479633
0.060147
-0.232851
0.085322
0.595269
0.489870
0.126149
0.343795
-0.691690
-1.118891
-1.546276
-1.915458
-2.586003
-0.915796
-0.751508
-1.101006
0.110578
0.193619
-0.694277
-1.125882
0.230724
0.049236
-0.499500
-0.159349
-0.095023
-0.205949
0.725035
1.794730
1.575384
0.971553
1.032513
2.111299
1.183499
-0.105083
0.767729
0.471701
0.261867
0.440695
0.635874
1.195596
0.607818
1.185738
1.366179
1.721808
0.692770
0.078804
0.982315
1.246588
0.936424
1.917307
0.750981
-0.517114
0.662263
1.867688
0.882321
0.475339
-0.216252
-1.369057
-0.844628
-0.479519
-0.028294
-0.029900
0.036192
-0.128694
-0.432024
0.130710
-0.203836
-0.464781
0.257137
-0.050617
-0.641480
-0.624449
-0.178750
-0.358503
-1.744225
-1.358569
-1.182570
-2.436285
-2.450926
-0.429789
-0.146059
-1.312884
-0.999769
0.749910
0.413446
-0.618300
-0.147549
0.057635
-0.476742
0.409512
0.951495
-0.074226
0.176087
0.821442
-0.375509
-0.944240
0.455004
1.040151
1.122318
0.469761
0.271218
0.517544
0.610541
1.195344
0.763021
0.172073
-0.138257
0.142005
0.056048
-0.416176
0.032417
0.578609
-0.050358
0.965990
1.165435
0.307017
0.246945
-0.541512
-0.575303
-0.016312
-0.065047
-0.573259
-1.518123
-1.174465
-0.104058
-0.571301
0.307322
0.505804
-0.247997
-0.715324
-0.432675
-0.297457
-0.567796
-0.422834
-0.011042
1.143237
1.783716
1.180215
0.073599
0.029702
0.130466
0.373099
0.096310
0.102359
0.870436
0.815351
-0.075652
0.033211
-0.485666
0.278461
0.717613
0.050048
0.289916
0.438964
0.604467
-0.491960
-0.312674
-0.799231
-0.396068
0.203174
0.119294
-1.204938
-1.701688
-1.866461
-2.574855
-1.720659
-0.082244
0.315786
-1.094406
-0.660981
0.145097
-0.131055
-0.368024
0.617766
0.782086
0.465112
1.679234
2.159221
2.169556
2.645451
1.899964
0.979860
0.944588
0.836213
1.023902
0.450144
0.816445
0.645541
0.267782
0.658053
0.500723
0.233048
0.795472
0.995786
0.445263
-0.830989
-1.146086
-0.239051
-0.500651
-1.936353
-1.873731
-0.870434
-0.028352
-0.095244
-0.479969
-0.087915
-1.134079
-0.442727
-0.123615
-1.277847
-1.666760
-2.266581
-1.252401
-1.409245
-1.076219
-0.535441
-0.384064
0.058212
0.552035
0.880781
1.140206
1.067945
1.329956
0.659944
0.060453
0.245263
1.223883
1.357031
1.243107
0.819144
-0.631362
-0.534467
0.472003
1.239195
0.483164
-0.644936
-0.196511
-0.234251
-0.584451
-0.164356
0.273234
-0.132085
0.077482
0.336058
-0.075680
-0.558461
-1.084072
-0.805975
0.245022
0.494688
0.200310
-0.824502
-0.732545
-0.478038
-0.087914
0.248805
0.448805
0.721358
0.250896
-0.078954
0.137187
0.216583
-0.582908
-1.360910
-1.408660
-0.234162
-0.036109
-0.796240
-1.391669
-0.656025
-0.322001
-0.374602
0.309855
0.525897
0.006738
-0.969671
-0.027873
0.616081
0.113656
-0.703680
-0.313033
0.760698
0.603379
-0.139349
-0.112763
0.435574
0.410778
-0.495177
-1.117709
-0.776870
0.436588
-0.213375
-1.092286
-0.384634
-0.147152
0.485194
0.269210
0.106515
-0.344096
-0.426651
-0.750030
-0.456655
-0.068524
-0.009202
-0.427256
0.067085
0.699062
0.381090
-0.051200
-1.064834
-0.904724
-0.319931
-1.060074
-0.673376
-0.215707
-0.119058
0.905193
0.982322
1.761779
2.465607
3.113867
2.738523
3.580246
3.707897
2.425388
3.145457
3.331413
2.213169
1.545336
1.781485
2.139472
1.870182
0.651570
1.719448
2.044357
-0.048754
-0.774664
-0.902014
-1.012064
-1.315138
-1.758358
-1.725245
-0.592053
-0.153269
-0.214761
-0.052732
-0.891031
-1.372797
-1.076613
-1.969182
-2.468276
-1.184229
-0.529655
-1.492827
-1.896145
-1.849548
-1.739706
-1.601652
-1.128866
-0.514962
-0.727758
-1.100500
-1.529119
-1.835261
-2.122657
-1.831772
-1.548842
-2.445311
-2.218207
-1.140693
-0.379751
-1.423113
-1.648172
-2.702201
-2.052391
0.557021
1.362496
0.504494
0.081178
0.312109
1.289117
1.922066
0.681755
0.093456
1.095871
1.100603
1.097576
1.245340
0.969602
0.331648
0.635187
1.180898
1.010150
0.042898
-0.221082
0.766825
1.370253
1.954585
1.079710
1.228081
0.686551
0.475086
0.782841
1.048928
-0.077952
-1.187064
0.915242
2.095453
1.539595
0.295019
-0.444973
-0.123214
0.175607
-0.599741
-1.577501
-1.481123
-1.686600
-1.947170
-1.367406
-1.032606
-1.121205
-0.217316
0.526565
-0.413884
0.586923
1.934862
0.658924
0.328953
-0.162202
0.111706
0.403071
0.311972
-0.511024
-0.968425
-0.795968
-0.704017
-0.591105
-0.791445
-0.362888
-0.517815
-1.532017
-1.127826
0.377681
-0.125907
-0.471866
-0.087831
0.172892
0.066952
-0.506478
0.573455
1.300139
1.926838
1.861728
1.064932
0.936497
1.863662
1.847955
1.405333
1.811489
1.111620
0.544782
0.568048
0.924690
