1.350047
0.623652
0.348083
-0.250853
0.359671
0.234605
-0.055867
-0.046298
-1.073855
-1.737311
-0.070363
-0.428433
-0.292426
0.113814
-1.478133
-0.386798
-0.188520
-0.464663
-0.144004
-1.005409
-2.840042
-1.562173
-0.355548
-1.290122
-1.247064
0.709140
-2.076009
-0.095626
0.694306
0.949245
1.735281
1.540935
0.828777
2.084973
3.388951
1.075998
0.128307
1.017241
-0.579448
0.342753
-0.981425
-0.642182
-0.151277
-0.606908
-1.945178
-0.777138
-0.794993
-1.743158
-1.932249
-1.008831
-1.099920
-1.043985
0.804900
0.390934
0.988405
2.519351
2.284200
1.239547
0.981704
1.149220
0.555821
-0.552961
0.167375
0.084179
-2.668447
-0.679896
0.964641
-0.758459
-0.628892
-1.244140
0.015140
0.775401
0.935380
-0.047280
1.150483
1.137836
0.598565
0.470332
0.889588
0.617479
-0.838548
-1.187420
1.018720
-0.935643
-1.355920
0.099244
-0.804439
-1.993357
-0.607892
0.216699
-0.501679
0.017732
0.700859
-0.817217
0.462518
0.097543
-1.660765
-2.878063
0.214962
0.715236
-2.147708
-1.436678
-0.347642
-0.555331
-0.297848
0.128655
0.881261
0.370544
1.883099
0.837350
0.738609
0.384189
-0.823946
2.283850
0.951258
0.657672
0.093037
0.424170
1.194789
0.738307
0.025257
-0.721299
-0.240160
0.653244
0.355560
0.002935
-0.407460
-0.348651
-0.932874
-1.920726
-0.657292
-2.419556
-1.076394
0.828062
-0.890539
-1.295530
-0.553904
0.668311
-0.369814
-0.281519
-0.970465
0.903064
0.630071
-0.426005
1.084557
0.008660
0.169977
-1.290220
-0.796132
0.148015
-0.824582
0.206639
-0.532786
-0.833253
-0.404194
-1.166805
1.765176
2.024243
1.731784
0.050794
0.268293
1.184669
1.934928
0.516798
0.425600
-0.205316
0.271121
0.569455
0.063194
0.387561
-0.946381
0.688108
1.697622
-0.120104
0.726778
0.395071
-1.179459
-0.194445
0.208355
-0.053575
-0.617877
0.541337
0.672487
-0.590920
-1.008258
-0.480317
0.766094
0.829768
-0.766874
-0.342693
0.976168
1.131125
-0.358706
0.672105
0.029770
-0.252501
0.238782
0.539191
0.853765
1.293826
1.374418
0.737555
1.521419
-0.240536
0.157007
-0.535506
-0.703260
-0.029796
-0.678065
-0.546940
-0.972593
-0.323587
-0.433648
-0.021927
-0.884110
-1.634358
-1.111482
-0.658596
-0.834859
0.644896
-0.337704
-0.590948
1.769499
2.621758
0.447044
0.651075
-0.427767
-0.853622
0.202171
-0.385683
-0.872428
-0.622062
-1.182071
-0.709989
2.004107
1.152567
-0.171619
0.471036
-0.869910
-0.026748
-0.496546
0.171612
0.674000
0.723613
-0.218751
-0.051346
-0.085753
0.359013
-2.022657
1.221219
1.199437
0.736731
1.927460
1.806599
1.504326
0.074916
0.188551
0.376815
-0.057527
-0.148868
-0.670084
-0.423617
-0.761513
-1.881907
-0.133690
-0.546167
-0.092966
-0.411318
0.197245
0.664337
0.255024
-0.977739
0.433599
0.791909
-0.775647
0.114896
-0.636788
-0.940350
-0.625388
-1.477409
-0.531306
-0.241879
-0.425975
-1.631399
-0.055622
-0.661636
-0.730566
-1.460775
-0.783291
-0.309576
-0.277302
0.541204
0.870159
-0.113436
0.574252
0.119658
-0.664656
0.903558
0.668938
-0.298254
0.299463
0.930328
-0.324528
-0.671083
0.481120
0.686051
-3.244332
1.229924
1.955222
0.454101
-0.606890
-2.643528
0.165237
0.747008
-0.276859
-0.606867
-1.893540
-0.803827
0.727953
0.869218
0.519399
0.493649
-0.462712
-0.533264
0.077217
-0.369033
0.440652
-0.113337
-1.336774
0.002353
0.019943
-0.057277
-0.173908
-0.623480
-0.475984
-0.616300
1.069370
0.431294
-0.225130
-1.252415
-0.922947
0.354055
1.331496
1.810715
1.287743
0.220132
1.502080
0.666540
-0.409750
0.457425
-1.060369
-1.527501
-1.047929
0.862165
-0.040597
-0.923124
0.190665
0.441341
1.581203
1.005595
-0.139038
-0.809688
0.847480
0.339688
-0.965348
0.192498
0.920405
1.560858
0.182167
1.168206
2.040565
2.561128
1.035388
-0.106253
0.948245
0.467122
0.781486
-0.313715
-1.501333
-2.058483
-1.457503
-2.102617
-1.749684
-1.179702
-1.448907
-1.000343
-1.087576
-1.005927
0.123078
0.493289
1.669231
2.216406
1.721954
0.335188
0.985903
-0.642172
1.474393
2.078998
0.479061
0.481660
-1.297382
-0.672711
-0.800531
-0.321139
-1.182588
-2.226291
-2.153260
-1.368145
-2.659519
-0.403541
-1.890479
-1.030906
-0.597343
-2.203865
-0.714638
-0.242303
0.719405
1.332492
0.690909
-0.349239
-0.913055
0.877274
0.754547
0.485332
0.925720
0.463728
-0.695413
0.609598
1.386521
0.292298
-0.004727
1.715196
0.947593
0.012906
1.598208
0.178746
-0.715475
-0.695636
-1.221883
-0.275747
0.795945
0.836829
0.295383
1.003617
1.038596
0.341926
1.627288
0.586675
2.098748
1.704990
-0.075255
1.576211
1.157530
1.093390
-0.047345
0.172283
0.669985
-1.424512
0.325199
0.758360
-1.890688
-0.583800
-0.724459
-0.326854
1.361195
0.368567
-0.662710
0.042138
-0.795735
-0.555688
-0.456583
0.415868
-0.913776
0.330175
-0.701447
-0.082912
-0.101127
-2.359374
-0.665209
-1.470912
-1.109623
-0.669115
-0.544422
-0.222419
-0.865870
0.640945
0.248707
0.608106
1.426321
-0.753520
1.171797
0.172993
-0.099460
0.266735
0.439830
0.499560
0.058278
-0.711611
-0.235031
0.132395
-1.240553
-0.707596
-1.471850
-1.639221
-1.363381
0.424057
0.630129
-1.192450
0.518943
0.116820
-0.212446
-0.039834
0.691866
1.153575
0.382856
-0.008889
0.078063
0.292845
0.268158
0.549160
0.201055
0.796651
0.141698
0.173534
1.172267
0.280447
0.482191
-0.051287
-0.044357
0.046964
-0.036260
0.702463
0.456058
2.653956
1.382531
2.186181
1.306003
1.357460
-0.248309
-0.218182
-0.778687
-0.888567
-0.595604
-1.200125
-1.351311
-1.603988
-0.868584
-0.839420
-1.223281
-1.325139
-1.800817
-0.859833
-0.404699
-1.909920
-0.292227
-0.122200
0.268337
0.226776
-0.025990
-0.731449
-0.573395
-0.102144
0.050142
0.191977
0.097976
0.336918
-0.251157
-0.995628
-0.130966
0.705364
1.694321
1.358465
0.997524
1.086159
2.091640
0.293071
1.648915
1.974420
0.945017
0.728748
0.115747
0.814971
2.377484
-0.052395
-0.289295
0.199115
-0.099581
-0.464733
-0.253432
0.638137
0.759912
-0.210947
0.593264
-0.972551
-0.562944
-0.249620
-1.463648
-2.250519
-1.487439
-1.095245
-1.493773
-0.526323
0.641839
0.723166
0.468033
1.198552
-0.376026
0.131157
0.927088
-0.295616
0.141229
-0.429333
-1.366026
-0.376931
-1.725969
-0.881656
-0.766205
-1.746760
-1.500374
-0.901156
-1.547950
-1.094928
-2.304362
-0.698183
1.160188
1.234400
1.050946
1.782101
-0.482999
1.250509
0.230662
-0.347494
0.017395
0.256441
0.158844
0.208630
-0.381966
-0.312845
-0.776592
-0.566002
0.011397
-0.960185
-1.081166
-0.275364
-0.480106
-1.634592
-1.807425
-2.105697
-1.098342
0.318641
-0.859647
-0.076950
0.203082
0.930313
0.648444
0.401533
0.636676
1.603878
0.601011
1.452169
1.158137
0.738992
1.190915
0.773103
-0.579119
-0.559016
-0.422910
-1.541558
-0.439281
0.266849
0.124284
1.009823
1.150826
0.243632
-0.288324
-0.143998
0.909840
1.651477
0.454862
1.072746
0.907671
0.121194
-0.036030
-0.501165
0.412180
1.154667
1.261704
1.371022
1.132233
0.933018
-0.084972
0.571620
0.895728
0.948150
1.292295
0.194767
-0.795311
1.263885
0.509127
-0.650214
-2.667130
-1.535973
-0.607292
-0.195194
-0.550186
-1.710865
-0.767963
0.011840
0.677533
-0.196741
-1.410912
0.505966
0.478281
0.387857
0.938141
-0.690748
0.731192
0.741197
1.512000
1.271172
-0.213625
-0.976228
-1.266364
0.000900
-0.405704
-0.714758
-0.474582
-0.998957
1.135195
1.191662
-0.204237
0.246513
-1.023407
0.936211
1.477171
0.915691
0.710130
-0.529373
0.089722
-0.189899
1.100646
-1.215593
-0.666520
-1.273322
-1.620927
-0.802233
-1.278264
0.607672
0.012184
-1.557724
-0.191696
0.869804
0.052385
0.607430
0.107308
-0.827460
0.550820
-1.059193
-0.361723
1.222598
0.375161
1.368846
-0.934801
-1.246192
-0.363483
-0.423398
-0.059305
0.927144
-0.579421
0.887313
2.964491
1.226869
1.035138
-1.324761
-0.967952
0.343749
0.865207
-0.317392
0.888884
0.188874
-0.387978
-0.186152
0.919058
0.374363
-0.098365
-0.270950
-0.588134
0.821749
0.757222
0.266071
1.141979
-0.635189
1.560856
0.803492
-0.565184
0.204825
0.831088
0.199099
-0.220650
-0.662627
1.887050
1.742191
0.783067
-1.016954
0.148099
1.177560
0.009749
0.659490
0.190999
0.105915
-0.221744
0.205181
-0.119712
-0.909624
-0.807336
0.301609
-0.383163
1.101321
0.329660
0.396486
0.016069
-0.574541
-0.541852
0.274704
0.638473
-1.343851
0.637361
-0.210038
0.010736
1.742629
0.471898
-0.260489
0.128789
-1.175920
-0.048608
0.408998
0.120827
-2.248777
-0.818885
-0.748411
-1.509953
-1.980936
-0.733664
-0.950124
0.428498
-0.189305
-1.651395
-0.395559
-0.157299
-0.522648
-0.517091
-0.496568
-0.940450
0.579548
0.529365
0.093892
-0.005557
0.639727
-0.329355
0.589473
0.583062
-0.481424
0.223284
1.670868
0.854519
1.495672
1.653297
0.401649
0.605231
2.089167
0.351467
0.665652
2.139164
1.721337
0.443238
1.992136
0.746070
0.588890
0.887145
-2.164695
-1.283895
-1.379158
-0.242535
-0.780424
-1.696921
-1.278929
-3.475765
-1.440083
-0.805092
-2.536627
-1.791020
-1.128266
-1.100849
-2.229475
1.260526
-0.005745
-1.653689
0.798860
-0.205513
0.035414
-1.109430
-0.756291
0.517044
-0.253475
-0.162424
-1.437684
-0.891424
-0.150399
-0.233638
-0.601741
-0.376760
-0.492496
0.424012
1.792456
1.928389
1.025989
0.416533
0.780227
1.598778
1.254917
0.716067
2.195943
0.173459
1.411141
1.683787
1.056891
-0.329592
-0.065305
0.379576
-0.646227
1.035526
-0.499023
1.131236
0.106665
0.642605
1.238216
-0.728437
1.354398
0.408387
-0.733450
-0.840589
-0.911684
-0.148605
-0.679511
-0.907788
-1.207940
-2.493727
-2.329787
-1.467068
-2.016997
-1.330656
-1.132490
-1.814044
-2.516014
-0.373127
-0.345500
-0.316252
0.570453
-1.123482
-0.736831
-0.370451
-1.458141
0.468416
-2.250454
0.434984
0.798014
-1.110108
0.674869
-0.454520
1.187422
0.803011
-0.485014
0.444598
-0.021028
-0.080683
0.846120
0.610886
-0.014205
0.861001
-0.611734
1.703194
0.452015
-0.354572
0.955282
-0.039772
0.744604
0.073383
0.083474
0.831953
0.261936
0.122223
0.557030
0.336133
0.161945
0.875220
1.496690
1.907156
0.841858
0.891508
-0.000900
0.408710
0.548515
1.177060
0.861350
0.627979
1.311494
0.918027
-0.158256
-0.998301
0.316403
0.480455
-0.740241
-0.469727
-0.272438
0.499830
0.210521
1.437529
0.976341
0.320220
0.205131
-0.805017
1.205368
0.410441
-0.636345
