-0.695824
-0.805508
-0.231146
-1.254792
-0.338146
0.445984
0.638354
1.700553
0.747214
1.713176
2.872458
2.742687
2.005592
1.942550
1.436462
1.468680
0.903161
0.099786
0.162349
0.217383
0.746392
-0.292201
-1.048386
-1.314464
-1.472620
-2.000552
-1.508807
-1.160854
-1.326949
-0.769761
-0.791464
-1.021551
-1.240349
-1.262405
-0.751979
-0.241381
-0.197282
-0.471722
-0.526802
-0.622926
-1.067650
-0.970192
-0.924571
-0.678418
-0.202059
-0.312382
0.487498
0.663899
0.537474
0.321073
0.772164
0.835700
1.815572
1.522396
1.156122
0.098747
0.018667
0.181983
-0.140729
-0.718157
-0.673670
-0.343348
-1.028451
-0.678006
-0.401988
-0.644708
-0.162633
-0.285634
0.107895
0.257297
-0.544949
-0.150786
-0.876299
-0.486561
-0.120950
-0.383681
-0.034233
0.696204
0.541749
0.874061
1.437474
1.662976
1.602466
1.185370
1.224915
1.696609
1.351050
0.650437
0.713896
0.035310
-0.413175
0.142771
0.080539
0.112648
0.231751
0.234181
0.512119
1.282236
1.174623
1.429113
1.848622
2.650481
2.530353
2.967313
1.538674
0.584601
0.298338
-0.562423
-1.158692
-1.226593
-1.599860
-1.373213
-1.394898
-1.937807
-1.091406
-0.900264
-1.597520
-2.219675
-1.717935
-1.162472
-1.498785
-1.988870
-0.659255
-0.213306
-0.168656
0.093429
0.827265
0.880683
0.939754
0.948855
0.861143
1.299914
0.381093
-0.202300
-0.438650
-0.227194
-0.228188
-0.074842
0.370994
-0.557468
0.059778
-0.106019
-0.340113
-0.177602
0.476044
0.363845
-0.720082
-0.724508
0.494325
0.069010
0.468823
-0.454069
-0.115055
0.435634
-0.082888
-0.241814
-0.905196
-1.165423
-1.180693
-0.437966
-0.258570
-0.021445
0.124393
0.268263
0.525180
1.236209
1.013998
1.047883
0.386948
-0.460056
-0.626704
-0.046660
-0.396423
0.168203
-0.016345
-1.226351
-0.812293
0.560269
1.088373
0.860229
0.504258
-1.368369
-0.837075
-1.079201
-0.088353
0.456359
-0.065667
0.046400
-0.127610
-0.275761
0.020959
-0.589170
-0.637175
-0.834815
-0.742350
-0.517286
-0.474037
-0.891820
-1.308012
-0.767996
-1.246387
-1.019419
-0.628029
0.260113
0.532202
1.153159
1.658033
1.378219
0.789855
0.240675
0.370363
0.591362
0.588485
0.418859
0.810963
0.878570
0.848936
0.740343
0.253796
0.191659
-0.715077
-0.860304
-1.204657
-1.745163
-1.614036
-1.330001
-0.986111
-0.504859
0.024932
0.057245
0.014195
0.914637
1.248517
1.178341
0.008054
-0.170648
0.938662
1.068239
0.732131
0.639890
0.507743
1.473569
1.406542
0.195828
-0.069264
-0.447214
-0.117479
-0.837525
0.767830
-0.027386
0.399075
0.273289
-0.403492
-0.453312
-0.575524
-0.562417
-0.563334
-0.108237
0.137702
0.380540
0.506669
1.050265
0.735621
1.053808
1.547090
0.685053
0.565902
0.392719
-1.153270
-0.320933
0.087257
-0.004626
0.405290
-0.417467
-0.002835
0.447818
0.422018
-0.554981
-0.959671
-0.637792
-0.933207
-0.209823
-0.216184
-0.012633
-0.073285
0.207038
0.448337
-0.137207
0.145161
-1.019790
-1.089066
-0.484522
-0.311587
0.171243
0.574829
0.113110
-0.081964
-0.493019
-0.680605
-0.861236
-0.889161
-0.780204
-0.778596
0.413842
-0.090690
-0.741963
-0.509922
-1.825588
-1.725654
-1.707629
-1.005409
-1.181854
-0.848038
-0.120551
-0.257478
-0.099321
0.457116
0.210345
0.691617
0.321494
-0.011223
-0.385082
-1.493680
-1.240659
-0.346141
-0.212548
-0.447614
0.104656
0.506672
1.278345
1.760853
1.875154
1.257221
0.461163
0.750320
0.550814
1.235231
1.230648
1.673448
1.529399
1.985442
1.416554
1.056162
-0.173975
-0.277229
-0.137796
-1.071430
-0.647890
-0.286894
-0.348313
0.598485
0.913164
0.606185
0.168492
0.253710
0.619630
-0.601929
0.526061
0.598479
0.687918
1.204922
0.698606
0.839536
0.617340
0.914511
0.672059
0.207319
0.209500
-0.147449
-0.261476
-1.532770
-1.906141
-0.994373
-0.830925
-0.397111
-0.205727
-0.843903
0.163402
0.957704
0.929695
0.512698
-0.199078
0.170770
0.520240
0.875556
1.465247
0.527625
0.524444
-0.104182
-0.753943
-1.690643
-1.329027
-0.437333
0.431175
1.371830
1.850054
1.888069
1.267889
1.183872
1.281503
1.083933
0.508815
0.812941
0.026499
0.566231
0.520172
1.068328
1.009650
0.764668
-0.190132
-0.043121
-0.211233
-0.787992
-0.747518
-0.320925
-0.748027
-1.397309
-1.291885
-1.287265
-1.458917
-1.728204
-1.848661
-3.100349
-1.359690
-1.007820
-1.481768
-0.736824
-0.574199
-0.734971
-1.316898
-1.587326
-1.371338
-1.085072
-1.146151
-0.391081
-0.850041
0.321005
2.069783
1.402463
-0.028831
-0.512134
-0.897498
-0.789051
-0.345319
0.184318
0.198816
0.338929
1.349597
0.855380
0.809828
0.976345
0.791246
-0.111904
0.509366
0.081289
-0.473363
-0.396953
0.044914
-0.534592
-0.216864
-0.384067
0.138202
-0.867955
-1.396508
-1.190984
-0.265560
1.214299
1.864421
1.946767
2.617908
2.157782
1.310645
1.243842
0.640900
0.596548
-0.451876
-0.472521
-0.476276
-1.335054
-1.105933
-0.420456
-0.309372
-1.279810
-1.331891
-0.528853
-0.675227
-1.286833
-1.182826
-1.401352
-1.312749
-1.060399
-0.591571
-0.481403
0.002480
0.670825
0.733725
1.441681
1.254087
0.957073
-0.535606
-0.804694
-0.461347
-0.143190
0.096357
0.807908
0.445428
0.853878
1.079614
0.337282
0.234106
-0.050154
0.855810
0.404281
0.872365
0.689224
1.471828
1.453288
1.041885
-0.386134
0.459327
-0.458505
-1.420054
-1.673481
-1.264217
-0.832589
-0.345548
0.154439
0.600116
0.952566
0.019792
0.841089
0.634066
-0.469187
0.485009
0.481905
0.120044
0.394702
0.582629
0.715576
0.516010
0.827176
0.569769
1.427834
2.169961
1.521477
1.909098
1.797645
1.984406
1.497389
0.914853
0.899636
0.822191
1.273599
1.059248
0.805805
0.572545
0.464478
-0.522529
-0.957860
-0.807947
-0.718651
-0.717570
-0.048346
-0.107280
-0.338784
-0.270289
-0.246543
-0.268599
-0.410995
-1.758853
-1.517345
-2.078541
-2.985182
-2.159572
-3.085197
-2.980765
-3.675626
-3.844957
-3.803191
-2.438107
-1.967076
-1.659550
-1.279966
-0.778344
-0.389812
0.469891
0.441058
0.440501
0.379217
-1.008619
-0.514237
-0.361451
-0.157396
-0.197590
-0.746601
-0.341613
0.632272
-0.294524
0.072971
0.340930
-0.267927
-0.397332
-0.269294
0.760456
1.164192
0.863387
1.191395
0.664974
0.855707
0.668636
0.345998
0.677388
0.056734
-0.211128
0.835899
1.002753
0.461031
1.429799
1.031242
0.628648
0.859300
0.737206
0.461857
0.104986
-0.299257
-1.115692
-0.644635
-0.282365
0.306216
0.450836
0.981349
1.635541
1.522108
1.355263
1.335302
0.939292
0.765699
0.740830
0.051198
0.316015
0.716433
0.621815
0.325277
0.794446
0.750547
0.783923
1.592787
0.988117
0.560777
0.515252
0.639992
0.600269
0.621681
0.643664
0.528442
-0.273363
-1.038068
-1.511596
-1.513375
-1.927923
-2.424480
-1.807351
-0.872456
-0.380938
-0.036123
-0.029605
-0.098630
0.097125
0.115812
-0.016681
-0.183157
-0.548014
-1.056899
0.114000
-0.122748
-0.183965
-0.454681
-0.660804
0.116592
0.915304
1.152276
1.660876
1.442505
0.709721
-0.198499
-0.982521
-1.191365
-1.508329
-0.842545
-1.455624
-0.764937
-1.437486
-1.367762
-1.408603
-0.986144
-0.416940
-0.551876
-0.462878
0.418978
1.363249
1.320204
0.517364
-0.263069
0.299010
-0.286840
-0.480312
-0.619349
-0.432816
-0.171104
-0.149113
0.240028
0.030031
-0.238320
0.002998
0.709409
0.011946
-0.473352
0.686559
0.307302
-0.797077
0.186574
0.257613
1.372940
1.229686
0.480446
0.222117
0.197903
0.106546
-0.062808
0.356004
0.104317
-1.333766
-0.384764
-0.548220
-1.715586
-2.054142
-1.974471
-0.415593
-0.792761
-1.151716
-0.658624
-0.027695
0.782617
1.031512
0.937125
1.046210
1.365970
1.107983
1.041706
1.001810
0.422620
0.527390
0.763530
0.071456
1.161069
0.518070
1.023962
0.356252
1.013369
0.138131
-0.248772
-0.970517
-0.060356
1.407141
1.132980
0.970097
-0.191613
-0.781559
-1.754406
-2.068495
-1.856476
-1.408112
-1.889696
-1.323030
-1.468912
-0.818506
-0.620059
-0.985602
-0.448396
-0.706862
0.744179
0.906201
1.034002
1.132743
1.908373
1.708940
2.113529
1.366239
0.715400
0.201269
-0.284071
-1.612511
-2.065274
-1.984724
-0.730176
-0.442627
-0.431136
-0.796301
-1.210500
-0.614268
-0.255814
-0.463831
0.028320
1.100351
0.628869
1.149664
0.741930
-0.150113
0.176539
-0.417382
-1.181575
-1.096288
-0.834414
-0.909284
-0.908133
-1.465450
-0.720957
-2.051371
-1.861713
-1.415870
-1.593763
-1.213141
-0.251319
-1.217144
-0.525626
0.558838
0.531114
0.737128
-0.107217
-0.784727
-0.191322
0.134686
0.379611
0.813028
0.736447
1.210283
0.732269
0.591155
0.562160
0.306307
0.013076
1.026529
1.364223
1.554577
1.337900
2.171109
2.039650
2.374494
2.328548
1.718273
1.609054
1.291918
1.907817
1.642649
1.916266
1.360007
1.010657
0.686439
0.727887
0.962749
-0.070680
-0.051890
-0.199980
-0.111826
-0.467252
-0.331318
0.314378
0.331178
0.013459
-0.140155
0.089193
0.630928
-1.173565
-1.920512
-1.361338
-2.611938
-2.953459
-2.130110
-1.287310
-0.112760
0.087091
0.890218
0.963977
0.738975
0.501482
0.226373
0.168542
0.681813
0.430418
0.174660
0.810316
0.511324
0.183658
0.269523
-0.342551
-0.557972
-1.049922
-0.818830
-0.928018
-0.613126
-1.071468
-0.266313
-0.720680
-0.177823
0.742520
0.632001
0.080687
-0.621868
-1.321465
-1.342371
-1.175432
-1.182823
-1.751703
-1.975822
-0.784504
-0.671243
-0.176372
-0.862058
-0.958372
-0.823464
-0.822534
-0.998025
-0.128285
-0.185141
0.054153
-0.044210
-0.341712
0.679254
0.319382
1.326911
1.053356
1.665436
1.214832
0.051774
-0.315742
-0.684416
-0.322188
-0.330128
0.195359
0.704842
0.930167
1.409819
1.328264
1.574919
1.625393
0.627977
1.653692
1.055183
1.323348
1.872506
1.346103
0.899596
1.083054
1.012905
0.649641
0.801467
0.982948
0.600262
0.281993
0.204802
0.428634
0.899551
0.014869
0.148332
-0.596069
-0.395877
-0.185593
-0.797630
-1.543767
-1.084276
-0.993280
-1.003922
-0.517085
-0.289174
0.659513
0.555324
0.148000
-0.318978
-0.458931
-0.133129
0.057008
-0.260964
-0.002648
-0.196704
-0.767659
0.474750
0.546727
-0.016599
-0.562936
-1.280889
-2.036534
-1.827437
-1.759164
-1.874692
-1.975883
-0.842860
-0.296610
-0.276043
0.131158
0.500986
0.281799
0.804821
0.708393
0.305869
0.510261
1.041452
1.315037
0.858757
0.226507
0.972297
0.944671
1.092784
0.880241
-0.249052
-0.061155
0.509360
0.447176
-0.372063
-1.535851
-1.680842
-1.032529
-1.474421
-1.331241
-0.946160
