-0.475103
-0.475488
0.282353
0.501917
-0.086740
-0.782304
-0.708628
-0.504059
-1.581869
-0.855723
-0.727194
-0.536187
-0.678371
-0.253398
-0.304802
-0.106429
0.003209
-0.191644
0.334566
0.856400
0.831609
0.741334
0.296705
-0.018324
0.029314
-0.489683
0.202192
-0.378019
-0.503458
-0.139624
-0.928054
-1.224373
-1.686933
-1.891377
-1.757750
-0.571845
-0.143164
0.119239
0.633138
0.269354
0.490646
0.943291
1.172564
1.553545
1.860137
2.231833
2.692631
2.174224
1.595649
0.851882
1.420819
0.623530
0.285679
-0.338303
-0.848525
-2.002450
-2.345892
-2.396510
-2.571592
-2.204816
-1.213156
-0.567715
-0.952211
-0.374507
-0.033332
0.339269
1.114591
1.207266
1.058748
0.511032
-0.543104
-0.884653
-1.384766
-1.174540
-1.154118
-1.075676
-0.880447
-0.732828
-0.008287
0.654995
1.599174
2.085355
1.455045
0.544882
1.338982
1.915794
1.917245
1.905327
0.797760
0.235777
-0.327438
-1.204734
-2.200183
-2.650586
-1.690814
-0.172789
0.356327
1.079364
1.469591
1.133701
1.653303
2.402376
1.642582
1.617480
0.644699
0.614724
0.171987
-0.267097
0.274206
0.696993
0.969715
0.881422
0.093062
-0.735754
-0.039724
-0.253874
-0.463857
-0.879180
-0.548202
-0.173189
-0.162295
-0.566068
-0.529276
-0.921540
-0.859703
-0.560571
-0.041053
0.872025
1.304007
1.123171
1.217868
1.751514
0.881293
0.024683
0.121164
0.177937
-0.093341
-0.239900
-0.275666
-0.660867
-0.812407
-1.321104
-0.658239
-0.338591
0.486078
0.686189
0.184268
-0.014726
0.793211
0.354784
0.765098
0.411450
0.779092
1.227176
1.196262
0.872270
0.616756
0.030607
-0.274115
-0.229380
-0.567952
-0.842948
-1.386389
-0.404563
-1.729685
-1.531821
-1.416546
-1.198801
-0.878885
-0.919567
-0.982869
-0.028632
0.075230
0.830467
0.293798
-0.433542
0.576319
0.947687
0.708787
0.242114
-0.062450
-0.467655
-0.325863
-0.513620
-0.279779
0.082818
-0.232375
-0.540133
-0.502048
-0.247111
-0.668613
-0.982665
-1.023808
-1.180607
-1.095668
-1.199741
-1.065664
-0.560718
-0.708563
-0.819227
-0.926681
-0.833696
-0.586047
-0.242898
0.173840
-0.074884
0.229837
0.842536
0.922643
0.294839
0.320628
1.091551
1.074814
1.030662
1.931194
2.092445
2.259786
1.500562
1.309373
0.772837
-0.354513
-0.325069
0.152326
0.567407
1.425757
1.834271
1.367335
1.679710
2.121373
1.406162
0.610971
0.401535
0.101904
0.314882
-0.645002
-0.875758
-0.831465
-1.391845
-0.900508
-0.589050
0.153779
0.191519
-0.234367
-0.281219
-0.317708
-0.145602
0.488563
-0.189792
0.266714
-0.319323
-1.197055
-2.821685
-4.045218
-3.983997
-3.061060
-1.901633
-1.407599
-0.356856
0.136991
0.233996
0.540010
0.989471
1.109517
1.458262
1.011658
0.578741
0.007915
-0.040957
-0.929074
-0.246382
0.086621
-0.544222
-0.299367
-0.117590
0.423389
0.409356
0.287822
0.154861
0.579212
0.830584
-0.173296
-0.531558
0.319839
0.483197
0.901133
0.743943
0.574546
0.947277
1.087515
0.245018
-0.955186
-1.231761
-1.459042
-0.588121
0.606709
1.364159
1.205941
0.571268
0.134264
-0.402805
-0.153371
-0.252174
-0.240046
-0.122203
-0.532430
-0.602511
-0.059327
-0.783675
-0.500874
0.105353
0.701066
1.129769
1.127753
1.262116
0.855840
0.700634
0.778896
0.397348
0.204203
0.070773
-0.392077
-0.514166
-0.570437
-0.264332
0.188033
0.197219
-0.094159
0.464604
0.513013
0.491883
0.036439
0.332750
1.157420
0.685456
0.933419
0.877498
-0.102558
-0.106317
0.538232
0.317897
-0.089536
-1.032867
-2.287190
-2.831974
-2.242942
-1.841924
-1.360245
-0.622141
0.530580
1.152246
1.842824
1.541851
0.904762
0.438193
-0.038380
0.935711
0.297369
0.468150
0.428959
0.778251
0.532046
0.208137
0.993988
0.929999
1.177577
0.302956
-1.121197
-1.400750
-1.989261
-2.378464
-2.315620
-1.675791
-0.522816
-0.103824
0.244815
0.405388
0.448221
0.914309
1.001332
0.510675
0.184898
0.360928
1.212461
1.710758
0.860594
0.860362
0.763370
0.945256
0.418900
-0.519160
-1.760548
-2.134160
-1.886803
-1.536313
-1.802361
-1.510428
-1.382501
-1.416226
-0.529984
-0.530490
0.072709
0.348206
1.260700
0.809216
1.146139
0.909390
1.176249
0.855786
0.644041
0.153040
0.488845
0.535424
0.137562
-0.024589
-0.167606
-0.336963
-0.855091
-0.494501
-0.404672
-0.165545
0.380556
0.455488
0.504170
0.702592
0.218798
-0.456684
0.234826
0.463190
0.232778
-0.534835
-0.943027
-0.566865
-0.326670
-0.930447
-0.406105
-0.476005
0.204970
1.463808
1.196039
0.382116
0.363824
0.409673
0.030911
-0.269984
-0.513022
-0.866643
-1.133450
-0.696957
-1.392703
-1.331536
-1.390232
-1.651449
-1.431582
-0.450713
-0.604694
-0.380417
-0.235362
-0.150669
-0.414433
0.419654
1.153501
1.576446
1.423403
0.794381
0.572272
0.388693
0.455556
0.243304
0.409551
0.761024
0.672149
0.539991
0.952882
0.926055
1.079629
0.871938
1.138148
1.523922
1.394956
1.403653
1.403259
1.677157
0.574574
-0.417933
-0.709060
-1.123055
-0.775301
-0.684581
-0.776053
0.260815
0.093290
0.379238
0.568190
0.386210
0.567071
0.152763
0.642057
0.687166
0.334154
0.430553
0.507335
0.308705
1.031948
0.855719
0.389166
-0.585553
-0.268704
0.292900
-0.391156
-0.821491
-0.784125
-0.506941
-1.355768
-1.536313
-1.111261
-0.377981
-0.384178
-0.443884
-0.095504
0.585361
0.026109
-0.205303
-0.511740
-0.663574
-0.856006
-0.838242
-0.148615
0.143560
0.436257
-0.421993
-0.791335
-1.536420
-1.794465
-1.578050
-1.675557
-1.689262
-1.564444
-1.603794
-1.009062
-0.409313
0.141645
0.785329
0.813470
0.563761
0.404574
0.523574
0.342535
0.664172
0.450951
0.344145
0.037785
-0.497150
-0.306058
0.201009
0.184883
-0.205460
0.198859
0.055949
0.360163
0.477712
0.454164
0.184531
-0.221765
-0.454657
-0.078272
-0.113465
-0.070573
0.099489
0.059664
-0.490385
-0.589848
-0.851186
-0.754489
0.008724
-0.651926
-0.356470
-0.836839
-0.782162
-0.916255
-0.470452
-0.449633
-0.287005
-0.072411
0.330045
0.177428
0.312696
0.095480
-0.096742
-0.632694
-1.504135
-1.091367
-0.872873
0.063312
0.985530
1.028152
1.548467
1.890428
1.911580
1.377964
0.554797
0.802708
0.300504
-0.180627
-0.092297
-0.257585
-0.056384
0.958038
1.105141
0.892473
1.602842
1.763221
2.214042
2.559772
1.881483
1.609580
1.547371
1.667502
1.976380
2.040235
2.190284
1.895667
1.324257
1.195144
0.411290
-0.112011
-0.889259
-1.078160
-1.259515
-1.255243
-1.240641
-0.791071
-0.159519
0.317312
0.755734
1.031512
1.367947
1.223765
1.581473
1.286364
1.222242
0.785434
0.145153
0.203077
0.767053
0.455098
0.955569
0.964972
-0.013091
-0.569758
-0.795267
-0.413421
-1.302658
-2.052055
-1.951685
-1.580351
-1.180614
-0.465464
-0.778623
-0.783813
-0.367576
-0.203189
-0.261383
-0.258123
-0.602145
-0.595256
-0.767270
-1.101616
-1.132806
-1.212455
-1.136574
-0.809032
-0.925536
-1.063399
-0.963193
-1.239716
-1.091040
-1.411658
-1.204402
-1.127648
-0.856124
-0.745866
-0.522197
0.069264
0.050718
-0.418296
-0.781829
-0.764959
-0.840383
-1.556057
-2.053427
-1.404636
-1.954500
-1.424275
-0.798206
-0.059159
0.597660
0.409998
0.574388
0.545056
1.421745
1.965319
2.000508
1.641732
1.321214
0.944708
0.775182
0.630604
0.118739
0.435588
0.466230
1.470043
0.914240
0.409252
0.601786
0.611323
0.231006
-0.082859
0.024510
-0.494531
-0.558152
0.166281
0.412702
0.963794
1.337292
2.048998
1.822708
1.222138
0.767303
-0.416383
-0.355998
-0.485462
-0.784983
-0.589077
-0.151475
-0.349126
-0.553444
-0.959391
0.028895
-0.085114
0.190340
-0.070069
0.829141
0.741146
0.767932
0.973644
0.310506
0.287834
-0.016962
-0.166299
-0.197223
-0.003822
-1.167012
-1.356887
-1.254249
-0.541491
-0.387835
-0.268632
-0.058258
0.769257
0.621247
0.587033
0.577526
0.926144
1.271392
0.293883
-0.524368
-1.192288
-1.109882
-0.977779
-0.864578
-0.873477
-0.032614
0.334007
0.711072
0.415887
0.180508
-0.412959
-1.180481
-1.523228
-1.507304
-0.969396
-1.513898
-1.211986
-0.265388
-0.000074
-0.083112
0.440503
0.395638
-0.147198
-0.283964
-0.029790
-0.658894
-0.831310
-0.483897
-0.585649
-0.537948
-0.352979
0.214931
0.439657
0.738742
0.276526
0.025324
-0.031497
-0.012410
-0.596290
-0.842969
-1.396133
-1.855565
-1.680833
-1.205563
-1.360965
-1.102814
-0.400608
0.292405
1.062198
0.606879
0.651234
-0.169451
0.070228
0.048847
0.403047
0.351522
0.577748
0.378926
1.046387
1.541612
1.051263
1.021188
0.115268
-0.445836
-1.012862
-1.021444
-0.331238
0.490143
0.434542
1.106328
1.373706
2.118127
2.381160
2.644328
2.412870
2.301495
1.427941
0.727475
-0.014735
-0.279316
-0.577108
-0.779202
-0.150183
0.220354
0.510690
0.911746
0.737661
-0.236072
0.565432
1.152162
0.953387
0.585288
0.615671
0.437399
-0.709579
-0.591983
-0.519895
-0.526364
-0.244480
0.429719
0.783840
0.516276
0.348870
-0.560394
-0.573040
-0.997965
-2.020996
-2.838170
-2.847257
-2.365875
-1.586853
-0.517177
-0.297187
0.684198
1.038070
1.415477
0.803917
0.714346
0.894059
0.856576
1.208850
1.158559
0.490075
0.762434
0.220993
0.346680
-0.577939
-0.521922
-0.282119
-0.182862
-0.392830
-0.482817
-0.298226
0.051357
0.078798
0.072566
-0.398700
-0.250978
0.321128
0.126553
0.226180
-0.143848
0.144287
0.231136
0.086717
-0.220477
-0.307162
-0.869121
0.032840
0.606042
0.538847
-0.695618
-1.925105
-2.475759
-2.851288
-2.628004
-1.708373
-1.364325
-0.791747
-0.212974
-0.152245
1.265813
0.970641
0.944118
0.332572
-0.319569
-0.699908
-0.347573
-0.263727
-0.395911
0.105507
-0.467293
-0.507564
-0.277817
-0.481902
-0.461208
-0.329109
0.064892
1.249629
1.116201
2.052495
1.463003
1.509076
1.785800
1.361410
1.471902
1.330120
0.881827
0.660875
0.500476
-0.603406
-0.816902
-0.409506
0.091657
0.474206
1.141787
0.785286
0.599017
0.180203
0.840867
1.404043
1.468388
0.472837
0.387386
0.745269
1.107479
1.037187
-0.017774
0.299803
0.033477
-0.402757
-0.491944
-1.282419
-0.923755
0.554709
1.903216
2.295959
1.955923
0.817258
1.549599
1.511860
0.856250
0.214573
0.566492
0.417999
0.019634
-0.116134
0.079449
0.071564
-0.889641
-1.119157
-0.906909
-1.139042
-0.742469
-1.366666
-1.693944
-2.360925
-2.977748
-3.025284
-2.401442
-1.393747
-1.574503
-1.130669
-0.226826
0.039040
0.655177
0.086584
0.196105
0.058069
0.328864
-0.571571
-1.152143
-0.605026
-0.630773
-0.552311
-1.486440
-1.369002
-0.282494
