-0.828558
-0.344466
-0.102047
0.611685
1.474948
1.846666
1.412198
0.700472
0.521572
0.351776
-0.123309
0.083586
0.198437
-0.110333
0.070424
0.134933
0.205498
0.311578
0.244942
0.374013
0.353277
0.012048
-0.783392
-1.051507
-0.984717
-1.208775
-1.432713
-0.941755
-0.193056
0.277607
0.635861
1.180772
0.855315
1.097961
0.902378
0.791005
0.189626
-0.522731
-1.218383
-1.699664
-1.798459
-1.576591
-1.701000
-1.146178
-0.811853
-1.043366
-0.800281
-0.845729
-1.153100
-0.746940
-0.663498
-0.356131
0.172080
-0.402495
-0.410548
0.229737
0.767668
0.451882
-0.028618
-0.371422
-0.231276
-0.016218
-0.207023
-0.444859
-0.917463
-0.769120
0.306451
0.473720
-0.339745
-0.748118
-0.488548
-0.220259
-0.081909
-0.407980
-0.498922
-0.385983
-0.019963
0.053415
-0.103313
0.053818
0.405102
0.266063
0.163701
-0.179127
0.061783
-0.012714
-0.460994
-0.470602
-0.136701
0.215094
0.467751
0.450331
0.392619
0.578355
0.560797
0.569002
0.343835
0.604048
0.871542
0.852351
0.819135
0.151604
-0.494092
0.045552
-0.049142
-0.901937
-1.179953
-1.001895
-0.286959
-0.020854
0.160274
0.262528
0.346111
0.825316
0.881992
0.797109
0.563100
-0.009143
-0.157817
-0.001228
0.394877
1.251204
1.613779
1.184287
0.221201
0.231657
1.038191
1.509263
1.297677
0.485120
-0.208552
-0.283504
0.049407
-0.082096
-0.417043
-0.311921
0.142311
0.680475
-0.132378
-1.159773
-1.728102
-1.571010
-0.868101
-0.296016
-0.228802
-0.005741
-0.079711
0.023980
0.456460
0.352232
-0.074869
0.307535
0.345528
0.524471
0.851791
0.760322
1.021437
0.789677
0.513206
0.624615
1.354386
1.481173
1.156905
0.845180
0.559536
0.040306
-0.866439
-1.276044
-0.741064
-0.451237
0.409951
1.108908
0.977148
1.238999
2.138560
2.635362
2.895560
3.081032
2.717319
2.310261
2.279649
1.979455
1.699384
1.227336
0.915606
0.663853
0.403866
-0.096968
0.005948
-0.047584
-0.108709
-0.133481
0.024688
0.127841
-0.102244
0.099915
-0.001730
-0.446487
-0.510637
-0.464611
-0.846495
-1.114005
-1.261852
-0.939280
-0.227481
0.068552
-0.441202
-1.165716
-1.425308
-1.360798
-1.389694
-1.621061
-1.638547
-1.307409
-0.579812
-0.220240
0.020605
-0.099766
-0.424755
0.085010
1.003100
1.124607
0.539586
-0.174134
-0.458665
-0.245962
-0.033454
-0.274319
-0.534271
-0.601432
-0.563947
-0.645535
-1.229229
-2.062721
-1.504895
-0.050586
0.360736
0.216343
0.061356
0.023782
0.067997
-0.653726
-1.610231
-2.261445
-2.338977
-2.080699
-1.691935
-1.976470
-2.883424
-3.060212
-2.873529
-2.438593
-2.310364
-2.256050
-1.636254
-0.615805
0.044326
-0.114541
-0.291479
-0.624795
-1.261102
-0.613949
-0.096518
-0.700063
-0.199507
0.461561
0.807687
1.182123
0.925721
1.157856
1.685965
1.990114
1.331918
0.563919
0.450004
0.696655
0.887023
0.967670
0.966740
0.465356
0.481900
0.304592
0.317586
0.300553
-0.096998
-0.188310
-0.300426
-0.429192
-0.512816
-0.382669
0.019471
0.884442
1.018752
0.928400
0.549348
0.680021
1.114798
1.105493
1.117868
1.405401
2.100789
2.887536
2.820645
2.208078
2.087761
2.061126
2.025899
1.404902
0.539937
0.672747
1.233274
0.879653
-0.806999
-1.957961
-1.412196
-0.894522
-1.499022
-1.933927
-1.601934
-0.951317
0.026158
0.071429
-0.298357
-0.721519
-1.081789
-0.951633
-0.438059
-0.565001
0.020051
0.483219
0.825853
0.187316
-0.856587
-1.071317
-0.840210
-1.090453
-1.109572
-0.527441
-0.259054
-0.267968
-0.398652
-0.908743
-1.298641
-0.940110
-0.440636
0.189846
0.699531
0.336314
-0.230215
0.157688
0.481472
0.121173
0.251560
0.946850
1.022071
0.672920
1.063751
0.423381
-0.315720
-0.138990
-0.389411
-0.287517
0.334485
0.757946
1.489991
1.992059
1.371892
0.594052
0.491177
0.406735
0.785389
1.294337
1.383484
0.798935
0.372150
0.452285
0.602480
0.374970
0.311023
0.810810
1.226858
0.469503
-0.931170
-1.376275
-0.709250
0.104584
0.482340
0.091603
-0.035556
0.040340
0.431286
0.968465
0.763417
0.603843
1.038498
1.538558
1.346851
0.875703
0.559767
0.670087
0.205691
-0.704969
-1.170145
-1.667568
-1.361204
-0.785966
-0.674489
-0.684896
-0.380494
-0.611892
-0.935210
-0.695540
-0.760420
-0.665292
-0.998334
-0.738257
-0.665545
-0.817214
-0.890126
-0.851540
-0.472673
-0.372754
-0.871921
-1.120554
-1.139628
-1.234702
-1.077149
-0.529826
-0.042202
0.179243
0.405055
0.721885
0.405856
0.451891
0.663989
0.796983
0.344906
0.093215
0.816906
1.076872
0.418639
-0.619792
-0.718828
-0.848111
-1.395657
-2.024419
-2.386022
-1.898071
-1.446559
-0.876579
-0.630462
-0.917340
-0.721380
0.622101
1.482963
0.913728
0.451685
1.036545
1.730558
1.944709
1.725428
1.246756
0.566406
0.350999
0.574963
0.575733
0.504169
-0.504229
-1.180445
-1.111540
-0.619927
-0.139613
-0.620091
-0.805941
-0.404645
-0.340517
-0.675226
-0.785623
-0.756626
-1.052506
-1.190915
-1.271623
-1.418873
-0.927786
-0.465725
-0.104113
0.165967
0.016613
-0.838890
-1.393829
-1.473208
-0.747684
-0.312270
-0.104368
-0.263497
-0.584359
-0.852845
-1.564735
-1.631905
-1.208316
-0.488049
-0.288615
-0.223513
0.306594
0.873053
0.920431
-0.228985
-0.452495
0.279753
0.810679
0.006348
-1.328016
-1.336412
-0.417711
-0.315466
-0.513650
-0.784327
-0.310669
0.135406
0.210828
0.257382
0.173759
0.128877
0.814654
0.785872
0.630223
0.953766
1.274519
1.763984
1.923366
1.680405
2.066805
2.299225
1.485704
1.043961
1.487814
1.309047
0.621903
0.018316
-0.355338
-0.261543
-0.501731
-1.469057
-1.182585
0.013262
1.247129
1.482661
1.194355
1.275602
1.509730
1.112427
0.648250
0.325599
0.510625
1.123648
1.568137
1.289380
0.782227
0.533338
0.977874
0.864765
0.486930
0.591096
1.120423
0.421035
-0.341218
-0.192633
0.147307
0.317328
-0.180975
-0.014132
-0.070558
-0.192809
-0.395563
-0.942288
-1.126978
-0.589603
0.251980
0.277343
-0.112744
-0.056716
0.176507
-0.025803
-1.277034
-1.636311
-1.024047
-0.754710
-0.894350
-1.227823
-0.524720
0.187344
0.469732
-0.076846
-0.900625
-0.954888
-0.808471
-0.671826
-0.969276
-0.698489
-0.263921
0.159988
0.780960
1.189676
1.532420
1.530523
0.964576
0.446426
0.142408
0.505386
0.605177
0.688983
0.412609
0.088298
0.032576
0.141758
-0.339628
-0.985421
-1.094786
-1.135229
-1.072598
-1.276847
-1.473718
-1.372085
-0.807781
-0.373251
-0.344425
0.173987
0.488861
0.287989
-0.236735
-0.424381
-0.845035
-1.065734
-0.582535
-0.195211
-0.178303
-0.416755
-0.246906
-0.007069
0.103508
0.485299
0.483723
0.075228
-0.389432
-0.722352
-0.803328
-1.052291
-1.105823
-0.844626
-0.843725
-0.909469
-0.667745
0.026779
0.784413
1.108073
0.907484
0.116264
0.114031
0.358021
0.675368
0.785202
0.285365
0.305258
0.156879
-0.224673
-0.866371
-1.341273
-1.388617
-0.731210
0.259064
0.678113
1.162883
1.175371
1.118238
1.089934
0.454432
0.120721
0.544050
0.496873
0.146135
0.293225
0.494540
0.632391
1.051359
0.830114
0.419074
0.119396
-0.223692
-0.240838
0.610269
1.266931
1.554756
0.453315
-0.352621
-0.418105
-0.216642
0.021922
-0.512962
0.001432
0.532211
0.338786
0.188152
-0.278194
-0.390694
0.297957
0.278125
-0.494166
-0.444543
-0.110503
0.315487
0.808091
0.817973
0.428665
0.855110
0.909810
0.722003
0.055338
-0.525781
-1.075009
-1.206784
-0.843754
0.455496
1.040294
0.445532
0.102155
0.126115
0.208355
0.347886
0.718642
0.971282
1.315037
1.471656
1.497754
1.275906
0.833513
0.354106
-0.587888
-1.276830
-1.232015
-1.519489
-1.660942
-1.420454
-0.797584
-0.230584
0.187174
0.725631
1.023063
0.530187
0.399976
0.680404
1.003170
1.622945
1.540853
1.298586
1.213082
0.934005
0.583611
0.120575
-0.397764
-0.702198
-0.487492
-0.634485
-0.607377
-0.663371
-0.505835
-0.002465
-0.209001
-0.364989
-0.468055
-0.386190
-1.125024
-1.455554
-2.011680
-2.530571
-1.595506
-1.651225
-2.025122
-1.788258
-1.871572
-1.230382
-0.931527
-1.994483
-2.837260
-2.533801
-2.129130
-1.850809
-1.581214
-1.234303
-0.843455
-1.064531
-1.395501
-1.494538
-1.729504
-1.495077
-0.821225
0.048897
0.976341
1.543459
1.099590
0.644506
0.959200
1.337720
1.069669
0.104130
-0.260559
-0.662526
-0.712978
0.026842
0.397349
-0.203832
-0.490871
-0.120105
-0.829612
-1.291861
-1.140609
-0.285068
0.335769
0.473451
0.852452
1.334958
1.734302
1.660844
1.436781
1.794909
1.738164
1.402674
1.085613
0.891312
1.290445
1.336062
0.800189
0.214513
0.130399
0.141379
-0.471269
-1.305362
-1.724856
-1.694479
-1.159323
-0.771396
-0.638908
-0.315348
-0.261110
-0.732507
-0.861765
-0.445175
0.304888
1.138702
1.507987
1.728496
1.892517
1.819026
1.081226
0.253523
-0.286371
-0.564427
-0.915829
-1.243073
-1.294537
-1.250425
-2.198350
-2.125833
-1.814085
-1.436949
-1.369044
-1.693481
-2.271054
-2.004997
-1.329225
-0.670758
-0.010094
-0.110869
-0.153234
-0.233852
0.455966
1.210366
1.462235
1.779217
2.057825
2.180536
2.478153
2.421171
1.342976
0.335254
0.504442
0.420625
0.199321
0.208355
0.635068
0.931677
0.400979
-0.184428
0.269369
0.620842
0.963311
0.881268
0.550478
0.360032
0.693998
0.778189
0.906441
0.784880
0.686661
0.344753
-0.008232
-0.304136
-0.460406
-0.403334
-0.875634
-2.170879
-2.624272
-1.732471
-1.410659
-0.891978
0.755546
1.532772
1.489699
2.101862
2.130573
1.808845
1.796545
1.813736
1.551120
1.716357
2.223152
2.390482
2.029597
1.965064
2.066660
1.834341
1.488084
0.855527
1.168955
0.787046
0.626438
0.728925
0.905691
0.837223
0.633030
0.697160
0.947750
0.818151
0.503305
-0.320796
-0.673703
-0.239671
-0.138175
-0.295138
-0.201153
-0.440072
-0.855139
-0.866216
-0.765351
-0.526252
-0.397270
-0.868279
-1.256205
-1.184685
-0.981717
-0.997949
-0.824185
-0.344851
-0.318709
0.088048
0.272449
0.533543
1.124826
0.774454
0.145047
0.012941
-0.329478
-0.791498
-0.911121
-0.418226
-0.465177
-1.344493
-1.279913
-0.835645
-0.299792
-0.365643
-0.209313
0.273676
-0.083804
-0.631351
-0.597087
-0.651880
-0.584738
-0.315753
-0.057767
-0.891819
-1.354226
-1.147772
-0.851232
-1.138871
-1.790081
-1.278680
-0.833908
-0.220547
-0.172194
-0.031227
0.136565
0.383229
0.279692
-0.202368
-0.684203
-0.758402
-0.778740
-1.080840
-1.523897
-1.265257
-0.628451
-0.443784
0.008365
0.646014
0.758086
0.702886
0.926642
1.771663
2.217025
1.992284
1.342592
0.529204
0.038189
0.242201
