-0.407301
-0.123137
-0.269486
0.050150
0.324859
0.690396
1.027930
1.475798
1.109609
0.177505
0.095625
0.874339
1.368406
1.833751
1.824017
1.695787
1.952052
1.670094
1.606569
1.158333
0.947281
0.802332
0.399793
0.324751
0.388435
0.170482
-0.242649
0.049173
0.215156
-0.085942
-0.114096
-0.151669
-0.472749
-0.232902
0.150091
0.039945
-0.744343
-1.254248
-1.747779
-2.223572
-2.131605
-1.911216
-1.648182
-0.717053
-0.004030
-0.424571
-0.378655
-0.423236
-0.725656
-0.900266
-1.009107
-0.898312
-0.762479
-1.328850
-1.145139
-0.514305
-0.366186
-0.485259
-0.768659
-0.723523
-0.394432
-0.377839
-0.568674
-0.803809
-1.078505
-1.124698
-0.448226
-0.283229
-0.511801
-0.723509
-0.468091
0.180235
0.700999
0.380227
-0.094073
0.016713
-0.002858
0.262564
-0.085536
-0.314639
-0.541231
-0.486928
-0.203184
0.034455
0.463317
0.774395
0.719712
0.518678
0.272275
0.429410
0.484705
0.274181
0.219397
-0.173257
-0.192312
0.008280
0.363151
0.811887
0.309638
-0.285869
-0.130508
0.361629
0.105065
0.060491
0.159231
-0.297775
-0.571408
-0.589231
-0.268432
-0.194425
0.371058
1.048036
1.131860
1.798083
1.853677
1.195685
0.198685
-0.367226
-0.129834
0.025603
-0.157940
0.109029
0.273901
0.235834
-0.330138
0.062420
0.664719
0.747340
0.347062
-0.265609
-0.568340
-0.450254
0.070688
0.709983
0.957205
0.674334
0.545060
0.883170
0.657012
0.218549
-0.148253
-0.568086
-0.448840
-0.075611
0.373540
0.592348
0.517963
0.236437
-0.291904
-0.776454
-0.623317
0.325730
0.555525
0.536695
0.856861
0.957847
0.829811
0.409942
0.135992
0.436906
0.967553
1.286302
0.390599
0.080233
-0.010170
-0.520399
-1.222793
-0.858154
0.055347
0.338712
0.419776
0.729511
0.600263
0.664591
1.360874
1.663073
2.301489
2.484421
1.743468
1.150746
1.123428
1.021423
1.130906
0.856775
0.738751
0.299351
-0.531443
-0.834782
-0.350596
-0.405859
-0.662009
-0.687246
-0.340463
-0.047667
-0.465892
-0.265754
0.208469
0.153595
0.089752
-0.249254
-0.434063
-0.698327
-1.226653
-1.099029
-0.395300
0.281085
-0.414254
-0.936058
-0.806566
-0.744202
-0.581856
-0.809728
-0.443643
0.268087
0.797538
0.962333
1.007895
0.505623
-0.580542
-0.460983
0.443352
0.563499
-0.204948
-0.909546
-1.192339
-1.173467
-0.580855
-0.245032
-0.116810
-0.180858
-0.144088
-0.224120
-0.414345
-1.046771
-0.498648
0.168795
0.188121
0.043741
-0.302661
-0.532044
-0.678468
-1.007778
-1.758066
-2.589411
-2.472043
-1.449463
-1.256970
-1.732293
-2.436684
-2.417597
-1.467120
-1.035892
-1.484038
-1.430759
-1.009818
-0.195854
0.261897
0.106059
-0.067506
-0.396301
-0.833434
-0.385662
0.125572
-0.277609
-0.167980
0.482319
0.627468
0.992022
1.312605
1.925393
2.253646
1.787354
0.755738
0.189405
0.080411
0.326028
0.325741
0.216072
0.406768
0.679544
0.889195
0.333046
-0.039498
-0.248632
-0.641375
-1.115999
-1.225053
-0.776524
-0.666925
-0.538362
0.045908
0.895306
1.217748
1.317977
1.325742
1.645534
2.074764
2.257266
2.075033
2.357981
2.851255
3.244349
2.795515
1.807727
1.688779
1.854268
1.051418
0.247880
0.357489
1.452269
1.434737
0.512970
-0.384339
-0.753296
-0.598408
-0.855247
-1.640767
-2.262657
-1.934243
-0.910959
-0.140976
0.095041
0.112793
0.076352
-0.472346
-0.727909
-0.223208
-0.541173
0.035476
0.300039
-0.129438
-0.567900
-0.830907
-1.234847
-1.198858
-1.061112
-0.695852
-0.504329
-1.199083
-1.783591
-1.719238
-2.030726
-2.221683
-1.674651
-0.606205
-0.176620
-0.247832
-0.795754
-0.780282
-0.396107
-0.458985
-1.006793
-0.303110
0.573287
0.646157
0.107469
0.108521
-0.330755
-0.869638
-0.311245
-0.173654
0.117009
0.538275
0.575932
0.721924
0.832113
0.412628
0.029168
0.504036
0.612821
0.987917
2.258162
2.154898
1.003955
0.584409
0.664830
0.427110
-0.375501
-0.821467
-0.328470
0.273115
0.099539
-0.895778
-0.951910
-0.293953
0.509866
1.266408
0.882203
0.564026
0.254333
0.255498
0.785182
0.966364
1.003294
1.624978
1.925711
1.542342
1.074676
1.146167
1.446921
0.798841
-0.096286
-1.130198
-1.814310
-1.512910
-0.945887
-0.833786
-0.460757
0.222914
0.187536
0.061094
-0.277749
-0.343212
-0.251731
-0.579361
-1.089780
-1.592405
-1.548637
-1.045312
-0.816769
-0.825593
-1.108971
-1.411609
-1.656399
-0.907736
-0.233606
0.305995
0.845635
0.945268
0.972816
1.193307
1.121896
0.619286
0.857048
1.259522
1.196359
0.749294
0.694926
1.215106
1.469139
0.819767
-0.587586
-1.071638
-1.006848
-1.355097
-1.975480
-2.139477
-1.465593
-1.210650
-1.219953
-1.357175
-1.447892
-1.064975
0.068699
0.728695
0.554526
0.670638
1.436855
1.546497
1.756566
1.730384
0.873075
-0.562714
-0.581569
-0.361874
-0.169490
-0.241424
-0.852874
-1.136635
-1.072709
-1.164418
-1.072812
-1.161829
-1.154341
-0.761612
-0.122006
-0.258727
-0.176327
-0.341323
-0.634313
-0.963546
-0.660414
-0.998259
-1.091461
-0.635379
-0.087238
-0.012999
0.224629
0.150077
-0.014731
0.287931
0.617283
0.470446
0.296667
0.332180
0.014685
-0.441249
-0.760913
-1.016518
-1.172224
-0.844342
-0.260891
0.187118
0.325724
0.691588
0.737146
-0.204229
-0.421647
0.108682
0.437878
-0.356620
-1.288746
-1.299791
-0.778095
-0.484357
-0.485321
-0.365748
0.483017
0.728069
0.419723
0.465390
0.383361
0.530047
1.205494
1.178166
1.023671
0.768018
0.703100
1.185984
1.343245
0.721677
0.527777
0.756684
-0.047825
-0.293205
0.145873
0.162121
-0.130540
-0.149598
-0.325426
-0.232500
-0.469027
-1.228137
-1.711755
-0.917345
0.492016
1.106237
0.821673
0.519946
0.941280
0.741307
0.091520
-0.037038
0.337006
0.940176
0.995605
0.529715
0.410885
0.737933
1.368341
1.067633
0.501705
1.175983
1.887744
1.201689
0.643762
0.599719
0.553607
0.143714
-0.157134
0.391599
0.720395
0.025628
-0.367632
-0.715076
-0.704615
0.016880
0.847914
0.874627
0.681752
1.119033
1.346894
1.146607
0.106274
-0.441449
-0.414788
-0.533823
-0.861493
-1.380219
-1.070090
-0.367017
0.099764
-0.247536
-0.676957
-0.346947
-0.202405
-0.259076
-0.166682
0.290550
0.336354
0.565151
0.792880
1.194721
1.341156
1.149500
0.784137
0.462890
-0.030628
-0.441026
-0.724530
-1.024654
-0.722727
-0.275315
0.243975
-0.222875
-1.272701
-1.719098
-1.444993
-1.292120
-1.421395
-1.430161
-1.239124
-0.946884
-1.156146
-1.110387
-0.698873
-0.186676
-0.261940
-0.653362
-0.404377
-0.203377
-0.616906
-0.837085
-0.168718
0.406490
0.424000
-0.194971
-0.797572
-0.944628
-0.642717
-0.266371
0.117154
0.289461
0.405755
0.269894
-0.003003
-0.634102
-0.497775
0.334227
0.527636
-0.109848
-0.064362
1.001992
1.943211
2.072818
1.490006
0.520419
0.518228
0.564111
0.108934
-0.165627
-0.083839
-0.064325
-0.019183
-0.393461
-1.217286
-1.875640
-1.729575
-0.889425
-0.295750
-0.267925
0.399233
1.177939
1.313504
1.093214
0.655935
0.326752
0.746593
1.085381
0.738592
0.499655
0.699874
1.031298
1.059041
0.647655
1.013657
0.913094
-0.190786
-0.785217
0.245891
0.893822
0.794735
-0.101553
-0.323677
-0.194468
-0.184788
-0.140547
-0.287516
0.023627
0.161052
-0.222128
-0.368994
-0.252499
0.022216
0.507944
0.489406
-0.269983
-0.798916
-1.044257
-0.432009
0.245564
0.446867
0.637076
0.865617
0.921107
0.162014
-0.303975
-0.301919
-0.460197
-0.397843
-0.232425
1.047550
2.008145
1.998631
2.044022
1.877829
1.192066
1.137228
1.120429
0.984157
0.747329
0.711346
0.929533
0.901669
-0.112731
-0.204358
0.015807
0.106474
-0.039361
-0.131559
-0.077810
0.351576
0.771860
0.945730
0.398368
0.545163
0.837822
0.351602
0.031337
0.115719
0.052768
0.280247
0.006272
-0.231377
-0.121803
-0.395559
-0.359708
0.141415
0.205973
-0.094492
-0.076423
0.352419
0.187382
-0.634001
-0.861789
-0.361600
-0.562364
-0.907001
-0.623953
-0.160412
-0.508334
-1.218557
-1.383593
-1.511187
-1.164211
-1.603023
-2.353031
-2.116099
-1.814586
-1.374493
-0.889711
-1.940654
-3.539262
-4.007226
-3.799149
-3.716825
-3.451354
-3.112889
-2.536967
-2.564132
-2.316695
-2.416635
-2.651705
-2.038529
-1.180234
-0.129690
0.593048
0.384733
-0.245114
-0.308225
0.770593
1.912956
1.648182
1.080621
0.917255
0.522951
0.093877
0.249390
0.229536
-0.172222
-0.265846
-0.285381
-0.604547
-0.870042
0.042949
0.500796
0.536804
0.865304
1.814677
2.099118
2.300145
2.034644
1.814853
2.362347
1.925279
1.212947
0.710320
0.327198
0.528010
0.765303
0.621051
0.620469
0.154721
-0.220499
-0.632607
-0.879599
-1.681628
-1.845332
-1.891518
-1.700861
-1.571696
-1.252491
-1.006761
-0.704589
-0.065804
0.536287
1.085943
2.101887
2.082728
2.109317
2.271008
1.813907
1.084671
0.654152
-0.067997
-0.150955
0.079188
-0.241817
-0.671879
-0.818375
-1.176133
-0.719011
-0.408602
-0.418147
-0.352732
-0.671702
-1.045838
-0.975366
-0.884613
-1.194053
-0.929202
-1.030806
-1.268635
-1.926211
-1.632780
-0.700237
-0.262456
0.816772
1.280761
1.399306
2.270673
2.984004
1.923652
1.504448
2.245297
2.354587
1.753487
1.379051
1.798546
1.899785
1.187535
0.418909
0.099413
0.061884
0.207112
0.126633
-0.009890
0.181014
0.508613
0.400507
0.336538
0.216358
0.310724
0.356718
-0.374589
-0.667583
-1.015213
-0.767719
-0.850388
-1.362875
-1.043780
-0.166389
-0.230143
0.283213
1.142022
1.715572
1.671466
1.893316
1.345705
0.833919
0.626617
1.028532
1.155953
0.936636
0.861673
1.409959
1.437347
1.373147
1.090486
1.245813
0.907093
0.668896
0.978193
0.411029
-0.127922
0.548395
1.297534
1.040616
0.647770
0.136747
0.383457
0.830279
0.901922
0.662878
0.507392
0.170360
-0.304019
-0.459833
-0.367639
-1.179601
-2.166225
-1.598539
-1.499596
-1.647376
-1.327391
-1.408933
-1.599688
-1.334256
-0.941694
-1.151997
-1.554539
-1.464838
-0.862508
-0.269144
-0.086425
0.170629
0.754426
0.600290
-0.021602
-0.152127
-0.104781
-0.753271
-0.872445
-0.003882
-0.240642
-1.106843
-1.044431
-0.223560
0.305744
0.049540
0.013094
0.487812
0.132556
-0.405476
-0.178429
-0.040549
-0.359752
-0.478212
-0.797253
-1.619986
-1.694007
-0.725950
-0.625755
-0.908827
-0.973673
-0.662733
-0.224607
0.188188
0.234716
-0.012094
0.152499
0.016741
-0.276429
-0.560440
-0.843315
-0.723553
-0.359363
-0.660293
-1.098552
-1.035554
-0.982068
-0.608395
0.031344
0.664173
0.199262
0.144197
0.747843
1.386859
1.633219
1.412761
0.581913
-0.222366
-0.322624
0.645796
