1.460102
0.448950
-0.395689
-1.583107
-1.932785
-0.030122
1.069015
0.839120
0.192405
0.333709
0.677450
-0.185148
0.893042
0.596789
0.748259
2.033333
0.267199
-0.637072
-0.500490
-0.973059
-1.620522
-0.686803
0.955223
0.491413
-0.812334
-0.741922
-0.667405
-0.428373
-0.369725
-1.452660
-1.563318
-0.040982
-1.900289
-2.890076
-0.587625
0.590464
1.865630
0.197808
-0.222439
1.221614
0.781557
1.162849
-0.411522
-0.478319
0.658953
0.568788
-0.411158
-2.021048
-1.321881
0.224880
1.291332
0.771675
-0.933269
-0.753678
-0.949578
-1.299053
-0.134911
0.822355
0.664661
1.155009
0.833716
-1.308162
-1.134667
-0.645212
-0.415323
-1.255808
-1.864479
-1.336046
-0.626083
-1.324299
-2.939409
-2.958687
-1.542581
-1.678667
-1.566774
-1.441091
-0.260118
-0.935543
0.256116
-0.473028
-0.947930
1.050374
1.365047
0.243046
-0.979554
-0.865047
-0.659517
0.173040
-0.278140
0.111869
1.392696
0.998559
0.275719
0.321899
0.344507
1.035574
0.631221
0.583522
0.590101
1.362231
0.391078
-0.656734
-0.274717
-0.413001
0.738258
0.012354
-1.704789
-0.495466
0.261673
0.617609
0.709725
1.169641
1.608462
0.881619
1.967158
0.794172
-0.010792
0.296207
0.155921
0.859579
0.439574
0.836356
0.029626
-0.487794
-0.074512
-0.086472
0.052531
0.558258
-0.619683
-1.006853
-0.973834
-0.280311
-1.209335
-0.290507
-0.771773
-1.466232
-1.492256
-0.827704
-1.410443
-1.937401
-1.174457
0.571831
-0.245159
-0.288855
-0.220350
-0.360583
0.419678
0.365768
0.676235
1.608288
2.907474
0.654927
-1.511070
-1.262216
-0.503828
-1.485695
-1.651349
-0.951143
-1.415470
-0.622195
-1.118942
-0.828745
1.126694
1.806264
0.772438
1.419755
0.898450
0.920908
1.539984
0.845906
0.659755
1.115674
0.564623
0.324401
-0.090054
-0.049627
-0.802915
-1.151617
-0.795292
0.109046
-1.363358
-0.744512
-0.188429
0.309628
-1.286661
-1.209199
-0.595156
0.192914
0.007806
-0.480046
0.457226
1.050601
2.257737
1.704317
1.593411
1.410564
1.577024
0.147724
-0.300167
0.975406
1.145822
0.343801
-0.134655
0.581738
0.573110
0.008239
-0.016493
1.194386
0.802502
0.524266
-0.536342
-1.478442
-1.217854
-1.721838
-1.689269
-0.119820
-0.179089
0.239451
-0.561951
-0.237031
1.471163
0.553591
0.179751
1.673233
1.137856
0.364865
1.140068
2.020694
1.769725
0.917053
1.311898
1.145734
0.168885
-0.450784
-0.368602
0.390485
-0.249917
-1.623728
-0.416784
-1.182567
-1.567966
0.021124
-0.166443
-0.059368
-0.868400
-0.737642
-0.311599
-0.836525
-1.230348
-1.734553
-1.296552
-1.066955
-0.383692
-0.426447
-1.717318
-2.243866
-1.057294
0.497002
1.448406
1.754596
1.483462
1.005215
-0.189358
-0.904930
-0.122704
0.468646
1.363133
1.328564
1.331563
0.658205
0.849962
-0.412981
-0.215541
0.870508
-0.227262
-0.609793
0.557977
0.700859
0.580826
-0.892561
-1.104806
-1.335582
-0.624859
0.449155
0.204272
0.039820
-0.640381
-0.989355
-0.691273
-1.110963
0.181369
0.317979
-0.279815
-0.374124
0.421372
0.548031
-0.026946
0.072639
0.397653
1.240686
0.467886
-0.265555
0.233174
0.454132
0.314170
0.768291
0.125452
-0.994055
0.666705
0.053232
-0.147173
-0.208785
-0.221427
0.977579
1.248473
0.754790
-0.902426
-0.178582
-0.562210
-0.074750
0.292871
-0.125633
0.265342
-0.390822
0.557428
1.268804
1.680693
0.981344
0.444915
0.391673
0.408922
0.776911
0.419225
0.237944
-0.143770
0.143369
0.025987
0.144814
0.557533
0.020485
-1.186181
-0.209020
0.775839
0.858635
0.121871
-0.095854
1.058701
1.067348
-1.149930
-1.520508
-0.781280
-0.081647
0.909415
0.360657
-0.347100
-0.279097
-0.437271
-0.137467
-0.017489
0.357546
-0.527664
-0.780074
-0.520452
0.654816
-0.404017
-1.615053
-0.918123
-0.612634
0.547818
0.114939
-1.027935
0.095347
-0.508845
-1.458788
-1.242029
0.191556
-0.220775
-1.887233
-1.689082
-0.176734
1.747025
0.644931
0.843189
2.829003
0.788442
-0.372741
0.888984
1.850680
1.746483
1.328805
0.302753
0.353107
-1.793466
-2.160171
-0.417299
0.335567
1.524065
1.235537
0.024540
-0.305292
-0.475677
-0.595526
1.141673
1.415630
1.372850
-0.030111
0.120693
-0.457373
0.212518
0.935316
0.685006
1.307494
0.905867
0.011711
0.910596
1.944662
1.179956
0.956250
-1.224331
-2.044317
-0.709275
0.647162
0.614084
-0.578770
-1.190652
-0.450147
-0.424320
-0.997709
-0.706870
0.938371
-0.506984
-0.236683
-0.287707
-1.218378
-0.099103
1.191225
2.631868
0.822759
0.456985
-1.264694
-1.735173
-0.963660
-0.382318
-0.978562
-0.870676
-0.482243
-1.701588
-2.785284
-2.904242
-1.618826
-0.578222
0.015702
-0.092525
0.044323
-2.322412
-1.369234
0.828212
2.065297
1.920062
0.212722
-0.333301
-1.715380
-3.323755
-1.166709
0.221824
-0.099159
-0.732056
0.841809
-0.330397
0.029805
0.386854
-0.646160
-0.662986
0.070936
1.147371
1.216871
0.320197
1.596681
0.581987
0.331263
1.379964
0.101291
-0.184774
-0.178030
-0.901727
-0.820631
-1.142405
-0.789019
-0.348696
-0.943886
-0.951000
0.128461
-0.831473
-1.343880
-0.149573
-0.767801
-0.158832
0.068996
1.230235
0.880362
0.095984
0.026453
0.628134
-0.584625
-0.491789
-0.506051
-0.493998
-0.607589
-2.811298
-2.932631
-0.507879
0.848998
0.790272
-0.468430
0.033726
1.968186
1.696058
0.678343
1.392958
2.407344
2.559132
1.092401
1.580565
3.272995
1.716837
0.394959
0.526205
1.421740
-0.154760
-0.994081
-0.698547
-0.852274
-0.443854
-1.038498
-1.351974
-1.407886
-0.734420
-0.987565
-1.154114
-0.580625
-0.366237
0.980983
-0.492217
-1.641681
0.040087
1.505094
1.321446
1.281484
0.885932
1.434814
2.343353
0.750725
-0.350038
1.264545
1.052932
0.069402
0.162710
0.105620
-0.348544
-0.005058
1.484338
-0.637516
-1.578000
-0.398996
0.319772
0.391750
1.306556
1.184765
-0.403168
-0.312393
0.415061
0.310057
-0.131090
-0.161196
-1.927140
-1.678941
-0.032014
-0.767297
0.116797
-0.405039
-0.182885
0.317441
0.603197
1.021442
0.620995
0.232983
0.092971
1.496033
0.544517
0.242870
0.894620
-0.200905
-0.327871
0.368056
0.232317
-0.300467
0.874906
-0.182765
-2.084437
-1.292121
-0.108080
0.705255
0.181105
-1.166387
-1.252081
-1.477437
1.001118
0.361815
-1.413460
-1.237214
-0.696393
0.762076
1.488490
0.721689
-0.076086
0.543697
-0.366518
-0.018545
-0.098636
-0.964344
-0.558470
-0.044835
1.305262
0.089093
-1.389104
0.183187
-0.718843
-0.956444
-0.165870
0.166299
-0.080178
0.474618
1.437208
2.408579
0.984162
0.102013
1.866316
1.584686
0.562884
0.298447
0.238453
1.670096
0.762924
-0.708373
0.014753
0.682558
0.125240
-0.563761
-0.025100
1.180913
0.592522
1.269382
0.690265
-0.812989
-0.958584
0.613138
-0.341759
-1.142786
-0.456713
-0.061828
0.875649
-0.435172
-0.506638
-0.509948
0.613822
0.103891
-0.123844
-0.891363
-1.225680
-0.631045
-1.365681
-1.646712
-1.490618
-0.871486
-0.550439
-1.963870
-2.976613
-2.543987
-2.686087
-2.940169
-2.705012
-2.617090
-2.385077
-1.521575
-1.578744
-1.794859
-1.334556
-1.726461
-1.668599
-0.798490
0.356708
-0.395434
0.062176
0.638852
-0.120403
-1.198117
0.158698
0.285822
-0.154875
-0.022823
0.334087
0.246242
0.441818
1.148910
1.911242
0.134142
-0.866786
-0.348933
0.610497
1.032072
0.722230
0.623722
1.533982
2.872018
1.509440
-0.603968
0.502513
2.031716
1.410181
1.920899
1.146802
-0.241309
-0.280987
0.466905
0.574736
1.014436
0.307849
0.612553
0.904144
1.405741
0.929174
0.614670
2.344479
1.703172
0.769687
1.120060
1.323812
2.268118
1.652593
1.750499
2.936408
2.150669
2.468528
1.198663
0.258924
0.091180
0.795287
-0.058619
-0.360336
0.023542
-1.121267
-1.878684
-0.672988
-0.231723
-1.141721
-0.061202
-0.386395
-1.114308
-0.315175
0.736124
0.469572
-0.186596
0.365454
0.985055
-0.024507
-0.311450
0.027279
-0.225762
0.455819
-0.482108
-0.831748
0.614624
-0.052188
-0.801597
-0.186923
0.053044
-0.181163
-0.064078
-0.853545
-0.110801
1.039286
0.190362
-1.761321
-1.251711
0.056263
0.440585
-0.035295
-0.578541
0.306599
-1.377062
-1.426811
-0.681738
-0.604966
-0.161991
1.223978
-0.159900
-0.453806
1.220484
1.206301
0.764623
-0.200531
0.594132
0.644012
-0.235222
-0.011893
1.231401
1.098426
-0.705619
-1.643189
-0.461513
-0.273275
-0.118361
-1.157663
-1.352431
-0.831528
-1.484837
-0.279215
-0.043920
-0.480169
-0.287079
0.619662
1.127101
1.207956
0.521810
0.000172
0.422652
1.033358
0.806871
0.288173
0.214831
0.924653
0.331078
-1.738758
-1.521189
0.435243
-0.072229
-0.060307
0.211069
0.894638
-0.050969
-1.611134
-1.792217
-0.849401
-0.524218
-0.308889
0.148066
-0.119372
-0.318978
1.459565
0.348018
0.599418
0.465487
0.378649
0.730393
-0.336255
-0.223108
1.722963
0.609892
0.812998
0.292120
-0.498284
-0.342039
-0.640463
-1.473288
-1.544603
-1.529234
0.627016
-0.211795
-1.799440
-0.507799
0.380647
-0.601212
-1.038867
-1.021859
0.217429
1.070924
0.062343
-1.139659
0.403878
0.415426
0.513009
0.927794
0.572854
0.586359
0.443875
-0.251974
-0.557121
-0.686826
0.519696
0.077864
0.811784
0.515722
1.380140
1.953359
-0.462618
-1.397736
-0.610982
-0.360619
-0.339227
-0.490465
-0.579819
1.020281
0.474872
-0.834156
-0.407361
-0.075551
-1.041956
-0.658570
-0.945430
-0.785144
-0.521823
0.301676
0.270233
0.240256
1.160482
-0.343289
-0.457237
0.737686
1.023193
1.049973
0.619265
0.380389
0.307096
0.060118
0.465848
1.411309
0.652924
0.652384
0.124914
-0.025375
1.056200
0.402055
1.038608
-0.431264
-1.208370
-0.294819
-0.009784
0.056356
1.441210
2.044948
0.170320
-0.306681
-0.155003
-0.149411
0.386884
0.156929
-0.020124
0.527327
0.859470
0.567512
0.214774
-0.555032
-1.406976
-0.303969
0.041503
-0.559066
-0.683182
0.332832
0.914222
0.565028
0.729866
0.394804
-0.861925
-0.198252
-0.458542
-0.945725
-1.232517
-0.989385
-0.385325
0.493306
0.374809
0.376899
0.228236
0.609310
1.251531
2.146784
0.448386
-0.272375
0.644365
1.371731
1.503584
-0.059046
0.234208
0.710311
0.164934
0.649016
0.817816
1.201183
0.277469
0.522967
1.281875
1.282100
0.318099
0.305364
0.049680
-0.333473
-0.567209
0.636147
0.169207
-0.784110
-1.532844
-1.215835
-1.042272
-0.670427
-0.616028
-1.344087
-0.795291
-0.031567
0.888408
1.033057
-0.177691
-0.759444
-1.079214
-0.267723
-0.347072
0.105988
0.603068
0.634279
0.146788
-0.179165
-0.807768
-1.356352
-1.119517
-0.531565
