-0.673822
-1.149357
-1.268266
-1.267710
-0.997395
-0.688428
-1.605660
-2.039120
-1.945598
-2.119729
-2.236573
-2.711491
-2.992299
-2.992285
-2.490601
-2.038391
-1.689449
-1.045392
-0.393801
0.234535
0.165542
-0.279282
-0.590412
-0.275851
0.254915
0.501396
1.087053
1.862107
2.431731
2.704069
2.579299
2.794561
2.865328
2.586346
2.174927
1.501094
1.105093
1.063917
0.927473
0.887582
0.560932
0.151332
-0.125058
-0.359632
-0.252649
-0.527457
-0.297472
0.392032
0.850065
0.761055
0.465681
0.384992
0.970096
1.341333
1.124822
0.900642
0.715552
0.799811
0.950837
1.165308
1.134363
0.554294
-0.248386
-0.699335
-0.949204
-1.732680
-2.253432
-2.500641
-2.204868
-1.163408
-0.148381
0.500845
0.596390
0.278373
0.577406
0.552386
0.717439
0.788513
1.124101
0.645307
0.284663
0.198951
0.216297
0.286486
-0.093035
-0.298567
-0.401172
-0.796825
-0.804367
-0.533491
-0.261961
-0.039475
0.316544
0.704151
1.228847
1.173604
0.886758
0.332543
-0.326175
-0.787452
-0.549330
0.101451
0.869268
1.049899
0.839429
0.855866
1.086498
0.778952
0.296175
0.028008
-0.034351
0.149422
0.141621
-0.175990
-0.786333
-0.777627
-0.689130
-0.840443
-0.165621
0.460765
0.491080
0.269973
0.191740
0.444912
0.578434
0.901306
1.392224
1.796687
1.642842
1.371977
0.577777
-0.470613
-1.346351
-1.975805
-2.351433
-1.626077
-1.157093
-1.243419
-1.395859
-1.490940
-1.632640
-1.830874
-1.417908
-1.466559
-2.054730
-2.045944
-2.169896
-1.732029
-0.883635
-0.835453
-0.367635
0.432437
0.983497
1.089244
1.773433
2.170862
1.815312
1.424503
1.067821
0.297013
-0.425848
-1.093862
-1.227298
-1.298508
-1.620154
-1.056428
0.021874
0.884151
1.248191
1.297037
1.251549
0.766411
-0.186440
-1.456113
-2.751690
-2.871615
-2.216457
-2.106735
-1.552956
-1.042475
-1.029448
-0.836655
0.124896
0.522389
0.388015
-0.018862
0.177911
0.893547
0.858703
0.643810
0.366329
0.362522
0.215806
0.094500
-0.531697
-1.242681
-1.391989
-1.002578
-0.670288
-0.233339
0.790511
1.052076
0.850799
0.503393
0.322534
0.009273
-0.021429
0.343491
0.744454
0.766093
0.584367
0.861081
1.320921
1.416338
1.615934
1.213051
0.982126
1.284611
2.052775
2.585822
2.675116
2.481236
2.553484
2.563753
2.129495
1.425828
0.631837
0.284901
0.165768
-0.122332
-0.343968
-0.027882
0.042129
0.176865
0.265214
0.120786
-0.435191
-0.654862
-0.796961
-1.487800
-2.089819
-1.969780
-1.515718
-0.724143
-0.797091
-1.146299
-0.841619
0.235863
0.958206
1.221410
1.047866
0.302898
-0.260592
-0.141675
-0.267300
-0.528478
-0.522164
0.069700
0.307541
0.148924
0.180070
0.142338
0.133330
-0.170153
-0.789928
-1.129011
-1.465194
-1.332395
-0.165089
0.745566
0.627616
-0.299501
-1.077175
-0.515066
0.581183
0.818175
0.300952
0.127012
0.153556
0.322611
-0.081768
-0.338709
-0.197647
0.343143
0.898300
0.881714
0.785685
0.890369
1.552173
1.749202
1.207398
0.358865
-0.309874
-0.586111
-0.022376
0.124942
-0.020437
-0.236265
-0.208988
0.069902
-0.124493
-0.282931
-0.059105
-0.306308
-0.636525
-0.789076
-0.845074
-0.611871
0.093726
0.730134
0.840023
0.275067
0.760516
0.782380
0.089603
0.028439
0.657282
1.141241
1.545149
1.087176
1.166624
1.030524
0.974186
0.235733
-0.693975
-1.386333
-1.419316
-1.544547
-1.653374
-1.382780
-1.027421
-1.109334
-1.347371
-1.718876
-1.319223
-0.333500
0.704542
1.000179
0.466967
-0.132559
-0.329370
0.273212
0.717901
-0.025594
-0.690458
-0.769499
-0.296070
0.206783
0.207244
0.292608
-0.035650
-0.071872
0.379782
0.089142
-0.538658
-0.799130
-0.808718
-0.302089
0.494352
1.087824
0.594029
-0.191341
-0.065638
0.091566
0.566777
0.869151
0.655517
0.335916
-0.189403
-0.174866
0.695111
1.287677
1.439645
0.868801
0.114255
0.560596
0.428220
-0.285314
-0.235863
-0.036468
0.135710
0.396186
0.118978
-0.477120
-1.105961
-1.575737
-1.482512
-1.230055
-0.683322
0.015656
0.026256
0.077587
0.156769
0.243348
0.371190
0.386348
0.555080
0.230672
-0.134347
-0.002051
-0.020522
0.172755
0.625689
1.428666
1.376302
1.297069
1.131960
1.148114
0.909057
0.219971
-0.065040
-0.526493
-1.146476
-1.315764
-1.301413
-1.629797
-0.987279
0.259109
1.310523
1.377789
1.371856
1.235944
1.203849
1.195203
1.670117
1.669918
1.533754
1.394738
1.720135
1.742438
0.954687
0.096417
-0.626366
-1.007633
-1.418638
-2.132349
-2.674135
-2.878902
-3.129043
-2.738490
-2.269547
-1.732548
-1.242329
-0.916594
-0.634707
-0.368734
-0.080170
0.031153
0.234844
0.687521
0.856475
0.023882
-0.429621
-0.106019
0.232329
-0.024223
-0.048400
0.014155
0.182361
0.422392
0.137997
0.415048
0.438473
0.367767
0.430942
0.071983
-0.975160
-1.698336
-1.688793
-1.628658
-2.225477
-2.219513
-1.408833
-0.582232
-0.539834
-0.965142
-1.473461
-1.698375
-1.508661
-1.293020
-0.777227
-0.386648
0.122649
0.463179
0.152289
-0.081028
0.559762
1.295632
1.955586
1.954223
1.779783
1.995218
1.581405
1.007717
0.516961
0.152193
0.002395
-0.076961
0.397656
0.341136
0.289252
0.039016
-0.123629
0.172323
0.776775
0.927397
0.602959
0.641442
1.158258
1.351508
1.082364
0.445835
0.047446
-0.033052
-0.135150
-0.116012
0.085304
0.108260
0.416990
0.726457
0.727388
0.409061
-0.037061
-0.131836
0.286001
0.794960
1.434278
1.275265
1.002826
0.891406
1.058679
1.383879
1.339082
0.666055
-0.517250
-0.914072
-0.825419
-0.611047
-0.633058
-0.327586
-0.250537
-0.228726
0.111802
-0.181538
-0.946434
-1.296071
-0.836080
-0.549118
-0.326659
-0.035933
-0.851313
-1.317620
-0.717914
-0.561643
-0.461112
-0.571300
-0.134398
0.307879
0.298666
-0.151536
0.019207
1.129796
1.573300
1.232081
0.375061
-0.539116
-0.841662
-1.143775
-0.935671
-0.671270
-0.852483
-0.637972
-0.470975
-0.174639
0.334732
0.779140
0.969822
1.132784
1.459043
1.710588
0.797102
0.527935
-0.152958
-1.679107
-1.964789
-1.234340
-0.721034
-0.974721
-0.546580
-0.054615
0.014470
0.115738
0.139312
-0.237208
-0.554850
-0.323392
0.000404
0.304038
0.495737
0.553275
0.387191
0.135057
-0.286749
-0.137715
0.594758
0.679970
-0.188894
-0.905460
-1.072529
-1.045952
-1.268476
-0.792829
-0.475705
-0.834587
-1.232815
-1.866948
-2.062014
-1.005397
0.072566
-0.069801
-0.448871
-1.036234
-1.518561
-1.223311
-1.227731
-1.624405
-0.974596
0.089645
0.646387
1.019367
0.741795
0.696617
0.444157
-0.121992
0.112564
-0.041787
-0.389619
-0.040251
0.314298
0.685906
0.620709
0.232412
0.708254
1.553530
2.198490
1.619443
0.830763
1.057992
1.495975
1.354406
1.193989
0.621873
0.630646
0.434904
0.098388
0.035662
-0.204435
-0.442877
-0.005704
0.105664
0.161424
-0.148241
-0.560814
-0.228345
0.034847
-0.042850
-0.469241
-1.166676
-1.540464
-1.373270
-1.200087
-1.178411
-0.998233
-0.634024
-0.270262
0.306452
0.836111
0.826059
0.328509
0.037842
-0.532885
-0.436543
-0.179790
-0.547321
-0.615844
-0.361602
0.160409
1.056140
1.287071
0.769852
0.405152
0.224292
0.573584
0.885789
1.034763
0.826023
0.684216
0.827318
1.167635
1.317796
1.055459
0.959237
1.513107
2.140236
1.997714
1.330872
1.370976
1.284579
0.530679
-0.165515
-0.186949
0.201316
0.558221
-0.100869
-0.633071
-0.680176
-0.266658
-0.045280
-0.077558
-0.003725
0.123993
0.226223
0.180462
0.523111
0.647901
0.312791
-0.315290
-0.467681
-0.636237
-0.572506
-0.609952
-0.627093
-0.177629
0.432469
0.216260
-0.053369
0.176599
0.411260
0.052721
-0.842071
-0.841157
-0.561483
-0.704005
-0.799950
-0.361880
-0.218770
-0.925522
-1.557421
-1.232071
-0.303543
-0.095431
-0.445413
-0.587422
-0.422832
-0.113350
-0.063308
-0.095517
-0.081297
0.150281
-0.333248
-0.796524
-0.702443
-0.248001
-0.387532
-0.690062
-0.676517
-0.795775
-0.581114
-0.811837
-1.702238
-2.264391
-2.636379
-2.051403
-1.388757
-1.359368
-0.756022
0.148784
1.116372
1.560015
0.899414
0.027881
-0.430316
-0.795364
-1.217558
-1.242445
-1.146004
-1.012997
-0.285854
0.374523
0.144544
-0.416617
-0.419613
-0.499055
-0.665583
-0.608359
-0.171631
-0.170571
-0.620201
-0.298237
0.207489
0.453912
0.678961
1.069085
1.082912
1.001690
0.405166
0.089064
0.384778
0.823609
1.151353
1.192848
1.033877
1.026500
1.477241
1.898637
1.994301
1.351154
1.280104
1.793442
1.686556
1.210060
1.115375
0.870740
0.600006
0.512449
0.488038
0.844483
1.090292
1.009002
0.928928
0.558500
0.219579
-0.441960
-0.691348
-0.152903
0.609320
1.125390
0.766154
0.534547
0.797927
1.371473
1.499731
0.724218
-0.076130
-0.502431
-0.486873
-0.288273
-0.345579
-0.506351
-0.259518
0.020387
0.036207
-0.560002
-0.836004
-0.707301
-0.575009
-0.711064
-0.464320
-0.568058
-0.328070
-0.221657
-0.545656
-0.552776
-0.661645
-0.907566
-1.229931
-1.468061
-1.407627
-1.194602
-1.407269
-1.578854
-1.349624
-1.009002
-0.492071
-0.428595
-0.634432
-0.269809
0.034847
0.273855
0.128040
-0.094769
0.200561
0.634738
0.489589
0.497469
0.545787
0.204511
-0.272922
-0.577383
-0.238330
0.087162
0.425159
1.067197
1.383400
1.660629
1.938939
1.826895
1.772605
1.796423
1.956310
1.354222
0.657053
0.711098
0.734876
0.379099
0.252155
0.165760
0.262742
0.103631
0.118685
0.413428
0.175778
-0.523673
-1.056574
-1.351466
-1.709432
-2.170922
-2.328075
-2.003846
-1.306419
-0.958148
-0.894253
-1.140793
-1.252403
-1.132126
-0.900965
-0.584501
-0.585103
-0.514234
-0.681563
-0.793611
-0.031268
0.850329
1.031232
0.985843
0.845305
0.498195
-0.095773
-0.033486
0.315020
0.703455
0.665595
0.166844
-0.159952
-0.051309
0.025686
0.159979
0.106623
0.146571
0.148206
0.245525
0.379621
0.252509
0.164358
0.220711
0.045257
-0.091348
0.551388
0.708638
0.484788
0.168791
0.461767
0.548486
0.627681
1.000861
1.286097
1.128714
0.733299
0.576451
0.566703
0.433188
0.267429
0.100334
0.196336
0.424482
0.766262
1.185954
1.376065
1.242227
1.560421
1.710355
1.615164
1.280357
0.313522
-0.475993
-0.767988
-0.572167
-0.636958
-0.677387
0.104936
0.627883
0.628133
0.712449
0.696860
0.572303
-0.028697
-0.629853
-1.278670
-1.636804
-1.209101
-0.556771
-0.205385
-0.679753
-1.260168
-1.198035
-1.182308
-1.391203
-1.027795
-0.322318
0.009967
0.479341
0.155171
-0.708269
-0.794352
-1.049201
-1.540671
-2.311437
-1.945231
-1.327159
-1.025626
-0.399729
-0.013030
0.421893
0.415214
