0.678211
0.202084
-0.580748
-1.241971
-1.471568
-1.494602
-2.070534
-2.009016
-1.590178
-1.597723
-1.218363
-1.196352
-1.804818
-1.804804
-0.974294
-0.022901
0.326109
0.136128
-0.044827
0.080475
0.173886
-0.101116
-0.075466
-0.092178
-0.062004
0.183903
0.768393
1.212173
1.449857
1.550798
1.426345
1.476213
1.544807
1.267477
0.690592
0.019505
-0.042146
0.249527
0.778428
0.739697
0.249264
0.336030
0.721453
0.491310
0.263303
-0.179692
0.380742
1.399858
1.526947
1.108614
0.650787
0.738228
1.157145
1.030810
0.982810
0.926344
1.242023
0.997838
0.482645
0.031029
-0.167120
-0.580907
-1.213957
-1.829944
-2.083194
-1.871099
-1.893761
-1.812650
-1.685393
-1.479742
-1.132301
-0.483161
-0.055211
-0.205398
-0.567587
-0.592388
-0.592238
-0.688434
-0.688253
-0.829591
-0.687956
-0.110337
0.071107
-0.356847
-0.737005
-0.610633
-0.547296
-0.941067
-0.616854
-0.015870
0.253280
0.474609
0.664844
1.052209
1.243013
0.690712
0.073920
0.184752
0.689533
0.563196
-0.195819
-0.378389
0.389044
0.902161
0.689569
0.540026
0.767843
0.626457
0.476420
0.705749
0.809790
0.661056
0.486677
0.004427
-0.437127
-0.264971
-0.013743
0.334537
0.840746
1.299772
1.331406
1.110652
0.699036
0.289008
0.091256
0.248619
0.738423
0.976661
0.659916
0.554886
-0.069694
-0.780377
-1.319923
-1.945445
-2.651833
-2.257384
-1.956777
-1.545615
-1.530072
-1.625906
-1.269633
-1.299494
-1.220251
-1.434318
-1.853875
-1.347636
-0.974550
-0.704789
-0.357391
-0.143795
0.491277
0.957424
0.837066
0.938781
1.453517
1.850652
1.329192
0.933875
0.577940
-0.022655
0.087656
0.088083
0.784209
1.043742
0.063928
-0.202535
0.207707
0.405401
0.437027
0.649607
1.100474
0.949692
0.332106
-0.269406
-1.060860
-0.848044
-0.359723
-0.415229
-0.865339
-1.023540
-1.340713
-1.647929
-1.020097
-0.456286
-0.426802
-0.497647
0.033058
0.578170
0.712641
0.830545
0.886428
0.714386
0.565775
0.279697
-0.179151
-0.890250
-1.206482
-0.985545
-0.487124
0.280858
0.802965
0.730549
0.034298
-0.471144
-0.321889
-0.142036
-0.174056
0.025003
0.097107
0.451040
0.773073
1.216560
1.177189
0.938545
0.472202
0.069540
-0.491033
-0.356087
0.742551
2.269045
2.855841
2.333541
2.567973
2.742349
2.476269
1.608881
0.817867
0.635859
0.847061
0.562291
0.673484
0.989973
0.729285
0.033624
-0.377932
-0.355251
-0.910326
-1.298633
-1.440366
-1.795046
-2.395617
-2.276630
-1.493325
-0.536540
-0.275574
-0.621721
-0.322090
0.088919
0.144742
-0.091891
-0.098871
-0.013648
-0.242889
-0.290074
-0.584384
-1.011471
-1.002935
-0.408264
-0.336750
-0.164685
0.365300
0.659588
0.485616
0.183983
-0.599350
-1.271118
-1.942390
-1.475979
-0.479913
0.096624
0.310614
-0.450484
-0.893566
-0.164253
0.595472
0.666127
0.815224
0.807076
0.996841
0.664510
-0.069599
0.007401
-0.179720
0.027038
0.247235
0.563266
0.634727
0.737688
1.227847
1.425531
0.887684
0.206871
-0.125903
0.094634
0.491558
-0.022604
-0.498397
-0.544912
-0.022730
0.585406
0.064200
-0.259478
-0.038409
0.049021
-0.117207
-0.101787
-0.323136
-0.260209
-0.218595
0.080544
0.522740
0.956990
2.103976
2.128805
0.942230
0.712523
1.004164
0.990322
0.730416
0.105137
0.018052
0.380669
0.823956
0.419692
-0.007519
-0.527959
-0.393230
0.142841
0.197631
-0.031673
-0.173783
-0.585080
-0.989262
-1.194036
-0.963740
-0.480994
0.223387
0.515650
-0.180316
-0.775390
-1.140279
-0.704061
0.238228
0.324900
-0.173048
-0.252189
0.057600
0.389396
0.221622
0.142005
-0.015953
-0.047096
0.238643
0.277549
-0.181291
-0.774325
-1.114725
-0.774419
-0.315045
0.278842
-0.046513
-0.498000
-0.704278
-0.712719
-0.239380
0.227146
0.512961
0.361912
-0.326276
-0.476995
0.218812
0.972726
1.289215
0.553642
-0.031622
0.413180
0.446232
-0.599083
-0.884894
-0.521498
-0.014328
0.245451
-0.030913
-0.789207
-1.415693
-1.384636
-0.790719
-0.703154
0.006220
0.869621
0.879438
0.927887
0.340622
-0.236925
-0.441107
0.072242
0.571186
0.911396
0.712246
0.514085
0.498949
1.020628
1.968761
2.766268
2.711949
2.300938
1.803990
1.322476
1.087896
0.400090
0.280258
-0.011313
-1.127320
-1.791855
-1.776043
-1.104152
-0.130834
0.612673
0.833658
0.895505
0.885657
0.918359
0.888926
0.548666
0.688452
0.854091
0.719120
0.583841
0.741325
0.599994
0.315019
-0.206297
-0.594349
-1.140489
-1.551867
-2.096650
-2.468644
-2.508143
-2.096696
-1.710361
-1.409795
-1.371062
-1.544535
-1.387509
-0.943826
-0.183453
0.432684
0.044712
0.249791
0.869889
1.369051
1.036522
0.585408
0.743511
0.915436
0.993599
0.639549
0.703970
0.539029
0.277775
0.158553
0.433952
0.291335
-0.109630
-0.377899
-0.402821
-1.115459
-1.998925
-2.655172
-3.098746
-3.858498
-3.354302
-2.050720
-0.729132
0.141298
0.544966
0.038758
-0.348450
-0.326253
-0.112503
0.402719
0.624037
0.798784
0.806226
0.498062
0.104109
0.246518
0.816517
1.141393
0.974983
0.967131
1.016309
0.437976
-0.463942
-1.119457
-1.318382
-1.302600
-1.217001
-1.075070
-0.963655
-0.519147
-0.439465
0.058710
0.516333
0.786970
0.439541
0.279816
0.649651
1.162729
1.353491
1.086708
0.620007
0.223507
0.144525
0.042512
0.232113
0.602253
0.791644
0.769945
0.747408
0.580908
0.594663
0.152452
-0.107328
-0.021652
0.649458
0.950705
0.626440
0.355596
0.410212
0.577605
0.900748
1.019800
0.844643
0.496185
0.432133
0.353344
0.234976
0.544020
1.176934
1.089040
0.782179
1.120496
0.496453
-0.260927
-0.442456
-0.315807
0.135268
0.025692
-0.344748
-0.993491
-1.296273
-1.359580
-1.532384
-1.761268
-1.872859
-1.438194
-1.325931
-1.168501
-1.286948
-1.119306
-0.345377
0.263312
0.088403
-0.101607
-0.346788
0.015903
0.213164
-0.245515
-0.315899
0.001210
0.546324
0.711046
0.673112
1.012975
1.620909
1.978929
1.473123
1.465636
1.387255
0.810291
0.708534
0.858057
-0.163516
-0.780727
-0.384457
-0.368415
-0.786491
-0.858059
-1.032198
-0.962132
-1.192631
-1.500953
-1.706749
-1.524864
-0.632056
0.022943
0.156497
0.014838
0.403549
1.068130
1.479998
1.226156
1.208031
1.438144
1.028240
0.001157
-0.711497
-0.879475
-1.021363
-1.076101
-0.933140
-1.280577
-1.967984
-2.365112
-2.498541
-2.197545
-1.477103
-0.899768
-0.876637
-0.923886
-1.176791
-1.160520
-0.536187
-0.212846
-0.441759
-0.458679
0.269321
0.824372
1.029815
0.918944
1.038394
1.283309
1.220442
0.958591
0.641326
0.460810
1.140391
1.661670
1.535581
1.140147
0.919434
0.894425
1.073672
1.383721
1.305619
0.853973
0.749952
1.019727
1.376993
1.052060
0.481855
0.321455
-0.041512
-0.379827
-0.441203
-0.514142
-0.587842
-0.484604
-0.373402
-0.317344
-0.792504
-1.203064
-1.036172
-0.940337
-0.853890
-0.948820
-1.146652
-1.186181
-1.352125
-1.677192
-1.487507
-1.139899
-0.942357
-1.241988
-1.330517
-0.967459
-0.809843
-0.810337
-0.936585
-1.174586
-1.079883
-0.992009
-1.361131
-1.431295
-1.179282
-0.657139
0.237052
0.798435
0.782487
0.586027
0.736854
1.251302
1.560770
1.544983
1.670538
1.694241
1.173520
1.182338
1.498623
1.736146
1.309784
1.198663
1.822709
2.012246
1.347283
1.221148
1.299844
0.880258
0.350465
-0.171478
-0.448409
-0.093046
0.080476
-0.615293
-0.497736
0.081201
0.468061
0.767754
0.840940
0.635850
0.238865
0.358565
1.198096
1.490011
0.826166
0.034582
0.050948
0.548044
0.942904
1.070830
0.889573
1.007425
1.117030
0.901889
0.302934
0.034948
0.271535
0.080337
-0.647880
-0.978658
-0.701436
-0.843499
-0.773553
-0.173481
-0.197469
-0.901213
-1.201454
-1.043982
-0.783799
-0.744107
-0.594323
-0.735087
-0.902042
-0.593687
0.120089
0.585692
0.931472
1.161813
0.514305
-0.111555
-0.018299
0.102868
-0.203673
-0.505138
-0.655961
-0.774967
-0.893083
-1.121784
-1.678209
-2.073478
-2.278008
-2.025865
-1.528586
-1.662928
-1.227533
-0.325123
0.640346
1.247575
0.922885
0.220844
-0.403191
-0.768214
-0.855022
-0.878098
-0.949149
-0.815721
-0.254407
0.236672
-0.159420
-0.887138
-1.225763
-1.304509
-1.137888
-0.750287
-0.649852
-0.483759
-0.434303
-0.277030
-0.103460
-0.190088
0.530508
1.748772
2.261641
2.181132
2.086570
1.937401
1.564902
1.501533
1.661344
1.535035
0.879148
0.703610
0.988529
1.409390
1.171754
0.531066
0.624889
1.138504
1.368108
0.895082
0.469538
0.058832
0.121366
0.199620
0.009587
0.034391
-0.052143
0.034081
0.287175
0.414294
0.074360
-0.584536
-0.830163
-0.457519
0.467859
0.817450
0.460674
0.229545
0.489063
0.560780
0.190388
-0.583931
-0.883705
-0.811917
-0.795702
-0.929739
-0.820689
-0.646788
-0.402119
-0.290511
-0.606517
-1.034043
-0.979903
-1.019751
-0.885445
-0.519603
-0.108388
-0.045381
0.355983
0.625700
0.468802
0.459365
0.182441
-0.227953
-0.552218
-0.622339
-1.057613
-1.343188
-1.720602
-1.728210
-1.665187
-1.325826
-0.646126
-0.747403
-1.118048
-1.086742
-0.290440
0.446310
0.470835
0.249203
0.375279
0.808048
0.666552
0.343467
0.224732
0.714868
0.571724
0.104889
0.278289
0.934187
1.107352
1.416798
1.568378
1.676564
1.952434
1.842234
1.620946
1.478805
1.470610
1.367289
0.839688
0.562363
0.584363
0.726045
0.765274
0.016269
-0.385123
-0.545237
-0.197832
0.426809
0.522932
-0.338621
-0.869230
-0.995701
-1.517968
-1.977724
-2.135052
-1.644742
-1.115281
-0.934330
-1.036831
-1.612898
-1.890176
-1.274205
-0.877648
-0.560785
-0.561381
-0.491927
-0.326101
0.061947
0.489090
1.035254
1.050270
0.837097
0.696204
0.681429
0.586244
0.816195
0.833136
0.555598
0.517260
0.682292
0.688463
0.301785
0.213856
0.016076
-0.038381
0.167051
0.001241
-0.568043
-0.600182
-0.561914
-0.647705
-0.756889
-0.765762
-0.402851
0.071576
0.395676
0.339625
0.355707
0.815141
0.901945
0.482869
0.688424
0.807066
0.815157
0.585956
0.593940
0.750924
0.617785
0.617729
0.617152
0.878949
1.440785
1.947768
2.530323
2.388820
2.256156
2.573113
2.391613
1.797420
1.298935
0.002437
-1.286392
-1.910638
-1.712688
-1.609436
-1.318615
-0.867682
0.318009
0.815834
0.901066
0.718830
0.427183
-0.007473
-0.774749
-1.588474
-1.945020
-1.187050
-0.373809
-0.026297
0.162923
0.248611
-0.186514
-0.999330
-1.369900
-0.839910
-0.466753
-0.300039
-0.164881
-0.489378
-1.351571
-1.768572
-1.856144
-2.014790
-2.449542
-1.919934
-1.304072
-1.002802
-0.710908
-0.655322
-0.552711
-0.560124
