-2.679562
-2.829202
-2.429682
-1.555238
-1.446274
-1.995835
-2.609036
-2.364928
-1.567634
-1.226057
-1.348699
-1.148235
-0.918628
-1.268179
-1.440732
-1.140720
-0.774516
-0.098463
0.410679
0.895430
1.347308
1.404722
1.602484
1.058794
0.916810
1.175516
1.440687
2.254239
2.502563
2.438850
2.657454
3.058181
3.132460
3.538765
2.757255
2.050057
1.809171
1.940825
1.622827
1.406192
1.762263
2.206190
1.916147
1.844624
2.131772
1.668563
1.560413
1.934585
1.891035
1.448059
0.438952
-0.170053
0.094611
0.309542
0.082105
-0.327801
-0.697041
-1.307733
-1.323885
-0.749132
-0.606904
-0.866155
-1.009645
-1.133405
-1.220928
-1.518970
-1.366449
-0.926922
-0.791255
0.302032
0.843042
1.000172
1.100459
0.941425
1.255297
1.403819
1.052750
1.302115
1.654357
1.326568
0.423716
-0.365327
-0.696667
-0.622995
-0.671801
-0.712768
-0.645700
-0.886203
-0.894120
-0.959350
-0.674345
-0.790367
-1.290522
-0.708917
-0.158184
-0.216168
0.007071
-0.050341
-0.042652
-0.352054
-0.626427
0.056648
0.338253
0.003536
-0.217379
-0.025361
0.391481
0.243448
0.086270
0.154324
0.263654
0.281782
0.098811
-0.059797
-0.350897
-0.166957
-0.248816
-0.058072
0.125852
0.084262
0.465611
0.932627
1.374824
1.465795
1.256395
1.070959
1.236708
1.836006
2.373549
2.264172
1.430470
1.029151
0.284721
-0.725516
-1.469351
-1.407058
-0.914801
-0.655882
-0.815868
-1.090443
-1.413947
-1.796782
-1.188560
-1.763937
-2.381294
-2.197308
-1.803098
-1.518268
-1.152097
-1.625843
-1.659105
-1.168842
-0.415799
-0.654261
-0.285668
0.655868
0.981696
1.095806
1.420519
0.960991
0.377042
0.025427
-0.638980
-0.888470
-1.575606
-1.683001
-1.425058
-1.044297
-0.662111
0.088155
0.564741
0.579841
-0.070757
-0.529584
-1.365120
-1.840544
-1.851970
-1.911568
-1.155562
-0.794514
-0.606059
-0.228952
0.430803
0.848021
0.706979
0.279901
0.311667
0.188973
-0.197148
-0.247921
-0.713954
-0.717951
-0.522407
-0.474968
-0.607919
-0.655108
-0.637023
-0.228288
-0.753388
-0.819068
0.080824
0.704898
1.017956
0.653299
0.463484
0.484208
0.451982
0.835011
1.605400
1.628131
0.912911
1.028756
1.161848
1.087217
0.947335
0.524241
0.631385
0.774281
0.531865
0.392232
0.660631
0.107564
-0.515552
-0.679531
-0.436231
0.048645
-0.435272
-0.799423
-0.749704
-1.052089
-0.935186
-0.778198
-0.879470
-0.563273
-0.645323
-0.447381
-0.331860
-0.212866
-0.187251
-0.213295
-0.320840
-0.369626
-0.067816
-0.110820
-0.362171
-0.379160
-0.408908
0.197729
0.955917
1.406965
1.749103
1.491498
1.424358
1.199628
1.067770
1.143160
0.800259
0.897174
0.622512
0.281248
0.139168
-0.075212
-0.084657
-0.053670
-0.354645
-0.186232
-0.189549
-0.224962
0.126428
0.383178
0.259386
-0.189436
-0.656117
-0.240915
0.560186
0.808938
-0.083499
-0.440835
0.460886
1.162641
1.262509
0.818053
0.267019
0.310333
0.543502
0.351318
0.774835
0.884714
0.880264
1.261853
0.518380
0.326835
0.149223
0.383591
0.625753
0.605616
0.278259
0.226485
0.080340
-0.500779
-0.704821
-0.346809
-0.286648
-0.021799
-0.193637
-0.178986
-0.062987
0.356553
0.747627
1.240851
1.181417
0.588427
0.923182
0.247055
-0.829641
-0.544300
0.115748
0.623722
1.222348
1.091288
0.825130
0.507501
0.448378
0.022821
-0.778250
-1.330200
-1.364820
-1.321483
-1.260945
-1.151707
-1.128243
-1.388985
-1.464070
-0.980150
-1.259760
-1.448494
-1.058054
-0.747746
-0.608330
-0.713287
-0.745100
-0.636917
0.004611
0.272834
0.099301
0.191103
0.338495
0.691518
0.866767
0.432073
-0.262021
-0.649589
-0.699926
-0.305820
-0.440461
-0.539076
-0.549150
-0.366917
0.119516
0.392946
0.224030
-0.250673
-0.293498
0.046272
0.195425
1.037226
0.638208
0.477530
-0.423422
-1.107332
-0.368857
0.253022
0.412531
0.337764
0.419635
1.062888
1.098727
1.223645
0.925984
0.960508
1.141231
0.890320
0.424592
-0.201086
-0.511604
-0.655126
-1.081605
-1.690480
-1.815700
-1.606360
-0.896131
-0.143165
-0.060054
0.380358
0.864095
0.355682
0.008475
-0.332032
-0.889946
-0.751086
-0.945237
-0.742359
-1.140820
-0.997074
-0.352959
-0.086583
0.439199
0.805702
0.904330
0.880125
0.580990
0.271403
0.494514
0.316807
-0.192423
-0.711868
-0.387032
0.222129
0.801369
1.396321
1.040547
0.548343
1.038967
1.029892
1.353517
1.353308
0.860858
0.715089
-0.166774
-0.318183
0.253092
-0.123419
-0.532503
-0.932689
-0.839785
-1.588916
-2.332360
-2.197740
-2.285529
-2.399908
-2.257260
-2.217908
-2.227675
-2.235323
-1.764665
-1.135964
-0.308769
0.157644
0.546208
1.021330
1.373450
1.023872
0.722611
0.887507
0.368803
-0.599586
-1.498812
-1.607917
-0.732269
-0.480345
-0.604069
-0.138517
0.235611
-0.013369
-0.121823
-0.673371
-1.422936
-1.482922
-1.298103
-1.234966
-1.861401
-1.680358
-1.878147
-2.059152
-1.665103
-1.412439
-1.771200
-2.007274
-1.633363
-1.756587
-1.564728
-0.805202
0.078897
0.261560
0.110008
0.564190
0.537702
0.611066
1.129058
1.302228
1.119131
1.170475
1.085692
1.182668
0.842415
0.634219
0.476988
0.393705
0.367551
0.657756
0.952845
1.214522
1.218570
1.529215
2.163655
2.496535
2.855073
2.895467
3.437928
3.990315
3.533051
2.690152
2.446741
2.537049
1.905543
1.226565
0.564022
0.937654
0.562609
0.013573
-0.160215
-0.843886
-1.312145
-1.411624
-1.497346
-0.788376
-0.641636
-0.983322
-0.744968
-0.687134
-0.686344
-0.344988
-0.042478
-0.049826
-0.592755
-0.659721
-1.091000
-0.865954
-0.364780
-0.218896
0.036722
-0.289914
-0.107270
-0.240385
-1.218002
-1.934518
-1.451719
-0.626205
-0.043159
0.087211
-0.593867
-0.384218
-0.104282
0.059744
0.340009
0.224365
0.333407
0.797559
0.962598
0.839658
1.193802
1.660261
2.125883
2.117115
1.217785
0.782556
-0.234189
-1.075595
-0.682403
-0.230099
-0.245539
-0.195148
-0.019872
0.465941
1.175364
0.942737
0.968110
1.663471
2.005920
1.745635
1.136359
1.203391
0.139161
-1.113173
-1.412994
-0.646353
-0.282339
-0.548597
-0.273993
0.591921
0.314887
0.071643
-0.602690
-1.347441
-1.506070
-1.263126
-1.272821
-1.478432
-1.102456
-0.867279
-0.866841
-0.432391
-1.049894
-1.068247
-0.124643
0.489092
-0.248106
-0.650690
-0.476494
-0.099061
-0.332628
-0.882010
-1.073469
-0.925839
-0.994281
-1.310334
-1.515098
-0.930361
-0.497983
-0.297867
-0.695766
-0.613181
-1.119442
-1.159089
-0.464633
-0.356661
-0.198955
0.568568
1.152944
1.369661
0.728767
0.681347
0.591142
-0.003119
0.243095
-0.093699
-0.458791
-0.092086
0.280057
0.320575
0.601673
0.368871
0.693562
0.881834
1.209051
1.300401
0.472584
0.186740
-0.052564
0.148298
0.154703
-0.270910
0.087699
0.231864
0.577756
0.861454
0.434671
-0.339927
-0.405372
-0.463243
-0.055176
0.144113
-0.288952
-0.464279
-0.537581
-0.269578
-0.192816
-0.225783
-0.093790
-0.267847
-0.435635
-0.063336
-0.223746
-0.540542
-0.508286
0.097057
0.478124
0.467830
0.469738
0.688959
0.439458
0.890128
1.509170
1.472919
1.750573
1.493119
1.516703
1.583023
1.301102
0.932989
0.899732
0.709896
0.552209
0.705142
1.211056
0.642392
0.318784
0.643770
1.525268
1.682990
1.057997
1.306455
1.363571
1.322689
1.347878
0.822673
0.864767
0.774174
-0.017148
-0.398331
-0.420828
-0.362844
-0.337776
-1.029554
-1.413418
-1.288115
-1.028786
-1.320754
-1.005104
-0.403295
-0.618768
-0.336701
-0.035185
0.324448
0.280667
-0.071073
-0.205991
-0.365961
-0.717646
-1.175066
-1.214369
-1.057596
-0.935377
-0.469768
-0.871471
-0.979708
-0.913100
-1.016269
-1.567529
-2.331866
-2.505690
-1.862590
-2.012174
-1.588560
-0.779223
-0.454229
-0.671758
-0.810701
-0.469188
-0.018896
-0.150004
-0.517354
-0.491645
-0.318887
-0.168813
-0.116287
-0.499642
-0.484717
-0.241629
-0.399623
-0.536341
-0.612374
-0.135381
0.242477
0.449264
0.463470
0.338305
0.214071
0.321435
0.085938
0.195039
0.154158
0.069012
-0.808414
-1.476662
-0.843376
-0.068453
0.597583
0.539075
0.020403
-0.370121
-0.326743
0.163965
-0.453962
-1.004389
-1.077945
-1.287886
-1.048880
-0.355679
-0.771890
-1.186217
-1.014585
-0.748423
-0.398902
-0.863168
-0.929062
-0.578420
-0.875598
-0.887187
-0.531148
-0.272489
-0.036273
0.023674
0.387716
-0.221848
-1.197503
-1.529309
-0.694608
0.290329
0.983866
1.376968
1.384884
1.551920
1.850256
1.943016
2.392974
1.892676
1.643336
1.483071
0.671695
0.346410
0.596573
0.514564
-0.119135
-0.385819
-0.061894
0.312239
0.570155
0.310230
0.226165
0.361612
0.704950
0.185366
-0.425945
-0.734640
-0.284068
-0.091900
-0.294179
-1.061665
-0.785178
-0.008426
0.475745
0.360771
0.569331
0.646206
0.487753
0.346679
-0.063018
-0.057003
0.202078
0.146325
0.337713
0.236231
0.296070
0.431170
0.220468
-0.621415
-0.537199
-0.646085
-0.044640
0.241818
0.076506
0.418580
0.828639
0.920063
0.581773
0.157043
0.395223
0.618801
0.395600
0.739665
0.630887
0.638847
0.831863
0.723707
0.158126
0.540806
1.035399
1.286231
1.482728
1.423645
1.558829
2.014570
1.512678
1.171394
1.222128
1.038681
0.712321
0.392770
0.224318
-0.307898
-0.826988
-0.502631
-0.520218
-0.403997
0.062888
0.294813
0.412631
0.612395
0.780234
0.497725
0.465038
-0.002541
-0.501884
-0.700569
-0.309482
0.298930
0.750262
0.583248
0.249502
0.558871
0.833747
0.274362
0.064547
0.279341
-0.271178
-1.279845
-1.619525
-1.454044
-1.246303
-1.230297
-1.338014
-1.072457
-0.840076
-0.888596
-0.820729
-0.663344
-1.013523
-1.463450
-1.988611
-2.281002
-1.655613
-0.905014
-0.540461
-0.413246
-0.385975
-0.225998
-0.150364
-0.084985
-0.068733
0.513760
1.347863
0.824381
0.131820
-0.278468
-0.547201
-0.231468
-0.287464
-0.420306
-0.243814
0.207870
1.222481
0.914286
0.472213
0.531373
0.521977
0.203828
0.179364
-0.179894
-0.414852
-0.921313
-0.788557
-0.522758
-0.439633
0.126738
0.251528
0.260936
0.719850
0.729983
0.544987
0.404846
0.056087
-0.294061
-0.193306
-0.478152
-0.643723
-0.727609
-0.877447
-0.493614
-0.334413
0.172472
0.247359
0.595032
0.628790
0.848721
0.717019
0.922557
0.330221
-0.236526
-0.464007
-0.788969
-1.313019
-1.224439
-0.367113
0.201317
0.444354
0.687226
0.180959
-0.369693
-0.445079
0.239622
0.957992
0.984415
0.549999
0.265669
-0.067372
-0.810981
-1.128635
-0.912462
-0.738454
-0.071022
0.287809
0.430154
0.514572
0.596616
0.430287
-0.203925
-0.868190
-0.743759
-0.252498
0.054910
0.286033
0.392991
0.735528
