1.040672
0.634631
1.487558
1.356141
0.305865
-0.070353
-0.162681
0.080594
0.359915
0.708505
0.651423
0.491630
0.517888
1.131810
-0.614865
-1.153405
-0.190056
-0.006104
-0.456395
-0.342178
-0.290486
-0.172779
0.609829
1.621283
1.048936
0.486994
0.287261
0.569081
0.893729
0.047062
-0.673693
-0.570751
1.046624
1.252726
0.328873
-0.233872
0.479897
0.341244
-0.455797
0.044727
0.932657
0.576057
0.921310
0.363229
-0.661725
-0.893296
-1.376835
-0.969243
-1.462521
-1.148604
-0.310107
0.333444
-0.981689
-1.608233
-0.859591
0.023391
1.284350
0.163514
0.154248
-0.063461
0.147205
-0.054376
-0.038787
-0.441645
1.169434
2.602396
1.726250
0.860054
-0.427107
-1.148918
-0.768637
0.008363
-0.146852
0.322923
0.588283
1.120217
0.708584
0.349609
1.249624
0.154043
0.468499
0.462351
-0.619923
-0.349153
-0.797063
0.159562
-0.870199
-0.633180
-0.106256
-0.215920
0.955561
0.613115
-0.569666
-0.769052
-0.646586
-0.128146
-0.581464
-0.375813
-0.212772
-0.685777
-0.210571
0.259915
-0.258038
-1.108351
-2.469576
-2.236051
-0.212574
0.227681
-0.113428
-1.304149
-0.255952
0.677010
-0.032512
-0.096312
-0.169376
-0.263514
0.064915
-0.483108
0.306206
-0.249090
0.175339
-0.036323
-1.312396
-1.157695
0.080256
0.463871
-0.147394
0.484782
0.682984
0.417977
1.523294
1.359973
1.497618
1.912650
1.643266
0.891405
0.441914
0.627060
1.118845
0.799327
0.482521
-0.385423
-0.655951
-1.362517
-2.577150
-1.439358
-0.585649
-1.000007
-1.291944
-0.288293
1.221017
0.850436
-0.804063
-0.981096
0.569539
0.265026
-0.811744
-0.946494
-0.054898
-0.683129
-0.368797
0.230717
-1.006980
-0.616390
0.618013
0.646131
1.045486
1.105771
0.502099
-0.358726
0.035147
0.764437
1.348239
0.355116
1.610727
2.585160
0.477196
0.622752
0.631841
0.180603
1.009737
2.045775
1.840163
0.893124
0.503212
-0.301120
-0.647487
0.380439
0.576252
-0.915192
-1.128133
-0.155109
-0.646777
-0.244944
-0.065947
-0.676180
-1.036825
-0.229700
-0.337044
-0.238280
-0.097286
-0.193915
0.010367
0.200420
-0.641392
-1.001941
-1.100917
0.229161
-0.233627
-0.706524
-0.302302
0.400878
0.273715
-0.674469
-0.200858
0.953584
-0.363983
-0.626721
0.318490
0.363756
-0.272900
-0.586149
1.009304
0.105519
0.057161
-1.035945
-1.002326
0.791903
-0.187244
-1.043963
-1.201924
-1.108114
-1.033299
-0.331665
-1.846975
-0.602055
2.509945
1.951950
-0.409627
-0.409858
0.543817
1.188725
-0.093411
-0.591298
-0.300268
0.244508
0.374886
-0.306323
-0.097813
-1.101274
-0.826494
0.248001
0.133261
-0.385053
0.166233
0.670559
0.264688
-0.477364
-0.682601
-1.022626
-0.747299
0.347474
0.635034
0.252604
-1.487334
-0.786959
-0.226824
-0.689136
-1.161322
-0.368310
0.506415
0.723216
0.450594
-0.048637
0.567264
1.464821
2.113269
1.295526
0.308795
0.731342
-0.336098
-0.197710
0.962036
0.990826
0.247804
-0.103695
0.657081
1.133073
1.146885
-0.009305
-0.313983
0.013818
0.343463
0.691182
0.861128
0.902566
0.893116
1.949110
0.915709
0.481110
0.764682
-0.415651
-1.628253
-1.570337
-0.801145
0.447756
-0.597328
0.199250
1.992853
1.926192
-0.596614
-2.114650
0.069265
0.045999
-0.141342
0.329297
0.799763
0.610491
-0.649102
-0.251333
0.802251
0.852807
-0.361692
0.000494
1.142321
-0.109418
-0.683082
-0.513342
-0.103425
0.522627
1.366307
1.661239
0.377199
0.422975
0.011420
0.470671
0.304694
-1.020987
-0.377913
-0.226378
-1.341341
-1.977460
-1.346606
-1.084427
-1.468404
-1.179761
-1.166967
-0.985595
-0.603678
-0.471493
-0.733588
-0.738198
-1.108370
-1.988111
-2.459714
-1.864930
-1.185944
0.060022
-0.053467
0.278671
1.277322
0.786010
0.999173
1.344811
1.398427
2.760716
2.084469
0.585671
-0.310634
0.195208
1.058954
-0.181540
-0.689371
-0.137901
0.404999
-0.322300
-0.151228
-0.903288
-1.237569
-0.628948
-0.067710
0.454324
-0.137555
0.044032
0.137619
0.165025
0.670272
0.753646
0.692716
0.380257
0.547062
0.659012
-0.117201
-0.659093
-0.523933
0.193945
0.452091
0.459957
-0.912622
-0.260873
-0.456410
-1.359470
-2.261240
-1.907898
-1.461459
-0.921226
-0.842295
-0.435292
0.733300
0.464270
0.502791
1.351745
-0.024951
0.149646
2.556507
2.350290
3.339084
3.337297
2.644380
2.000322
1.793866
2.057520
1.236111
0.750420
0.543122
0.959299
1.708583
1.104550
0.739094
1.122176
1.606729
3.130710
2.780036
3.339179
3.248234
2.514912
1.872866
-0.727441
-0.328823
0.338595
0.788728
0.443105
0.357283
0.445604
-0.312814
-0.856844
-0.043269
0.396883
-0.204845
-0.425876
-0.080529
-1.166832
-1.558250
-1.539911
-3.061497
-2.914649
-1.015956
0.203991
0.323821
0.174904
-0.562501
-1.320515
-0.999761
-0.521841
-0.565878
-0.114150
0.344966
-0.945180
-1.535838
-1.730969
-2.358237
-1.839298
-1.712552
-2.653313
-1.459293
-1.878280
-2.529818
-0.861418
-0.431703
-0.662650
-0.127493
0.546691
0.127037
-1.833664
-1.560408
-0.478206
-0.380462
0.392948
-0.223837
0.036045
-0.246591
-2.462970
-2.561598
-1.532100
-1.606168
-1.049351
0.293855
0.609869
-0.836716
-1.093151
-0.361540
-0.558484
-0.925991
-0.088804
0.678882
0.183688
-1.125119
-0.771473
0.957695
0.829831
-0.223794
0.512864
0.588922
0.409957
-0.141348
-0.268974
0.214921
0.347875
0.419955
-0.287832
-0.131525
-1.243328
-0.181637
1.172682
-0.069228
0.280871
0.100585
0.018715
-0.617357
0.583993
0.053814
-0.022055
0.415029
0.374281
-0.176271
-0.518434
-0.676475
0.206592
0.401070
-0.591945
-0.246481
-0.684675
0.534057
1.641569
1.950159
0.786285
0.468882
0.126265
-0.754533
0.563474
0.896544
1.141045
0.006667
-0.193234
-0.954812
-0.787432
0.579455
0.512841
0.075263
-0.087558
-0.508730
0.100855
-0.297576
-0.194461
0.869845
0.728440
-0.688335
-0.657176
0.480331
-0.062918
-0.823476
-0.581384
0.267995
-0.316017
-0.794377
0.150418
0.751230
-0.803008
-1.746699
-1.101079
-0.463265
-0.015470
-0.452795
-1.023321
-1.611748
-0.613739
-0.699066
0.325240
0.769251
0.189581
-0.257633
-0.954878
0.025344
-0.275424
-0.855289
-0.822800
0.447957
0.524525
0.952067
1.068022
0.272032
-0.018657
0.075305
-0.180596
0.399417
0.041415
-0.144140
0.052305
0.856572
0.083912
0.824926
-0.337438
-0.550662
0.810078
0.232953
0.147315
0.121142
-0.493448
0.193550
1.441602
0.957811
0.783754
0.258349
0.898079
-0.473594
0.382308
1.437147
0.674773
2.114790
0.310368
0.257656
1.247656
0.216160
-0.139986
0.179284
-0.427077
-0.484751
-0.773875
0.532898
0.209136
-0.191720
0.311943
0.412790
0.566721
1.786925
1.339915
0.546217
-0.229326
-0.055638
0.528778
0.576231
-0.611602
-1.401880
-1.819569
-1.314292
-0.290754
0.074214
-0.659306
-0.485573
0.083852
0.880014
-0.363267
-0.112141
0.523330
1.476054
0.003708
-0.292106
-0.295363
-0.249316
0.240807
0.370659
0.577622
-0.400630
-1.103833
-0.382168
0.115127
-0.989271
-1.656877
-0.264868
0.436933
-0.716232
-0.740432
0.427342
-0.195096
-0.239393
0.042676
-0.297528
-0.986933
-2.410784
-0.699358
0.686128
0.068417
-0.066960
-0.668682
-0.839502
0.052052
0.045221
-0.148892
-1.167572
-1.015556
0.826022
0.530380
0.617949
1.114925
1.197910
0.673727
-0.496669
0.891374
0.211299
-0.106054
0.636365
-0.071754
-1.493881
-2.275789
-3.159316
-2.626551
-2.139332
-2.161525
-1.410707
-2.308615
-3.112874
-2.086296
-2.437992
-2.686850
-2.169571
-1.351500
-1.109243
-0.334239
-0.003941
-0.477977
-1.496906
-1.084146
0.370412
-0.016786
-0.929281
0.265459
0.510216
0.844574
-0.237168
-1.146302
0.322966
0.408425
-1.237554
-0.452701
0.290127
1.042437
0.950643
0.404517
0.694668
0.149497
0.315421
0.848677
0.995653
0.466070
1.249320
1.567245
0.029513
0.145648
0.619595
1.023110
0.301925
-0.425000
0.827695
0.507239
-0.079355
0.105488
0.655421
2.811759
1.235764
1.254350
2.224083
0.939144
1.061586
1.824941
1.605883
1.355859
-0.103383
-0.397121
0.849102
1.329883
0.811644
0.888899
0.873219
-1.044681
-0.419083
-0.004191
0.312557
1.576790
1.088369
0.665459
0.812179
1.002392
0.593742
0.606270
0.272091
0.233434
1.457675
1.286629
-0.124579
-0.104449
0.790328
0.393287
-0.147573
0.084760
-0.557666
-0.825759
-1.565224
-1.288637
-0.341356
-0.355684
-0.973013
-0.956458
-0.420211
-1.135425
0.294909
0.616860
-0.674476
-0.603553
-0.584834
-0.380434
-0.361213
1.249249
-0.234537
-1.475242
-0.032693
0.063005
-0.625691
-2.185742
-2.105752
-0.150403
1.304733
0.676399
-0.074584
0.129976
-0.111960
-0.346043
0.326433
0.901442
1.097843
0.775490
1.621345
2.613384
0.973481
-0.129936
0.365046
0.592771
0.472414
0.058257
-0.469783
-0.390879
-0.158525
-1.163499
-1.488420
-0.813257
-0.655648
-0.533949
-1.051729
-1.602138
-1.001605
-0.470671
0.106486
0.389920
0.040964
-0.048752
0.315547
1.431608
0.056400
1.179704
1.786953
1.523399
-0.487638
-1.352293
-1.157908
-0.052830
0.793667
1.322560
1.149990
1.508763
1.197500
0.805475
0.925037
0.135256
-0.505024
0.741126
1.392821
1.165003
1.056559
0.920975
1.053318
0.743731
-0.052088
-0.290937
-0.142211
0.053505
-0.082006
-0.675029
-0.140469
-1.006045
-1.894577
-1.538668
-1.891524
-0.789061
0.419434
0.520692
0.713538
-0.450835
-1.341066
-0.142708
-0.297547
0.241209
1.415797
0.666474
0.809107
-0.168503
-0.645323
0.344115
1.517583
-0.074177
0.782162
0.208436
-0.974637
-1.003744
-0.152698
0.298100
0.528391
1.088110
1.772029
1.323523
0.789156
-0.805077
-0.127816
-0.029757
-1.326478
-0.743850
0.982182
0.719756
0.264065
0.686986
1.024484
0.782490
0.853442
1.733431
1.232685
-0.145420
-0.484307
0.015915
-0.333607
-0.243765
0.530307
0.027658
-0.020441
0.240362
0.455195
-0.295154
-0.286353
-1.059953
-1.991766
-2.437097
-1.584719
-1.081610
-1.440452
-1.475702
-1.764753
-1.687283
-0.569765
-0.916762
-1.359909
-1.357409
-0.027447
1.531261
1.899716
1.549343
2.568113
2.850441
1.713496
1.001031
1.619944
0.862982
0.635351
1.899282
0.375186
-1.006717
-0.318631
-0.003883
-0.224013
-1.709908
-1.106079
-0.968476
0.185301
1.336240
0.609177
0.382972
-0.374602
-0.692526
-1.122358
-0.286486
-0.337113
-0.050927
-0.327626
-0.937582
0.118392
0.674062
-0.928123
-1.429770
-1.767727
-0.941836
-1.357072
-1.846875
-2.289920
-2.520292
-1.407844
0.203935
-0.608892
-0.477727
0.311227
-0.293012
-0.312218
-1.059609
-0.026340
1.011397
1.862798
2.394964
0.458995
-0.565738
