-1.846432
-1.173351
0.482873
0.662060
0.013137
0.565431
1.222999
1.292549
0.655365
-0.364333
-1.307208
-1.304590
-1.278905
-0.574295
0.072131
0.476507
0.752282
0.178390
-0.078481
0.316311
0.362034
-0.863615
-2.233378
-2.358385
-1.688583
-1.011589
-0.303625
-0.785345
-0.641301
0.075765
0.461169
0.254996
-0.511762
-1.360913
-1.745144
-1.659709
-1.016530
-0.253016
0.361811
0.667359
0.581057
0.706178
1.166774
1.107398
0.922327
0.565419
0.277973
0.346836
0.196030
0.036089
-0.244300
-0.112487
0.629285
0.954638
0.738943
0.053075
-0.145790
0.178213
0.024493
-0.171743
0.017459
0.428694
0.442695
-0.514243
-1.138441
-0.883550
-0.635548
-0.380042
0.682631
1.365729
1.412917
0.630435
0.194537
0.027030
0.117102
0.003296
-0.218871
-0.991064
-1.661499
-0.868720
-0.287673
-0.442164
-0.087089
0.749792
1.237697
1.214526
1.025206
0.644379
-0.066205
-0.754833
-0.733295
-0.451449
0.701421
1.115327
0.782719
0.215603
-0.044692
-0.155775
-0.305842
-0.434876
-0.599646
-1.064424
-0.347207
0.516249
1.216596
1.132793
0.733491
0.535898
-0.363438
-0.994523
-1.385866
-1.730436
-0.590818
0.683952
1.359557
2.015529
2.014721
2.117689
1.643423
1.586593
1.378362
0.891785
0.481962
0.029336
-0.339165
-1.177023
-0.837257
-0.266636
-0.385109
-1.218240
-1.407980
-1.553218
-1.578489
-1.501595
-0.263200
1.133425
1.321296
1.632958
1.486662
0.463429
-0.118224
-0.160840
0.187039
-0.451098
-1.250500
-1.260642
-1.086172
-0.723517
-0.393424
0.513678
1.429455
1.688887
1.977652
2.408105
2.026747
1.604305
0.929458
0.809142
0.575751
0.159760
0.592464
0.393951
-0.426155
-1.258470
-1.332243
-1.157253
-0.501446
-0.152250
-0.546858
-1.619329
-2.008237
-0.908522
-0.088410
-0.243405
-0.594581
-0.606830
0.162028
0.592088
0.899586
1.082328
0.496331
-0.939422
-1.272317
-0.347496
0.484010
0.054560
-0.255090
-0.658974
-0.927844
-0.941692
-0.542093
-0.401589
-0.401995
-0.337583
-0.027161
0.605760
0.874836
0.865637
1.211120
1.892767
1.425729
0.448766
-0.257239
-0.829155
-1.141913
-1.022440
-0.666603
-0.504775
-0.627475
-1.055782
-1.134649
-0.498801
-0.317218
-0.577953
-1.037802
-0.885452
-0.294113
0.213996
0.621014
1.106352
1.271536
1.581860
1.836524
1.168113
0.233798
0.431618
0.761147
0.602186
-0.429732
-1.058048
-0.610437
0.363933
0.433271
-0.118988
-0.152843
-0.215714
-0.817551
-1.174836
-1.227419
-1.522004
-1.254912
-0.377772
0.390061
0.533748
0.649744
0.547451
0.223376
0.052023
-0.648039
-1.551410
-2.045821
-2.559016
-2.219469
-1.055689
0.184230
0.641454
1.462183
2.273950
2.088105
1.783407
1.588078
0.945690
0.166200
-0.329043
0.171601
0.209771
-0.171647
0.595550
1.055941
1.179479
0.786234
0.095032
-0.000844
0.291293
-0.192558
-0.569580
-1.463263
-1.462053
-0.725454
-0.194151
0.473583
0.302802
0.163389
-0.257600
-0.931349
-1.547766
-2.046144
-1.911662
-1.009063
-0.125952
0.339488
1.082196
1.086039
0.511006
0.069230
-1.081653
-1.684566
-1.768200
-1.511033
-0.717532
-0.166353
0.399297
0.786982
1.136199
1.682995
1.624390
0.830534
-0.527358
-1.279873
-1.042617
-0.356943
-0.095953
0.690824
1.262875
1.093225
1.222255
2.092325
2.070707
1.526687
1.289510
1.645611
1.246287
1.189689
1.665293
1.508437
1.415554
0.750663
0.312249
0.237806
0.357476
-0.513353
-1.582625
-1.554896
-1.218723
-1.293952
-1.324104
-1.327147
-1.040236
-0.905969
-1.066461
-1.030780
-0.712615
-0.442516
0.681703
1.375290
1.489115
1.796365
2.108303
2.008714
0.943548
0.560623
1.147318
1.404294
1.057471
0.777225
0.422584
-0.298944
-1.101410
-1.350863
-1.791602
-2.077164
-2.372947
-2.329030
-2.165459
-1.969088
-1.333616
-1.350887
-1.070501
-1.283921
-1.270786
-0.636171
-0.125272
0.007342
0.802658
1.144912
1.376230
0.935401
0.255690
0.099419
-0.244869
-0.482053
-0.157834
0.497236
0.958242
1.631714
1.361258
0.930538
1.304772
1.843027
2.006364
1.715097
1.223999
0.524783
0.035969
-0.729982
-1.268361
-1.479769
-1.471268
-1.523802
-1.381052
-0.964408
-0.149027
0.369574
0.540110
0.497041
0.240301
-0.134997
-0.807872
-1.383293
-1.480955
-1.300350
-0.827859
0.450134
0.606221
0.406616
0.224232
0.229205
0.669462
1.078512
0.646895
0.165714
0.407477
1.001136
1.304007
0.822760
-0.284489
-0.498898
0.882258
1.883958
1.487506
0.294125
-0.259389
-0.573536
-0.956676
-1.189442
-0.813873
0.091259
0.266800
0.182908
0.487969
1.040489
0.732933
0.211127
0.139347
-0.102058
-0.741040
-0.746585
-0.644930
-0.892414
-1.240600
-1.374462
-0.724376
-0.189218
0.272625
0.233885
0.217527
0.300601
0.362817
0.024985
-0.108760
-0.477392
-0.422674
-0.576475
-0.438727
-0.180369
-0.366230
-0.099992
0.069097
-0.020213
0.248637
0.427148
0.156992
0.273632
0.314603
-0.089725
-0.171676
-0.314236
-0.883407
-0.942924
-0.559512
-0.817957
-0.804730
-0.739755
-0.583470
-0.636698
-0.698888
-0.462869
0.088481
1.164545
1.844758
2.033520
2.254526
2.165947
1.909695
1.547336
1.012555
0.149877
-0.010324
0.165807
0.232698
0.005292
0.418543
0.531781
-0.044823
-0.095166
-0.243411
-0.384009
-0.215342
0.010552
0.192902
0.427623
0.201180
0.119812
0.254150
0.348435
0.383487
0.376895
0.200528
0.116311
0.362269
0.504081
0.392892
-0.577222
-0.988677
-0.774174
-1.049884
-1.361415
-0.842718
-0.823861
-1.370699
-0.811916
-0.137403
-0.187448
-0.077223
0.167395
0.304120
0.457249
0.217611
0.097923
0.388491
0.252586
-0.142374
-0.078411
-0.415105
-0.431613
0.446039
0.751107
1.037807
1.725701
1.581619
1.143150
0.918549
0.636031
-0.135774
-0.231054
0.216481
-0.180903
-0.388978
-0.486184
-0.336640
-0.271584
-0.168850
-0.235899
-0.438359
-0.515224
-0.792603
-0.884048
-0.706404
-0.124518
0.569255
0.624572
0.548357
0.423856
0.191562
0.054155
0.165039
0.264162
0.642234
1.717605
1.411532
0.506193
0.167855
0.070146
-0.590503
-0.826053
-0.816331
-0.895834
-0.858933
-0.309776
-0.536042
-0.494376
0.654086
1.093269
0.821717
0.744249
0.032200
-0.455092
-0.682100
-0.887535
-1.080596
-0.464845
-0.132940
-0.196078
-0.131559
0.243263
0.513295
0.644556
0.823840
0.512724
0.110987
-0.409452
-0.718577
-0.909356
-0.867531
-0.647469
-0.874057
-0.898269
-0.860824
-1.129014
-1.038721
-0.734129
-0.001696
0.266960
0.103126
-0.096784
-0.064306
-0.001456
-0.095297
-0.424179
-0.870157
-0.919631
-0.321319
0.080822
0.055307
-0.248090
-0.349352
-0.107507
-0.370028
-0.227703
-0.073029
-0.137253
-0.128223
-0.039796
0.690012
0.606358
0.203449
0.080036
-0.174603
-0.165429
-0.083152
-0.041258
0.223310
0.400874
0.911655
0.922855
0.959036
1.285407
1.067792
0.780506
0.552117
0.823139
0.888218
0.968365
1.244736
0.769031
0.180804
0.358431
0.505899
0.103940
-0.491452
-0.671327
-0.632986
-0.475996
-0.071949
0.281120
-0.307132
-0.562052
-0.572927
-0.352630
-0.753633
-0.609047
-0.188185
-0.023170
0.156196
0.560435
1.108835
1.098361
1.217567
1.118311
0.879294
0.499333
0.093513
0.119471
0.167749
0.163306
-0.068711
-0.223818
0.043031
-0.137081
-1.034668
-1.745508
-1.718169
-1.635947
-2.223705
-2.149865
-1.882977
-1.159461
-0.346920
0.819814
0.976685
-0.133351
-0.919704
-0.867722
-0.535804
-0.294384
-0.258558
-0.266365
0.307322
0.691576
-0.119130
-0.400278
0.376313
0.503767
0.279619
-0.143207
0.002804
0.219673
-0.268826
-0.267971
-0.102851
0.016898
0.242213
0.517266
1.058270
1.570123
1.313138
1.086849
0.943839
1.448347
1.961055
1.655637
1.139412
1.135727
-0.082283
-1.338711
-1.402241
-1.041405
-1.088449
-0.379617
0.906144
1.201980
0.943958
0.337576
0.157728
0.268908
0.257942
0.208967
0.018905
-0.295236
-0.523675
-0.283336
0.397957
1.086226
1.533169
1.446052
0.576551
-0.558114
-1.133066
-1.076767
-1.060074
-0.628102
-0.009666
0.394647
0.489383
0.587007
0.213496
0.086760
0.115883
-0.688470
-1.587361
-2.053490
-1.685462
-1.105877
0.276230
1.287099
1.366016
1.353352
1.011315
0.422982
0.336802
0.469294
0.641539
0.866811
0.285070
-0.166160
-0.645611
-0.876759
-0.289843
0.068426
0.231900
-0.590200
-1.243284
-1.140312
-0.635169
-0.620592
-0.120851
-0.194132
-0.240793
0.168805
0.453154
0.785325
1.246364
1.435822
2.419773
2.229047
1.632282
1.503898
0.975262
0.697849
-0.450002
-1.324360
-1.948359
-1.658894
-0.850258
0.007704
0.542753
1.252643
1.321866
0.951816
0.493537
0.025042
-0.247071
-0.332107
-0.590992
-0.662171
-0.578057
-0.415986
0.103291
0.576881
0.581732
0.751993
1.352879
1.652590
1.398538
0.808221
0.420474
0.311673
-0.209245
-0.538103
-0.765852
-0.855094
-1.168842
-1.164991
-0.851569
-0.563181
-0.453192
-0.325931
0.067846
0.168112
0.054813
-0.759624
-1.392408
-1.704384
-2.373686
-2.339471
-2.515249
-3.014078
-3.631605
-3.825379
-3.466866
-2.170553
-1.322843
-1.448319
-1.490696
-2.209276
-2.328658
-2.341121
-1.724666
-1.263661
-0.582334
-0.031667
0.442272
0.902063
1.136012
1.131170
1.076254
1.124959
1.297536
1.861140
2.029972
1.757107
1.689402
1.234295
0.818504
0.250644
0.604016
1.088317
1.198255
1.730172
1.608666
1.883970
1.988916
1.744403
1.539575
1.416276
0.659900
0.151202
0.044380
0.200371
0.833911
1.299347
1.070392
0.609781
0.913467
1.076787
0.487940
-0.080284
-0.922593
-0.892603
-0.368712
-0.102737
-0.279272
0.193553
0.452321
0.364080
0.425664
0.151856
-0.106327
0.449323
0.641802
0.658496
0.302557
0.025998
0.257034
0.774460
1.574451
1.606941
1.246330
1.103271
0.885227
0.653880
0.705840
0.549740
-0.101378
-0.552559
-0.396950
0.177912
0.109629
-0.082503
-0.236017
-0.128835
-0.042130
-0.441441
-0.968536
-0.810250
-0.619119
0.021469
0.064107
-0.501002
-0.491042
0.665537
1.226225
0.964415
0.735394
-0.037760
-1.092055
-1.639697
-1.490599
-0.883486
-0.367352
-0.186818
-0.353246
-0.466097
-0.654394
-0.348373
0.044486
-0.284852
-1.262613
-1.761401
-0.621246
1.262779
2.241817
2.567629
2.109743
1.167225
0.123509
-0.520153
-1.139927
-1.876988
-2.470435
-2.533283
-2.142052
-0.898775
0.148483
0.651196
0.663534
0.617359
0.282819
0.033609
0.519959
0.878928
0.638882
-0.509987
-1.706720
-2.307447
-2.599158
-2.826709
-2.674352
-2.479235
-1.354787
-0.796160
-0.379183
0.219315
0.784711
1.352157
1.548542
1.383760
1.006181
0.158804
-0.980350
-1.100826
-0.770482
0.150665
0.709230
