-0.422045
-0.492400
-0.142212
0.228382
0.008089
-0.361234
-0.455831
-0.383990
0.230625
1.079665
0.847751
0.679960
0.218018
-0.146820
-0.090312
0.530957
0.174034
-0.463459
-0.580806
0.176488
0.224491
-0.309563
-0.019443
-0.823046
-1.399300
-0.979803
-0.855455
-1.376919
-2.047292
-1.249553
-0.493005
0.594375
0.722388
0.444891
0.030869
-0.204217
0.014565
0.368410
0.558325
-0.087830
-1.173197
-1.357273
-1.337432
-1.239489
-1.118980
-0.688102
-0.178225
0.056324
-0.119556
0.535710
0.887529
1.020852
1.357919
1.228697
0.649637
0.544825
0.811076
0.846222
0.518125
-0.363972
-0.487064
-0.689845
-0.508571
-0.419511
-0.629393
-0.677630
-0.894511
-0.610426
-0.083016
0.350415
0.239001
-0.142965
0.200867
-0.313080
-0.547855
-0.014788
-0.093878
-0.305782
-0.393730
-0.327219
-0.006293
0.316099
0.539312
0.478929
0.204460
-0.143151
0.304277
1.364951
1.232894
0.639553
0.338844
0.315487
1.096161
0.898743
0.366220
-0.093157
-0.382540
-0.175727
-0.180136
0.177531
-0.340608
-0.860220
-0.393980
0.406531
1.029637
0.610275
-0.007716
0.925690
1.085463
0.872804
0.922035
1.032539
0.983808
1.242740
1.336236
1.073991
1.236536
1.200996
1.166081
0.935206
0.542205
0.830131
1.036870
0.864745
0.109999
-0.820919
-1.595184
-1.619831
-1.755262
-2.690544
-3.238605
-3.062175
-2.929103
-2.846665
-2.127951
-1.229977
-1.183892
-0.681669
-0.835763
-1.295654
-0.949092
-0.500960
0.216619
0.496107
0.597825
0.920703
1.769112
2.159398
1.535486
0.730552
0.754746
0.218789
-0.609315
-0.303038
-0.072090
0.618234
0.693832
0.397755
0.467308
0.674453
0.995256
0.612970
0.691813
0.593894
0.007808
-0.289583
-0.388572
-0.501117
-0.604475
-0.640365
-0.588451
-0.363876
0.045145
0.203545
-0.195653
-0.050407
-0.176258
-0.351078
-0.661001
-0.632581
-0.956548
-0.900242
-0.274651
0.098414
0.522396
1.368433
1.031880
0.589000
0.617058
0.594585
0.374173
-0.617366
-0.788457
-0.722267
-0.704499
-0.170168
0.301938
-0.359548
-0.644423
-0.214958
-0.410229
-0.509084
0.024857
0.704155
0.527630
0.827613
1.227131
1.405538
1.428882
1.442200
1.357687
1.409722
1.114794
0.166399
-0.008886
-0.336040
-0.333043
-0.248756
-0.460973
-0.416154
0.095194
-0.221339
-0.596631
-0.187098
-0.407191
-0.523184
-0.311306
0.342640
0.680700
0.795582
1.120811
1.216808
0.802944
0.684411
1.142200
1.236307
0.560802
-0.176705
0.106526
0.281691
-0.416479
-0.103221
0.416421
0.245552
-0.116873
0.263064
-0.089408
0.046152
-0.235337
-0.409277
0.194468
0.116635
0.159293
0.800585
0.699027
0.222494
-0.514244
-0.273089
-0.482678
-1.313667
-1.363172
-1.251927
-0.801366
-0.200909
0.675493
1.378528
0.960432
0.652571
1.489407
0.967048
-0.290854
-1.055271
-1.156164
-0.492799
-0.543134
-1.300083
-1.790215
-0.801073
-0.320683
-0.715547
-0.796568
-0.819009
-0.477593
0.038887
0.269509
0.897378
0.840582
0.664471
0.349669
-0.157278
-0.302685
-0.625521
-0.943335
-1.418665
-1.422595
-0.561967
-0.411853
-0.667457
-1.196355
-0.641209
-0.360436
-0.224737
0.041648
0.102170
0.053728
-0.342557
-0.895760
-0.594987
-1.102546
-1.497113
-0.904627
-0.777933
-0.720506
-0.577707
-0.437898
-0.290811
-0.475588
-0.331315
0.054383
0.607686
0.668594
0.884488
0.992717
0.863387
0.683204
0.244308
0.167444
0.179228
0.097159
0.394927
-0.252691
-0.292347
0.072337
0.111273
0.191739
0.490176
0.316278
0.805560
1.282822
1.267025
0.823242
1.188415
1.315543
1.571937
1.360769
1.327640
1.337128
1.188213
0.746760
0.223862
0.299203
1.280100
2.224320
1.844317
1.521015
1.449704
0.808068
0.574716
-0.031969
-1.020231
-1.673914
-1.509794
-1.627147
-1.941930
-2.386324
-2.507665
-2.360766
-2.039695
-1.772747
-1.753461
-1.198036
-1.622615
-1.647057
-0.919237
-0.534779
-0.448035
-0.450873
-0.053784
0.425280
0.855658
0.913858
1.115013
0.698013
0.220832
0.629236
0.662731
0.521966
0.285613
0.225284
0.576065
0.757157
0.874396
1.257055
1.374393
0.522797
0.085424
0.181628
-0.135865
-0.359619
-0.699742
-0.399049
-0.151474
0.256838
0.115571
0.063286
0.263329
-0.162428
-0.094299
-0.072593
0.305244
0.002202
-0.952763
-0.185507
-0.015831
-0.404076
-0.263911
0.412133
1.558442
1.672918
1.692195
1.325137
1.110967
0.948284
0.291992
0.424777
0.014048
-0.395374
0.151488
0.268008
0.152990
-0.021020
0.183521
-0.326246
-0.914478
-1.349023
-1.759296
-2.398099
-2.526604
-2.450969
-2.112151
-1.832401
-1.332617
-0.588400
-0.016210
0.371398
0.818196
0.651048
0.933760
0.653715
-0.069025
0.441930
1.002405
0.602164
1.120949
1.244078
0.726124
0.488437
0.222947
0.338396
0.356788
0.443102
0.827877
0.660740
0.658771
0.124031
0.080161
1.041817
1.228229
0.627468
0.265313
-0.020974
-0.148165
-0.175771
-0.459843
-0.578791
-0.174025
-0.331191
-0.634220
-0.543604
-0.781845
-0.242398
0.759987
0.497561
0.833294
0.928423
1.020878
0.951821
0.910733
0.462695
0.895417
0.937680
1.176456
1.742138
1.291409
1.221185
1.287744
0.988031
0.806607
0.503266
0.252545
-0.161595
-0.203520
-0.407939
-0.714357
-0.777065
-0.935694
-1.083475
-1.068186
-0.982568
-1.106005
-0.844836
-0.440733
-0.205980
-0.057879
-0.453856
-0.573845
-0.907967
-1.270643
-1.202471
-0.611631
-0.450490
-0.234202
-0.493747
-0.466722
-0.057149
-0.195267
-0.214312
0.198961
-0.111926
-0.392635
-0.432819
-0.667400
-0.556751
-0.437618
0.168541
0.489912
0.492893
0.560377
0.762510
0.758377
0.928215
0.819646
0.068191
0.016656
-0.162578
-0.339047
-0.666076
-0.667252
-0.560274
-0.553281
-0.207481
0.203541
0.218918
-0.141668
0.080164
-0.082581
-0.362045
-0.428001
-0.201104
-0.033838
-0.291391
-0.848674
-0.273669
-0.331030
-0.415771
-0.565355
-0.829604
-0.460700
-0.638781
-0.366626
0.194275
0.115056
0.302270
0.865742
1.367986
0.661042
0.445861
1.040535
0.916203
0.244695
-0.265508
0.015219
0.405016
0.669296
0.070745
-0.255034
0.311063
-0.138564
-0.352714
-0.272884
-0.224554
0.558488
0.881631
0.743294
0.660291
0.858298
0.799359
0.380857
0.156775
0.102551
0.293498
0.005679
-0.229768
-0.326879
-0.406370
-0.103862
-0.281206
-0.737300
-0.751017
-0.540167
-0.138146
0.506480
0.464396
0.178829
1.087191
0.996021
0.801070
0.839950
0.378448
-0.509816
-0.666729
-0.344749
-0.868148
-0.885331
-1.108121
-2.228365
-2.488282
-1.760212
-1.291196
-1.304582
-1.200509
-0.692305
-0.080731
0.552095
0.715113
0.440037
0.370196
0.236993
0.398720
0.247173
0.344608
0.186324
-0.220913
-0.738215
-0.496381
0.215495
-0.254643
-0.703607
-0.525256
-0.102872
-0.059086
-0.087081
0.115899
0.681412
0.693760
0.243355
0.432505
1.016981
1.195358
1.102203
1.230349
1.306900
1.070803
0.714539
-0.153602
-0.316592
0.379149
0.551335
0.437468
-0.062707
-0.099978
-0.057710
-0.704201
-0.414990
-0.025749
-0.018125
0.195956
-0.152530
-0.397554
-0.503160
-0.675437
-1.372325
-1.683098
-1.151277
-1.364172
-1.422924
-0.439459
0.357714
0.411725
0.460661
0.700324
1.086920
0.949699
0.998122
1.329701
1.571411
1.893127
1.850834
1.974339
1.809146
1.342728
1.199894
0.639195
0.152189
0.065318
0.193711
-0.320908
-1.386288
-1.070996
-1.232150
-1.648337
-1.364027
-1.136060
-0.931171
-1.155326
-0.618316
-0.470694
-0.987071
-1.044133
-0.957296
-0.608716
-0.408695
-0.597456
-0.846967
-0.325307
1.001282
0.574682
-0.475807
-0.643104
-0.292827
-0.319437
-0.395497
-0.419137
-0.142357
0.433929
0.143495
0.379441
0.385217
0.612137
1.513869
1.501614
1.420392
1.911442
1.546845
1.303261
1.394359
1.794598
1.745001
0.887372
0.829145
1.152894
0.870834
0.697446
0.004054
-0.543935
-0.726646
-0.932083
-1.139197
-0.331877
-0.254446
-0.145698
0.461224
0.409930
-0.267710
-0.207489
-0.346572
-0.953360
-1.267571
-1.217497
-1.033255
-1.208371
-1.514385
-1.070998
-0.305656
-0.532076
-0.782919
-0.910566
-0.222343
0.364175
0.192808
0.505678
1.089259
1.076914
0.963889
0.441592
0.201790
0.512231
0.127927
0.467144
-0.130199
-0.645085
-0.284532
-0.360653
-0.348249
-0.028547
0.099013
0.000416
0.325393
0.232476
0.405493
0.318736
0.091452
0.034315
0.264355
0.616904
0.845793
1.264904
1.876764
2.167393
1.658838
1.366509
1.389294
0.778511
0.714580
0.670152
0.507328
0.195081
0.102662
-0.200905
-1.146620
-1.137162
-1.012730
-1.193526
-1.114408
-1.146740
-1.530305
-1.408601
-0.851604
-0.925471
-1.103846
-0.642136
-0.288386
-0.052878
-0.006609
0.905144
1.327150
1.010713
1.592799
0.961268
-0.030819
-0.669883
-0.985638
-0.979692
-0.930497
-0.593486
-0.364810
-0.321338
-0.402912
0.388195
0.788439
0.514592
0.827181
0.833861
0.523299
0.341299
0.464976
0.446644
-0.104642
-0.645447
-0.438677
-0.524194
-0.565658
-1.402308
-2.632874
-2.919624
-4.267071
-5.153465
-5.182885
-4.738014
-4.160114
-3.545760
-2.938074
-1.932369
-1.820459
-1.629651
-1.112375
-0.479644
0.363538
0.715510
1.303236
1.912755
1.449761
0.803031
0.895109
0.723934
0.173082
0.387862
0.907344
2.033392
1.902274
1.433217
1.356170
1.688431
1.225239
1.582203
1.808342
1.693336
1.821743
1.586188
0.793702
0.275294
-0.272361
-0.383360
-0.445753
-0.088973
0.716306
0.970255
1.506217
1.844030
2.218021
2.401868
2.485935
1.982955
2.156716
2.175724
1.851034
1.890278
1.947116
1.477876
1.247936
2.040974
2.334324
1.540949
1.001791
0.407012
-0.183643
-0.660948
-1.121046
-0.996359
-0.613518
-0.268243
0.495399
0.200114
-0.530567
-0.789321
-0.892859
-1.522643
-1.266539
-1.270375
-1.015714
-0.109911
0.276648
0.763100
0.862439
0.367438
0.543810
0.857883
0.280306
-0.104557
0.067486
-0.302241
-0.538329
-0.488258
-0.574241
-0.555970
-0.177017
-0.458606
-1.074935
-0.712536
-0.367495
-0.407052
0.052363
0.088285
-0.010421
0.608122
0.755689
0.642199
0.638296
-0.175241
-1.093901
-1.402044
-1.085538
-2.022429
-2.724994
-2.555895
-1.625306
-1.490888
-1.915094
-2.296742
-1.852151
-0.911925
-0.803594
-0.434828
0.377490
0.143599
-0.026446
0.073905
0.532254
1.036812
0.202282
-0.032843
-0.084598
-0.353130
-0.508455
-0.108050
0.234825
0.513178
0.637078
0.525770
-0.094116
0.138193
0.697943
0.741243
1.217214
2.206170
2.213814
2.121651
1.799240
1.526407
1.451377
1.245318
0.385533
-0.278940
-0.633813
-1.147468
-1.755299
-1.936963
-2.026386
-1.484882
-1.267450
-1.731927
-1.699416
-1.001158
-0.539183
