-0.444168
0.505819
1.262099
1.795094
1.879437
1.864078
1.567494
1.043370
1.153825
1.504701
1.576679
1.526493
2.083353
2.046327
1.553910
1.686684
1.809529
1.755297
2.387744
2.751287
2.484286
1.951353
1.753283
1.672532
1.939514
2.304510
2.289788
2.159298
1.512424
0.918137
1.027053
1.611559
2.101033
1.962087
1.621162
1.286119
0.824014
1.259070
2.365205
2.283297
2.006723
1.869524
1.863726
2.440571
3.223159
3.511602
3.151316
2.132374
1.118074
1.072934
1.119039
1.394618
1.436050
1.447301
1.369208
1.560069
1.749262
1.709937
1.266450
1.137933
0.636103
0.217383
-0.125269
-0.247208
0.019672
0.119455
0.677144
1.030865
0.995408
0.577505
0.734671
1.068530
0.897342
0.215298
-0.555591
-0.811310
-0.207494
0.797211
1.338342
1.299819
1.249102
1.483926
1.768310
1.708016
1.445821
1.213377
0.677656
0.440819
-0.290272
-0.863195
-0.829621
-0.763567
-0.574505
-0.002262
-0.030578
-0.750190
-1.233808
-1.415106
-1.275562
-0.825311
-0.514513
-0.178504
0.188164
0.554872
0.858342
0.588526
0.536309
-0.184507
-0.234413
-0.169934
-0.426257
-0.803501
-0.822521
-0.548660
0.417114
0.744785
0.349980
-0.472452
-1.056628
-1.492752
-2.203995
-1.991392
-1.792793
-1.802268
-2.041466
-1.787011
-1.088691
-0.814424
-1.688192
-2.402935
-2.420572
-2.238058
-1.737524
-1.316769
-0.696998
-0.139183
0.488602
0.927473
0.813767
0.199793
-0.517676
-1.346413
-1.572237
-1.047356
0.037001
0.991456
1.513329
1.674193
1.139318
0.331550
-0.245675
-0.212647
-0.403179
-0.403235
-0.270564
-0.305524
-0.604676
-0.367024
0.132478
0.177075
0.058212
-0.270246
-0.213928
0.058012
-0.211678
-0.782656
-1.076705
-0.542734
-0.098707
-0.308273
-0.688056
-1.053505
-1.302282
-1.450133
-1.295960
-1.041280
-0.401325
-0.071964
0.223604
-0.084021
-0.529215
-0.747920
-1.103232
-1.591983
-1.544384
-1.089549
-0.531941
-0.260258
0.143687
0.640836
0.423306
0.187551
-0.305121
-0.914974
-0.953483
-0.769542
-0.937387
-0.929016
-0.251168
-0.150840
-0.482323
-0.523203
-0.481287
-0.859239
-0.420652
-0.146600
-0.119866
-0.415708
-0.676936
-0.379353
0.285717
0.123218
-0.175801
-0.484532
-0.822919
-1.263018
-1.722643
-2.362433
-2.671065
-2.333953
-2.079699
-1.828744
-1.673906
-1.546183
-1.107537
-1.094227
-1.210506
-1.326981
-0.916047
0.119821
0.541885
0.532346
0.514600
0.313023
0.677642
0.991507
0.313800
-0.169733
-0.829338
-0.724749
-0.914869
-1.466872
-1.861580
-1.923304
-1.590487
-1.614659
-2.284437
-2.517751
-2.285816
-1.882359
-1.683928
-1.342023
-1.273430
-0.648477
-0.078028
0.231718
0.749437
0.195995
0.087205
0.107825
-0.219046
-0.109480
0.198541
-0.043353
-0.172510
0.015444
0.093872
0.128294
-0.212961
-0.855643
-0.902007
-0.421528
-0.595783
-0.606141
-0.780221
-0.448142
-0.037900
0.159210
-0.222087
-0.131495
0.027073
-0.104597
-0.054475
0.741602
1.483681
2.124296
1.830159
0.794500
-0.194043
-0.706139
-0.641344
0.208861
1.247290
1.819158
1.752678
0.815004
-0.223850
-0.797296
0.115516
0.704323
0.831303
0.707589
0.536441
-0.073833
-0.307448
0.125013
0.641161
0.768445
0.509076
0.612657
0.338300
0.052088
0.340624
0.955179
0.771119
0.574516
0.334677
0.603621
0.799236
1.262367
1.499365
0.802165
-0.141096
-1.139693
-1.343718
-1.239911
-0.628158
-0.313954
-0.043452
0.027160
-0.029027
-0.150108
-0.527780
-0.861901
-0.780664
0.023862
0.594095
0.733715
0.666208
0.847448
1.289567
1.742576
1.693731
1.257797
0.776007
0.565821
0.333458
0.727631
1.036339
0.595102
0.175035
-0.322488
-0.861853
-1.022801
-0.448356
-0.417042
-0.689938
-0.810046
-0.600042
-0.103207
0.333973
0.325761
0.110958
0.172748
-0.144576
-0.588537
-0.639815
-0.457297
0.130980
-0.000119
-0.357377
-0.122478
-0.276482
0.096258
0.333821
0.335336
0.489567
0.626846
0.520158
0.173983
0.290322
0.437472
-0.080240
-0.488452
-0.670286
-0.381438
-0.220957
-0.184634
0.008747
-0.031592
0.149781
0.261836
0.252283
-0.956925
-1.805329
-1.873973
-1.252033
-0.756973
-0.262144
0.231508
0.812226
1.103489
0.090320
-1.167555
-1.953388
-1.475456
-0.808432
-0.220034
-0.468871
-0.076414
0.644212
0.526629
0.010507
-0.430118
-0.470110
-0.048051
0.484541
1.042071
1.205831
0.885487
0.869781
0.554775
0.292197
0.344735
0.449289
1.103653
1.610866
1.541457
1.111633
0.355615
-0.272040
-0.740331
-0.625218
-0.364065
-0.261100
0.049480
-0.031140
-0.447543
-1.282552
-1.661356
-1.750277
-1.028151
0.008795
0.470250
0.528715
0.386495
0.276406
-0.216727
-0.499894
-0.313441
0.109687
-0.156410
-0.198382
0.162293
-0.194518
-0.891133
-0.049446
0.376150
0.549028
-0.145344
-0.710889
-1.047083
-1.325890
-1.294115
-1.087229
-1.355284
-1.712257
-1.786763
-1.355816
-0.593957
-0.642453
-0.950590
-0.812608
-0.497425
-0.103051
-0.019846
0.105302
-0.277369
-0.703820
-0.737535
-0.797178
-0.610716
-0.557359
-0.986836
-0.883414
-0.375729
0.716792
1.065098
0.933784
0.368804
0.288522
0.511295
0.700670
-0.163508
-1.125145
-1.118365
-0.505218
-0.065069
0.650216
0.224793
-0.902684
-1.416324
-1.455934
-0.649142
-0.439515
-0.789709
-1.325832
-0.853190
-0.091970
0.674296
0.909970
0.787060
0.335366
-0.275916
-0.786073
-0.543924
-0.104202
-0.102752
0.161185
0.311974
0.808786
1.137543
1.708739
1.425931
1.183975
0.593333
0.084193
-0.051888
0.290050
0.545535
0.821441
1.043929
1.066199
1.224310
0.973447
0.248261
-0.146812
-0.156021
0.018063
-0.335550
-0.494300
-0.116518
0.196509
0.182429
0.257105
0.465485
0.484499
-0.349308
-0.768305
-0.963186
-0.554580
0.137886
0.716380
0.850325
1.003934
0.723819
0.235894
-0.309507
-0.828491
-0.963273
-0.496070
0.099889
0.251685
0.435788
0.621203
0.709081
0.345987
-0.132179
-0.838466
-0.766402
-0.302844
0.664707
1.006381
0.852167
0.680902
0.636203
0.810431
1.208985
0.955090
-0.412244
-0.998300
-0.584695
0.117629
-0.115226
-0.182560
0.093205
0.313461
0.315208
0.281839
0.040070
-0.085675
0.250411
0.009362
-0.280210
-0.032500
0.414087
0.806726
0.923125
0.790623
0.309225
0.136598
0.249669
0.462503
0.323103
0.226461
0.001245
0.179386
0.224406
0.119096
0.305865
1.121304
1.386326
1.027311
0.658395
0.065015
-0.163040
0.114220
0.022826
-0.235189
-0.190700
-0.440676
-0.462602
-0.452552
-1.216565
-1.814465
-1.571921
-1.378336
-0.943391
-0.784900
-0.835035
-1.381654
-1.408940
-0.918196
-0.583499
-0.934172
-0.939282
-0.490637
-0.229128
-0.476198
-0.772182
-0.624423
-0.320151
0.271391
0.945293
1.280217
0.724689
0.490574
0.841486
1.450559
1.499903
1.923735
1.722149
1.281556
0.685389
0.500893
0.488940
0.458989
0.516972
0.485810
0.585763
0.574874
0.490523
-0.449210
-0.631495
-0.264067
-0.100986
-0.369653
-0.754146
-0.973141
-0.964920
-1.158689
-0.951267
-1.122730
-1.464139
-1.875713
-1.979672
-1.792321
-1.677471
-1.292213
-1.115558
-1.007901
-0.705429
-0.675636
-0.219528
0.036085
0.077758
0.121241
-0.136034
-0.049892
0.415004
0.980301
1.073476
0.939886
0.942367
0.596185
-0.155724
-0.909641
-1.077409
-1.071824
-0.737919
-0.555314
-0.115024
0.195602
-0.038750
-0.232389
-0.707531
-0.728366
-0.821953
-1.368502
-2.300575
-1.944324
-0.962954
0.046957
0.129615
-0.197016
-0.095470
-0.330509
-1.313272
-1.574018
-0.877074
-0.442524
-0.074789
-0.213861
-0.152472
0.818143
1.972132
2.265025
1.571648
-0.158952
-2.160910
-2.780264
-2.129746
-1.684604
-0.944516
-0.028347
0.512827
0.609661
0.772798
0.895624
0.261235
-0.747261
-1.889908
-2.344218
-1.940249
-0.714229
0.545209
1.352180
1.091075
1.260755
1.844439
0.578451
-1.221598
-1.733208
-1.733643
-1.529176
-0.886389
-0.907667
-1.079366
-0.682607
-0.142696
-0.025587
-0.847837
-2.178981
-2.950342
-2.965052
-2.045160
-0.926823
-0.033923
0.448534
0.947004
1.299508
1.348796
1.588555
1.445918
0.882235
0.336636
0.229110
0.562316
1.158337
1.024782
0.772389
0.862643
1.252424
1.462869
1.238559
0.558079
-0.335096
-0.700016
-1.066126
-1.286998
-1.238839
-0.566694
0.393128
0.869379
1.112623
1.263109
1.503107
1.175912
0.677521
0.762268
1.131143
1.408589
2.207676
2.206236
1.634974
1.295366
0.978674
0.534230
-0.005241
-0.516328
-0.664441
-0.676127
-0.573863
-0.110282
0.435347
0.450428
0.187540
-0.050600
-0.750364
-0.751509
-0.940130
0.284069
1.023496
1.344257
1.103002
0.699622
0.315433
0.035924
-0.118533
0.103186
0.322031
0.655215
0.800983
0.877342
1.229244
1.044430
0.680794
0.486039
0.318388
0.123117
0.167760
0.188980
0.351672
0.990119
1.466250
1.333648
0.382731
-0.409384
-0.863756
-0.507060
-0.071444
0.573779
0.766697
0.818979
0.969661
1.061157
0.341552
0.185887
0.257381
0.494679
0.351001
0.031638
-0.299726
-0.240813
0.283342
0.688614
0.227989
-0.242157
-0.009210
0.086002
0.131085
-0.402194
-1.004956
-1.038004
-0.302225
0.501618
0.691740
0.632172
0.346571
0.243124
-0.039096
-0.164067
0.383087
0.489907
-0.177286
-0.107298
0.410603
0.564745
0.122058
-0.018402
0.186200
-0.056520
-0.098348
-0.116116
0.730379
0.938885
0.807942
0.320680
-0.084942
-0.509178
-0.405782
-0.195907
-0.453340
-0.377253
0.059872
0.162675
0.661893
0.262314
-0.354699
-0.679478
-0.835049
-1.024637
-1.008101
-0.818654
-0.709584
-0.561900
-0.043038
0.272719
0.206921
0.224627
-0.083068
-0.377607
-0.466797
-0.353398
0.204831
0.646842
0.851686
0.763330
0.702707
0.713616
0.403438
-0.068460
-0.785381
-0.957204
-0.830404
-0.281337
0.358103
0.940172
1.597157
1.243367
0.633657
0.608360
0.940445
1.216860
0.616512
0.485289
0.865579
1.734234
2.211329
2.236587
1.708521
1.181234
0.647638
-0.194670
-0.709257
-0.371152
0.475831
1.044699
1.422890
1.440650
0.941181
-0.272199
-0.877418
-1.107037
-1.154952
-0.576224
-0.008459
-0.009841
-0.215112
-0.669269
0.051898
0.692755
0.701490
0.443741
-0.018574
-0.844750
-1.434154
-0.499450
0.723226
1.044193
1.129682
1.075165
0.154006
-0.220259
-0.636743
-1.450193
-1.484607
-0.596411
-0.229211
0.273440
0.809745
0.921827
0.595859
0.467300
0.010708
-0.324733
-0.694995
-1.032752
-0.938582
-0.651147
-0.122516
-0.433408
-0.603124
-0.732157
-1.195658
-1.219575
-1.271896
-1.828708
-2.423241
-2.080260
-1.121968
-0.270512
-0.254641
-0.473643
-0.586629
-0.765634
-1.502351
-1.766007
-1.759022
-1.896243
-2.317122
-2.736335
-2.401575
-2.215699
