1.284944
0.431307
-0.565367
-0.388714
0.285042
1.587054
1.807074
2.028946
1.834483
1.403458
1.067598
0.775251
0.964110
0.916488
1.012435
1.471602
1.671207
1.017088
0.386525
-0.722378
-1.139013
-1.322413
-0.905049
-0.711345
-0.314913
-0.094111
0.292574
0.477404
0.869025
1.181909
0.500539
-0.317892
-1.221604
-0.792633
-0.095561
1.141545
1.763149
1.899599
1.677001
1.230793
0.811294
0.878761
0.745147
-0.095090
-0.798098
-1.286454
-1.138097
-0.076292
1.291820
1.935238
2.115252
1.625216
0.989526
0.330826
0.030403
-0.771100
-1.040841
-0.536993
0.100094
1.198481
1.821131
1.828473
1.495844
1.686240
1.453621
1.252145
0.402740
0.349755
0.722930
0.977036
1.335647
1.279789
1.304943
1.550627
1.475485
1.319108
0.622893
0.047671
0.126711
0.101639
0.191741
0.057946
0.496049
0.716452
0.685743
0.554648
0.745541
1.377201
1.570642
0.845349
0.354525
-0.002104
-0.281989
-0.089865
0.021554
0.256235
0.098298
0.263473
0.214384
0.230956
-0.273217
-0.201202
-0.741603
-0.776072
-0.855074
-1.287057
-1.300820
-0.963975
-0.617022
-0.175438
0.327129
0.218177
-0.190454
-0.411837
-1.002296
-1.588278
-1.035868
-0.358872
0.719459
1.211358
1.304781
0.653997
0.236977
0.094243
-0.017682
0.424387
0.185915
-0.318385
-0.473984
0.003428
0.251520
0.763231
0.679286
0.556872
-0.511732
-1.733660
-2.407583
-2.678274
-2.895632
-1.959797
-0.408480
0.660694
1.319680
0.602377
-0.170595
-1.420956
-2.410068
-2.715072
-1.731165
-0.521810
0.427837
0.312764
0.188761
0.045424
-0.507334
-1.025849
-1.067225
-1.049109
-1.287114
-1.134959
-1.352280
-1.712658
-1.423099
-0.569986
-0.332442
-0.397260
-1.087803
-1.413050
-1.533866
-1.290743
-1.018601
-0.733670
-0.499328
-0.052646
0.320776
-0.568959
-1.344543
-1.922745
-1.480663
-0.355750
0.806395
1.316626
0.955531
0.384489
0.019215
-0.483991
-0.107538
-0.180440
-0.736871
-0.966307
-0.984887
-0.485679
-0.143672
0.251925
-0.289140
0.093617
0.264243
0.436572
0.328052
-0.436143
-1.191426
-1.231492
-0.821445
-0.777443
-0.481902
-0.573323
-0.405903
-0.448424
-0.348654
-0.571417
-0.828135
-1.353697
-1.275170
-1.309246
-1.109726
-0.573336
0.339769
1.142461
1.337861
1.137411
0.636869
0.120763
-0.584395
-0.761008
-0.489033
0.199199
0.539892
0.604158
0.065525
-0.349364
-0.764357
-0.923947
-0.928729
-0.923352
-1.105880
-0.911709
-0.543453
0.087738
0.850598
1.045049
1.331024
0.852080
0.355756
-0.347091
-0.403730
0.253402
0.770024
1.027978
1.049077
0.611992
0.860836
1.213191
1.124632
1.118295
0.813450
0.881824
0.519122
0.551719
0.617470
1.297034
1.490651
1.425391
1.219520
0.932159
0.325434
0.061593
0.122735
0.661139
1.098345
0.953208
0.919639
0.422983
0.186526
0.319719
0.486285
0.432640
0.286559
-0.107883
0.299887
0.331955
0.575090
0.902386
0.548908
0.004741
-0.588023
-0.467762
-0.006564
0.794681
1.496715
1.583343
0.969550
0.194212
-0.608671
-0.649543
-0.433160
0.421832
0.964735
0.871452
0.372981
-0.189728
-0.233582
-0.307352
0.250650
0.543048
0.790611
0.522436
0.168810
-0.690862
-0.859666
-0.812520
-0.974164
-1.013825
-0.819345
-0.299575
-0.279457
-0.810370
-0.973169
-0.917937
-1.190239
-1.691404
-1.530454
-0.492017
0.376151
0.935168
0.669181
0.596807
-0.217340
-1.085214
-1.575187
-1.525878
-1.282535
-0.282284
0.930444
1.645416
1.281801
0.429685
-0.145071
-0.843314
-1.143613
-1.811424
-1.660250
-1.382212
-1.154298
-0.512287
0.093112
0.226047
0.221513
0.341497
0.002817
0.138834
-0.234152
0.264821
0.583173
0.731388
0.668573
1.088613
1.320751
1.249233
0.596825
0.004558
-0.513506
-0.658780
-0.405698
0.283719
0.346980
-0.181467
0.174693
0.136748
-0.023348
-0.494809
-0.207954
0.447473
0.653951
0.373873
-0.140904
-0.556370
-0.622900
-1.185977
-1.235316
-0.900854
-1.091554
-1.268922
-1.325987
-0.908825
-0.877214
-0.829051
-1.004517
-0.884667
-1.025218
-1.304431
-1.589360
-1.769418
-1.639067
-1.060413
-0.130402
0.484245
0.991903
0.484591
0.133896
-0.340694
-0.635498
-0.975396
-0.545593
-0.131828
0.558928
0.989782
1.130554
0.663851
-0.287277
-1.223966
-1.570940
-1.384416
-0.900992
-0.095189
-0.507369
-0.799141
-1.271900
-1.458752
-1.498774
-0.911445
-0.774971
-0.423612
-0.447891
-0.536773
-0.848155
-1.101759
-1.184723
-0.830277
-0.594016
-0.549878
0.134175
0.778664
0.863663
0.237762
0.048451
-0.295689
-0.354878
-0.202726
-0.070116
0.332606
0.667633
0.201805
-0.328887
-0.581567
-1.229746
-1.035682
-0.694268
-0.345822
-0.280521
0.623204
0.871816
0.681733
0.264763
0.229770
-0.348192
-0.108631
0.292503
0.316535
0.542064
0.889388
1.190638
0.572310
0.677418
0.981320
0.839478
0.928058
1.515086
1.356982
0.971436
0.528127
0.619721
1.081856
1.561114
1.739271
1.326623
0.994604
0.280196
-0.218482
-0.598916
0.161574
0.648885
1.169850
1.594035
1.837242
1.884331
1.415561
-0.011407
-1.383209
-1.461879
-1.150139
-0.669554
-0.148510
0.730234
0.837194
0.265161
0.009890
-0.120513
-0.500075
-0.604370
-0.751402
-0.525848
-0.040733
0.213308
0.824513
1.357209
1.545792
1.319993
0.948017
-0.021768
-0.715172
-0.834926
-0.535486
-0.276467
0.424975
0.892176
1.442659
1.312348
0.787259
0.272841
-0.021921
-0.511301
-0.970061
-0.618408
-0.519312
-0.523395
0.161195
1.062315
0.840548
0.773134
0.399870
0.302933
0.440960
0.581991
0.131914
-0.011223
-0.073474
-0.194028
0.332826
0.965506
1.421479
0.921894
0.361875
-0.366839
-0.499113
-0.467336
-0.611574
-0.462644
0.203636
0.746959
1.169792
1.282322
0.803951
0.248010
-0.320747
-0.627118
-0.672855
-0.177719
0.682975
1.414209
1.193288
1.364140
1.062444
0.495214
-0.300574
-1.132480
-1.215254
-0.642255
-0.154233
0.311809
0.758329
0.650314
0.723594
0.529674
0.049753
-0.840722
-1.132850
-1.542160
-1.849303
-1.761526
-0.886141
-0.058618
0.073993
-0.274874
0.003468
-0.180289
-0.813499
-0.806725
-0.672372
-0.424315
-0.048849
0.795020
0.880538
0.477434
-0.107274
-0.485611
-1.134102
-1.281616
-1.185639
-0.875609
-0.536340
-0.109141
0.094283
0.079414
0.524876
0.328777
0.721741
0.185110
0.347617
0.285806
0.147676
-0.314612
-0.968286
-1.301505
-1.251622
-0.811625
-0.184404
0.501878
0.076497
-0.850279
-1.337393
-1.097044
-1.524358
-1.268206
-0.693179
-0.013191
0.141174
0.260491
0.130495
0.117213
0.231334
0.295330
0.134270
0.273366
0.337808
0.386090
0.263010
-0.100937
-0.207230
-0.357944
0.258706
0.887684
1.475279
1.577033
1.182764
0.584724
0.379900
0.087597
0.042802
0.169445
0.348241
0.627448
0.349543
0.728829
1.416529
1.706159
1.428637
0.743149
-0.684361
-1.230729
-1.035843
-0.236972
0.397705
0.745489
1.136081
0.839025
0.682117
0.104284
-0.259037
-0.780957
-1.311821
-1.291236
-0.626786
-0.055469
0.511376
0.386829
0.315925
-0.101872
-0.300234
-0.459163
-0.603916
-0.930130
-1.142937
-1.000378
-0.973260
-0.550665
-0.516810
-0.119136
-0.306763
-0.906630
-1.406647
-1.698089
-2.036973
-1.714217
-2.098822
-2.054383
-0.798561
0.432322
1.262239
0.463297
0.011262
-0.259305
-0.778832
-1.396038
-1.019120
-1.011957
-1.164451
-1.037941
-0.692565
-0.399137
0.336458
0.441806
-0.155374
-0.860418
-1.465916
-1.521783
-1.325778
-0.826218
-0.250163
0.495717
0.652657
0.932093
0.908320
0.059018
-1.349437
-2.209942
-3.337189
-3.556271
-2.286056
-0.451519
1.089890
1.223107
1.100140
0.457411
0.003286
-0.582351
-0.769870
-0.973198
-1.266683
-1.346758
-0.431010
0.787601
1.778940
2.145879
1.862525
0.912069
-0.396214
-1.589235
-1.598986
-0.696158
0.672064
1.579805
1.917272
2.516662
2.379810
1.980048
1.062979
0.150384
-0.860096
-1.650778
-1.968780
-1.233178
0.093153
1.224864
1.928419
2.045261
2.207339
1.852820
0.985442
-0.022521
-1.026743
-1.739864
-1.468314
-0.912613
-0.622686
-0.197095
0.540403
0.617090
0.031358
0.012931
-0.326946
-0.078112
-0.295902
-0.585102
-1.517196
-2.062843
-1.972882
-1.218723
0.015753
0.986414
1.512054
1.833393
1.864517
0.857039
-0.721409
-2.035120
-1.540900
-0.096438
1.036289
1.431653
2.156198
1.733610
1.118313
0.156308
-0.787141
-0.762694
-0.584101
-0.260758
0.136190
1.133958
1.883776
2.210565
1.946607
1.094306
0.036958
-0.973656
-1.383592
-0.499150
0.274927
1.031772
1.051240
0.812097
0.516290
0.075189
-0.511896
-1.201745
-1.078190
-0.542391
-0.071732
0.760142
1.440670
1.323402
1.154099
0.613213
0.543174
0.242746
0.105591
0.245035
0.511175
0.395324
0.801058
0.959962
0.980497
0.966627
0.852690
1.029366
1.083001
1.409958
1.550406
1.784171
1.596437
1.323623
1.330424
1.322806
1.233730
1.092332
1.011939
1.489494
1.914249
1.804115
1.149149
0.379491
0.578061
0.638823
0.673907
0.475392
0.605978
0.712530
0.946169
1.350659
1.149522
0.236364
-0.506906
-0.346192
-0.227765
-0.158607
-0.311595
-0.194564
0.166286
1.062843
0.865736
0.422349
-0.331741
-0.542044
-0.868789
-0.876518
-0.834334
-0.763680
-0.004106
0.373804
0.552173
0.688727
0.277807
-0.811690
-1.752313
-2.153978
-1.638871
-1.167746
-0.019608
0.512261
0.512688
0.433231
0.573216
0.409066
0.168629
-0.216267
-0.935159
-0.620301
-0.613954
-0.216351
0.384978
1.322492
1.452067
0.946896
0.410809
-0.197735
-0.883956
-1.338799
-1.403053
-0.769808
0.164069
0.876026
1.360618
0.902910
0.443880
-0.241701
-0.473361
-0.619935
-1.087104
-1.399669
-1.136346
-0.655308
0.529721
1.272073
1.419944
1.369294
1.060496
0.534202
-0.828755
-1.610069
-1.697064
-0.744988
0.160888
0.636701
0.416954
0.562433
0.613638
0.335026
-0.588417
-1.503693
-1.606916
-1.158212
-0.971916
-0.472843
0.597606
1.328274
1.545057
0.767569
-0.474104
-2.099540
-2.480854
-1.873562
-0.115513
1.375633
1.495975
1.314729
0.748900
0.325906
0.058595
-0.457792
-0.876552
-0.946685
-0.949349
0.364801
1.136211
1.761085
2.169186
2.058729
1.188421
-0.007219
-1.137103
-1.620965
-1.519878
-0.644085
0.574214
1.235635
1.002856
0.054758
-0.726132
-1.692730
-2.038402
-2.904902
-2.971945
-2.907536
-2.068946
-1.027303
-0.449800
-0.420951
-0.367635
-0.436196
-1.055083
-1.253970
-1.569296
-1.673031
-1.357391
-0.289999
0.360452
1.122264
1.695642
2.097842
1.515093
0.533632
-0.134601
-1.056705
-1.442108
-2.031657
-2.141371
-1.538425
-0.377920
0.285813
0.336543
0.458891
0.565449
-0.042878
-0.314758
