-2.542092
-0.830822
0.865842
1.659253
1.869771
1.947839
1.693364
1.116165
0.627997
-0.160776
-1.088648
-1.327254
-0.415125
0.633527
1.482500
2.180683
2.012356
1.270378
0.324424
-0.699881
-1.365068
-1.399155
-1.052435
-0.352280
0.727923
1.673009
2.209117
1.923253
0.931501
-0.556477
-1.539204
-1.771069
-1.423908
-0.418686
0.915534
1.818503
2.214532
2.215119
2.034579
1.340535
0.783635
0.079111
-0.577663
-0.065958
0.889555
1.691336
2.025156
1.795255
1.391232
1.374599
1.199690
0.906501
0.823200
0.938860
1.135166
1.355683
1.794457
2.317209
2.069693
1.871215
1.509720
1.079677
0.592823
0.749913
1.215211
1.707478
2.322167
2.603659
2.361414
1.799054
1.543676
1.387673
0.970249
1.066927
1.119485
0.992810
0.744260
0.923866
1.427848
1.516597
1.367997
1.252486
1.062100
0.692997
0.778119
1.333137
1.489528
1.674779
1.283322
0.589526
0.082996
-0.100445
-0.002068
0.253086
0.233912
-0.112543
-0.237271
-0.206419
-0.029100
0.312321
0.543396
0.271250
-0.164731
-0.083788
-0.369651
-0.723056
-0.947220
-0.562148
-0.064460
0.299133
0.274001
-0.035667
-0.370816
-0.441903
-0.600453
-0.752025
-0.844262
-0.725602
-0.391675
-0.106699
-0.464129
-1.104610
-1.231889
-1.350464
-1.429460
-1.280204
-0.933648
-0.585592
-0.385044
-0.540644
-0.558020
-0.905366
-1.303834
-1.839491
-2.388817
-2.400436
-1.532503
-0.884037
-0.737984
-0.408587
0.103377
0.324392
-0.118685
-1.251623
-2.105422
-2.035419
-1.420677
-0.468659
0.447489
0.891255
0.790581
0.256665
-0.832545
-1.611253
-1.837277
-1.703932
-1.404158
-0.841222
-0.277314
-0.155227
-0.336819
-0.529900
-0.624524
-0.904184
-1.472855
-1.844640
-1.636118
-1.026414
-0.359761
-0.167449
-0.059619
0.059947
-0.297587
-0.804221
-1.370646
-1.769155
-1.744159
-1.777468
-1.527474
-0.715394
0.452986
1.195897
0.898067
-0.227313
-1.403066
-1.814662
-1.497593
-1.221875
-0.478727
0.424244
0.623750
0.699947
0.429698
0.201810
-0.128379
-0.690263
-1.642146
-2.037213
-1.361379
-0.903651
-0.213996
0.077145
0.080455
-0.096799
-0.286353
-0.799535
-1.203971
-1.782924
-1.810709
-1.340436
-0.569672
-0.132881
0.261098
0.352071
-0.136376
-0.785518
-1.128143
-1.231560
-1.073604
-1.133833
-0.996367
-0.547318
-0.033043
-0.175415
-0.282554
-0.588568
-0.851249
-1.015983
-0.801668
-0.268567
0.151590
0.013622
-0.097816
-0.093349
-0.248184
-0.528433
-0.773643
-0.581263
-0.507315
-0.458520
-0.659259
-0.942223
-0.905394
-0.715815
-0.324513
-0.001010
0.207934
0.531803
0.770642
1.059616
0.603469
0.017408
-0.383826
-0.171002
0.235372
0.293260
0.534437
0.665770
0.939524
0.841050
0.672129
0.398783
0.228769
0.101917
-0.065866
0.160831
0.214864
0.104518
0.460117
0.997055
0.858535
0.339692
-0.400417
-0.946154
-1.243934
-0.849112
-0.204492
0.023281
-0.084921
-0.066930
0.026553
0.409195
0.342183
-0.319316
-1.354231
-1.590669
-0.669323
0.206841
0.893154
1.077886
0.795767
0.273159
-0.495843
-0.640464
-0.355439
0.123804
0.242869
-0.161256
-0.356200
-0.491662
-0.305704
0.183067
0.532730
0.777792
0.651485
0.318035
-0.087491
-0.468574
-0.718394
-0.137788
0.171572
0.470592
0.634343
0.731979
0.311460
-0.565708
-1.360572
-1.747607
-1.203524
-0.518680
0.165071
0.476606
0.533880
0.334331
0.004867
-0.275492
-0.836863
-1.441780
-1.843371
-1.582231
-1.487555
-1.537474
-0.872799
0.261493
0.833898
0.670645
0.196430
-0.373910
-0.727561
-0.504486
-0.050165
0.504141
0.798715
1.212780
1.155925
0.826972
0.497709
0.378251
0.208541
0.216293
0.356694
0.772289
1.032447
1.039506
1.197852
1.214783
0.859741
0.145089
-0.387220
-0.318390
0.133268
0.997702
1.531264
1.983674
1.487184
0.730274
-0.185690
-0.990757
-1.013076
-0.520547
0.147449
1.006538
0.969830
0.854205
0.869194
0.960239
0.785744
0.108447
-0.802661
-1.835434
-1.882156
-1.152837
0.007275
0.901714
1.261087
0.971197
0.494577
-0.076285
-1.177093
-2.169655
-1.965801
-1.232271
0.081353
0.890798
0.780257
0.625841
0.598450
0.502516
0.104838
-0.391440
-0.961846
-0.910073
-0.554109
-0.318867
-0.082400
0.050966
0.161455
0.531029
0.298550
-0.358153
-0.864486
-1.698967
-2.064419
-1.942917
-1.510730
-0.663790
-0.070365
0.321263
0.613547
0.217285
-0.323594
-0.905113
-1.689101
-2.416055
-2.007563
-0.792657
0.123550
0.524333
0.491745
-0.022699
-0.659817
-0.893636
-0.819777
-0.784284
-0.717012
-0.674147
-0.506331
-0.156453
0.061131
0.494471
0.657810
0.825209
0.830200
0.398979
-0.030982
-0.303771
0.200101
0.813987
0.751132
1.270796
1.578301
1.086246
0.527235
0.170422
-0.398747
-0.415650
0.133502
0.817411
1.435528
1.607993
0.977411
0.247711
-0.098946
0.047186
0.147415
0.108191
0.047971
0.253990
0.706142
0.891170
0.524627
0.463742
0.526671
0.446928
0.546704
0.716763
0.897878
1.367787
1.391250
1.024981
0.985005
0.866666
0.774253
0.530428
0.343944
0.180122
0.324745
0.513062
1.107284
1.255624
0.993064
0.867241
0.700178
0.236767
-0.221190
0.009380
0.016030
0.254003
0.707696
1.131229
1.538888
1.503626
0.401844
-0.421517
-0.640786
-0.701166
-0.454772
-0.324297
-0.131898
0.399722
1.176868
1.525474
1.194954
0.574440
-0.139697
-0.564420
-1.113094
-1.323715
-0.656366
0.309530
1.000903
1.280522
1.675720
1.542134
0.886703
0.132918
-0.651549
-1.053765
-0.896061
-0.436936
0.358075
0.689772
0.365330
0.098901
-0.232716
-0.941897
-1.699519
-1.814075
-1.406725
-1.136337
-0.560829
-0.035593
0.462393
0.137662
-0.279648
-0.730371
-0.935382
-1.264981
-1.472151
-1.667697
-1.031729
-0.215153
0.535928
0.729553
0.695273
0.438122
-0.029348
-0.195274
-0.362418
-0.873577
-1.497619
-1.750439
-1.558746
-0.891946
-0.486235
-0.117733
0.135889
-0.013064
-0.293093
-0.254131
-0.343863
-0.505354
-0.778251
-1.167190
-1.126926
-0.818486
-0.164771
0.340668
0.516730
0.473618
0.387543
0.059387
-0.445263
-1.193802
-1.785866
-1.871331
-0.989106
0.107623
0.750925
0.948953
0.763635
0.287870
-0.476683
-1.286833
-1.598942
-1.584389
-1.266423
-0.413158
0.497479
0.769607
0.574442
0.083813
-0.043519
-0.224592
-0.386422
-0.390858
-0.607786
-0.802645
-0.961320
-0.523927
0.175969
0.178635
0.132866
0.070140
0.218621
0.177784
0.187111
-0.590601
-1.121836
-1.188086
-0.881044
-0.470021
-0.374486
-0.341502
-0.222479
-0.314475
-0.436670
-0.545743
-1.098153
-1.328891
-1.272537
-0.750972
0.227182
1.151966
1.302731
0.986709
0.693002
0.165302
-0.285399
-0.214681
0.084362
0.346868
0.976051
1.192136
1.025088
0.971013
0.946285
1.018583
0.796181
0.290461
0.085178
-0.039346
0.051173
0.397969
0.638576
0.957004
0.940811
0.972160
0.743874
0.246153
-0.190294
-0.208786
-0.028335
0.393814
0.369438
0.461488
0.641087
0.894717
0.909177
0.361872
-0.056214
-0.276642
-0.240293
-0.107919
0.119615
0.278722
0.372153
0.536099
0.404071
-0.040532
-0.745527
-0.922314
-0.917887
-0.346350
-0.219808
-0.408794
-0.200914
0.075057
-0.085896
-0.386319
-0.620860
-1.227880
-1.726887
-1.819623
-1.345452
-0.640608
0.145468
0.939097
1.047831
0.786210
0.239144
-0.845597
-1.577465
-1.160115
-0.388234
0.368161
0.912630
0.650596
0.006967
-0.375724
-0.394539
-0.125751
-0.052911
-0.657934
-1.245683
-0.756391
0.196816
0.451888
0.401125
0.304732
0.316614
-0.028521
-0.495544
-0.990865
-1.812084
-2.518501
-2.043104
-0.457179
1.052749
1.558649
1.227717
0.687300
0.160919
-0.429024
-0.900494
-1.273159
-1.549560
-1.351735
-0.768384
0.418799
1.528838
2.120275
1.980326
1.525800
0.635248
-0.652404
-1.625082
-2.173656
-2.089576
-0.986474
0.191904
1.241403
2.389322
2.604389
2.276560
1.305244
0.127172
-0.803484
-1.446293
-1.596578
-1.431389
-0.784108
0.359084
1.483858
2.016020
1.594129
0.426188
-0.824920
-1.648244
-1.922796
-1.634190
-0.871499
0.134726
1.134051
1.369369
0.995839
-0.142593
-0.952534
-1.076319
-1.133099
-1.254015
-1.107310
-0.688927
-0.031176
0.833755
1.561651
1.192191
0.564299
0.158824
-0.395037
-0.999328
-0.862805
-0.053915
0.614774
1.176813
1.473478
1.662484
0.843684
-0.021340
-0.300388
-0.316235
-0.052778
0.250308
0.457067
0.911376
1.385238
1.429316
0.883505
0.172898
-0.741552
-1.671103
-2.213740
-1.814082
-0.608289
0.853292
1.824426
1.780199
1.099728
0.517714
-0.007557
-0.857235
-1.102972
-0.801098
0.033665
1.327722
2.189891
2.624138
2.457585
2.045321
1.621140
1.089725
0.080052
-0.902028
-1.283530
-0.541564
0.654078
1.526145
2.070589
2.300923
2.414480
1.996409
1.139040
-0.072453
-0.819143
-1.109604
-0.954392
-0.138102
1.723140
3.226908
3.615581
3.276177
2.732817
1.741347
0.466333
-0.297836
-0.804053
-0.958441
-0.173697
1.043168
1.817340
2.275977
2.330190
2.162659
1.423549
0.493863
-0.273274
-1.281598
-1.747193
-1.417604
-0.485643
0.513303
0.995928
0.693252
0.683157
0.631099
0.615695
-0.056281
-0.855540
-1.757666
-2.028786
-1.625826
-0.605313
0.637983
1.137932
0.917781
0.513415
0.245539
-0.336381
-1.342768
-1.743545
-1.738626
-1.635246
-0.886900
0.203154
0.637585
0.398346
-0.083658
-0.127948
-0.460705
-1.226348
-1.295515
-1.287742
-1.094323
-0.094111
0.686295
1.086019
1.015606
0.251680
-0.301049
-0.461191
-0.357012
-0.584750
-0.994643
-1.103643
-1.279373
-1.180128
-0.782293
-0.505860
-0.091523
0.344746
0.264646
0.007570
-0.369406
-0.527228
-0.315683
-0.061181
0.472392
0.632184
0.810790
0.914629
0.656736
-0.115312
-1.039188
-1.578157
-1.619178
-0.993574
-0.111590
0.739365
1.302137
1.341556
1.031305
0.348584
-0.137118
-0.645137
-0.965857
-0.485009
0.276237
0.609230
0.945689
1.194090
1.448608
0.721327
0.158404
-0.164173
-0.332812
-0.153890
-0.130386
0.161676
0.796710
0.923639
0.653595
0.236097
0.151273
-0.407316
-0.671740
-0.808784
-0.822800
-0.166072
0.509358
0.823327
1.095909
0.980839
0.520127
-0.049788
-0.307496
-0.300370
-0.501708
-0.450161
0.109066
0.494009
0.751635
0.397302
0.020467
-0.076182
-0.082206
-0.487146
-0.498002
-0.267928
0.032430
-0.032287
0.128722
0.510315
0.236111
-0.392930
-0.851175
-1.255602
-1.013569
-0.311803
-0.037858
-0.218935
-0.273502
-0.308752
-0.283184
-0.243370
-0.670510
-0.683441
-0.496449
-0.355302
-0.250061
0.037205
0.438003
0.542453
0.331924
-0.197682
-0.568134
-0.876343
-1.474372
-1.616922
-1.401875
-0.920317
-0.384671
-0.086732
-0.375037
-0.595530
