-1.348142
-1.420330
-1.413316
-1.227529
-0.501800
-0.426849
-0.087431
0.343665
0.976839
1.110187
1.178185
0.908560
1.265605
1.717292
1.392117
0.699956
1.072618
1.131785
0.491562
-0.470336
-0.308860
0.247751
-0.859689
-0.715324
-0.373773
-0.312260
0.019633
-0.036005
0.352268
0.312172
0.144823
0.665910
0.340322
0.002706
1.061331
0.555265
0.277094
-0.232530
-1.010352
-0.950574
-0.938162
-1.076451
-0.937959
-0.027053
-0.365654
-0.237802
0.036518
0.105778
0.022016
0.378078
0.262949
0.937724
1.013471
1.331407
0.270064
0.346758
0.237958
-0.017516
0.076945
-0.615845
-0.653065
-0.391977
-0.736706
-0.419132
0.090897
0.120258
0.422156
0.509364
0.897494
0.742995
0.733676
0.185262
-0.476094
-1.029260
-0.692668
-0.644292
-0.623046
-0.594866
-0.838817
-0.993673
-0.593712
-0.119050
0.381864
0.795584
0.585268
1.232391
1.241997
1.056635
0.777354
0.876519
0.919689
1.205886
1.972105
1.154940
0.382439
-0.590907
0.204601
0.474675
0.042465
-0.686027
-0.905578
-1.147567
-1.522529
-1.247831
-0.308361
-0.178655
-0.299534
0.488430
1.146095
0.898613
0.667873
0.141507
-0.628854
-0.509895
-0.734855
-0.922925
-0.483717
-0.372080
-0.563848
-0.288366
0.024570
0.276049
0.175153
-0.122145
-0.284140
-0.503963
-0.269813
0.106375
0.929830
1.056913
0.867531
0.562281
0.434016
0.081457
-0.168575
0.371824
0.783400
0.436073
0.347139
0.222552
0.486017
0.131549
-0.574835
-0.567580
-0.605789
-0.619657
-1.044163
-0.516618
-0.021463
-0.517347
-0.861065
-0.842852
0.126188
0.287806
-0.344413
0.458205
0.887760
0.638444
0.380135
0.219284
0.640010
0.315331
0.333160
0.783390
1.152673
0.510547
0.790586
1.187012
0.885668
0.431395
0.203101
-0.337715
-1.376035
-1.354648
-1.305639
-1.552695
-1.022331
-0.952631
-1.349185
-0.916425
-0.608392
-0.532558
-0.484163
-0.069472
0.906901
1.162289
0.454043
0.365287
0.670925
0.629870
0.586334
0.130478
-0.021012
-0.212708
-0.080185
-0.165087
-0.051389
0.197166
0.187155
0.115108
0.581076
1.037327
1.271520
1.581142
1.734735
1.607627
1.677515
1.733725
1.292151
0.415358
0.087482
-0.344054
-0.202457
-0.418866
-1.196425
-1.741551
-1.712062
-2.042386
-1.805974
-1.068064
-0.755866
-0.762077
0.037703
-0.299224
-0.242215
0.184973
0.804590
1.529057
1.610225
1.125535
1.564419
1.025164
0.274519
-0.145437
-0.040818
-0.643471
-1.142275
-1.124928
-1.259990
-0.999644
-0.745704
-0.995342
-1.413902
-0.936164
-0.892267
-1.400395
-1.368850
-1.209270
-1.170848
-1.063004
-0.523528
0.008793
-0.316452
-0.447882
-0.163431
0.249089
0.423896
-0.003805
0.568248
0.675971
0.359861
0.747474
0.791154
0.047454
-0.506731
-1.046114
-0.780584
-0.350952
0.330156
0.590095
0.281955
1.049094
1.110020
1.825924
1.728161
1.881540
1.484929
1.171894
1.081720
0.382353
-0.011488
1.257126
0.761406
0.081782
0.181665
-0.589553
-0.561469
-0.573958
-1.370284
-0.356666
-0.171992
-0.055245
0.260520
-0.267586
0.481691
0.348209
0.679199
0.749311
0.414447
-0.074094
-0.409523
0.038968
-0.009376
0.180846
0.509817
1.137703
1.475075
1.766559
1.262506
0.237525
0.322767
0.237526
0.182449
-0.014552
0.068571
-0.515784
-0.426784
-0.140554
-0.240924
-1.029088
-0.894042
-0.145423
0.631542
0.082531
-1.294399
-1.492713
-1.058567
-0.880832
-0.427734
-1.273524
-1.284393
-0.958064
-1.360153
-1.151050
-1.494898
-0.633483
0.132342
0.633492
0.878156
0.983432
1.338122
1.413384
0.944383
0.607850
-0.115590
-1.117911
-1.447667
-0.853458
-0.818123
-1.670209
-0.460415
-0.095711
-0.213265
-0.018016
0.477924
0.158283
-0.096216
0.584854
0.893356
0.218290
0.367905
0.313140
-0.171246
-0.764073
-0.449802
0.028726
-0.335734
-0.003749
0.400530
0.933788
1.761737
1.422026
1.132370
1.116473
0.280761
0.485669
0.243248
0.059399
-0.408702
-1.202980
-0.856766
-0.505566
-0.608399
-1.358432
-0.732429
-0.432015
-0.373348
-0.512229
0.066837
0.797216
1.239630
0.625227
0.424431
0.251065
0.003673
0.040378
-0.793869
-0.770515
-0.837529
-0.617874
-0.860923
0.196134
0.501257
0.521417
0.922511
1.333989
1.262346
2.198434
2.108790
1.616722
1.621643
1.334111
0.974232
0.598891
-0.185003
-0.878146
-0.902910
-0.992413
-0.525955
-0.375938
0.073188
0.142216
-0.111176
-0.019168
0.255263
-0.634776
-1.388467
-1.416406
-1.406898
-1.309701
-0.850716
-0.086660
-1.165968
-0.801974
-0.303407
-0.296169
-0.507326
0.005417
-0.125939
0.117653
0.268504
-0.325539
0.266298
1.169239
1.043405
0.413239
0.901780
0.882879
1.236139
0.843568
0.172155
-0.456509
-0.526487
-1.181120
-1.415372
-1.158723
-1.570550
-1.760060
-1.604340
-0.947627
-0.904580
-1.569538
-1.284488
-0.524160
-0.726010
-0.161175
0.311526
0.971410
0.536059
0.342876
1.555869
1.696536
1.049084
1.405412
1.558914
1.171975
1.287726
1.254024
1.079133
0.964256
0.837427
1.352150
1.549877
0.794749
0.880013
0.141877
-0.716562
-0.427478
-0.140672
0.036979
-0.136707
0.251950
1.396653
2.170909
1.063604
0.445938
-0.163425
-0.342640
-0.575599
-1.314582
-1.789783
-2.296707
-2.725719
-2.354713
-1.867408
-1.748369
-1.276658
-1.162856
-0.776861
-0.129647
0.886957
1.564753
0.819831
1.517089
1.084046
-0.398422
-0.893152
-1.701261
-1.526835
-1.190575
-1.032190
-1.531360
-1.522908
-0.754479
-0.789548
0.533835
1.254730
1.418227
1.257544
1.606991
1.756468
1.792069
1.559425
1.796614
1.518072
-0.014357
-0.024747
-0.263254
-0.726159
-1.004384
-0.973729
-1.168209
-1.358368
-0.940176
-0.700936
-0.492369
-0.257416
-0.118003
0.635956
0.360923
0.318499
0.072620
-0.140166
0.431421
0.342914
0.830508
0.795295
1.051375
0.955140
0.489298
0.073661
-0.140430
-0.305512
-0.547776
-1.362820
-0.589880
-0.162153
-0.566017
-0.680603
-0.372708
-0.514999
-0.536941
-0.367923
-0.320622
-0.056220
0.229079
0.637853
-0.107645
-0.347627
-0.445808
-0.300954
-0.102700
0.412510
0.199565
0.224263
0.078450
0.051167
0.478376
1.021279
1.432894
1.682479
0.490387
0.446496
1.723041
1.721257
1.337343
0.739249
1.256240
1.064962
0.096068
-0.356404
-0.134091
0.711193
0.653233
0.235593
-0.242429
-0.341336
0.012221
-0.037989
-0.265585
0.307885
0.163754
-0.415354
-0.931994
-0.507085
0.009950
-0.002984
-0.369187
-0.444765
-0.178719
-0.492438
-0.548217
-0.439317
0.135583
0.676486
0.916368
0.688708
1.143298
0.754730
0.556484
0.304467
0.045085
-0.560558
-0.533152
-0.614150
-1.204668
-1.058000
-0.675790
-0.399102
-0.256905
0.686022
1.045857
0.429750
0.506270
1.001151
0.177934
0.404481
1.069451
1.163792
0.444147
-0.250874
-0.364109
-1.369032
-1.890886
-2.322924
-2.021260
-1.313547
-1.519253
-1.172539
-0.326330
-0.148162
-0.011063
0.113965
1.148081
1.654306
1.488287
1.041749
1.002884
1.154912
0.815561
0.253242
-0.513704
-0.540473
-1.664833
-1.488872
-1.581589
-1.769040
-0.817542
-0.087688
-0.344295
-0.239340
-0.082657
-0.176851
0.140298
0.014639
-0.353723
0.043000
0.049810
-0.211357
0.263875
0.331670
0.368588
0.120736
0.008585
-0.555520
-0.273400
0.317842
0.470695
0.389645
0.252292
0.364078
0.331783
1.215295
1.283752
1.366486
1.848066
1.400395
0.592465
0.198979
0.343430
0.456508
0.840197
1.211287
0.562368
0.125098
0.157164
0.516529
0.562984
0.470829
0.888930
0.819197
1.483697
1.752046
1.333765
0.841218
-0.100901
-0.289260
-0.446820
-0.554705
0.132423
0.814111
0.546714
1.120590
0.933158
0.064239
-0.073738
-0.015040
-0.790071
-1.063682
-1.361634
-1.359812
-1.101896
-0.823737
-1.320335
-0.949921
-0.689080
-0.886812
-1.048818
-0.985973
-0.707593
-0.359515
0.192882
0.587642
1.115367
1.034984
1.205029
1.446683
1.156870
0.736129
0.813327
0.450860
0.390508
-0.210746
-0.743358
-1.257281
-1.619586
-1.032885
-1.392938
-1.668435
-1.141218
-1.494388
-1.761221
-0.982949
-0.775282
-1.149157
-0.706022
-0.229459
0.601113
0.724051
0.800992
0.808335
0.355689
0.350629
-0.638985
-1.474314
-0.726613
-0.702961
-1.131955
-0.502534
0.025358
-0.224796
-0.398270
0.135946
0.931019
0.314791
-0.141486
-0.503694
-0.353490
0.235252
-0.389181
-0.080714
0.048169
-0.637277
-0.361736
0.256909
0.576093
0.630598
0.516377
1.021487
0.896704
0.223551
0.346627
0.455902
0.839188
0.808682
0.852866
0.964302
0.824702
0.822742
0.810226
0.732991
0.877003
0.048243
-0.172255
-0.167232
0.016180
0.599060
1.059326
1.555323
1.693357
1.827342
0.767588
-0.426401
-0.775857
-0.731091
-1.148567
-1.675139
-1.487515
-1.410563
-0.829700
-0.509297
0.149902
0.955825
1.031224
1.833224
1.670398
1.817625
1.616743
1.843136
2.246355
1.423654
0.772137
0.367848
0.251556
-0.516184
-0.908729
-1.341782
-2.175456
-1.618876
-1.056766
-1.610087
-1.953906
-1.282289
-1.509839
-2.050894
-1.928003
-1.613185
-2.414435
-2.092152
-1.902030
-1.202235
-0.170515
0.553335
0.912577
1.069003
0.565480
0.026152
0.415877
0.443128
0.489932
-0.208415
-0.541573
-1.007218
-0.757879
-0.145254
0.186677
0.715986
0.298127
0.356146
0.477315
-0.752821
-0.919680
-0.468899
-0.507793
0.109625
0.503621
0.650830
0.814220
1.197860
0.649397
1.052285
1.604726
1.168748
1.077372
1.635706
2.307202
2.532115
1.453177
1.558101
1.075741
0.720944
0.022107
-0.867390
-0.962978
-1.112042
-0.734626
-1.303860
-0.323841
-0.028483
0.628481
1.172620
1.754489
1.944583
1.217867
1.708624
1.460158
0.066001
0.004892
0.031499
-1.296219
-1.425387
-1.645611
-1.746601
-1.763336
-1.198135
-0.171472
-0.242115
0.064494
0.383587
0.615169
0.975863
1.428129
1.459008
0.617333
-0.823992
-0.461359
-1.389258
-2.322425
-2.283386
-2.429843
-2.677124
-3.139434
-3.835723
-3.269461
-2.576403
-2.076090
-1.446173
-0.567489
-0.104604
-0.503108
0.112886
0.408728
-0.325576
-0.792196
-0.806673
-1.779345
-1.763198
-1.051703
-1.063719
-0.562025
-0.165973
0.652856
0.062653
0.959800
1.549733
1.735211
2.390996
3.647912
3.306853
2.657206
2.976842
2.721304
1.994432
2.360283
2.382337
1.516795
1.087562
0.637167
0.110186
-1.869450
-2.892770
-1.766441
-0.724853
-0.059238
0.315082
0.150395
0.693213
0.357943
-0.219008
-0.273025
-0.335570
-0.415950
-0.664234
-0.798953
-1.410807
-1.430592
-1.635856
-0.687830
0.184607
0.939382
0.231334
0.269443
-0.012394
-0.456414
-0.186042
-0.527675
-1.047036
-1.362759
-2.027497
-1.452238
-1.714840
-1.978998
-2.239670
-2.572167
