0.448946
0.680783
0.685692
0.910770
1.044886
0.909239
0.959826
0.980683
0.955497
0.766704
0.437795
0.153663
0.028276
-0.313158
-0.447952
-0.746924
-0.955589
-0.725492
-0.516806
-0.251967
0.050170
0.347891
0.604454
0.611892
0.663969
0.989946
0.940988
0.807594
0.609913
0.487463
0.275415
0.171254
0.036208
-0.107310
-0.115593
-0.189298
-0.290956
-0.367157
-0.537984
-0.590089
-0.487191
-0.301906
-0.204377
-0.410905
-0.366690
-0.276653
-0.177717
-0.317372
-0.376362
-0.408272
-0.489352
-0.485282
-0.714596
-0.867628
-0.955426
-0.901414
-0.601163
-0.121548
0.321835
0.681979
1.126838
1.404908
1.538957
1.668399
1.556520
1.200210
0.847607
0.437889
-0.230969
-0.622401
-0.723180
-0.544044
-0.161805
0.202408
0.722023
1.038777
1.242133
1.262017
1.090274
1.075411
0.980195
0.749079
0.630742
0.356780
0.114470
-0.089387
-0.271028
-0.684193
-1.163548
-1.187841
-1.440133
-1.803890
-2.018072
-2.216680
-2.195287
-1.938578
-1.755258
-1.376651
-0.833058
-0.403847
-0.275793
0.119094
0.420365
0.613823
0.615806
0.424493
0.056737
-0.330568
-0.715416
-0.701295
-0.675299
-0.574866
-0.363588
-0.185606
-0.061368
-0.005367
0.021254
0.005643
0.059044
0.158818
0.567597
1.027317
1.238884
1.218043
1.103984
1.043373
0.831382
0.530983
0.262886
-0.024487
-0.346275
-0.467000
-0.180457
0.042363
0.337337
0.717967
0.913582
0.857406
0.983178
1.083845
0.986674
0.831341
0.616561
0.150633
-0.158915
-0.545547
-0.561812
-0.661416
-0.689610
-0.379287
-0.150232
0.145235
0.639151
0.941340
0.967286
0.967158
0.986989
0.905638
0.441111
-0.237456
-0.789118
-1.017748
-1.476299
-1.818757
-1.935567
-1.916665
-1.813711
-1.440321
-1.275703
-0.936071
-0.719937
-0.629629
-0.324415
-0.120950
-0.086382
-0.071991
0.113110
0.256406
0.354032
0.470286
0.592971
0.552152
0.492022
0.501377
0.435165
0.332355
0.398937
0.619079
0.834256
0.899602
0.963164
1.113247
1.100793
1.060028
0.870731
0.528268
0.231468
-0.347238
-0.825362
-0.781887
-0.547943
-0.509383
-0.438673
-0.409096
-0.583565
-0.767244
-0.812252
-1.055372
-1.272090
-1.512578
-1.743491
-1.764756
-1.476557
-1.063659
-0.763303
-0.393350
0.192669
0.619560
0.880218
0.928802
0.866015
0.767404
0.576844
0.339597
0.097098
-0.073182
-0.390605
-0.822601
-1.048068
-1.106762
-1.174550
-1.177409
-0.858052
-0.305831
0.333129
0.945128
1.347612
1.548241
1.641620
1.730704
1.626848
1.639501
1.721667
1.681160
1.335270
1.071658
0.905476
0.640947
0.385351
0.084421
-0.383679
-0.762513
-0.897327
-0.801450
-0.601153
-0.310676
0.000849
0.547617
0.761994
0.837847
1.086363
1.076631
0.918993
0.772135
0.758732
0.661617
0.471722
0.303172
0.311700
0.212085
-0.004892
-0.312625
-0.740867
-1.084628
-1.059280
-0.951278
-0.853684
-0.791466
-0.666539
-0.687923
-0.776803
-0.543026
-0.326786
-0.240053
-0.452369
-0.524349
-0.316139
-0.136500
0.056474
0.016498
0.146526
0.228744
0.074232
-0.297625
-0.523786
-0.429334
-0.478909
-0.712153
-0.853729
-0.538246
-0.209146
0.106659
0.166825
0.112346
-0.127084
-0.532872
-0.954811
-1.314845
-1.198786
-0.884112
-0.541447
-0.224611
0.019257
0.163190
0.221712
0.375540
0.438209
0.262898
0.286434
0.673605
0.768698
0.730547
0.712346
0.514202
0.204099
0.064482
-0.006662
0.118530
0.154899
0.407249
0.870691
1.383088
1.476844
1.624084
1.664614
1.329078
0.926097
0.713728
0.320726
-0.170436
-0.391805
-0.433007
-0.480554
-0.529139
-0.473258
-0.236881
0.096211
0.326190
0.445289
0.410575
0.226093
-0.270846
-0.730490
-1.158287
-1.280127
-1.034117
-0.930731
-0.733756
-0.516524
-0.520795
-0.415445
-0.171357
0.147071
0.577565
0.798860
0.758957
0.690756
0.453439
0.361254
0.077239
-0.093444
-0.144299
-0.536636
-0.736294
-0.759450
-0.803558
-0.880082
-0.821115
-0.491210
-0.108351
0.512295
0.759593
0.781400
1.006970
1.259396
1.470894
1.700609
1.697013
1.633707
1.205903
0.763654
0.425258
0.001225
-0.309282
-0.389269
-0.457641
-0.479784
-0.369122
-0.133659
-0.073206
-0.150142
-0.159538
-0.321546
-0.213133
-0.213392
-0.394637
-0.539331
-0.445504
-0.602864
-0.855108
-1.040106
-1.242534
-1.495992
-1.571835
-1.841172
-1.858156
-1.969831
-2.032854
-1.987029
-1.975631
-2.036207
-1.893414
-1.600725
-1.253287
-0.871602
-0.650400
-0.050537
0.400913
0.501806
0.476050
0.516555
0.395057
0.011919
-0.014406
0.054011
0.247534
0.193061
0.271462
0.367408
0.444715
0.456712
0.226850
-0.015907
-0.039590
-0.128216
-0.195099
-0.133734
-0.052824
-0.180946
-0.268970
-0.082237
-0.053798
-0.103092
0.001240
0.307337
0.488076
0.763360
1.101012
1.304899
1.578900
1.797656
2.177319
2.566511
2.442427
2.206067
1.944219
1.429167
1.045883
0.833546
0.603298
0.421071
0.237464
-0.124227
-0.627034
-0.895824
-1.450880
-1.746242
-2.052683
-2.364199
-2.350902
-2.251813
-1.889370
-1.561716
-1.151222
-0.714344
-0.480387
0.045730
0.531938
0.733893
0.576295
0.077175
-0.214445
-0.444814
-0.747518
-0.867748
-0.643140
-0.506932
-0.256267
0.144987
0.566791
1.080112
1.476839
1.740129
2.095571
2.250215
2.239839
2.195108
1.898451
1.510741
1.118514
0.609555
0.144676
-0.191438
-0.359963
-0.382250
-0.201329
0.015598
0.294511
0.605718
0.748328
1.048260
1.262091
1.268022
1.243869
1.030663
0.643555
0.114816
-0.523833
-1.108024
-1.804082
-1.981518
-1.767957
-1.649161
-1.670539
-1.584073
-1.532531
-1.257224
-0.765690
-0.432067
0.031501
0.241482
0.198736
-0.217757
-0.394372
-0.414345
-0.550133
-0.478898
-0.380737
-0.320904
-0.043504
0.115058
0.130346
0.357371
0.382948
0.132249
-0.089703
-0.397120
-0.405265
-0.284594
-0.235750
-0.434204
-0.490737
-0.418553
-0.306498
-0.126692
0.040714
0.059255
-0.036700
0.165265
0.287851
0.376093
0.643283
0.856514
1.172512
1.170255
1.182697
1.282111
1.416677
1.247626
1.084352
0.715208
0.572216
0.463945
0.313961
0.331352
0.322846
0.209467
-0.055006
-0.238023
-0.419230
-0.431918
-0.611841
-0.736964
-0.686066
-0.875717
-0.957617
-0.907709
-0.920538
-0.866802
-0.606851
-0.454393
-0.486276
-0.456361
-0.308747
-0.037538
0.002720
0.121519
0.370477
0.335119
0.269066
0.296021
0.477179
0.446238
0.270879
0.193211
0.274660
0.548194
0.761417
0.990879
0.989743
0.768859
0.635304
0.712025
0.268859
-0.292356
-0.500317
-0.849052
-1.282668
-1.650496
-1.790062
-1.496476
-1.019619
-0.880790
-0.673058
-0.259018
-0.015329
0.087955
0.074437
0.080841
0.369394
0.562284
0.815662
1.135546
1.001004
0.501536
0.204512
-0.012824
-0.204102
-0.420313
-0.550184
-0.662726
-0.742480
-0.413681
0.066798
0.233664
0.257568
0.379057
0.328426
-0.086915
-0.433236
-0.590421
-0.776543
-1.159550
-1.561922
-1.582370
-1.133922
-0.694654
-0.251024
-0.049678
0.276650
0.445975
0.471221
0.735035
1.262274
1.668838
1.886182
1.848405
1.576283
1.336504
1.155767
0.664415
0.209452
-0.327961
-0.575716
-0.569984
-0.546713
-0.738406
-0.733679
-0.352258
-0.300225
0.124312
0.621394
0.635283
0.556360
0.630242
1.017251
1.245151
1.352802
1.295702
1.010589
0.618267
0.124411
-0.384037
-0.712702
-1.031342
-1.257441
-1.478472
-1.482162
-1.476517
-1.751689
-1.954726
-2.061380
-1.894352
-1.503297
-0.963277
-0.563829
-0.499226
-0.937561
-1.096679
-1.084943
-1.134036
-1.043025
-0.948205
-0.960107
-0.930106
-0.557122
-0.783973
-0.989145
-0.970818
-1.052375
-1.231834
-1.043293
-0.639209
-0.111639
0.689747
1.252090
1.481866
1.595655
1.685604
1.664186
1.571281
1.093403
1.006657
0.939579
1.012012
1.478354
1.810138
1.790336
1.457691
0.994194
0.391360
-0.161820
-0.449150
-0.831290
-1.358938
-1.804532
-2.011239
-2.026887
-1.663584
-1.420860
-1.016540
-0.587954
-0.351828
-0.067358
0.324508
0.351974
0.294093
0.417429
0.223379
0.217732
0.440132
0.629119
0.988745
0.946492
0.871661
0.712620
0.765619
1.162014
1.437074
1.679647
1.873213
2.025517
2.022033
1.607806
1.208043
0.509725
-0.038952
-0.529414
-0.839981
-1.221894
-1.492336
-1.426015
-1.332485
-1.149552
-1.018139
-0.962558
-0.746532
-0.546549
-0.414568
-0.289078
-0.166069
-0.169513
-0.181056
-0.175497
-0.305170
-0.363067
-0.701545
-0.876191
-0.803159
-0.702600
-0.517095
-0.336212
-0.259265
0.010626
0.177579
0.397116
0.852403
1.225277
1.600765
1.686052
1.631764
1.450480
1.432219
1.748002
1.657293
1.032784
0.029973
-0.776524
-0.992559
-0.801154
-0.518395
-0.134009
0.061621
0.098193
-0.058710
-0.164263
0.030263
0.256538
0.122289
0.154466
0.380117
0.090518
-0.001442
-0.513690
-0.796914
-0.911490
-1.090461
-1.514603
-1.826195
-1.824959
-2.121623
-2.109344
-1.640276
-1.251119
-0.755327
-0.749087
-0.865598
-0.604735
-0.495460
-0.570706
-0.677696
-0.825599
-1.012062
-0.983897
-0.516908
0.134811
0.827576
1.393988
1.526679
1.472158
1.399646
1.466556
1.411061
0.910247
0.549309
0.477443
0.474484
0.372060
0.202814
-0.046871
0.026681
-0.019517
0.029485
0.110841
0.259629
0.681748
1.242893
1.702403
1.931691
2.205390
2.187129
2.069635
1.727612
1.323317
0.815873
0.528063
0.160644
-0.383765
-0.584748
-0.782496
-1.064113
-1.428828
-1.453211
-1.046478
-0.276458
0.290624
0.731686
1.290911
1.835879
2.155705
2.376959
2.355996
2.577521
2.415996
2.028420
1.540471
1.233861
0.887555
0.341805
-0.514602
-1.262060
-1.888714
-2.225944
-2.549170
-2.768983
-2.849646
-2.512353
-2.084269
-1.688722
-1.304561
-0.924430
-0.796908
-0.491230
-0.314521
-0.387619
-0.418381
-0.373917
-0.252225
-0.310225
-0.524035
-0.741137
-0.516870
-0.400831
-0.239820
0.252722
0.508070
0.514169
0.328231
0.261495
0.158298
0.172628
0.223931
0.016348
-0.338596
-0.698551
-0.911538
-1.504349
-1.922088
-2.067222
-2.442027
-2.573507
-2.459417
-2.222791
-1.797576
-1.336734
-0.985372
-0.408641
0.469289
0.649181
0.625620
0.904501
1.104222
0.782847
0.566631
0.322524
-0.017937
-0.215685
-0.366955
-0.418756
-0.593535
-0.462621
-0.265759
0.070405
0.233803
0.155037
0.110934
-0.002905
0.056808
0.251026
0.647195
1.057168
1.096519
0.793626
0.508612
0.301086
0.373556
0.190480
-0.045592
-0.169212
-0.207287
-0.062855
0.351622
0.930518
1.589382
2.006546
2.086714
1.565397
0.631203
-0.450230
-1.520512
-2.113263
-2.180675
-1.813770
-1.278523
-0.805508
-0.198124
0.472513
1.003972
1.666483
2.354182
2.922939
3.396441
3.495550
3.920892
