2.080046
2.033812
1.782666
2.068362
1.851765
1.136876
0.588892
0.098745
-0.434713
-1.027413
-1.659990
-1.745578
-1.602350
-1.571660
-0.931199
-0.859250
-0.454761
0.514216
0.956505
1.280141
1.467447
1.564446
1.202759
0.616654
0.492756
0.362182
0.232966
-0.223932
-0.569985
-0.595470
-0.869854
-0.625365
-0.916511
-0.791347
-0.292253
0.403321
1.075321
1.685219
1.278758
0.470424
0.307787
0.642247
0.391339
0.036481
0.076796
0.243514
0.331592
-0.132998
-0.439323
-0.129186
-0.118147
-0.199516
-0.404046
-0.117745
-0.111581
-0.234138
0.119053
0.379018
0.607118
0.338486
0.145159
0.055568
-0.163537
-0.217225
-0.402056
-1.145966
-1.546030
-1.318492
-1.156844
-0.493369
0.009327
0.425731
0.769120
0.925741
1.306073
1.167562
0.842548
0.520658
0.112551
-0.070915
-0.325739
-0.956636
-1.316959
-1.393322
-1.356118
-1.031927
-0.769856
-0.632145
0.122942
0.695409
0.892115
1.243277
0.967767
0.620102
0.638541
0.615178
0.609329
0.187330
-0.424662
-0.802278
-1.026857
-1.095628
-0.996206
-1.077154
-1.159140
-0.821989
-0.052075
0.277022
0.778845
1.215221
1.660927
1.328028
1.009761
0.831033
0.434568
0.228767
-0.339634
-1.031192
-1.406983
-1.486596
-1.458198
-1.045679
-0.686236
-0.618845
-0.296187
0.497917
1.238350
1.392020
1.321725
1.656393
1.789112
1.595099
0.920723
0.358115
-0.141380
-0.731302
-1.403504
-1.962796
-1.595373
-1.335241
-1.336657
-0.966626
-0.312506
0.115266
0.514557
0.422330
0.577329
0.658320
0.548233
0.487771
0.270540
0.112848
0.133055
-0.442519
-0.841884
-0.587698
-0.400126
-0.218013
0.126018
0.024593
-0.132389
0.255725
0.435911
0.719617
1.122370
0.800510
0.554517
0.466730
-0.062921
-0.520109
-0.663185
-0.749697
-0.815167
-0.380090
-0.432707
-0.418881
0.001265
0.299462
0.385946
0.657691
0.683800
0.477689
0.423009
0.685754
0.796075
0.704500
0.594926
0.453470
0.053256
0.195610
-0.000923
-0.034712
0.377210
0.509674
0.508859
0.455312
0.440877
-0.079006
-0.423487
-0.553912
-0.852591
-1.155907
-1.430617
-1.405143
-1.900322
-2.149137
-1.850786
-1.392792
-0.909711
-0.531111
-0.481920
0.008721
0.436857
0.214285
0.144026
0.052328
0.239061
0.621939
0.348640
-0.201197
-0.257481
-0.006309
-0.092446
0.117390
-0.100272
0.001157
-0.029419
0.006655
0.567675
0.854491
1.045545
1.466128
1.669363
1.740575
1.551491
1.000013
0.430333
0.270454
-0.069691
0.094960
-0.337705
-1.003345
-1.097664
-0.709795
-0.597662
-0.326148
-0.136837
0.133855
0.244131
0.651207
0.401660
0.145522
0.106848
0.446474
0.456776
0.377574
0.235601
0.220519
0.158894
0.395402
0.703107
0.693953
0.637060
0.674623
0.831431
0.744556
0.066971
-0.254842
-0.247962
-0.422103
-0.617538
-0.977902
-0.686153
-0.740502
-0.461270
-0.109888
-0.107659
-0.307024
-0.363528
-0.636322
-0.884618
-0.589758
-0.142719
0.189872
0.252951
0.273431
0.376324
0.538064
0.204445
-0.169346
0.033056
0.106863
-0.032604
-0.537141
-0.994262
-1.162587
-0.868729
-0.655367
-0.190709
0.514781
0.472078
0.247296
0.214925
-0.004741
-0.220039
-0.416228
-0.878859
-1.201785
-1.012398
-0.814640
-0.761279
-0.730414
-0.341843
-0.296561
-0.327551
-0.019845
0.460693
0.810254
1.084137
1.263523
1.518245
1.230704
0.791965
0.783597
0.928082
1.057597
1.079242
1.276054
0.884486
0.602428
1.018315
1.223622
1.137318
0.847118
1.052960
0.328103
-0.542959
-0.650015
-1.087815
-1.444851
-1.559207
-1.511768
-1.552671
-1.425981
-0.867765
-0.400915
-0.016445
0.443815
0.382049
0.352351
0.780308
0.588531
0.514229
0.299793
-0.063675
-0.182214
-1.190298
-1.776729
-1.582206
-1.247545
-0.391608
0.757611
1.298137
1.601222
1.800599
1.850443
1.788882
1.404596
1.151671
0.473820
-0.017550
-0.318579
-1.011653
-1.531213
-1.635116
-1.336394
-1.403838
-1.348994
-1.136625
-0.707252
-0.234530
-0.266845
-0.500653
-0.128599
0.182621
0.203474
0.407985
0.488982
0.093701
-0.375903
-0.519136
-0.822522
-0.781697
-1.312577
-1.552016
-1.444014
-1.210157
-0.772546
-0.137260
-0.167323
-0.405216
-0.076790
0.283124
0.126274
-0.128271
-0.122599
0.171183
0.256692
0.284740
0.058281
0.400727
0.135018
-0.092493
0.177971
0.273386
0.258452
0.159308
0.187057
0.059549
-0.353723
-0.663961
-0.707170
-0.699372
-0.725108
-0.466855
-0.098338
0.187581
0.423341
0.344711
0.321903
0.613171
0.842838
0.921394
0.644608
0.622938
0.798021
0.665449
0.481093
0.397200
-0.295125
-0.793312
-0.661853
-0.625852
-0.393737
-0.896079
-1.039882
-0.815198
-0.571297
-0.262934
0.251302
0.589120
0.530152
0.484804
0.832477
1.446063
1.270264
1.093537
1.226597
1.409786
1.147316
0.750262
0.666546
0.254901
-0.194845
-0.236871
-0.301033
-0.339943
-0.345734
-0.706690
-0.830267
-0.485734
-0.142026
0.210607
0.182784
-0.057783
-0.219078
0.024164
-0.080275
-0.105942
0.159156
-0.260015
-0.611923
-0.403276
-0.289570
0.102337
-0.025416
0.108073
0.544081
0.555871
0.412845
0.217814
-0.043772
-0.673240
-0.861424
-0.800679
-0.091371
-0.222332
0.003520
0.534152
0.744394
0.951379
1.221986
1.037242
0.764885
0.648515
0.639545
0.853937
0.249210
-0.183329
-0.282218
-0.485680
0.027715
0.064897
0.083678
0.655588
1.156220
1.351567
1.601676
1.372790
0.822824
0.752578
0.520725
0.102545
-0.343687
-1.043442
-1.728936
-2.034125
-1.762181
-1.439500
-1.387042
-1.037365
-0.336805
0.278225
0.852144
1.439251
1.486162
1.650032
2.261811
2.392369
2.300998
1.813059
1.012002
-0.124879
-0.792424
-1.150633
-1.527131
-1.632918
-1.546333
-1.324729
-1.159778
-0.932432
-0.581735
-0.040296
-0.101866
-0.324896
-0.270108
-0.377514
-0.470314
-0.531479
-0.233080
-0.495212
-0.883138
-0.564898
-0.887733
-0.978508
-0.658555
-0.726862
-0.899327
-0.970933
-0.945326
-0.442918
-0.285968
-0.094319
0.696626
1.033097
1.636425
1.387554
0.660699
0.252592
-0.064481
-0.310148
-0.014873
-0.366110
-1.007620
-0.992327
-0.662255
-0.509919
-0.830816
-0.824703
-0.395429
-0.067528
0.278266
0.420447
0.636510
0.889282
0.561451
0.184998
0.173419
0.134845
0.030097
-0.002772
-0.623577
-0.935910
-0.889360
-0.729601
-0.440581
-0.416764
-0.192048
0.283012
0.647373
1.095683
1.344652
1.571035
1.244715
0.581774
0.315939
0.306485
-0.011303
-0.229011
-0.823251
-1.191507
-0.972652
-0.904669
-1.049518
-0.876192
-0.723339
-0.865581
-0.916398
-0.992454
-0.863794
-0.345656
0.336228
-0.047487
-0.369413
0.172755
0.645391
0.991673
0.809843
0.476657
0.482407
0.740730
1.223316
1.681768
1.730404
1.365825
0.676193
0.141076
-0.032387
-0.058277
0.502368
0.741767
0.501356
0.373724
0.551888
0.702505
0.809125
0.917963
0.533322
0.075846
0.103427
0.384712
0.470214
-0.213242
-0.744919
-0.934209
-1.463289
-1.833387
-2.451383
-2.354316
-1.383063
-0.468536
0.401337
1.316937
1.876279
1.987299
1.673240
1.385298
1.225050
0.841824
0.426039
-0.016677
-0.932686
-1.753452
-1.466834
-1.037642
-0.508052
-0.678624
-1.099132
-1.267151
-1.477364
-0.927749
-0.310198
0.125530
0.309368
0.545666
1.062666
1.099116
0.856095
0.379340
-0.129821
-0.734609
-1.008213
-0.956095
-1.081878
-1.621655
-1.993853
-1.600912
-1.095587
-0.665805
-0.829915
-0.759673
-0.939796
-0.703522
-0.353863
-0.377887
-0.359137
-0.471720
-1.035408
-1.855284
-2.268295
-2.228347
-1.976535
-1.382327
-1.476476
-1.108397
-0.093870
0.464293
0.704314
0.722033
0.733531
0.233803
0.064668
0.426958
0.561322
0.858237
1.448825
1.401099
1.334136
1.668836
1.817979
1.988747
1.898392
1.905135
1.423493
0.896450
0.890136
0.763579
0.913706
0.530090
0.368894
0.335827
0.260898
0.256675
0.251926
0.199604
-0.370602
-0.809028
-0.992446
-1.173174
-1.378771
-1.184400
-0.629907
-0.417996
0.007628
0.614020
0.808474
1.349066
1.291539
1.032987
1.112519
1.226583
1.225859
1.547607
0.916235
0.171648
0.028093
-0.093811
-0.078166
0.167197
0.469944
0.137326
-0.062880
0.358705
0.919484
1.322818
1.626306
1.473260
1.286890
1.346356
1.426362
1.267367
1.325945
0.562015
-0.120373
-0.257728
-0.548955
-0.693317
-1.191910
-1.498004
-1.977551
-2.035787
-1.784999
-1.625367
-1.279738
-1.057844
-1.446623
-1.834713
-1.483750
-1.163897
-0.818424
-0.397085
-0.489348
-0.758843
-0.769515
-0.705103
-0.847106
-0.607425
-0.358023
-0.613966
-1.045965
-0.925303
-0.580746
-0.343332
0.110177
0.368490
-0.022315
-0.584025
-0.716296
-0.911700
-0.741390
-1.332904
-1.578755
-0.893994
-0.522045
-0.238868
0.260736
0.858675
1.230952
1.364491
1.817922
2.276360
2.184570
2.102005
1.640876
0.961670
0.603878
0.188437
-0.277775
-0.473219
-0.301964
-0.992140
-1.404951
-1.067902
-0.717431
-0.356181
-0.182918
-0.711249
-0.814348
-0.463005
-0.190760
0.137451
0.597648
0.600176
0.711495
1.385644
1.801412
2.083663
2.168520
1.693861
1.305251
1.068429
0.788722
0.483907
-0.051935
-0.376918
-0.356762
-0.696304
-0.531600
0.250278
0.787819
1.362029
1.152673
1.196904
1.524648
1.658948
1.866989
1.693619
1.174524
0.787013
1.202123
1.524157
1.502777
1.280227
1.255137
0.798336
0.285454
-0.130413
-1.045387
-1.310614
-1.234382
-1.570356
-1.896257
-1.580205
-0.961196
-0.439506
0.067834
0.209553
0.374224
0.778637
1.404254
1.775688
2.096867
2.466521
1.897621
1.294644
0.941257
0.666976
0.609537
-0.219151
-1.073946
-1.493071
-2.056674
-2.274017
-2.394047
-2.337292
-1.903117
-1.937977
-1.806740
-1.197009
-0.512617
-0.000629
0.284615
0.897012
0.802618
0.228835
-0.308801
-0.693459
-0.924202
-1.740296
-2.611552
-3.738481
-4.298992
-4.364743
-4.220642
-3.354101
-2.530727
-1.676474
-1.163593
-0.967092
-0.720077
-0.029237
0.441458
0.509622
0.615238
0.884815
0.440747
-0.178222
-0.641102
-1.026741
-1.449283
-1.568842
-1.550886
-1.422766
-0.870577
-0.116830
0.368408
0.970705
1.590632
1.328623
0.967986
1.303504
1.483409
1.363412
0.915964
0.357507
-0.033211
-0.042031
-0.177340
-0.225329
-0.636573
-0.603863
-0.005461
0.633653
0.864951
0.709622
0.924899
1.163134
1.471791
1.901029
1.921665
1.868986
1.565565
0.531698
-0.401770
-0.674951
-0.527390
-0.184847
0.449620
1.185598
1.491834
1.790633
2.245674
2.087498
1.918485
1.954840
1.605243
1.139197
0.554358
0.091292
-0.194396
-0.559379
-0.790278
-0.715900
-1.081915
-1.588751
-1.467827
-1.459781
-1.321915
-0.897679
-0.366457
-0.192831
-0.188536
0.239791
0.792623
