1.531277
0.891677
0.437225
0.998230
0.405988
-0.285039
0.636373
1.405971
0.717348
0.868936
0.779544
0.387142
0.452855
0.363369
0.371145
0.607752
0.372997
-0.088356
0.756785
-0.388972
-0.793705
0.870646
1.041475
0.815632
0.105218
-0.450703
-0.301507
-1.096464
0.525527
0.342982
0.035999
1.138129
0.205580
0.572959
0.722702
0.072953
0.412208
0.615917
0.967457
1.350188
0.509749
0.910372
0.943294
0.250601
0.118930
-0.173995
0.420796
0.451092
0.525981
0.200607
0.306489
0.501594
2.246787
1.926635
1.903191
2.602828
2.440350
2.227108
1.745379
1.641519
1.553961
0.768447
0.570391
1.288520
0.646213
0.837537
1.646351
1.276853
1.009688
0.837963
0.870175
0.970269
0.411295
0.766603
0.536035
0.992941
0.793344
-0.458496
-0.708496
-0.566245
0.034236
0.014370
0.717693
0.145680
-0.325952
-0.930221
0.248983
0.663857
-0.622424
-0.778757
-0.726103
-0.786501
-0.337117
0.699405
-0.061413
-0.627764
-0.017916
-0.040395
-0.461613
-0.292619
0.136385
-1.062892
-0.968849
-0.324142
-0.646798
-0.480531
-1.118911
-1.034540
-0.520128
-0.413642
-0.434115
-0.500885
-0.285205
-0.399714
-0.495361
-0.437115
-1.283780
-1.898909
-1.556123
-1.675653
-0.438085
-0.227819
-0.811659
-0.170787
-0.202211
-0.260946
0.776686
0.750649
0.060664
0.453565
0.629495
0.870918
0.470484
-0.065941
0.862369
1.561534
1.182348
1.952311
1.835213
1.784643
1.925614
1.554007
1.368169
0.713582
1.565552
1.027461
0.231303
-0.146288
-0.090889
0.355212
0.354212
-0.312781
0.679669
1.267230
1.427580
1.257178
0.991307
1.320487
0.444745
0.241451
0.711903
1.179499
0.571806
-0.144370
-0.946322
-0.764839
-0.644369
-1.031854
-0.528390
-0.845414
-0.339089
-0.237444
-0.672029
-0.756867
-0.602535
-1.178126
-0.817475
-0.025826
-0.385870
0.003764
0.503563
0.657848
0.915424
0.219382
0.319532
0.213509
0.203661
1.407748
0.720277
-0.031144
-0.194358
0.525557
1.201984
1.683471
1.091783
0.232910
0.490925
0.545269
0.195083
0.558100
0.773384
0.677138
0.713641
0.461530
0.389511
-0.064529
0.324373
0.724611
1.264278
1.519377
1.537772
0.517487
0.559018
0.905094
0.649712
0.577672
0.968432
0.130539
0.242462
-0.432630
-0.432556
0.327399
-0.205189
-0.219803
-0.169204
-0.117961
-0.657833
0.319181
0.137301
0.333964
0.186094
-0.870423
-1.071170
-0.826207
-0.980236
-1.106801
-1.217132
-1.260127
-1.428805
-1.653453
-1.265367
-0.471364
-0.731970
-1.199636
-0.518949
0.273458
0.240858
0.318985
-0.163535
-1.289641
-1.034820
-0.383386
-0.413621
-1.229104
-0.449426
0.305102
-0.524787
-0.077857
0.281095
0.584233
0.294924
0.532304
0.871398
1.090400
0.777627
-0.012383
0.009255
0.116811
-0.338120
-0.530901
-0.607819
-0.295951
0.146251
-0.107296
0.086157
-0.100556
0.004309
-0.261663
-0.204688
-0.808623
-0.212100
-0.008130
-0.272219
-0.488925
-0.219693
-0.652281
-1.692902
-0.936053
-0.765433
-0.797139
-0.181645
0.331691
-0.006115
0.411230
1.168198
0.456934
0.501704
1.357846
1.786349
1.138278
1.075739
0.817885
0.433355
0.904175
1.368798
1.296824
1.179512
1.490461
2.214918
1.159879
1.128579
0.505667
0.242145
1.152420
1.141405
1.847467
0.178092
-0.765514
-0.296979
0.823082
-0.468332
-0.264947
0.968725
0.485881
-0.094512
1.255212
1.253083
1.316674
1.170153
1.358479
0.840246
0.424202
0.274465
0.749093
0.867149
0.112751
0.901193
0.307361
-0.136523
0.830617
0.764387
-0.485380
0.232213
0.700637
0.363969
0.430052
-0.051918
0.463958
0.579682
-0.327290
-0.393969
0.060304
0.100238
0.497217
1.212120
1.653769
0.663177
0.587788
1.403707
1.229818
0.564292
0.853357
0.695815
0.933791
1.668478
1.052241
1.242666
1.620012
1.925517
1.520456
0.960093
1.206206
0.466088
1.119984
1.887166
1.769577
0.992371
1.290671
2.046502
1.866249
1.541318
1.319128
0.383093
-0.018876
0.411158
1.904868
1.667526
2.300727
3.069359
1.977079
1.055935
1.046640
0.862446
1.163678
1.123712
1.218948
1.191971
1.215567
1.476437
0.568337
-0.422077
-1.029437
-0.986165
-0.586083
0.354343
-0.060469
-0.043384
0.016741
0.232592
0.297592
0.493592
0.313651
-0.396722
-0.092746
-0.088156
0.228851
-0.949920
-0.966874
-0.691736
-0.551370
-1.153322
-0.955576
-0.676518
-0.724764
-0.775981
-0.297930
-0.486174
-0.875123
-0.265643
-0.289588
-0.215303
-0.437818
-0.208022
-0.067775
-0.888277
-0.659914
0.027830
-0.749475
-1.564987
-1.047107
0.498762
-0.065885
-0.369221
-0.618714
-0.963807
-0.284037
-0.410752
-0.308600
0.685817
0.099373
-1.164521
0.003429
-0.121284
-0.443952
0.435681
0.413688
-0.357579
-0.177408
-0.044611
-0.260119
-0.417700
-0.698566
0.015875
-0.787958
-1.197655
-1.473680
-1.369247
-1.595780
-1.465954
-1.692965
-1.444064
-1.206187
-1.322627
-1.648754
-1.371766
-1.132883
-1.150632
-1.707034
-2.121687
-1.050772
-1.594434
-1.875328
-1.530302
-1.506959
-2.036137
-2.051946
-1.123340
-0.570603
-1.359330
-1.392666
-1.433214
-1.139100
-0.608987
-1.626809
-1.289273
-1.594705
-2.379980
-1.736772
-1.525173
-1.665143
-0.899999
-2.006567
-2.835842
-1.895784
-2.214217
-2.679837
-2.221517
-2.482067
-2.544291
-2.052413
-1.727840
-1.346139
-1.208970
-1.657176
-2.085086
-1.358321
-0.995050
-1.000048
-1.004903
-1.034649
-0.623323
-0.964323
-1.216833
-0.814915
-0.598046
-0.923175
-0.089277
-0.007013
0.043268
-0.521055
-0.102808
0.414753
0.184663
0.770643
1.003974
0.727395
0.512521
0.659734
0.026918
0.919725
0.947687
0.766651
0.948274
1.251868
0.818077
1.259745
1.174116
1.094427
1.001886
0.860341
-0.541499
-0.295786
0.177653
0.274467
0.732974
0.318288
0.566618
-0.063951
-0.195565
0.454977
0.500161
0.236224
0.556209
0.229393
-0.025890
0.545483
0.941191
0.819197
0.680144
0.401187
0.455830
0.858967
0.949877
0.648016
0.636871
0.394302
0.153854
0.126347
-0.317408
0.371343
0.909374
1.452211
0.848914
0.614248
0.733732
-0.024640
-0.739547
-0.347383
-0.069697
0.106798
0.652160
0.860751
0.548951
-0.068155
0.000051
0.498994
1.053353
1.456960
1.847925
1.602401
1.307083
1.364282
1.700232
1.773696
1.608074
0.910243
1.334233
1.760256
1.244214
0.928840
-0.173062
0.200114
-0.070270
-1.006940
-0.382977
-0.295280
-0.623482
-0.802552
-0.236549
-0.767608
-0.805598
-0.494808
-0.769526
-1.309502
-0.976681
-1.405222
-0.852816
-0.439353
-0.665344
-1.369782
-1.241458
-1.812482
-2.228916
-2.453668
-2.101493
-1.491646
-1.137990
0.053532
-1.151246
-0.710848
-0.917920
-2.235811
-1.668476
-0.466127
-0.463924
-0.958619
-0.689860
-0.911937
-0.706617
-0.298811
-0.087857
0.756827
1.375154
1.022721
1.520710
1.054375
0.970809
1.721001
0.408834
0.088346
0.978382
1.220151
0.862110
0.511756
0.590710
0.584120
0.349407
-0.174232
-0.298381
0.614163
0.259549
-0.331640
-0.677700
0.033066
0.059759
-0.501647
-0.834688
-1.470697
-0.558504
-0.529277
-0.769249
-0.300249
0.075964
-0.780223
-1.219666
-1.252123
-0.492452
-0.578144
-0.449075
-1.286433
-1.392589
-1.407894
-1.071120
-0.985045
-2.449015
-2.317770
-1.402352
-1.311126
-1.141472
-0.932026
-0.696953
-0.914735
-1.932278
-1.684320
-1.244682
-0.562982
-0.363400
-0.757985
-0.999653
-0.929241
-0.628451
-0.907010
-0.621546
-0.476303
-0.115705
-0.930368
-0.792609
-1.062372
-0.026883
-0.042308
0.373299
0.865456
1.111651
0.833284
0.680150
0.478347
0.158443
0.330895
0.529260
0.900335
-0.040782
-0.318296
-0.599717
-0.569837
0.255824
-0.305163
-0.342577
0.272063
0.565721
0.653287
0.967635
0.692038
1.222904
0.888617
1.054054
1.578399
1.746613
1.974424
1.505032
1.615787
2.040144
1.571090
1.717899
1.152876
1.194323
1.665511
1.068818
1.094889
1.148162
2.454041
2.946605
3.619810
3.618610
3.087844
1.743294
2.077839
2.463437
2.271294
1.338837
1.293649
1.049744
0.603799
0.113714
0.595825
1.298621
0.783368
0.446251
0.376485
0.090330
-0.711180
-0.688435
-0.750036
-0.427416
-0.698903
-0.655694
-0.632364
-0.220354
0.155462
-0.171367
-0.187567
0.456733
0.295255
-0.430721
-0.656853
-0.657048
-0.455949
0.285892
0.500485
-0.906815
-1.063702
-1.008468
-1.430766
-1.205496
-0.956058
-1.508086
-1.799230
-1.470097
-1.623506
-1.718983
-1.354327
-1.348126
-1.454940
-1.525062
-1.985675
-0.964122
-0.826441
0.204752
0.340848
0.124159
-0.101234
0.031991
-0.167920
-0.462577
0.118045
-0.002760
-0.556068
-1.448770
-0.502526
-0.014823
-0.426607
-0.905193
-1.398926
-1.180265
-1.869592
-1.355403
-0.926673
-1.436582
-1.533127
-1.392375
-1.145679
-0.793371
-0.803655
-0.594411
-0.953963
0.063015
0.136440
-0.944047
-0.548373
-0.218729
0.038173
0.740384
0.276193
0.053142
0.163741
-0.229573
0.177565
0.457721
1.054480
1.054536
1.320209
0.694105
0.402743
0.904987
1.028804
0.476663
0.322632
0.476394
0.888789
1.103466
1.007829
1.083272
0.922227
0.574498
-0.202875
0.599434
0.699225
1.031443
0.576717
-0.087203
-0.359113
-1.141044
-1.606399
-1.343708
-0.947972
0.176422
-0.447459
-1.641659
-0.871982
-0.513434
-0.761368
-0.552002
-0.019245
-0.055437
-1.304436
-1.371168
-1.262785
-2.308055
-2.380816
-2.050064
-1.750787
-1.526672
-0.747947
-0.906974
-1.609427
-1.399048
-1.118022
-0.232545
-0.012512
0.368252
0.367032
-0.647779
-0.750496
0.079911
-0.276596
-0.603989
-0.846740
-1.270466
-1.035161
-1.176208
-0.907179
0.061575
0.646111
0.536492
-0.020834
-0.274667
0.066228
0.086262
0.267736
-0.846092
-1.266881
-1.166126
-0.879930
0.193340
0.307154
0.040829
-0.166735
0.437763
0.080627
-0.285457
-0.560610
-0.459377
-1.617810
-1.665661
-1.234900
-1.085858
-0.995393
-0.425597
-0.161640
-0.487946
0.130972
-0.416006
-0.529579
-0.440097
-0.578995
-0.643266
-0.762331
-1.539122
-0.434439
1.418089
2.895434
2.157276
1.095917
1.062789
0.534575
0.599407
0.308650
0.042331
0.005292
0.832883
0.170387
0.086793
0.661714
1.063869
0.673513
0.692651
0.367235
-0.256098
-0.257862
-0.175612
0.453221
0.206746
0.442219
0.813825
0.584593
-0.086556
0.444918
-0.210188
-0.153799
-0.047540
-0.221006
-0.250235
0.193007
0.089724
-0.307599
-0.327079
-0.690272
-1.209371
-1.657854
-1.389995
-1.010927
-0.627251
-0.922614
-0.558754
-0.723092
-0.665680
-0.423397
-0.579436
-1.096043
-1.430005
-1.655673
-1.372377
-1.123697
-0.820064
-0.485531
-0.749104
-0.254875
-0.040753
0.061818
-0.608181
-0.381112
0.061630
0.562421
1.003733
1.526101
