-3.030190
-2.212889
-1.445073
-1.597105
-1.461242
-1.460451
-2.248446
-2.669456
-2.144572
-2.239728
-2.325389
-2.000505
-1.423427
-1.501868
-1.505843
-0.763372
-0.502520
0.265318
0.414506
0.940459
0.505425
0.298768
0.471518
0.465094
-0.034617
-0.374132
-0.217134
0.693604
-0.072547
-0.517370
-0.365708
-0.456091
0.065261
-0.041534
-0.388336
-0.837969
-0.463067
0.009288
-0.104605
-0.209737
0.148013
0.096341
-0.127972
0.385267
0.002189
-0.058705
-0.434204
-0.626999
-0.551822
-0.414901
-0.052014
-0.100608
-1.239396
-1.334360
-1.114599
-1.618036
-1.776767
-1.267770
-1.040915
-1.384543
-1.984863
-1.820633
-1.522956
-1.761822
-1.189739
-1.470009
-1.878772
-1.526827
-0.798909
-0.485407
-0.703159
-1.352745
-0.936457
-0.297209
-0.288692
-0.561991
-1.030134
-0.605227
-0.120645
0.043676
-0.053774
0.167138
-0.346923
0.552186
0.802451
0.413867
0.168321
-0.397039
-0.503473
-0.166303
0.406773
0.082669
0.295732
0.154937
0.345950
0.734312
0.135191
-0.385923
0.659762
0.832957
0.799499
1.527849
1.118984
1.058817
1.221042
1.141496
1.465418
1.298600
0.844488
0.721017
0.182335
1.102619
0.826215
0.965761
0.866095
1.180731
2.033691
2.137629
2.006902
1.874288
0.920016
0.390509
0.275913
0.451464
0.415472
0.110423
-0.283872
-0.316590
0.196907
-0.137070
-0.188803
-0.430425
-0.368811
0.061594
-0.199797
-0.216452
0.132464
-1.054734
-1.432071
-1.238920
-0.811424
-0.713933
-0.430417
0.635260
0.299574
-0.280264
-0.127431
0.472811
0.534451
0.501963
0.500894
0.292408
-0.412187
-0.533379
-0.606808
-0.551505
-0.585941
-0.478917
0.083466
0.370548
0.381286
-0.103178
-0.020627
0.200537
0.858988
1.052953
1.943113
2.525459
2.309496
1.716004
1.003629
0.879667
0.400522
0.304935
0.979181
1.370234
0.502192
0.094716
-0.290094
-0.627740
-0.842808
-0.932496
-0.916766
-0.909028
-1.306370
-1.165053
-1.420382
-1.631783
-0.873151
-0.682279
-0.354800
-0.591646
-1.112413
-1.342065
-1.222873
-1.141855
-0.856316
-1.047802
-1.172506
-1.036700
-1.058813
-1.166517
-0.875323
-0.383373
0.039176
0.574783
-0.032899
-1.132979
-0.803458
-0.778102
-1.008165
-0.348091
-0.056433
-0.181086
-0.441747
-0.760990
-1.104909
-0.746908
-0.617509
-0.567599
-0.080439
-0.538965
-0.096984
0.386867
0.436032
-0.008645
0.410781
0.453624
1.018256
1.223531
1.310275
1.943937
2.730729
2.493096
1.836528
1.691300
1.815731
2.281485
1.846593
1.611381
1.274562
0.869653
0.835904
0.825686
0.541990
0.632363
0.345315
0.176636
0.417492
0.966823
0.982282
1.183866
0.399927
0.287364
0.121756
-0.332732
-0.470510
-0.727268
-1.107557
-1.557385
-1.609422
-1.850345
-1.235671
-0.499706
-0.339512
-0.429703
-0.142111
-0.291623
-0.038354
0.269640
-0.074476
0.001595
-1.276326
-1.537432
-1.078545
-0.776121
-0.176885
0.038243
0.113931
0.472183
0.365587
0.076744
0.301333
0.588827
-0.141999
-0.621645
0.797936
0.860108
0.782928
1.008578
0.155760
-0.316676
-0.173282
-0.221786
-0.676082
-0.939205
-0.888949
-1.477347
-1.523628
-1.467082
-2.033393
-1.283012
-0.695099
-1.215436
-1.972305
-2.044418
-0.921161
-0.341508
-0.299189
0.088766
-0.218956
0.385989
0.623495
-0.173845
-0.934782
-1.680972
-0.703436
-0.196380
-0.447268
-1.008077
-0.375744
-0.390943
-0.840079
-0.357347
-0.211088
-1.033280
-1.302663
-0.725343
-0.384953
-0.433473
0.019012
0.318630
-0.088698
-0.066098
0.290090
0.472879
-0.430068
0.191269
0.720683
0.505708
0.439837
0.857130
0.612879
0.109693
0.513804
0.307629
0.284607
0.351257
0.482321
0.766515
0.944973
0.429146
0.466884
0.134620
0.149530
-0.370052
-0.199750
-0.292687
-0.656896
-0.081276
0.458492
0.764981
1.093574
0.336717
-0.383765
-0.542946
-1.602856
-2.186158
-2.119242
-1.553275
-0.893689
-0.366079
-0.153301
-0.218364
-1.156273
-1.783804
-1.618238
-1.786451
-2.236996
-1.683142
-1.021653
-0.250331
0.494876
0.824280
0.292366
-0.885225
-1.148772
-1.463433
-1.640848
-0.812859
-0.037096
0.464728
0.767308
0.584900
0.027971
-0.617029
-0.381293
0.145825
0.170004
0.707606
1.421772
2.273430
2.060127
1.241550
0.738468
1.291558
1.557104
1.366707
1.093045
0.912794
0.874985
1.439226
1.686258
1.257061
1.266881
0.349704
0.598048
0.812423
0.841969
0.996955
1.117526
0.829429
0.628236
0.579108
0.521932
0.768434
1.326187
1.427156
0.820086
0.787128
0.861608
0.628702
-0.129525
0.522296
0.894046
0.386415
0.125006
0.300513
0.168179
-0.034884
-1.129578
-0.966657
-0.299354
0.173406
0.313799
0.041411
-0.353571
-0.751287
-1.688681
-1.316548
0.096823
-0.153252
-0.531349
-0.626491
-1.199458
-0.963390
-0.531717
-0.094349
0.302220
0.568902
0.652661
0.107664
-0.382301
0.274160
0.585453
1.039609
0.906417
0.421978
0.051434
0.548147
0.814168
0.321671
-0.304680
0.597856
1.897725
1.908206
1.894176
2.300876
2.367028
1.761140
1.180084
1.354587
1.221443
1.266078
1.701820
1.932240
1.416504
1.008370
1.423861
1.630555
1.582329
1.392288
0.700412
1.118298
1.731231
2.423337
2.840161
2.014456
1.234322
0.842375
0.156872
0.477466
1.091968
0.843109
1.261769
1.768080
1.503689
1.487227
1.415910
0.665876
0.755676
0.164741
0.064060
0.348964
0.630956
0.144329
0.287795
0.032705
-0.726581
-0.508651
-0.568478
0.095521
0.063056
-0.026512
-0.037087
0.117328
-0.746866
-0.401828
-0.602749
-0.456717
-0.758872
-0.952404
-1.203250
-1.086266
-1.069385
-0.868005
-0.862693
-0.955079
-0.874858
-1.678552
-1.146764
-1.088048
-0.886560
-1.056625
-1.527640
-1.812158
-1.401723
-1.486893
-1.585799
-1.487358
-0.725818
-0.468134
-0.456646
-0.602894
-1.126526
-1.067806
-1.044746
-0.467618
-0.116212
-0.417356
-0.611399
-0.396521
-0.047126
0.107938
0.074981
-0.313237
-0.646866
-0.534923
-0.436278
-0.239867
-0.433722
-1.253900
-0.897159
-0.465673
-0.232805
0.007412
0.005062
-0.026794
0.250578
-0.528832
-0.700580
-0.617444
-0.258357
-0.256985
-0.883364
-0.432975
0.311124
0.487925
-0.228951
-0.290039
-0.953320
-0.985018
-0.574038
0.274599
-0.401668
-0.869756
-1.293456
-1.371416
-1.700067
-1.957664
-2.011286
-1.950153
-1.343805
-1.522459
-1.694481
-1.189244
-0.731148
-0.270907
0.428622
0.341281
0.419591
-0.437569
0.032469
0.554307
0.217384
0.044161
-0.054435
0.016240
-0.380224
-0.193703
0.265165
0.090489
0.296320
0.218647
0.346779
1.125088
0.949071
0.898923
1.161772
1.167804
1.057894
1.209021
1.762859
1.512767
1.896381
1.556737
0.671414
0.426823
0.395186
0.616154
1.146463
1.743203
1.338257
1.124973
0.880061
0.104050
0.386406
1.174948
0.138355
-0.706319
-1.244792
-1.855112
-1.955632
-1.076476
-1.048490
-1.040108
-1.379147
-1.076799
-0.728707
-0.322046
-1.126270
-1.364911
-1.473192
-1.612681
-1.293292
-1.043266
-0.532642
-0.837664
-0.213793
0.017272
-0.366653
-0.246880
-0.124693
-0.608715
-0.068449
0.340274
-0.030444
0.281338
0.024869
0.305829
0.294156
-0.208412
0.193678
1.034057
0.814108
0.776960
0.587537
0.493471
0.384173
1.256886
1.146089
1.114835
0.963042
1.057468
1.750184
1.885465
2.119673
1.720187
1.140030
0.864412
1.120594
0.900144
1.306032
1.056831
1.284358
1.011600
0.957961
0.785958
0.539954
0.612752
0.921945
1.126204
0.437241
0.090557
-0.028402
0.614004
0.244593
0.440796
0.049329
0.035300
-0.022485
-0.492857
-0.741561
-0.267662
-0.184092
0.339511
-0.009589
-0.062813
0.416121
-0.186172
0.051675
0.002363
0.710320
0.747155
-0.380482
-0.740164
-0.532887
-1.124608
-1.559918
-0.959489
-0.628455
-0.423566
-0.353173
-0.463188
-0.283912
-0.222951
-0.799705
-0.805945
-0.291507
-0.425313
-0.735705
-0.737577
-1.075200
-0.670343
-0.875767
-1.133648
-0.765097
-0.732318
-0.915279
-1.786784
-2.780815
-3.309841
-3.056691
-2.625049
-2.551333
-3.197606
-2.530900
-2.738717
-1.974865
-1.768525
-1.275124
-1.000102
-0.755113
-0.749064
-0.764295
0.447837
0.589435
0.027737
-0.275720
0.370940
0.143095
0.079689
-0.334497
0.131907
-0.326272
-0.303819
-0.612638
-0.715331
-0.065724
-0.592338
-0.905099
-0.054089
-0.333089
-0.839267
-0.587270
-0.864437
-1.077832
-0.596299
-0.349857
-0.013151
0.048340
0.103710
-0.159808
-0.397572
-0.231058
-0.040350
0.049461
0.394777
0.304993
-0.311377
-0.309818
0.077873
0.509847
1.278449
1.368973
1.016756
0.350906
0.486611
0.247671
0.258954
0.411173
0.447233
0.881502
0.750410
0.374031
0.531857
0.576640
-0.167482
0.108958
-0.076513
-0.088572
0.642253
1.370355
1.635169
1.432891
0.640095
1.103883
1.492667
1.386084
1.147848
1.027399
1.016407
0.471167
1.093171
0.424646
0.255857
0.854047
1.022274
0.872691
0.900000
0.387128
0.392910
0.411634
0.532300
0.109473
-0.456739
-0.676457
-1.551857
-1.544321
-0.751080
-0.668619
-0.475637
-0.186117
-0.550769
-0.648813
-0.823296
-1.151030
-1.454496
-0.972874
-0.330836
-0.255144
-0.929166
-1.051092
-0.109258
-1.019527
-1.172501
-1.306971
-0.294639
0.499074
0.974830
0.890740
0.890389
0.931256
1.102032
0.543394
0.887804
1.112255
0.436537
0.570026
0.547364
0.271685
0.094404
-0.196484
0.473786
1.159029
1.027597
1.660922
2.082626
2.191448
1.507353
0.243659
-0.187462
-0.357427
0.649717
0.879507
0.930138
-0.145888
-0.917000
-0.522358
-0.269025
0.401843
1.041304
0.689964
0.808381
0.456006
0.453662
0.745065
0.746832
1.107820
0.890969
0.675287
-0.210621
-0.834594
-1.437651
-1.211931
-1.596780
-1.066067
-0.619931
0.454355
1.260632
1.360946
1.412185
0.803803
0.176278
-0.365460
-0.839505
-1.189838
-1.069634
-0.202439
0.507293
0.380536
1.147602
1.096460
0.805221
-0.036830
-0.444528
-0.849204
-0.821751
-0.920776
-1.762536
-1.595513
-0.957875
-0.355396
0.002968
0.443525
1.077724
1.001738
-0.084883
-0.624323
-2.069189
-2.116197
-1.989686
-1.520708
-0.329828
0.246303
0.689631
0.652264
0.615132
0.505672
0.299536
-0.299107
-0.693386
-0.755648
0.327969
1.092666
1.508810
1.346962
1.599742
1.442816
0.594427
0.076353
0.078303
0.972454
1.224425
1.763147
1.581985
1.141395
0.192919
0.304027
0.121090
0.084925
-0.190516
0.465504
0.807349
0.539135
1.152334
1.598850
1.114708
0.402075
0.812029
0.215988
0.152437
1.297710
1.883854
1.937664
1.941822
1.782448
1.981956
2.131943
2.152633
1.943736
1.443075
1.021011
0.634200
0.599762
1.115828
1.596806
1.451898
1.502157
0.726116
0.170981
-0.542394
-0.819921
-0.513807
