0.008712
-0.222050
0.145584
1.199477
0.010308
0.392524
-0.259152
-0.175303
0.487268
1.746156
1.367481
-0.347444
-0.383161
0.624845
0.060009
-0.711172
-1.150053
-0.213816
0.138839
-0.660926
-0.280258
-0.700583
-0.919850
-1.283433
-0.623918
-0.036693
-0.417097
-1.052724
-0.550228
0.136899
0.748200
0.060750
-0.237830
0.764713
1.891632
1.699098
0.454035
0.296708
-0.904783
-0.747572
-0.295807
-0.356116
-0.502954
0.463550
-0.234365
0.207732
0.660058
0.964632
0.670753
0.401688
0.913877
0.905232
1.140060
0.940248
-0.176414
-0.565537
0.059211
0.245499
0.810586
0.674822
-0.245688
-0.613335
-0.819555
-1.477712
-1.095670
-0.543545
0.112772
-0.196038
-0.080238
-0.189068
-0.093875
0.318403
-0.404627
-0.037224
0.766516
0.423567
-0.591289
-0.725878
-1.211210
-1.013716
-0.880108
-0.524646
0.452623
0.549099
0.389856
-0.639166
-0.751278
-1.274449
-1.002753
-0.488988
-0.527412
-1.544220
-1.470262
-1.356109
-1.246529
-1.334136
-0.589169
0.131493
0.598257
0.343505
-0.437326
-0.004211
-0.643790
-0.229532
-1.811832
-1.937092
-0.244980
0.771246
0.979211
0.783285
0.293465
0.905273
0.611087
0.588146
0.697398
0.771546
0.830070
0.459565
1.218158
0.935037
1.568479
2.634609
2.537744
1.230005
0.928094
-0.097856
-0.120898
-0.426476
-0.107336
-0.461622
-1.452078
-1.857794
-1.985398
-1.646075
-0.359209
1.370590
1.149653
1.134032
1.756594
2.282140
1.230501
-0.320808
-1.233419
-1.317961
-1.368483
-1.036048
-0.692092
-1.414714
-0.453063
0.550030
1.745731
2.159116
2.329927
1.717935
2.356177
1.107472
0.813509
0.865460
0.831307
0.464987
-0.212368
-1.366229
-2.013302
-1.898750
-1.602078
-0.657471
-0.854873
-0.170414
-0.552390
-1.173365
-2.309990
-2.271013
-0.728004
1.510146
1.055526
-0.270180
-1.065594
-0.596862
0.650474
0.659977
1.170878
1.660492
1.880111
1.455201
0.304032
-0.344683
-0.063870
-0.088107
0.327467
-0.311609
-0.691371
-0.219242
-0.438367
-0.908091
0.004479
1.241777
0.828978
0.675057
-1.024964
-1.162486
-0.197623
0.278268
-1.189849
-1.837995
-1.396255
0.879688
0.827288
0.189400
0.120394
0.491291
0.256806
0.378898
0.830818
0.892883
0.686858
-0.548582
-0.819621
-1.606764
-1.668027
-1.592880
-0.440363
0.024653
-0.051165
-0.648644
0.146929
0.562314
0.894145
0.503244
-0.525264
-0.779937
-1.785207
-1.419994
-1.613603
-2.251587
-2.006209
-1.200876
0.293106
1.527824
1.854133
1.880298
0.974866
0.839906
1.341319
1.109692
1.759596
1.296249
1.224380
-0.013901
-0.785769
-0.525250
-0.133405
0.135825
0.746603
-0.811411
-0.395905
0.645728
1.378894
1.954491
1.734124
1.659640
2.141267
1.640018
-0.158283
0.660944
0.694472
0.533183
0.047074
-0.843127
-1.732881
-2.016223
-1.306541
-1.296580
-1.234925
-1.257790
-0.584975
0.196894
0.219691
-0.340574
-0.533831
0.165089
0.369354
0.012747
0.452173
-0.282905
-0.452269
-0.303542
0.430793
-0.245798
-0.600645
-0.342709
-0.998717
-0.838070
-0.642962
-0.648115
-0.824954
-0.213584
-0.101939
0.571210
0.389149
0.203732
0.291928
0.367228
0.281970
0.063146
-0.240421
-0.353460
-0.956981
-1.348778
-0.629633
0.117174
0.693076
0.473667
0.461205
0.595687
1.341551
0.509767
0.765760
0.900526
0.925014
0.986568
0.631635
-0.136788
-1.044695
-0.911615
-0.077971
1.343729
-0.087872
-1.607307
-1.422256
-0.444132
-0.295725
-0.218512
-0.036487
0.300249
0.003078
0.139732
0.681578
-0.309153
-0.208448
-0.391577
-0.589152
-0.538974
-0.809011
-0.711949
-0.111924
0.206872
0.966011
-0.492774
-0.627898
-0.639125
-0.137110
0.608906
1.576946
0.782375
-0.686702
-0.712538
-0.946087
0.010601
0.685383
1.345062
1.235276
0.820189
0.183851
0.463163
0.480224
-0.547474
-1.431376
-0.171971
0.634432
0.393396
0.090806
0.099550
-0.084455
-0.830464
-1.197579
-1.391047
-1.196833
-0.620961
-0.116417
-1.381179
-0.648022
0.136789
1.030275
1.480150
1.698872
1.881664
1.834468
2.386105
2.556470
2.370832
1.294449
1.528076
0.497148
-0.739032
-1.213869
-1.076718
-1.465908
-0.818784
-0.464717
-0.266426
-0.669699
-1.258525
-0.145598
0.795758
1.455554
0.610025
0.488857
0.500817
0.681666
0.755395
0.107560
-1.334580
-1.529055
-1.970362
-1.910208
-1.640495
-1.676048
-0.781819
0.147916
0.883040
1.004377
1.798100
1.933999
1.788296
0.746838
-0.539290
-1.382036
-1.932129
-2.027151
-1.342265
-0.387924
0.784906
0.538068
0.157696
0.463057
0.893186
0.416190
0.066314
0.249283
0.157077
0.387096
-0.186982
-0.210574
0.378735
1.097502
1.719019
2.282385
0.948262
0.903699
1.371875
-0.404280
-0.688155
-0.371562
-0.702073
-0.291257
-0.461555
-1.001382
-0.932155
-1.140086
-0.540834
0.142013
0.630437
0.226349
0.064054
1.203538
1.866762
1.327895
0.864831
0.694225
0.462469
0.499342
-1.102987
-2.179042
-2.641352
-1.626267
-0.208834
0.242761
-0.627365
-1.070737
-1.229837
-0.115800
0.997491
1.402409
1.377295
0.510605
-0.306364
-0.780528
-0.044426
-0.460858
-0.758100
-0.551322
0.819455
0.989738
1.281665
1.131698
0.800967
0.583812
-0.309938
0.109346
0.280768
-0.589748
-1.409388
-0.491120
0.145039
1.233702
0.914729
0.867768
-0.169895
-0.023123
0.453582
1.195764
1.510703
1.264503
0.823732
-0.090689
-0.602512
-1.275471
-1.482486
-2.101481
-2.015008
-1.290418
-0.985440
-0.499219
-0.378831
-0.857753
0.009741
0.011995
0.344137
0.316212
0.009528
0.427720
-0.437394
-0.350501
0.360697
-0.323660
-0.705245
0.344663
-0.231370
0.013459
-0.942580
-1.076863
-1.030030
-0.883572
-0.685338
-0.870861
-0.649436
-0.195140
0.403840
-0.170448
0.281192
1.029282
1.778160
0.722283
-0.284140
-0.490477
0.159918
-0.475093
-0.611189
-0.415002
-0.611979
-0.123293
-0.270855
-0.929815
-1.504037
-1.837109
-1.958208
-0.841817
-0.573369
-0.069935
0.201549
0.359563
-0.022286
0.074058
0.108853
0.618953
1.218255
1.061326
1.122605
1.085334
2.038239
2.674659
2.028129
1.420616
1.826523
0.866857
0.398328
0.496638
0.596765
-0.563054
-0.956082
-1.091499
-0.749025
-0.014674
1.342212
1.866696
1.144570
1.074081
1.762729
0.792889
-0.752489
-0.934167
-0.955955
-0.157195
-0.375568
-0.204571
0.372883
-0.656682
-1.248156
0.183344
0.647479
-0.175186
0.032785
-0.197253
0.341695
0.316520
0.853665
0.745434
0.156777
-0.760959
-1.176106
-1.409431
-0.135708
0.159744
0.427317
0.891261
0.241654
0.509213
1.085623
1.746274
1.367612
0.670687
-0.110416
-0.246211
-0.516853
-0.124709
0.108856
0.474907
0.476274
0.634747
-0.111440
-0.207162
0.593290
-0.658223
-1.358010
-1.488559
-0.816892
-1.308413
-0.108925
-0.279768
-1.384949
-1.457249
-0.241200
-0.144685
0.500609
0.023224
-0.624767
-1.078680
-0.954528
0.146836
0.794950
1.208183
0.621294
-0.074374
-0.047014
0.037310
-0.075473
0.279372
-0.147974
0.155154
0.335871
0.875337
1.024942
0.426423
0.045871
-0.677374
-1.558559
-1.738565
-1.014582
-1.908188
-2.262773
-2.469406
-2.651102
-2.675913
-2.115338
-2.166148
-1.812943
-1.447825
-0.298709
0.423193
1.440629
2.114692
0.789593
0.652222
1.670811
2.687463
2.322335
2.212806
0.951280
-0.140192
-0.834205
-0.672150
-0.256358
0.501893
0.245549
0.148887
0.980839
0.808356
1.566090
1.883744
2.606312
1.747150
0.998851
0.548415
0.487647
0.462617
0.950575
-0.077869
-0.639184
0.269201
0.632713
1.110342
-0.158301
0.038606
-0.437904
-0.499188
-0.375719
-0.401752
-0.795222
-0.404010
0.102565
0.051615
-1.032342
-1.255789
-0.949670
0.289019
0.167546
0.536830
0.906364
0.208794
-0.341385
-0.869556
-0.343247
0.102811
-0.021988
0.382126
0.626120
-0.782908
-0.157133
0.515153
0.255800
-0.394749
0.059763
-0.356323
-0.561336
-0.510896
-1.308820
-0.488382
-0.049519
-0.332886
-0.686912
-0.450514
-1.246114
0.015336
-0.083044
-0.550896
-0.674482
-0.660969
-1.064634
-0.866980
-0.757708
-1.359964
-0.456077
0.290749
0.290086
-0.150485
0.498903
0.855116
1.689561
0.989737
0.145064
0.270102
0.246068
-0.490726
-0.869057
-0.524549
-0.585210
-0.423182
-0.756733
0.205600
0.574350
0.821207
0.170196
0.388818
0.572673
-0.211812
-0.748514
-1.079657
-0.955646
-0.291850
0.418958
0.307667
0.895142
0.812375
-0.055948
-1.442121
-1.089366
-0.146354
-0.664125
-1.204503
-0.162410
-0.310676
0.250982
0.483703
0.313231
0.182611
-0.136041
0.251931
-0.078011
0.363730
-0.015051
-0.466937
-0.392597
0.649103
0.392819
0.627271
-0.354248
-0.394011
-1.139424
-1.043974
-0.641790
0.546175
1.132181
1.514773
2.186813
1.756321
1.598742
1.759853
2.163773
2.148752
1.673071
0.251133
-0.311362
-1.223454
-2.275958
-2.336194
-1.771998
-0.070698
0.109648
-0.860169
-0.857382
0.571710
1.392348
2.570770
2.262302
1.747634
0.767970
0.352865
0.172672
0.627189
0.318930
0.881618
0.820607
-0.612091
-0.672743
-0.550042
-0.305573
-0.500661
-0.868744
-0.858282
-0.639615
-0.161508
1.160919
0.805683
1.526368
0.852737
-0.100300
-0.011189
-0.633163
-1.796315
-1.822792
-1.271750
-0.857048
-0.908332
-0.554232
-0.212923
-0.163296
0.804564
1.389780
1.744629
1.611043
0.555446
-0.704844
-1.140824
-1.539599
-2.137417
-2.443414
-2.471510
-2.096649
-1.263314
0.241927
1.440183
2.603437
1.574778
0.826559
-0.314935
-0.584293
-0.616929
-0.268636
-1.379040
-1.939504
-1.378308
-0.499808
0.920059
1.163276
0.366428
0.035956
0.403285
0.389732
1.109640
1.466521
1.343295
0.119725
-0.442757
-0.490092
-0.355856
-1.018267
-0.908505
-1.030217
-1.053073
-0.525435
-0.523792
-0.422489
0.141657
1.304621
0.569766
-0.399969
-0.806719
0.268201
0.843539
1.012538
1.439703
1.378385
1.159998
1.822824
2.041451
1.158223
0.681153
-0.286064
1.210232
1.419742
0.401547
0.232105
0.051566
-0.841016
-1.251680
-0.737705
-0.221284
-0.502040
-0.904814
-1.087344
-0.843679
-0.330897
-1.054466
-0.248761
-0.247767
0.082652
0.374992
0.520626
0.007302
0.635878
1.039507
1.284205
1.222968
0.708700
0.085475
0.357572
1.028916
0.365591
-0.025879
-0.831230
-1.248353
-0.634687
1.027847
0.557513
-0.090951
-0.137041
0.070851
-0.502770
-0.661113
-0.745924
-0.342407
-0.119943
-1.125007
-1.506409
-1.307372
-0.043290
-0.975277
-1.221512
-0.954878
-0.981237
-0.085982
0.940401
1.415236
1.746401
1.185259
0.538951
0.589373
0.279790
-0.174360
-1.016824
-1.111162
-1.719445
-1.805931
-2.117648
-1.435961
-0.198346
0.988755
1.158338
1.779941
1.425364
1.171512
0.110241
0.088364
-0.061993
