0.024417
0.514610
0.381912
-0.061441
-0.203843
-0.092581
-0.451074
-0.841674
-0.707538
-0.732011
-0.375094
-0.061134
0.371688
0.348667
0.533399
0.536728
0.606375
1.218958
1.072766
0.815059
1.157993
1.246575
1.047910
0.482839
-0.084975
0.447398
1.503080
1.628539
0.917013
0.603782
0.224480
-0.165132
-0.198804
-1.152301
-1.297939
-0.776677
-0.043874
0.280503
0.594265
0.738112
0.680106
0.858817
1.424614
1.369777
0.974110
0.675453
0.151786
-0.271872
-0.305797
-0.550458
-1.020172
-1.261001
-0.814161
-0.530277
-0.609609
-0.265448
-0.398465
-0.463685
-0.651564
-0.773870
-1.139249
-1.005438
-0.260105
0.307819
0.420033
0.218229
-0.118267
0.069672
0.640116
0.543198
0.162823
-0.163842
-0.352444
-0.952568
-1.390464
-1.000219
-0.054466
0.058477
0.314842
0.259688
-0.554456
-1.166423
-1.443519
-1.585209
-0.563361
-0.096468
0.270885
0.727351
0.969872
0.969953
0.937567
1.650738
1.720646
1.820202
1.682501
0.436034
0.179400
0.600041
0.556647
0.327148
0.784563
1.174744
1.294386
0.737553
0.236508
-0.343553
-0.910040
-1.386203
-1.429666
-0.675039
0.047882
0.370474
0.336272
0.082534
0.183205
0.714977
0.535768
0.201990
-0.043478
-0.765800
-1.589059
-1.557596
-1.645848
-1.433422
-1.008474
-0.306896
0.604611
1.027379
1.082936
0.993497
0.793671
0.656868
0.076794
-0.311121
-1.242636
-2.706231
-2.673334
-2.686321
-2.588227
-1.877127
-0.497357
1.128193
2.627685
2.550390
1.803459
0.936505
0.549430
0.594261
-0.164122
-0.187117
-0.730184
-1.051423
-0.896313
-0.749696
-0.871653
-0.839038
-1.104970
-1.060413
-0.628420
-0.262606
0.525551
1.582424
2.163749
1.797436
1.126912
0.581734
0.171967
0.329184
0.683123
0.819526
1.186104
1.450930
0.982081
0.215060
0.503584
0.705416
0.448257
0.404402
-0.330797
-1.718389
-2.648641
-2.204087
-1.536854
-0.290469
0.529140
0.869117
0.190973
-0.299233
-0.389842
-0.734755
-0.614118
0.042033
0.309628
0.122886
-0.211343
-0.487199
-0.397457
-0.539497
-0.681576
-1.040776
-1.097067
-0.662749
0.105501
0.682448
0.849552
0.348535
0.303572
0.661157
0.594504
-0.240034
-1.152697
-1.275774
-0.632218
-0.110197
0.402279
0.917377
1.373523
1.593309
1.303919
1.134064
0.308964
0.266239
0.201299
-0.108384
-0.552484
-0.406860
0.359315
1.172470
1.642044
2.344929
2.832037
2.463079
2.517121
2.639286
2.864899
1.962252
0.514810
-0.697906
-1.566983
-1.773028
-1.427984
-1.316495
-1.561745
-1.774874
-1.188284
-0.908746
-0.741558
-0.231263
0.468411
0.704220
0.361401
0.370872
0.224155
0.214493
0.126046
-1.029808
-2.231556
-2.643013
-2.608470
-2.910783
-3.178365
-2.929787
-1.995001
-1.486695
-1.454247
-1.367601
-0.412737
0.643080
1.232010
1.211051
1.393152
1.638545
1.927155
1.674624
1.583790
0.658959
0.214483
-0.060536
-0.471060
-1.007862
-1.524202
-1.611139
-1.210882
-0.478074
-0.166761
-0.033910
0.171597
0.494316
0.872718
1.338152
1.673815
1.586606
1.064284
0.360463
-0.264969
-0.174719
0.395344
0.770943
0.370487
-0.030702
-0.185449
-0.351798
-0.198883
0.066740
0.491305
0.391744
0.313042
0.658147
0.613537
0.590494
0.412353
0.680826
0.438777
0.322399
-0.633758
-1.152291
-1.152473
-0.564933
0.390477
0.444820
0.823135
1.060905
1.170760
0.591449
0.180517
0.067398
0.405773
0.665042
0.597559
0.081475
-0.021272
0.049426
-0.014043
-0.638465
-0.908426
-0.320315
0.166705
0.433893
0.293797
-0.106483
-0.520898
-0.945179
-1.188447
-1.795719
-2.185170
-2.128798
-1.905446
-1.594907
-1.483571
-1.261738
-1.041433
-0.833252
-0.418325
0.264245
1.263543
1.939369
2.426120
2.357809
1.338821
0.071956
-0.263366
-0.409847
-0.287275
-0.032303
0.213880
0.219196
0.354024
0.563077
0.593722
0.607378
1.033982
1.039616
0.636317
0.657846
0.557915
0.616696
0.328898
0.151865
0.372219
-0.305525
-0.575066
-0.566115
-0.453652
-0.745317
-1.011032
-1.077182
-0.887767
-0.853592
-1.165114
-1.099308
-0.909258
-1.163788
-0.932812
-0.885634
-0.385647
0.201797
0.316185
0.202230
0.056201
0.470151
0.806046
0.738339
-0.119092
-0.196556
-0.064924
-0.129712
-0.004664
0.004976
-0.531295
-0.232918
0.346538
0.904004
0.959630
1.024842
1.314299
1.560654
1.295560
0.939192
1.084321
1.050753
0.691686
0.244772
0.138600
0.240407
0.226610
-0.006493
0.162054
0.828443
0.971425
0.195639
-0.571549
-1.373896
-1.131258
0.156395
0.669024
1.059893
1.330464
1.943048
1.639519
0.392266
-0.800008
-0.623592
-0.408440
-0.806445
-1.788123
-2.858617
-3.281021
-2.857150
-1.729649
-0.372264
0.584609
1.263368
1.316621
1.484908
1.388965
0.998020
0.973350
0.802673
0.613082
-0.244303
-1.259450
-1.282235
-0.947069
-0.857986
-0.985560
-0.848688
-0.404141
-0.124131
-0.047123
0.205739
0.236714
0.415709
0.138769
-0.049018
-0.062430
-0.174927
0.237524
1.314779
1.848625
1.470078
1.079813
0.689970
0.125838
-0.130962
0.246861
0.204458
0.003652
-0.032412
-0.176765
-0.441166
-0.018461
0.758137
0.681852
0.948218
1.046158
0.982340
1.018667
1.139070
1.519011
0.973181
0.415303
0.370474
-0.198408
-0.789506
-0.967336
-0.787472
-0.597821
-0.371794
-0.705679
-1.208493
-1.698468
-2.109435
-1.632057
-0.863804
0.169060
0.639094
0.262542
0.536579
0.672411
0.982365
1.171263
0.985469
1.193779
0.606412
0.172745
-0.208836
-0.439876
-0.605667
-0.396633
-0.440970
-0.298427
-0.385317
-0.305904
-0.130202
-0.283966
-0.161594
-0.375470
-0.664713
-0.676086
-1.076844
-0.969140
-0.690626
-0.551957
-0.605329
-0.308573
-0.109098
0.068233
-0.086874
-0.372292
-0.894319
-0.684274
-0.472385
-0.726637
-1.404707
-1.360891
-1.005791
-0.882033
-0.772682
-0.829009
-0.773394
-0.566216
-0.700285
-0.131971
0.511452
0.446807
0.574151
0.885142
0.892828
0.648269
0.426709
0.105180
-0.471883
-0.617031
-0.118429
0.115889
-0.271873
-0.183654
-0.363763
-0.397340
-0.467776
-0.594727
-0.944126
-1.027553
-0.660749
-0.596394
-0.556847
-0.235216
-0.142762
0.206284
1.017523
0.893276
0.735693
0.468362
-0.633163
-0.857624
-0.811213
-0.641644
-0.252087
0.038383
0.273170
0.572257
0.781233
0.103526
-0.094310
-0.403033
-0.346704
-0.348667
-0.652955
-0.985811
-1.028230
-0.841569
-0.885036
-0.162250
0.093585
0.538123
0.793467
0.927897
1.326479
1.658316
1.747077
1.302681
1.058501
1.093842
0.871003
0.593136
0.472945
0.713982
0.069057
-0.031602
0.323094
0.624116
0.848220
0.957827
0.712918
0.369235
-0.354836
-1.191511
-1.421117
-1.508052
-1.018307
-0.407596
-0.151489
0.114919
0.648716
1.462220
1.606794
1.860951
1.548761
1.394853
0.859738
0.092053
-0.673569
-1.285796
-1.865302
-2.064504
-1.719422
-1.197210
-1.084254
-1.018700
-1.129529
-0.752792
0.114645
0.648747
0.438100
-0.185129
-0.053661
0.036301
0.115206
-0.308665
-1.078102
-1.057110
-0.689269
-0.066530
-0.408229
-1.063130
-1.164521
-1.095860
-0.907533
0.613472
2.158541
2.908009
3.210600
2.953928
2.526791
2.015995
1.640610
1.039537
0.683078
0.404533
0.392226
-0.395525
-1.129888
-1.952821
-1.965198
-1.510970
-1.374809
-1.706523
-0.981970
-0.101872
0.665687
1.042491
1.418186
1.639628
1.872559
1.783260
1.136590
0.748138
0.271074
-0.140824
-0.419783
-1.198363
-1.645039
-1.121937
-0.475264
-0.029437
-0.051495
-0.517460
-0.094242
0.028277
-0.108134
0.087949
0.101420
-0.418123
-0.384643
-0.440985
-0.561687
-0.584006
-0.242651
0.110891
0.570608
0.529205
0.016581
0.279163
-0.144260
-0.887268
-1.229742
-1.130130
-0.798346
-0.265939
-0.295471
0.160974
0.170117
-0.129459
-0.708019
-0.572543
-0.583583
0.004866
0.571968
0.481780
0.016204
-0.340169
-0.161539
0.393647
0.670597
0.482975
0.461074
0.505501
0.903080
0.646703
0.091346
-0.396002
-0.183849
-0.206044
-0.294671
-0.016949
0.102544
0.581955
0.918611
1.096673
0.960913
0.181938
-0.631837
-0.889053
-0.887402
-0.819316
-1.165417
-2.009820
-2.653223
-2.355897
-1.488658
-0.909907
-1.162371
-0.894984
-0.072744
0.472919
0.650204
0.563099
0.496817
0.437088
0.539596
0.530026
0.641637
0.840807
0.771152
0.759118
1.437581
1.602033
1.015663
0.916713
0.860134
0.060676
-0.342323
0.278945
0.194737
0.105681
0.193780
1.047786
1.045219
0.556188
0.102200
-0.496372
-0.685096
-1.175771
-1.565749
-0.988725
-0.342415
0.249137
0.885252
1.983585
2.338173
2.159554
1.993507
1.303870
0.370449
-0.119757
-0.542345
-0.575923
-0.318582
-0.230321
-0.098833
0.046972
-0.122066
-0.708525
-1.262813
-0.954810
-0.630646
-0.484391
-0.351309
-0.130786
0.139884
0.717904
0.903636
1.005225
1.448719
1.393223
1.438810
0.647581
-0.354122
-0.065875
-0.065583
-1.097574
-1.287171
-0.921384
-0.497881
0.205030
0.484334
0.571999
0.406315
0.117707
-0.626117
-0.813924
-0.171937
0.628217
0.572482
0.215753
0.206300
0.494439
0.626732
0.869223
0.137313
-0.363110
-0.797618
-1.584882
-1.633702
-1.544736
-1.007148
-0.461886
-0.094437
0.250487
0.227749
0.494469
0.636130
0.357997
-0.255263
-1.113094
-1.535628
-1.823420
-1.988683
-2.364830
-2.486308
-1.575005
-0.151173
1.086384
1.885748
2.271471
2.924790
2.203562
1.380540
0.969315
0.235638
-1.009926
-1.820746
-2.052846
-2.031075
-2.132772
-1.679607
-0.315098
0.465888
0.626398
0.583258
0.390639
0.021212
0.141755
0.132273
0.114727
0.284260
0.384354
-0.092853
-0.139019
0.416660
0.306904
0.128903
0.548822
0.735893
0.857957
0.497618
1.064860
1.184927
0.929026
0.472121
0.006340
-0.135470
-0.792552
-1.139866
-0.641056
-0.117402
0.216477
0.258184
0.313725
0.002107
-0.075826
-0.131066
-0.330077
-0.664081
-0.933234
-1.034223
-0.765938
-0.710609
-0.285928
0.371165
0.147504
0.456489
0.756620
1.115577
0.515908
-0.186368
-0.887559
-1.144972
-0.810865
-0.275017
0.413984
0.880441
0.926638
0.726966
0.959794
0.326328
0.129177
0.261508
0.025405
-0.341726
-0.443107
-0.451244
-0.506411
-0.272750
-0.139490
0.104515
-0.221810
-0.590816
-0.242054
0.194395
0.749752
0.838698
-0.218301
-0.876212
-0.297313
-0.105764
-0.150411
0.260593
0.817120
1.439914
2.038722
2.240205
2.027311
1.915648
1.628823
1.138405
0.758181
0.071356
-0.151195
-0.408008
-0.996493
-1.462385
-1.731574
-1.429884
-1.005376
-0.193741
0.084754
0.270882
0.325630
0.260260
0.403834
0.781503
0.470524
-0.274400
-0.819876
-1.329666
-1.886090
-2.199426
-2.333018
-1.952140
-0.785827
0.117007
0.562311
0.659901
