1.957441
1.514251
0.592000
-1.024496
-0.722680
-1.075613
-1.638067
-1.987831
-0.989713
-0.049926
0.808975
0.374730
-0.567340
-0.602466
0.464916
0.819594
-0.303619
-2.064420
-1.427558
-1.906076
-1.913123
-0.968466
-0.556853
-0.253173
-0.091588
-0.574914
-0.326091
0.304964
0.020950
-0.306549
-0.288170
0.386869
1.004054
-0.064383
0.939601
1.933507
0.830091
0.933446
-1.164900
-2.108447
0.190876
1.016803
0.506262
-0.952171
-1.718761
-0.738252
0.353550
-0.120184
0.591362
1.186123
1.207408
0.034552
-1.443897
-1.247072
-0.235165
0.219824
-0.242448
-0.469119
-0.047877
0.957059
0.867003
0.709121
-0.160186
-0.953929
-0.422002
-0.635136
-0.443173
-0.372909
0.791992
-0.106942
-0.506019
0.528806
0.058619
-0.333069
0.189108
-0.443707
-0.315486
1.943684
1.715854
0.377373
0.617385
0.429217
0.202698
0.131897
1.215883
1.441806
0.808468
0.235427
-0.443509
0.394590
0.803353
0.382380
-0.089762
-0.887634
-1.518775
0.077897
0.930461
0.990213
0.286307
-0.883812
-0.793838
-0.827841
-0.428264
-1.227966
-2.075194
-1.904086
-0.503865
-0.578959
-1.523493
-1.693901
-1.127546
-1.320237
-1.000414
-0.818694
-0.444134
-0.880584
-1.483833
-0.625523
0.539980
-0.098761
-0.400106
0.198436
0.572835
1.718661
1.525719
0.147941
0.364023
1.026235
2.047037
2.689383
0.687034
1.159030
1.099247
0.452776
0.594726
-1.503916
-1.125773
0.840838
-0.414997
0.037365
-0.959604
-2.462975
-2.460805
-1.079025
0.802388
0.406499
-0.721911
0.054362
-0.386092
0.180059
0.494717
-0.027854
0.020132
1.570946
2.239667
0.885555
0.126497
0.223535
0.894810
1.167502
0.867112
-0.411711
-1.164178
-1.114675
-0.367383
-0.306256
-0.149387
-0.362192
-1.224654
-1.962204
-0.978774
0.835774
1.838497
-0.188537
-2.595314
-1.737269
1.027304
1.498605
1.099022
0.884856
0.682885
1.370565
1.842751
1.663310
1.672219
1.631548
0.538008
-0.079775
1.194948
-0.188667
-0.430599
0.731930
-0.356577
-0.818786
-1.688038
-2.100717
-0.479346
0.033031
0.552386
0.685465
-0.363989
-0.562587
-0.809475
-1.005183
-0.802931
0.327586
0.622329
0.984834
0.665114
1.210464
1.449260
1.038224
1.108485
1.285315
-0.579012
-1.611576
-0.073271
-0.216900
-0.418746
0.285789
0.941718
0.380958
0.630785
-0.080362
-0.217080
0.351556
0.002145
0.691255
1.898213
1.693875
0.829896
-0.778903
-1.391933
-1.856040
-1.380633
-0.960007
-0.182376
-0.502112
-0.714910
-0.236412
-0.754660
-0.790544
-0.464828
-0.795091
0.132234
0.865954
0.456576
-0.450816
-1.238254
-0.095985
0.624785
0.885614
1.137019
0.564706
-0.211426
-1.390746
-1.066890
-0.327739
-0.559974
0.053447
-0.059714
-0.150723
-0.839735
-0.511558
0.380222
0.304963
0.391718
-0.421971
-1.352280
-1.127435
0.603248
1.608658
0.537271
-0.459498
-0.118228
-0.420089
0.705814
1.161272
1.074524
0.136869
-0.447162
0.484138
0.523126
-0.532392
0.661904
-0.785991
-1.507192
-0.641171
-0.738663
0.456416
1.118888
1.114354
0.021297
0.414385
0.486150
0.423237
-0.428507
-0.947145
-2.077736
-1.670351
0.545451
-0.112897
-0.964229
-1.829578
-0.741530
-0.395918
-2.692688
-1.050532
0.851896
-0.359929
-0.990903
-0.120020
-0.004415
-1.040468
0.031870
0.673224
0.061632
-0.474580
-1.714809
-0.119912
0.431424
0.356305
1.254476
0.601431
0.295568
-1.050377
-0.977912
1.552256
1.363732
0.567656
-0.883796
-0.737202
-0.108079
-0.069049
0.346055
1.168825
1.916451
1.537078
-0.289347
0.138729
1.206652
1.806810
0.357821
-0.598969
0.489495
1.020677
0.451429
0.811532
1.238806
0.922146
-1.760818
-1.181593
-0.007945
1.091047
0.560381
-0.573127
0.600060
0.083239
-0.298144
0.172569
0.254252
-0.351198
-0.992299
0.098490
0.958434
1.504981
-0.351458
-0.608613
-0.277957
-0.123082
0.590603
0.362255
-1.241774
-2.198129
-2.758193
-0.924790
1.402393
1.081479
1.437991
-0.111703
-0.882146
0.144107
0.875516
0.785537
0.492080
0.750451
-0.398574
-1.519262
-2.696229
-1.622365
0.295560
0.029123
-0.397765
-0.841373
-0.141844
-1.107761
-1.629507
-0.279348
0.614862
-0.704291
-1.356310
-0.400083
0.390091
0.369074
1.082573
1.365535
0.152748
0.483363
1.465372
1.003946
0.423090
0.898122
0.006955
-1.141765
0.606531
-0.126684
0.197238
1.075297
0.591019
0.144868
0.783115
0.075898
0.053966
0.633037
0.647664
0.600720
-0.797338
-0.228794
1.005119
0.784803
1.582511
0.336122
-0.301133
0.695185
1.160908
1.450480
2.125854
0.736894
0.524787
2.003407
2.910377
1.218211
0.165273
0.047465
0.339543
0.038794
0.966197
1.912816
0.226487
-1.600188
-1.209709
-0.755868
-0.010957
-0.465719
-0.368506
0.340840
-1.202860
-0.212596
0.544848
0.619842
-1.113851
-0.625683
-0.024345
-1.157327
-0.143410
1.417415
-0.087384
-2.081709
-1.688500
-0.582172
-0.708200
-0.754515
-1.037949
-0.633524
-0.634672
-1.364719
-0.216947
-0.515104
-0.622901
0.862680
2.235475
0.513073
-1.208538
-0.035704
0.477153
-0.314557
-1.048216
-1.242800
-1.242119
-1.765550
-1.967383
-1.882598
-0.996527
-0.987460
-0.689188
1.009225
0.460171
0.286614
0.987683
-1.200257
-1.509578
-0.991853
0.211063
1.231167
0.435213
-0.642628
-1.947809
-0.932273
0.227855
-0.686544
-0.175597
-0.825051
0.447037
1.775707
0.568713
1.334942
1.538227
2.291717
1.718287
1.094529
0.297416
-1.630241
-1.252115
-0.401473
-1.103680
-1.250395
-0.470888
0.027442
-0.621768
-1.156853
-1.013562
-1.142187
-0.685660
-0.165345
0.371312
1.051174
2.623794
3.113249
2.213363
0.167623
-0.831357
0.687459
1.285826
1.287188
1.652192
1.062287
0.290854
1.129635
0.453907
0.424151
0.757135
-0.928926
-1.028818
-0.387382
-1.196038
-0.200667
1.246661
-0.150201
-0.705762
1.305897
0.212285
-2.333748
-1.651575
-0.713099
-0.713415
-0.579462
0.863989
-0.045955
0.142006
1.941006
2.424805
2.055192
1.221669
0.748828
0.348465
0.373791
-0.124722
-0.355332
0.655525
0.497526
-0.152332
-0.529601
-0.679058
-0.972897
-0.604460
0.118783
0.551919
1.188945
0.301521
0.093126
0.255696
-1.361246
-1.498505
0.369285
1.534064
-0.298053
-0.625448
-0.428233
-0.795583
-0.164806
-0.863712
-0.150455
0.794823
0.118997
-1.005946
-1.625602
-1.599185
-0.748302
0.068244
0.536310
-0.507543
-1.627759
-2.150114
-0.131781
0.406016
0.028334
0.234893
-0.211759
-1.580712
-1.080983
0.839354
1.686205
0.450227
-1.584043
-1.540297
0.492149
2.534554
2.408125
0.865305
-0.684776
-1.471412
-0.426198
-0.053577
-0.054894
0.375314
-0.033375
-1.000825
-1.779522
0.990550
1.811283
0.680372
0.286818
-0.522003
0.540529
1.322460
0.871628
-0.395149
-0.246223
-0.846500
-0.078626
0.687568
0.825865
1.705425
1.434215
0.028147
-0.585484
0.418607
0.984909
0.949737
0.572584
0.302437
0.580917
-0.517919
-0.787402
0.341378
0.705600
0.342835
-0.897661
-1.587957
-0.404637
0.788453
0.431686
-0.615770
-0.183197
-0.502678
-1.953740
-2.262840
0.611992
1.052434
0.270322
1.037091
0.913695
1.447208
1.870788
2.017481
-0.698889
0.517531
1.452677
0.878597
1.047304
1.056970
-0.969431
-0.976438
-0.040845
0.329592
-0.022811
-0.647005
-0.857955
0.337469
-1.015457
-2.021325
-1.961542
-0.666462
-0.659204
-0.993299
0.042935
-0.192801
0.445021
0.899692
0.348844
0.855823
0.239127
-0.651844
-0.271505
-0.315694
-2.324862
-0.960524
-0.102249
1.205987
1.099856
-0.342812
-1.877419
-2.059288
-1.643335
-1.096286
0.324771
0.406173
0.181925
-0.816800
-1.643769
-0.396600
1.661974
1.616283
0.903870
-0.000892
0.628830
0.105682
-0.172223
1.013400
0.904596
0.855970
0.505736
0.482674
-0.407470
0.105928
0.529731
0.568560
-0.457393
-0.866261
0.183768
-0.660684
-1.078110
1.227712
1.282653
-0.718412
-0.387307
0.329185
0.777108
-0.121381
-1.442429
-0.835896
-0.532910
0.469685
0.572769
0.502420
-0.373005
-0.921319
-0.826510
-1.083595
-0.763873
0.507110
0.547878
0.042423
0.099396
1.238466
0.586341
-0.457312
-0.273218
0.402335
-0.290306
-0.382221
-0.792904
-0.815151
-0.464553
-0.925429
-0.072919
1.301512
0.905194
0.384016
0.718050
0.613172
-0.059631
0.637233
0.399829
0.980206
0.923025
0.447999
0.061778
-0.261495
-0.677417
0.478636
1.408335
-0.398532
-1.664485
-1.165862
-1.080744
-0.462482
-0.074971
-0.573234
-1.533048
0.642245
1.956352
0.949588
-0.345055
-0.368981
0.629627
0.653615
0.365946
0.246106
0.587486
1.102013
1.292293
1.527712
1.920896
-0.145216
-1.497730
-0.935710
-0.533718
1.264901
2.237258
0.171667
-0.923882
-0.973867
-1.283680
-0.981495
-0.780866
-0.362455
1.250816
-0.526187
-1.347588
-0.200644
-0.506010
-1.156362
-0.768656
-0.508186
-0.576120
0.627941
2.050453
1.763867
0.669601
1.184007
0.899757
1.527983
1.246925
1.622778
1.186665
-0.254207
-0.360577
-0.199459
-0.748032
-1.351871
-2.615435
-2.500568
-0.768255
-0.596283
-1.127049
-1.673160
-1.289391
-0.811042
-1.079393
-1.376180
-1.286709
-0.484954
0.124410
-0.055158
-0.304081
-0.374932
-0.117681
-0.027636
0.799771
0.999934
0.002881
-0.039367
0.091962
-0.367117
0.029706
-0.010315
0.763194
2.289574
1.507811
-0.026698
0.635316
0.119816
-0.581460
0.105436
0.349787
-1.343337
-0.135519
0.610051
-1.026665
-0.579713
1.291423
0.717932
1.082304
0.205272
-0.289649
-0.921587
-1.135873
0.023678
-0.318713
0.937419
0.893450
0.046496
1.285898
0.878449
0.047354
0.990239
1.362213
-0.301475
-0.324076
0.153838
0.794728
0.235813
-0.407716
-0.520733
-0.970878
-0.441656
0.057084
-0.563763
-0.518659
0.174469
-0.557285
-1.177873
1.468002
2.571092
2.282969
1.209431
0.112852
-0.021070
0.380485
0.962227
-0.090345
-1.781960
-2.632976
-0.802532
-0.646127
-0.978194
0.663097
0.546176
-0.454635
-1.069300
-0.581208
-0.091920
0.328586
0.235587
0.111149
-1.172425
-0.281002
0.649161
0.987360
1.016411
0.850629
0.048042
0.943437
0.759691
0.465399
-0.098916
0.350629
-0.155201
-1.208464
-0.979531
-0.633808
-0.128892
-0.249761
-0.303040
0.613237
-0.755240
-2.458311
-0.931087
1.802365
1.168208
0.497349
0.422624
0.428722
1.807515
1.382171
0.947261
0.735362
-0.103797
-1.290885
-1.228730
0.044936
0.235503
0.093520
-1.252429
-1.720697
-1.709872
-1.127543
-0.854402
-0.649280
-1.082996
-0.201707
1.268464
0.860349
0.214489
-0.090153
1.023857
0.735612
-0.307222
-0.127446
-0.075046
0.304015
-0.679879
-1.800781
-0.504944
0.670401
-0.939285
-0.233593
2.084522
2.737028
1.145188
1.204531
1.657123
0.613507
