-0.936104
-1.117611
-1.111113
-1.146144
-0.311020
0.056368
1.645130
2.025893
-0.685876
-2.195502
-0.833109
-0.777424
0.311879
0.694884
-0.849820
-1.013901
-1.041778
-1.277026
-0.851194
-0.211349
-0.851206
-1.068926
-0.725057
-0.112928
0.079546
-0.989669
-1.284754
0.001502
0.064256
0.894789
0.282491
0.335385
1.167580
2.074438
1.082265
0.704493
1.357706
0.647680
1.220567
1.869288
1.769490
1.163087
1.331021
0.865538
-0.170528
0.518211
1.354331
1.336333
-0.466186
-1.137698
-0.902608
-0.130969
-0.208723
-0.575634
-1.130718
-1.168136
-0.933250
-0.170234
-0.233952
0.246438
0.559731
-0.706242
0.250949
0.878518
0.297157
0.447602
-0.574582
-0.917192
0.213608
0.497913
0.600150
0.690571
-0.358177
-0.669544
-0.389567
0.271476
0.231044
-0.141239
-0.238693
0.529917
0.859871
0.178233
-0.121605
-0.002117
0.589037
0.900233
-0.379771
-0.303768
-0.581154
0.126248
0.247008
0.304976
0.526760
0.085857
1.175534
1.604656
0.177563
0.899375
2.504883
1.351757
0.843595
1.240265
0.505140
-0.145298
0.844144
0.446194
0.615245
0.735190
-0.953759
-0.993570
0.191698
0.375273
-0.901038
-1.294060
-1.206351
-0.918930
0.390326
1.313222
-0.744354
-0.956280
-0.514522
-0.776117
-0.472327
0.216035
-0.901402
-2.338592
-1.415945
-0.088453
0.434417
0.221603
0.093040
-0.132033
0.212235
0.212447
1.253239
0.759625
0.419458
-0.126769
0.114614
0.085984
0.657777
0.547111
0.117222
-0.152198
0.458960
0.364422
1.185635
1.150119
0.332436
-0.611700
-0.813447
0.614844
0.462069
-0.025458
0.878072
0.986304
0.392707
0.314046
0.145659
0.296438
2.028017
0.542359
-0.042525
0.013839
-0.471207
-0.603524
-0.389746
-0.248045
-0.762247
-0.699891
-1.295800
-2.265712
-2.851367
-1.955572
-0.919803
-2.333448
-2.237650
-0.319137
-0.640954
-1.335657
-1.840654
-1.131362
-0.052253
-0.725589
0.120826
0.502608
-0.116478
0.110489
1.191812
1.678248
1.147854
0.581957
0.182763
-0.209707
-1.156256
-1.513769
-0.412308
0.071066
-0.082138
0.106204
1.025847
1.597525
1.292158
0.174061
-0.822249
-1.208000
-1.674023
-1.187858
-0.130910
-0.883113
-1.630097
-0.907010
-2.300486
-2.925399
-2.036797
-1.935482
-1.352051
-1.124913
-0.996204
-1.108295
-1.699016
-1.810796
-0.843492
0.115818
-0.272255
-0.805025
0.221978
0.716858
1.068817
2.065440
1.744090
0.653188
1.532064
2.184898
1.562483
0.203288
1.019391
2.298913
1.170436
0.314303
0.286315
1.737550
1.748359
0.241978
-0.001670
-0.291522
0.442895
0.082509
0.319483
1.636675
0.884951
1.455755
3.512554
3.373448
2.534775
1.814376
2.255202
2.816299
2.073410
1.612044
1.672433
0.702254
0.210556
0.005202
-0.495586
-0.181197
0.140829
-0.537337
-0.943410
-0.846785
-0.023998
0.685540
0.531415
0.890245
0.906359
0.927101
-0.116765
0.915645
0.151952
-0.047497
0.029233
-0.215236
0.884136
0.321308
0.020069
-0.669283
-1.203568
-1.513098
-1.212568
-1.104937
-2.119518
-1.467450
-0.818797
-0.928961
-1.485911
-2.418898
-2.059964
-1.272206
-0.664121
0.730986
1.172730
0.697133
-0.457186
-0.326570
-0.147185
0.742835
0.434731
-0.559257
-0.349837
1.009809
1.642764
-0.384460
0.846833
1.168993
1.126451
2.407964
2.018742
1.506894
1.549632
1.982488
1.871627
0.724439
0.871822
0.634637
0.208405
0.744725
1.276284
-0.010337
-0.893466
-0.479182
-1.575092
-1.786062
-0.316714
-0.286466
-1.205079
-1.580949
-1.648305
-1.513855
-0.331215
-0.830727
-0.684066
0.131697
-0.753949
-0.987909
-0.591834
1.826307
2.754111
2.383937
1.265087
0.194075
1.482647
0.772011
-0.211688
2.114257
1.192493
-0.116113
0.824683
1.410743
0.884485
0.027255
-0.708350
-0.035558
0.373774
1.211584
1.098080
1.197063
0.823100
-0.802751
-1.425067
-0.144764
0.592818
0.065109
-1.653108
-2.288482
-1.339276
-1.443678
-1.939075
-0.441770
-1.023839
-1.405986
-0.954666
-0.844977
-1.354061
-1.259956
0.051266
-0.462683
-1.155214
-0.098327
0.238359
0.615030
0.199220
0.480087
0.971959
1.006089
0.671045
0.440252
0.386252
0.071771
-1.077798
-0.082607
0.528554
0.758736
1.198695
0.110855
-1.929848
-1.774634
-1.470131
-1.233483
-0.978240
-1.808552
-1.325515
-0.261098
-1.449906
-2.556227
-1.283673
0.471781
0.062939
-1.717159
-1.517436
0.212974
0.853760
0.127809
0.531342
0.243975
-0.583499
0.198123
0.656282
0.790621
-0.957155
-1.044650
0.029711
-0.578556
-1.227230
-1.157232
-2.017869
-1.860204
-2.224014
-1.939457
-0.087901
-1.301696
-2.446619
-1.741194
-1.020999
-0.320979
-1.192172
-0.545686
-0.170988
-0.395324
0.101655
1.478988
1.572460
0.686732
0.844297
1.079932
2.055412
1.093685
0.527596
1.652702
1.165802
0.192841
0.203741
0.222419
0.180787
2.071298
0.672040
0.639497
1.166532
1.249554
2.202578
1.330897
0.098039
0.472240
1.589639
1.488342
0.204437
-0.128327
-0.509796
0.149476
0.015925
-0.335563
1.082678
0.471823
-0.131771
0.391230
-0.184775
-0.398215
-0.534823
-0.161903
0.688853
0.623483
1.200075
0.258373
-0.274542
-0.055416
-0.498254
-0.339507
-0.655125
-0.038091
1.541810
0.957483
-0.310937
-0.259219
-1.624552
-0.469111
1.011502
1.494607
0.592408
0.243051
0.088181
-0.506900
-0.031656
-1.119817
-1.964187
-1.231698
-0.285989
0.109997
0.388174
0.569530
1.315113
1.311937
1.076023
1.259622
0.489921
1.000829
1.131198
1.552262
2.154500
2.393819
2.161908
1.228165
1.420889
1.893372
0.584763
1.072528
-0.123900
-1.115506
-1.768995
-2.168946
-1.669554
0.675660
0.407202
-0.740999
-0.381457
-0.812215
-1.599285
-0.899757
-0.236508
-0.597380
-0.419572
-0.050887
-0.453835
0.271948
1.409875
-0.055935
-0.072445
0.840128
0.209381
0.245781
1.006025
0.500997
-0.547629
-0.329664
-0.913144
-1.160392
-1.157758
-0.980447
-0.315471
-0.660919
-0.418247
-0.571238
-0.759144
-0.831080
-1.090647
-0.885163
-1.637524
-0.090091
-0.335669
-1.302014
-0.582218
-0.587319
0.246027
-0.043193
-0.673588
-0.429002
0.067875
-0.028655
-0.512250
0.766588
1.282409
0.369947
-0.907424
-0.519651
0.148495
0.735493
0.169456
-0.818106
-0.395545
0.081803
-0.639088
0.004041
0.568424
-0.814551
-0.824280
0.404192
1.010661
1.024994
0.840648
0.273340
0.090115
0.502582
1.444923
1.436405
1.168155
-0.156278
-0.504399
-1.019637
-0.307538
0.581568
0.886448
0.484877
0.056967
-0.932913
-0.455081
1.083057
1.144016
0.249275
0.634781
0.248160
-0.740165
-0.894386
-0.038057
0.495653
0.352269
-0.922701
-1.196960
-0.885037
-0.054814
-0.461133
-0.348908
0.109946
0.075041
-1.097819
-0.270851
-1.392473
-2.035744
-1.797921
-0.949705
0.109501
-0.051515
0.565988
0.099874
-0.569966
0.195462
-0.389171
-0.142501
-0.321211
-0.033800
1.148388
-0.183651
-0.052328
0.220572
1.024806
0.834349
0.672487
0.902602
0.531815
0.468893
0.087871
1.723648
1.389300
-0.625611
-1.725288
-1.022401
-0.663044
0.190368
0.155071
-0.680536
0.200799
-1.122953
-1.533858
-0.503595
0.182888
0.904330
-0.009057
-0.034196
0.795778
0.520571
0.719972
1.010739
0.384342
-1.098699
0.014281
1.272108
1.462766
0.689080
0.636816
0.218661
-0.286010
-0.808363
-0.707720
-0.997462
-0.278662
-0.462068
-1.089052
-0.050956
0.059688
-0.252351
1.045898
1.008070
0.470741
0.724537
0.745842
-0.229488
-0.789093
-0.859796
0.507344
0.644326
-0.117187
0.149480
-0.636797
-0.661093
0.042866
-0.621275
-0.268675
0.656481
0.009343
-0.306270
0.682347
0.840698
-0.059073
-1.368883
-0.937535
0.068111
0.182073
0.038396
0.019049
-0.475508
-0.639316
-0.742061
0.813586
0.740040
0.916110
1.095738
-0.100868
-1.312775
-1.808738
-1.985856
-1.449353
-1.573306
-1.651480
-1.721519
-0.574392
0.165982
0.863085
0.943435
0.123748
0.664049
0.842755
0.911354
2.552895
1.656062
0.570683
0.438879
-0.262238
0.275129
-0.039958
0.291195
-0.244387
-0.158247
-0.146189
-0.800106
-0.319684
-0.138914
-0.270604
0.198534
-0.488117
0.024934
1.346996
0.770060
-0.801747
-0.710183
0.439759
-0.448730
-0.185603
-1.005831
-0.714982
0.278977
1.033713
-0.094829
-2.208311
-0.644397
-0.051589
-0.819654
-0.070845
0.706567
-0.231203
-0.448828
0.952832
0.302511
0.169226
1.504618
0.417324
0.553687
-0.311914
-1.135323
0.067915
0.054833
-0.065788
-0.317240
-0.972534
-0.819142
-0.757830
0.035465
1.072432
1.034570
0.458730
-0.785798
0.106714
1.632442
0.801911
1.285058
1.969513
1.205826
1.525279
2.171422
0.786135
-0.809264
-1.127020
0.005054
0.890081
1.329903
-0.138658
-1.493332
-1.272938
-1.083097
1.113703
2.331765
0.656801
-0.681413
-0.946358
-0.896293
-1.071966
-0.668782
-0.164775
-0.249486
-0.333282
-0.414691
1.291834
0.693173
0.499454
0.976334
0.587846
-0.490405
0.413823
1.352989
0.120840
0.092828
1.651691
1.432373
0.687967
0.305761
-0.108783
-0.169966
0.027616
-0.162049
-0.020875
0.946603
-0.235764
-0.860547
-1.020867
-1.200487
-1.072921
-1.281807
-0.027327
-0.277257
-0.819981
-0.051690
0.075608
-1.495695
-0.379126
0.748142
0.265822
-0.231867
-0.280444
-1.320679
-1.206562
0.449329
0.416261
-0.731010
-0.288701
0.424569
-0.612036
-0.018108
-0.538286
-0.256499
-0.566585
-0.718344
-0.377524
-0.008861
-0.926627
-0.965494
-0.581223
-0.919942
-0.650855
-0.770120
0.268312
0.269424
-1.299698
-0.584055
-0.613880
-0.641634
0.570312
1.139707
1.105078
1.616564
-0.141565
0.923875
1.199989
1.726849
2.769163
1.287898
1.508797
1.609634
1.175069
1.019365
-0.018226
0.685347
0.075342
0.325783
1.019037
0.882654
0.757753
0.560671
-0.146438
0.695554
0.743662
0.154039
0.804136
-0.015853
-0.108688
0.030865
0.532126
1.241432
-0.119813
-0.849283
-0.629997
-1.934699
-1.013950
0.326899
0.266195
-1.208502
-2.258995
-1.385916
0.032770
-1.150325
-2.826029
-1.780581
-0.999586
-1.245604
-0.374577
-0.119818
0.513632
0.078681
-0.201116
0.201447
1.088223
1.166561
-0.160458
-0.613733
-0.533709
-1.086625
0.013719
-0.789072
-0.086999
0.692342
0.211639
0.294728
0.142068
-0.574631
-0.096574
-0.311788
0.490826
0.812224
0.396912
0.982561
0.416468
-0.597926
-0.251154
1.178530
0.648779
0.514770
0.083750
-0.513822
-0.714016
0.038581
1.100160
1.108185
0.831367
0.340022
-0.034146
-0.605282
-0.474316
0.433154
0.523428
-0.767122
0.322204
0.109374
1.007162
0.674552
1.546057
0.975751
0.435868
-0.025840
-1.095337
-1.073614
-1.643949
-2.732973
-2.411055
-1.639058
-0.772302
-0.997102
-1.771447
-2.445588
-1.292800
