-0.552423
-0.116049
0.119213
0.083431
0.063847
0.414857
0.307751
0.860241
0.916747
-0.086796
-0.795937
0.046443
0.454614
0.015881
-0.631394
-0.585205
-0.007382
0.567258
1.359675
1.949491
1.545661
0.548133
0.467668
0.252894
0.256401
0.445199
0.557200
0.157166
-0.196129
-0.208518
-0.580682
-0.728482
-0.355803
-0.104781
-1.028507
-1.372037
-1.559696
-0.838653
-0.288751
-0.672376
-0.774793
-0.339902
0.210068
-0.024121
-0.385136
-1.140562
-0.374920
0.418329
0.118415
-0.129147
0.687172
1.203302
1.536801
0.991601
0.670319
0.643791
0.068733
0.181762
0.310776
0.573347
0.658759
0.462275
-0.223957
0.368715
1.030422
0.962790
0.411560
0.103944
-0.027018
-0.355245
-0.456666
0.238173
0.640757
0.153525
-0.579491
-0.774174
-1.207195
-1.557063
-1.642874
-1.530343
-1.429274
-1.465850
-1.550112
-1.440687
-1.474782
-1.983867
-1.389093
-0.126847
0.016111
-0.323875
-0.012876
0.055959
0.258651
0.056203
-0.531443
-0.520313
-0.447289
0.417069
0.923995
0.455837
0.172904
0.920578
1.022633
1.212890
0.751563
0.371831
0.336061
0.440147
1.042762
1.423386
1.535354
2.085636
2.088485
1.524494
1.595364
1.645047
0.894515
0.382223
0.449533
0.642501
0.860139
0.419682
-0.102141
-0.454271
-0.299222
-0.630701
-0.954415
-2.303225
-2.613380
-1.419312
-0.552593
0.034548
0.157701
-0.053970
-0.074910
0.672133
1.339995
1.218798
1.039137
0.811840
0.756680
1.651723
2.641724
2.780701
2.158474
1.270952
0.854843
0.437959
0.680070
0.594324
0.985752
1.323233
0.395369
-0.638087
-1.386224
-0.898174
-0.459855
-0.536666
-0.886661
-1.337485
-1.118619
-1.919412
-2.460452
-1.608824
-0.876730
-0.405674
-0.210526
-0.672761
-0.165583
0.497056
0.337809
1.014996
1.274836
1.320848
1.881955
1.369445
0.463221
0.259470
-0.040088
-0.504082
-0.360245
-1.282381
-1.682458
-1.510819
-1.104631
-0.365199
-0.342967
-1.308917
-1.303323
-1.049435
-1.745397
-1.681806
-0.665786
-0.450708
0.048024
0.522209
0.366563
0.411424
0.267444
0.037926
0.510064
0.460526
0.548412
0.502480
-0.035971
-0.802148
-0.238177
0.015456
-0.777437
-1.481481
-0.591899
0.279395
-0.028246
0.389249
1.032606
1.328212
1.661676
1.088043
1.034493
0.528328
-0.038274
-0.143324
-0.425056
-0.322181
-0.294741
-0.772412
-0.614567
-0.152331
-0.230973
-0.485166
-0.572349
-0.796024
-0.373695
0.036493
-0.162054
-0.626352
-0.844046
-0.649225
-0.123976
-0.318782
-0.963493
-1.600636
-1.787979
-1.211289
-0.057694
0.459932
0.345718
0.797036
0.410045
0.053305
0.357362
0.089469
-0.190356
0.085310
0.107324
-0.174737
-0.166850
-0.037470
0.068700
0.041797
0.691034
1.170387
1.300860
1.314061
1.435992
1.539687
0.857562
0.635447
0.860724
0.547881
-0.064308
-0.196159
0.051139
0.391241
1.013300
0.835280
0.458306
-0.357669
-0.860583
-0.446911
-0.185906
0.972593
1.613658
0.695556
0.601204
0.972651
0.668057
0.362819
-0.153482
-0.049442
-0.212889
-0.811055
0.001782
0.885808
1.370110
1.489345
1.219832
1.167222
0.550735
-0.127558
-0.531231
-0.362632
-0.631522
-0.720678
-0.749533
-0.517204
0.180791
0.051084
-0.150019
0.120091
0.125301
0.221032
-0.030182
-0.528963
-1.762621
-2.347339
-3.108171
-2.787658
-1.960273
-1.161406
-0.870569
-1.951575
-2.414239
-2.436732
-2.224631
-2.318886
-2.623745
-1.648804
-0.698294
-0.503587
-0.136576
0.243276
0.630827
0.679460
0.208294
-0.150707
-0.208245
0.109869
0.207811
-0.247199
-0.498634
-0.344677
0.222869
0.612776
-0.008293
-0.927596
-2.030682
-2.372789
-2.038873
-1.247680
-0.437474
-0.309518
-0.627098
-0.445045
-0.710159
-0.145123
0.129236
0.276370
-0.000572
-0.205041
-0.300940
0.130952
-0.271520
-1.284743
-1.202538
-1.115253
0.130629
0.600780
0.617086
1.007247
1.302533
1.611020
2.183241
2.573650
2.469508
2.182539
1.719859
0.925645
0.183986
0.033866
0.062989
-0.240447
-0.120616
-0.035026
-0.597615
-0.868719
-0.915532
-0.334548
-0.021004
1.117269
1.133018
0.801566
0.863051
0.706247
0.983910
1.164901
0.910903
0.812858
0.937709
0.481759
0.065705
0.070141
0.263075
-0.355617
-1.048111
-0.893615
-0.427199
0.181601
0.020710
0.039045
0.501626
0.895055
1.366473
1.320091
0.532321
0.607745
0.615682
0.325326
0.710526
0.353034
0.356953
-0.522799
-0.747596
-0.619756
-1.194160
-1.054990
-0.621559
-1.099339
-0.354498
0.754067
0.956394
1.183425
1.180781
1.235027
1.419540
1.582032
1.632302
0.892074
0.233174
-0.100196
0.040548
-0.681942
-0.411619
-0.558169
-1.182276
-1.161481
-1.192881
-1.002938
0.454557
1.144927
0.643118
0.022595
0.159181
0.383494
0.306944
-0.193217
0.059050
0.105856
0.258065
0.548880
1.157387
1.172083
0.142528
-0.081767
-0.993136
-1.816626
-1.713426
-1.231762
-0.545096
0.436233
0.279457
-0.173203
-0.920750
-0.615177
-0.221642
-0.537240
-1.282096
-1.060431
-1.392049
-2.309224
-2.576592
-1.756559
-1.528004
-1.451657
-1.603720
-0.811018
0.646448
1.391918
0.997762
0.544188
0.885679
1.386111
1.895841
1.907149
2.278123
0.835742
-0.242293
-0.260673
0.018908
0.259802
0.467568
0.914073
0.632880
0.321799
0.714208
0.953469
1.107509
0.790691
0.851283
1.688940
1.336945
0.726621
-0.061110
-0.778392
-0.699795
-1.326696
-2.061445
-2.704130
-2.824982
-1.428200
-0.642258
-0.472603
-0.397245
-0.129111
0.379909
-0.000082
-0.412964
-0.583077
-0.798157
-0.871267
-0.890538
-0.260497
0.109904
-0.230375
-0.155319
0.097838
-0.710938
-0.694674
0.358507
1.368881
0.718694
0.435411
0.587303
0.391496
0.055453
-0.085799
0.534635
1.183031
-0.052563
-0.879627
-1.057926
-0.587729
-0.316978
-0.506585
-0.524991
-0.076814
0.341020
-0.014028
-1.297666
-1.165366
-0.353144
-0.360202
0.290906
1.063327
1.260435
1.822094
2.432605
2.288285
1.139512
0.414703
-0.365910
-0.430656
-0.282451
-0.475727
0.013770
0.440175
0.610144
-0.466718
-1.776853
-1.380875
-1.004224
-0.288481
0.710650
0.542621
-0.974148
-1.061976
-0.325654
-0.323242
-0.834675
-0.501369
0.095890
-0.335480
-0.901259
-0.947880
-0.091526
0.592088
0.777340
0.430145
-0.026830
-0.032203
0.085920
-0.804386
-1.406067
-1.061719
0.501530
1.310806
0.948665
0.822034
1.047746
0.839971
0.133984
0.518117
0.855680
0.798925
0.282873
0.010557
0.267511
0.501921
0.971583
1.198212
0.624426
-0.297205
-0.254664
0.177425
0.429342
-0.202513
-0.624491
0.403346
0.459207
-0.086490
0.119989
0.235156
0.106183
0.302047
-0.150331
-0.856234
-0.677171
-0.065719
-0.372531
-0.734219
-0.363371
1.122132
1.696070
0.845219
0.632814
0.862096
0.866313
0.656563
0.897379
0.865030
-0.156917
-0.577404
-0.273214
0.574312
0.602850
-0.555498
-1.281589
-1.169678
-1.015897
-1.089991
-1.031036
-0.487090
-0.471448
-0.214167
-0.785094
-1.319537
-0.585758
-0.351314
-0.815026
-0.528070
-0.623945
-0.277728
0.591857
0.537443
0.337537
0.507618
0.518123
0.736616
0.494491
0.114084
0.277882
0.321881
0.195472
-0.462529
-0.872559
-0.894101
-1.553500
-1.377696
-1.696961
-2.079431
-1.870092
-0.835620
0.143193
0.517025
0.385317
0.736981
0.750523
0.883129
0.987641
1.477248
2.003605
2.275475
1.318844
0.537847
0.122239
-0.168781
-0.462032
-1.643712
-1.868075
-1.170746
-0.342637
-0.122245
-0.045544
0.427611
0.570163
0.243295
0.163010
0.440638
0.488006
0.158446
0.536395
1.787618
1.956381
1.288705
0.981715
0.181797
-0.309466
-0.193402
-0.250733
-0.489410
-1.308100
-1.710004
-0.384270
0.112096
0.171702
0.560040
-0.288247
-1.424003
-1.726687
-1.862037
-2.712533
-1.963187
-0.806826
0.060959
0.304584
0.831724
0.287564
0.196357
0.675274
0.598938
0.535985
0.411739
-0.275037
-0.601635
-0.523253
-0.506492
-0.602739
-0.835558
-0.768231
-0.436469
0.120523
0.497444
-0.032948
-0.299705
0.600311
1.091311
0.409280
0.922246
0.997461
0.802664
1.001159
0.261838
0.028081
0.296459
0.725849
1.297232
0.591473
0.030457
-0.709264
-0.188323
0.684885
0.174016
-0.446196
0.187455
0.404169
-0.115402
-1.170780
-0.676234
-0.534522
-0.514022
-0.841990
-0.493885
0.175490
0.275167
-0.187905
-0.456548
-0.059921
-0.540366
-0.152482
0.317668
0.175699
0.344699
0.467093
0.867432
1.290167
0.408462
-0.007483
0.079549
0.447269
0.240829
0.181726
0.433979
-0.621079
-1.243958
-0.878718
-1.019084
-1.384280
-1.149535
-1.101111
-1.071465
-2.011477
-1.972255
-1.481835
-1.585329
-0.995385
-0.505263
0.786403
1.483976
1.351321
1.968284
1.768914
1.393599
1.726424
1.538586
1.321973
0.386480
-0.080573
0.741294
1.690783
1.261605
1.305787
0.925918
-0.475632
-1.178405
-1.249388
-1.333897
-1.613665
-2.214128
-3.163078
-3.734440
-3.292011
-1.868036
-0.889034
-0.646140
-1.166217
-2.301114
-1.723428
-0.868244
0.517213
1.414957
1.651169
2.252011
2.394903
2.179806
1.603668
0.745924
0.856476
1.136507
0.941488
1.002709
1.423559
1.929821
2.532186
1.710138
1.091745
0.979612
1.286476
0.816464
-0.256570
-0.214923
0.231762
-0.021105
-0.468685
-0.305314
0.308670
0.604789
0.357502
0.134682
0.058412
-0.519207
-1.045450
-0.814451
-0.863182
-1.143040
-1.276102
-0.972121
-0.115700
0.596754
0.339198
-0.116790
-0.350830
-0.393345
-0.909184
-0.850933
0.428166
1.195067
0.408957
0.142373
0.399789
0.961400
1.338963
1.284266
0.625683
-0.597657
-1.302018
-0.953332
-1.162974
-1.687712
-1.782271
-1.415321
-0.623367
-0.418636
-0.521393
0.258154
1.500128
1.335180
1.400985
2.021419
1.051576
-0.077365
-0.992705
-1.112965
-1.292418
-1.753696
-2.356428
-2.912369
-3.062861
-2.451906
-1.433452
-1.131448
-1.000298
-0.729602
-0.068751
1.440101
1.347077
0.751616
0.733554
0.602689
0.259719
1.187330
1.212746
0.042338
0.058466
0.581566
0.465877
0.903625
0.491947
-0.176737
-0.007181
0.018495
-0.340369
-0.546598
0.035065
0.556402
0.327825
0.949219
1.432332
1.596536
0.967292
0.644605
0.929413
1.754488
1.000032
0.059616
0.190860
0.343142
0.615881
1.064938
0.397128
-0.547667
-1.139180
-1.381083
-1.079036
-0.478917
-0.343780
-0.675377
-1.018832
-0.887572
-0.351312
-0.050451
0.224370
1.018759
0.663295
0.289149
-0.200134
0.402504
1.403345
1.930381
2.270163
2.525352
1.788295
0.909441
0.763215
1.045568
1.032157
-0.334360
-0.923631
-0.887200
-0.801891
0.014272
0.474480
-0.041524
-0.277911
0.302798
0.137207
0.611774
1.176980
0.869776
0.395835
-0.175032
-0.180165
-0.501363
-1.123471
-1.236598
