0.440599
0.439044
-0.012797
-0.408717
-0.275333
0.209855
0.671703
0.695705
-0.190408
0.030571
0.297291
0.355485
-0.049684
-1.056161
-1.166879
-0.935878
-0.295579
-0.168612
0.010611
0.385564
0.319914
0.252620
0.082991
0.208844
0.038307
1.156473
1.347197
0.917206
0.684781
-0.021644
-0.470930
-0.765190
-0.548419
-0.987953
-0.661273
-0.196106
0.071763
-0.136285
0.616736
1.230062
1.560322
1.624331
2.295819
2.055234
1.260899
0.953371
0.349096
0.352485
0.403200
-0.309207
0.302854
0.687969
-0.179771
-0.609490
-0.379781
0.616356
1.098160
1.055841
0.837175
0.198468
-1.153334
-1.687961
-1.226572
-1.286404
-0.992586
-1.217597
-1.073006
-0.315287
0.143820
-0.403013
-0.345231
-0.284063
0.811209
0.948205
0.712748
0.575279
-0.453887
-1.322922
-1.369867
-0.870971
-0.220163
0.588829
0.653550
0.952438
1.042109
0.816933
0.119011
-0.182712
0.035924
0.194754
-0.069260
0.071801
-0.291222
-0.830269
-0.468797
0.100512
0.144909
-0.492873
-0.709712
-1.076269
-1.146173
-0.631779
-0.326109
-0.628095
-0.675087
-1.196109
-1.345267
-1.208748
-0.443731
0.407134
1.016813
0.828349
0.055835
0.392412
0.656936
0.939006
0.360895
0.777596
0.767516
0.638563
0.329410
-0.307095
-0.323416
-0.287849
-0.061301
0.029574
0.142214
1.224504
1.948814
1.417633
0.052589
-0.629317
-0.687234
-1.373552
-0.536531
-0.540302
-0.768434
0.149126
0.420860
0.415025
0.226404
-0.298344
-0.740368
-0.542494
0.465589
1.003400
0.795371
0.620513
0.077436
-0.078624
0.182700
0.907699
1.661343
1.594201
0.473858
0.018308
-0.391869
-0.895594
-1.356131
-0.382783
0.707317
0.236454
-0.287397
-0.721563
-1.183521
-1.057507
-1.147052
-0.842136
-0.644491
-0.583571
-0.804271
-0.478081
0.214018
0.097870
0.228074
0.281128
-0.670012
-1.713699
-1.844779
-1.023433
-0.501573
-0.467848
-0.439753
-0.305946
0.615317
1.163204
1.076381
0.840481
0.137483
-0.332854
-0.817487
-0.944009
-1.126242
-1.196247
-0.917463
-1.265974
0.311591
1.920534
2.665758
2.316141
1.222685
0.648137
0.021660
-0.597473
-1.290907
-1.420571
-1.669167
-1.070507
-0.088252
0.552368
1.100770
1.196060
1.162466
0.800525
0.139781
-0.113459
0.221739
-0.139471
-1.275623
-1.517541
-1.132885
-0.292229
0.514304
0.550425
1.054858
0.811955
0.429836
0.364041
-0.264139
-1.057575
-1.332500
-1.395095
-1.043358
-0.196324
0.537821
0.435875
0.353403
0.843407
0.704847
-0.592388
-0.284314
-0.527549
-1.423209
-1.875736
-1.760033
-1.224151
-1.497118
-2.065773
-1.329972
-0.782053
-0.680696
-0.287395
-0.378468
-0.086460
0.454633
-0.537651
0.170892
0.032704
-1.043121
-1.359097
-1.069293
-0.458027
0.270807
-0.150594
0.331834
0.861443
0.339417
-0.119182
-0.479860
-0.769450
-0.791196
-0.498827
-0.380454
-0.200306
-0.777821
-1.544127
-1.651295
-1.142419
-0.621776
0.004000
-0.165067
0.238708
1.006158
0.337682
-0.406528
-0.466661
-0.436453
-0.936616
-0.929795
-0.773411
-0.584438
-0.230573
-0.382189
0.143942
0.706331
1.323388
1.591909
1.345985
1.301356
0.922524
0.115801
-0.715092
-1.274491
-0.848926
-0.072593
0.106440
0.218679
1.220777
0.844432
0.466085
0.661985
0.113178
-0.099906
-0.327135
-0.422519
-0.308792
-1.604228
-2.633619
-3.231057
-2.277514
-0.431690
0.356327
1.070489
1.103091
1.211509
0.895959
1.088799
1.241697
1.201924
1.868794
1.423225
1.047482
0.150731
-0.679045
-1.675884
-1.323887
-1.261381
-1.316124
-1.305887
-1.019312
-0.505673
0.477314
0.671759
1.732706
2.142070
1.801790
1.413764
0.349655
-0.488923
-0.751471
-1.044154
-0.273771
0.417972
-0.199242
-1.046914
-1.396733
-1.362198
-0.639382
-0.200653
1.425383
2.765081
2.138319
1.164397
0.832466
0.172259
0.092389
0.128224
-0.293501
-0.157389
-0.048956
-0.474237
-0.730314
-0.229590
-0.444127
-1.165234
-2.042367
-1.878929
-1.379486
-0.949552
-0.289153
0.327378
0.521937
0.926931
0.882198
1.896148
1.824587
1.103181
1.360884
1.422373
1.369635
1.153725
-0.171972
-0.296980
0.106724
0.033405
0.471569
0.911393
0.997956
1.121609
2.353426
2.805642
2.561297
2.178729
2.394962
2.281604
2.222241
1.843782
0.870651
0.602188
0.058882
-0.245508
-0.366111
-1.100985
-1.360671
-1.682393
-1.889649
-0.489143
0.911882
1.555157
1.996423
1.850196
0.742771
-0.270903
-0.633301
-0.027136
0.241930
-0.315047
-0.578783
-0.495358
-0.145449
-0.373848
-0.841596
-1.193135
-0.603216
-0.462964
0.317176
0.834082
0.756651
0.921024
0.841837
0.428238
0.513910
0.000367
-1.367011
-1.334168
-1.177241
-1.186761
-1.361691
-1.428025
-0.833382
0.015328
0.010391
0.426498
0.647441
0.684138
0.571763
-0.013787
0.038812
0.129563
0.017629
0.299673
0.675024
0.755113
-0.103025
-0.296728
-0.183192
-0.549305
-0.512228
-0.507289
-0.420488
0.040955
-0.005597
0.744124
1.676552
1.788213
1.558975
1.881049
1.675508
0.765517
-0.868678
-1.382751
-1.679279
-1.673444
-1.154009
-0.603934
-0.173417
0.251721
-0.240048
-0.084910
0.539737
0.774488
-0.073290
-0.913707
-1.363315
-1.571034
-2.185467
-1.923921
-1.552179
-1.730206
-2.004301
-1.325275
-0.287476
0.626582
0.951614
1.342237
1.565413
0.921025
0.554759
-0.129744
-1.016288
-1.696607
-0.931911
-0.025645
-0.254358
-0.867290
-0.918569
-0.415685
0.212289
0.383458
-0.410848
-0.282249
0.471140
0.786475
0.670646
0.197297
0.465685
0.528263
-0.436189
-0.854053
-0.781487
-1.809965
-1.782148
-1.397442
-1.103899
-0.800705
-0.634823
-0.257139
0.846870
1.144744
1.005074
1.289244
0.974940
0.537362
0.020195
-0.584722
-1.381993
-0.618602
-0.714581
-0.651934
-0.229901
-0.253200
0.171513
0.584893
1.605108
1.604918
0.879248
0.121146
-0.499547
-0.755987
-0.594544
-1.156269
-0.508741
-0.052821
0.572913
1.073754
1.061531
0.533941
0.382478
-0.004717
-0.352218
-0.853442
-0.363529
0.728009
1.055296
0.852089
1.443064
1.400997
0.537434
0.335523
0.112394
-0.223098
-0.059344
0.402852
0.679430
1.245243
1.900148
1.117194
-0.012965
-0.953783
-2.073971
-2.653131
-2.111192
-1.080955
0.129126
0.957980
1.033295
0.405098
-0.378133
-0.375369
0.037380
0.264262
0.281075
-0.648417
-1.175188
-1.052183
-1.009575
-1.746151
-0.932804
0.518732
0.656697
1.194584
1.601539
1.891173
2.458176
2.784123
2.959716
2.036563
1.417859
1.491318
0.997073
0.719195
0.659640
0.253718
0.587419
0.164127
-1.096779
-1.654858
-1.142485
-0.767289
-0.045324
0.902676
1.322493
1.859390
1.299107
0.507469
-0.184270
-1.003605
-1.545655
-1.759875
-1.548196
-0.818745
-1.178198
-1.014793
-0.485333
0.079963
0.889763
1.300245
1.448906
1.378190
0.944072
-0.068178
-0.550426
-0.435858
-0.245099
-0.505354
-0.761353
-0.498822
-0.193249
-1.021533
-0.888399
-1.006160
-0.695396
-0.065297
0.119365
0.235842
0.992207
1.194039
0.801703
1.167519
0.622911
0.258758
-0.554767
-0.896555
0.033778
0.370817
-0.021631
0.121804
-0.163485
0.462970
0.395654
0.940152
1.341899
1.272549
0.229560
-0.224994
-0.170605
-0.038787
-0.127080
0.479163
1.109530
0.255011
0.107023
-0.520320
-0.232259
-0.092240
-0.595385
-0.147857
-0.501982
-1.192848
-0.898942
-0.790417
-0.414266
0.203240
0.153272
0.169801
1.329470
1.801357
0.499451
-0.610398
-1.347710
-1.591370
-1.313555
-1.392895
-1.601890
-1.170069
-0.460472
-0.220999
1.069601
1.775178
1.385576
1.183237
1.137647
1.191087
0.759825
-1.044156
-1.905232
-2.186265
-1.814478
-0.995497
-0.083567
0.708202
0.570923
0.978081
1.541220
1.122524
0.833697
-0.327628
-1.752091
-2.257420
-2.564960
-0.998449
-0.062866
0.328521
0.773992
0.757310
0.838595
0.554860
0.264524
0.615050
0.528421
-0.351611
-1.158009
-2.368110
-2.307765
-2.635990
-1.449870
-0.346585
0.105983
0.535815
0.636933
1.002406
1.161950
0.510534
-0.051113
-0.487273
-1.464971
-2.142034
-2.304074
-1.637743
-0.738417
-0.312673
0.721574
1.148347
0.495244
0.132419
-0.345248
-1.260883
-1.189733
-1.078535
-1.146036
-0.765109
0.029619
0.573477
0.692616
0.982546
1.080524
-0.164801
-0.736978
-1.164534
-1.401217
-1.474454
-0.574923
0.239587
0.430845
1.016304
0.845565
1.398964
1.450234
0.376845
0.338145
0.395275
-0.017014
-0.415758
-1.083847
-0.808303
0.026915
0.009558
1.610952
2.388894
1.826359
0.800254
0.268392
0.103144
0.194185
-0.141136
0.460960
0.232317
0.042239
-0.006452
-0.043110
0.253768
1.061954
0.767797
0.885672
1.171857
0.800434
0.757043
0.025387
-0.304852
-0.962904
-0.487224
0.895177
1.754711
1.839747
2.415482
1.782062
1.089308
-0.171094
0.295032
0.648970
0.106419
-0.370494
-0.270870
0.441559
0.188347
0.589871
0.821505
-0.031812
-1.095098
-1.180064
-1.872072
-1.126679
0.137612
0.451455
0.866553
1.165065
0.839528
0.676289
0.097250
-0.793166
-0.996791
-1.186055
-1.316809
-1.103197
-0.569784
-0.015512
0.117519
0.489839
0.363664
-0.266341
-0.727709
-1.179711
-0.610205
-0.937914
-0.417494
0.369675
0.421131
0.628065
0.304740
0.092383
-0.456873
-1.011453
-0.855587
-1.091478
-1.571612
-0.910457
-0.302224
-1.006309
-0.864404
0.203668
0.962695
1.152487
0.998436
1.236870
1.504221
1.211485
0.090153
-0.439725
-0.412017
-0.410961
0.048170
0.508304
1.010567
1.228115
0.323557
0.874062
1.762195
1.386799
1.012355
0.678292
0.351107
-0.849287
-1.629061
-2.064432
-2.672337
-2.562265
-2.137135
-0.440917
1.250464
1.548932
1.990210
1.504130
0.537482
-0.045173
-0.224883
-0.871464
-1.522464
-0.656740
-0.403036
-0.418760
-0.119514
-0.091054
0.152901
-0.025143
-0.036545
0.387803
0.376130
0.238131
0.250214
0.273213
-0.059635
-0.459224
0.511953
1.120860
0.590243
0.434387
0.723292
0.817169
0.290787
-0.874243
-1.126640
-1.255087
-1.066290
-0.709295
0.413378
1.022784
1.461274
1.042309
0.527978
0.307820
0.271779
-0.096282
-0.625916
-1.267479
-1.554414
-1.871230
-2.299858
-1.466640
-0.696026
0.273954
0.517094
0.065615
0.257499
0.048403
0.842807
1.002341
0.174757
0.200509
-0.091244
0.143562
0.836817
1.008963
0.543663
0.621579
0.110695
-0.853465
-1.195141
-1.495808
-1.200024
-0.716010
0.645867
1.996493
1.871513
1.198283
1.351972
1.559839
1.952958
1.339937
1.155405
0.586035
-0.466506
-1.078063
-0.438011
0.085182
0.131663
0.084126
-0.305755
-0.062151
-0.142501
-0.588366
-0.313305
0.709305
1.133545
1.029604
0.631269
0.775949
1.012632
0.771726
0.093264
-0.779951
-1.832277
-1.581267
-1.572496
-1.180377
