0.984409
0.909064
0.575186
0.273920
-0.157212
-0.679571
-1.142866
-1.717353
-1.499188
-0.936313
-0.339753
0.357003
1.074787
1.369970
1.234685
0.927749
0.339761
-0.391096
-1.311306
-1.826842
-2.076047
-1.817447
-0.967888
-0.169672
0.383360
0.956134
1.295776
1.281177
1.004090
0.378496
-0.177201
-0.500846
-0.746887
-0.855567
-0.456243
-0.050819
0.390440
0.857897
0.932772
0.855422
0.693024
0.223316
-0.626650
-0.979376
-0.489877
-0.154790
0.004031
0.071618
0.310331
0.553319
0.835067
1.133626
1.218885
0.825196
0.303073
-0.139961
-0.733460
-1.048750
-0.520164
0.643112
1.690967
2.035689
1.784860
0.862038
0.221295
-0.563744
-0.984794
-0.908966
-0.714465
-0.362754
0.124561
0.757407
1.315071
1.602251
1.385506
0.784438
-0.036043
-0.758038
-1.517390
-2.109731
-2.321264
-1.634180
-0.564945
0.342797
1.054339
1.586193
1.619587
1.440495
1.269976
0.488550
-0.537187
-1.555817
-2.282810
-2.305847
-1.732141
-0.895611
-0.066815
0.366734
0.972574
1.640167
2.046114
1.765821
0.782705
-0.043594
-0.289003
-0.007231
0.552976
0.694511
0.473276
0.231133
-0.009564
-0.344356
-0.565256
-0.808982
-1.016641
-1.283261
-1.314893
-0.781655
0.013629
0.674149
1.371590
1.442543
0.919069
0.127968
-0.837370
-1.727516
-2.096241
-2.276390
-1.860168
-1.075645
-0.104669
0.962539
1.584668
1.490126
1.241682
0.874316
0.160156
-0.918820
-1.710768
-1.570551
-0.953549
-0.232692
0.532802
1.296712
1.583857
1.531734
1.197958
0.879906
0.423797
-0.533795
-1.471835
-1.927328
-1.788246
-0.889587
-0.017210
0.439147
0.858034
1.371360
1.555245
1.028058
0.490846
0.082061
-0.137834
-0.452525
-0.719598
-0.722476
-0.189659
0.558584
0.960793
1.145103
1.096436
0.993791
0.664498
0.171401
-0.335915
-0.317422
-0.071500
0.198502
0.265795
0.157108
0.021226
0.108237
-0.029578
-0.393053
-0.666925
-1.000373
-0.972956
-0.450870
0.240720
0.192089
-0.086417
-0.021754
0.304716
0.260419
-0.016890
-0.358003
-0.608050
-0.995676
-1.086649
-0.997606
-0.676837
-0.135577
0.233647
0.972299
1.373469
1.301523
0.942378
0.259154
-0.409946
-0.767411
-0.889590
-0.766779
-0.718974
-0.562686
0.231474
0.966813
1.085617
1.093465
0.875403
0.447461
0.084590
-0.305335
-0.420895
-0.392790
-0.389973
-0.602267
-0.828145
-1.102085
-0.749771
-0.192331
0.383317
0.798785
0.790761
0.337158
0.034129
0.045709
0.143062
-0.376490
-0.960519
-0.825766
-0.148331
0.069969
0.282540
0.531427
0.235398
-0.112106
-0.200053
-0.082607
0.054893
0.153999
0.422182
0.493404
0.076996
-0.414196
-0.390004
-0.515547
-0.328283
-0.119769
0.133301
0.314521
0.263425
0.326687
0.454842
0.220188
-0.151369
-0.653164
-0.953449
-0.856908
-0.416294
0.143685
0.494384
0.294088
-0.074796
0.037091
0.732557
1.323388
1.195475
0.904895
0.397901
-0.184470
-0.713599
-1.212446
-1.364817
-0.736405
-0.150301
0.094815
0.394308
0.829931
1.487986
1.807567
1.788111
1.347027
0.682678
-0.115359
-1.035922
-1.632176
-1.771917
-1.845874
-1.435815
-0.711490
-0.158195
0.465989
1.102888
1.570324
1.357454
0.805816
0.218827
-0.371364
-0.663063
-0.521633
-0.411163
-0.361870
-0.414965
-0.619878
-0.606242
-0.403524
0.374065
0.941316
1.189145
0.659203
-0.085215
-0.562597
-0.432361
-0.120963
0.011289
0.407292
0.507171
-0.073799
-0.536549
-0.884013
-1.293972
-1.448753
-1.240326
-0.845880
-0.250792
0.175619
0.224346
0.426321
0.519071
0.396915
0.396340
0.222230
-0.185680
-0.823207
-1.102434
-0.781163
-0.053395
0.791428
1.175503
0.943013
0.556388
0.347116
0.388077
0.627924
0.735435
0.609776
0.628174
0.453279
0.189291
-0.271726
-0.603335
-0.743041
-0.716078
-0.618546
-0.637613
-0.606103
-0.365470
-0.167785
-0.232159
-0.383554
-0.326235
-0.173986
0.260986
1.013551
1.396906
1.182334
0.463945
0.159103
-0.177380
-0.601301
-0.396676
-0.285221
-0.411141
-0.369810
0.062569
0.534969
0.701776
0.564603
0.245850
-0.291802
-0.708135
-0.887629
-0.751210
-0.528626
-0.346209
-0.158598
0.097358
0.440195
0.808142
1.078370
1.116460
0.972492
0.459156
-0.297666
-1.017705
-1.623072
-1.836293
-1.303643
-0.445962
0.613388
1.233870
1.379991
1.473399
1.410815
1.019657
0.182892
-0.319031
-0.680636
-1.048911
-1.171322
-0.760040
-0.172555
0.474710
0.699920
0.322381
-0.393175
-0.485154
-0.477390
-0.343817
0.382628
0.914348
1.083509
1.020734
0.692349
0.109310
-0.397321
-0.835629
-1.100492
-1.520574
-1.641105
-1.364282
-0.874836
0.072382
0.605922
0.993718
1.377536
1.451696
0.995312
0.088165
-0.740943
-1.133206
-1.066906
-0.542911
-0.199832
0.041311
0.124788
0.588733
1.269901
1.609869
1.401112
0.476931
-0.463900
-0.922497
-0.755469
-0.504848
0.142641
0.950570
1.252237
0.948589
0.478031
-0.139655
-0.744659
-1.251357
-1.438974
-1.664654
-1.427659
-0.947802
-0.407995
0.235783
0.394280
0.167792
-0.079214
-0.219401
-0.143963
-0.052455
0.049208
-0.072042
-0.289086
-0.354768
-0.654119
-1.090112
-1.205953
-0.819415
-0.201916
0.120309
0.282082
0.281827
0.202157
-0.044998
-0.275414
-0.759407
-1.401474
-1.461550
-1.277764
-1.128324
-0.709524
0.156265
1.043753
1.896749
2.192629
1.879998
0.937150
-0.143144
-0.561631
-0.547912
-0.499778
-0.425179
-0.580804
-0.704506
-0.725386
-0.299528
-0.020555
0.097333
-0.042745
-0.162276
-0.511284
-0.985339
-1.170897
-1.344900
-0.788718
-0.275886
-0.041697
0.026271
-0.176913
-0.743065
-1.236747
-1.523930
-1.468111
-1.076709
-0.424208
-0.182642
-0.136979
0.122432
0.471987
0.701348
1.043815
1.181561
1.189551
1.367789
1.531944
1.665502
1.474808
1.346745
1.570060
1.651375
1.535680
1.686499
2.128176
2.489481
3.092149
3.642583
3.939713
3.765492
3.245148
2.435900
1.771182
0.953671
0.349833
0.629617
1.455401
2.202362
2.785221
2.906467
2.946226
2.902406
2.507275
2.176207
1.964395
2.071924
1.798468
1.461462
1.409626
1.389703
1.261674
0.784449
0.290020
0.279213
0.729276
1.291249
2.108766
2.649076
2.587004
1.848402
0.998246
0.456112
0.288941
0.302626
0.080720
-0.350194
-0.402458
-0.632007
-0.762332
-0.640318
-0.218400
0.213049
0.312285
0.479104
-0.004675
-0.707235
-1.288121
-1.639717
-1.847738
-1.829844
-1.205611
-0.716446
-0.468967
-0.052563
-0.051012
-0.157136
-0.512141
-1.177317
-1.421181
-1.648560
-1.675928
-1.337351
-0.748858
-0.563130
-0.786037
-1.149115
-1.092314
-0.689497
-0.372499
-0.653808
-1.126987
-1.437053
-1.476187
-1.439024
-1.752715
-1.951821
-2.489734
-2.433914
-1.905731
-1.073340
-0.612843
-0.349423
-0.175952
0.199458
0.349831
0.078310
-0.613899
-1.415719
-2.057955
-2.503510
-2.397834
-2.036985
-1.599303
-1.159365
-0.908867
-0.499389
-0.198590
-0.042044
0.067908
-0.010285
-0.496604
-1.245810
-1.697149
-1.881013
-1.887729
-1.816708
-1.541661
-0.876196
-0.318065
-0.281311
-0.397531
-0.640934
-0.424440
-0.119402
-0.063884
0.146496
0.321818
0.262975
-0.322081
-0.739927
-0.545667
-0.081738
0.320392
0.262307
-0.065644
-0.074447
-0.069250
0.172591
0.595188
0.531392
0.333881
0.261201
0.260862
0.145583
0.150464
0.180941
-0.236513
-0.540223
-0.622549
-0.782511
-0.953471
-0.855288
-0.538497
-0.033495
0.398125
0.782008
0.941421
1.088545
1.096002
1.191711
0.917609
0.428092
0.103710
-0.338321
-0.542611
-0.872862
-1.248488
-1.367979
-1.467218
-1.285382
-0.648445
0.364838
1.042375
1.176620
0.951614
0.403759
-0.091823
-0.293955
-0.299412
-0.145747
-0.339096
-0.437372
-0.394485
-0.556313
-0.865972
-0.794910
-0.312792
0.811636
1.646761
1.803600
1.336126
0.530520
-0.150656
-0.457634
-0.548651
-0.715024
-0.627159
-0.556155
-0.006227
0.677417
0.997929
0.890207
0.848441
0.687524
0.741698
0.557556
0.104182
-0.425761
-0.779545
-0.717323
-0.538975
-0.284077
-0.117451
0.076944
0.349580
0.232124
-0.114842
-0.370521
-0.720457
-0.617466
-0.334621
-0.111500
-0.029620
0.164272
0.193334
0.031167
0.211695
0.066517
-0.426372
-1.348925
-2.001003
-1.825186
-0.812824
0.594711
1.798461
2.423486
2.496672
2.154572
1.423210
0.280739
-0.848727
-1.534230
-2.138858
-2.699451
-2.449873
-1.527177
-0.528701
0.163905
0.585099
1.308378
1.653353
1.445115
0.754246
0.237191
-0.160184
-0.588317
-0.908708
-1.142504
-1.092163
-0.752282
-0.116129
0.431372
1.221324
1.607581
1.427785
0.738355
0.059425
-0.498077
-0.541740
-0.636728
-0.717012
-0.483103
0.316424
0.796369
0.588636
-0.186712
-0.699164
-1.069335
-1.431157
-1.512351
-1.021575
-0.328437
0.543712
1.227160
1.583778
1.399565
0.942713
0.637548
0.368772
-0.298200
-1.416832
-1.993205
-1.685097
-0.890876
0.370808
1.645042
2.536863
2.501052
2.270176
1.830855
1.001308
0.225434
-0.114860
0.137030
0.040271
-0.222262
-0.302630
-0.057761
0.271671
0.488012
0.468771
0.275760
-0.277342
-0.784829
-0.865911
-0.939339
-0.793675
-0.328397
-0.224536
-0.407126
-0.452482
-0.236415
-0.154036
-0.203852
-0.299679
-0.406327
0.132985
0.844900
1.188607
1.208376
0.711272
-0.142520
-0.787560
-0.888989
-0.722661
-0.510603
-0.417205
-0.413222
-0.077734
0.064755
0.141415
0.080748
-0.082525
-0.286702
-0.447940
-0.291790
-0.081972
0.089575
0.194423
0.121605
0.031916
-0.257094
-0.296554
-0.368189
-0.421869
-0.482056
-0.387558
-0.212861
0.260218
0.967474
1.079212
0.867299
0.700949
0.214569
-0.710767
-1.702792
-1.956327
-1.545415
-0.793131
-0.106133
0.574002
0.763639
1.041424
1.616153
1.600665
0.948907
0.067663
-0.779157
-1.494625
-1.873723
-1.837303
-1.555032
-1.105909
-0.458630
0.271044
1.088080
1.766151
1.875467
1.001222
-0.338989
-1.374259
-1.750473
-1.183584
-0.510243
-0.168444
-0.106114
0.243929
0.740538
0.951192
0.912188
0.316976
-0.273957
-0.871168
-0.901352
-0.687938
-0.390020
-0.005898
0.471279
0.900545
1.393534
1.246994
1.085355
0.757340
0.148087
-0.395047
-1.041974
-1.429332
-1.296678
-0.834417
-0.288469
0.034713
0.052151
0.435687
0.767606
1.002387
0.976161
0.308115
-0.816372
-1.372033
-1.128759
-0.650968
-0.152349
0.314585
0.705942
1.124713
1.518426
1.431385
0.896422
0.060632
-0.380715
-0.627155
-0.977312
-1.005240
-0.629339
-0.167264
0.680699
1.157594
1.137048
0.782885
0.279774
-0.075114
-0.127795
0.062564
0.202567
0.193690
0.076025
0.186982
0.269081
0.196013
0.001557
-0.347863
-0.870375
-1.225737
-1.084495
-0.779811
-0.435521
0.227893
0.717989
1.076743
1.221927
0.865163
