-0.299982
-0.066770
0.106024
0.430298
0.874554
1.327535
1.376783
1.242931
1.672117
2.013412
1.844082
1.079648
-0.038502
-0.344874
-0.446380
-0.623818
-1.165734
-1.640319
-1.460793
-1.157849
-0.934907
-0.450316
-0.368337
0.066328
0.874235
1.611315
2.005671
2.025224
1.882920
2.172794
1.889639
1.342736
0.540928
0.134792
-0.156383
-0.743542
-0.711760
-0.852804
-0.851246
-0.889465
-1.037981
-0.670941
-0.427660
-0.155870
0.135718
0.875238
1.492279
2.206942
2.287444
2.246866
1.408228
1.105608
1.024610
0.491508
-0.078713
-0.616290
-0.800987
-0.829477
-0.075057
0.218279
-0.427347
-0.733130
-0.321990
-0.108233
0.026750
0.192789
0.413552
1.159276
1.924775
2.277020
2.832512
2.490169
1.622258
0.702926
-0.075392
-0.421060
-1.371499
-1.623626
-1.444361
-1.273670
-1.282192
-1.159846
-0.930558
-0.728298
-0.575700
-0.434261
-0.295295
-0.178081
-0.178539
0.612885
1.210917
0.508536
-0.207830
-0.353251
-0.504726
-0.331736
-0.988866
-2.047427
-1.955942
-1.356822
-1.114127
-1.414160
-1.981036
-1.527241
-0.679052
0.176939
0.385714
0.550457
0.926113
1.331169
1.342406
1.141493
-0.310175
-1.519434
-1.905313
-1.754625
-1.622751
-1.287451
-0.517196
-0.317530
-0.330369
-0.180771
-0.101721
0.119213
0.554981
0.705022
0.685539
0.505990
0.706487
0.830282
0.443154
-0.060321
-0.106605
-0.239969
-0.725548
-0.968308
-0.427967
-0.459223
-0.970530
-0.693038
-1.240601
-1.765358
-1.441477
-1.029858
-0.475287
0.629515
1.055849
1.531159
2.233830
2.126950
1.625998
1.063291
1.389383
1.490523
0.914441
0.637365
0.839223
0.296477
-1.049347
-1.709585
-1.632164
-1.494613
-1.153170
-1.079415
-0.669944
-0.375664
-0.172936
0.352904
1.071068
1.490917
1.170237
0.671292
0.884904
1.770079
1.968002
1.795056
0.997595
0.362582
0.022282
-0.539973
-1.528870
-2.388396
-2.116734
-1.105618
-0.090083
0.072395
-0.277039
0.480387
1.430757
0.852396
-0.211283
-1.589246
-2.219497
-1.744827
-1.349583
-1.082058
-1.582775
-1.894353
-1.774188
-1.320525
-1.136880
-0.692466
-0.372828
-0.544833
-0.746715
-0.436527
-0.568378
-0.735764
-0.310774
-0.019189
0.183394
0.338117
0.350222
0.616035
0.113967
-0.699629
-1.276332
-0.773029
0.355120
0.630266
0.421279
0.050508
0.334439
0.861090
1.698082
1.939905
1.394953
0.892797
0.522980
0.844719
0.954519
0.873262
0.377787
-0.380008
-0.407727
-0.236694
-0.463051
-0.885634
-1.045124
-0.813809
0.002284
0.173042
0.166652
0.188899
0.390408
0.428660
0.166442
0.035509
0.023941
0.003383
-0.257672
-0.227863
0.153558
0.449183
0.975690
1.088655
1.149847
1.462510
1.728632
1.071735
-0.404670
-1.676816
-2.405952
-2.871410
-3.011751
-3.170796
-2.798705
-1.812091
-0.713457
-0.328331
-0.052357
0.492692
1.073352
1.174430
1.429533
1.493226
1.704207
1.788910
2.038034
2.189908
1.687347
1.870621
0.925966
0.505185
0.263477
-0.221499
-0.590436
-0.245296
-0.720903
-1.012731
-1.164359
-0.478101
0.080669
0.717303
1.421971
2.068215
2.049795
1.930160
1.495716
1.112047
1.092864
0.708416
0.041108
0.183830
0.607577
0.489401
0.005711
-0.418307
-0.065036
0.497177
0.784716
0.916553
1.598337
1.275644
0.868877
0.484720
-0.301410
-0.736990
-0.816211
-0.726627
-0.818514
-0.864854
-0.388304
0.101039
0.270960
0.412079
0.401056
0.008419
-0.442067
-0.550103
-0.639515
-0.217841
-0.470143
-0.989851
-1.432161
-1.706203
-1.660729
-1.379193
-0.867490
-0.436718
0.118972
0.596128
0.930922
0.832491
0.480113
0.214126
0.203451
-0.286436
-1.071222
-1.344685
-1.558837
-0.729511
-0.539357
-0.689470
-0.277000
0.057343
0.230523
0.323219
0.118687
-0.173249
-1.097479
-1.902216
-1.733254
-1.338828
-0.624063
0.040938
0.434606
0.537195
0.478153
0.327251
0.056306
0.066568
0.316714
0.801879
0.924152
0.863900
0.710788
0.656156
0.535839
0.112580
-0.623772
-0.851575
-1.080881
-1.315960
-1.066589
-1.127164
-1.146668
-0.560774
-0.378792
-0.230383
0.122929
0.458182
0.541410
0.750046
0.668124
0.538413
0.417504
0.526871
0.494696
0.564913
0.856390
1.359181
1.257054
0.663439
0.530101
-0.065801
-0.528484
-0.235974
-0.061954
0.152897
0.206877
-0.096448
-0.327218
-0.457366
0.157215
0.416449
0.396305
0.072129
-0.233878
-0.575420
-0.581384
0.075508
0.031182
-0.367263
-0.206491
0.047740
0.778253
1.167650
0.886902
0.420418
-0.058369
-0.701977
-0.739154
-0.336081
0.216854
0.771720
0.811093
0.660747
0.483217
1.070283
0.908505
0.707196
0.231668
-0.059005
-0.023653
-0.176358
-0.384421
-0.048569
0.354388
-0.049736
-0.373576
-0.235200
-0.497503
-0.575586
-0.504693
-0.335513
0.403602
0.658928
0.356600
0.314444
0.464022
0.607005
0.527593
0.183620
0.155056
-0.167727
-0.784932
-1.441952
-1.662108
-1.601297
-1.539799
-1.027451
-0.767947
-0.182008
0.441646
0.933967
0.684247
0.021744
-0.410504
-0.198705
0.247241
0.941488
1.375122
1.526899
1.375445
0.773005
0.066455
-0.845000
-1.620593
-1.691233
-1.055789
-0.695571
-0.355978
-0.083213
0.329588
0.893737
0.643320
0.148688
-0.105670
0.118020
0.429601
0.604048
1.523665
2.149812
2.381617
1.695154
1.301375
0.588577
0.233161
-0.214229
-0.856401
-0.792927
-0.720698
-0.316388
-0.064890
-0.569903
-1.078778
-0.958663
-1.270563
-1.313195
-1.022674
-0.537129
-0.011591
-0.032404
-0.608308
-0.811556
-0.919296
-0.462646
-0.188796
-0.128103
0.001612
-0.279751
-0.448106
-0.485973
-0.546500
0.060250
0.413884
0.199725
-0.459447
-0.482867
-0.161084
0.192282
0.689610
1.302854
1.774967
1.522202
1.319764
0.823474
0.159336
-0.082332
-0.623748
-0.976025
-0.945497
-0.814585
-0.070092
-0.110077
-0.943279
-0.942277
-1.446618
-1.933270
-2.052357
-1.962359
-1.673474
-1.170567
-0.603341
-0.045509
0.237369
0.318635
0.499836
0.761400
0.409562
-0.146099
-0.618523
0.172987
0.106285
-0.533249
-0.489184
-0.612212
-0.310306
0.287061
0.316859
0.215077
0.820227
1.487403
1.344860
0.868835
0.634565
0.785266
0.512131
-0.053103
-0.476457
-0.648687
-1.082306
-0.744934
-0.234848
-0.061930
-0.204899
-0.520902
-0.320146
-0.028076
-0.197818
-0.037064
0.406958
0.811885
0.760774
0.557324
0.131862
-0.585981
-0.605453
-0.383253
0.110629
0.403999
0.757107
1.202475
0.917830
0.661734
0.411740
0.674655
1.047394
0.694476
0.259477
0.041873
0.131391
0.828296
0.595786
0.031092
0.230782
0.270799
0.231920
-0.339919
-1.215482
-1.279573
-1.394053
-1.414489
-1.082649
-0.740400
-0.536609
-0.345138
-0.175643
0.480027
0.774290
0.662569
0.553304
0.465730
0.419233
-0.127286
-0.968583
-0.725942
0.384282
0.987890
1.175319
1.275558
1.586076
1.296903
1.074244
0.860812
0.740617
0.848400
0.101083
-0.783950
-0.998841
-0.820632
-0.655138
-0.631406
-0.790233
-0.743119
-0.663409
-0.640673
-0.408061
-0.137177
0.052909
0.232831
0.334756
0.602361
0.691591
-0.021057
-0.394109
-0.787223
-1.151803
-0.825352
-0.541406
0.114212
0.326362
0.286470
-0.156688
0.164523
0.848502
0.720081
0.197632
-0.568087
-0.552593
-0.476005
-0.363718
0.291288
0.633659
0.353139
-0.075533
-0.021630
0.945039
1.789381
2.100778
1.796999
1.373883
1.110213
1.180587
0.886499
0.219532
-0.039361
-0.108331
-0.302446
-0.272094
-0.778199
-1.375558
-1.443894
-1.230716
-0.603444
-0.380897
-0.081519
0.321772
0.979528
0.648097
0.559787
0.135275
-0.669011
-1.112995
-1.504689
-1.827688
-1.435122
-1.246560
-1.177591
-1.097446
-1.324442
-1.284411
-1.322511
-1.332253
-1.107195
-0.610526
0.086235
0.693395
1.399179
1.409913
1.115930
0.910076
-0.089828
-0.577556
-0.689565
-1.021033
-0.901951
-0.729208
-0.776407
-0.362280
0.205275
0.358841
0.291410
0.106534
0.267933
0.564269
-0.247829
-0.068198
0.741826
0.983083
1.073896
0.993667
0.741650
0.204538
-0.180530
-0.213129
0.005199
0.389165
0.681969
0.622856
0.130988
-0.121384
0.039496
0.251175
-0.334871
-0.787820
-0.968024
-0.997896
-0.796986
-0.563859
-0.752435
-0.401584
-0.008219
0.447849
0.322264
-0.492519
-0.560991
0.093429
0.244775
0.093831
0.203573
0.535360
0.535256
0.305159
0.094794
0.289338
0.542859
0.753549
1.011506
1.050070
0.807256
0.353491
0.351282
0.269551
0.218489
0.109412
0.049360
0.128207
0.333037
-0.199397
-0.785088
-0.555729
0.219782
1.057054
2.018617
2.484382
1.908116
0.405590
-0.994798
-1.063653
-0.890168
-0.828749
-1.062392
-0.833142
-1.205581
-1.305140
-0.520055
-0.049732
-0.085282
-0.460624
-0.684981
-0.372072
0.107583
0.876111
0.958541
1.302967
0.777256
-0.273816
-0.476389
-0.313348
0.100736
0.930724
0.922635
0.667335
0.769584
0.814940
0.535845
0.697426
0.732418
0.820058
1.091863
1.672509
1.427682
0.791955
0.079404
0.100625
0.077901
-1.022993
-1.610360
-1.094286
-0.436330
0.012218
0.150636
0.043309
0.235341
0.884967
0.338885
-0.309410
-0.301091
0.132948
1.031727
2.078527
2.298367
1.832789
1.296462
0.699818
0.483822
0.815031
1.513812
1.800317
2.263609
2.447252
2.803632
1.314810
0.181601
-0.647080
-1.698056
-2.371987
-2.827899
-3.262092
-3.534959
-3.200913
-3.084880
-2.697928
-2.012265
-1.666756
-1.567485
-1.389076
-1.350831
-0.698606
0.614102
1.243562
1.025667
0.240407
-0.278159
-0.666928
-1.232251
-1.907600
-1.880647
-2.141135
-2.571150
-2.399091
-1.796724
-1.516284
-1.241841
-0.856279
-0.312572
-0.109598
-0.458795
-0.397589
-0.183695
-0.719631
-1.195552
-1.013842
-0.893960
-0.791890
-0.873678
-1.036324
-0.941407
-0.449108
-0.209946
-0.796720
-0.332089
0.272292
1.150551
1.404866
1.437875
1.529657
1.528583
1.170725
0.692466
0.602553
-0.188244
-0.686540
-0.259505
-0.347618
-0.267897
0.378336
0.480564
0.320311
0.304721
0.842328
1.570303
1.429102
0.541148
-0.222860
-0.394653
-0.658253
-0.820889
-0.751939
-0.558532
0.062987
0.019496
-0.193118
0.069823
0.193973
0.334491
0.467609
0.043651
-0.331642
0.263869
1.244709
1.952191
1.584085
1.946626
2.525065
2.617824
2.445983
1.902132
1.040756
0.128642
-0.698623
-1.223025
-1.303989
-0.900469
-0.728130
-0.153194
0.631905
1.679394
1.831783
1.406962
0.459407
-0.329726
-0.451313
-0.317319
-0.393488
0.205394
0.500319
0.800958
0.716042
0.382137
0.372090
0.496339
0.308260
0.064761
-0.032020
-0.577139
-1.241197
-1.093857
-1.466993
-1.784157
-1.096400
-0.783275
-0.703466
-0.449546
-0.176829
0.249068
0.201356
-0.103873
-0.448478
-0.470181
-0.903562
-1.125959
