0.085424
0.464328
0.613764
0.537683
0.384461
0.235090
-0.265758
-1.096220
-1.622595
-1.498815
-0.917237
-0.491970
-0.375987
-0.109855
0.154328
0.532878
0.600077
0.377762
0.176042
0.438852
0.448640
0.500919
0.388148
0.398250
0.195174
-0.071230
-0.263066
-0.771391
-0.702466
-0.464786
-0.357498
-0.644426
-0.971563
-0.411632
0.056346
-0.082524
0.483217
1.441943
1.618198
1.396911
1.442973
1.745806
1.587267
1.288440
0.820811
0.542393
0.164093
-0.481685
-0.217587
0.479438
0.849158
0.947046
0.878651
0.417928
0.468321
0.728235
0.386780
0.180751
0.828324
1.079526
1.073280
0.451107
0.444868
0.628890
0.742870
-0.023315
-0.568333
-0.830946
-1.433725
-1.496894
-1.206261
-0.770962
-0.425942
-0.488369
-0.260330
-0.016815
0.079977
0.409497
0.739411
0.705004
0.704846
0.451222
0.284396
0.273207
0.230633
-0.363802
-1.138773
-1.946169
-2.128550
-2.006191
-1.501207
-1.926385
-1.820959
-0.862437
-0.444397
0.254666
0.781103
0.954553
1.385098
0.991760
0.843237
0.407906
-0.431199
-0.758364
-0.934459
-0.736485
-0.913525
-0.774415
-0.814251
-0.654193
-0.291262
0.074467
-0.458583
-0.426515
0.143524
0.634738
0.938544
0.864815
0.801360
1.158977
0.602203
0.732032
0.273931
-0.071363
0.125157
0.440867
-0.121532
-1.186558
-1.199229
-1.094696
-0.889718
-0.601011
0.070247
0.675010
0.992909
0.969892
1.261752
1.056911
0.436144
-0.043389
0.036657
-0.053042
0.049012
0.036149
-0.212941
0.377108
0.208746
-0.460660
-1.312692
-2.141321
-1.857538
-1.268930
-0.811598
-0.180247
0.593084
1.258481
1.432445
1.880531
1.457957
0.907463
0.794390
0.186139
-0.071491
-0.016262
0.333047
0.588557
0.220835
-0.594932
-1.066316
-1.065248
-0.804128
-0.879052
-0.877142
-0.836428
-0.120010
0.090961
0.134952
-0.044326
0.382170
0.796183
0.486071
-0.257285
-0.206505
0.122495
0.276741
-0.128487
-0.056083
0.601079
1.228643
1.268613
0.713293
-0.460806
-1.524892
-1.662969
-1.339781
-0.760455
-0.116049
0.338321
0.082745
-0.251461
-0.274819
-0.242484
-0.318948
-0.464191
-0.270710
0.176723
-0.106043
-0.254423
-0.084569
-0.191777
-0.374101
-0.782380
-0.600710
-0.204825
-0.093383
-0.612485
-1.095950
-0.656882
-0.411089
-0.350182
-0.166210
-0.489839
-0.435571
0.019686
0.387102
0.227329
0.481033
0.224926
-0.104935
-0.008217
0.270012
0.929317
1.046315
0.763352
0.197531
-0.022015
-0.405697
-0.962073
-1.817560
-2.157636
-1.640023
-1.488812
-0.944751
-0.198038
-0.202824
0.368386
1.228294
1.842143
1.468423
1.087092
1.048631
0.720402
0.503567
0.025273
-0.247512
-0.316593
-0.268283
-0.189845
0.580819
0.543926
-0.006484
-0.552318
-0.811148
-0.668712
-0.444285
-0.589298
-0.268081
0.222243
0.807101
0.778844
0.291013
0.579810
0.727271
0.277240
-0.228241
-0.359959
-0.542248
-0.456575
-0.043289
0.084955
-0.171456
0.525685
0.249407
-0.105905
0.235941
0.550837
0.596217
0.880617
0.643403
0.215008
-0.087989
-0.054437
-0.128550
-0.115807
-0.224077
-0.388683
-0.761282
-1.583130
-2.135510
-1.756049
-1.051435
-0.655181
-1.043710
-0.748251
0.697933
1.133539
1.617426
2.158715
2.471096
2.592429
2.488862
2.246745
2.108602
1.101174
0.565172
0.415724
-0.258642
-0.619430
-0.679269
-0.614185
-0.702307
-1.108936
-0.699501
-0.450676
-0.849620
-1.272892
-0.918232
0.006497
0.871837
1.312553
1.768799
2.121486
2.454386
1.826451
0.907031
0.308109
-0.192329
-0.297436
-0.568743
-0.740382
-0.439065
-0.214598
-0.110360
-0.022048
-0.148175
-0.201343
-0.042437
0.250764
0.294782
0.963405
0.964474
0.961501
0.597142
-0.232920
-0.045505
-0.312639
-0.166403
0.275823
0.635008
0.745409
-0.231058
-0.928170
-0.960381
-0.798808
-0.541657
-0.875948
-0.903974
-0.449866
0.035677
0.447162
0.400353
0.409018
0.452325
0.687065
0.062390
0.004475
0.246175
0.396094
0.294498
0.650960
1.096412
1.250458
1.046338
0.669294
0.330483
-0.441628
-0.989970
-1.030616
-1.594326
-1.825941
-1.877496
-2.136825
-1.713140
-0.987509
-0.157335
0.275562
0.904895
0.643859
0.802175
0.504534
0.768226
0.664518
0.581791
0.615825
0.314274
-0.570449
-1.335681
-1.274167
-1.491176
-1.313281
-1.460241
-1.730337
-1.932350
-1.856651
-0.602811
0.704462
0.865901
0.053261
-0.380082
-0.315064
0.036816
0.241612
-0.327692
-0.842610
-1.077842
-0.684700
-0.246314
-0.103007
0.006295
-0.566058
-0.966829
-0.792935
0.078553
0.789885
1.088886
1.560933
1.776175
1.642178
1.845680
2.162939
2.211836
1.684912
0.740954
-0.225399
-0.370467
-0.688445
-0.150274
-0.048657
0.295122
0.496290
0.040863
0.350235
0.485675
0.958652
1.018516
1.171920
1.260655
1.472728
1.206890
0.803808
0.401774
0.172596
-0.254904
-0.737877
-0.776076
-0.884246
-1.786920
-1.991893
-1.456873
-0.324046
-0.086667
-0.542934
-0.488197
0.024162
0.568366
0.819695
0.237820
0.031820
0.027267
0.388107
0.222232
-0.083855
-0.249580
-0.117853
-0.074424
-0.600641
-0.668897
-0.371286
-0.686819
-0.564492
-0.195854
0.297328
0.412644
0.289559
0.470233
0.775177
0.381728
-0.042964
-0.443251
-0.982270
-1.072595
-1.282224
-0.852072
-0.494850
-0.299111
-0.714357
-0.504302
-0.206917
-0.160663
-0.006562
-0.020451
0.393587
0.625993
0.963961
1.725712
1.484758
1.048114
1.338480
0.532692
-0.402667
-1.406597
-2.431347
-2.169554
-1.837214
-2.512545
-3.233646
-2.967694
-2.585561
-1.990441
-1.382641
-0.912667
-0.250917
0.873756
1.552124
1.850885
2.555869
2.501002
1.963230
1.406618
0.851442
0.773262
0.543304
0.060373
-0.139082
-0.450783
-1.392140
-1.930584
-2.174791
-2.571169
-2.596768
-2.522074
-2.469631
-2.261877
-2.329796
-1.519162
-0.289618
-0.097340
0.813407
1.101458
1.404243
1.482299
1.736725
1.987589
1.880506
1.631558
1.927563
1.631046
0.978781
0.778383
0.999250
1.048542
1.468161
1.786525
2.279998
2.220131
2.222484
1.535315
0.532187
0.612089
0.759597
0.795302
0.527383
1.048924
1.993853
1.695021
1.111083
0.374335
-0.033793
-0.635440
-0.591386
-0.046010
-0.009471
-0.386168
-0.283261
0.150968
0.478962
0.904184
0.812287
1.170821
1.606475
0.920709
0.506991
0.699956
0.870453
0.470379
0.659008
0.478210
0.047011
-0.151427
-0.142264
-0.449623
-0.373320
-0.064609
0.507442
0.624093
-0.145143
-0.541744
-0.130723
0.198060
0.071537
-0.127880
-0.143722
-0.078669
0.152877
0.334570
0.400156
0.386800
0.242124
-0.336653
-0.833577
-1.044567
-1.291210
-1.387878
-1.765578
-1.296354
-1.357254
-1.363635
-1.558888
-1.590704
-0.669568
-0.046590
0.041048
1.026622
1.131140
0.724379
0.252343
-0.654107
-0.620638
-0.568437
-0.950985
-0.792718
-0.893642
-0.809830
-0.518703
0.021209
0.379895
0.638844
0.372923
-0.450639
-0.666104
-0.494157
-0.165208
-0.207436
0.169537
-0.139539
-0.635143
-1.113778
-1.276556
-0.894646
-1.215370
-1.236836
-1.074355
-0.256855
0.875505
0.950852
0.706015
0.572982
-0.119409
-0.259360
0.005767
-0.111399
0.092314
-0.088989
-0.122675
-0.864361
-0.768082
-0.729414
-0.851931
-0.393738
0.223004
0.600041
1.028665
1.130519
1.151739
0.901932
0.479554
0.110554
-0.382838
-0.094927
0.635700
0.905573
1.013012
0.652181
0.062202
-0.053423
0.237267
0.198834
0.148123
0.453855
0.464893
0.658430
0.406023
0.080073
-0.156097
-0.507974
0.035776
-0.140274
-0.429896
-0.082314
-0.069318
-0.170714
0.472077
0.281531
-0.236753
-0.443720
-0.414065
-0.147788
0.551033
0.356943
-0.127201
-0.413006
-0.779641
-1.109791
-0.959987
-0.971723
-0.603214
-0.180312
0.782541
0.945335
1.544837
1.735877
1.676648
1.324375
0.462436
0.222028
-0.058039
-0.698396
-0.954758
-0.983832
-1.391171
-1.219941
-0.555204
-0.425531
-0.304005
0.432201
1.467856
1.728617
1.039367
0.830603
1.518109
1.371946
0.731236
0.481517
0.272235
-0.359775
-0.863398
-0.708930
-0.517552
-0.735746
-1.027336
-0.531304
-0.047364
0.267876
0.207686
0.564903
0.070039
-0.497941
-0.657144
-0.867854
-0.694695
-0.490820
-1.017518
-1.260166
-1.463405
-1.064221
-0.617300
-1.123316
-1.006196
-0.271602
0.395088
0.635128
1.088220
1.179371
0.997307
0.977963
1.153720
1.132510
1.164606
0.439638
-0.052880
-0.548664
-1.107102
-1.133350
-1.142234
-1.400263
-1.614828
-1.524939
-1.036742
-0.067315
1.008527
0.548388
0.050299
0.072556
0.195535
0.381286
0.475790
0.687092
0.924864
-0.190004
-1.222172
-0.933946
-0.245033
-0.193171
-0.037037
0.345632
0.941040
0.681944
0.456068
0.688822
1.040377
0.723435
-0.004888
-0.825485
-1.323450
-1.766377
-1.700315
-0.502958
-0.593538
-2.034046
-2.390586
-1.899526
-1.007430
0.067939
0.432099
1.308397
2.126115
2.350011
2.089681
1.669645
0.964232
0.131845
-0.520408
-0.901252
-1.479054
-1.302001
-1.189839
-1.171920
-1.558585
-1.777854
-1.360419
0.167251
1.618661
2.347317
3.181575
2.894859
2.861017
2.863640
2.216981
1.487577
0.969785
1.171900
1.773461
1.950566
1.954225
1.015139
0.023351
-0.658928
-1.198232
-0.722527
0.059981
0.480524
1.039523
1.187630
1.310168
0.948741
0.712751
-0.543509
-1.270082
-1.317758
-1.177900
-1.740663
-2.156524
-1.871127
-1.416102
-0.543353
-0.132310
-0.008533
-0.456432
-1.383676
-2.432637
-2.042847
-0.731307
0.157149
0.323045
0.188311
-0.081634
-0.602456
-0.722851
-0.754287
-0.367575
-0.587534
-0.593599
-0.626925
-0.839092
-0.052792
0.182498
-0.391338
-0.285650
-0.110747
0.129788
0.545442
1.275495
0.805434
0.032497
-0.163961
0.119245
0.383901
0.857350
0.720010
0.075671
-0.040499
-0.009977
0.036964
-0.088494
-0.827324
-0.799616
-0.228010
0.517277
1.140726
1.507429
1.205250
0.804727
1.453421
1.320972
0.350730
0.168829
-0.273037
0.151215
-0.387957
-1.571996
-1.885782
-2.087942
-1.805410
-0.991120
-0.928357
-0.978404
-0.377803
0.372960
1.049734
1.097903
1.338101
1.693939
2.246981
2.042207
1.488192
0.978809
0.537695
0.288869
-0.869068
-1.772992
-1.729469
-1.034075
-0.909196
-1.018583
-1.511392
-1.936729
-1.273238
-0.834487
-0.797619
-0.182576
0.342831
-0.626938
-1.346504
-1.075393
-0.779881
0.299271
0.458834
0.426537
1.467512
1.823549
1.053060
0.333782
-0.120012
-0.075952
-0.364126
-0.982410
-1.613778
-1.300667
-0.512571
-0.248253
-0.130930
-0.412884
-0.228843
0.047502
0.973534
1.863340
2.320509
2.031652
1.463858
1.217361
0.524120
-0.656885
-1.147010
-1.239519
-1.168692
-0.765283
-0.709937
-0.885689
-1.482543
-0.480412
0.484905
0.830550
1.017527
0.833246
