0.119699
0.283968
0.853832
1.387544
1.536569
1.702473
1.657001
0.825282
0.358938
-0.050678
-0.023857
0.443869
0.609616
0.788656
0.519154
0.215476
-0.073930
-0.102529
-0.070111
-0.650407
-0.592545
-0.743739
-1.207560
-1.429453
-1.371194
-1.513076
-1.845811
-1.496755
-1.343813
-1.318591
-0.758608
0.148780
0.944132
1.038569
0.791550
0.405445
0.255025
0.221843
0.054430
0.056322
-0.193073
-0.618434
-1.349685
-1.707528
-1.795798
-2.002340
-1.701364
-1.412318
-0.937520
-0.010474
0.832364
0.736853
0.271238
0.113277
0.797546
0.900407
0.423522
0.152200
-0.277978
-0.301690
-0.093091
0.072232
0.515332
0.809955
0.960029
0.553706
0.259719
0.605204
0.380139
-0.313799
-0.367921
-0.117942
-0.049293
0.337230
0.919837
0.816623
0.165592
-0.386708
-0.340212
-0.122123
-0.118114
-0.049195
-0.162693
-0.409604
-0.145615
0.421712
0.447878
0.687029
0.613429
0.479739
0.097581
-0.312622
-0.928716
-0.659831
-0.022750
0.081053
-0.516799
-0.586034
-0.124427
0.370144
0.368967
0.417778
0.751285
1.241152
1.318996
0.585612
-0.271042
-0.575407
-0.885046
-0.973067
-0.978672
-1.032945
-1.359973
-1.385746
-1.337118
-1.081798
-0.154755
0.887614
1.391418
1.754617
2.071059
2.287638
2.388170
2.558219
2.679138
2.402938
1.233707
0.294491
-0.432239
-0.822922
-1.068748
-0.857310
-0.919360
-1.021376
-0.769483
-0.346953
0.075319
0.131007
0.007164
0.326533
0.685389
0.532793
0.221477
0.125325
0.341581
0.419261
-0.406889
-1.093967
-1.239922
-1.174884
-1.793242
-2.589046
-2.113449
-1.009094
-0.541305
-0.228287
-0.398321
0.295595
1.343592
1.952944
1.543384
1.007552
0.686444
0.423072
-0.124544
-0.431083
-0.331307
-0.342232
-0.010617
0.062753
0.125100
0.003220
0.063354
0.604696
0.905540
1.042001
0.708437
0.423489
0.276015
0.267948
0.524493
0.389100
-0.012566
-0.100072
-0.183896
-0.784801
-1.206528
-0.701608
-0.384048
-0.288972
-0.341148
-0.244419
-0.142816
0.320273
0.693993
0.683118
0.419764
0.111306
0.074785
0.205030
-0.162102
-0.563499
-0.021407
0.132047
0.277081
0.408867
0.691917
0.439011
0.549508
0.637561
0.831247
0.547802
0.044534
0.329766
0.228636
-0.377766
-0.915637
-0.871576
-1.145278
-0.983786
-0.578571
-0.219586
-0.242887
-0.242045
-0.127671
0.144878
0.118798
0.283655
0.872978
1.559196
1.495102
0.708122
0.315810
0.115397
-0.273357
-0.716481
-0.296079
-0.432147
-0.572394
-1.226148
-1.050217
-0.598765
-0.274193
-0.337738
-0.917445
-1.235958
-1.087129
-0.381205
0.250501
0.415705
0.118783
-0.069529
-0.140900
-0.234623
-0.487586
-0.085478
-0.060205
0.545204
0.823267
0.587931
0.485118
0.319635
-0.134001
-0.182326
-0.202639
-0.678619
-0.730448
-0.500377
-0.107240
-0.020668
-0.060404
-0.434303
-0.513103
-0.563644
-0.507423
-0.242184
0.049231
-0.236334
-0.762631
-0.441183
0.080606
0.513101
0.421388
0.284617
0.425966
0.732354
1.189770
1.152393
0.650016
-0.020300
-0.341652
-0.596557
-0.486411
-0.538950
-0.274902
-0.148578
0.104541
-0.048564
-0.238459
-0.206125
0.246757
0.381156
0.475266
0.116030
0.486598
0.818887
0.994015
1.623698
1.837012
1.191711
0.048901
-0.734540
-1.494298
-2.066140
-2.135262
-2.108725
-2.137476
-2.062213
-1.713095
-1.122919
-1.108494
-1.277943
-1.130357
-0.657560
-0.311559
-0.234011
-0.553576
-0.771774
-0.610820
-0.192751
0.247478
-0.047282
-0.010320
-0.455888
-0.585173
-0.533519
-0.230952
0.184564
0.388718
0.355486
0.356508
0.605417
1.181239
1.270751
1.126997
0.915356
0.484964
0.271326
0.308761
-0.548368
-1.352259
-1.703630
-1.190951
-0.356008
0.481621
0.874106
1.169413
1.494405
1.906401
1.919815
1.688270
1.241410
1.152207
0.961359
0.554513
0.159612
-0.292432
-0.345453
-0.037965
-0.260338
-0.434134
-0.234138
-0.328803
-0.030775
-0.255436
-0.404536
-0.495056
-0.311619
-0.229612
0.287686
0.849798
0.784804
0.618844
0.256171
0.040206
0.271480
1.059172
1.525490
1.249153
0.926970
0.670349
-0.379390
-1.027612
-0.917019
-0.421554
0.129387
0.164438
-0.521894
-0.456345
-0.355316
-0.438366
-0.332505
-0.211077
-0.208773
0.207262
0.417292
-0.336626
-1.089237
-1.847940
-1.514401
-1.097632
-1.001163
-1.106342
-1.080752
-0.596764
0.021029
0.323929
0.809900
1.837145
2.763497
3.547772
3.520103
2.724661
1.318742
0.549846
-0.277744
-0.705010
-1.149316
-1.257636
-1.127638
-0.429185
0.194102
0.527683
0.701209
1.055990
0.887753
0.958961
1.051304
0.646088
0.178613
-0.458139
-0.323644
-0.247956
-0.271996
-1.232506
-1.405121
-0.563836
0.391941
0.872883
0.488090
-0.097151
-0.665211
-0.927453
-1.150649
-1.497509
-1.693731
-1.415371
-0.909962
-0.338692
0.349464
0.827342
0.812044
0.369075
0.461111
0.775794
0.234665
-0.463805
-1.023877
-0.998267
-0.754138
-0.301063
0.371548
0.320388
0.234453
0.033490
0.084265
0.545557
0.865914
0.526167
0.116416
-0.372155
-0.621143
-0.132772
-0.135116
-0.163324
-0.074329
0.163759
-0.051012
-0.810731
-0.975485
-0.760961
-0.734035
-0.636272
-0.514815
-0.599286
-0.988345
-0.708879
-0.626607
-0.391250
-0.558058
-0.762559
-0.262995
0.328270
0.875350
1.277089
1.758979
2.164271
2.011398
1.875211
1.425829
0.458428
-0.279397
-0.489212
-1.230039
-1.544582
-1.820702
-1.787984
-1.241373
-0.712253
-0.534937
-0.953391
-0.692555
-0.053967
0.610492
0.937878
0.748082
0.768310
0.720629
0.899237
1.078056
0.168239
-0.989007
-2.083162
-3.468450
-4.336899
-4.256142
-3.407436
-1.995672
-0.488161
0.824289
1.828780
2.595192
3.198039
3.394359
3.342620
3.443844
2.725059
1.685395
0.199361
-0.963264
-1.429884
-1.629224
-1.557848
-1.641943
-1.419532
-0.694374
-0.053157
0.707109
1.715072
2.466765
2.126301
1.315153
0.324665
0.353174
0.445856
0.387735
0.297666
-0.012655
-0.166811
-0.322141
-0.523548
0.210161
0.947281
1.495687
1.609275
1.408218
0.593032
0.187860
0.004569
0.045234
0.264984
-0.670825
-1.275246
-1.327978
-1.250763
-1.606196
-1.138857
-0.502971
0.669689
1.485198
1.452348
1.008009
1.217810
1.364851
1.277608
1.392713
0.809446
-0.451005
-0.946774
-1.394287
-1.499354
-1.452864
-1.356123
-1.604974
-2.208839
-2.254676
-2.206470
-1.917155
-1.891626
-1.699065
-1.480730
-1.269477
-0.885304
-0.350549
-0.362260
-0.728032
-0.289767
0.108287
0.218716
-0.222684
-0.087954
-0.363032
-0.553656
-0.607687
-0.592950
-0.574807
-0.169813
-0.193841
0.020853
0.416821
0.455302
0.798290
1.673555
2.251007
1.922628
1.595106
1.236319
0.941774
-0.070500
-0.718190
-1.145159
-1.309553
-0.946380
0.146808
0.882793
0.949277
0.760521
0.491111
0.444667
0.328415
0.106150
-0.104700
-0.020630
-0.019025
0.326442
0.354656
-0.199506
-0.610469
0.043037
0.824638
1.038307
0.997352
0.353223
0.266229
0.257549
0.514300
-0.063537
-0.668095
-0.579234
-0.113800
0.425940
0.665273
0.185874
0.020207
0.061365
0.335801
0.637113
0.271530
0.145198
0.806429
0.994437
0.465875
-0.376130
-0.865358
-0.830376
-0.643430
-0.825716
-0.959608
-0.567278
-0.935948
-1.001146
-0.319652
0.275070
1.151364
1.476685
1.478485
0.751783
0.406669
-0.178274
-0.717127
-1.378248
-1.236216
-1.037506
-1.115022
-1.976607
-1.851950
-1.133703
-0.320055
0.287157
0.694328
1.383855
1.931443
1.914636
1.831984
1.183970
0.379274
-0.077045
-0.368880
-0.752353
-1.109648
-1.027624
-0.429555
0.196159
0.428448
0.632426
1.287185
1.084429
0.808187
-0.279276
-1.092824
-1.342516
-1.068289
-0.914760
-0.265902
0.331708
1.206906
1.826805
1.917370
1.280950
0.449596
0.247116
0.106318
-0.146518
0.030517
0.421231
0.500500
0.303835
-0.974119
-1.644613
-1.415747
-0.826061
-0.516010
-0.593820
-1.138378
-1.059575
-0.922271
-0.876615
-1.068248
-1.211936
-1.059729
-0.849641
-0.234167
0.325972
0.489334
0.739267
0.872120
1.019971
0.713879
0.291248
0.063856
-0.011597
-0.509401
-0.230178
-0.240312
-0.219635
-0.318879
-0.092949
0.455546
0.405352
-0.090114
-0.579605
-1.023391
-0.689978
-0.227164
-0.231684
-0.306771
-0.637383
-0.526509
0.270162
0.847188
1.355394
1.249971
1.106008
1.583114
1.011625
0.145594
-0.041606
-0.312837
-0.713764
-1.142812
-1.837329
-2.081071
-1.649988
-1.675673
-1.601890
-1.485438
-0.939268
-0.511595
-0.348917
0.306983
1.333135
1.737032
1.843688
1.876016
2.411806
2.351013
1.768075
0.775115
-0.536691
-0.841616
-1.227329
-1.418893
-1.834735
-2.072694
-1.627148
-0.783578
-0.171483
0.237503
0.793230
0.847049
0.692797
1.103943
0.701332
-0.060123
-0.312037
-0.191125
0.047461
0.078750
0.663955
1.195915
1.475626
1.424924
1.437063
0.973981
0.772726
0.212749
-0.519721
-1.101173
-1.549511
-1.745412
-1.985622
-2.142867
-0.987729
-0.354071
-0.378787
-0.518169
-0.607313
-0.245690
0.027090
-0.197421
-0.309962
-0.166643
-0.122212
-0.034102
-0.388025
-0.697333
-0.303236
-0.287436
-0.513713
-0.727668
-0.786645
-0.767685
-0.221034
-0.178216
-0.116911
-0.338659
-0.033114
0.460384
0.860913
1.092182
0.642576
0.663108
0.756789
0.523815
0.593398
0.290041
-0.449143
-0.722737
-0.567123
-0.679912
-0.637758
-0.285561
0.107089
0.385950
0.731407
0.720505
0.993354
0.979187
1.236765
1.037542
0.497264
-0.175658
-0.504543
-0.449565
-0.591301
-0.661475
-0.343887
0.015053
0.702900
1.432274
1.693268
1.672223
1.570347
1.408967
0.989310
0.556118
0.313430
0.165074
-0.233549
-0.042390
0.114361
0.046258
0.438390
1.528212
2.235909
2.075601
1.550260
1.085168
0.771138
0.670279
0.545471
0.398165
-0.136058
-0.806704
-1.114214
-1.237409
-1.219100
-0.999101
-0.799658
-0.402179
-0.164848
-0.079391
0.271035
0.569222
0.200125
0.165393
0.386241
0.420066
0.208230
0.177771
0.003425
-0.271875
-0.732104
-0.892536
-1.286368
-1.195706
-0.989927
-0.789085
-0.872340
-0.854056
-0.434582
-0.001438
0.415341
0.621148
0.546933
-0.151718
-0.371460
-0.485090
-0.631089
-1.475781
-1.934623
-1.498507
-1.036214
-0.603062
-0.442464
0.226375
0.111292
-0.035141
-0.364807
-0.646352
-0.833886
-0.595374
-0.612009
-0.613526
-0.710742
-0.806209
-1.395232
-0.862629
-0.373767
0.047969
0.571690
1.213867
1.650777
1.834268
1.827009
1.850846
1.601689
0.957233
0.997142
1.073550
0.911821
0.204299
-0.146497
-0.560449
-0.901911
-0.681538
-0.384525
-0.353255
-0.168026
-0.018601
0.412348
0.559233
0.878218
1.166031
1.455302
1.648510
2.203104
2.344389
1.816275
1.451586
0.829345
0.269372
-0.148847
-1.179730
