-0.867462
-1.185263
-1.952903
-2.613501
-2.401768
-1.769655
-1.517019
-1.297722
-0.607609
0.115991
0.398905
0.515594
0.470610
0.438957
0.561353
0.799769
0.645090
0.498175
0.113154
-0.743017
-0.982893
-0.790871
-0.635438
-0.351512
-0.049162
0.678082
1.303405
1.632155
1.715067
1.991155
1.617051
1.165834
0.650330
0.160719
-0.373422
-0.976874
-1.193407
-1.078790
-1.298718
-1.561740
-1.432221
-0.852310
-0.170300
-0.233930
0.392083
0.954382
0.978571
0.726080
0.314622
0.011253
-0.471867
-1.056900
-0.908416
-0.593081
-0.221198
0.099950
0.655177
1.048558
1.351775
2.015580
1.996395
1.409184
0.706140
0.053715
-0.267996
-0.356552
-0.374803
-0.723034
-0.845954
-0.820199
-0.447252
0.092556
0.664717
0.734347
0.912793
0.990477
1.042061
1.416547
1.577334
0.886349
0.749601
0.924847
1.004799
0.734721
-0.063763
-0.830857
-1.358321
-1.505516
-1.679405
-1.614614
-0.879739
0.240598
0.847600
0.724863
0.532527
0.860157
1.080220
0.636787
0.218006
-0.053430
-0.326079
-0.700018
-1.052915
-1.193972
-1.156700
-0.616789
0.130659
0.368707
0.462857
1.087039
1.351870
1.456860
1.412319
1.540897
1.972961
1.701709
1.114436
0.333074
-0.602230
-1.478709
-2.109073
-2.933929
-3.017014
-2.519605
-2.184541
-1.926917
-1.209981
-0.371392
0.319134
0.920214
1.190758
1.306141
1.267730
1.211101
0.804966
-0.046483
-0.626070
-0.863170
-0.929929
-1.155683
-0.956485
-0.904202
0.010969
0.364581
0.885664
1.337759
1.967134
2.256842
2.038834
2.078821
2.279606
2.248801
1.295785
0.006855
-0.547451
-1.056661
-1.290016
-1.452787
-1.827937
-1.763698
-1.177028
-0.521533
0.116177
0.245954
0.090889
0.466677
0.925091
0.641082
0.279193
-0.218110
-0.455483
-0.795131
-1.176701
-1.160139
-0.594061
-0.246248
-0.427536
-0.446693
-0.387597
-0.928127
-1.462717
-1.668909
-1.745003
-1.519598
-1.564116
-1.079636
-0.227768
0.042532
-0.325154
-0.274362
-0.035312
0.151400
0.072796
-0.353109
-0.552660
-0.423691
-0.164864
0.336944
0.586668
0.529928
0.602097
1.054297
1.214252
1.033402
0.575882
-0.434954
-0.956829
-1.091278
-0.896906
-0.308008
0.206490
0.726157
1.387843
1.671229
1.756106
1.969467
1.809760
1.294254
1.011287
0.701881
-0.014199
-0.491953
-0.640005
-0.639537
-0.846004
-0.833673
-0.582080
-0.355592
-0.169393
-0.344373
-0.246944
0.269181
0.454430
0.885189
0.808366
0.564377
0.795752
0.049180
-0.560753
-0.508683
-0.413079
-0.305381
-0.004104
0.496667
0.855839
0.810019
0.751757
0.190596
-0.137716
-0.182960
-0.478844
-0.440446
0.204883
0.289846
0.284433
0.503675
-0.294302
-1.054144
-1.447681
-1.306379
-0.952495
-0.367352
0.192839
0.572958
0.837659
1.256381
1.501590
1.901406
1.577573
0.682590
-0.018448
-0.361001
-1.081737
-1.252748
-1.368449
-1.092151
-0.523459
-0.135959
-0.150155
0.165267
0.049892
-0.119017
-0.169926
0.030116
0.114544
-0.253406
-0.678489
-1.239216
-1.103230
-0.246354
-0.285704
-0.427200
-0.237062
0.136805
0.414398
0.349515
0.484081
0.256138
0.829723
1.113699
0.817133
0.617758
0.805003
0.335584
-0.687610
-1.311248
-1.615027
-1.938523
-2.084186
-1.755429
-1.291880
-0.775844
-0.383664
0.247958
1.293609
1.449271
1.572314
2.150102
2.201037
1.710615
1.581689
1.763564
1.577417
1.692984
1.744088
1.789119
1.887651
1.772456
1.311929
0.996052
0.829452
1.344827
1.498351
0.983008
0.778222
0.669905
0.694917
0.514598
0.488949
0.333513
0.199075
0.071200
-0.284178
-0.780449
-0.866198
-0.711687
-0.813605
-0.803110
-0.512320
0.107754
0.481472
0.558409
0.436007
-0.055479
-0.412440
-0.605585
-1.247669
-1.337265
-1.390457
-1.520084
-1.372538
-1.076709
-0.717202
-0.547175
-0.495078
-0.573313
-0.284233
-0.587643
-0.690937
-0.407380
-0.505846
-0.668808
-0.862300
-0.700793
-0.009573
-0.086385
-0.537671
-0.975862
-1.196366
-1.455193
-1.687158
-1.856243
-1.952334
-1.744681
-1.588599
-1.736183
-1.574891
-1.324034
-0.937408
-0.838258
-0.573710
0.199567
0.792704
1.128072
1.127111
1.016082
1.035538
0.805410
0.303761
0.085862
-0.230237
-0.570521
-0.769159
-0.761900
-1.071011
-1.361369
-0.832870
-0.033650
0.901218
1.479404
1.561828
1.748481
1.691971
1.706175
1.571912
1.370771
1.131965
0.724728
0.208972
-0.493829
-1.273545
-1.691823
-1.452458
-0.735911
0.185292
1.073944
1.646803
2.619131
2.832982
2.228105
1.396851
0.932843
0.577999
-0.399746
-1.145820
-1.378208
-1.751659
-1.835378
-1.784321
-1.231797
-0.360342
0.387343
0.695407
0.952064
1.506857
1.951018
1.737072
1.316642
0.370574
-0.510054
-0.560938
-0.199365
0.058140
0.071193
0.418660
0.716819
0.601327
0.200855
-0.166970
-0.340876
-0.355538
-0.227041
0.076998
-0.276915
-0.517165
-0.408579
-0.381346
-0.283259
-0.406031
-0.407505
-0.561016
-0.600609
-0.362966
-0.003682
0.156759
0.452956
0.703022
0.598948
0.412453
0.861985
0.733656
0.605351
0.469470
0.335162
0.051478
-0.433176
-0.169981
0.655826
0.919059
1.099585
1.079693
0.955666
1.142899
0.537347
0.087424
0.004483
-0.255324
-0.209655
-0.215999
-0.171604
-0.281152
-0.545845
-0.487643
-0.590963
-0.778915
-1.192344
-1.100433
-0.778292
-0.984925
-0.950446
-0.933602
-0.795248
-0.367614
-0.508886
-0.417487
0.505328
0.787561
0.406033
0.282810
0.649319
0.565890
0.720600
0.660137
0.483001
0.533705
0.162311
0.169571
0.133169
-0.446656
-0.478443
0.102505
0.548105
1.026700
1.478695
2.225659
2.675418
2.725625
2.550373
1.886348
0.585777
-0.476645
-1.405263
-1.876634
-1.634652
-1.397329
-1.347052
-0.793154
-0.000343
0.540683
0.852288
1.272148
1.163567
1.060178
0.739561
0.180071
-0.644335
-0.981285
-1.111151
-1.234657
-1.764349
-1.939407
-1.694815
-1.418807
-1.263981
-1.212534
-1.246808
-1.161828
-0.794036
-0.607598
-0.691864
-0.936629
-1.214286
-1.357097
-1.203504
-1.144449
-1.117052
-1.019670
-0.966617
-1.197414
-1.847895
-1.860891
-1.286463
-1.077941
-0.972235
-0.657323
-0.580755
-0.323295
-0.246255
-0.286205
-0.655459
-0.808699
-0.505408
-0.253944
0.101657
0.585298
1.042290
1.532564
1.918752
2.054521
2.088125
2.035700
1.527465
1.315162
1.178959
1.528704
2.045335
2.070026
2.359703
2.371932
2.067741
1.236049
1.081319
1.016637
0.628529
0.215030
0.150964
-0.145765
-0.468795
0.128540
0.967520
0.766343
0.754608
0.787779
1.023789
1.029957
0.502063
0.051846
0.032554
-0.257255
-0.444442
-0.419116
-0.232692
-0.975693
-1.338170
-0.976439
-0.344225
-0.273374
0.244062
0.504037
0.962450
0.733420
0.374141
-0.103250
-0.858382
-1.400803
-1.496933
-1.599726
-1.477279
-0.963039
-0.080569
0.338050
0.363959
0.551589
0.550493
0.466292
0.479962
0.035363
-0.325770
-0.507001
-0.752120
-0.907493
-1.067202
-1.283809
-1.201075
-0.937854
-0.525329
-0.030120
0.317257
0.503570
0.352948
0.108563
-0.169553
-0.028664
0.288360
0.448195
-0.207499
-0.850260
-1.319223
-1.397298
-1.314153
-0.810729
-0.288160
0.201377
0.749747
0.904170
1.412902
1.452731
1.253324
0.931094
0.867451
0.964195
0.391542
-0.233261
-0.568773
-1.476154
-2.023070
-1.475510
-0.986129
-0.760871
-0.375038
0.075919
0.686844
1.202147
1.705078
1.776746
1.305936
1.156686
0.788398
0.446473
-0.139509
-0.977770
-1.493718
-1.644018
-1.830842
-1.648600
-1.281253
-1.119630
-0.461673
0.137464
0.620111
0.667626
0.590626
0.795014
0.780999
0.356203
0.175665
0.472101
0.457735
0.813018
1.318309
1.453713
1.464991
1.548229
1.225457
0.870256
0.534148
0.197271
0.112538
0.172204
0.258684
0.420267
0.350062
0.477736
0.034007
-0.428091
-0.793073
-1.039229
-0.795654
-0.349871
-0.496808
-0.586412
-0.418274
-0.185503
0.471143
0.250827
-0.079956
-0.189604
-0.292009
-0.240746
-0.164183
0.087438
0.286134
0.053072
0.006764
-0.392523
-0.449799
-0.373696
-0.277569
-0.371205
-0.364413
-0.140262
0.131368
0.016352
-0.118313
-0.370878
-0.557005
-0.300556
-0.405075
-0.438902
0.366096
1.178376
1.611086
1.522181
1.503095
1.361585
1.188812
1.287263
1.487796
0.842044
0.078351
-0.449565
-0.643090
-1.132000
-1.820051
-1.593347
-1.258103
-1.354039
-0.825645
-0.240164
0.339629
0.772112
0.634736
0.600090
0.992832
0.898783
0.556434
0.037687
-0.135884
-0.456550
-1.049389
-1.571738
-1.760406
-1.433274
-1.008246
-1.389847
-1.415734
-1.324368
-1.059541
-0.427769
0.083949
0.278823
-0.101488
-0.054373
-0.047488
-0.066212
-0.008907
0.048933
0.543984
0.717458
0.747333
0.391698
0.615954
0.938441
1.063721
0.653875
0.312009
0.710488
0.729841
0.645699
0.123032
-0.271686
-0.432767
-0.418120
-0.270164
-0.387840
-0.154689
0.260644
0.221793
0.246889
0.813163
0.820782
0.872512
0.556751
0.092520
0.356733
0.954375
1.037927
0.688718
0.566160
0.850517
0.929005
1.276587
1.166245
0.804186
0.748684
0.717947
0.523755
0.395535
0.003904
-0.239945
-0.137678
0.138889
0.164381
-0.357820
-0.460781
-0.309893
-0.547285
-0.549313
-0.330954
-0.337581
-0.041183
0.512208
0.699214
1.111898
0.616465
0.178067
0.178720
-0.239192
-0.553873
-0.483447
-0.464001
-0.812489
-1.005501
-0.858643
-0.801888
-0.537943
-0.126397
0.399835
0.538762
0.565109
0.676214
0.850624
0.670075
0.162598
-0.178142
-0.217095
-0.582805
-1.058572
-1.635665
-2.183740
-2.032870
-1.641591
-1.702068
-1.251642
-0.398644
0.311861
0.723120
1.051735
0.969438
0.531558
0.211579
-0.098214
-0.698511
-1.459456
-1.878565
-1.961612
-2.104358
-1.409638
-0.636893
-0.283894
0.049843
0.508093
0.753544
1.193274
1.161565
1.099119
1.105315
0.415442
0.389162
0.061840
-0.080395
-0.163993
-0.104480
-0.073963
-0.274863
-1.104158
-1.251522
-0.962791
-0.538390
-0.152266
-0.382065
-0.264871
0.152682
0.603639
0.927017
1.108351
0.811611
0.649117
0.739892
0.617050
0.043854
-0.386749
-0.292387
-0.591097
-0.771281
-0.339146
0.348894
0.418841
0.748766
1.504824
2.066009
1.899180
1.472875
1.032336
0.573526
0.263828
0.070894
0.128592
0.219576
-0.069723
-0.308827
-0.714453
-1.120710
-0.716621
0.035492
0.653543
1.271575
1.148342
0.736785
0.150922
-0.648383
-1.375799
-1.806358
-1.974513
-1.839528
-1.689363
-2.093681
-1.905455
-1.343295
-1.171818
-0.721583
-0.294385
0.324862
1.047997
1.132434
1.119784
1.010674
0.893055
0.729846
0.542780
0.240002
-0.222448
-0.454366
-0.699605
-0.678007
-0.846721
-1.348887
-1.405466
-1.287650
-0.946111
-0.203547
0.434613
0.607470
1.393210
