-1.237426
-0.087146
-0.178229
-0.831937
-2.393783
-2.538065
-1.141164
-1.034039
-0.852061
-1.117002
-1.657773
0.052543
1.661440
1.062201
0.194029
-0.147595
0.149680
0.479084
0.642134
-0.378404
-1.605306
-0.916013
-0.171372
0.173757
-1.418736
-2.073945
-1.583725
-0.582929
0.554467
-0.446958
-0.366335
-0.032320
-0.405009
-0.108918
1.086109
1.860337
0.080907
-0.918531
-0.986428
-1.092126
-0.945639
-1.230177
-1.691883
-0.672115
0.723356
1.335784
0.776402
-0.501368
-0.044557
0.904080
1.026054
-0.035260
0.334890
0.446562
-0.281145
-0.542829
-0.551133
-0.395990
0.251973
0.694744
1.328676
1.181194
1.396007
0.356609
-0.594805
-0.718581
-0.653379
0.255913
-0.005434
-0.051409
-0.225908
-0.128787
0.211558
0.705575
0.425135
-0.221149
-0.438044
-0.332367
-0.312680
-0.331972
-0.203157
-0.329718
-0.466896
-0.541328
-0.137980
0.699435
1.091607
1.847878
1.096957
0.087355
0.344328
0.920292
0.825898
-0.431474
-1.076082
-1.448941
-1.660432
-1.001593
0.547125
0.893137
0.103410
-0.229098
0.291654
1.004558
0.689384
-0.102704
0.034680
1.526255
1.846743
0.353399
-0.486065
-0.678320
-1.611125
-1.579548
-0.171173
0.810910
0.458077
-0.227340
-0.366478
-0.463379
-0.842465
-0.397721
-0.109904
-0.069240
0.573779
1.206060
2.334631
1.379998
-0.316954
0.189668
0.740023
0.796501
0.998417
-0.487382
-1.315258
-0.352895
0.315036
0.031781
-0.317553
-0.813034
-2.044788
-1.693953
0.100870
1.639314
2.184399
0.524108
-0.029834
0.497337
0.818132
0.902863
0.311494
-0.696342
-1.095444
-0.285508
0.550441
0.107151
-0.987875
-1.844716
-0.286544
1.457928
1.788972
1.309345
0.819308
0.516898
0.721997
1.161820
0.455317
0.333573
1.345765
2.537393
1.148670
-0.678073
-1.373817
-2.048032
-2.413296
-2.156027
-1.242173
-1.517939
-2.253471
-2.314594
-0.736572
0.486299
1.207271
1.428283
1.342671
0.794828
0.631971
-0.219505
-0.563674
-0.025561
0.739293
0.236732
-1.073773
-1.152477
0.382908
1.249515
0.653265
0.157384
0.195803
0.536274
0.819534
0.700925
0.778256
2.100037
1.181259
-0.413920
0.011445
-0.140238
-0.081984
-0.625537
-1.653855
-2.086404
-1.708454
-0.905024
0.524683
1.443431
1.872488
1.001459
0.391922
-0.429121
-0.134375
0.677848
0.581876
0.334184
-0.229730
-0.990470
-0.216401
0.454158
0.240244
0.040648
0.372659
1.389454
1.402158
0.274371
-0.071350
-0.069198
-0.188793
0.449506
0.131605
-0.385258
-0.763825
-0.771226
-0.667699
-0.383237
0.001077
0.484381
0.681953
0.038512
-0.749719
-0.580621
0.148542
0.065835
0.116432
0.280164
-0.330585
-0.346763
0.379792
0.617143
-0.383087
-1.481669
-0.797484
0.089663
1.207846
1.319019
-0.413154
-0.912052
-0.160318
0.456781
0.270252
-0.010246
0.460361
-0.137822
-1.744714
-1.952392
-0.160541
-0.253319
-0.500218
-0.683534
-0.657886
-0.633824
-0.034555
0.461450
0.310150
-0.120207
-0.197413
0.458932
1.466269
0.147093
-0.726786
-0.313260
-0.459118
-1.065317
-0.724118
-0.009211
0.970902
0.942931
-0.537822
-0.807807
-1.372881
-1.936448
-1.101183
-0.913201
-1.022181
-0.393437
0.394747
1.063157
0.026493
-1.452839
-1.057189
-0.204124
0.302955
0.911535
1.178090
0.490259
-2.012684
-3.533827
-1.752437
0.637530
0.620296
1.023311
1.802288
1.823548
1.352290
0.555133
-0.352516
-0.803194
0.066530
1.513556
2.172339
1.950730
0.898139
-0.496541
-0.486070
0.395440
0.292680
-1.244522
-3.368857
-4.307318
-2.780558
-1.098955
-0.024903
1.548582
2.592677
2.078309
1.599991
0.965169
0.411003
1.001533
1.056885
0.257663
-1.159224
-1.616926
-0.944534
-0.838964
-1.241342
-1.587659
-1.462647
-0.719722
0.091852
-0.114769
-0.810901
-1.134096
-0.147066
0.700683
0.963600
1.204939
0.917631
0.740073
1.681056
1.827993
1.648765
2.110550
1.500431
0.635353
-0.067868
-1.077820
-0.614131
0.320465
1.067417
0.707503
0.212518
0.740074
0.645929
1.223813
0.505788
-0.555609
-0.252418
-0.812444
-1.383390
-1.016193
-1.006102
-1.053364
-0.663332
-0.243634
0.333342
-0.234228
-0.815520
-0.681104
0.236665
0.548535
0.380640
0.333514
-1.439942
-2.261936
-0.820755
1.103986
1.132852
0.621627
0.547331
0.703551
1.342961
1.853349
0.762052
-0.298902
-0.279248
1.088482
1.271806
1.166294
0.937490
0.472933
-0.936192
-2.059308
-0.764273
0.748045
0.953545
0.417611
0.040579
0.012565
0.591029
0.028802
-0.604912
-0.514100
-0.024047
1.267318
1.212469
-0.096075
-0.106175
0.932890
1.166497
0.935322
1.677785
0.897572
0.099177
0.814955
1.030109
0.084825
-1.101643
-0.723841
0.081688
-0.536987
-0.680869
-1.601192
-1.803349
0.044436
0.626205
-0.222608
-0.841375
-0.432066
0.133438
1.816119
1.260301
0.460115
0.155546
-0.284586
-0.216832
-0.284556
-0.984750
-1.312546
-0.856047
-0.208679
-0.290506
-0.154597
-0.186476
-0.175301
-0.089649
0.660607
0.596583
0.446065
0.804291
1.809931
1.207225
0.553710
-0.342637
-0.945626
-1.343009
-1.405346
-1.126479
-0.640228
-0.941103
-0.780100
-0.473850
-0.205016
-0.583433
-0.088984
0.547132
0.085435
0.408156
1.275312
1.583108
1.043201
0.094860
0.330564
1.229478
1.135072
-0.254305
-1.608058
-0.852882
0.365223
-0.056730
-0.774929
-0.647715
-0.537771
0.159071
0.506835
-0.591053
-1.628489
-1.907848
-1.617463
-1.611355
-0.505340
-0.080344
-0.249355
-0.469101
-0.704975
-0.337643
-0.219416
-0.030728
-0.072830
-0.534487
-0.834649
-0.312583
0.008912
0.230114
0.141284
0.495996
1.039543
0.376767
-0.520448
0.145061
0.809114
2.211184
2.683912
0.762391
-0.233662
0.415254
2.160072
2.561885
0.470148
-0.418799
0.519696
1.394728
1.943956
0.828938
-0.787134
-0.660497
0.262210
0.825566
1.696749
2.296400
1.109407
-0.212078
-0.644491
-0.671023
0.347452
1.548164
1.186516
0.460454
-0.689884
-0.682064
-0.902767
-0.371235
-0.187600
-0.698103
-0.749562
-0.148054
-0.604924
-0.894775
0.177366
1.079647
0.373828
-0.340898
-0.142032
0.182122
0.139325
0.009681
-0.781632
-0.857682
-0.081989
0.039345
-0.710480
-0.870857
-0.552178
-0.338808
0.204400
-0.040440
-0.229248
-0.030256
-1.178180
-1.646666
-0.637533
-0.858445
-0.866366
0.078322
0.722304
0.362981
-0.411147
-0.470587
-0.595535
-0.601287
0.282948
0.799206
-0.156417
-1.974109
-2.483421
-1.284099
-0.322024
0.151126
-1.026265
-2.609972
-1.924027
0.097547
0.285111
0.062854
-0.754189
-2.017394
-0.565573
0.790314
0.469010
0.780839
1.692585
-0.532891
-2.785526
-1.348095
0.988614
1.458773
2.040976
2.338664
1.942746
2.537475
2.541375
1.879761
2.269637
2.123982
1.224851
0.648986
0.229142
0.187661
1.011266
0.819070
0.094496
-0.577930
-0.175257
0.267303
0.658676
-0.290275
-0.879915
-0.015622
0.991943
2.185198
2.381100
0.027380
-1.325002
0.004776
0.945279
1.277401
1.939306
2.024251
0.093618
-2.406846
-3.713418
-2.753255
-0.453584
0.451079
0.920088
-0.196999
-1.125754
-0.946842
-1.258227
-1.800955
-0.872770
-0.223063
-0.005364
1.379569
1.497164
0.157335
0.112161
0.204690
-0.421999
-0.807261
-1.144040
-1.748605
-1.636726
-1.256933
-1.431064
-1.175354
0.151066
2.183453
0.577893
-2.137455
-1.628032
-0.214867
0.893681
0.474045
-0.496854
-0.576773
-0.674546
-0.386425
0.493377
1.240086
0.358891
-0.788588
-0.551407
-0.118713
-0.301018
-0.566397
-0.362710
-0.511162
-0.388065
0.365968
0.152022
-1.294575
-1.119638
-0.037584
1.161169
0.975863
0.491711
-0.465228
-1.470923
-1.453892
-1.278224
-0.399880
-0.361191
0.273557
1.339902
1.141643
0.043069
0.283448
0.605454
0.674617
1.412799
0.670913
-1.241969
-1.571177
-0.453583
1.046267
0.263352
-1.666511
-1.221746
0.181356
1.568705
1.410619
0.227591
-0.357368
0.237492
1.961656
2.200466
0.712619
-1.444509
-2.096372
-1.508579
-0.606864
0.016541
0.251017
-0.466966
-1.360559
-0.777645
0.432347
0.613429
0.333704
0.527194
1.026663
0.816455
0.716229
0.321219
-0.353360
0.188483
1.454474
0.835815
-0.695402
-1.683407
-2.157968
-0.863283
0.255164
0.748254
-0.516752
-1.528427
-0.864339
-0.165024
0.433803
0.884449
0.228239
-0.402614
-0.498891
-0.236401
0.428193
1.488973
1.559667
-0.329627
-1.465733
-1.612160
-1.036094
-0.573246
-1.153273
-0.971998
-0.554047
-0.453828
-0.191041
0.040444
-0.193270
0.227822
1.627619
1.178259
-0.442596
0.378985
1.423333
0.967156
0.335138
-0.971292
-1.999921
-1.336128
0.187899
1.247926
1.333537
0.669978
-0.281676
-0.380767
-0.060436
0.305473
-0.248447
-0.428292
-0.064093
0.329256
0.306696
-1.081944
-1.208248
0.241724
0.653327
0.079542
0.000999
-0.597917
-1.193017
0.224862
1.028462
0.330839
0.341389
0.262979
0.249058
0.359263
0.025038
0.227677
1.854471
1.263104
-0.553847
-1.049537
-1.121925
-0.781365
-0.449583
-0.378708
0.105772
-0.107364
-0.477702
0.291667
1.169553
1.256492
0.823693
0.868011
0.708076
0.625219
1.079707
0.702273
0.794759
0.969676
0.139054
-0.566818
-0.352967
0.478892
-0.073501
-0.350641
-0.005478
0.166825
0.672023
1.330903
0.812245
0.126973
0.591950
0.655493
-0.037276
-0.759662
-1.103223
-0.488715
-0.238073
-0.506287
-0.713860
-2.015872
-2.404621
-1.633970
-1.573584
-0.758936
-0.994971
-1.417389
-0.117782
1.035166
1.387161
0.582632
0.091861
0.710242
0.773015
0.120067
0.433797
0.140067
-0.503413
-0.689016
-0.267620
-1.158213
-0.627151
0.339708
0.121042
-0.095044
-0.083929
0.104702
0.129236
0.640732
1.208358
0.384077
0.718417
1.087688
1.197243
0.763502
0.255099
0.781366
1.170519
0.062158
-0.694077
0.446335
-0.360332
-0.984386
-0.346044
0.030671
-0.364630
-0.072112
1.292689
0.924364
-0.351082
0.596754
1.690003
0.981036
-0.128662
-0.432603
0.186423
1.419098
2.057080
2.028534
1.754293
0.752224
0.671820
0.878823
0.206629
-0.531169
-0.080291
1.271821
1.476447
-0.024560
-1.319403
-0.976037
0.162570
0.199904
-0.037075
0.475455
0.488493
0.219113
-0.247418
-0.293607
-0.286098
-0.731422
-0.126565
0.141863
-0.588265
-0.649627
-1.216030
-1.004092
-0.801296
-0.828400
-1.379283
-1.714225
-0.967235
-0.579618
-0.278972
0.297421
-0.206216
-0.097797
-0.046998
-0.654070
-0.774420
-0.676853
-0.539196
-0.712066
-0.947972
0.013255
0.226356
-0.499553
-0.567243
0.973888
0.670988
-0.679741
-0.544926
0.463599
1.056363
0.351917
-0.883655
-0.855351
0.088893
1.330146
0.796938
0.673265
1.427553
0.838724
0.808743
0.257788
-0.101439
1.045976
1.428833
0.758672
0.145502
-0.031758
