-0.126802
0.284470
0.007142
-0.661720
-0.965365
-0.550251
-0.373486
-0.401073
0.520858
1.049037
1.093374
1.366743
1.688611
1.171898
1.085691
1.032873
1.018520
0.938914
0.651108
-0.056648
-0.910422
-1.235744
-1.500758
-1.467293
-2.098728
-2.153340
-1.821817
-0.819095
0.091517
0.211733
0.272684
-0.088337
-0.580990
-0.287352
0.252374
0.808071
-0.432608
-0.850744
-0.010162
0.225021
-0.366178
-1.267040
-1.984755
-1.841966
-1.262506
-1.247289
-1.736280
-1.231826
-0.515075
-0.047114
-0.346578
-1.135997
-0.907438
-0.209557
-0.005900
0.149866
-0.065030
-0.980844
-1.938038
-2.527364
-2.468243
-1.865537
-1.098428
-1.653724
-2.264476
-1.842351
-0.875252
-0.230472
-0.076883
0.080860
0.343767
0.525599
0.161724
-0.292226
-0.380401
-0.319453
-0.382772
-1.004822
-1.285432
-1.126053
-0.749356
-0.813221
-0.899010
-0.960475
-0.572833
-0.588378
-0.305805
0.842973
0.741039
0.420419
0.776903
1.372292
1.498777
0.925368
0.595875
0.333981
-0.352899
-0.393012
-0.067037
-0.137500
-0.001141
0.591818
0.854485
1.464858
2.169628
2.014762
2.440940
2.778578
2.498216
1.921227
1.417414
1.582769
1.429822
1.045666
1.237685
1.534295
0.661464
0.062997
0.204336
0.433632
0.756015
0.656957
0.470491
0.703060
0.647109
1.210988
1.400641
0.410413
0.919864
1.899698
1.290447
1.103653
0.752851
-0.594743
-1.197483
-0.608145
-0.423158
-0.440171
-0.605331
-0.867356
0.084955
1.469468
1.006346
0.948566
1.233009
0.897167
0.920235
0.975823
0.308891
-0.729046
-0.554353
-0.467649
-1.358191
-1.587457
-1.912868
-1.533009
-0.898999
-0.872750
-0.581340
-0.067822
0.349865
0.821092
1.486929
1.604681
0.526610
-0.088969
0.450427
1.391866
1.675624
1.196456
0.322518
-0.384257
-0.270190
0.085112
-0.152183
-0.992085
-0.767129
-0.747482
-0.763167
-0.100382
0.501510
0.255611
0.871551
1.027779
1.400985
2.014526
2.295145
2.089389
2.153875
2.326478
2.151038
1.519118
0.582965
0.710708
1.095622
0.713639
0.184475
0.325868
0.568991
0.713449
0.190791
0.305249
1.684411
1.407627
0.062998
-0.577518
-0.507580
-0.608289
-0.356204
-0.732036
-1.274814
-1.172005
-0.595401
-0.641901
-0.028923
0.002442
-0.693728
-0.981353
-1.198818
-1.485537
-2.097518
-2.621951
-2.384734
-1.951524
-1.735967
-2.554849
-2.524465
-2.079583
-2.041148
-1.358062
-1.015217
-0.195824
0.109729
-0.098551
-0.811095
-1.215712
-0.717589
-0.475248
-1.007732
-1.272533
-1.526285
-1.816055
-1.364519
-0.575529
0.209854
0.867093
1.118810
0.663808
0.319567
0.755698
1.046776
0.665881
0.397100
-0.408179
-0.925657
-0.817834
-1.105124
-1.336417
-1.256505
-1.240189
-0.749547
-0.319545
0.368541
0.968692
-0.037262
-0.102226
0.617889
0.950031
0.713244
0.824464
1.677155
0.927860
0.181858
0.847201
1.089761
1.046915
0.896893
-0.276240
-0.567223
-0.022842
0.311394
0.566512
0.157240
0.152060
0.273572
0.642694
1.185470
0.659019
0.033957
-0.281422
-0.562987
-0.405891
0.322868
0.623327
0.004229
0.082057
-0.255195
-0.535527
-0.641695
-0.754058
-0.262887
-0.419129
-0.076733
0.265927
-0.012370
0.596044
0.769679
0.601422
1.200047
1.100508
1.249101
0.855514
0.741859
0.973327
0.109710
-0.481779
0.086538
-0.033172
-0.752856
-0.486929
0.349446
0.896708
0.476327
-0.399346
-0.318410
-0.444705
-0.435352
-0.321005
-0.738242
-1.405541
-1.877583
-1.673242
-0.756459
-0.330392
-0.292513
-0.970606
-0.846218
-0.207758
-0.059692
0.028195
0.196620
1.213620
1.178766
0.108330
0.142856
-0.106737
0.120448
-0.373327
-1.329599
-1.700787
-1.913248
-1.217650
-0.645205
-0.289515
0.242739
0.621788
1.005555
0.817227
0.285115
0.041618
-0.048783
-0.057312
0.230681
0.037406
-0.076379
-0.740043
-1.132130
-0.951684
-1.298829
-1.201547
-1.131621
-0.793280
-1.035384
-1.141233
-0.847397
-0.754888
-0.733788
-0.156500
-0.305722
-0.536738
0.303245
0.166946
-0.613512
0.292038
0.894093
1.060189
1.560642
1.355877
1.369524
1.347651
0.535186
0.288333
0.452763
1.048812
1.566989
1.580574
1.686739
1.782659
1.329353
0.838659
0.792488
1.263123
1.023754
0.736339
1.250363
1.925596
1.444700
1.375985
1.195522
0.204948
-0.549111
-0.811604
-0.768443
0.285746
0.929158
1.703288
1.334693
1.275866
1.615231
1.912000
1.507959
1.215225
1.627594
1.274205
1.003819
0.920343
1.056846
1.273121
1.148008
0.105196
-0.615540
-0.746945
-0.799954
-0.086232
0.091991
0.256477
0.536490
0.785174
0.762826
0.494999
1.522335
0.874844
0.209855
0.741893
0.881956
0.608413
0.383500
0.425189
0.808088
0.063906
0.155935
0.130749
0.075268
1.064359
1.483728
1.391632
0.642542
0.725528
1.427881
1.820457
1.723143
1.343951
1.020188
1.202742
0.544714
-0.088625
-0.383722
-0.602139
-0.676069
-0.838396
-1.714855
-1.919425
-1.841894
-2.220867
-2.329160
-1.510447
-1.588860
-1.491760
-0.520259
0.403177
-0.025921
0.124885
0.121197
-0.723886
-1.121922
-0.559727
-0.944607
-0.812938
-1.039246
-1.428219
-0.811390
-1.125314
-1.979682
-1.657387
-0.922848
-0.135143
0.298533
0.432433
0.537235
0.657664
0.014699
-0.455889
-0.538056
-0.708310
-0.476118
-1.216323
-1.600357
-1.555307
-2.145630
-2.253767
-1.834665
-1.575665
-1.705914
-1.230666
-0.695938
-0.821997
-0.816968
-0.405775
-0.085440
0.484784
0.782942
0.366191
-0.095560
-0.060269
0.406897
0.197270
0.328575
0.061124
0.041439
0.029561
0.395286
0.025552
-0.231493
-0.203267
0.031419
0.351136
-0.309503
-0.860765
-0.784420
-0.723590
-0.047062
0.189428
-0.160238
-0.252652
0.018848
0.632318
1.091990
0.528996
0.501500
0.760489
0.773536
1.058432
0.299468
-0.414167
-0.433018
-0.503455
-0.318119
-0.084128
-0.785488
-1.018036
-0.728959
-0.436412
0.374330
0.662409
0.289284
-0.465809
-0.581877
-0.377958
-0.068530
-0.083675
-0.034715
0.382545
0.143942
0.096046
0.436684
0.211214
0.225873
0.084200
-0.285029
-0.503720
-0.816172
-0.976927
-0.746514
-0.883281
-0.983186
-0.940389
-0.579922
-0.241976
-0.257258
-0.679329
-0.795777
-0.649522
-1.211154
-0.928034
-0.813792
-0.568084
0.188051
0.313297
-0.139047
0.468301
0.312143
0.002645
0.064180
0.300766
0.468939
0.353313
-0.004138
-0.599341
-1.201643
-0.484195
0.492718
0.306944
0.540285
0.302449
-0.280771
-0.219256
-0.483460
-0.492958
-0.695162
-0.212981
-0.192549
-0.978829
-1.135923
-0.593099
0.047808
0.960812
0.591089
0.676331
1.182790
1.831776
2.002486
0.989614
0.477266
0.503033
0.813258
1.845738
1.965279
1.587624
1.906614
1.517731
0.945511
0.932193
0.424705
0.579802
1.278381
1.997893
2.190310
2.264869
1.518229
0.824259
0.225154
0.519898
0.732981
0.271006
0.303820
0.494247
1.012896
1.227564
1.761186
1.790537
1.779630
1.830771
1.557136
1.019812
0.854614
0.196463
0.844217
0.804283
0.173256
0.056923
0.126780
-0.281771
-1.172166
-0.631851
-1.097959
-1.753930
-1.631849
-3.086284
-2.663847
-1.392992
-1.638872
-1.681979
-1.306763
-1.011036
-0.834486
-0.547370
-0.103472
0.139076
0.053464
0.025806
-0.827613
-1.992403
-2.126875
-2.126669
-2.226045
-1.458892
-0.348597
-0.794451
-1.489850
-1.111144
-0.514509
0.050206
-0.436395
-0.722851
-0.374756
-0.321286
-0.738450
-0.240447
0.390975
-0.244008
-0.860033
-0.476179
-0.250600
0.150159
0.262230
-0.225795
-0.645187
-0.146142
0.701926
0.548201
0.232300
0.546204
0.287509
0.049018
-0.189320
-0.757142
-1.213935
-1.218178
-0.403771
0.209846
0.502468
0.033267
-0.120910
0.577094
0.840416
-0.069755
-0.410739
-0.157627
0.211436
1.430393
1.009000
0.675038
0.348634
0.100153
0.343721
0.200181
-0.466485
-0.541367
-0.253304
0.327768
-0.183525
-0.114170
-0.025065
0.310951
0.404201
0.752880
0.507972
0.213150
-0.549303
-1.451084
-1.830445
-1.605668
-1.114387
-1.018133
-0.856754
-0.137458
0.341988
0.881387
1.379898
1.804015
2.063973
2.124378
1.441816
0.860537
1.120579
1.186390
0.150978
-0.906867
-0.984926
-1.881574
-2.235985
-1.510295
-1.101812
-1.381188
-1.869914
-1.160910
-1.087971
-1.160952
-0.539969
-0.413604
-0.894501
-0.961263
-0.315729
-0.344587
-0.798914
-0.065582
-0.089475
-0.591954
-1.022413
-1.556981
-1.241305
-0.795378
-0.994734
-1.481405
-1.905554
-1.597599
-1.300500
-1.263335
-0.908028
-0.729243
0.539158
0.642261
0.202668
1.302008
1.848681
1.200631
1.349434
1.658692
1.643256
1.504540
1.356376
1.442075
1.268247
0.750835
0.791410
1.237941
0.779862
0.462815
0.079784
0.312336
0.453973
0.547614
0.753135
-0.230140
-0.845649
-0.802332
-1.029012
-1.160573
-1.424345
-1.240452
-0.647678
-0.040548
-0.480910
-0.980951
0.040540
0.922138
0.506334
0.186572
-0.055678
0.085334
0.115673
-0.512227
-1.382579
-1.199895
-1.369348
-1.256324
-1.122697
-1.280031
-0.641368
-0.262064
-0.436992
0.095964
0.551007
0.703961
0.188837
0.538184
0.935147
0.979616
1.305574
0.546771
0.623218
0.336393
-0.584328
-0.992747
-0.722438
-0.442707
-0.544900
0.067230
0.820527
0.850385
0.717889
0.578091
0.297520
-0.186608
0.046937
-0.696914
-1.006174
-0.110411
0.367872
0.187522
-0.041766
-0.439952
-0.793498
-1.412502
-2.003815
-2.250871
-2.323019
-1.352502
-0.899092
-0.565705
-0.466314
0.053790
1.529277
1.786511
2.055365
1.975042
1.408195
1.739493
3.468148
2.862352
1.697240
1.592322
1.698190
1.170853
0.818252
0.469707
-0.086174
-0.246220
0.384008
0.753392
0.646592
1.172908
1.684563
1.619224
1.761925
1.615113
1.183092
1.399208
1.137830
1.375330
1.755534
1.276134
1.151173
1.655292
0.607468
-0.057690
0.260167
0.018901
-0.263439
0.056780
0.651212
-0.023315
-0.229805
0.461240
0.633382
0.120680
-0.272042
0.316610
0.445805
0.899881
0.534023
0.234380
0.461760
-0.250079
-0.926118
-0.679925
-0.649109
-0.367226
-0.352612
-0.411291
-0.456221
-0.586350
-0.302925
0.023643
-0.142456
-0.233150
0.283019
0.649351
0.162269
-0.399852
-1.247271
-0.985121
-0.160377
-0.375399
-0.453061
-0.451178
-0.453430
-0.085124
-0.311344
0.037998
0.789508
0.661243
-0.038181
0.173582
0.192444
-0.775602
-0.867952
-0.126522
-0.185140
-0.610709
-0.485319
0.169743
0.791278
0.560031
0.463637
0.644914
0.976908
1.047505
-0.032250
-0.323439
0.028315
0.726109
-0.197204
-1.068913
-0.547192
-0.351213
-0.755807
-0.528644
0.009980
0.642489
0.110260
-0.220226
-0.306587
0.198392
0.937246
0.216232
-0.400500
-0.487170
-0.450094
-0.549074
-1.206729
-1.687534
-1.316499
-0.017267
