1.110789
1.747195
1.519903
0.819022
0.053430
-0.309272
-0.852091
-1.395005
-1.549082
-1.524909
-1.823411
-1.770562
-1.254671
-0.866686
-0.946379
-0.648841
-0.313993
0.210508
1.125490
1.158772
0.632504
0.483006
0.813985
0.971855
0.433694
0.497278
0.506041
0.335526
0.195358
-0.267743
-0.567721
-0.871664
-1.130745
-0.790862
-0.002226
-0.321465
-1.698682
-1.978946
-1.354318
-0.677675
-0.500256
-0.076673
-0.055459
-0.349250
-0.272203
-0.142534
-0.354180
-0.506769
-0.272867
-0.710543
-1.180955
-1.567256
-1.580921
-1.468959
-1.080558
0.296650
1.290608
1.035358
0.368588
0.162203
0.761821
0.993476
1.186320
0.474666
-0.958606
-1.701875
-1.894351
-1.352206
-1.246881
-0.941731
-0.262303
-0.277154
-0.720379
-1.142878
-0.987066
-0.518140
-0.230228
0.033354
0.079913
-0.014323
0.172734
0.379433
0.667824
0.834417
1.312532
1.546986
1.268060
1.422187
1.326468
0.410649
-0.451991
-1.130705
-1.493502
-1.550966
-1.671628
-1.611627
-1.355172
-1.277084
-0.824388
0.087968
0.490780
0.608739
0.926466
1.556655
1.809803
2.379115
2.681419
2.833483
2.234947
1.491007
0.603683
-0.082634
0.109132
0.141715
0.133040
0.253992
-0.205634
0.055746
-0.103968
-0.589415
-0.974515
-1.486478
-1.823296
-1.535828
-0.723328
-0.263697
-0.157979
-0.249926
0.360171
1.329097
1.357900
1.098183
0.809675
0.933768
1.563696
1.668053
1.283297
0.984988
0.377663
0.292457
0.703118
1.166979
0.585255
0.095573
-0.187260
-0.186054
0.234001
0.792362
1.261019
1.271700
1.214500
0.800537
0.464593
0.193414
-0.339131
-0.271786
-0.137960
-0.581964
-0.856417
-1.631226
-1.774339
-0.941836
0.002345
0.181734
-0.140099
-0.408975
-0.219963
-0.057196
0.005109
0.169828
-0.136798
-0.528270
-0.137054
0.326513
0.440855
-0.096310
-0.219393
-0.306900
-0.328937
-0.404342
-0.053055
0.155977
-0.473331
-1.041017
-1.053069
-0.440656
0.525842
0.641438
0.092482
-0.081655
-0.052926
-0.415950
-1.199206
-1.952580
-1.974960
-1.408714
-0.674421
-0.138886
-0.456394
-0.272434
0.080642
0.469259
1.161448
1.459730
0.963581
0.531789
0.329363
0.340300
0.407354
-0.297427
-0.734491
-0.983948
-1.027713
-0.713313
-0.583435
-0.051311
0.249243
0.432387
0.178541
0.193144
0.821095
1.335589
1.501992
2.161765
2.434915
1.709889
0.974538
0.978657
0.883192
0.600579
0.144326
0.264511
0.251192
0.224832
0.283052
0.544058
1.505011
2.301556
2.148639
1.822107
2.160543
2.588147
2.729863
2.788757
2.877014
2.939930
3.136280
2.829976
2.419586
2.465420
2.542745
2.431060
1.719928
0.718185
0.228081
0.383085
0.674827
0.398050
0.340503
0.591946
0.824030
0.219971
0.178249
0.555083
0.351213
-0.255377
-0.906796
-1.135062
-1.430708
-1.413560
-1.108037
-1.424400
-2.233876
-2.933223
-2.522293
-2.293189
-2.447036
-2.914555
-3.278941
-3.090007
-2.284424
-1.583591
-1.325086
-1.590736
-1.347817
-0.632768
-0.050698
0.063086
-0.208038
-0.469045
-0.785048
-0.492996
-0.760255
-1.786562
-2.288349
-2.323957
-2.611369
-2.687993
-2.705244
-2.739040
-2.132693
-1.546529
-0.854545
-0.307289
-0.174325
-0.142772
-0.062442
0.067801
0.316166
0.455145
0.375502
0.507926
0.117208
-0.220538
-0.656687
-0.905697
-0.817472
-0.946917
-1.070034
-0.893411
-0.774261
-0.702289
-0.315243
0.497144
0.993349
0.951827
1.092842
0.984061
0.886931
0.441180
-0.052431
0.167011
0.025183
-0.583596
-0.525485
0.037862
-0.308915
-1.062216
-1.157882
-1.033113
-0.045082
1.339392
1.596549
1.296240
1.298068
1.366788
1.406796
1.180158
1.039442
1.078426
1.423936
0.767351
-0.559949
-0.911022
-1.388321
-1.281928
-0.567567
-0.424732
-0.182042
0.029886
0.294253
0.305429
0.653791
0.565069
0.177267
0.091176
-0.120640
-0.149465
0.184194
0.422329
0.120917
0.045218
-0.522387
-0.400260
0.063362
0.425419
0.701116
0.546876
0.150013
0.021729
0.262766
0.344988
-0.114126
-0.405407
-0.683956
-1.106910
-0.893692
-0.906661
-0.494859
0.519296
0.901664
0.837868
0.647695
0.361876
0.503716
0.532431
-0.083490
-0.344200
0.126476
0.280383
0.314284
0.383245
0.343864
0.104390
-0.780996
-1.313994
-1.139054
-0.351195
-0.099887
-1.301277
-1.583294
-1.418997
-1.360565
-0.468278
-0.536427
-0.458705
-0.521625
-0.321202
0.089303
0.475978
0.972498
1.619157
1.877003
1.437262
0.965130
0.472014
0.004044
-0.068172
-0.636200
-1.711827
-2.432527
-2.078911
-1.630409
-0.875264
-0.764780
-0.973335
-1.029786
-1.204775
-0.706891
-0.533613
0.091356
0.441562
0.637839
1.704104
2.494456
1.765399
0.989935
1.645734
2.009927
1.471176
1.193409
0.804589
0.845668
1.285452
0.924844
0.306965
0.262598
-0.273189
-1.184004
-1.191007
-1.067774
-1.047639
-1.201394
-1.625932
-1.924698
-1.662402
-1.522158
-1.520810
-0.967931
-0.549638
-0.118040
0.520842
1.121103
1.564437
1.726591
2.207325
1.816323
1.303687
1.243375
1.504772
1.479910
0.658593
0.175313
-0.121007
-0.756749
-1.080440
-1.141566
-0.991515
-0.906916
-0.620775
-0.248367
-0.251321
-0.515835
-0.153651
0.219186
0.301034
0.711291
0.656890
0.644757
0.027662
-0.475353
-0.584187
-0.695871
-0.528111
-0.624041
-0.756602
-0.350188
-0.428403
-0.506349
-0.266563
0.280381
0.698771
1.026108
1.137697
0.647929
0.745612
1.258171
1.261370
1.037266
1.093935
0.824580
0.700317
0.762586
0.425407
-0.386944
-0.631285
-0.599085
-0.845140
-0.739269
-0.250214
0.448467
0.767092
0.947275
1.095754
1.237698
0.790293
0.244407
-0.076364
-0.095260
-0.404619
-0.345991
0.202550
0.653618
0.544895
-0.368299
-0.642253
-0.490596
-0.671409
-0.713888
-0.647702
-0.248865
0.605245
0.341787
-0.126232
-0.031628
-0.135256
0.206330
0.649786
0.786700
0.625868
0.737688
0.958786
1.093084
1.540515
1.073815
0.154291
-0.251639
-0.502213
-0.375014
-0.344182
-0.059375
0.179817
-0.213899
-0.287202
-0.353977
-0.635930
-0.596687
0.130561
-0.062809
-0.614405
-0.757554
-0.572159
-0.413906
-0.335327
-0.215219
-0.296216
-0.221606
0.184098
0.165613
0.161543
0.394388
0.348794
0.287165
0.002694
0.249059
1.025092
1.457838
1.136666
0.682315
0.663417
0.851310
0.724026
0.421676
0.312641
0.414023
0.431501
-0.022388
-0.628027
-0.850118
-0.992147
-1.052059
-1.048122
-1.142738
-0.902346
-0.749155
-1.066905
-1.506955
-0.996607
-0.098551
0.617459
1.034410
0.565123
0.498654
1.173648
1.726435
1.821021
0.972359
0.074807
0.042053
0.465661
0.576269
0.055475
-0.585785
-1.193812
-1.473116
-1.453658
-1.800052
-1.247067
-0.095348
0.203186
0.128756
0.004456
-0.238784
-0.199301
-0.490790
-0.741596
-0.607872
-0.517683
-0.806093
-1.000146
-0.751844
-0.376875
-0.239598
-0.844501
-1.443984
-1.084090
-0.688375
-0.539967
-0.144632
-0.118367
0.414772
1.610166
1.655946
1.012190
0.688673
0.371455
0.256374
0.597156
1.368572
2.108090
2.066038
1.426682
0.698814
0.484509
0.315866
0.396418
0.034681
-0.890616
-1.389461
-1.084641
-0.748977
-0.921583
-0.835292
-0.079188
0.909281
1.534560
1.793532
1.429328
1.430887
1.153397
0.331311
-0.882797
-1.805153
-1.777226
-1.236708
-0.506683
-0.562598
-1.515581
-1.979957
-1.364521
-1.007313
-0.206816
0.350304
0.624588
1.178430
1.144198
0.994812
0.819035
1.091722
1.308912
0.542261
0.144830
-0.311298
-0.675980
-0.416878
0.092424
0.323306
0.185689
0.482543
0.290448
-0.354112
-0.490104
-0.694856
-0.699371
-0.746723
-0.713790
-0.367719
0.003924
0.235480
-0.044430
-0.221530
-0.659289
-0.462978
-0.560928
-0.872422
-1.398688
-1.443518
-0.720679
0.259884
1.363713
1.607556
1.710065
1.571513
0.980886
0.386094
-0.037682
-0.365296
-0.564047
-0.456544
-0.368334
-0.610012
-0.658877
-0.427550
-0.120072
-0.146176
-0.379025
-0.431233
-0.269093
-0.064096
-0.413634
-0.884810
-1.131779
-0.627161
0.119274
0.422672
0.678091
0.417802
-0.430712
-1.226660
-0.599302
-0.142876
-0.187198
0.234913
0.915349
1.269814
1.460722
1.446798
0.636804
-0.229607
-0.440180
-0.646376
-0.750788
-0.093190
0.424484
0.077367
-0.056486
0.677122
1.017784
1.395294
1.816810
1.330871
0.583299
0.243025
-0.187114
-0.381397
-0.006965
-0.002067
0.041654
-0.021723
0.048353
0.195306
0.132431
-0.229187
0.176630
0.528440
0.443586
0.188392
0.075911
-0.102799
0.095020
-0.022880
-0.256507
-0.547297
-0.826692
-1.153793
-1.344554
-1.176775
-0.395239
-0.030990
0.051401
-0.269816
-0.614336
-0.740902
-0.677742
-0.242667
0.445607
1.179195
1.715833
1.888651
1.611249
1.007495
0.892112
0.788525
-0.042527
-0.697313
-0.858207
-1.277450
-1.856388
-2.061117
-2.721870
-3.005614
-2.752993
-2.782279
-2.519254
-1.388809
-0.273238
0.354141
0.476899
0.424810
0.722010
1.132409
1.237707
1.318346
2.209327
2.233026
1.579295
0.731014
0.531431
0.800617
0.536594
-0.076383
-0.321181
-0.601684
-0.299277
-0.307735
-0.240420
-0.381058
-0.324174
0.209013
0.560395
1.048043
0.688878
0.279532
0.143845
0.245241
-0.302725
-0.701095
0.048590
0.851602
1.026624
0.504945
-0.170635
-0.661216
-0.369728
0.051682
-0.582565
-0.990448
-0.790175
-0.440296
-0.164267
-0.321142
-0.311670
-0.371773
-1.262528
-1.625757
-1.652752
-1.885167
-1.084910
-0.131926
0.181589
0.799059
0.816614
0.618416
0.700919
1.168241
1.435467
0.734565
-0.146287
-0.189461
-0.545317
-0.459874
-0.302854
-0.285999
-0.426582
-0.377408
-0.196642
-0.115478
0.438350
1.104790
1.094414
0.174664
-0.111896
-0.104561
-0.044675
0.646595
0.716196
0.561188
0.214086
-0.491103
-0.747220
-0.781501
-0.864136
-0.125894
0.876050
0.890223
0.805302
0.776156
0.731407
0.507273
0.536280
1.057378
1.103214
1.338385
1.454618
1.295213
0.903673
0.657280
0.612685
0.259431
0.042829
-0.288496
0.133369
0.432978
0.186593
-0.658802
-1.117663
-0.953758
-0.489231
-0.218315
0.214091
0.301737
0.292451
0.619924
1.252820
0.721206
0.210136
0.306521
0.761936
0.935534
0.792871
0.243477
-0.205277
-0.319572
-0.205946
-0.046650
-0.532411
-1.285631
-1.204659
-1.264955
-1.219177
-0.801226
-0.588822
-0.949892
-1.395069
-0.362430
0.313690
0.578764
0.894729
0.814699
1.056430
0.942593
0.824114
0.445577
-0.087384
-0.574613
-0.985368
-1.219942
-1.641099
-1.720953
-1.294948
-0.489609
0.258557
0.642690
0.814511
0.722759
0.317498
-0.323107
-0.910081
-0.382094
0.274818
0.399956
0.129895
-0.372875
-0.151118
0.254578
0.126782
0.143539
-0.090982
-0.188119
0.705098
1.648467
1.174950
0.357588
-0.316097
