-0.303191
-0.556517
-0.517907
0.053205
0.828851
0.963631
0.544394
0.510154
0.391445
0.284544
0.206548
0.043288
0.064678
0.053940
-0.958575
-1.663438
-1.419214
-1.388815
-1.494980
-1.747574
-1.670596
-1.437744
-1.262692
-0.705033
0.043657
0.102396
-0.375149
-0.265791
-0.019351
-0.257636
-0.567038
-1.024282
-0.867507
-0.621873
-0.583901
-0.913395
-0.682604
-0.819965
-1.167963
-1.130117
-0.465939
0.323173
0.571441
0.615378
0.446631
0.597395
0.364900
0.232398
0.239044
0.057951
0.061118
0.232593
0.785520
0.890948
0.631627
0.561630
0.806219
0.683397
0.632899
0.402070
0.215668
0.461522
0.398399
0.475431
0.615144
0.760672
0.948787
1.118253
0.532619
0.092455
0.043122
0.397434
0.965482
1.034035
1.049161
0.737893
0.917791
1.158465
1.059651
1.011020
0.976400
1.017889
0.650274
0.061606
-0.349308
-0.368942
-0.399650
-0.110340
-0.373123
-0.516909
0.324081
0.435443
0.211924
0.642483
1.248357
1.688421
1.986917
1.551125
0.795551
0.067806
-0.527133
-1.068841
-1.635747
-2.024019
-2.039421
-1.720727
-1.704015
-1.662129
-2.015085
-2.092567
-1.953635
-1.744782
-1.423823
-1.522013
-1.538745
-0.782038
0.433786
0.710548
0.365586
0.013900
0.039069
0.301596
0.191341
0.227083
0.029274
-0.548490
-0.438102
-0.526457
-1.165532
-1.347554
-1.604904
-1.063646
0.031964
0.387676
-0.109970
0.115891
0.986434
1.226639
1.280465
1.595775
0.740781
-0.217712
-0.284773
-0.092869
-0.248320
-0.164665
-0.009648
0.448821
0.503245
0.219299
0.057946
-0.086814
0.461067
0.940528
0.660385
0.372385
0.788027
0.943318
1.181774
1.189074
0.949492
-0.126138
-0.571535
-0.301827
-0.758578
-0.759579
-1.242443
-1.986481
-2.007645
-1.197521
-0.502227
0.026004
0.298452
1.125488
2.233656
2.590545
2.621015
1.872449
0.826232
0.506056
0.495383
0.056424
-0.581527
-0.513217
-0.435749
-0.558909
-0.588264
-0.588264
-0.379695
-0.032675
0.004997
-0.284014
0.080374
0.631236
1.370426
1.655105
0.862114
0.787060
0.191104
-0.783710
-1.823361
-2.448468
-2.254554
-1.705459
-1.476271
-1.507529
-0.898736
-0.385355
0.186683
0.096511
0.444898
0.573416
-0.370951
-1.326398
-1.712118
-1.027934
-0.495760
0.291389
0.785083
0.683476
0.942538
0.663344
0.063137
0.351680
0.749904
0.483354
-0.246011
-0.705604
-0.653894
-0.439311
-0.266146
-0.133000
-0.131576
0.637995
1.015052
0.377379
-0.272875
-0.094543
0.519824
1.085270
0.762277
0.264140
0.454310
0.554052
-0.127891
-1.357451
-1.813538
-1.616084
-1.538612
-2.019722
-2.161233
-1.480651
-0.406764
0.892559
1.135756
1.138578
1.288043
1.251965
1.358539
1.255116
1.100804
0.613766
0.324940
-0.078686
-0.707365
-0.913429
-0.645165
0.158856
0.375173
-0.770014
-1.625568
-1.279408
-0.674261
-0.478905
-0.299160
-0.615552
0.216388
1.571475
1.719962
1.116275
1.148921
1.083531
0.696210
0.562549
0.208741
0.286690
0.191286
-0.086551
0.155372
0.143413
-0.088866
-0.270549
-0.118506
0.260367
0.121546
0.092098
0.180885
0.980371
1.619661
2.124641
2.614129
2.670509
2.199301
1.732117
1.773272
0.989946
0.311225
-0.148695
-1.067779
-2.221722
-2.931433
-2.781799
-2.155019
-0.710367
0.643035
1.829755
1.898816
1.487730
1.608272
1.562753
1.208204
0.992044
1.101108
0.642604
-0.157568
-0.057222
-0.302781
-0.929885
-1.462492
-2.044828
-1.989159
-1.212042
-0.185542
0.221159
0.394885
0.952461
1.364466
1.786984
2.363455
2.085624
0.881185
0.106039
-0.460813
-0.782099
-0.730383
-1.172150
-1.530848
-1.639121
-1.820529
-1.643719
-1.649079
-1.416745
-0.694972
0.015399
0.427166
0.258423
0.230242
0.379387
0.605954
0.811922
0.570607
0.683845
0.534073
-0.098917
-0.114875
0.082656
0.227456
0.197358
0.658764
0.654532
0.358961
0.396814
0.737285
1.374482
1.364234
1.096549
1.123837
1.460959
2.163737
1.738575
0.876875
0.320852
-0.275417
-0.416709
-0.812956
-1.375294
-0.997475
-0.353693
-0.339582
-0.244433
-0.109600
0.095884
0.048667
0.158369
-0.346943
-0.974173
-0.971566
-0.722617
-0.654604
-1.143470
-1.322688
-0.986257
-1.031184
-1.005291
-0.872068
-0.926627
-0.506383
-0.461670
-0.168608
0.121428
0.068301
-0.001492
0.308534
1.255505
1.674927
0.978141
0.768735
0.433836
0.348950
0.461454
0.470211
-0.282067
-0.534103
-1.106236
-1.700771
-1.803615
-1.374494
-0.725628
-0.105846
0.388115
0.756540
0.846083
0.777874
0.648572
0.227415
-0.072747
-0.101077
-0.306736
-0.338706
-0.418365
-0.150937
-0.197221
-0.777882
-1.526906
-1.475882
-0.405366
0.208588
0.395239
-0.282179
-0.191330
0.440303
0.404127
-0.304114
-0.339257
-0.583591
-0.571538
-0.485652
-1.022115
-0.907771
-0.288534
-0.537330
-1.010574
-1.031404
-0.027904
0.940080
1.677576
1.820249
1.670260
1.831700
1.630479
1.427734
1.297746
0.882151
0.400359
-0.257978
-0.378753
-0.725839
-1.117336
-1.308687
-1.432370
-1.201560
-0.884582
-0.638090
-0.029698
0.500225
0.694911
1.359184
0.885466
0.347261
0.370127
0.506061
0.623698
0.184524
-0.429737
-1.040667
-1.332657
-0.787413
-1.267661
-1.903092
-1.493575
-0.384348
0.186045
0.469898
0.512865
0.291975
0.511878
0.800205
0.473275
0.368885
0.747638
0.883708
0.445011
0.284765
0.491251
0.524126
-0.019601
-0.783542
-1.036953
-1.150234
-1.200303
-1.466229
-1.479086
-1.289518
-0.988193
-0.401262
-0.154368
0.011476
0.710681
1.327077
1.184336
0.105063
-0.234790
0.085575
-0.133034
0.038160
-0.082188
-0.403085
0.062913
0.541381
0.618812
0.831409
0.999875
0.689095
0.956879
1.166421
0.786485
0.473410
0.020325
-0.269241
-0.328487
-0.697912
-0.467086
-0.017820
-0.023634
0.211198
0.896255
1.260574
1.164134
1.439298
1.403585
0.738551
0.339018
0.071122
-0.201302
-0.155942
-0.594907
-0.482245
0.158588
0.548176
0.262311
0.201360
0.217366
0.040009
-0.402504
-0.234627
0.124359
-0.246617
-0.171297
-0.252508
-0.136743
0.499384
0.809864
-0.184158
-1.125305
-0.863853
-0.295021
-0.100250
0.198836
0.564680
1.187001
1.683055
1.476477
1.797193
1.896783
1.788058
1.462123
1.256740
0.766199
0.458468
-0.316216
-1.154711
-0.902490
-0.568636
-0.780128
-0.957926
-0.725060
-0.016771
0.132611
-0.628128
-1.134760
-0.676123
-0.007115
0.158594
0.238975
0.021456
-0.540249
-0.233310
0.136724
0.265848
0.488482
0.511798
0.293939
-0.160592
-1.019284
-1.371446
-0.989184
-0.424736
-0.447954
-0.832805
-0.658746
-0.834514
-0.305288
0.849270
0.497924
-0.004468
0.393403
0.156117
-0.833744
-1.587538
-2.080670
-1.644766
-1.151833
-0.507150
0.206628
1.216728
1.479869
1.203680
1.939750
2.669471
2.945957
2.453979
1.923882
1.935010
1.874441
1.917123
1.001585
-0.401770
-1.289176
-1.257600
-1.218794
-0.855596
-0.918022
-1.519789
-1.686133
-1.253651
-1.052182
-1.258587
-1.310879
-0.827235
-0.844537
-1.654973
-1.910496
-1.359933
-1.579878
-2.428481
-2.740997
-1.944276
-0.689579
-0.413348
-0.098901
-0.152710
-0.850289
-0.635637
-0.779384
-1.201418
-1.485595
-1.818658
-2.149217
-2.124509
-1.519515
-0.662992
0.188494
0.917317
1.168768
0.524067
-0.058763
0.702952
1.173719
1.066304
1.024823
0.619903
0.436389
0.334056
0.488253
0.413161
0.089933
0.209913
-0.055983
-0.802142
-0.956658
-0.831697
-0.608622
-0.329923
0.040387
0.952770
1.756706
1.488131
0.830914
0.997158
1.189397
0.663896
-0.093193
-0.544566
-0.210135
0.903494
2.376878
2.310995
1.150795
0.509238
0.387494
0.633718
-0.087861
-0.796714
-1.084947
-0.239458
1.062000
1.532463
0.817640
-0.647506
-1.035485
-0.667823
-0.447717
-0.475474
-0.011552
0.296705
0.243164
0.562150
0.848968
0.568419
0.528324
0.653444
0.870671
1.112216
1.017495
0.881016
0.170341
0.248029
0.900199
1.223473
1.243642
1.280502
1.053278
1.024520
0.761565
-0.314672
-1.335581
-1.638031
-1.602386
-1.228255
-0.818437
-1.520190
-2.601226
-3.074585
-2.651438
-1.945918
-0.704267
0.304411
0.387961
0.420235
1.344299
1.673170
1.171347
1.294622
1.333161
0.846182
0.838620
0.671483
-0.072500
-0.573275
-0.288543
0.265777
0.445140
-0.027059
-0.445524
-0.629255
-1.113852
-1.536118
-1.532603
-0.782532
0.091575
0.486444
0.658408
0.918877
0.949830
1.060429
1.054122
0.912264
0.580238
-0.131388
-0.800498
-0.994601
-1.125418
-1.549695
-1.452498
-1.152170
-1.063892
-0.873555
-0.231715
0.775193
1.499274
0.801722
-0.000622
0.430551
0.690110
0.483292
0.015915
-0.438707
-1.102765
-1.202065
-0.384195
-0.330567
-0.217295
0.678585
1.366717
2.008956
2.440619
2.414911
2.513546
2.696400
2.542943
2.262133
1.740173
1.312967
1.327093
0.943944
-0.006603
-0.658307
-0.292526
0.174276
0.737508
1.290603
1.272176
1.072779
0.397356
0.188331
0.722511
0.890632
0.436972
-0.425881
-0.852942
-0.427623
-0.010604
0.167775
-0.150688
-0.669194
-0.618079
-0.247581
-0.320407
0.088807
0.285176
0.121872
0.018860
-0.105815
0.152972
0.745547
1.098862
0.845761
0.076496
-0.387971
-0.224371
-0.010321
0.069857
0.362381
0.523032
0.301995
-0.383248
-0.381857
-0.534894
-0.962823
-1.444874
-1.219716
-0.949248
-0.366261
0.395579
1.194785
1.264239
1.433511
1.502770
0.915049
0.044840
-0.598037
-1.100881
-1.300180
-1.365409
-2.055924
-2.025932
-1.968347
-1.931959
-1.293028
-0.901944
-0.699678
-0.196577
0.832719
1.452412
1.655054
0.964371
0.520271
0.577367
0.596866
0.154805
-0.359017
-0.200281
0.056456
-0.285313
-0.364436
-0.548511
-0.963310
-1.080473
-1.151923
-0.972889
-0.880329
-1.098816
-1.514018
-1.264947
-0.794177
-0.599172
-0.575991
-0.109194
0.177966
0.449679
1.189257
1.240944
0.599355
0.437045
0.266832
-0.504129
-0.610029
-0.252314
-0.473623
-0.412367
-0.229459
0.028971
0.439556
0.314489
0.621652
1.702261
1.869559
0.942416
0.575744
1.015752
0.955914
0.402023
-0.392285
-0.490225
-0.324836
-0.178276
-0.805752
-0.730694
-0.961381
-1.035705
-0.687638
-0.355267
-0.474610
-0.616563
-0.201134
0.310999
0.177866
0.126345
-0.407902
-0.737575
-1.717179
-1.876692
-0.958436
-0.702792
-0.164889
-0.349899
-0.722667
-0.438806
-0.254120
-0.405852
-1.143654
-1.723467
-1.838934
-1.489154
-0.970860
-0.357393
0.447704
1.563912
1.620405
0.992104
0.537740
0.000679
-0.134743
-0.585749
-0.447784
-0.326765
0.194233
0.476170
0.128810
-0.488210
-0.263649
0.602066
0.625150
0.751298
0.396967
-0.125436
-0.006370
0.269925
0.448238
0.323222
0.269720
0.051228
0.263094
0.100000
