-0.660850
-0.283447
-1.162825
-1.042561
-0.529838
0.096561
1.296330
1.128748
1.122247
1.479111
2.634610
2.356577
0.742822
0.374220
-0.402223
-0.468550
0.182365
0.281402
-0.322934
-0.455714
-0.235185
0.764891
1.688403
1.019492
1.272597
2.035154
1.535680
0.449232
0.149491
0.987533
0.831594
0.480980
-0.580237
-1.279242
-0.390975
-0.414129
-0.127728
0.463327
-0.015518
0.300923
0.848333
1.001924
1.011861
0.394028
-0.542811
-0.199292
-1.394073
-1.262007
0.096160
-1.008355
-2.432042
-2.097885
-0.993499
0.108543
1.272595
1.634708
1.356673
0.876393
0.158188
-0.430690
-0.338166
0.311962
-0.129845
-1.488756
-2.195160
-2.548953
-2.200270
-1.246218
-1.118788
-1.328900
-0.535265
0.819349
1.400881
0.718086
0.524623
-0.017730
-0.366710
-0.496981
-0.121980
0.404493
-0.310912
-2.072894
-2.060319
-0.799159
-0.001351
0.057921
0.555089
0.615115
0.058849
0.484900
1.299792
1.006257
0.770503
-0.322273
-0.956946
-1.399745
-1.083639
-0.828687
-0.678748
-0.255183
0.113175
0.145708
0.821014
2.326377
1.704978
0.638341
-0.558097
-0.763372
-0.379890
-1.098858
-0.614859
0.585442
0.150544
-1.002599
-1.512216
-1.214901
0.298157
0.487779
1.668503
1.423874
0.737803
0.310960
0.418661
-0.407752
-0.268450
-0.211766
-0.060032
0.234011
-0.044915
-0.484508
0.101296
0.657182
0.484084
0.167067
0.213623
0.565225
0.279943
-0.884702
-1.098195
-2.048322
-3.195178
-2.956653
-2.021020
-1.399006
-1.176344
0.553746
1.854133
2.041007
2.809371
3.411295
3.404343
2.191080
0.520282
-0.662404
-1.459243
-1.206166
-0.994536
-0.605670
-1.438891
-1.799562
-1.517208
-0.831766
0.053775
0.081210
0.318765
0.448003
1.402038
1.345490
0.360332
-0.558257
-1.212110
-1.864321
-1.238171
-0.676121
-0.525163
0.336751
0.653103
0.083254
-0.234033
0.641397
1.583939
2.289956
2.103993
1.620598
-0.077514
-0.965697
-0.924191
-1.715423
-1.951113
-1.824479
-1.379320
-0.555566
-0.058888
0.375133
1.472727
2.793059
3.429445
3.436869
3.361600
2.520893
0.691008
0.479802
-0.290813
-0.685273
-0.750525
-0.790991
-0.589797
-1.371013
-1.786747
-1.292538
-0.499529
0.116634
0.650971
1.795516
2.541578
2.733248
1.898439
0.536877
-0.433227
-1.216463
-1.913268
-1.983679
-1.283382
-1.307997
-1.174432
-1.514779
-1.434287
-0.709628
0.722109
0.631495
-0.036781
0.984829
2.070958
1.952312
1.665354
1.159636
0.899483
0.057795
-0.833786
-2.426112
-3.448939
-2.459753
-1.190628
-0.790955
-0.793458
-1.320676
-0.055648
0.677569
2.104567
2.225104
2.087747
2.425487
1.900572
1.097035
0.465757
-0.063901
-1.078139
-0.819428
-0.812992
-1.920914
-0.928683
-0.046661
-0.054293
-1.468117
-2.171000
-0.944172
-0.186398
0.571237
0.333270
-0.602147
-0.156856
-0.191800
-1.251765
-1.491064
-1.182748
-1.225165
-0.624155
-0.307182
0.222423
0.000233
0.707402
1.413114
1.092051
0.763275
1.130974
1.175092
0.671780
1.303363
1.605342
0.501072
-1.406565
-2.014401
-1.558360
-1.137798
-1.278052
-1.200067
-0.487218
-0.808161
-0.942466
-0.001361
0.878140
1.156536
0.255204
-0.030335
1.587011
1.431730
-0.020263
-0.745183
0.103583
1.017947
1.086436
0.148940
-0.757369
-0.621814
-1.296847
-1.175091
-0.772690
-1.307974
-1.023346
0.377986
0.625555
-0.289016
-0.546109
0.479655
0.873357
0.276530
-0.331368
-0.692801
0.536678
0.794102
0.455602
-0.206676
-0.875060
-1.230763
-1.183789
-0.699399
-0.714832
-0.104247
-0.418049
0.272971
0.352114
0.001775
0.172191
0.041370
0.407620
1.316998
0.549940
-0.171870
-0.489162
-0.646582
-0.224405
-0.286920
-0.654999
0.711264
1.525559
1.799751
2.373362
1.228166
0.591759
-0.171096
-0.616593
-1.070485
-1.363150
-1.265509
-0.178967
-0.180961
-1.267994
-0.996326
-0.542008
0.116504
1.134542
1.276476
1.559690
1.100822
0.569054
0.229559
-0.576674
-0.050021
0.479206
0.013475
-0.402968
-0.109944
0.521245
-0.083510
-0.931918
-0.408688
0.172580
-0.023495
-0.924325
-0.594274
-0.397776
-0.557471
-0.413414
0.156075
-0.040398
0.120914
-0.252203
0.065400
1.369674
1.412851
0.356880
0.593710
1.244192
0.823619
-0.098057
-1.462370
-1.458489
-0.976805
-0.905934
-0.551118
-0.155897
0.220471
0.516864
0.926508
0.365524
0.292672
0.131554
0.686590
1.263153
1.499573
0.774553
0.632350
-0.013567
-0.056177
0.362833
0.686296
0.556228
0.117746
-0.735511
-1.075310
-0.307262
0.151683
0.190632
0.776899
0.307081
0.127100
0.192688
0.549092
0.850133
-0.385636
-1.023398
-0.418808
0.176471
0.320163
-0.605425
-0.398172
0.887767
2.002932
2.030718
1.390680
0.510913
-0.106422
-0.582277
-2.048210
-3.368300
-3.014816
-1.845569
-1.712878
-1.937075
-0.409013
1.198675
-0.259093
-0.523684
0.107913
0.571192
0.625196
0.134218
-0.082942
-0.058661
0.189146
0.410199
-0.632291
-1.248828
-1.551617
-1.753376
-1.416922
-1.361942
-1.094407
-0.108624
1.250390
1.925830
1.783883
2.245847
1.859069
0.899621
0.456119
0.367067
0.086164
-0.174144
0.176549
0.143793
0.526791
0.177634
-0.698447
-0.369548
-0.442849
-0.028903
0.581712
0.122428
-0.318576
-0.266695
-0.346128
0.547529
0.077979
-0.163967
-0.108784
-0.372608
0.073077
-0.443434
-0.941860
-0.541253
-0.728906
-0.989360
-1.322398
-1.674844
-1.082244
-0.529883
0.231312
-0.183192
-0.507087
-0.426289
0.179686
0.998735
0.530622
0.780630
0.795659
1.240106
0.786622
-0.241173
-0.130392
0.343457
0.677311
0.858441
0.466492
0.280524
0.002902
-0.408432
0.253188
0.829366
0.804706
0.482567
-0.003820
-0.498695
-0.657795
-0.246347
0.593991
0.725059
0.664184
1.095360
0.539659
0.785242
0.864914
1.094245
1.384337
0.492649
0.312028
0.632024
1.096904
0.103626
-1.099553
-1.544553
-0.720177
0.481637
-0.165241
-0.434484
0.720805
1.134239
1.138509
1.446629
1.609327
1.331736
0.522321
0.235381
-1.222264
-1.266033
-0.830263
-0.062550
0.361059
-1.565151
-2.062513
-0.977518
-0.586627
0.095303
0.491338
0.411005
0.072587
-0.138292
0.126302
0.593391
0.946891
0.467698
-0.743753
-0.189527
0.139464
-0.466377
-1.219938
-1.633342
-1.005509
0.232459
0.215973
-0.052068
0.280205
0.458106
1.262016
0.329033
-0.594725
0.021641
0.164974
0.325606
-0.689254
-0.483073
0.875026
0.756736
0.307819
0.050477
0.134884
0.357411
-0.264093
-0.023694
0.234440
-0.319519
0.628471
0.938170
-0.147685
-0.723584
-0.370665
-0.486350
-0.254165
-0.227085
-0.533015
-0.629221
-1.567994
-1.990749
-1.796607
-0.192026
0.237701
-0.497644
0.122339
0.737761
1.080906
0.051436
0.082685
0.419120
0.529093
0.095958
-0.570659
-0.599828
-0.148587
-0.055873
0.324954
0.239303
0.365255
0.484147
-0.183785
-0.438452
-0.520367
-0.664088
-1.344198
-0.994584
-0.503100
0.184587
0.473181
0.464235
0.422972
0.175250
1.155812
0.812306
0.379392
0.249524
0.520731
0.026080
-1.133541
-1.260548
-0.085377
0.024795
0.089407
0.770489
1.116450
1.174022
0.985782
0.719957
0.563772
0.370044
0.083427
0.105340
-0.254075
-0.117625
-0.453931
0.069232
1.067502
0.791247
0.635895
-0.102641
-0.386864
-0.646517
-1.953775
-1.573139
-0.921573
-1.057255
-0.879088
-0.639143
-0.753334
-0.611880
-0.395575
-1.093025
-0.193691
0.227666
-0.614525
-0.429903
-0.438467
-0.925310
-1.224376
-1.056491
-0.326650
-0.023746
-0.030684
0.148180
1.582446
1.248077
0.782594
1.198749
1.015060
0.360523
-1.009788
-1.154203
-0.491832
-0.651531
-0.698618
-1.227159
0.042759
0.712494
0.640890
1.106073
1.623331
1.841730
1.530996
0.935018
0.822317
0.982207
0.379021
0.264842
0.097646
-0.814723
-1.359410
-1.018850
-0.400122
0.284807
0.021162
-0.095963
0.122521
0.405861
0.460133
0.296667
-0.219058
0.266902
0.603679
0.122789
-0.710370
-0.172004
1.080811
1.493112
1.446622
0.571776
0.408542
-0.243494
-1.283269
-1.695280
-0.847202
-1.511338
-1.347376
-0.434773
-0.689031
-0.143329
1.690764
2.218300
1.816664
1.760202
1.877133
0.951890
-0.243990
-1.051228
-1.507950
-1.608250
-1.476846
-0.478692
-0.202209
0.184205
0.536849
0.594586
0.402403
-0.573499
0.376407
0.947446
0.708532
-0.324697
-0.765418
-0.799507
-1.177163
-0.636837
-0.166066
-1.046662
-0.535299
-0.131251
-0.503621
-1.391906
-1.084874
-0.302157
-0.977295
-0.059023
-0.006684
0.394192
0.333642
-0.060285
0.015843
-0.411514
0.008318
0.524955
0.276725
-0.029892
-0.642821
-0.784734
-0.462923
-0.686691
-0.423460
-0.704107
-0.453041
0.320093
1.300233
1.000746
-0.195295
-0.130992
0.564857
1.078743
1.141272
-0.188770
-0.856981
-0.160108
-0.972567
-0.615678
-0.525438
-0.976088
-1.010701
-0.551205
-0.425127
-1.296250
-0.285895
0.732218
-0.263288
-0.871030
-0.625237
0.443731
1.309394
0.136513
-0.578150
0.130263
-0.242252
0.310976
1.250395
0.595651
0.424606
0.293199
0.360501
0.633205
-0.303695
-0.451146
-0.281542
-0.249681
-0.184228
0.411257
0.392049
0.332427
0.980703
1.137698
0.504647
0.364720
0.311449
0.776365
0.131383
-0.188128
-0.240020
0.152922
0.412478
0.051904
-0.236138
-0.623359
-0.470227
0.402487
0.415542
0.598463
0.687537
0.773208
0.743748
-0.059681
0.427959
1.040843
1.151110
0.055311
-0.432611
0.429110
0.204383
-0.244020
0.004500
-0.129767
-0.081425
0.244278
0.254588
0.604344
1.091910
0.915903
0.788631
0.559377
0.025616
-0.144842
-0.033725
-0.473031
-1.015537
-1.008083
-0.396532
0.188051
0.248818
-0.718836
-1.014000
-0.361563
0.559716
1.053162
-0.105099
-0.718599
-0.500304
0.330040
-0.689058
-1.063079
-0.193923
-0.903778
-0.601768
0.706195
1.723527
2.164283
1.133975
-0.625503
-0.930043
0.172667
0.741341
0.824562
0.152715
-0.937973
-2.701150
-2.173851
-1.280817
-1.062827
-0.947546
-0.498976
-0.026060
0.095726
-0.064442
-0.409025
0.107613
0.279487
0.219415
-0.319041
-0.226248
-0.405161
-0.325376
-0.338723
-1.102071
-0.478856
-0.262833
-1.068548
-0.935018
-0.024165
0.658020
0.243829
-0.126473
0.208244
0.496810
0.499377
0.128493
-1.019769
-1.924287
-1.770912
-1.009212
-0.734174
-0.142799
-0.740950
-1.042707
0.129134
0.206579
0.529479
0.981076
1.742986
2.098745
2.361416
1.780737
1.308143
1.351896
0.303218
-0.550552
-0.394138
-1.307156
-1.700295
-1.795073
-1.396460
-0.523028
0.637152
1.018429
1.584205
1.921869
1.308041
1.448260
1.208225
1.756702
1.779318
0.001759
-1.290034
-0.794278
-0.887633
-0.742982
-0.318465
-0.471946
-1.001742
0.622016
2.029242
2.375677
1.678664
0.004289
