0.471103
0.612595
0.393408
-0.084188
-0.609780
-0.443021
-0.345264
0.091901
0.683418
0.613638
0.287790
0.033253
-0.055759
-0.387031
-0.096381
0.049224
-0.541214
-0.848529
-0.610331
-0.736441
-0.136118
0.791909
0.633035
-0.204449
-0.575308
-0.669176
-0.334946
0.459433
0.586598
0.967074
0.824880
0.714462
0.142763
-0.099831
-0.070192
-0.491637
-0.435409
0.102053
1.041690
1.130167
0.640695
-0.220889
-1.213273
-1.783682
-1.445068
-0.917826
-0.818705
-1.486987
-1.423570
-0.244186
0.836343
1.341260
1.559328
1.171519
0.843721
0.774941
0.708891
1.062965
0.398756
-0.544339
-1.455450
-1.646806
-1.456537
-0.707372
0.442608
0.523166
-0.348055
-0.063053
0.050312
0.441852
0.761213
1.217277
1.349926
1.710666
1.337401
0.643752
0.528841
0.014881
-0.435886
-0.544963
-0.404924
-0.238631
-0.028982
0.131964
0.263127
0.510720
0.570241
0.424534
0.105891
-0.295161
-1.136052
-1.602757
-1.621484
-1.424955
-0.411634
0.379485
0.075484
-0.083968
-0.341541
-0.548796
-0.419664
-0.193181
-0.366853
-0.381046
-0.362739
0.250227
0.737883
1.151438
1.116281
0.649304
-0.495283
-1.577133
-1.578344
-1.444346
-0.915557
-0.437458
-0.240713
0.319017
0.600736
0.959868
1.521570
1.727620
2.030359
1.076636
0.017096
-0.327772
-0.583686
-0.504580
-0.559793
-0.557494
-1.008991
-1.688372
-2.052305
-1.559117
-0.531445
0.777609
2.498154
3.617279
3.627431
3.149866
2.698074
1.925381
0.999521
0.186122
-0.801159
-1.798942
-2.193158
-2.428026
-1.928360
-0.190941
1.388180
2.661699
3.313199
2.820049
1.888164
1.137045
0.539189
0.714831
0.554540
0.422667
-0.310834
-1.066806
-1.853223
-1.841332
-1.432694
-1.521452
-1.638107
-1.291158
-0.407813
0.543669
1.529265
1.922608
1.908644
1.633027
1.182220
-0.016388
-0.716082
-1.243517
-1.744276
-2.332288
-2.859694
-2.804677
-2.776813
-1.827598
-0.208003
1.161964
1.602777
1.275816
1.059184
1.585322
1.392334
0.555944
-0.180807
-0.772368
-1.352504
-2.329932
-3.145650
-3.350181
-2.230814
-0.812625
0.086004
0.297916
0.182452
0.615072
1.163460
1.531323
1.323615
0.406370
-0.572776
-1.309872
-0.973604
-0.202942
0.077728
0.119815
0.000847
0.374089
1.801853
2.542826
2.642396
2.322971
1.486554
0.832711
0.088508
-0.334388
-0.605481
-0.320231
0.145204
0.407892
0.728473
0.237881
-0.389290
-0.248659
-0.441598
-1.144736
-1.407356
-1.667049
-1.498847
-1.069312
-0.284657
0.645748
1.501895
1.819794
1.194428
0.760996
0.147086
-0.144500
0.024101
-0.504990
-0.592657
-0.491433
-0.819895
-0.502038
-0.181742
0.269794
0.678718
1.188567
1.050985
0.499212
0.117080
-0.492431
-0.969399
-1.163206
-0.972321
-0.690025
-0.350049
0.182554
0.678136
0.975447
0.760656
0.504547
0.135162
0.116184
-0.064311
-0.284300
-0.595467
-1.237104
-1.678096
-1.393288
-0.719244
0.060767
0.304958
0.349923
0.647507
0.743570
1.085570
1.528702
1.467445
1.660524
1.547249
1.540788
0.978772
0.415875
0.246604
-0.367380
-0.508325
-0.443091
0.214201
0.517567
0.783943
0.853062
1.064600
0.529250
0.303264
0.441793
0.136352
-0.608737
-1.346175
-1.422792
-1.030377
-0.986189
-0.933791
-0.803607
-0.440404
0.486144
0.662002
0.581859
0.348882
0.453625
0.320101
0.214335
0.042241
0.199735
0.164937
-0.082579
-0.521694
-0.676415
-0.841483
-0.583819
0.157041
0.403778
0.492740
0.674672
0.255036
-0.467924
-1.017948
-1.562479
-1.974630
-1.809063
-1.503030
-1.067978
-0.399901
0.077833
0.037367
0.112938
0.236208
0.271821
0.367437
0.303476
-0.181623
-0.724899
-0.719886
-0.976618
-0.921056
-0.844001
-0.883870
-1.040735
-0.923278
-0.991356
-0.589173
0.100380
0.293072
0.677798
1.403575
1.289175
0.896629
0.302793
-0.296955
-0.450429
-0.634825
-0.628185
-0.281198
-0.150335
-0.087197
-0.114771
-0.006738
0.481154
1.130129
1.417150
1.504622
1.074759
0.888910
0.953333
1.336331
1.779820
1.791451
1.285366
1.029556
0.840233
1.202707
1.115605
0.907417
0.152356
-0.116597
-0.183480
-0.161560
-0.020369
0.424347
0.707800
0.715055
0.563472
0.584680
0.402435
-0.188451
-0.176175
0.170670
0.103364
0.312784
0.361706
0.228091
0.162188
-0.267692
-0.315373
-0.249639
-0.281774
-0.204989
-0.269249
-0.612164
-1.290385
-1.558389
-1.339128
-0.814079
-0.547303
-0.336385
-0.172435
-0.382070
-0.690888
-0.612666
-0.223261
-0.014243
-0.328318
-0.223056
-0.195411
-0.556882
-0.413982
-0.053890
0.375523
0.834792
0.566575
0.454264
0.513077
0.323948
-0.315721
-0.568158
-0.433699
-0.692222
-1.294102
-1.697988
-1.863778
-1.243902
-0.437478
0.338719
0.958656
1.124886
0.981984
0.360115
0.293069
0.381562
0.102015
-0.113589
-0.298776
0.188425
0.421790
0.969933
1.349340
0.979336
0.637788
0.584059
0.188735
-0.382471
-1.150223
-1.339348
-0.705650
-0.083001
1.237007
1.645958
1.749127
2.192813
2.239280
2.350236
1.814776
1.439292
1.304605
0.733502
0.179284
-0.704848
-1.102283
-1.375736
-1.632814
-1.078635
-1.163977
-0.800622
-0.246214
0.030748
0.614366
0.116557
-0.355786
-0.168373
-0.600522
-0.426607
-0.433574
-0.775122
-0.651464
-1.026514
-1.056282
-1.274961
-1.019461
-1.058454
-1.253040
-0.536751
-0.199532
0.573233
1.003288
0.755655
0.841915
0.517995
-0.121321
-0.419659
0.077086
0.296806
-0.198396
-0.122791
-0.161387
-0.000621
0.163083
0.589137
0.999172
1.211237
0.385088
0.030916
-0.061463
-0.411902
-0.697349
-0.927700
-1.090632
-1.260800
-0.914953
-0.898088
-1.082517
-1.148994
-0.578141
0.308284
0.856699
0.801281
0.860146
0.851126
0.432061
-0.048977
-0.507748
-0.508044
-0.826155
-1.200050
-1.523466
-1.112780
-0.257222
0.905840
1.736482
1.630134
1.461539
1.343445
0.829071
0.228339
-0.593834
-1.280290
-1.681767
-1.528093
-1.452455
-1.675211
-1.678934
-1.004327
-0.056437
0.681624
1.335248
1.066747
0.520150
-0.106919
-0.694900
-1.381937
-1.994942
-2.578133
-2.633967
-2.434023
-1.872335
-1.241955
-0.879163
-0.354560
0.120691
0.519287
0.365009
0.606082
0.339017
0.302172
-0.212143
-0.889208
-0.983063
-0.952309
-0.657726
-0.246799
-0.276659
-0.127628
0.062733
0.011828
0.111146
0.471668
0.618247
0.352960
0.305713
0.086667
-0.179067
-0.628537
-1.160862
-1.163890
-1.106268
-0.623028
-0.041488
0.321370
0.596395
1.198607
1.618633
1.835792
1.671598
1.359088
1.044605
0.540533
-0.060077
-0.395146
-0.870465
-1.363121
-1.543567
-1.324338
-0.810843
-0.103005
0.421959
0.822164
0.992118
1.274525
1.674650
1.988203
2.562383
2.536498
2.256060
1.702231
0.739659
-0.339154
-0.432281
-0.028132
-0.448047
-0.679204
-0.460783
0.023890
0.970259
1.486005
1.601898
1.111432
0.288437
0.455844
0.583024
1.050278
0.619640
-0.048937
-0.394597
-0.560563
-0.884442
-1.294620
-1.131355
-0.959405
-0.655307
-0.177035
0.617437
0.884168
1.335850
1.480601
1.404892
1.493727
0.986160
0.685489
0.150078
-0.616007
-1.095892
-1.038129
-1.208487
-1.455235
-1.209301
-0.196849
0.530677
1.153002
1.220437
0.754098
0.441360
0.127299
-0.933952
-1.784540
-1.927921
-1.221383
-0.483817
-0.321086
0.251112
0.995533
1.595489
2.058470
2.221235
2.249823
1.754696
0.695370
0.315558
0.068522
0.106509
-0.095115
-0.477403
-0.506397
-0.314521
0.031342
0.347502
0.696754
0.366397
0.040295
0.027948
-0.008504
-0.477397
-0.984517
-1.602369
-1.610864
-0.981077
-0.388142
0.138712
0.797425
0.807703
0.668021
1.023822
1.328951
1.309893
0.923298
0.842596
0.666629
0.752522
0.762832
0.879646
0.325962
-0.971261
-1.419494
-1.178347
-0.879482
-0.438085
-0.084477
0.209456
0.512537
0.681802
0.719115
0.872358
1.358662
1.559153
2.026037
1.680912
1.328061
1.053107
0.712107
0.427469
-0.414558
-1.378505
-2.076287
-2.117225
-1.939070
-1.584779
-1.001881
-0.358811
0.234511
0.274867
0.099016
0.090919
-0.720722
-1.561076
-1.314858
-1.152791
-1.251677
-1.346581
-1.264458
-0.850264
-0.105443
0.592096
1.129679
1.621913
0.880043
-0.329402
-0.209606
0.119182
0.241692
0.296566
-0.145467
-0.223148
-0.369052
-0.152913
-0.068419
0.208946
-0.062271
-0.281921
-0.633356
-0.628407
-0.054636
-0.008182
-0.504282
-0.463544
-0.485922
-0.611021
-0.438705
0.210544
0.984564
1.260216
1.383104
1.153141
1.398981
1.044204
0.421629
0.161149
0.404000
0.079285
-0.312808
-0.321742
-0.636084
-1.062478
-0.745750
-0.113848
-0.048593
0.044805
0.225504
0.663958
0.795352
1.024532
1.138359
0.246366
-0.821784
-0.925789
-1.261590
-1.604227
-1.327197
-1.466754
-1.290204
-1.309948
-1.273212
-1.224072
-1.097789
-0.423307
0.168281
0.531864
0.954031
1.268036
1.458292
1.590440
1.533746
1.211815
0.860525
0.484894
-0.329774
-0.721273
-1.007365
-1.264548
-1.609083
-1.951857
-1.639915
-1.374307
-1.185306
-0.945512
-0.266811
-0.197992
-0.146638
-0.019787
0.049972
0.212565
0.242378
0.107604
-0.144628
-0.364486
-0.018461
-0.221336
-0.278245
-0.068951
0.597872
0.738147
0.967503
0.777426
0.694003
0.447459
0.801492
0.838581
0.310994
-0.148701
-0.497360
-0.548269
-0.350820
0.449387
0.416732
0.300151
0.578302
0.548790
0.194889
0.251350
-0.165061
0.147818
0.329805
0.473017
0.269972
0.055778
0.036053
0.262746
0.538915
0.384220
-0.112657
-0.493113
-0.567642
-0.521027
-0.681813
-0.797016
-0.805751
-0.899492
-0.461169
-0.165071
0.029493
0.123586
0.130562
0.301005
0.244332
0.503077
0.608938
0.734545
0.129897
-0.013529
-0.357349
-0.031929
0.597462
0.597898
0.369380
-0.176552
-0.520688
-0.118946
0.618259
0.700929
-0.084176
-0.731649
-1.311030
-1.461850
-0.495539
0.017251
-0.169928
-0.451151
-0.173347
0.603312
0.997814
1.162802
0.848794
0.488721
0.096779
0.202831
-0.782799
-1.347792
-0.839744
-0.193814
0.277603
1.153143
1.306253
1.241971
1.147830
1.236749
1.075086
0.559697
-0.440714
-0.945309
-0.569896
-0.567687
-1.113871
-1.192764
-0.546233
0.078458
0.890448
1.339839
1.645099
1.511265
1.113888
0.368942
-0.280234
-0.507362
-0.359974
-0.242918
0.004471
-0.051615
-0.409451
-0.489919
-0.606607
-0.539984
-0.045715
-0.028837
-0.729043
-0.995937
-0.946210
-1.079923
-1.516290
-1.275439
-0.843572
-0.237123
0.710894
1.463730
1.895559
1.799030
1.368516
0.982341
0.450990
-0.799546
-1.471515
-1.559263
-1.128333
-0.997125
-1.215782
-0.908442
-0.283486
0.275783
0.478220
0.938201
1.046864
1.186131
0.581767
-0.557575
-1.445407
-2.146550
-1.847105
-1.334549
-0.593170
0.054837
