0.384795
0.676363
1.325906
0.732981
1.011772
1.833140
0.587090
-0.360870
0.266252
-0.265306
-0.757417
0.025359
2.795916
2.146180
0.011442
-0.174832
0.580106
0.367482
-1.004315
-1.910719
-2.054620
-1.190929
-0.238226
0.985258
1.830267
1.194226
-0.974610
-1.299965
-0.531573
0.627742
0.561898
0.918994
0.904219
0.319622
-1.043618
-1.794797
-1.526966
-1.917382
-1.621506
1.288314
2.175579
-0.106068
-0.614205
0.938074
-0.483240
-1.162418
-0.641446
-0.776911
-0.407458
-0.291595
0.731144
2.055651
1.014215
1.386276
0.665753
0.420266
0.631075
-1.216671
-0.975559
0.139117
0.933653
2.137473
1.092977
1.429756
1.688148
0.737892
0.505083
1.695533
0.683819
-1.599585
-2.625720
-1.829359
0.315205
1.422269
1.106203
0.971148
1.419814
-0.586586
-2.492424
-1.710040
-0.821077
-0.069010
-0.314573
-1.655061
-2.188989
-1.072383
0.748851
0.372540
1.097748
0.720962
-0.499568
-0.315720
-0.099198
0.321350
0.739710
0.617312
0.847230
-0.264946
-1.150045
-0.841558
1.542069
0.829985
-1.192209
-1.120344
-1.736892
-0.974189
-0.748173
1.224073
1.503249
1.093134
-0.277912
-0.631998
-0.496158
-1.423371
-2.274637
-0.922735
1.076152
2.755047
2.113509
-0.260120
-0.831456
-1.427432
-1.227832
-2.244172
-3.264912
-1.376015
-0.672288
1.526530
1.377659
-0.606632
-0.314180
0.557030
0.163500
0.023322
0.234508
0.258104
-0.126133
0.221876
0.749984
0.663051
1.162572
1.451654
0.403572
-0.633780
0.175828
0.706836
0.741791
1.214912
1.648003
2.050577
0.365240
-0.425260
-0.484961
-1.855251
1.167011
-0.490601
-1.272146
-1.109249
-2.511109
-0.484144
-0.890225
0.213181
1.166809
-0.181303
-0.810396
0.592727
-0.569398
-0.650159
-0.164257
-0.202730
-0.013237
1.126269
0.646258
1.416043
0.192630
-0.392181
-1.115592
-1.200758
0.437634
0.276121
-0.220272
0.344555
1.546971
1.545246
1.762274
2.280440
-0.179047
-2.238947
-2.481559
-1.326768
-0.813527
-1.054145
0.185724
0.391999
0.195949
-0.294733
-0.282618
0.221110
0.907121
-1.213569
-0.567726
0.845409
0.069555
1.995855
0.298391
-0.819478
-0.819214
-0.507235
0.087151
-0.371358
-0.531675
-0.789707
-0.615879
0.343879
-0.159257
0.261878
0.364977
0.773278
0.081922
-0.698549
0.029521
0.779690
0.011325
-0.923069
0.228155
0.071581
-0.478807
0.075491
-0.299565
0.963939
0.934298
0.553149
0.347140
-1.381375
-2.105399
-0.186700
1.732414
1.281250
-0.669401
-1.133786
-0.324111
-0.084641
-0.881068
-0.825074
1.041505
2.566371
2.251990
-0.450695
-0.850665
-0.701483
-0.170868
-0.125141
-1.765940
-2.195513
-1.661598
-0.732044
-0.460334
-0.404848
1.252422
0.511945
-0.459848
0.079864
-0.351520
-0.620033
0.783380
1.128804
0.488117
0.685352
-1.132957
-2.662344
-1.281224
-0.041765
1.845100
1.571581
1.443305
1.688000
0.474341
-0.930416
0.401496
0.461353
0.603049
-0.149803
0.033369
0.984468
-1.597309
-1.633989
-0.799591
0.247206
0.400640
-0.617665
-0.191667
0.255841
-0.029109
-0.158747
-1.017849
1.554753
1.595223
-0.412264
0.251738
-0.309633
-0.025089
0.518365
0.435631
0.405602
0.367102
0.892861
0.494545
0.184303
0.593252
0.616566
0.674674
1.086260
0.786429
0.284045
0.067913
-0.560568
0.919044
1.710570
1.674836
-0.008602
0.378044
0.695944
-0.084633
0.445119
0.374960
0.082797
0.477107
0.238348
0.769988
0.409059
0.851313
-0.414168
-0.552896
0.971347
1.524190
0.896354
0.139932
-0.829738
-1.336423
-1.058774
-0.855148
0.168331
0.655838
0.319180
0.245663
0.115102
-0.558588
-0.505190
0.697887
0.158113
-0.236856
-0.358186
-2.003693
-2.088480
-1.647894
0.170856
-0.173991
0.790942
0.228344
-0.998639
-1.848403
-2.108030
-1.664662
-1.250945
0.084052
1.071013
-0.231151
-0.498051
-1.646372
-2.578133
-1.324254
0.135734
1.990557
3.384483
1.431013
-1.380940
-2.393941
-1.574901
-1.063801
0.524444
0.570511
0.373814
1.391483
0.246015
-0.199742
-0.774532
-1.851148
-1.045002
1.328828
0.858292
-1.033661
-0.622595
-0.281365
-0.424299
0.247366
0.387852
-0.544041
0.811117
0.766787
-0.483861
0.103931
-0.369691
-0.449661
-0.637798
-0.544436
0.049127
-0.604613
0.149753
-0.192624
-0.108461
-0.030655
-0.382854
-0.438976
1.025057
0.804801
1.022059
0.537113
2.819667
0.925960
-0.954841
0.836251
1.398767
0.939942
-1.020978
-1.219948
-0.099140
0.023873
-0.499183
0.138195
0.811517
-0.089222
-0.023016
1.672161
0.044372
-1.652365
0.360501
-0.188089
-1.321168
0.451641
-0.321944
0.011109
0.281784
-0.188596
0.293360
0.230214
-0.198176
0.433732
-0.103820
-0.490933
1.413646
-0.221669
-0.907759
1.141038
-1.063288
-1.255705
-0.506508
-0.919338
-0.651936
-0.288470
1.007244
1.169888
1.613168
-0.115762
-1.624904
-0.082197
-0.524331
0.806934
0.573600
0.497985
-0.694505
-1.091523
-1.665589
-0.655510
0.177611
1.168566
0.335952
0.846890
0.037088
-0.567915
-0.074946
0.109396
0.108399
-1.138579
-1.083566
-0.748983
0.038686
0.940332
0.130078
-0.331857
0.264527
1.095387
0.726178
0.556298
-0.130550
-0.616818
0.002843
-1.081587
-0.501855
0.453568
0.082221
0.638682
-0.303853
-0.423362
1.107543
0.610022
-0.727452
-0.071859
0.817334
0.592240
0.319085
0.082837
-1.418807
-0.651524
-0.096400
-0.879415
-0.684877
0.000088
1.190581
1.301206
-0.636318
-1.179490
-1.105634
-2.138693
-0.491337
0.793682
0.526709
0.800345
-0.578423
-0.872349
-0.017034
0.711019
-0.865249
0.401118
0.909220
1.080652
-1.068339
-2.205302
-0.145749
1.157167
1.102225
1.544596
2.340667
-0.024372
-1.150410
-1.489521
-2.162949
-1.126502
-0.054307
0.352080
0.519926
0.499370
0.306341
-0.200841
-0.374773
-1.235091
-1.651865
-0.311827
-0.484911
-1.087253
1.203643
0.780934
1.813216
1.543106
-1.410585
-1.423547
-0.492755
1.058953
3.201630
2.512479
1.826142
2.240398
0.823466
-0.491848
-0.721325
0.172951
1.586698
0.473794
2.160646
2.386550
-0.865121
0.110198
-0.986420
-1.545066
-0.042723
0.366938
0.083743
0.096813
-0.133767
-0.123166
0.091860
-0.386549
0.504665
1.379809
-1.446215
-1.320494
-0.077321
-1.180279
-0.747080
0.789005
0.780069
0.514066
0.902425
0.998399
1.153610
0.613699
0.986081
1.096338
0.746249
-0.931097
-0.439227
0.610278
-0.203960
-1.317710
-0.534331
-0.011386
-1.344041
-1.145771
-0.804467
0.026707
0.575875
0.627212
-0.314141
0.448767
0.059423
-0.952241
-0.500045
-0.095914
-0.058214
-0.252587
-1.065748
-0.810902
-0.743898
-0.216919
-0.494724
-0.922980
-0.064028
1.373215
0.261628
1.080237
1.756672
0.327512
-0.140654
-0.146878
-0.423411
-1.697730
-1.483941
-0.492530
-0.631819
-1.193374
-1.268493
0.364678
0.936249
0.028123
-0.183146
-0.932472
0.173666
0.876949
1.814763
0.372800
-0.811476
1.178411
1.460336
0.304448
-0.538790
0.263958
1.888752
-0.252632
-0.844254
0.157418
0.686847
-0.161816
-0.765003
-0.335202
-0.077798
-0.228616
0.255685
-0.025336
-0.311777
-1.764345
-1.916853
-0.437021
-0.109259
-0.029575
-0.121242
-0.332996
-0.321438
-0.704981
-0.813587
1.271907
0.380635
-0.739829
0.014529
0.549978
0.333877
-0.320823
-0.056656
0.099079
0.061971
-0.855934
-0.245910
0.113641
0.058327
0.286605
0.205021
0.276138
0.843935
0.571141
0.183267
-0.170790
0.013878
-0.263603
-0.892072
-0.935590
-0.516854
-0.752057
0.317248
-0.648530
-1.302233
-0.864353
-0.707284
-1.005404
-1.260683
-0.944619
-0.557456
-0.929334
-0.854663
0.441054
1.474486
0.946436
0.261950
-0.100791
0.330217
0.849070
0.921562
1.261818
0.534547
-0.441822
2.624836
0.545539
-1.103360
-0.568853
0.368791
-0.043971
-0.535339
0.794304
0.770728
0.786460
0.869307
0.093609
-0.145823
-0.225292
-0.287000
-0.431376
-1.130785
0.226297
1.384658
-0.619515
-0.628902
2.257659
0.826974
-0.870375
-0.741491
-0.837767
-0.471741
0.658468
0.121584
0.752417
0.683543
0.965084
0.817818
-0.252680
-0.951674
-0.135995
0.610084
-0.197583
-0.913302
0.762227
0.343218
0.043085
-0.175819
-1.088352
-1.762864
-0.492486
0.390872
-0.650651
0.356114
1.570920
0.417358
-0.139098
0.708684
0.757865
-0.760512
-0.942698
-0.969691
0.116799
0.708923
0.376702
1.012986
0.944019
-0.116214
-0.610856
0.364118
-0.964553
-0.365733
0.247269
-0.722204
-1.395357
-1.542582
-0.207136
1.824336
2.493428
1.412235
0.774817
0.384839
-1.777463
-2.171386
-1.174424
-0.428658
0.940750
2.901168
1.618924
-0.369649
-1.931537
-1.383724
-0.609921
-0.205766
-0.720985
-0.092766
-1.521438
-2.320078
-0.793302
-0.764633
-0.282462
0.018463
0.008080
0.702086
0.945165
1.150048
-0.130550
-0.232704
-0.363706
-0.937578
-0.941155
-0.088302
1.462774
1.775529
0.007329
-0.412311
1.624398
1.083497
-0.104956
0.501336
0.936309
-0.679282
-0.974789
-0.046883
-0.454426
-0.556491
0.792888
0.145033
-0.070214
0.780772
2.421427
1.111580
-0.282225
-0.037061
1.452363
0.639949
-0.442439
0.546663
0.889944
0.736205
0.060157
0.813278
1.010397
-0.990155
-1.428811
-1.624225
-0.387913
0.160130
-0.210301
-1.285204
-0.211500
0.491672
0.010985
0.523044
0.849777
-0.197359
-1.507071
-0.845134
0.475587
0.650178
1.055071
0.020368
-0.560910
0.056047
-0.520721
-0.396632
0.120244
0.479621
0.095928
1.065683
1.262939
-0.044070
-0.342583
-1.427633
-1.146272
-0.922796
-0.995050
0.108196
-1.499798
-1.580290
0.392443
-0.068958
0.259401
-0.356651
0.026025
0.035429
0.531424
1.949024
1.246172
-0.180517
-0.224817
-0.511684
-0.195934
-0.878615
-1.537899
-0.250545
1.016987
1.997565
2.648005
1.525523
-0.275711
-0.299899
-0.796390
-0.677169
-1.020736
-0.177170
0.076385
-0.165978
-0.380909
0.195092
-0.680728
-1.437038
0.005259
-0.774618
-0.310434
-0.181159
0.388497
0.102910
0.261053
-0.935330
-0.609827
0.410089
0.124400
0.059402
-0.707379
-2.635460
-2.439873
-1.779963
-1.363005
0.528213
1.402243
0.870836
0.591727
1.489759
-0.534346
-2.222384
-1.768307
-0.095292
-1.218201
-0.383290
1.087515
1.037196
2.106788
0.263332
-0.276365
1.548201
2.122509
0.935737
0.241091
0.381487
-0.905970
-1.252531
-0.090346
-0.096977
0.466233
-1.635333
-0.860040
1.850345
0.396262
-0.112001
0.794362
1.315789
0.082955
-0.403248
0.711768
0.979785
-0.052960
0.211295
1.026353
0.667708
-0.205810
0.605193
1.473588
1.213373
1.362293
0.563137
0.516413
1.149915
-0.379161
-1.682451
0.026244
0.082700
-1.550637
-1.382336
-0.298477
0.317121
0.792656
0.894940
1.832397
-0.125947
-1.778841
-1.106385
