0.307262
-0.213081
-0.968661
-1.197243
-0.778897
0.017962
-0.092602
0.225672
0.920992
1.098383
0.996824
0.969780
0.947277
0.700040
0.406697
0.000027
-0.450538
-1.003979
-1.148525
-1.617639
-1.228389
-0.763385
-0.906877
-1.137905
-0.979324
-0.777561
-0.390433
-0.412618
-0.148430
0.105276
0.325622
0.333273
0.523556
0.512918
0.153351
0.070622
-0.110362
0.098288
0.077183
0.438275
0.741997
1.097267
0.600225
0.406440
-0.057388
-0.195760
-0.294329
-0.370296
-0.181973
-0.864277
-0.663808
-0.339904
0.166829
0.857012
1.084539
0.488965
0.188054
-0.122686
-0.536586
-0.647407
-0.906842
-0.818601
-0.503673
-0.287683
-0.467054
-0.456887
0.059626
0.409459
0.101075
0.050305
0.348389
0.264329
0.437760
0.410925
0.166151
0.500073
0.361152
-0.071537
-0.539816
-1.089458
-1.057979
-0.371815
0.767745
0.391169
0.505207
0.195546
0.285446
0.226497
0.476030
0.533039
0.678584
1.172536
1.499026
1.527234
1.451815
1.754154
2.245508
2.146526
1.100261
0.374309
-0.055745
-0.329517
-0.786852
-0.657131
0.059779
0.133388
-0.184302
-0.253119
-0.707990
-0.558906
-0.687487
-1.091206
-1.247978
-0.861244
-0.199422
-0.423149
0.046647
0.254624
0.005808
-0.412446
-0.168460
-0.299972
-0.321282
0.198640
0.253211
0.200384
0.289036
-0.129548
-0.506279
-0.293596
-0.245443
-1.097799
-1.605832
-1.372192
-1.256862
-1.076650
-1.701311
-1.454156
-1.061811
-1.236524
-1.720947
-1.423462
-0.504195
0.252300
0.952360
1.107292
1.156439
1.232917
1.284967
1.523763
1.950046
1.371077
0.757768
0.681012
0.431212
-0.215608
-0.290054
-0.693259
-0.932913
-1.458216
-1.332724
-0.786127
-1.686921
-1.555493
-0.409977
0.230138
0.527766
0.941878
0.567403
0.323096
0.870814
0.956320
0.546970
0.622437
0.775574
0.201398
-0.450950
-0.544888
-0.581900
-0.955561
-1.438156
-1.510395
-1.187082
-1.284881
-1.120569
-1.809910
-1.811063
-1.521742
-1.098099
-1.379944
-1.512929
-1.363544
-0.876339
-0.248528
-0.434101
-0.259551
0.064727
0.632683
0.559977
0.752553
1.042160
0.852093
0.727698
1.201109
1.539631
1.880123
1.909902
1.368601
1.261644
0.894845
0.564529
0.396974
0.367903
-0.148625
-0.189367
-0.303109
-0.936099
-1.181185
-0.861236
-0.989405
-1.002687
-0.935418
-0.582091
-0.477015
-0.407461
0.315705
0.781900
0.933802
0.705731
0.767064
0.531807
-0.003994
-0.533703
-0.383560
0.051594
-0.125364
-0.588316
-1.130272
-1.392058
-1.135080
-0.885406
-0.619891
-1.054902
-0.916423
0.111629
0.832543
0.809704
0.517620
0.792735
0.823073
0.183814
-0.329096
-0.306678
0.074035
-0.088127
-0.241675
-0.661191
-0.351645
-0.392349
0.188545
0.488887
0.884280
0.750581
0.484262
0.404410
0.045862
-0.327326
-0.196656
-0.591551
-0.747378
-0.398310
-0.772612
-0.842902
-0.501147
-0.008736
0.574544
1.169445
1.149193
1.213585
1.111575
1.333815
0.833649
0.783697
0.610188
0.633083
0.596953
0.461700
0.363709
0.259445
0.825414
1.567929
2.283162
1.958166
1.807523
1.808561
2.463676
2.788021
2.449922
1.780057
1.353243
1.075359
1.034046
0.510186
-0.268453
-1.048716
-1.730565
-1.913108
-2.035842
-1.692671
-1.869772
-2.032375
-1.768441
-1.392143
-1.482955
-0.962605
-0.767215
-0.940056
-0.872000
-0.878886
-0.734910
-0.461559
-0.108455
0.244390
0.525063
0.278254
0.110798
-0.416604
-0.822787
-0.922167
-0.813602
-0.590738
-0.771094
-0.776910
-0.603318
-0.639917
-0.347375
0.943918
1.084871
0.183233
-0.280094
0.005628
0.133629
0.419487
0.734958
1.022128
0.740220
0.878871
0.829016
0.360797
0.315398
0.635749
0.762634
0.565391
0.091918
0.033582
0.257352
0.304384
0.246965
0.420254
0.486601
-0.274769
-0.358003
-0.223264
-0.294281
-0.054265
-0.485224
-0.215088
-0.218213
-0.118981
0.452628
0.261791
-0.083419
-0.073192
-0.190743
-0.801142
-0.903372
-0.652936
-0.676976
-0.562624
-0.262749
-0.234962
-0.100749
0.845915
0.705392
0.489558
0.428543
-0.475827
-0.075089
-0.099712
-0.495245
-0.207615
0.724132
1.099989
1.518882
1.484352
1.549790
0.873780
0.122919
0.142075
-0.317053
-0.465878
-0.069006
-0.157338
-0.235407
-0.626080
-0.238805
0.307804
0.062418
-0.066491
-0.174488
0.057182
0.368113
0.326169
0.651170
0.708571
0.931348
0.251934
-0.069667
0.104427
0.335337
0.204655
0.637435
0.369758
-0.237857
-1.207654
-0.849476
-0.180966
0.059080
-0.163537
0.321600
0.715322
1.297398
1.552617
1.175818
1.046118
0.927860
0.460973
0.424411
-0.004176
-0.881365
-0.690107
-0.505027
0.049185
0.603881
0.654030
-0.038135
-0.007202
0.531295
0.586077
0.095399
-0.329584
0.003648
-0.871080
-0.984874
-0.910133
-0.478583
-0.749247
-1.030188
-1.593301
-2.160391
-1.585005
-0.765787
-0.310174
0.297408
0.479240
-0.048035
-0.340245
-0.482374
0.224905
1.069981
1.506418
1.524060
1.205067
1.095524
0.761269
0.874072
1.144674
1.542368
1.267880
1.106201
0.146538
-0.354201
-0.042641
-0.188896
-0.318371
0.105074
0.374708
0.804971
0.797529
0.485606
0.169648
0.669973
0.179589
-0.907225
-1.712790
-2.094312
-2.541437
-1.797734
-0.956345
-0.658390
0.145414
0.490854
1.242577
1.611790
1.581157
1.080265
1.177926
1.153413
1.209221
1.353394
0.948246
0.883785
0.833494
1.194425
1.082834
0.806092
0.768827
0.652360
0.209829
0.251397
-0.380097
-0.638878
-0.811942
-0.926806
-1.055443
-0.916041
-1.100319
-1.197839
-0.800408
-0.870067
-0.897973
-0.815566
-0.827200
-1.132953
-1.165873
-1.227675
-1.655295
-1.730090
-1.723860
-1.694397
-1.739711
-1.409069
-0.241741
0.587790
0.292618
0.186446
0.083474
0.115628
-0.088726
0.328317
0.642941
0.658696
0.225210
0.135362
0.317164
0.637711
0.356465
-0.071930
-0.155671
-0.117533
-0.068220
-0.824839
-0.666895
-0.113747
0.495792
0.309760
-1.062136
-1.675264
-1.567136
-1.073170
-0.429006
-0.572418
-0.797774
-0.722167
-0.617045
-0.634757
-0.862860
-0.684309
-0.941093
-0.485240
-0.625048
-0.904989
-1.101928
-0.176725
-0.093549
-0.949713
-1.228427
-0.647511
-0.031138
1.219525
2.308337
2.644324
2.760388
3.039821
2.996451
2.657983
2.326421
2.015858
1.580140
0.898162
0.862839
0.612967
0.187093
-0.235033
-0.282351
-0.166352
0.566617
1.132061
0.275825
-0.229092
-0.569178
-0.664709
-0.302924
0.022245
-0.841174
-1.096917
-1.121650
-1.745238
-2.093098
-2.030021
-1.697217
-1.442453
-1.308234
-1.067478
-0.862426
-0.451145
-0.428416
-0.361126
-0.005234
-0.001518
-0.111659
-0.575564
-0.581112
-0.420477
-0.202938
-0.346380
-0.483466
0.029373
0.587044
0.648388
0.354582
0.625698
1.131126
1.539802
1.231750
1.372981
1.474073
1.146251
0.836437
0.367821
-0.484054
-0.957547
-1.048515
-1.388194
-1.667244
-2.085876
-1.811864
-1.331595
-0.619007
-0.977750
-1.316399
-0.933853
-0.021410
0.454600
1.054067
1.702838
1.864360
1.343590
0.931858
0.713340
0.121893
-0.176267
-0.886431
-1.401444
-1.517662
-1.287601
-1.537737
-1.568366
-1.032188
-0.626243
-0.419764
0.366988
0.912965
1.693190
1.986470
1.932678
2.473869
2.660879
2.525573
2.517537
2.221311
1.759955
1.611222
0.762995
-0.186284
-1.136692
-1.395810
-1.270668
-0.470643
-0.382104
-0.704734
-0.280346
-0.020046
0.146509
0.411685
0.915457
1.116974
1.354483
1.163445
1.053526
1.161909
1.122357
0.533256
-0.274518
-1.359576
-1.365027
-1.150811
-1.129790
-1.040906
-1.032560
-0.677462
-0.713058
-1.541649
-2.178300
-1.696659
-1.282635
-0.982811
-1.052798
-1.119048
-0.763968
0.010846
0.247221
0.247361
0.427817
1.115053
1.684007
1.823678
1.544750
1.404781
1.331582
0.698439
0.259861
-0.037946
-0.160708
0.069937
0.117060
-0.203063
-0.457361
-0.764915
-0.950575
-1.033439
-1.266218
-0.929598
-0.891375
-0.064375
0.880517
1.692579
2.269013
2.553434
2.388060
2.455911
2.724777
2.914270
2.164905
0.929432
0.073758
-0.826442
-1.553444
-2.801030
-2.916754
-2.187710
-1.322278
-1.062827
-0.954315
-1.263172
-1.372905
-1.428347
-1.716617
-2.435317
-1.791345
-0.770055
-0.647259
-0.477699
0.418497
1.383845
1.196224
1.107590
1.422352
1.792192
1.414833
1.145147
0.617576
0.591493
0.882207
0.880938
0.609559
0.253740
0.198346
0.193349
-0.592725
-1.127991
-0.319203
0.048817
0.100686
-0.516137
-0.632450
-0.391087
-0.426987
-0.875053
-1.148661
-1.399451
-1.083067
-1.149564
-1.029054
-0.754579
-0.012494
0.663232
0.320527
0.265761
0.070126
0.563706
1.370615
0.889738
0.510994
0.612286
0.491204
0.445667
0.228509
-0.008642
0.060405
0.501222
0.549399
0.130934
0.109834
-0.039287
-0.126929
0.121579
0.382565
0.581798
0.491197
0.079610
-0.165104
-0.760893
-0.948236
-1.337169
-1.477929
-0.789474
-0.554967
-0.483007
-0.124744
0.644715
0.709759
0.939713
1.221285
2.179598
2.378101
2.180355
1.951833
1.118427
0.084651
-0.215510
-0.653238
-0.550606
-0.909001
-1.015425
0.174005
0.555608
0.170010
-0.014019
0.045000
0.380042
0.952452
0.965933
1.008677
1.109731
1.458556
1.448767
0.872849
0.026792
-0.979800
-1.774617
-2.302015
-1.750500
-1.297839
-1.183349
-1.112867
-0.832351
-0.535497
-0.679746
-0.959175
-0.771847
-0.272251
0.432786
0.779529
0.808265
0.808404
0.221881
0.189567
-0.016792
-0.075899
-0.856600
-1.025117
-0.999137
-0.658173
-0.592756
-0.722190
-0.233856
-0.150647
-0.360138
-0.049383
0.221260
-0.042773
0.115315
0.265641
-0.331238
-0.802619
-0.369625
0.132368
0.666777
0.762756
0.229914
-0.310894
-0.832097
-0.872588
-1.167429
-1.604329
-1.112424
-0.784602
-0.741197
0.034275
0.734755
1.487503
2.038581
2.167993
1.950538
2.111211
2.001348
1.558691
1.000422
0.883744
0.624038
0.562278
0.568428
0.009192
-0.588366
-1.202415
-1.482951
-1.753407
-1.362756
-1.901754
-2.409254
-1.771283
-0.833105
-0.322325
-0.446353
-0.748812
-0.123236
0.460245
0.787437
1.132927
1.482601
1.479960
1.353002
1.396919
0.912180
0.150280
-0.204304
-0.195458
-0.364849
-0.171717
0.052945
0.081180
0.388880
0.650932
1.037213
1.087392
0.957845
1.109065
0.933048
0.172127
-0.060164
0.254850
0.934552
0.971532
0.962447
0.797552
0.506632
0.096849
0.092809
0.543241
0.837971
1.203842
0.854932
0.644085
0.461123
-0.441495
-1.133459
-1.585260
-1.338454
-0.783918
-0.464102
-0.310108
-0.344412
0.196911
0.196548
0.111156
0.229252
0.477107
0.273829
0.199773
0.477850
0.511632
0.524519
0.121572
-0.079176
-0.063328
-0.586036
-0.857612
-0.852355
-1.404652
-1.781633
-1.970439
-2.150368
-2.116272
