0.465132
-0.066835
-0.639801
-0.879500
-0.866505
-0.671114
-0.771414
-0.642190
-0.118464
0.283215
0.801280
0.769844
0.327598
0.697877
1.029346
1.237840
1.385836
0.392930
-0.378839
-1.080545
-0.899157
-0.205768
0.064039
0.043336
0.204236
0.207255
0.200599
0.609456
0.877505
0.937222
0.350061
0.151983
0.550889
0.116576
-0.256239
-0.134487
0.307009
0.305006
0.061920
0.424287
1.159862
1.112877
0.390892
0.407977
0.135089
0.406099
0.096383
-0.194382
-0.003306
-0.276190
-0.476201
-0.566976
-0.254551
0.050325
0.490885
-0.121430
-1.063838
-2.024176
-2.254398
-1.322320
-0.541051
-0.020139
0.097677
0.316825
0.348534
-0.052573
0.487474
0.628718
-0.744656
-1.215560
-0.703426
0.038098
-0.411019
-0.639977
-0.670657
-0.960948
-0.694458
-0.738032
-0.797782
-1.149746
-0.908101
-0.393642
0.782533
1.219303
1.339004
1.440235
1.317724
0.205429
-0.384199
-0.334326
0.015041
0.318515
0.661744
0.912052
1.250934
1.351982
1.233384
1.556387
0.902233
-0.475397
-0.496356
0.266387
0.427493
-0.062016
-0.161450
-0.090746
-0.622781
-0.494885
-0.137577
-0.397735
-0.737904
-0.740098
-0.479746
-0.067401
-0.013039
-0.034321
0.446335
0.459653
0.195191
0.383976
0.635510
0.296363
0.484450
1.015972
1.277048
1.638867
1.527082
1.312086
0.300748
-0.927418
-1.285966
-1.122246
-0.395485
0.256985
-0.251099
-0.899073
-1.742573
-1.903228
-1.501152
-0.428188
-0.298584
-0.815579
-0.701680
-0.139968
0.570326
0.312212
-0.057337
-0.197375
-0.358311
-0.329706
-0.098870
-0.690335
-0.703466
-1.216743
-1.268479
-0.468834
0.080758
-0.550014
-1.220664
-1.132344
-0.589706
-0.446585
-0.529667
-0.598076
-0.452319
-0.000578
0.930495
1.564359
1.603802
1.154231
1.096817
1.393280
0.969954
0.409432
0.351127
-0.021742
-0.066514
-0.177802
-0.860438
-1.670833
-1.753121
-0.991605
-0.026603
-0.335539
-0.596081
-0.892024
-0.683465
-0.801380
-0.988636
-1.068976
-0.990072
-1.028404
-0.735771
-0.284514
-0.666530
-0.275741
0.476666
0.629536
0.338068
-0.091624
-0.221215
-0.014626
0.064872
0.557192
0.710940
1.076382
1.316305
0.763073
0.243151
0.701785
0.560385
0.390381
0.159169
-0.360913
-0.611958
0.099479
0.695457
0.442814
-0.277086
-0.205427
-0.017182
-0.158622
0.203851
0.112752
0.393015
0.295940
-0.061848
0.309945
0.497940
0.765881
0.325469
0.201229
-0.130512
-0.599283
-0.577182
-0.768692
-1.460103
-1.590566
-1.440780
-1.180046
-0.918743
-1.056767
-0.888994
-0.337068
0.508275
0.622610
0.603433
0.512791
0.993621
1.234110
0.779251
-0.152579
-0.541256
-0.570368
-0.742895
-0.495282
-0.086097
0.235965
-0.015035
-0.244484
-0.153454
-0.159702
-0.279378
-0.142186
-0.223204
0.026138
0.046936
-0.022192
-0.217149
-0.177540
0.596030
0.623677
0.342652
-0.335115
0.176458
0.989961
2.020943
1.580981
1.009222
0.897729
1.139201
0.639694
0.379327
-0.002409
-0.192904
-0.443250
-0.584470
-0.474193
-0.374269
-0.211450
0.142534
0.674390
0.985688
1.877600
2.495743
2.539240
2.243245
2.521182
2.458616
1.796005
1.494101
1.242477
0.698972
-0.736133
-1.539768
-1.610497
-1.590040
-1.710530
-1.769748
-1.961425
-1.501344
-1.838655
-1.247149
-0.718159
-1.029009
-1.657604
-1.836968
-1.356495
-0.734359
-0.374597
-0.516643
0.055304
0.195630
-0.354407
-0.802543
-0.770753
-0.692726
-0.487626
-0.366872
-0.047034
-0.865409
-1.685450
-1.275955
-0.664470
0.157161
0.671682
0.537893
0.277475
0.391193
0.316533
0.396739
0.107210
-0.014177
-0.315188
0.605274
1.146055
1.278758
1.240140
0.978801
0.727027
0.636642
0.967097
0.976679
0.915677
0.654773
0.264680
0.324387
-0.153264
-0.812210
-0.321634
0.148191
0.886564
1.015302
0.523833
0.343947
-0.738374
-0.258599
0.161647
-0.346804
-0.383974
-0.795271
-1.355235
-1.135151
-0.213925
0.195289
-0.118137
0.131971
0.313290
-0.183809
-0.492674
-0.686169
-0.755702
-0.602050
-0.111525
0.496284
1.055507
0.533357
0.294869
0.265891
0.493697
0.805490
1.137740
1.938484
2.161785
1.090224
0.329798
0.047315
-0.315080
-0.081932
0.279033
0.539455
0.530706
0.848503
1.378427
0.764316
-0.714043
-1.611260
-1.852350
-1.342056
-0.822524
0.037624
0.361098
-0.088886
-0.388241
-0.757378
-0.946764
-0.809269
0.118613
1.130089
1.582070
1.239770
1.259483
0.778186
0.355406
-0.237139
-0.486842
-0.413707
-0.174136
-0.194301
-0.113495
0.717378
1.529636
1.171474
0.789167
0.435876
0.315889
0.257595
0.639893
0.826170
0.553271
0.533626
0.503730
0.432953
0.374643
0.647199
0.566028
0.174021
0.095289
-0.474258
-0.766394
-0.576463
-0.234364
-0.085373
0.226576
0.306405
-0.312222
-1.014248
-1.097580
-1.257524
-1.010058
-0.418334
-0.196218
0.274031
0.059695
-0.372949
-0.903915
-0.990704
-0.509819
0.010085
0.464105
0.705185
0.513399
0.802860
0.893431
0.969708
0.257319
0.116458
-0.310829
-0.391609
-0.353937
-0.718506
-1.028846
-0.902459
-0.002360
0.487403
0.707331
1.198605
1.429468
0.796791
0.266620
0.155736
-0.361165
-0.653027
-1.368259
-1.370767
-1.140754
-1.182906
-1.263272
-1.240357
-1.139762
-0.929333
-0.345189
0.848910
1.650905
1.402146
0.668241
1.186745
1.379551
1.242451
1.202999
1.211386
1.141880
0.861232
0.392671
0.283314
0.410040
0.577942
0.455755
-0.214919
-1.023538
-1.466522
-0.886282
-0.436772
-0.137903
-0.498100
-1.199463
-1.378444
-0.638582
0.192043
0.335048
-0.104668
-0.005072
0.604236
0.294014
-0.574203
-1.895109
-2.768374
-2.638551
-2.216811
-1.755515
-0.745007
0.215573
0.149739
0.160598
-0.142900
-0.254601
-0.375066
-0.156796
0.252997
0.893856
1.003373
0.611996
-0.448957
-0.959598
-0.767081
-0.635547
-0.916934
-0.307062
0.023381
0.485470
1.168595
1.235732
1.395985
1.328118
1.531145
0.923000
0.555590
-0.078467
-0.388152
-0.705807
-0.883049
-1.238265
-1.680597
-1.817588
-1.295532
-0.696369
-1.129521
-0.940369
-0.168376
0.286128
0.345970
0.271622
0.281512
0.595178
0.885239
0.432085
0.370891
0.343186
0.565147
1.019245
1.522866
1.266522
1.408258
2.119226
2.071118
1.510198
1.169685
0.846590
1.235427
1.575924
1.733830
1.472228
0.608813
-0.678265
-1.157640
-1.035971
-0.494003
-0.331694
-0.801012
-0.482515
-0.625835
-1.146173
-1.613803
-1.695303
-1.107519
-0.524213
-0.553287
-0.786577
-0.949729
-0.688119
-0.556291
-0.926774
-1.205946
-0.743950
-0.318159
-0.518086
-0.277304
-0.406772
-0.457079
-0.666990
-0.988448
-1.249427
-0.839681
-0.878391
-0.855392
-1.206621
-1.148013
-0.417970
0.587225
0.859173
0.557077
0.416737
0.320432
0.541337
1.059641
1.198919
0.680272
0.339753
-0.192268
-1.095134
-1.338338
-1.407329
-1.717322
-2.077954
-1.949661
-0.910493
-0.007363
0.685617
0.787519
0.415540
0.890705
1.282925
1.817241
1.699058
1.690175
2.142718
1.681497
0.737697
-0.103450
-0.333141
-0.731503
-1.872829
-1.976261
-0.627479
0.303112
0.955929
1.113560
1.703591
1.638486
1.848650
2.058147
2.239266
2.180193
2.152801
1.623721
1.153724
0.666343
0.226986
-0.535554
-1.164880
-1.465437
-1.328232
-0.870068
-0.492452
-0.225357
0.459986
1.241534
1.162838
0.316928
-0.214332
-0.537698
-0.925941
-2.113781
-2.154499
-1.671721
-1.991423
-1.790955
-0.509452
0.550922
1.483915
2.005305
2.372585
1.553194
0.499930
0.435646
1.272767
1.691889
1.301751
0.351461
-0.478879
-1.368799
-2.251736
-2.684947
-2.274463
-1.983501
-2.390266
-1.868339
-0.898848
-0.127265
0.245000
0.817437
0.625886
-0.007068
-0.445104
0.489857
1.292797
1.220806
0.728093
0.178673
0.310116
0.079119
0.045553
-0.466315
-0.385161
-0.143152
0.537756
0.826092
0.975481
0.655461
-0.375731
-0.677490
-0.510241
0.040985
0.091777
-0.085710
-0.574943
-0.364133
0.030934
0.541229
0.381365
0.881610
1.376231
1.778007
1.413170
1.168366
1.937780
2.246653
1.694836
0.199355
-0.753002
-1.251566
-1.188228
-1.126701
-1.436017
-1.959096
-2.901335
-3.159196
-2.419170
-1.910176
-1.248755
-0.414252
0.125758
0.293779
0.597972
1.601385
2.052088
2.381465
2.071836
1.821956
1.652805
1.790578
1.247304
1.228831
1.539692
1.530586
0.202643
-1.206892
-1.476778
-0.864714
-0.625768
-0.749466
-1.167087
-0.797677
-0.749039
-1.580590
-1.504882
-1.485686
-2.376901
-2.637577
-2.080589
-1.492027
-0.759767
-0.621395
-0.273649
0.440265
1.205157
1.475378
1.123653
1.705200
1.926098
2.007500
1.390221
0.289197
-0.522467
-0.863063
-0.582484
-0.213268
-0.845024
-1.085641
-0.805899
-1.193445
-1.354271
-1.367435
-0.767735
0.121487
0.254265
-0.304458
-0.245369
-0.252915
-0.352820
-0.774404
-1.026713
-0.808365
-0.167646
0.058859
0.129723
0.634539
0.876449
0.945486
0.905556
1.069128
1.550541
2.420863
2.722641
3.085821
2.674023
1.844415
0.987254
0.754869
0.508869
-0.223064
-0.465476
-0.575046
-0.527275
-0.437518
-0.053547
0.337646
0.567509
1.005912
1.065793
1.006297
1.179648
0.769937
0.397888
0.077023
-0.190155
-0.397784
-0.369033
-0.412612
-1.256163
-1.667051
-1.996534
-1.634741
-1.163433
-0.426160
0.052779
-0.275743
-1.003085
-0.943731
-0.396430
0.422744
0.945620
1.467218
1.819030
1.219086
0.598118
0.418440
1.006766
1.007098
0.947127
0.364700
-0.225674
-0.836404
-0.696168
-0.004681
0.073686
0.153754
0.222202
0.001658
-0.304153
-0.025580
-0.087762
0.084647
0.237170
0.244683
-0.237585
-0.415395
-0.103762
-0.392379
-0.912109
-1.464728
-1.815722
-2.146911
-2.405541
-1.877851
-1.268713
-0.334234
-0.203321
-0.784385
-0.614712
0.749062
1.734595
1.676594
1.186638
0.966004
0.717777
-0.022793
-0.483930
-0.635027
-0.753411
-0.815155
-0.256731
0.782019
0.827746
0.003754
-0.840944
-0.734181
-0.814759
-0.632079
-0.763817
-1.076783
-1.244362
-0.909604
-1.016376
-0.928599
-0.598409
0.044302
0.438600
0.790548
1.149058
1.298133
1.299471
1.170656
1.420905
1.759918
1.398303
0.615125
0.616113
0.855664
0.636201
0.456742
0.477380
0.168480
0.026922
0.007426
0.058338
-0.492495
-1.383562
-1.574139
-0.894259
-0.295124
0.036472
0.738097
0.989300
0.548701
0.377415
0.505638
0.505283
0.497188
0.958200
1.466924
2.059817
1.907544
0.427416
-0.593025
-1.105428
-1.396085
-0.817963
-0.353868
-0.400364
-0.700981
-0.750426
0.069538
0.421055
0.630480
0.539758
1.280774
1.951494
1.939055
1.226828
0.246770
-0.973176
-1.585230
-2.417345
-2.007936
-1.568511
-0.848651
-0.297377
-0.288047
-0.429004
-0.609801
-0.587657
-0.358816
0.099162
