-1.178245
-0.975137
-0.737165
-0.870910
-1.958814
-2.605655
-1.532556
-0.525759
-0.832299
-1.824814
-0.950754
-0.656088
-1.050765
-1.796148
-1.394835
0.046659
-0.218859
-0.552683
-1.009059
-0.184426
-0.045826
-0.207370
-0.067157
0.335648
-0.421554
-0.570712
-1.016044
-0.395917
-0.602548
-0.076122
0.147139
0.163338
1.088165
1.233237
1.311449
1.308337
1.368063
0.690110
-0.416414
-0.932937
-0.202825
0.537295
0.414516
-0.980711
0.176878
1.980053
2.320697
2.337962
0.904680
-0.170726
0.476231
1.498633
1.041289
0.758994
0.625194
1.242345
1.070225
1.164466
2.206496
2.030064
1.446476
2.159743
1.868501
1.278971
0.997359
0.516701
0.525743
-0.262292
-0.160690
-0.481295
-0.135896
0.222721
-0.864981
-1.062861
0.007886
0.758147
0.058222
-1.621919
-1.988259
-0.096697
-0.296918
-0.908729
-1.286281
-0.951677
-2.010902
-2.117146
-1.511252
0.173586
1.235482
0.342096
-0.866742
-0.667334
-0.170525
-0.326698
-1.638417
-1.880126
-1.301110
-1.340816
-0.613934
0.354948
0.995105
0.461643
0.076188
1.066840
1.017023
-0.245330
-0.681504
-0.673768
0.020910
0.415808
-0.462407
-0.485943
-0.581765
-0.316469
0.274837
0.746977
1.125264
1.940259
0.699045
0.974694
0.462907
0.384036
-0.318324
-0.194937
-0.357971
-0.602949
-0.055225
0.156485
0.631871
0.023760
0.216254
0.756256
1.293744
0.259371
-1.547225
-1.116710
0.332082
0.194618
-0.323555
-0.500229
0.430312
1.410533
1.314375
0.819696
1.011685
2.110900
1.508713
-0.341791
-0.805012
0.085253
0.362312
0.700069
-0.257930
-0.456042
0.011915
0.745939
1.009980
1.266244
1.619441
2.538890
3.118531
1.965906
0.945372
-0.383372
0.074101
-0.119032
-0.561097
-0.311670
-0.409848
-0.553834
0.118092
-0.585786
-0.870223
0.614173
1.566883
1.634931
0.935310
0.090793
0.359020
1.077941
0.593188
-0.005731
-0.581858
-0.424743
-0.705202
-0.478761
-0.062529
-0.466937
-1.093788
-0.391088
0.291078
0.112513
-0.284166
-0.599211
-0.484144
-0.949592
-0.323788
-0.013417
-0.084397
-0.582925
-1.052610
-1.316935
-1.251218
-1.077435
0.144111
-0.359634
-1.038079
-0.961012
-0.118229
0.404589
-0.086811
-0.823305
-1.323062
-0.447062
0.139898
0.280997
0.273014
0.618162
0.174058
0.215137
0.329795
0.274068
0.551520
-0.088424
0.122266
0.083065
0.243331
0.714635
1.244078
1.964600
2.231066
1.152176
0.256527
0.358761
1.500484
0.549678
-0.167755
-0.051960
-0.448692
-0.831575
-0.793761
0.246950
-0.151123
0.003101
0.062680
0.393363
0.120806
-0.252163
-1.465332
-2.221853
-1.453871
-1.584671
-2.487962
-2.261483
-2.348076
-1.861637
-1.030803
-0.141296
1.123153
0.790655
0.707474
1.120410
1.202389
1.113114
1.510365
1.725112
1.443861
0.112718
-0.627434
-0.923008
0.331251
0.806717
0.253035
-0.205535
-0.254098
-0.220321
-0.659849
0.036476
1.009413
1.336940
0.417328
-0.822235
-1.036578
-1.506468
-1.392786
-1.372517
-1.501029
-1.249425
-1.211629
-1.575264
-0.987249
-0.502788
-0.454053
-0.254269
0.417001
0.617518
-0.672403
-1.654646
-1.477484
-1.337478
-1.507907
-1.919060
-1.446565
0.255563
1.248599
0.848525
0.067024
0.172998
0.811992
1.252804
0.500159
-0.020770
-0.928527
-0.912520
-0.320374
0.014741
0.178679
0.310390
1.119495
1.475619
1.552912
0.722231
0.930833
0.453314
0.478870
0.564322
0.152071
-1.195411
-0.742505
0.857518
1.464060
0.862595
0.737047
1.047080
0.982076
1.083409
0.454434
-0.353810
-1.274758
-0.189517
0.500590
-0.130086
-0.936143
-0.039709
0.820746
1.238633
1.333247
0.718255
0.223205
0.315860
0.451428
0.603396
0.878979
1.127230
1.423331
0.433906
0.092878
-0.015064
1.054972
1.260453
0.683757
0.925674
1.215870
0.105630
-0.909532
-2.271301
-1.745348
-0.342824
-0.645074
-0.378434
-0.388390
-0.254286
0.371350
0.758782
0.187330
-0.420559
-0.368363
-0.594625
-1.625047
-1.694728
-0.807057
-0.707013
-0.373327
0.323800
1.511800
1.296054
0.410719
0.147299
-0.239549
-0.069990
-0.191540
-1.008457
0.287039
0.635282
0.431501
0.298591
0.736744
1.439489
0.890261
1.338281
0.396853
-0.336958
-0.427858
-0.570022
-0.864472
-0.512174
-0.568157
-0.102317
0.594456
1.363312
0.352275
-0.514520
-0.423478
-0.032068
0.398760
0.870562
-0.203566
-0.748283
-0.264876
-0.833131
-0.936719
-1.514883
-1.326151
-2.019332
-1.895403
-2.540465
-3.208458
-2.865687
-2.363829
-1.858556
-1.702454
-1.577574
-1.075630
-1.444354
-2.128632
-1.856238
-1.566627
-0.776121
-0.726626
0.112051
-0.172411
-0.256415
-0.181782
0.695316
1.033673
0.584373
0.494789
0.006473
-0.152331
0.090663
0.779471
0.666230
-0.020163
-0.120789
1.615692
2.300775
1.195841
-0.528683
-0.763905
0.110139
-0.076335
-0.302654
-0.143437
0.384960
0.279195
0.814640
0.852705
1.719407
2.312783
2.671772
1.764223
0.871114
1.260090
-0.099887
-0.632556
-0.390904
-0.636081
-0.266053
0.164968
-0.085689
0.498398
0.777765
1.973084
1.952988
1.320499
0.705044
0.440749
0.192493
-0.544101
-1.065899
-1.045700
-0.851343
0.286886
0.390679
-0.289671
0.398574
1.597513
2.253463
0.857159
-1.059403
-0.634589
0.490161
0.324721
-0.709619
-1.268484
-1.285043
-0.473339
0.746836
-1.136110
-2.333134
-0.885152
0.152481
0.496270
0.660058
0.019151
0.855562
1.883066
1.002946
-0.139849
-0.641621
-0.576880
-1.351287
-1.441284
-0.307532
0.160957
-0.307034
-0.436194
0.614527
0.744717
0.525566
0.597437
1.068294
0.885484
0.487450
0.323539
1.543802
1.596402
1.197319
0.819541
1.210506
1.044158
-0.103966
-0.636946
-1.260709
-1.038131
-0.514006
-0.320299
-0.349536
0.049597
1.016409
1.501188
1.413604
1.334465
0.458882
-0.438439
-0.347788
-0.028156
-0.609484
-0.994596
-0.574722
-0.843995
-0.540313
-1.137389
-0.263527
-0.299929
0.290383
0.190976
0.511658
-0.298574
-0.114465
0.287522
-0.212880
-0.353695
-0.209848
0.162836
0.740075
0.149883
-0.544541
-0.048747
0.605486
1.506865
1.050667
0.346376
0.908853
1.540143
1.345692
0.901117
0.767738
0.673398
0.447989
0.739201
0.893048
0.453075
0.108338
0.362836
1.242335
0.981926
1.057942
0.919267
1.233102
1.060675
1.339290
-0.193431
-0.157019
0.117714
0.215414
0.875892
1.520517
-0.207326
-1.329750
-0.693399
-0.160277
0.769949
0.227528
-1.383020
-1.082266
-0.708611
-0.460267
-0.446973
-0.593564
-0.992108
-0.196032
0.155320
0.596001
-0.130376
-0.478594
-1.195742
-2.045564
-1.789421
-0.517850
-0.126049
-0.557640
-0.648671
0.646662
1.597458
2.090695
0.269575
-1.304922
-0.653503
0.259739
0.358741
-0.555363
-0.735161
-0.704753
0.758172
1.812552
1.620958
1.623441
1.828729
1.936876
2.113111
1.233524
0.727659
1.331746
0.181094
-0.993468
-1.176271
-0.168757
0.252329
0.199837
-0.618907
0.054325
1.084155
0.909549
-0.105574
0.021665
-0.068454
0.251377
0.245321
0.602073
0.439750
-0.040906
0.427051
-0.096392
-0.678090
-0.629178
-0.829953
-1.083367
-1.393468
-2.123846
-1.533951
-1.977071
-2.010399
-1.864467
-1.429128
-1.394852
-1.573500
-0.928096
-0.429577
-0.647878
-0.704199
-0.596964
-1.024292
-1.109766
-1.010794
-0.828152
-1.567231
-1.161078
-0.547184
0.109271
0.502759
-0.794794
-1.134486
-0.578527
-0.022388
-0.208963
0.006429
0.428419
0.938852
0.955542
0.380196
-1.325690
-2.478205
-2.493461
-1.810679
-1.916135
-2.296723
-1.971955
-1.284402
0.446123
1.239207
0.979175
-0.386867
-0.528429
-0.157588
-0.322157
-0.838170
-0.968002
-1.572349
-1.472370
-1.612028
-0.866507
-0.984809
-0.086759
2.397948
3.095358
3.853288
2.818450
1.272030
1.566905
2.068136
1.073515
-0.777505
-0.830220
0.779085
1.142863
0.765258
0.902589
1.400520
1.958140
1.507422
0.727015
0.813788
0.823610
0.342866
0.714872
-0.461819
-1.266391
-1.573099
-0.618829
0.313283
0.637233
-0.158868
-0.378159
-0.501056
-0.221669
0.966051
0.544546
-0.140776
0.215710
1.230517
1.643086
1.306616
-0.472328
-0.953972
-0.905645
-0.473256
-0.214129
-0.457478
-0.436718
0.673114
0.536427
-0.013458
1.082455
1.164412
1.142977
1.066397
0.928025
-0.294306
-0.677857
-0.821162
0.499434
1.427060
0.668762
-0.956979
-0.864474
0.766795
1.140731
0.342399
0.168858
-0.155616
-1.400970
-0.789060
0.085398
0.290529
-0.001103
-0.358261
-1.019148
-0.195290
0.354165
0.007962
-1.761660
-2.041005
-0.966930
0.507206
1.094815
0.100169
-0.106926
0.413664
1.005392
0.468226
-0.364658
-1.303383
-1.337027
-0.655553
0.079704
-0.513092
0.305750
1.342483
1.052162
0.187828
-0.975008
-0.594180
-0.374294
0.312384
0.215423
-0.238295
-1.349099
-1.311809
0.066513
1.324989
1.252903
0.457807
-0.617697
-0.030780
0.269930
-0.957980
-1.143441
-0.700098
-0.102074
-0.113978
-0.011860
-0.802592
-0.895016
0.057082
0.523579
-0.318549
0.284939
1.494486
1.205933
-0.168889
-1.484674
-0.486512
0.349022
0.651726
-0.023061
-0.740766
-0.092522
0.201383
-0.285352
-1.292260
-1.023117
0.307090
0.233629
-0.271012
-0.634181
-0.522747
-0.010010
0.057542
0.149401
0.770617
0.967289
0.145648
0.439447
-0.424289
-0.750377
-0.344031
0.244496
0.405508
-0.264982
-0.984163
-0.338713
0.864872
0.881416
0.765551
1.227861
1.450959
0.817706
0.205126
-0.057615
0.689101
1.202487
1.597277
1.324326
0.986717
1.069362
1.575713
1.002016
1.154080
1.269725
0.110700
-1.063207
-1.325590
-0.929369
-0.778098
0.369443
0.889821
2.029913
1.273885
0.949441
2.212572
1.983595
0.589476
-0.482033
-0.371009
-0.194189
-0.215393
-0.246925
-0.584524
-0.629718
-0.639648
-2.326889
-2.449977
-0.779354
-0.203911
-1.125081
-2.158132
-2.567050
-1.450621
-1.421905
-1.868900
-0.765035
0.559462
0.556617
0.007109
0.636044
-0.106107
0.123099
0.020261
0.099933
0.407563
0.630460
-0.137289
-0.021426
0.519403
1.168285
0.258667
-0.642897
-0.571686
-0.951032
-0.897139
-1.036323
-1.995973
-2.961228
-2.185342
-1.020987
-1.108569
-1.007086
-0.206581
0.354078
0.032574
-0.350337
-0.877734
-0.764841
-0.125804
-0.633184
-0.601152
-0.085420
-0.101152
0.157118
-0.247791
-0.753703
-1.045988
-0.422115
-0.400488
-0.872912
-0.984243
-0.699912
0.299441
0.165761
-0.263563
-0.022686
1.087190
1.346455
0.865977
-0.146704
-0.446402
-0.463222
0.127160
0.407910
0.786071
0.298000
0.668090
1.155676
0.814845
0.652163
0.396700
0.611710
0.538525
0.462709
0.633178
1.238355
0.620361
0.823155
1.305367
0.609390
-0.039816
0.235965
0.112923
0.464973
-0.403621
-0.337060
0.597132
-0.282291
