0.008630
-0.062256
-0.018862
-0.219558
-0.535402
-0.489164
-0.100341
-0.061630
0.283036
0.476225
-0.221357
-0.799064
-0.623288
0.092516
-0.358173
-0.834593
-0.583801
0.294680
0.528744
0.588816
0.824967
0.888681
0.731474
0.004724
-1.023325
-1.194988
-0.333107
0.178645
0.074906
0.244086
1.216837
2.219955
2.397182
2.736627
2.414577
1.568784
0.817220
0.729719
0.601093
-0.226416
-0.464026
-0.169826
-0.229350
0.221246
1.480024
2.284588
2.091281
2.116905
2.237355
2.018709
1.239502
0.038820
0.219456
0.716825
0.407287
0.173493
0.202628
0.580983
0.625719
0.017226
-0.566047
-0.970171
-1.068136
-1.333251
-1.221502
-1.609045
-1.958304
-1.848656
-2.067717
-1.767508
-1.905705
-1.795028
-0.804968
-0.575377
-0.483596
-1.042858
-1.437978
-1.396359
-0.696452
-0.656038
-1.176087
-1.473832
-1.235517
-0.635258
-0.598888
-0.629349
-0.605549
0.196003
1.014479
1.178484
1.126947
1.099577
0.004274
-1.488750
-2.317222
-1.994214
-1.391386
-1.056142
-1.276948
-0.628920
-0.415681
-0.613225
-0.593773
-1.041994
-1.108543
-0.418938
0.210390
0.533983
1.368403
1.752505
1.809236
1.809170
1.023370
0.085307
-0.245112
0.502446
0.676943
-0.269770
-1.023843
-0.920842
-0.319177
0.253170
0.007374
0.513584
1.924101
2.734387
2.342413
1.938003
1.643550
0.921935
-0.283523
-1.492643
-1.354194
-0.815305
-0.424750
-0.602400
-0.560241
0.347159
1.081913
0.751630
0.334518
0.304548
0.255705
-0.045001
0.031316
0.311128
1.087043
1.177096
1.305725
0.826479
0.507076
0.589229
0.872642
0.449071
-0.527064
-0.602837
-0.841866
-1.028309
-0.892533
-0.457386
-0.397138
-0.164461
1.098809
1.358998
1.062828
0.417702
-0.583807
-1.117645
-1.551142
-1.275695
-0.927743
-1.002967
-0.300991
0.738925
0.796769
0.877538
0.531791
-0.003829
0.006865
-0.385630
-0.953204
-1.919244
-1.935680
-1.290008
-0.514646
0.258420
1.286380
2.237058
2.259331
2.213640
1.339479
0.387064
0.188370
-0.343436
-1.474306
-1.643276
-1.218125
-0.703209
-0.429132
-0.708011
-0.503050
0.084095
0.642952
0.823924
0.507686
0.179193
0.440505
0.393086
-0.518799
-1.005699
-0.749079
-0.780757
-0.339909
-0.095668
-0.725459
-0.956369
-0.185531
0.138245
-0.240909
-0.740325
-0.787921
-0.154597
0.297833
0.173260
-0.393307
0.213330
0.801263
0.706476
0.334624
0.620276
1.000407
0.477161
0.253373
0.428525
0.381200
-0.149213
-0.781715
-0.800349
-0.299572
0.062513
0.103361
0.252733
1.139667
1.370587
1.513839
1.262246
0.703495
-0.563368
-0.961122
-0.272771
-0.318423
-0.250962
0.353393
1.012669
1.082362
1.083746
0.866895
0.581458
0.311863
0.184401
-0.208847
-0.840689
-1.782701
-2.523413
-1.578417
0.128599
0.708440
1.258484
1.393485
0.910171
0.443779
0.156542
-0.354801
-1.388305
-1.751772
-1.846457
-1.142529
-0.163703
0.265236
0.288806
0.123041
-0.039014
0.069018
-0.020632
-0.291004
-0.810174
-1.539096
-1.897388
-1.813824
-1.091972
0.351708
1.135988
1.088062
1.542937
1.875228
2.017603
1.612951
0.728886
-0.640269
-1.118525
-0.687404
-0.443550
-0.417208
-0.182794
0.086777
0.406350
0.842372
0.561428
0.353539
0.176919
-0.452759
-0.279731
-0.404283
-0.839140
-0.376263
0.258695
1.354661
1.724013
1.857324
1.987723
2.022142
1.546124
0.958186
0.074206
-0.795640
-1.468859
-1.356112
-1.470229
-1.990370
-2.541140
-2.648885
-1.608804
-0.335522
-0.328029
-0.759584
-0.333547
0.380064
0.946948
1.686288
1.215877
1.150157
1.076772
0.910385
0.556151
0.485553
1.050813
0.748184
-0.284605
-0.948933
-1.388889
-1.183646
-0.407509
-0.374551
-0.457669
-0.436863
-0.415104
0.041102
0.493812
0.581921
0.535665
0.745166
0.775165
0.781721
0.800789
0.192578
-0.979296
-1.308320
-1.423045
-2.020772
-2.708920
-2.381089
-1.114220
0.077556
1.196079
2.235207
1.847647
1.000997
0.673685
0.267118
-0.262536
-1.088626
-1.506004
-0.689043
-0.289273
0.184927
0.898451
1.266058
1.047291
0.583314
0.510049
0.355804
-0.329642
-1.327233
-1.668238
-2.210354
-2.773116
-2.175199
-1.175331
-0.034173
0.571752
1.043899
1.123661
1.517436
1.884372
1.724501
1.155035
0.840491
0.357204
0.152022
0.128884
0.430776
0.905386
0.874423
1.142458
0.718322
0.476689
0.346270
0.000095
-0.875315
-1.306494
-1.338632
-0.836185
-0.491317
-0.886036
-0.936388
-0.597661
-0.557618
-0.261590
0.225238
0.165762
0.114866
-0.388541
-0.952440
-0.601927
-0.321209
-0.221735
0.387474
1.266538
1.536452
1.416235
1.175593
1.087238
1.107273
0.774180
0.303231
-0.008649
-0.408022
-0.383175
-0.206522
0.076399
0.434766
0.590424
0.734295
0.918577
0.660755
0.381791
0.266163
0.752523
0.396693
-0.513320
-1.242989
-0.912041
-0.232963
0.036766
-0.194573
-0.270024
0.267792
0.821948
1.404860
1.130097
0.989818
1.137866
0.815778
0.214026
-0.289736
-0.413247
-0.458717
-0.385766
-0.485941
-0.181675
-0.032605
0.148567
0.088068
0.679935
0.787954
0.444423
0.740275
1.203437
1.209813
1.035508
0.868006
1.069551
0.713640
0.010512
-0.229639
-0.536644
-0.585718
-0.451525
-0.101339
-0.018250
-0.657384
-0.989503
-1.167467
-1.584388
-2.100799
-1.788746
-1.179395
-1.150497
-0.561066
-0.043130
-0.109710
0.060404
0.044958
-0.204187
-0.623165
-0.075934
0.045653
-0.367294
-0.177589
-0.106545
-0.472856
-0.612935
-1.117008
-1.223664
-0.802816
-1.003828
-1.187646
-0.825339
-0.958752
-0.875640
-1.314053
-1.572539
-1.130494
-0.777385
-0.486498
-0.021805
0.612216
1.189158
1.282482
1.079650
0.886157
0.874264
0.479657
-0.060962
-0.180229
0.080936
0.783285
0.983514
1.043715
1.087301
0.650353
0.779485
0.771862
0.588037
0.477576
0.418676
0.435789
-0.145510
-0.455107
-0.176612
0.236633
0.046992
-0.017171
-0.185580
-0.771537
-0.820291
-0.366195
-0.355275
0.171823
0.342165
-0.363180
-1.531512
-1.556442
-0.942717
-0.496083
0.024535
-0.707293
-1.488936
-1.279041
-0.109750
0.392244
0.088177
0.158146
0.368195
0.560958
0.570362
0.653346
0.837108
1.125162
1.108260
0.962371
0.158368
-0.457330
-0.810088
-0.237483
0.770534
0.172769
-1.028193
-1.289239
-0.994715
-0.668708
-0.111162
-0.281196
-0.912891
-1.985191
-2.656247
-2.010493
-0.351473
0.746434
1.004964
1.178339
1.503355
1.671364
1.633468
1.810179
1.047120
0.342212
0.160026
-0.287252
-0.928731
-1.160718
-0.813375
0.543249
1.519800
1.878627
1.697030
1.825701
1.882677
1.858778
1.098132
0.009419
-1.010991
-1.552272
-1.094392
-0.628016
-0.457892
-0.658263
-0.509910
-0.120061
-0.353640
-0.401528
-0.763318
-1.397341
-1.523478
-1.522503
-1.154871
0.163087
0.621765
0.517005
0.413646
0.659872
0.250121
-0.558331
-0.759022
-0.283325
0.078625
-0.053617
-0.390190
0.234895
1.072347
1.293925
1.264079
1.020164
0.672483
0.081400
-0.715797
-1.522712
-2.052908
-2.420779
-2.499340
-1.921597
-1.611951
-1.081470
0.473051
1.370354
1.765699
1.999028
1.913457
1.492074
1.172028
0.701093
0.119515
-0.397825
-0.173490
0.060126
-0.047767
0.255743
0.766433
1.240462
1.988642
1.724691
1.386910
0.849372
0.379085
-0.254000
-1.255320
-1.385327
-1.434926
-1.437753
-1.503828
-1.202149
-0.873707
-0.333101
0.004497
0.147223
-0.004582
-0.430778
-0.375637
-0.315525
-0.605929
-0.534893
0.007580
0.504025
0.851157
1.824584
2.086909
2.114448
2.009218
1.109471
0.441476
-0.198304
-0.489097
-0.504376
-0.652721
-0.750929
-0.718191
-0.128117
-0.057786
-0.111838
-0.268015
-0.007370
0.422450
0.366782
-0.067364
-0.396458
-0.930133
-0.752488
0.065065
0.388483
0.184711
0.423725
0.753575
0.479969
-0.129631
-0.625399
-0.734194
-1.706845
-2.384816
-1.927014
-1.332206
-0.170306
-0.384039
-0.559661
0.027941
0.188151
-0.095847
-0.222310
0.623303
1.171499
0.924539
0.203225
-0.512655
-0.619966
-0.688504
-0.023836
0.863943
0.982458
1.367563
1.859336
2.065613
1.805476
1.554103
0.842505
-0.258509
-0.440299
0.310458
1.101830
1.288621
1.417485
1.590057
1.663255
1.514542
1.516343
1.236940
0.288537
-0.158585
-0.249492
-0.579964
-1.324629
-1.462604
-1.089851
-0.858913
-0.474688
-0.410467
-0.362483
-0.283704
-0.357905
-0.208481
-0.841918
-0.687629
-0.513712
-0.328626
-0.395478
-0.605742
-0.259120
0.227303
0.173808
-0.149182
-0.556384
-0.107187
0.281476
0.216895
0.439780
0.290679
0.467511
-0.182480
-0.154546
-0.208433
-0.304080
-0.143245
0.204600
0.275173
0.327223
0.376777
0.351097
0.594971
0.765390
0.971665
0.718972
0.261073
-0.136115
-0.071734
0.285883
-0.400903
-0.925161
-0.947389
-0.556999
-0.095715
0.085259
-0.116766
-0.172580
-0.207477
0.146503
0.200873
0.676325
0.948811
0.574856
0.775221
0.491717
-0.065204
-0.020877
0.012196
-0.253689
-0.200834
-0.511403
-0.608055
-0.107818
0.000783
0.030885
0.491540
0.987672
1.140900
0.761453
0.151406
-0.793591
-1.105109
-0.508806
-0.008308
-0.009793
0.371307
0.574948
0.781989
1.078639
1.118140
0.673865
-0.333432
-0.662902
-0.819095
-1.151525
-1.166198
-0.569243
-0.077342
-0.294035
-0.433288
-0.003353
0.375627
0.039040
-0.652418
-0.755793
-0.420984
-0.232264
-0.610599
-0.726050
-0.324867
0.220233
0.157764
0.393704
1.148260
1.205045
1.207235
0.922995
0.876463
1.052357
0.847470
-0.095815
-0.622311
-0.636350
-0.715038
-0.386698
0.237600
1.079627
1.290056
0.878733
0.688670
0.944850
1.234065
1.121320
0.112678
-0.253392
-0.853542
-1.510048
-2.089533
-1.948307
-1.633988
-1.574417
-2.061402
-1.726175
-1.526108
-2.147338
-2.392119
-1.768760
-0.875692
-1.193462
-1.507261
-0.888899
-0.288608
-0.352213
0.059054
0.618099
0.790227
0.451760
0.362792
0.229075
0.233632
0.323770
-0.261181
-0.753478
-0.754627
-0.790396
-0.340786
-0.238650
-0.737443
-1.187778
-0.704081
-0.433553
0.059402
-0.044583
0.618575
1.585729
2.266642
2.873375
2.617038
2.529223
2.400721
1.957106
1.809444
1.623525
1.437403
1.336999
1.765671
1.344137
0.502058
0.178206
0.464977
1.099409
2.003010
2.233278
1.893096
1.436746
0.412477
-0.116417
-0.287857
-0.341788
-0.436056
-1.184393
-1.692072
-1.418790
-1.639022
-1.778548
-0.941590
-0.952522
-1.174599
-0.860555
-0.498159
-0.469809
-0.525271
-0.374363
0.492260
0.160038
0.157750
-0.032036
-0.414230
-0.392361
0.108851
0.636319
0.045177
-0.208722
-0.357043
-0.278320
-0.666016
-0.692601
-0.821089
-1.464341
-1.761072
-1.462665
-1.247746
-1.188726
-0.858596
-0.973398
-0.708271
-0.239585
-0.090778
0.018184
-0.335462
