0.624408
-0.419649
-0.757270
0.740759
0.633703
-1.779575
-2.250386
-0.027929
0.760055
-1.005612
-0.699598
-0.758010
0.239141
0.381963
1.263137
1.824716
0.294344
0.249435
1.331972
0.640830
1.071729
1.240164
1.516449
1.534601
0.011319
0.144451
-0.717595
0.414085
-0.024926
0.522151
1.217935
-0.307051
-1.494636
0.129675
1.091804
0.313183
-0.054880
-2.367223
-1.770017
0.957463
1.027093
0.643539
-0.525857
-0.959708
0.827030
-0.307332
-0.289182
0.608220
1.229517
0.352069
-0.317853
0.139283
-0.300933
-1.451267
-0.145702
1.295159
0.978266
0.589575
-0.455201
-0.565689
-0.225876
0.034389
-0.946490
-1.187171
-0.015740
0.494499
1.081802
0.147861
0.084199
0.510716
-0.314803
0.547291
-0.128539
-1.018923
0.597413
0.327499
-1.001849
-0.904224
-0.685428
-1.250593
-2.306867
-2.430655
-0.852241
-0.009792
-0.007860
0.428956
0.889442
0.972848
1.327194
1.431137
0.594268
-1.152918
-1.174108
0.776287
1.040088
-0.590706
-0.721289
-0.888679
-0.112727
0.242030
0.140808
0.895642
1.482784
0.597842
1.000121
-0.185925
0.230803
0.641787
-1.275385
-1.025269
0.238034
-0.103852
0.615468
1.124188
0.374558
0.493549
-0.321123
0.684995
1.785557
0.641453
0.027284
-0.371605
-0.002615
0.249902
-1.216898
-1.907739
-1.858551
-1.321608
-0.533556
-0.437808
-0.772013
0.291475
-0.040154
-0.405262
0.480057
1.693638
0.317054
-0.632318
1.141356
1.713218
0.025466
0.018709
1.098539
0.917813
0.053181
-0.411947
-0.656777
-1.036638
-1.911187
-1.302434
-0.337598
-0.076218
-0.388786
-0.542705
0.147575
0.117379
-0.125551
-0.353424
0.172750
0.026855
-0.458063
-1.106556
-1.808099
-1.247990
0.071413
0.055218
-0.707348
-0.132074
0.371295
0.160506
0.514332
0.599557
1.782744
2.827087
1.975489
1.342444
-0.471593
-0.562234
0.699959
0.636546
1.112739
-0.081209
-2.000753
-1.620412
-0.703465
-0.409201
-0.752823
-0.601670
-0.028021
-0.521636
-0.330270
0.558935
-0.006154
-1.180953
-0.252187
0.254969
0.184751
0.400329
-0.382353
-0.584339
-0.683752
-1.215287
-1.652950
-0.495152
0.704074
0.775175
1.920858
2.015674
0.251795
1.229916
2.445827
2.049209
1.438987
0.459692
-0.581617
-0.471675
-1.118119
-0.989886
-0.379724
-2.192474
-1.014387
-0.150840
-1.634232
0.127082
-0.018779
-0.120450
1.500703
1.464922
-0.620359
-0.286027
-0.192391
-1.344261
-1.394649
-0.445730
0.933498
1.266289
-0.382789
1.084254
2.247607
1.869413
0.903379
-0.335277
0.003701
0.656381
0.035268
0.736528
-0.478161
-0.781509
-0.114389
-0.004646
-0.908100
-0.065330
0.601137
-0.494836
-0.756916
-0.842389
-0.100098
0.355352
-0.615743
-1.374067
-1.467943
-0.044982
0.954890
-0.154039
-0.904166
-0.533433
-0.005808
-0.770292
-0.984026
-0.713314
-1.405439
-0.010625
1.881521
2.241365
1.776698
1.258323
0.353067
0.856521
0.748231
0.346309
-0.700180
-1.059160
-0.176500
0.188498
-0.324796
0.512666
1.112803
0.803700
-1.075142
-1.824883
1.346931
2.295167
0.469343
-0.460903
-0.320234
-0.382217
-0.406146
-0.325172
0.748314
1.215885
0.544546
0.505467
-0.158936
0.503249
0.568481
-0.671349
-0.667769
-0.696461
-1.286698
-0.549163
-0.385510
-0.693749
-0.487478
-0.218556
-0.185892
0.201453
0.098518
0.798809
0.422843
0.795421
0.920641
0.987585
0.667569
-1.148870
-0.072810
0.823611
0.559395
0.203531
-0.286584
-0.058036
-1.005944
-0.852548
1.291132
1.471447
0.998204
0.164711
-1.327318
0.684854
1.164764
-0.063546
-0.292895
-0.803057
-2.155611
-0.849356
0.977032
0.447754
0.493002
0.599495
0.135586
-0.109132
-1.011091
-0.680433
-0.815198
-1.725996
-1.839281
-0.889618
-0.809473
-0.518810
0.133757
-0.066403
-1.104071
0.278570
0.515146
0.569602
0.535122
-0.115653
-1.131991
-1.056011
0.382084
-0.166115
-0.103008
0.186753
-1.558078
-0.883461
1.646791
1.343132
0.168450
-0.157485
0.188891
0.270872
-0.321205
-0.218883
-0.734021
-1.582983
-0.885802
-0.069526
-0.277421
0.191220
0.598200
0.967145
-0.477202
0.366955
1.858166
1.402686
0.949937
0.404054
-0.193661
-0.814524
-0.990207
0.210209
0.619516
-0.175819
-0.464019
-0.213400
-0.851493
0.785858
1.653858
0.213776
-0.134254
-0.115798
-0.497409
-1.099370
-1.196706
-0.136908
-1.146052
-1.930754
0.043999
0.513170
0.169009
0.604180
0.456645
-0.294643
-0.966613
0.320575
1.091951
0.755140
-0.107304
-0.620520
-1.075849
-1.651324
-0.865898
-0.650817
-0.832538
-0.765518
0.286861
1.227404
0.398434
1.128648
1.673497
1.914518
1.288269
0.041728
0.205159
-0.460262
-0.343661
-0.982086
-1.083206
-0.561676
-1.903326
-1.577948
-0.171010
0.139752
-0.165187
-0.179227
0.537921
0.351072
0.717606
0.631888
1.222549
-0.174719
-0.053564
0.336695
-1.123079
-0.767792
-0.405561
-0.819374
-1.880071
-1.292596
1.266340
0.842247
0.800823
0.110899
0.879290
0.359102
2.322434
3.509704
1.563909
1.131866
0.582148
1.318512
1.312507
0.481570
0.934796
1.127074
0.469746
-0.067574
0.016323
-0.169728
-0.538836
-1.136411
-0.743979
-0.517480
-1.047172
-0.249537
-0.378773
-0.204719
0.166437
-1.120703
-1.633377
-0.930426
-0.671155
-1.231447
-1.316166
0.088175
1.595607
2.050623
0.478716
0.857480
2.459695
2.428592
0.949469
0.677392
1.634036
0.659000
0.247206
-0.195390
-0.595929
-0.670930
-0.861270
-1.014196
-1.144569
-1.673175
-0.900338
-0.499102
0.688579
0.069789
-1.862175
-1.025881
-0.804624
-1.072140
-1.139351
-1.589395
-2.684352
-3.513694
-2.061836
-2.007177
-2.795821
-0.200926
0.483293
-0.758405
-0.799627
0.053837
0.069052
0.122124
-0.075386
-1.524137
0.163206
0.909849
-0.309634
-0.284819
-0.792824
0.097079
0.704181
0.850168
1.378240
0.772379
0.841112
-1.081795
-0.599685
1.226066
0.839939
0.043312
-0.115976
-0.347513
-1.343902
0.134467
1.775133
1.522988
0.751326
0.433584
0.791971
1.028187
0.688058
-0.860216
0.733631
1.254124
1.016466
0.276944
-0.225598
0.135951
1.144891
1.700644
2.340396
1.733626
1.576456
2.258355
1.423360
1.804004
2.528219
3.163980
2.483149
1.692965
2.291041
1.681231
0.208024
0.927215
2.242569
2.536312
1.223796
0.960191
1.610271
1.763331
0.832012
0.629659
0.299497
-0.004945
-0.575386
-1.473827
-1.281210
-1.178568
-2.489169
-0.762401
0.760939
-0.357117
-2.057637
-2.126516
-0.842305
-0.017158
-0.436613
-1.502846
-1.633607
-1.215222
-0.361568
-0.540385
-1.080677
-0.428979
-0.223067
-1.815155
-1.607790
-0.957038
-1.440484
-1.268756
-1.331995
-3.752007
-1.569070
1.122988
1.710254
1.358548
0.363495
-0.909133
-1.037640
-1.767468
-1.909627
-0.249666
-1.567955
-1.877016
0.065066
0.683913
-0.265557
-0.490055
-0.481460
-0.823338
-0.318496
0.073006
-0.556157
-0.057908
-0.056219
-0.294624
2.444370
2.803513
0.538036
1.331132
1.124832
0.790515
0.009412
0.762115
0.903935
-0.963102
-0.387880
0.155489
-0.106945
0.503235
0.354478
0.134025
0.479147
1.077485
1.560107
0.635434
0.959004
0.708453
-0.067486
-0.854654
0.124428
-0.231965
0.936257
1.556450
0.606411
0.960847
0.381706
-0.561183
-0.014527
0.343647
-1.244345
-0.959282
-1.110262
-0.624353
0.387572
-0.286839
-0.725661
-1.248905
-0.964150
-0.646805
-0.468304
-0.297626
0.107976
0.634740
-1.963497
-0.708012
1.276666
0.606503
-0.818637
-2.262463
-1.179103
0.664247
-0.429987
-0.999995
0.237677
-1.589697
-0.768650
1.379356
0.889863
-0.599391
-1.655470
-2.102039
-0.711749
-0.041729
0.074577
-0.897917
-0.353566
0.647878
1.425034
1.400942
0.743743
-0.453492
0.486097
-1.033695
-0.471234
0.086654
-0.742000
-0.295313
0.308066
0.870635
0.215114
-0.400728
1.169960
2.264090
1.540864
0.779747
-0.815220
-1.805316
-0.443295
0.304585
-0.474277
-1.609517
-1.482743
-0.281744
-0.636899
-0.165418
1.085737
0.672755
0.373306
0.976679
0.370107
-1.376504
0.088479
1.040697
-0.734380
-0.216205
0.048213
0.305911
-0.521683
-1.040230
-0.445737
-0.176574
0.535342
0.887280
-0.268803
-0.314599
-0.682313
-0.729270
0.763879
0.565440
-0.707045
0.984968
1.978062
1.137763
0.792350
0.023717
0.424356
0.471764
0.088923
-0.544554
0.745924
0.844094
-0.612587
0.040577
0.450018
0.158934
1.048764
0.642213
1.087074
1.810085
0.492882
0.501297
-0.813098
-1.340374
-1.656732
-2.025556
-1.060053
-0.174538
0.304577
-0.309181
0.468648
0.875531
0.270056
0.137787
1.363332
0.878609
-0.752041
-0.083985
0.163556
-0.743369
-1.504663
-1.886056
-1.992918
-2.025448
-1.554180
-1.057641
-0.847372
-1.707158
-2.243938
-1.677620
-0.139912
-0.021695
-0.093585
0.539226
-0.120282
-0.357886
0.135610
-0.336576
-0.770673
-0.675914
0.179442
0.251080
-0.864719
0.601548
0.747725
0.031584
-0.217024
-0.478074
-0.950524
0.086316
0.896772
0.046979
-0.358570
-1.219083
-0.009495
0.810040
-0.227044
1.148576
1.464022
-0.111740
0.482488
-0.090766
-0.033264
1.207878
1.244212
0.491941
0.488206
-0.131030
0.020089
0.334970
0.882306
0.575032
0.058374
1.313570
0.887765
0.636063
1.790217
1.234264
0.309779
-0.344595
1.019677
1.885940
1.005905
0.102512
-0.311988
-0.700732
-0.502066
0.186754
0.495619
0.758120
1.040872
1.262185
0.925258
0.323662
0.750548
0.888491
0.199182
0.769744
0.168022
-0.877696
-1.775658
-0.550899
-0.799472
-1.222882
-0.413234
-0.692026
-0.900454
-0.840033
-1.865923
-1.780866
-1.071606
0.086482
0.202664
-0.170561
-0.563263
-0.118489
1.607809
1.877174
0.545043
-0.000342
0.213235
-0.179441
-0.148848
-0.390184
-0.956235
-0.292300
-0.938204
-1.444266
0.022804
0.632909
0.227017
-0.616202
-1.339949
-0.178921
0.961502
1.205474
0.512387
0.014451
0.688721
0.813465
0.756686
0.542648
-0.164361
0.319331
0.451502
0.598569
0.539980
0.404968
0.859153
0.633754
-0.627503
-1.901066
-1.247131
0.434995
-0.010315
-1.218451
-0.953907
-0.651206
-1.183317
-0.786237
0.260935
0.113716
-1.528248
0.514103
1.050956
0.632353
1.226463
0.303077
-0.273246
-0.552071
-0.095421
-0.819183
-1.103592
-0.446742
-0.281211
-1.561416
-0.262372
1.620492
1.443734
0.944196
-0.238506
-0.351883
0.402312
-0.229562
-1.396963
-1.380817
-2.210077
-0.223864
0.686546
0.246661
0.615912
1.164451
2.135446
0.578984
1.577818
2.067147
1.009948
1.378223
0.889173
-0.358454
-0.236994
-0.134843
-1.058188
-1.190504
-0.217384
0.196348
-1.164492
-0.083086
0.996648
0.239235
0.932903
1.176416
0.581136
0.403455
-0.191642
-0.008338
0.343385
0.008493
-1.349864
-0.561866
-0.033227
-0.494790
