0.121502
2.104835
1.868277
0.081455
-0.252946
-0.734876
-2.352595
0.054946
1.732108
-0.011961
-0.266840
0.071024
0.154825
0.602630
1.513204
1.340726
1.532584
-0.310177
0.157961
1.455295
1.549114
0.615100
0.020699
0.825072
0.955728
0.145984
-0.433819
-0.614939
-1.889050
-0.668346
0.926599
0.577720
0.704681
0.441897
0.253668
0.215648
0.570021
0.727478
0.197122
0.589959
-0.280964
-0.800813
0.439047
1.044159
0.542342
-0.837170
-0.348009
0.347125
1.092180
0.731938
-0.372359
-0.098310
0.969845
1.362983
1.346708
0.988181
-0.487828
0.241700
0.352100
0.170449
0.564966
0.261935
-0.973934
-0.343121
0.215404
-0.008130
-1.015416
0.216989
0.238119
0.017098
-0.135637
0.441971
0.505032
-0.257063
0.021868
-0.932604
-0.774503
-0.135908
-0.013019
-0.083432
-0.460473
-0.658946
-1.046925
-0.325941
0.534572
1.415748
1.461198
0.918344
1.178313
0.571978
0.095767
0.478409
-0.553625
-1.052723
-0.492645
-1.097923
-0.601079
0.331616
0.204471
0.771041
0.829619
1.076054
2.569008
2.284355
0.557261
-0.487183
-0.955702
-0.491722
-0.195692
-0.271947
-0.642753
0.286148
0.810342
0.978585
0.975436
0.854206
0.713849
1.122321
1.382309
0.845723
0.729921
0.664708
-0.082009
-0.470184
-0.141403
-1.106913
-1.062449
-1.102965
-0.670875
-0.423829
-0.579217
-0.584130
-0.656945
-1.390172
-1.725462
-0.264456
1.169492
0.664518
-0.316109
-0.167252
-0.592638
-0.291580
0.334456
0.086526
0.053400
0.239702
0.396608
-0.194389
-1.489753
-0.211726
-0.233627
-1.001138
-0.986201
-0.974275
-0.162946
-0.350267
-0.661641
-1.195141
-0.544037
-0.529171
-1.219960
-0.896589
-1.168062
-1.651564
-0.405362
0.126472
-0.359871
-1.227028
-1.065923
-0.093298
0.469024
1.560521
1.663345
0.391042
1.081873
1.108891
0.099598
0.017729
0.036832
-0.643480
-1.361805
-0.769621
-0.315326
-1.053766
-1.129143
-0.617599
-0.786278
-1.036928
-0.186943
-0.264386
-0.237004
0.446021
0.537286
-0.256037
0.386875
0.316410
-0.058365
0.148517
-0.116992
0.009624
0.072112
-0.824610
-0.775469
0.627968
0.584130
0.415116
1.338437
1.504379
0.932640
1.156963
1.287919
0.207948
-0.129167
0.429606
0.225676
-0.373913
-0.440685
-1.414211
-1.225175
-0.510217
-0.800776
-0.688498
0.801185
1.219125
0.615983
0.755484
1.032016
0.995463
-0.268986
0.982580
1.929341
0.217229
-0.218216
-0.022151
-0.436723
-0.515424
-0.121910
0.481719
1.576208
1.218319
0.386120
-0.315090
-1.245617
0.074345
1.133901
0.861768
0.417793
-0.490883
-1.113404
-0.157334
-0.077375
-0.300659
0.245652
0.457654
-0.413793
-0.650189
0.055741
0.097735
-0.348319
-1.216072
-1.144961
-1.206034
-0.101664
0.648553
0.094641
-0.493370
-0.856696
-0.957291
0.245394
0.424359
0.082479
-0.474738
-0.171449
0.012287
0.199025
1.194623
1.279739
0.504206
-0.537521
-0.604419
-0.035748
0.245687
0.375778
0.094258
-0.391205
-0.616058
-0.593449
0.292450
0.082854
0.855786
0.801169
-0.181810
-0.577241
-0.206867
0.233342
0.954299
0.229278
-0.396096
0.463622
0.206133
-0.113081
-0.536907
-0.541216
-0.306212
-0.011770
0.455384
0.066677
0.193681
-0.287505
-0.836772
0.174962
-0.039974
-0.619046
-1.065475
-1.343590
-0.274493
0.014128
-0.733521
0.083548
0.587570
0.626969
0.614540
0.551375
0.325134
0.561274
-0.234805
0.134593
0.187306
-0.743280
-0.058876
0.769681
-0.635917
0.064689
0.935993
0.485423
-0.227239
-0.699251
-0.283429
0.479633
-0.134042
-1.050857
-2.159441
-1.949475
-1.026163
-0.159075
-0.033472
-0.305584
-0.204452
-0.172930
-0.562787
-0.557106
-0.633215
-0.526675
-1.000321
-0.559762
-0.056793
-0.219718
-0.962314
0.120281
0.789828
-0.427645
0.018559
1.027923
1.002812
0.815969
0.123790
-0.600400
-0.294844
0.433269
0.696135
0.368290
0.173993
-0.149598
0.560202
0.607256
1.257544
0.773934
-0.315035
-0.298550
-0.924158
-0.386767
0.025712
-0.070572
-0.090259
-0.211460
-0.068413
-0.105459
0.731801
0.642911
0.831692
0.561044
-0.204483
1.203426
1.164809
0.345703
0.218641
-0.345212
-0.227754
0.000128
0.508754
0.270629
0.691645
1.120140
0.652244
0.204559
0.583210
0.545992
0.197948
0.022908
-0.745283
-0.013629
0.436609
-0.044698
-0.297048
-0.236078
-0.735039
-0.895223
-0.448405
-0.535104
0.032642
0.674179
0.040136
-0.440116
0.071107
1.345318
1.420193
0.994810
0.194121
-0.157332
-0.228222
-0.655096
-1.072374
-1.708850
-1.407083
-0.488978
-0.069058
0.555733
0.851672
0.350665
0.419637
0.602067
0.048415
1.063402
0.904431
-0.157912
-0.214933
-0.859066
-0.604333
-1.483570
-0.712602
-0.325292
-0.271885
-0.488227
-0.660622
0.017460
-1.013546
-0.115121
0.511479
-0.097246
0.384202
0.193877
-0.526346
-0.884768
-0.935766
-1.061692
0.029889
2.148008
2.154389
1.211130
0.493184
1.620767
2.214235
2.469819
2.444624
2.188007
2.217865
1.635413
1.152947
1.806491
1.799593
1.478873
1.160612
1.118012
0.281914
0.129341
0.793249
1.498205
0.934588
0.585185
0.646256
-0.384862
-2.511222
-2.545389
-1.476122
-1.515868
-1.348661
-1.547622
-2.612450
-2.556166
-2.604178
-2.130754
-1.883682
-0.870798
0.142415
1.096434
1.996777
2.622285
2.281266
2.159553
2.520500
2.374565
1.805675
1.619075
1.012339
-0.398090
-1.834900
-1.275646
-1.503433
-2.154701
-2.222059
-2.345302
-2.219114
-2.658715
-3.134778
-2.400762
-1.106261
-1.365213
-1.824957
-1.854647
-3.046415
-3.112221
-1.744691
-1.453795
-2.237211
-2.663458
-3.003654
-2.653238
-1.994789
-1.113429
-0.487541
-0.368708
-0.891741
-1.734088
-1.134513
-0.382316
-0.816370
-0.474956
0.073472
0.013784
-0.510041
-0.754478
-0.927260
0.271254
0.566070
0.752292
0.960540
0.712462
0.615640
-0.099523
0.140976
0.245842
0.041980
-0.026782
1.007991
1.866059
2.246203
1.606588
1.523950
2.280980
1.821194
2.232824
2.218211
1.661907
1.761396
1.080437
0.790720
1.424355
1.896065
2.046532
2.079272
2.175208
1.842492
1.274826
1.873107
2.820966
2.450513
2.831381
1.237922
1.840100
2.825695
1.244551
1.046742
0.988300
0.256198
0.036681
-0.923935
-0.853180
-0.809941
-0.411370
-0.743037
-0.911322
-1.233609
-1.252932
-0.739136
-1.357409
-2.497648
-2.171779
-2.547016
-1.892538
-1.323836
-0.611623
-1.016629
0.102477
0.368560
-0.611100
-0.204963
1.320418
1.551890
0.452983
0.146845
0.017532
-1.543216
-0.660414
0.341913
0.065287
-0.722987
-1.309191
-1.253736
-0.905311
-1.311356
-1.456250
-0.977009
-0.797301
-0.735253
-1.089726
-0.495868
-0.020860
0.660542
-0.357972
-1.011615
-0.350116
-0.649030
-1.323368
-1.703357
-0.993774
-1.830914
-0.934407
0.043393
-0.388234
-0.061037
0.329976
0.232985
-1.170648
0.445795
0.861725
0.784114
0.557438
-0.989206
-0.661370
0.700259
1.457158
0.954853
0.835724
0.359320
0.168699
-0.213925
-0.005465
0.183425
0.256395
1.159633
1.073075
1.106209
1.520650
1.785995
1.327825
1.262866
1.636337
0.837910
0.520209
0.750937
0.324428
-0.187040
1.363576
1.027111
1.738608
2.713172
1.895653
1.997615
2.074690
0.640139
-0.871538
-0.452093
-1.091128
-1.517986
-0.564412
-0.651211
-1.022577
-1.427137
-0.750898
-0.390294
-1.142930
-0.851701
-0.535713
-0.852988
-1.330645
-0.831589
-1.487494
-1.551452
-0.147600
-0.469094
-1.109569
-2.700582
-3.629275
-0.869726
-0.180380
-1.343437
-0.954970
-0.882870
-2.057436
-1.591219
-0.884055
-0.259662
-0.472745
-2.298552
-2.078098
-1.136312
0.380593
0.320829
0.132319
-0.014898
1.028497
2.330338
2.098857
0.964958
0.681223
-0.124986
-0.133959
0.786127
0.244063
-0.583064
-0.406027
1.063068
1.225086
0.722446
1.423375
1.754211
0.993669
0.356124
-0.130126
0.498803
0.687411
0.299158
-0.510770
-0.799599
0.028799
0.384329
0.515655
0.179306
-0.435545
-0.206486
0.445491
1.012318
0.357750
-0.434197
-0.849390
-1.046811
-0.068623
-0.127730
-0.034829
0.832599
0.911848
0.813473
0.747299
1.075107
1.355179
1.067195
-0.021755
0.012563
0.127706
0.079626
0.316497
-0.106076
-0.056808
1.236900
1.791532
0.844388
0.754221
0.734458
0.333514
0.145871
0.563384
0.271411
0.704288
1.110718
0.202614
0.345642
1.117765
1.308571
1.758293
0.749299
1.487621
1.785908
1.171112
-0.611949
-1.695278
-0.318140
-1.241116
-1.747323
-0.838696
-0.553447
-0.333560
-0.207249
1.074105
1.458544
0.498755
0.140991
0.596117
0.607174
-0.544886
-0.853557
-0.539037
-1.395581
-1.879557
-1.848371
-0.854944
-1.350622
-0.899636
-0.114443
-0.310260
-0.892491
-1.325186
-1.267303
-1.070407
-1.353873
-0.958540
-1.063705
-1.372025
-0.887476
-0.888120
-0.949022
-0.658211
-0.722777
-1.240627
-1.481463
-1.205385
-0.051112
-0.067998
-0.744025
-0.197412
-0.445379
-1.046624
-0.693221
-0.090077
-0.353451
-1.050789
-0.930900
0.209933
0.435050
0.158286
0.835156
0.976559
0.895719
0.523076
0.141238
0.585560
1.049517
1.157819
0.839180
0.840237
1.119625
0.639609
0.857310
1.139412
1.082405
0.279674
0.218844
0.285735
-0.029261
-0.113846
0.223193
0.760460
1.003868
0.497403
0.772669
0.642869
0.020097
-0.218904
-0.278056
-0.639418
-0.535594
-1.026251
-0.234554
1.205214
1.490849
1.176991
1.006125
0.864523
0.528227
0.113217
-0.830543
-0.460314
-0.198265
-1.668999
-1.525357
-1.057816
-0.753696
-1.161426
-0.725328
-0.300741
-0.326047
-0.361862
0.262804
1.480407
1.557675
0.731116
0.695396
0.880007
-0.414408
-0.421022
0.460679
0.451185
-0.143175
-0.025149
-0.325237
0.011628
-0.292617
0.266697
1.438856
1.453938
0.038502
-0.372519
0.515815
0.446392
-0.661697
-1.185516
-0.711181
0.053617
0.283506
0.018649
0.097664
0.345030
-0.552721
-0.373746
0.359699
0.157672
-0.402354
-0.434459
0.799205
1.367338
0.536987
0.423032
0.602475
0.426048
-0.234086
-0.632644
-0.452040
-0.637129
-0.763079
-0.357133
-0.693083
-0.729353
-0.281727
-0.311891
-1.078003
0.180841
1.250705
0.900470
0.430555
0.136843
0.592693
-0.031525
-0.371641
-0.013356
0.399527
-0.882537
-1.742759
-1.350757
-1.309737
-0.789764
0.515021
0.894444
-0.279947
-0.071596
0.211845
-0.320803
-1.851956
-1.003450
-0.828019
-1.140118
-0.360818
-0.052469
-0.083382
-0.675067
-0.159102
0.757988
1.242024
1.248247
-0.082755
-0.294587
-0.021706
0.065580
-0.720768
-0.527803
-0.121129
0.255639
0.288747
0.192064
0.345607
-0.163939
-0.238056
0.234262
-0.173880
-0.067831
0.549144
-0.164961
-0.483555
-0.187410
-0.563016
-0.855673
-0.233272
0.367948
-0.206786
-0.251663
-0.062013
