-2.068307
-2.395086
-2.315220
-2.036809
-1.884205
-1.538173
-0.521223
-0.536539
-0.668687
-0.337802
-0.456463
-0.790724
-1.146510
-1.261762
-1.474746
-1.852494
-1.714055
-1.219626
-1.029103
-1.328598
-1.489144
-1.037249
-0.471903
-0.458109
-0.319710
-0.086438
-0.032597
-0.151826
0.271140
0.233136
-0.002309
0.321159
0.560174
0.526146
0.405148
0.284000
-0.024240
0.163293
0.094030
-0.542572
-0.466497
-0.342079
-0.624055
-0.825069
-0.860731
-0.566168
-0.549811
-0.568502
-0.615771
-0.220425
0.223277
0.360111
0.151330
-0.104655
-0.484344
-0.447513
0.111477
0.135522
0.256687
-0.042306
-0.209333
-0.284124
-0.091425
0.185675
0.108960
0.483827
0.672453
0.372956
0.032950
-0.133235
0.137033
0.264123
0.430114
0.721652
0.765868
1.010149
0.999567
0.835784
0.807819
0.648533
0.674543
0.185344
-0.253652
-0.779358
-0.867686
-0.844335
-0.526471
-0.617034
-1.042991
-0.749441
-0.401118
0.036131
0.370395
0.060425
-0.191415
0.197336
0.506843
0.236966
-0.177009
-0.598141
-0.795693
-1.414523
-1.678287
-1.473725
-1.306439
-0.794403
-0.251261
0.104731
0.450971
0.721696
1.014952
0.821424
0.702101
0.714425
0.529329
0.030607
-0.853419
-1.829849
-2.253546
-2.144465
-1.819784
-1.444252
-0.774138
0.127883
0.783585
1.113162
1.436464
1.659638
1.615419
1.449616
1.443604
1.424690
1.509384
1.740953
1.713406
1.051514
0.903975
1.220618
1.348928
1.340607
1.130623
0.857947
0.594196
0.488105
0.446915
0.032633
-0.230539
-0.194241
0.295533
0.145829
0.021695
0.483782
0.774472
0.696743
0.185657
0.065748
0.164669
0.550482
0.672313
0.427671
-0.007334
-0.081136
0.145481
0.033048
-0.333239
-0.620514
-0.637952
-0.279936
-0.450860
-0.680300
-0.741603
-0.916264
-0.891467
-0.750377
-0.785086
-0.126293
0.420504
0.498894
0.073526
-0.624484
-1.006799
-1.135634
-1.064131
-0.917295
-1.176362
-1.485328
-1.408580
-1.421727
-1.605461
-1.689960
-1.843537
-1.778101
-1.404140
-1.153711
-1.135489
-0.853553
-1.021607
-1.149545
-1.103784
-0.967911
-0.806946
-0.660739
-0.412785
-0.504396
-0.368100
-0.289546
-0.303957
-0.021231
0.669108
1.007389
1.517552
1.898176
1.861873
2.145936
2.364734
2.395276
2.415058
2.556097
2.227945
1.784798
1.534536
1.393610
0.951197
0.612889
0.632679
0.521597
0.934510
1.345918
1.688538
1.691212
1.612645
1.443698
1.298227
0.978412
0.230467
-0.303404
-0.384230
-0.589220
-0.404334
-0.006220
0.113206
0.386841
0.665888
0.652901
0.333423
0.283993
0.403799
0.343680
0.262101
-0.063248
-0.320831
-0.301765
-0.294472
-0.044937
0.478317
0.923200
0.735949
0.689221
0.981306
1.054513
1.218992
1.234520
0.788676
0.662310
0.748844
0.434710
0.201591
0.362866
0.310224
-0.114894
-0.593708
-1.055054
-1.517360
-1.755547
-2.169344
-2.821814
-2.997003
-2.719045
-2.385173
-1.924267
-1.261488
-0.751073
-0.423226
0.062522
0.673063
1.041965
0.882862
0.363429
0.300249
0.028058
-0.390107
-0.255832
-0.439364
-0.728779
-0.752463
-0.908917
-0.755066
-0.398711
-0.494555
-0.170662
0.355905
0.490620
0.669072
0.668201
0.649895
0.563980
0.390541
0.092181
-0.096142
-0.017300
0.070147
0.365549
0.225743
0.246521
0.100470
-0.557236
-0.396661
0.095413
0.135097
-0.176138
-0.667165
-0.775751
-0.587988
-0.496006
-0.497739
-0.510522
-0.881836
-1.175906
-0.809607
-0.473801
-0.250277
-0.360052
-0.643215
-0.627046
-0.508431
-0.331263
-0.152709
-0.305635
-0.054252
0.409820
0.608793
1.224497
1.371107
1.437484
1.529383
1.672871
1.813569
1.749081
1.336113
0.894841
0.547603
0.366253
0.220774
0.224823
-0.346805
-0.661470
-0.392218
-0.075492
-0.085982
0.055339
0.459851
0.073967
-0.302342
-0.513297
-0.462253
0.178074
0.691176
0.415061
-0.534700
-0.948439
-1.061217
-1.106379
-0.750947
-0.555648
-0.417257
0.059670
0.759788
1.394119
1.319547
1.409116
1.303107
0.694013
-0.041914
-0.333796
-0.386888
-0.218515
0.002199
-0.301430
-0.305501
-0.172866
0.325674
0.881897
0.880680
0.656092
0.526647
0.296303
-0.081106
-0.574211
-1.125303
-1.171184
-1.444897
-1.858238
-1.900090
-1.627134
-0.972065
-0.996151
-0.954800
-0.449007
-0.196204
-0.082158
-0.405211
-0.611547
-0.358746
-0.015646
0.506190
0.906328
1.067309
1.392159
1.464883
1.217678
0.967753
0.874756
0.777073
0.288613
-0.311251
-0.677542
-0.623262
-0.189191
0.124677
0.305555
0.526259
0.756058
1.184550
1.342956
1.134474
0.807295
0.356307
-0.016276
-0.859323
-1.582117
-2.075107
-2.436195
-2.261903
-1.638489
-1.062372
-0.677255
-0.515566
-0.755350
-0.501166
-0.504770
-0.503323
-0.073357
0.587417
0.932910
0.990330
1.144463
0.818885
0.542634
0.282777
0.200516
-0.121889
-0.150323
-0.299092
-0.455256
-0.422143
-0.422036
-0.314811
-0.125996
-0.132882
0.129833
-0.181477
-0.387463
-0.630621
-0.653705
-0.767795
-0.828881
-0.786910
-0.898123
-1.225681
-1.415096
-1.150308
-0.882530
-0.659553
-0.179822
0.095038
0.050596
-0.487330
-0.868880
-0.908668
-0.659842
-0.326670
-0.080937
0.064648
-0.151664
-0.115460
0.159937
0.653304
1.327024
1.672953
2.171401
2.276398
2.211183
1.939479
1.486866
1.235542
0.829215
0.918765
0.967386
0.815298
0.512606
0.793096
1.126284
0.904494
0.924454
1.381518
1.624054
1.369074
1.199253
1.175618
1.190311
1.049573
1.104210
1.401645
1.385288
0.785442
-0.157613
-0.637136
-0.717279
-0.385123
-0.313068
-0.204727
0.026171
0.545531
0.903766
0.773483
0.475776
0.337669
-0.084654
-0.331930
-0.602474
-0.737930
-0.619403
-0.603640
-0.549144
-0.496226
-0.179084
-0.323388
-0.680669
-0.654778
-0.626805
-0.639237
-1.111338
-1.710700
-2.180723
-2.147349
-1.906640
-1.473239
-0.955798
-0.613410
-0.430888
-0.222279
-0.009986
-0.184884
-0.618727
-0.982991
-1.533964
-1.548381
-1.551674
-2.209565
-2.012334
-1.711286
-1.453205
-1.192580
-0.896324
-0.963636
-1.027202
-0.925933
-0.471294
-0.209029
-0.000074
-0.075113
-0.281030
-0.304650
-0.334562
-0.866261
-1.293483
-1.657978
-1.691628
-1.533401
-1.022287
-0.412218
-0.013737
0.542309
0.958717
1.156977
1.040113
1.118985
1.615570
2.078107
2.155305
1.963778
1.949289
1.836970
1.884615
1.971774
1.818303
1.644564
1.744750
1.411721
1.161262
1.625939
2.154271
2.282932
2.421352
2.284243
1.669940
0.996445
0.545735
0.362233
0.644280
0.955296
1.322842
1.439855
1.424481
1.647253
1.814048
1.947750
1.929999
1.887877
1.790189
1.715874
1.091331
0.302193
-0.079197
-0.498589
-0.726040
-0.538393
-0.201753
0.425935
1.109464
1.505658
1.702233
1.544294
1.365665
1.101878
0.678162
0.090363
-0.408295
-0.536092
-0.415315
-0.042454
0.221419
0.863409
1.197259
1.326346
1.149812
0.789047
0.259865
-0.634571
-1.149105
-1.365989
-1.312584
-1.085794
-0.637101
-0.496613
-0.219431
-0.063635
-0.291358
-0.742888
-1.320546
-2.145591
-2.742423
-3.268402
-3.511039
-3.134814
-2.662864
-2.138096
-1.074404
-0.635645
-0.726759
-0.844116
-1.065937
-1.801507
-1.917860
-2.266697
-2.849997
-3.161069
-3.316431
-2.956980
-2.543613
-1.862887
-1.478434
-0.777767
-0.474068
-0.461611
-0.563776
-0.544256
-0.375886
-0.401423
-0.337451
-0.202926
0.415143
1.062355
1.523569
1.337210
1.009202
1.244415
1.079557
0.717468
0.800042
1.049111
1.365601
1.552745
0.942326
1.098190
1.199704
0.566709
0.380608
0.730719
0.903646
1.360172
1.898369
1.918480
1.794870
1.505946
1.336290
0.473758
-0.129626
-0.794937
-1.503486
-1.826653
-1.941709
-1.397034
-0.448489
0.119829
0.534195
0.510473
0.393919
0.299886
0.246167
-0.085062
-0.912185
-1.442361
-1.660381
-2.111328
-2.451633
-2.158278
-1.281047
-0.590575
-0.140986
0.170590
0.443314
0.942926
1.146897
0.741078
0.156710
-0.046924
-0.073565
-0.242311
-0.147452
-0.201584
-0.264081
0.068835
0.063114
0.216770
0.622364
0.851687
1.323916
1.341498
0.992619
1.171028
1.057483
0.717464
0.563692
0.259741
0.099910
0.550776
0.770303
1.004187
1.045942
1.049449
0.925672
0.623223
-0.062937
-0.517899
-0.173319
0.168395
0.409518
0.842057
0.981745
0.926920
1.053029
0.660277
-0.041142
-0.181394
-0.366930
-0.548299
-0.502865
-0.436746
-0.158300
-0.220090
-0.070095
0.383812
0.570436
0.761349
0.457430
0.384851
0.346230
0.227158
0.023302
-0.355856
-0.574248
-0.809622
-0.907681
-0.757037
-0.631991
-0.919969
-0.906954
-0.158938
0.565734
1.010183
1.732340
1.715487
1.302161
0.647107
0.072424
-0.229205
-0.412768
-0.271751
0.146271
0.285897
0.367243
0.153304
-0.162794
-0.416194
-0.537826
-0.446205
-0.439666
-0.176132
0.392321
0.551160
0.383340
-0.036068
-0.319543
-0.453420
-0.663573
-0.596073
-0.384549
-0.385722
-0.039615
0.345095
0.750076
1.272089
1.434060
1.177060
0.966459
0.482756
0.385052
0.338998
-0.057244
0.015237
0.011852
-0.332810
-0.506949
-0.624138
-0.801221
-0.669365
-0.587776
-0.595291
-0.463114
-0.121475
-0.317465
-0.710761
-0.683877
-0.523156
-0.690904
-0.703936
-0.976363
-1.338090
-1.315008
-1.244134
-1.058197
-0.747652
-0.889050
-1.033103
-1.021021
-1.018238
-0.629039
-0.322408
-0.115063
0.220670
0.326595
0.181609
0.511253
0.860563
1.011114
1.023596
0.903051
0.694237
0.595041
0.659341
0.513369
0.259278
-0.299191
-0.299465
-0.400327
-0.329652
-0.002060
0.132821
0.380534
0.528460
0.531818
0.221426
0.310217
0.436285
0.029381
-0.312699
-0.280659
-0.565934
-0.815084
-0.553139
-0.335052
-0.368684
0.018811
-0.034737
-0.386257
-0.820301
-0.998441
-0.711998
-0.003105
0.419785
0.541153
0.638573
0.981674
0.913516
0.643778
0.532318
0.527618
0.764269
0.671559
0.772588
1.356760
1.475656
1.244333
1.019671
0.559427
0.075972
-0.663375
-0.905659
-0.871442
-0.741252
-0.717953
-0.737703
-0.319554
-0.148545
0.059672
0.294030
0.510632
0.348325
0.136430
0.010743
-0.183354
-0.122693
-0.010552
-0.174065
-0.474838
-0.522204
-0.708248
-0.964384
-1.068003
-0.882890
-0.826607
-0.605954
-0.047962
0.629998
0.891166
1.158160
1.116866
1.001307
0.621006
0.340107
0.249063
-0.222262
-0.613982
-0.607356
-0.395096
-0.314034
-0.479022
-0.660659
-0.750611
-0.569014
-0.323512
0.079058
0.494039
0.736624
1.111825
1.296103
1.376854
1.125328
0.714579
0.362876
-0.090659
-0.676254
-0.833363
-1.025657
-1.080645
-0.923544
-0.832385
-0.239187
0.125817
0.308105
0.747554
0.872379
0.868852
0.760220
0.564363
0.637666
0.927510
1.308327
1.750279
1.437576
0.940242
0.524734
0.203905
