2.075722
2.782714
3.412621
3.971864
4.236357
3.932941
3.488277
3.131354
2.182412
1.189939
0.771610
0.244056
-0.052150
0.221065
0.161061
-0.009167
-0.042541
0.317528
0.632045
0.825222
0.891251
0.980425
0.885470
1.199764
1.418542
0.386229
-0.417259
-0.339223
-1.350835
-1.894780
-1.895081
-1.884732
-1.881877
-1.847986
-1.678372
-1.452371
-0.655780
-0.334675
0.196826
0.299440
0.325927
0.407292
0.590737
0.832850
0.872805
0.907441
1.003761
0.848386
0.460106
0.586746
0.164523
-0.229405
-0.162701
-0.382462
-0.810481
-0.739559
-0.697543
-0.962233
-1.297247
-1.216059
-1.343077
-1.179247
-0.742032
-0.953831
-0.811525
-0.327712
0.016444
0.110694
0.170625
-0.191485
-0.273860
0.123839
0.111157
-0.289844
-0.284357
-0.268042
-0.596803
-0.856190
-0.675409
-0.697928
-0.616023
-0.244421
-0.074399
0.148739
0.673972
0.404904
0.068772
-0.037802
0.000693
-0.117182
-0.202370
-0.451413
-0.567763
-0.672768
-1.251980
-1.625797
-1.178720
-0.770071
-0.417229
-0.057544
0.410988
1.048465
1.440353
1.494676
1.279369
1.261112
1.101471
0.852136
0.570171
0.061790
-0.461940
-0.671057
-1.032463
-1.696555
-2.014695
-1.575412
-1.081946
-0.760332
-0.403901
-0.074406
0.387661
0.567317
0.769138
1.005495
1.005828
1.010249
0.704149
0.860406
0.964351
0.478939
-0.171211
-0.789058
-1.123896
-0.964576
-0.436955
-0.771358
-1.255090
-1.511756
-1.219135
-0.995382
-1.158427
-0.770713
-0.644626
-0.379153
0.068629
0.279642
0.390480
0.709705
0.982638
1.433562
1.606795
1.484203
1.283272
1.322732
0.771626
0.598016
0.755145
0.395143
-0.048568
-0.523903
-0.765655
-0.856320
-0.694735
-0.714559
-0.835554
-1.219039
-1.554596
-1.129939
-0.537531
-0.191317
0.325376
0.732846
0.932653
1.068452
1.022817
0.854011
0.631488
0.461753
0.282903
0.053311
-0.063615
0.213658
0.209453
0.145664
0.311427
0.139354
-0.164334
-0.526733
-0.190424
-0.019524
-0.194469
-0.480086
-0.719904
-1.049274
-1.499357
-1.415920
-1.270491
-1.010760
-0.660535
-0.239450
0.336054
0.427244
0.139428
0.117042
0.398878
0.654391
0.629430
0.611608
0.586958
0.281473
0.175995
0.010413
-0.178787
-0.341152
-0.144829
0.152918
0.087113
0.061519
0.671761
0.868466
1.176873
1.247823
1.227405
0.865723
0.582268
0.155673
-0.192899
-0.379718
-0.358621
-0.226698
-0.541664
-0.673112
-0.556548
-0.733493
-0.685746
-0.450614
-0.310548
-0.300561
-0.669040
-1.261201
-1.404568
-1.461809
-1.300487
-1.233109
-1.287083
-0.726460
-0.560232
-0.193959
0.066744
0.286157
0.628092
0.863896
1.320100
1.369445
1.672502
1.916244
1.847130
1.657095
1.726871
1.877304
1.920065
1.427736
0.825510
0.462865
0.287406
0.494979
0.306795
0.207988
0.310633
0.139076
0.122410
0.059840
0.185690
0.565101
0.616386
0.946723
0.869650
0.821629
0.542987
0.024644
-0.297530
-0.869907
-1.269520
-1.381143
-1.717753
-1.668804
-1.724637
-1.424465
-0.927924
-0.958821
-0.934512
-0.787663
-0.858151
-0.488401
-0.507272
-0.334077
-0.270406
-0.123968
-0.104961
-0.103266
0.246031
0.556036
0.746003
1.048529
1.017347
1.004296
1.111970
1.004998
0.602358
0.350286
0.267913
0.067249
-0.013460
-0.633731
-0.912291
-0.851719
-1.160300
-1.245881
-1.574460
-1.539457
-1.349253
-0.986387
-0.458615
-0.241056
0.083485
0.250526
0.225112
0.512336
0.730741
1.033523
0.929219
0.702873
0.804945
0.347740
-0.239421
-0.665114
-1.546705
-1.847142
-2.033534
-1.758012
-1.529255
-1.249455
-1.086841
-0.581448
0.171064
0.544011
1.090233
1.512569
1.963236
1.652151
1.237677
0.758302
0.520507
0.473919
0.060229
-0.600086
-0.763917
-0.933192
-1.125885
-1.237419
-1.246034
-1.080792
-0.630917
-0.384712
-0.340218
-0.562658
-0.428325
-0.103859
0.036049
0.109916
0.187897
0.371311
0.086307
0.087850
-0.106457
-0.273312
-0.489586
-0.880813
-1.267996
-1.395656
-1.275293
-1.020043
-0.649076
-0.113260
0.266236
0.650584
0.664648
0.456046
0.484929
0.099379
-0.356764
-0.411800
-0.590652
-0.479787
-0.311025
0.172316
0.750425
1.184405
1.757787
1.938183
1.838758
2.059247
2.142187
1.557077
0.867758
0.389115
0.253216
0.193560
0.058634
0.328320
0.462101
0.298348
0.290010
0.165546
-0.246025
-0.809926
-1.159828
-1.313566
-1.392059
-1.467122
-1.237081
-0.507166
0.026122
0.497515
1.106663
1.480424
1.128287
0.806949
1.098942
1.316271
1.271054
1.148244
1.085696
0.958260
0.899692
1.147613
0.973399
0.551315
-0.090909
-0.579776
-1.202813
-1.690557
-2.032912
-2.369362
-2.627485
-2.505400
-2.437862
-2.024998
-1.714143
-1.357257
-1.207024
-1.242552
-1.036634
-0.587434
-0.305214
-0.229516
-0.414150
-0.328744
-0.206424
-0.269018
-0.097377
-0.142786
-0.526310
-0.906343
-1.205443
-1.078288
-1.125912
-1.171721
-0.881476
-0.918573
-1.013446
-0.548880
-0.149685
0.022445
0.324252
0.540179
0.792251
1.233241
1.300909
1.488122
1.220478
0.859959
0.458541
0.146780
0.090009
-0.180055
-0.366121
-0.362470
-0.142100
0.014381
0.357563
1.136832
1.527020
1.685130
1.700354
1.619294
1.764337
1.578428
1.347575
0.811200
0.127843
-0.277020
-0.181826
-0.281178
-0.388747
-0.382891
0.053635
0.450719
0.941801
1.172125
0.968768
0.723034
0.842871
1.007831
0.883489
0.917243
0.832597
0.690576
0.554101
0.157844
-0.571818
-0.777334
-0.923838
-0.811244
-1.001699
-1.102919
-1.013982
-0.771288
-0.234887
0.322074
0.631898
1.023201
1.651058
2.026909
2.274609
2.074606
1.662619
1.177237
0.921521
0.604554
-0.278804
-1.251473
-1.846952
-2.466439
-2.384979
-2.523318
-2.455977
-2.215772
-1.298595
-0.361912
0.288031
1.069685
1.413823
1.536009
0.829014
0.250691
0.146590
-0.032443
-0.206448
-0.384521
-0.699746
-1.283730
-1.593581
-1.418653
-1.174909
-0.645454
-0.046213
0.504499
0.495428
0.889418
0.809661
1.078307
0.908707
0.428186
0.225687
0.267649
0.163248
-0.042268
-0.255229
-0.362863
-0.494859
-0.548860
-0.396761
-0.026164
0.030867
0.437709
0.325819
-0.008547
0.010495
-0.151139
0.013365
0.231959
0.134233
0.159102
-0.187234
-0.655585
-0.788735
-0.584217
-0.577591
-0.422291
-0.093262
-0.069891
-0.271994
0.129402
0.138559
0.232932
0.460341
0.567108
0.722455
0.763708
0.612463
0.766149
0.894421
0.554469
0.160629
-0.066173
-0.225009
-0.478170
-0.455851
-0.172433
-0.021734
-0.224164
-0.254109
0.080190
0.000009
-0.018534
-0.433177
-0.925176
-1.054268
-1.196054
-1.141653
-0.777946
-0.301976
-0.183872
-0.089123
0.050180
0.611821
0.592095
0.369314
0.291222
0.479014
0.137134
0.120630
-0.022009
0.102292
0.473404
0.523664
0.442960
0.206436
-0.212762
-0.624690
-1.061460
-1.071459
-0.775770
-1.170164
-1.252899
-0.976168
-0.731316
-0.598371
-0.343670
-0.784574
-1.070938
-1.254957
-1.477217
-1.415677
-1.572187
-1.472227
-0.926086
-0.564054
0.603584
1.517360
1.731418
1.605550
1.336918
1.320752
1.522193
1.440689
0.731136
0.058584
-0.262418
-0.598512
-0.709429
-0.990881
-1.129697
-0.541383
-0.215945
0.035606
0.830198
0.967234
0.969457
0.924022
1.175540
1.212136
1.200245
1.456194
1.096624
0.967864
0.683885
0.362496
0.179671
-0.159051
-0.761497
-1.238550
-1.265061
-1.414567
-1.460828
-0.975191
-0.279568
0.122807
0.715267
1.018382
1.306314
1.657540
1.717771
1.854060
1.729415
1.157588
0.450147
-0.188353
-0.853639
-1.841734
-2.345050
-2.456343
-2.072786
-1.777464
-1.006680
-0.665265
-0.322305
0.158389
0.753518
0.968178
1.045825
0.587808
0.030839
-0.107250
-0.224812
-0.591765
-1.169536
-1.195340
-1.389135
-1.679832
-1.539352
-1.039298
-0.345911
0.013869
0.445416
0.632498
0.643641
0.828917
0.929720
0.510597
0.075595
-0.470735
-0.857998
-1.080837
-1.222028
-1.287750
-0.793759
-0.796404
-0.852505
-0.207697
0.771789
1.833181
2.327638
2.443199
2.696273
2.843652
2.559504
1.948024
1.237702
0.789713
0.022455
-0.928813
-1.420641
-1.142415
-1.106768
-1.100512
-0.566087
0.134638
0.959336
1.718370
2.218006
2.371704
2.224500
2.091484
1.785045
1.415117
1.015950
0.473571
-0.343574
-0.906275
-1.071932
-1.243756
-1.346255
-1.382056
-1.698435
-1.772455
-1.044407
-0.072358
0.536164
0.937429
1.005774
0.965977
1.046097
0.884063
0.591193
0.446455
-0.117886
-0.562770
-0.742497
-0.893505
-0.557032
-0.705970
-1.253304
-1.335252
-1.056272
-1.172872
-0.981980
-0.846750
-0.586689
-0.754195
-0.937554
-1.153246
-1.275010
-1.608218
-1.777764
-1.508387
-1.103895
-1.026063
-0.981760
-0.509634
0.204616
0.167851
-0.563761
-0.779596
-0.699829
-0.281683
-0.049341
-0.017619
0.667371
0.967324
1.209683
1.908286
2.452297
2.649693
2.643261
2.373028
2.103585
1.771783
1.767508
1.751176
1.263186
0.923642
0.739020
0.364979
-0.050715
-0.578873
-0.828680
-1.192338
-1.343263
-1.350832
-1.282090
-1.338868
-1.150705
-0.801683
-0.930316
-0.913613
-0.736746
-0.410093
-0.166426
-0.393797
-0.352074
-0.166244
-0.026283
-0.229651
-0.285794
-0.621020
-0.739993
-0.521668
-0.688203
-0.905998
-0.555412
0.092016
0.440980
0.464031
0.361798
0.099381
-0.145274
-0.438922
-0.725179
-1.209243
-1.313181
-1.028501
-1.090899
-0.975182
-0.946684
-0.567051
-0.585574
-0.371126
0.132216
0.358506
0.436828
-0.251663
-0.876586
-0.996476
-1.685515
-1.950292
-1.342228
-0.869469
-0.464376
0.011668
0.384388
0.718194
0.775823
0.639230
0.423362
0.140320
-0.104096
-0.126166
-0.115284
-0.120914
-0.291075
-0.678665
-0.443473
-0.385444
-0.490273
0.141095
0.291452
0.235881
0.250275
0.420609
0.607213
0.743314
0.803414
0.487772
0.556445
0.681047
0.888196
0.981837
0.757830
0.483268
0.109723
0.015907
0.183082
0.222361
0.627665
0.673494
0.499871
0.365932
0.408531
0.397657
0.621144
0.795034
0.787772
0.895544
0.939122
0.614565
0.602870
0.223387
0.081757
-0.384749
-0.678496
-0.574568
-0.355332
0.090952
0.614754
0.860840
0.547337
0.331511
0.409179
0.393724
0.646555
0.764853
0.595511
0.432379
0.694757
0.601543
0.928250
0.666937
-0.044600
0.126825
0.013317
-0.044543
-0.613381
-1.170041
-1.125386
-1.143353
-1.229305
-0.874348
-0.982648
-0.894945
-0.497881
-0.118525
0.170287
0.301273
0.543753
0.731579
0.648773
0.608451
0.526988
0.649004
0.081363
-0.295294
-0.393592
-0.033752
0.269112
0.391859
0.680950
0.429745
0.195422
-0.326037
-0.341903
-0.241576
-0.131825
-0.067299
0.019237
0.201117
0.087324
-0.211733
0.053196
0.457547
0.827232
0.953998
1.027441
