2.498393
1.318557
1.612026
-0.071796
-0.180519
0.672227
-1.028512
0.456798
1.091386
-0.183085
0.635996
0.287869
0.267573
0.268759
-0.630134
-0.233219
0.221239
0.242802
1.032151
0.335167
0.231309
1.056579
0.454940
-0.037423
0.023893
1.489352
-0.413876
-0.994531
0.706561
0.920800
1.338679
1.799688
-0.238400
-1.290729
-1.271386
-1.033463
-1.043241
-1.682475
0.229379
0.727818
0.449343
-0.281078
-0.174196
-1.032229
0.193906
-0.480075
1.008421
0.541673
-0.808071
-0.009985
-1.640209
-2.211179
-1.475023
-1.115789
-0.257483
-0.098014
0.311217
0.512877
0.435200
0.799137
0.834930
-0.281267
-0.602184
-0.760072
-0.368346
-0.475672
-1.289966
-0.429694
0.587668
0.211459
0.842605
0.289115
-0.181961
-0.564141
-1.019250
0.317139
-0.141213
-1.931974
-0.923986
0.358681
0.776873
0.090659
-0.695817
-0.126864
0.224291
1.165715
0.507555
-0.887444
-0.000269
-1.920152
-0.954281
0.204794
0.191519
0.864811
0.343735
0.258367
-1.323093
-1.451510
-0.624007
-0.454388
-0.838405
0.766390
1.702827
0.673355
-0.158449
-0.516411
-0.040893
-0.872884
-1.049267
-0.186090
1.297006
-0.192985
-0.673521
-0.565146
-0.758350
-0.058209
0.963893
1.259160
-0.212581
-1.008344
-0.469515
-0.297586
-1.635773
-1.204300
-0.397064
1.402431
1.643362
0.708562
0.539120
0.735264
1.735886
1.952616
1.183635
1.406836
1.748554
2.308856
2.209807
1.603926
1.366333
0.588340
-0.428069
-0.660023
-0.249759
0.417729
-0.441994
-0.388117
-0.401436
-0.859276
-1.167173
-0.239689
-0.567369
-0.358943
0.160036
0.420941
-0.782908
-1.624603
-1.561965
-0.583816
0.194463
-1.001685
-1.036739
-0.451213
-0.851994
-1.651818
-0.582067
-1.670157
-1.771927
-0.105360
-0.350887
-0.831937
-0.329356
-0.027923
-0.595258
-1.496239
-1.227603
-2.328007
-1.885443
-1.171416
-0.265053
-0.401349
0.330036
1.025904
1.400335
0.897862
1.124046
1.391903
1.745705
0.597070
0.581656
0.607837
-0.565529
0.359900
1.721173
0.036955
0.452849
1.511763
1.011265
0.312218
-0.044327
-0.463740
0.128973
0.803747
0.289852
-0.317750
0.427556
0.744223
0.804803
0.983491
0.415888
-0.060295
-0.060789
0.478132
1.913505
0.884605
-0.095383
0.497919
0.587937
0.967337
0.298873
0.097578
0.189383
0.198609
-0.194065
-0.196691
-1.496624
-0.596915
1.025212
0.316131
-0.254423
0.652976
-0.184093
-0.367486
-0.418372
-0.603665
0.501735
0.574306
-0.562573
-1.320164
-0.533800
0.246131
0.378098
-0.309478
0.342763
0.596205
1.041490
0.193597
-0.336531
-0.235716
-0.728874
-0.228328
0.581774
0.844272
1.017435
-0.252690
0.146812
0.805140
0.330502
0.750485
0.167853
0.012272
-0.188717
0.263967
0.006007
-0.460208
-1.955585
-0.306520
0.579381
-0.778913
0.010285
-1.159823
-1.159981
-0.751473
0.075673
-0.400965
-0.150360
0.041924
-0.215791
-0.147977
-1.309225
-0.416688
0.696099
-0.568080
-0.146246
-0.015898
0.278031
1.020070
1.230872
1.006172
0.405217
-0.366652
0.049314
-0.300667
-2.204435
0.042239
0.336360
0.297142
-0.666798
-0.831350
0.076753
-0.512927
-0.749854
-0.682447
-2.119098
-2.033283
-1.988970
-1.247704
-0.208732
-0.484382
-0.397748
-0.472473
-0.815243
-0.471143
-0.525564
-1.117641
-1.372204
-0.739012
-0.976555
-2.080175
-0.772299
0.687616
0.995452
0.664298
0.687688
1.087962
0.786279
0.965613
0.016172
0.856483
-0.498098
1.438082
2.608527
1.873800
2.088617
0.971372
0.236591
1.531764
1.320067
0.952553
0.507679
1.082682
1.551677
-0.372521
0.673064
1.295814
1.418776
0.583398
1.466215
1.832196
1.206185
0.563754
-0.427896
0.365532
-0.842879
0.426122
0.912790
-0.038272
0.083678
0.167912
0.531032
-0.503389
-1.160063
-0.605126
-0.607433
0.095979
0.358736
-1.566429
-2.148324
-1.804673
-1.438793
-1.226241
-0.687597
-2.286097
-2.496659
-1.315985
-0.102293
-0.844086
-0.703803
-0.544293
0.300826
-0.591746
-1.424554
-0.829609
-0.958562
-0.779155
-0.901520
-1.578010
-0.678097
-0.668518
0.477132
2.491685
2.294758
1.577510
1.976694
2.162169
1.753461
0.342336
-1.491173
-0.019203
1.832877
1.291114
1.831815
0.961622
0.778305
1.807797
1.329615
0.160164
-0.227772
0.199061
-0.244944
-0.704982
-1.715385
-1.855321
-1.112553
-0.748837
-0.729702
0.485963
-1.234999
-1.605170
-1.414854
-0.729674
-0.037431
-1.816007
-2.575064
-0.602050
0.317843
-0.520794
-0.249167
-0.668479
-0.934119
-1.288206
-0.868289
-0.710321
-0.546748
-0.481656
0.246875
-0.561287
-1.009912
-1.535226
0.408194
0.965619
-0.780775
-1.202367
-0.994626
0.192666
0.620161
0.318641
0.097074
-0.449194
-1.443219
0.332561
1.711850
0.353064
-0.027865
0.259408
-0.421824
0.085120
-0.823755
-1.362943
-0.245423
0.972599
0.261142
0.523475
0.465669
-1.196447
-0.536808
0.473535
-0.301884
-0.701872
0.080098
-0.174778
0.196294
1.114793
1.026607
0.349941
0.848003
0.488849
0.038672
-0.965594
0.855339
1.049206
0.416023
0.117825
0.680226
1.574160
0.676333
0.211415
-0.079562
-0.350233
0.073334
-0.406097
-1.144449
-0.893234
0.121919
-0.276867
-0.253510
-0.577036
-0.501260
-0.533092
-0.122615
-0.515820
-1.043263
-1.301704
-1.005030
0.360918
0.183565
-1.127132
-0.439375
0.353031
-0.268462
-0.104669
-0.345752
-0.577404
-0.088256
1.111372
1.036652
0.260739
1.694883
2.844873
2.545028
3.120456
2.022533
0.825244
1.068818
1.857070
2.235355
1.187820
0.670309
1.122271
1.399726
1.673991
2.488937
1.308628
0.856538
0.843875
1.541317
1.196246
0.537837
0.401276
-1.135873
0.226096
1.363268
0.837417
0.999878
0.522284
-0.518782
-1.204156
-0.679981
0.185277
-0.952948
-1.410319
-0.507584
-0.515292
-0.186070
-0.009658
-0.474503
-1.450642
-1.086058
-1.118673
-1.007982
-0.576014
-0.976531
-0.771619
-0.391882
-2.205581
-0.540106
-0.117551
-1.619381
-0.594055
0.216561
1.412243
0.505725
0.055151
-0.048513
0.278040
0.668122
0.538507
-0.069823
0.840916
1.039201
0.986381
0.668488
0.936702
0.734357
0.491419
0.539877
-0.316105
-0.591660
0.459465
1.178332
-0.842460
-1.608817
-0.906204
-0.776306
-0.729478
-0.389129
-0.002707
-0.379781
-0.447347
0.086369
-0.422986
-0.503364
0.024682
-0.394605
-0.904800
-0.120478
0.147754
0.321115
1.137970
1.378607
0.753791
0.006982
0.008268
0.746794
-0.717631
-1.764708
-1.525618
-1.741436
-0.498771
0.340117
1.764068
0.805301
0.652652
1.617799
1.764181
0.652262
-0.748951
-0.119014
-1.641207
-0.629473
0.081519
-0.365678
0.676993
0.918350
0.783184
0.104018
0.207174
0.701739
0.687511
0.422357
-0.348828
-0.321257
-0.115191
-0.794336
-0.900007
0.234600
-0.594523
0.120371
2.022219
1.726252
-0.002700
-1.046576
-0.283145
0.384351
-0.141888
1.118389
1.013829
0.128451
-0.396508
-0.583375
-0.506767
-1.318953
-0.981065
-0.575688
-0.359715
0.344048
-0.257677
-0.309124
-0.223444
-0.119778
1.000376
-0.748584
-2.237538
-1.795019
-0.594505
-0.987922
-1.584092
-0.656674
-0.888061
0.242414
-0.231945
-1.297137
-1.676858
-1.734823
-1.738905
-1.362580
-0.873550
-0.336026
-0.760972
-0.646850
-0.010259
-0.929161
-0.516237
-0.250011
-1.068495
-1.502161
-0.920890
1.057116
0.945388
1.279502
1.873927
0.234284
2.164767
3.864258
3.833899
2.221082
1.364940
0.781565
1.129320
1.047870
0.518495
0.486209
0.546626
1.247545
1.241522
0.680908
1.537624
1.420266
0.823424
0.308731
0.305393
0.736386
0.680748
0.225185
-0.280089
-0.549355
0.759878
0.643293
-0.446282
-0.486087
-0.617190
-0.084193
0.063218
-0.529286
-0.386463
-0.369984
-0.307730
0.000430
-0.030757
-0.224037
-0.237765
-1.342081
-1.893787
-1.515628
-0.833071
-0.703904
-0.838400
-1.424664
-0.971181
-0.767632
-0.397529
-1.060545
-1.532256
-1.040658
-1.367898
-1.332055
-1.956474
-3.248101
-1.475035
-0.183314
-0.588173
-0.441978
0.786526
1.427456
1.501692
0.126832
0.467601
1.858436
1.458072
0.620288
0.849290
0.075848
-0.110081
1.114220
-0.078889
-0.186659
-0.200810
-0.317271
0.177675
0.083105
-1.502662
-0.682412
0.447093
0.856316
0.848329
1.031636
-0.047364
-1.252464
-2.104450
-1.398904
-1.128875
-1.918941
-2.657249
-1.819212
-0.641602
-0.882572
-0.735798
-0.940406
-0.732655
-0.626994
0.705426
0.966568
0.763383
0.289066
0.027485
0.729861
-0.181298
-0.865706
-0.386529
-1.144599
0.859219
1.391539
1.716609
2.046698
0.037491
0.956856
1.679823
1.421565
1.362333
0.968568
2.045028
2.196752
1.511096
0.685774
0.821345
0.742627
1.025660
0.549928
-0.141327
-0.003578
0.314791
-0.295658
0.411367
0.944100
0.809721
1.142437
0.316294
0.118601
0.784998
1.328848
1.230068
0.293745
-0.172419
-0.989116
-0.719763
0.333716
-0.047045
-0.042650
0.472248
-0.179836
-0.299113
0.077302
-0.002929
-0.870912
-0.276340
-0.975829
-1.650831
-1.735204
-1.827836
-0.588563
1.450590
1.328140
0.069947
-0.876844
-1.338977
-1.688209
-1.222220
-0.970183
-0.956397
-0.080004
0.163854
0.599851
0.118228
-0.934785
-1.207592
-1.127087
-0.919382
-0.398728
-0.739104
-0.796627
-0.776560
-1.235206
-1.918394
-1.953360
-1.886062
-1.492230
-1.073561
-0.492610
-0.458921
-0.542821
-0.878872
-1.336683
-1.013862
-0.834118
0.134384
0.076384
-0.160061
-0.579996
-0.754656
-0.779250
-0.417575
-0.157823
-0.265220
-1.067895
1.580737
2.025783
1.839264
2.074296
2.200069
2.101120
1.508377
1.784083
1.096640
1.462164
2.100671
1.908684
1.368369
0.234574
0.679770
1.291826
1.069928
0.139485
-0.418711
-0.018902
0.503247
0.609351
-0.291601
-0.692444
-0.293025
0.454329
-0.339933
-0.884190
-0.948548
-0.863628
-1.211774
-0.978540
-1.136825
-1.370200
-0.951454
-0.560345
-0.518131
-0.263093
-1.229538
-1.528713
-1.302275
-1.244769
-0.525592
-0.751697
-0.617023
-0.418238
0.271121
1.735063
2.487154
2.071721
1.664027
1.272460
0.393088
0.631587
1.925775
0.996480
0.611847
1.039218
0.397804
0.569258
0.414984
0.306532
-0.077422
0.673807
0.985399
1.124711
0.516455
-0.021361
-0.597174
-0.682710
-0.476554
-0.836121
-0.132269
0.005155
-0.340233
0.119190
-0.047218
0.642511
1.084956
1.113800
0.872992
1.182067
0.795578
0.376413
0.479893
-0.002472
-0.310757
-0.010793
-0.238079
-0.665230
-1.147558
-0.119449
-0.202193
-1.424009
0.193734
1.105331
0.101201
0.142143
-0.081014
-0.064408
0.538059
0.259218
-0.554889
-1.406262
-1.524390
-0.340806
-0.303316
0.069195
0.435190
0.175991
0.619363
0.687451
0.610300
1.952436
1.451077
0.019348
0.039045
0.164215
0.573017
-0.322180
-0.533344
