-2.366278
-2.479542
-2.374502
-1.659055
-0.941938
-0.475536
-0.265836
-0.679811
-0.906877
-0.451450
-0.506468
-0.344272
0.121664
0.284459
-0.380747
-1.150048
-1.059996
-0.717921
0.351324
1.342241
2.068676
2.184307
1.786191
1.654146
1.543857
1.104883
1.130365
1.249672
0.873848
0.736313
0.622434
1.064064
2.122861
2.776222
3.116125
2.840868
2.330765
1.567586
0.732511
0.383581
-0.033808
-0.380390
-1.096080
-1.735465
-2.062108
-2.201792
-2.615927
-2.070807
-1.207500
-0.798842
0.138136
0.917896
1.109827
0.953357
0.773547
0.430696
0.321254
-0.146750
-0.378363
0.128916
-0.168662
-0.394762
-0.360744
0.145291
0.838809
1.227585
0.952732
0.118606
-0.730974
-1.243488
-1.806577
-2.154669
-2.098710
-1.313941
-0.586791
-0.159781
0.391602
1.180612
1.796328
2.179067
1.749972
1.278589
1.367497
1.241886
1.730843
1.616618
1.328569
1.337776
1.506923
1.516697
1.601401
1.538194
1.194446
0.682061
0.366045
0.276268
-0.057965
-0.511638
-0.888408
-1.703606
-2.375694
-2.669425
-2.617164
-2.439838
-2.075000
-1.265892
-0.331832
-0.293681
-0.618174
-1.278437
-1.539180
-1.283341
-1.069841
-0.806204
-0.821576
-0.985374
-1.018942
-0.749011
0.008989
0.742101
1.236518
1.553595
1.947530
1.698957
1.146183
1.030980
1.094417
0.712482
0.231276
0.257296
0.373095
0.250493
0.189390
0.399409
0.391292
0.420877
0.326108
0.573872
0.836914
1.258701
1.451372
1.396365
1.449624
1.090274
0.615714
0.333583
0.479587
0.706527
0.744897
0.135693
-0.166319
-0.298289
-0.307606
-0.394935
-0.369129
-0.338529
-0.289056
-0.362312
-0.620714
-0.257943
0.530162
0.746575
1.025665
1.422201
0.782022
-0.061194
-0.641988
-1.375191
-1.599906
-1.071430
-0.604846
-0.325958
-0.038768
0.100869
0.022400
0.304147
0.717281
0.896203
0.764838
0.479669
0.021919
-0.302853
-0.605137
-0.906787
-1.188466
-1.920731
-2.087021
-1.690615
-1.216926
-0.704114
-0.169317
0.203796
0.654203
1.044216
0.944284
0.460249
0.319082
0.645622
0.638064
0.238730
-0.352734
-0.865158
-1.513504
-1.743029
-1.529916
-1.398355
-1.182772
-1.022544
-0.897420
-0.522806
-0.358452
-0.177874
-0.475504
-0.286738
-0.048712
-0.313052
-0.061926
-0.042488
-0.337077
-0.686573
-0.601781
-0.429851
-0.468080
-0.467392
-0.050117
0.137116
0.175218
0.332173
0.294563
0.162521
0.368621
1.017062
0.807468
-0.018358
-0.629650
-0.556619
-0.467749
-0.031597
0.045846
0.288417
0.412590
0.743560
1.022885
1.429350
1.349106
1.207456
0.707067
0.144174
-0.150298
-0.337071
-0.398968
-0.812883
-1.141279
-0.851323
-0.476998
-0.025528
0.020768
-0.246533
-0.628344
-1.105983
-1.291946
-1.200359
-0.625254
-0.244520
0.163157
0.071239
-0.085743
0.281326
0.042837
0.098802
0.425168
0.643145
0.594126
0.315199
-0.270016
-0.418742
-0.496402
-0.270913
0.119902
0.133983
-0.467234
-0.493492
-0.419925
-0.292550
-0.172933
-0.297308
-0.758279
-0.969708
-1.039114
-1.275601
-1.063230
-0.246612
0.759441
1.229872
1.187991
0.821435
0.572178
0.579006
0.609319
1.035577
1.297680
1.033022
1.004539
0.917363
0.789498
0.502734
0.660910
0.567948
-0.173121
-0.406692
-0.236296
-0.573425
-0.794209
-0.693547
-0.270600
0.158781
0.421956
0.703679
0.455558
0.509002
0.307324
0.006766
-0.460988
-0.577272
-0.693165
-0.532303
-0.767901
-0.961486
-0.747859
-0.414235
-0.306651
-0.337076
-0.296608
-0.195628
0.265229
-0.001157
-0.520554
-1.189705
-1.763723
-2.045282
-1.611818
-0.631268
0.176700
0.599416
0.881522
1.247722
1.910424
2.416472
1.996983
1.890165
1.782843
1.377136
1.064319
0.611558
0.909375
1.328385
1.105604
1.018470
1.187410
1.694407
1.732785
1.752441
1.754976
1.602227
1.513568
1.023818
0.477876
-0.675939
-1.640880
-2.090736
-2.073649
-1.444407
-0.656763
-0.203504
-0.221629
-0.097020
-0.616471
-0.959300
-0.829728
-0.192413
0.173064
0.070375
0.120203
-0.032775
-0.151062
-0.619615
-1.250041
-1.241027
-0.827100
-0.086990
0.062177
-0.116636
-0.069112
0.430338
0.703521
0.694382
0.124539
-0.305129
-0.538831
-0.227595
-0.211746
0.123265
0.278875
0.089046
0.464806
0.521417
0.481319
0.879788
0.958063
0.365102
0.076817
-0.219656
-0.341740
-0.159631
-0.311170
-0.660268
-0.789798
-0.802124
-0.621479
-0.637658
-0.821504
-0.188959
0.412253
0.284495
-0.005338
0.364112
0.786112
0.889211
0.476011
-0.516488
-0.947116
-0.801633
-0.646134
-0.421637
-0.401717
-0.338059
0.060916
0.224209
0.403035
0.762568
1.427039
1.366379
0.579171
-0.443324
-1.342373
-1.293277
-1.013562
-0.874557
-0.327950
-0.305379
-0.660609
-0.119679
0.350787
1.104562
2.100826
2.237088
1.879534
1.386435
0.959199
0.133594
-0.852875
-1.595045
-1.321337
-0.580806
0.030425
0.641977
1.389520
1.845215
1.270238
0.209395
-0.758526
-1.701130
-1.623998
-0.455430
0.490509
0.974917
1.220200
1.105719
0.349773
-0.288812
-0.551774
-0.656471
-0.288980
-0.111907
0.024400
0.239967
0.457517
0.689431
0.583941
0.785887
1.086410
1.169079
1.138441
0.924886
0.457101
0.002024
-0.582826
-1.595477
-1.703731
-1.414389
-0.431994
0.142828
0.410864
0.204754
0.207436
0.457646
0.440723
0.690269
1.424145
1.581403
1.681072
1.133448
0.286081
-0.553658
-0.952066
-1.349326
-1.643475
-1.548758
-1.338027
-0.801394
-0.197127
0.478409
0.702872
0.777366
0.635665
0.157161
-0.475771
-0.874660
-1.109649
-1.342897
-1.722113
-1.834253
-1.435467
-0.962294
-0.485087
0.000117
0.366499
0.570829
0.939184
0.735666
0.648744
0.486707
0.317802
0.692575
0.860507
0.546850
0.383900
0.378621
0.306015
-0.447600
-1.569906
-1.905260
-1.768181
-1.443665
-1.064780
-0.504495
0.165071
0.460880
0.725122
1.131579
1.085959
0.614788
-0.018618
-0.560268
-1.291326
-1.381937
-0.656973
-0.516360
-0.416098
0.041815
0.840243
1.565380
2.112916
2.087391
1.801373
1.197603
-0.024661
-1.302647
-1.932333
-1.812506
-1.452288
-1.694416
-1.553575
-0.961142
-0.271986
0.723127
1.120034
0.793555
0.644223
0.885599
0.659006
0.167879
-0.194929
-0.310959
-0.320381
-0.454439
-0.148336
0.116172
0.450393
1.120206
0.713352
0.057936
-0.330262
-0.805597
-0.891751
-0.807355
-1.132426
-1.512899
-1.288060
-0.728442
-0.121967
0.042492
0.561546
1.315358
1.653476
1.553654
1.023982
0.058337
-0.626353
-0.765255
-0.339266
-0.150091
-0.238836
0.379202
1.144541
1.637651
1.566319
1.612780
1.574216
2.083109
2.161554
1.497485
0.903569
0.942807
0.644443
-0.242728
-1.257735
-2.256992
-2.343220
-2.087731
-1.085402
-0.400183
0.114610
0.665062
0.906916
1.283728
1.135415
0.946956
0.827042
0.853191
1.027950
0.752557
0.391638
0.882316
0.586267
-0.008278
-0.505317
-0.994539
-1.011855
-0.453147
-0.061986
0.097438
0.480464
0.520417
0.355302
0.450024
0.239933
-0.012270
-0.249122
-0.513787
-0.336833
-0.576195
-1.147166
-1.334634
-1.535252
-1.430646
-1.711761
-1.441289
-1.374454
-0.999812
-0.349035
0.120968
0.392940
0.544456
0.402525
0.044810
0.062413
0.318730
0.090130
-0.298278
-0.170765
0.045052
-0.032535
0.021478
0.432866
0.488459
0.371659
1.090692
1.566749
1.626837
1.573824
0.765592
-0.424775
-1.439247
-1.807642
-1.792270
-1.681851
-1.203924
-0.630812
0.024941
0.974173
1.354260
1.516105
1.356709
0.675406
-0.810351
-2.391670
-2.791568
-2.294751
-1.814391
-1.256589
-0.984151
-0.420574
0.096109
0.502070
0.741831
0.958646
1.421644
2.037287
1.910634
1.101442
0.753534
0.855349
0.660084
0.347506
-0.078954
-0.771675
-1.292369
-1.482133
-1.336511
-0.725721
0.070664
0.756092
0.737503
0.524656
0.401242
0.840138
0.770808
0.467831
-0.006510
-0.127969
-0.072572
-0.106117
0.067851
0.424918
0.823231
1.088263
0.623226
0.684827
0.966362
1.271896
1.432558
1.213046
0.466621
0.163538
-0.498519
-0.682841
-0.893053
-0.850921
-0.478491
-0.221987
-0.390640
-0.880649
-0.686221
-0.461112
-0.640842
-0.585593
-0.291008
0.117652
0.928453
1.373753
1.287458
1.176455
0.677591
0.510932
-0.176243
-0.804645
-0.777481
0.037089
0.776208
1.521095
1.818472
1.286714
0.256765
-0.461324
-0.648146
-0.343025
-0.149113
-0.374637
-0.926162
-1.503049
-1.686386
-1.639772
-1.402406
-0.750959
0.036855
0.870054
1.148215
1.422323
0.675213
-0.296367
-0.809911
-0.510338
0.230098
0.770240
0.956004
0.549749
0.169088
-0.031861
-0.336070
-0.359694
-0.670478
-0.461219
-0.010280
0.400671
0.502154
0.385774
0.066567
-0.138216
-0.006623
-0.083376
-0.728882
-1.538367
-2.153003
-2.331286
-1.138532
-0.345017
-0.212482
-0.198368
0.033647
-0.183379
-0.457177
-0.894402
-1.463539
-1.466038
-1.323476
-0.986514
-0.665274
-0.126604
0.732790
1.082181
1.016225
0.862000
0.758960
1.085050
1.109237
1.033019
0.620913
-0.508037
-1.542101
-1.646349
-1.186610
-0.605005
0.427873
1.406893
2.005470
2.076286
1.767384
0.948444
0.355314
0.106235
0.309223
0.638633
0.392925
0.470381
0.990610
1.471133
1.970291
2.405929
2.256734
1.828416
1.190302
1.160489
1.057458
0.602303
0.184712
-0.249759
-0.381326
-0.620363
-0.928634
-1.194607
-1.229990
-0.903908
-0.655117
-0.546427
-0.437668
-0.336727
-0.172988
-0.032864
-0.026945
-0.113791
-0.379663
-0.307611
-0.785531
-1.015140
-0.856196
-0.311669
0.294893
0.363494
0.465013
0.231534
0.085491
-0.061905
-0.115722
-0.458032
-0.963281
-1.204371
-0.958218
-0.065256
0.867165
0.974286
0.778726
0.661987
0.828440
0.931451
0.907866
1.025202
0.580013
0.300537
0.542177
0.690983
0.137507
-0.602021
-0.764771
-1.047709
-0.703717
-0.431964
-1.025369
-1.478371
-1.441813
-0.545653
0.526123
1.065619
0.785783
0.022029
-0.291842
-0.174922
0.275149
0.627026
0.621078
0.019056
-0.752010
-1.141357
-0.868867
-1.234210
-0.904594
-0.352097
-0.128003
0.316181
0.612010
0.026725
-0.245558
-0.090543
0.428354
0.327883
0.133026
-0.475619
-0.353587
-0.056088
0.847180
1.482281
1.598231
1.031184
0.900241
1.056398
0.400017
-0.118943
-0.436051
-1.151279
-1.143023
-1.313465
-1.065121
-0.717796
-0.781116
-1.146480
-1.339013
-1.400582
-0.983025
-0.454217
-0.086527
0.030882
0.311511
0.567341
0.604848
0.253575
0.012458
0.186184
-0.264860
-1.052278
-1.168205
-1.292912
-1.341231
-1.162358
-1.093112
-0.705631
0.002356
0.844856
1.061806
1.184993
1.226514
0.595909
-0.370490
-1.100988
-2.159401
-2.423435
-2.328073
-2.545562
-2.194705
-1.410062
-0.741650
-0.297375
-0.242390
0.072284
0.685143
