1.471254
1.485061
0.542254
-0.087133
-0.568158
-1.065454
-1.615802
-2.007703
-1.419092
-0.694424
-0.233429
-0.308710
-0.630585
-0.614421
-0.970378
-0.741145
-0.639465
-0.146603
0.599706
0.936823
0.970182
-0.336351
-1.102825
-1.718488
-1.235869
-0.181759
0.402245
0.618931
0.275870
-0.516884
-0.655624
-0.570147
-0.874915
-0.867474
-0.362618
0.636914
0.310883
0.206095
0.686271
0.125784
-0.399415
-0.837566
-1.005489
-0.924289
0.385888
0.795613
0.882478
1.292069
1.618136
0.878774
0.233844
-0.398096
-1.217943
-1.193530
-0.159062
-0.330687
0.155836
0.761781
0.764942
0.566930
0.333739
-0.297027
-0.302317
-0.702664
-1.494553
-1.149197
-0.944675
-0.443938
-0.009982
0.690941
1.830732
1.259867
0.347362
0.320626
-0.267512
-0.282618
-0.426747
-0.090207
0.312481
0.722208
0.788841
0.829262
0.716633
0.555865
-0.510221
-1.131513
-0.796854
-0.272908
0.378140
0.734600
0.884522
0.502833
0.512966
-0.299231
-0.089364
0.335432
-0.028992
-0.655057
-0.640742
-0.251627
-0.060086
-0.015223
0.643246
0.393513
0.081745
0.426880
0.798483
0.882709
1.174074
0.950748
0.684977
0.738078
0.659688
0.518585
0.118032
0.078619
0.280171
0.329117
-0.681358
-1.162207
-0.978830
-0.617872
0.424625
0.236312
-0.572821
-0.130329
0.088039
-0.211125
-0.378175
-0.617833
-0.795934
-0.784085
-1.220124
-0.368691
-0.343398
-0.341465
0.054370
0.141359
0.582584
0.634033
0.425420
0.214042
0.449373
0.562231
-0.064045
-0.388541
0.109603
0.069711
-0.137563
-0.160131
-0.216190
-0.248458
0.025822
-0.218081
-0.561556
-0.550216
-0.450065
0.387232
0.404968
0.500767
0.390099
0.360340
0.868010
0.111814
0.011111
0.147800
0.589047
0.567171
0.603690
0.874870
0.583739
0.565246
0.327742
-0.490366
-0.525013
-0.179909
-0.479843
-0.313184
-0.050085
0.366947
0.398914
0.313211
0.199276
0.573084
0.893856
0.894548
0.335752
-0.049912
-0.207207
0.111931
-0.083941
-0.087688
-0.371191
-0.729719
-0.753014
-0.766817
-0.528274
-0.156459
-0.166975
-0.025760
0.470610
1.241404
0.841247
0.560138
0.775017
0.682956
0.676886
0.720655
0.816440
0.827418
0.578667
0.624082
0.358482
-0.501767
-0.729991
-0.814520
-1.038300
-0.796918
-0.546855
-0.253188
-0.451702
-0.402739
-0.316327
-0.684971
-0.383521
-0.129480
-0.073061
0.166105
0.511311
1.259002
1.385984
0.439433
-0.080070
-0.805984
-1.554938
-1.610004
-1.362478
-0.503770
-0.036673
0.542615
0.548767
0.592118
0.947150
0.049820
-0.412615
0.109320
-0.390541
-0.791720
-0.843748
-0.775287
-1.113678
-1.122597
-0.774887
0.110878
-0.035144
0.184822
0.658405
0.698230
1.121178
1.399441
0.899621
-0.103859
-0.653012
-0.479242
-0.327814
-0.631037
-1.202620
-0.989566
-0.515075
-0.430328
-0.433307
-0.125742
-0.224154
0.127083
0.436675
-0.436036
-0.163780
0.570664
0.304011
-0.193479
0.064177
0.634113
0.435199
0.090144
-0.144837
0.003661
0.004293
0.207392
0.715329
0.500587
0.807427
0.431524
0.050783
0.033058
0.318688
0.557768
1.008724
0.132040
-0.620109
-0.282373
-0.041720
-0.099024
-0.093948
0.265916
0.219568
-0.061094
1.110680
0.602580
-0.467099
-0.493935
-0.457415
-0.173266
-0.093533
-0.572472
-0.497632
-0.411345
0.018051
1.045735
0.725731
0.666127
-0.026994
-0.451415
-0.827807
-1.008766
-0.941952
-0.852587
-0.813584
-0.446683
0.216206
-0.086355
-0.342791
0.314657
0.578828
0.352275
-0.200727
-0.632398
-0.492155
-0.474076
-0.488300
-1.141308
-1.481982
-1.117770
-0.367272
-0.638136
-0.267945
0.077430
0.764288
0.523417
0.029701
0.789859
0.284629
-0.151381
-0.131118
-0.362979
-0.867109
-0.440738
-0.390969
0.169830
0.524244
-0.369967
-0.415634
0.227207
0.912948
1.182320
1.260588
1.018514
0.968705
1.099935
0.670925
0.087703
0.220358
0.523522
0.169856
0.047522
-0.425317
-0.428630
-0.331483
0.253618
0.182820
0.032485
0.368533
0.433873
0.100029
0.359137
0.893581
0.442851
0.368418
-0.398983
-0.295729
0.166149
0.451204
0.532463
0.431459
0.559787
0.674660
0.668938
0.715070
-0.083495
-0.328836
-0.351157
-0.360313
0.522317
0.470343
0.021610
0.373329
0.415277
0.315288
-0.023789
-0.174278
-0.220472
-0.367484
-0.650510
-0.666292
-0.577457
-0.527659
-0.710056
-0.351904
-0.023025
-0.086413
-0.322269
-0.520062
-0.272168
-0.788074
-0.789548
-0.141461
0.566055
0.696113
-0.530916
-1.274671
-0.538489
0.115940
-0.097319
-0.053573
0.459533
0.136446
-0.031406
0.258638
0.225355
0.249377
0.958421
1.107240
0.902391
0.557902
0.363373
0.531819
0.735376
0.829176
1.115575
1.331747
1.278419
0.627585
0.162709
-0.348962
-0.183719
-0.303249
-0.844320
-1.279155
-1.036067
-0.534201
-0.593312
-0.364750
-0.517865
-0.206723
-0.339878
-0.326563
-0.358204
0.105849
0.585747
-0.105772
-0.300915
0.189061
0.337262
-0.188853
-0.024491
0.046596
-0.335529
0.498687
0.942378
0.680078
0.591570
0.601318
1.229917
0.359013
-0.067827
0.120208
0.246709
0.255531
-0.462540
-0.600867
-0.157922
-0.191426
0.199080
-0.006009
-0.714905
-0.046899
-0.465259
-0.463395
0.165892
0.468389
0.661084
0.544424
0.546858
0.683228
0.916410
0.174445
-0.468161
-0.574268
-0.575445
-0.080186
-0.602780
-1.045370
-1.069780
-1.287310
-1.184522
-1.083407
-0.496484
-0.074024
0.015021
0.471905
0.740282
0.634148
0.526975
0.652951
1.066748
0.961917
0.581477
0.835587
0.570717
0.435106
0.373829
0.076847
0.112581
0.253681
0.689482
0.338161
0.397130
0.507182
0.356735
0.617281
0.540334
0.291110
0.203736
-0.131063
-0.164498
-0.573803
-0.770319
-0.860412
-0.927639
-0.643549
-0.649957
-0.769200
-0.314902
-0.016738
-0.155650
0.733831
0.478991
0.066246
0.661271
0.652168
0.122019
0.018890
-0.162351
-0.495331
-0.876741
-0.876199
0.223362
0.370827
0.525578
0.672176
0.187045
-0.643366
-0.767745
-0.894180
-0.202914
0.155653
0.200856
0.462023
-0.747599
-1.482654
-1.239440
-1.356639
-1.138274
-0.827681
-0.600636
-0.184778
-0.544059
-0.801917
-0.164600
0.164929
-0.167416
-0.041244
-0.181994
-0.210355
-0.102314
0.318260
0.699016
0.098268
0.291818
-0.219074
-0.709049
-0.393379
-0.190711
-0.036949
-0.339898
-0.044220
0.142511
0.398280
1.057941
1.142176
2.097150
1.643775
0.643626
0.963869
0.605838
0.526188
0.386051
0.011753
0.054576
0.342066
0.518606
0.038260
-0.613131
-0.105172
0.336556
0.510748
0.372577
0.015183
-0.256235
-0.652717
-0.519222
-0.196353
-0.654436
-0.707108
-0.090802
-0.376811
-1.002126
-1.048162
-0.685048
-0.697183
-0.508820
-0.006526
0.154789
0.239910
-0.042996
0.012435
0.661080
0.678417
0.884911
1.404627
1.422366
1.042061
0.878546
0.771303
0.014664
-0.319527
-0.439512
-0.113771
-0.114307
-0.969126
-1.443070
-0.996431
-0.275454
0.653998
1.228095
1.433430
0.900623
-0.481295
-1.405225
-1.588289
-1.234704
-1.049666
-0.579389
-0.040079
0.213457
-0.043526
0.108966
0.618541
0.950285
1.398244
0.942932
0.927413
0.638356
0.390284
0.776275
0.373314
-0.671340
-1.324019
-1.347586
-0.366206
0.018194
0.246620
0.992704
1.292646
0.899495
0.024846
-1.098213
-1.806292
-1.109052
0.403684
2.137489
3.115645
2.830779
1.907441
1.640006
0.285404
-0.877230
-1.330560
-1.535786
-0.837183
-0.533076
-0.330265
-0.534766
0.054761
1.332486
1.368690
0.675592
0.642346
0.649744
0.075609
-0.412610
-0.807142
-1.377851
-1.263984
-0.109708
0.390659
0.504604
0.720424
1.201452
1.398460
1.406613
0.514413
-0.830160
-2.231076
-3.106764
-3.041618
-2.670990
-1.559132
0.148862
1.565884
1.721301
1.449094
1.586831
1.210640
0.389923
-0.966289
-2.735628
-3.783228
-3.084869
-2.181949
-1.014792
0.094329
0.660593
0.400214
0.988159
1.789743
1.246471
0.226510
0.001872
-0.107914
-0.141202
-0.602933
-0.826414
-1.004280
-0.101946
0.849036
1.432249
1.435284
1.596144
1.070527
-1.046015
-2.139900
-2.370162
-1.790261
-0.388050
1.099262
2.025900
2.442160
2.981690
3.012048
2.063476
0.962890
-0.259222
-0.612609
-0.789470
-0.731235
0.215151
0.877768
0.455661
-0.030095
-0.152493
-0.238649
0.139900
-0.107678
-0.348812
-0.146549
0.594411
-0.037025
-1.032331
-0.861387
-0.012807
0.794679
0.776512
0.225860
-0.499481
-1.293070
-1.398838
-2.566652
-3.128357
-1.590809
-0.632329
0.343629
1.318879
1.795475
1.838105
1.407151
0.353616
-0.123751
-1.769232
-3.271386
-2.056131
-0.268368
0.825071
1.097578
1.560498
0.908395
-0.207372
-0.785604
-0.919344
-0.384640
-0.445648
-0.583643
0.093008
0.649950
0.536627
0.151866
0.314070
-0.833485
-1.688593
-2.158686
-2.706474
-1.922481
-0.445924
0.996954
1.940567
1.743325
1.422005
1.249876
1.013869
0.514260
0.050139
-0.155380
-0.202872
-0.045270
-0.442333
-0.621629
-0.463350
0.310600
1.323397
1.041787
0.570341
0.587002
-0.580726
-1.295391
-0.250314
1.161418
1.970462
2.378877
2.554722
1.769565
0.907598
0.123585
-0.172556
-0.245937
-0.002474
0.267453
0.519361
0.605206
0.451629
0.501757
0.163245
-0.478213
-1.108275
-0.976049
-0.624270
0.017426
0.388801
-0.107527
0.056718
0.533031
0.433036
0.361208
0.056194
-0.001915
0.836549
0.855291
1.343224
1.921281
0.256691
-1.034212
-1.275322
-1.919730
-1.741526
-1.609194
-0.937270
-0.016393
0.846613
0.837348
0.110078
0.183327
-0.587716
-1.234663
-0.868788
-0.314919
0.189106
0.056424
-0.459988
-1.080270
-1.296171
-1.429032
-1.162075
-0.234766
-0.555289
-1.296952
-0.804075
-0.052369
0.185621
0.406003
0.775043
0.789632
0.845528
1.259672
1.780073
1.009217
-0.973625
-2.833712
-3.354888
-3.119598
-1.825422
0.091589
1.063449
1.174363
0.576590
0.456492
0.387548
-0.851979
-1.934073
-0.950736
-0.251311
0.526218
1.332023
2.030944
2.586148
3.056570
3.731135
2.399975
0.510659
-0.410784
-0.836348
-0.813654
-1.231124
-1.563268
-1.229547
0.159015
1.644147
2.539348
1.768664
1.364212
0.994589
-0.024353
-0.292003
-0.815414
-1.853092
-1.818680
-2.456370
-2.643846
-1.937436
-0.237777
1.474144
3.357428
3.651903
2.600203
1.234311
0.007567
-1.250510
-2.687830
-3.200108
-3.824495
-4.059493
-2.550765
-0.585790
1.694057
2.489685
2.370120
1.964131
1.898941
1.964661
1.633052
0.909319
0.184317
-1.038732
-2.566841
-3.749260
-3.978569
-3.126205
-1.526943
-0.357196
1.545358
1.897364
2.149888
2.670093
2.727187
1.614449
0.197535
-0.772638
-1.232201
-1.717655
-2.149556
-2.080775
-1.564890
-0.789196
0.436380
0.313003
0.545284
1.105978
