-1.741823
-0.931492
-1.175456
-0.289442
0.544136
1.454975
2.327164
1.479522
0.548762
0.435171
0.111490
-0.298812
-0.206754
0.866846
1.983561
1.291977
1.549528
0.545357
0.187129
-0.331545
0.221554
0.472136
0.808986
0.917786
0.083046
0.242960
0.985590
0.285631
0.092453
0.057884
0.650915
0.806411
0.823504
0.744083
0.372914
0.399004
-0.044227
-1.806193
-1.242303
-0.465530
-0.454344
-0.726190
-0.074709
0.517965
-0.784358
-1.146219
-0.631911
-0.652093
-0.387248
-0.728727
-1.604447
-0.447415
0.725021
0.653483
0.001638
0.217874
0.089076
0.232069
0.584811
0.069284
-0.559351
0.592786
0.762743
0.433538
0.579751
-0.020204
0.586070
0.818961
-0.323307
-0.718353
-0.314751
-0.782923
-1.086190
-0.929358
-1.326030
-1.338262
-1.805136
-1.968245
-1.991508
-0.772554
-0.104559
-0.773003
-0.684093
-0.993543
-1.164816
-0.614876
0.364814
0.701951
1.322057
0.468936
-1.612920
-0.607566
0.462026
0.239983
-0.202446
0.058585
0.291258
0.569264
0.579180
0.457818
-0.000302
-0.583901
-1.453962
-1.217997
-1.208221
-1.194378
-1.334108
-0.996959
-1.107002
-0.584987
-0.100703
0.376235
0.312760
-0.412186
-1.266809
0.193268
0.445258
0.489087
1.333763
1.648983
1.711185
1.390127
1.623569
1.118462
0.547061
0.905359
-0.498600
1.190100
1.845586
1.035869
0.628608
0.290545
0.463515
0.015372
0.382657
0.555116
-0.356659
-0.374178
-0.187797
-0.142791
0.391975
0.396744
1.293453
0.590725
-0.183624
-0.358416
0.044945
-0.079514
-0.074769
-0.264773
-0.311016
0.455349
0.681625
0.129763
0.113017
-0.054557
-0.939354
-0.871240
-0.334967
-0.437564
-1.493868
-0.378692
0.385940
-0.579931
-0.216582
0.426027
0.346882
0.332513
-0.336565
-0.026514
-0.175968
-0.629068
-0.910187
-0.258244
-0.194979
-0.088997
-0.248886
-1.258273
-1.309944
-1.760555
-0.940517
-1.012424
-0.752835
-0.187958
-0.105808
0.073191
0.231411
-0.174688
-0.655585
0.745477
0.849937
0.935697
0.881228
1.382520
1.187784
1.703472
0.489311
-0.176353
-0.532540
0.372625
1.129753
0.615424
0.114641
-0.289746
-0.728132
-0.975243
0.158319
0.719842
0.711942
0.635399
-1.322737
-1.015409
0.349464
0.432011
-0.022519
-0.357361
-0.365996
1.055864
1.347128
0.886296
0.367825
0.497131
0.570445
1.055233
0.423033
0.283618
0.597373
1.497232
0.726245
0.110301
0.130942
-0.730078
-0.717669
-0.173697
1.056966
0.925243
0.159803
-0.194532
-0.604619
0.309285
0.933339
0.351877
0.374633
0.257069
0.672595
-0.049102
0.071393
-0.077539
-0.909635
0.552332
0.889871
-0.350508
-0.858062
-0.752432
-0.340333
-0.772075
-1.610851
-1.404349
-0.446985
-0.571014
-1.769940
-1.537016
0.389145
1.319819
0.825870
0.753745
0.548122
0.543886
1.547966
1.444873
1.530431
1.433478
0.476703
-0.114317
-0.387206
-0.744530
0.881617
-0.101109
-1.110356
-0.634411
0.101154
0.387570
-0.562642
-1.196396
-1.125306
-0.475616
-0.295830
-0.832563
-1.382984
-2.000837
-1.488496
-0.742383
-0.172740
-0.100809
0.129637
0.149822
-0.270823
-0.723508
0.244044
0.168199
0.186300
-0.651757
-0.121565
-0.264941
-1.180392
-0.794448
-0.365855
-0.869420
-0.513333
-0.361659
-0.599322
-1.247219
-0.649809
0.282617
0.256936
0.849538
0.057090
0.019686
0.374621
0.500612
0.813952
1.433616
1.032541
0.617956
0.939250
0.484714
-0.188263
-0.241300
-0.400693
-0.293006
0.647873
0.571208
-1.151715
-0.544341
0.858341
1.121309
0.525256
0.184702
0.436219
1.041711
0.584972
0.355425
0.091908
-0.129942
-0.264116
-0.155348
-0.998181
-0.843889
-0.021443
0.511156
0.714439
0.090807
-0.243792
0.890388
0.921980
-0.048838
0.168223
0.887041
-0.230853
-0.965802
-0.653461
-0.653160
-0.791523
-1.538465
-1.388861
-0.794838
-0.660093
0.240336
-0.108734
-0.408404
-0.920901
-1.289532
-0.873003
-0.263337
-0.216467
-0.132852
-0.935545
-0.014370
-0.332226
-0.459812
-0.093888
-0.127261
0.832181
0.688486
-0.194826
0.757932
-0.005187
-0.457341
-0.813533
-0.700076
0.325732
-0.219999
-0.743272
-1.078324
-0.460900
-0.378413
-0.425668
0.591439
0.300622
-0.688373
0.450223
0.474634
0.168664
-0.021271
-0.437660
0.038629
0.311977
0.384279
-0.095278
0.394236
0.008788
0.299847
-0.153564
0.357330
0.395979
0.070671
0.807200
0.461126
0.235558
0.310140
-0.116419
0.081796
0.191824
0.810530
0.287323
-0.721406
-0.265093
-0.030554
0.945415
0.754078
0.052586
-0.472775
-1.141876
-1.167937
-0.818849
0.102494
0.343223
0.141182
-0.101578
-1.102360
-1.335374
-1.242382
-1.964527
-0.276493
0.390172
-0.849848
-0.773896
-0.715408
-0.093858
-0.137862
-0.847512
-0.966747
-0.062482
0.603274
0.855819
0.761157
0.930092
0.778474
1.104425
0.970228
0.978572
0.326834
0.670093
0.907407
1.093279
0.804610
0.831049
0.515936
0.307837
-0.464225
-0.944571
-0.471889
-1.079686
-0.418826
0.339908
0.381497
-0.163581
0.021448
-0.190116
0.178867
0.014180
0.179675
-0.001894
-0.176625
0.062752
0.164346
0.172327
0.727618
-0.532031
-0.965009
-0.555686
-0.058531
0.299824
-0.985476
-1.407931
-0.871288
-0.518718
0.614931
0.334625
-0.215541
-0.224557
-0.395990
-0.721183
-1.411185
-1.139085
-0.344151
-0.165347
0.012976
-0.108732
0.340177
0.946019
1.107163
1.281178
1.010109
1.182453
0.608032
0.862139
0.849645
-1.151996
-0.581167
0.653143
0.301640
-0.736490
-0.837029
-0.836481
-0.788506
-0.406817
-0.362441
-0.385114
-1.134216
-1.201304
-0.118501
0.170828
-0.092019
0.412638
0.896838
-0.335137
-0.984715
-1.034281
-0.831865
-0.688532
-0.149416
0.103060
-0.278463
0.092205
-0.061870
-1.011923
-0.448133
0.665705
0.834766
0.383858
0.047194
-0.410034
-0.081047
-1.027864
-1.852509
-0.698034
-0.305034
-0.401254
-0.740844
-0.915711
0.165696
0.601422
0.029541
-0.583219
-0.209763
-0.264611
-0.137616
-0.020601
-0.330475
0.572884
1.436366
1.073477
1.024182
0.350302
0.912164
1.208234
0.568029
-0.030472
1.051924
1.747775
1.133841
0.242675
0.251441
0.148374
-0.148420
0.260161
-0.008705
0.523683
0.871139
1.151743
1.829361
1.723572
1.026124
1.023984
1.511637
0.926191
0.731922
0.316579
0.883327
1.667501
1.395169
-0.150799
-1.014345
-0.508529
-0.710845
-0.850535
-0.748615
-1.122001
-0.956876
-0.976288
-0.744041
-1.712798
-2.094944
-1.461627
-1.137743
-1.094070
-0.880900
-0.909474
-0.500141
-1.065005
-1.778467
-1.456791
-1.884880
-1.566253
-0.975318
-1.184258
-0.524392
0.034179
0.491605
0.665921
1.346327
1.131962
0.319124
0.263461
1.156112
0.850768
0.972222
1.051191
0.763913
0.379829
0.339558
-0.110918
-0.076109
-0.208819
-0.735767
-0.898495
-1.254026
-1.708680
-0.457797
0.375261
0.237836
0.504501
-0.379586
-0.393003
-0.493507
-0.142625
0.297578
0.743870
-0.174334
-0.599327
-1.415423
-2.241041
-2.298915
-1.861272
-0.974920
0.533215
0.477869
1.736953
2.548616
2.433614
1.242076
0.893823
0.926511
0.720923
-0.037656
-0.765190
-2.164531
-1.978558
-1.383809
-2.105934
-1.992334
0.093793
1.111690
1.483237
1.693662
1.167667
1.238339
1.419661
0.324457
-0.282236
-0.204208
-1.636787
-2.753420
-1.711669
-1.049474
-0.747507
-0.615995
-1.128542
-1.111845
-0.222618
-0.891431
-0.846603
-0.970928
-0.673918
-0.044564
0.465382
0.464307
0.761064
0.833067
0.203094
-0.491146
-0.973786
-1.330643
-1.735199
-1.161319
-0.308630
-0.035388
0.546863
0.233623
1.146411
2.004625
1.834619
2.077283
0.904222
-0.236671
-0.061092
0.945729
0.930984
0.492874
0.023394
1.557542
2.441367
1.550347
0.986601
0.588114
0.617132
-0.007877
-0.951387
-0.557526
0.097489
0.294410
0.335026
0.626280
1.012564
2.028427
2.401678
1.566429
1.951620
1.936620
0.995961
0.670371
0.811378
0.326593
0.276171
0.626223
-0.469422
-0.394965
-0.664802
-1.484291
-0.979363
0.155743
0.712853
-0.393587
0.035488
0.248882
0.253041
-1.200005
-1.547767
-0.730850
-0.484818
-0.236558
-0.462285
-1.333178
-1.872994
-3.577129
-2.268426
-1.389161
-2.241681
-2.310361
-2.594110
-2.626175
-2.570497
-2.280616
-0.825323
0.306325
0.057093
-1.166824
-0.155295
0.801962
0.380356
0.686878
0.133726
-0.586782
-0.691074
-0.440420
-0.078821
-0.452481
-1.273249
0.388136
1.480118
1.727610
1.022041
0.957448
2.947838
2.422408
1.903163
2.853181
1.997082
0.498035
-0.194477
-0.188104
-0.947337
-1.356817
-0.657736
-0.818091
0.641773
0.262764
1.853541
2.234490
1.227521
1.154546
0.682454
0.095512
-0.263254
0.842975
1.074261
0.966804
0.964949
0.823449
0.705838
-0.324521
0.136508
0.483709
1.133019
1.265201
1.384821
1.035876
1.440957
2.317826
1.989097
1.081238
0.766804
0.399121
-0.197908
-0.374267
-0.958503
-1.941302
-2.348346
-1.935891
-1.312270
-0.651224
-0.440688
-0.144785
-0.021895
0.279657
0.471583
-0.197798
-1.130416
0.511846
0.089722
-0.689962
-0.838054
-0.865567
-1.380299
-2.215527
-1.970309
-4.111517
-3.699203
-1.945241
-1.793457
-1.327012
-0.158338
0.917577
1.666413
1.262167
0.452943
1.031450
1.159955
0.968828
0.181353
0.720829
1.086732
0.495349
0.057430
-0.340525
-0.480208
-0.525649
-1.284339
-0.751203
-0.456698
0.004208
-0.830306
-1.283169
-1.527610
-1.573141
-0.755851
-0.008535
-0.100474
0.495099
1.725806
1.959707
1.632068
0.512490
0.207642
-0.313281
-0.142343
-0.037607
-0.596534
0.009750
-0.606256
-1.098294
0.231465
0.552467
-0.255306
0.817643
1.274583
1.887206
1.951340
2.256283
2.401632
2.143755
0.833611
0.970510
0.880528
0.549645
0.115729
-0.724763
-0.449888
-0.672698
-1.038528
-0.871837
-1.238831
-0.575837
0.186541
1.517005
2.324023
1.799727
1.782873
1.089555
0.915493
0.949999
0.763118
0.007802
0.053781
1.192254
-0.467659
-1.213181
-0.577749
-0.797319
-2.600575
-2.938373
-3.080262
-2.530618
-2.037890
-1.386244
-1.175673
-1.175954
-0.714375
-1.586865
-0.625165
0.703895
-0.359045
-0.725535
0.009327
-0.879429
-1.652515
-0.898834
-0.322374
-0.893465
-0.182161
1.339183
1.093927
1.978191
2.707606
1.534759
-0.147547
-0.763446
-0.717978
-0.570809
-0.114707
1.050304
0.921511
1.119967
1.351795
1.641498
0.872044
1.558051
2.527474
1.849217
1.078304
0.594018
0.241016
-0.266246
-0.146548
-1.149643
-0.543510
0.085989
0.807452
1.299861
0.578561
0.932126
1.181295
1.177027
1.170116
2.218710
1.839214
0.018086
-0.742388
-1.541728
-2.198356
-2.409119
-0.226477
1.878982
1.587175
1.447189
1.445043
1.939713
1.839685
1.161779
0.931145
1.007940
-0.912466
-1.069135
