-0.604515
-0.631027
-0.712230
0.036543
-0.353338
-0.634188
-1.064496
-1.360413
-1.436110
-1.466633
-1.716255
-1.052834
-0.223542
-0.220809
0.076804
0.565151
1.040178
0.659393
0.324585
0.870658
0.531714
-0.011762
-0.036997
0.094808
-0.692873
-0.819204
-0.473183
-0.885079
-0.036601
0.367547
0.456470
0.077650
-0.303335
-0.365304
0.196450
0.824792
1.420475
1.390503
0.159273
-0.244524
-1.156343
-1.703519
-0.785989
-0.233408
0.048668
0.264542
-0.458605
-0.525510
0.259352
0.334334
0.249843
0.967680
0.786814
-0.223403
0.074485
-0.725719
-1.012237
-0.292786
-0.158145
-0.919510
-0.829630
-0.712671
0.508160
1.037737
0.954931
1.076000
0.605627
0.472442
1.065697
0.598818
-0.053148
-0.198069
-0.382445
0.158034
0.431208
-0.441329
-1.197742
-1.412511
-1.592873
-1.797679
-1.829866
-1.224034
-0.582612
0.197051
-0.118987
-0.838777
-1.132684
-1.168564
-2.206387
-2.354719
-1.709134
-1.057442
-0.694817
-0.104954
0.195063
-0.285027
-0.281262
-0.004701
0.315711
0.816105
1.085557
1.081300
0.870669
-0.238178
-1.305527
-0.806629
-0.144321
0.132108
0.213412
-0.111742
-0.139209
0.610797
1.664808
1.829380
1.775238
2.524338
2.301579
1.770495
1.496191
1.644289
1.541659
1.634561
2.107982
2.497346
2.376555
2.040817
1.323525
0.747008
0.337585
0.165560
0.239907
0.440371
0.091111
-0.240215
-0.311468
0.172426
0.117927
0.107528
0.293885
0.905704
0.945137
1.043919
1.628623
1.505103
1.279795
0.877758
0.509246
0.480977
-0.201440
-0.948640
-0.629425
-0.043435
0.245314
-0.141915
-0.337310
-0.292653
-0.122377
-0.649039
-1.200208
-1.227816
-0.837538
-0.441500
-0.942440
-1.466107
-1.987275
-1.858124
-1.736272
-1.841626
-1.134742
0.302365
0.984498
0.919919
0.272323
-0.875021
-0.835614
-0.406891
-0.654416
-0.603814
-0.251057
-0.627996
-1.454375
-1.324935
-0.911195
0.307154
1.047682
0.588257
0.930922
1.512816
0.795073
0.854268
1.317091
0.341831
0.072593
-0.065415
-0.553758
-0.980151
-1.090285
-0.605486
-0.478895
-0.047631
0.440943
0.224417
-0.626941
-1.235115
-1.314989
-0.644663
-0.226583
-0.181313
-0.382073
-1.367117
-1.501411
-0.701821
0.279467
0.939187
1.621898
2.060739
1.901469
1.814652
1.468465
0.749405
0.654169
0.702901
0.591752
0.364555
0.795484
1.208773
1.590615
2.315483
1.989149
1.536766
1.846900
1.297381
1.249863
1.972003
1.687882
1.202882
0.685482
0.041664
-0.528862
-0.244930
0.381164
0.504879
0.200424
0.658431
0.376950
-0.342533
-0.237421
0.415190
1.386216
1.561184
1.361314
0.077654
-0.773182
-0.743196
-1.522926
-1.543633
-0.894796
-0.303579
0.571791
0.377857
-0.452522
-0.844312
-1.654116
-1.722221
-0.996681
-0.796464
-1.258993
-1.362271
-1.233547
-1.146888
-1.074650
-0.782101
-0.072753
0.532881
0.824741
0.119859
-0.768975
-1.272994
-2.231546
-2.329201
-2.266599
-2.554478
-2.257191
-1.989273
-2.069098
-1.825236
-1.451490
-1.543294
-1.911107
-0.946623
-0.846948
-1.131733
-1.206203
-1.424016
-1.440498
-1.701317
-1.960693
-1.510381
-0.482997
-0.565760
-0.524572
-0.320249
-0.561959
0.016111
0.075226
-0.457118
0.175103
1.146264
0.907745
0.644022
0.981572
0.823444
0.418375
-0.004153
0.672613
1.805711
1.893238
1.703753
1.406628
1.417033
1.518590
1.098923
0.735088
0.783941
0.696303
0.075418
-0.130947
-0.201500
-0.262404
0.275717
0.840192
1.198473
0.872725
0.887908
0.416182
0.107439
-0.349451
-0.290401
-0.101983
-0.091274
0.277208
0.312329
-0.587547
-1.759328
-1.776147
-1.917971
-1.745183
-1.172526
-0.609613
-0.833567
-1.217258
-1.396175
-1.129348
-0.107929
0.272547
0.109502
0.174458
-0.123771
0.013186
0.247487
0.787001
1.018959
1.096337
1.326714
0.718301
0.051051
0.042124
0.651145
1.086518
0.989538
0.041219
-0.142300
-0.145082
-0.302400
-0.310996
-0.044222
-0.455948
-0.637573
-1.041419
-1.301424
-0.928260
-1.115970
-0.955049
-0.945386
-0.124658
0.459309
0.068143
-0.196103
-0.702512
-1.189902
-1.357052
-0.907744
-0.350061
-0.426120
-0.397666
0.520182
0.204094
0.184040
0.357380
0.217037
0.147164
0.381600
0.544903
0.931444
1.014563
0.791256
1.155187
0.323533
-0.174394
0.160321
0.451554
0.250197
-0.145823
-0.378934
-0.391946
-0.176269
-0.551783
-1.134436
-0.560205
-0.135379
-0.039729
0.299390
1.209049
1.027266
0.291608
0.509383
0.439706
-0.144145
-0.365201
0.331609
0.853190
0.492867
0.216014
0.565283
0.737749
1.201871
1.713610
1.098299
0.487418
0.802869
1.157054
1.312937
0.813316
0.446729
0.607810
0.823362
0.947221
0.672771
0.607121
0.732441
1.250245
0.699394
0.314630
-0.107056
-0.564947
-0.422243
-0.497170
-0.477116
-0.515965
-0.361993
-0.690024
-1.194750
-1.341984
-1.358461
-1.290932
-1.013673
-0.685611
-0.502361
-0.931089
-0.953774
-0.893260
-1.017843
-1.116510
-1.143915
-1.233696
-1.150548
-1.370862
-1.840616
-1.069803
-0.483287
-0.369826
0.093717
0.059726
0.996754
1.318917
1.401638
1.663815
0.822528
1.037252
1.421681
1.896441
1.768329
0.670764
0.129383
0.240882
0.438095
0.550573
0.302813
-0.201574
-0.508152
-0.063836
0.871762
1.923367
2.126996
2.102388
1.021983
0.013234
-0.136819
0.246303
0.815600
-0.253259
-1.190310
-0.966767
-0.554896
-0.576994
0.303749
0.680250
1.367122
1.850547
1.227737
1.747970
1.014931
0.381934
0.434106
0.384239
1.173435
0.495326
-0.302592
0.167213
0.173422
0.080397
0.040316
0.402995
0.188195
-0.033937
-0.442991
-0.138228
0.339465
0.033152
-0.464556
-0.911368
-1.169485
-1.015618
-1.167086
-1.040235
-0.761789
-0.149987
-0.150198
0.423531
0.915877
1.314628
1.385673
0.845244
0.694819
0.643797
-0.152748
-0.716255
-1.042741
-1.839832
-1.551315
-0.534187
-0.953244
-1.044151
-0.685377
-0.012608
0.610217
0.938059
0.598061
0.458230
0.125564
-0.372104
-1.016549
-1.112611
-1.166681
-0.946608
-1.224471
-1.418548
-0.987222
0.054070
0.459120
0.383480
0.639336
0.391097
0.014841
0.310525
0.376994
-0.200743
0.046708
-0.423506
-1.716570
-2.163640
-2.042553
-1.523569
-0.519982
-0.347494
0.344296
0.289008
0.214471
0.630546
0.651340
0.877796
0.286382
-0.115523
0.771337
-0.429382
-0.958978
-0.768139
-0.531813
0.199748
0.055677
0.296939
0.789542
1.477793
2.275535
2.507259
2.958012
2.578737
1.633415
-0.041051
-0.935094
-1.404231
-1.223117
-0.894148
-0.608844
-0.485866
-0.219569
0.457807
0.981893
1.538535
1.632881
1.619738
1.049068
0.531710
-0.515474
-1.462331
-2.200942
-1.891772
-1.580715
-2.045396
-2.505045
-2.167665
-1.690124
-1.640020
-0.974182
-0.738152
-1.074491
-0.600403
-0.225164
-0.976900
-1.596453
-1.626316
-1.263972
-1.245009
-0.501037
-0.796374
-1.310354
-0.311436
0.342529
0.532586
1.085718
2.336042
3.126330
3.066607
2.766345
2.438260
2.812676
3.829751
2.467866
1.442307
1.423036
1.320691
1.619254
0.616503
0.600458
1.472253
1.507909
0.690169
0.402487
0.207600
0.579693
0.310140
0.267948
0.181373
-0.516657
-0.920899
-0.509024
-1.026202
-1.425098
-1.086261
-0.786488
-0.141175
-0.389214
-0.141315
0.051883
-0.080518
-0.392220
-0.372415
-0.192281
0.219887
0.073745
-0.513941
-1.015074
-0.540494
-0.703909
-0.932776
-0.963826
-0.719300
-0.432496
-0.401803
0.061398
0.116641
0.257440
-0.515307
-0.439759
0.207003
-0.407781
-1.051512
-1.418817
-1.918886
-2.043244
-1.912521
-0.390975
-0.009423
-0.492834
-0.277816
-1.022750
-1.370040
-1.747328
-1.750306
-1.732318
-1.290651
-1.285489
-1.322008
-0.715333
-0.546153
-0.576015
-0.974379
-0.293850
0.391618
0.634074
-0.318660
-0.535627
-0.311189
-1.221142
-1.299232
0.517780
1.079850
0.613333
0.676098
0.884559
0.864154
0.401163
0.524561
0.751135
0.850293
0.643730
1.167692
1.217708
1.272276
1.325555
0.988758
0.410726
0.407606
0.628514
0.647737
0.496903
0.164238
0.274848
0.647263
1.047131
1.105112
0.520607
0.093559
-0.599998
-0.576378
-0.203947
0.018544
-0.161808
-0.442549
-0.456419
-0.124340
0.039804
-0.416727
0.042154
1.120417
1.716839
1.948865
0.844299
0.712796
0.520718
0.693866
1.129640
1.127725
0.792317
-0.529729
-2.077282
-2.183248
-1.633926
-0.957009
-0.287044
0.470399
0.521383
0.240034
-0.100838
-0.212677
-0.543764
-0.608703
-0.941739
-0.598594
-0.562230
-0.121958
-0.274346
-1.137916
-0.694317
-0.286894
0.067082
0.999786
0.376515
-0.063993
0.305799
0.773589
1.070705
1.060063
0.721114
0.472866
0.355007
0.145715
-0.519957
-0.846857
-0.384204
-0.103776
0.642333
1.077376
1.239479
1.002768
0.964689
1.286455
0.893723
0.822531
1.254392
1.144459
0.465419
-0.142042
-0.211129
-0.195949
-0.244887
0.092859
0.217329
0.630254
0.864751
0.947810
0.896211
0.347943
-0.540587
-0.701481
0.171190
0.380899
0.424221
-0.601261
-1.021554
-0.853692
-0.669906
0.395486
0.104337
0.430970
1.608009
1.810998
0.694555
-0.513775
-1.464446
-1.875416
-1.321647
-0.804259
-0.660985
-1.024577
-1.125761
-0.598595
0.157454
0.798635
0.626414
1.354511
1.672628
1.990249
2.174686
1.475251
0.560585
0.014314
0.248448
0.697311
0.395720
-0.320601
-0.556837
-0.045744
0.071021
-0.298919
-0.338357
0.274384
0.966506
0.461074
0.384942
0.408045
0.048376
-0.996606
-2.668111
-2.578653
-2.157007
-2.113088
-2.041679
-1.751999
-1.569286
-1.028170
-0.232406
0.412741
0.604514
0.468996
-0.259251
-0.433974
0.246303
0.466737
0.121105
-0.186318
0.110879
0.075636
-0.528391
0.318312
0.534538
0.531685
0.939347
0.851336
0.588076
0.468042
-0.335469
-0.095414
-0.446190
-1.207912
-0.130751
0.642633
0.535580
-0.484802
-0.965241
-0.448997
-0.076786
0.386549
0.731192
1.556514
1.537864
1.041238
0.414031
0.286880
-0.098797
-0.267706
0.107752
0.418765
0.587531
0.785539
0.337747
0.267762
0.253309
0.391865
-0.066991
-0.619746
-0.554736
-1.274046
-1.529921
-1.342672
-0.809999
0.049106
0.389013
0.032900
-0.899717
-1.021078
-0.772502
0.012990
0.428467
-0.158691
-0.899765
-0.990671
-0.906302
-0.429796
-1.121722
-1.396058
-1.279146
-0.467616
0.028251
0.255565
-0.144679
-0.365071
-0.468955
-0.107170
0.431387
-0.376187
-0.773295
-0.546075
-0.147102
0.255195
0.170268
-0.030727
-0.392864
0.165166
1.167649
1.295284
-0.144145
-0.497053
-0.274836
0.562384
1.030632
0.721480
0.944506
1.782686
2.032106
2.084024
1.214673
0.858610
0.608970
0.727575
1.209166
0.803882
0.699740
0.735217
0.478440
0.267465
-0.119296
-0.316565
-0.655046
