0.467485
0.195726
-0.365310
0.704902
0.985347
0.903675
1.610702
1.521483
0.724059
0.219043
1.601644
1.623593
1.112903
1.109079
-0.213598
-0.145011
0.604347
1.135052
0.545235
0.428356
1.474291
2.060740
1.552487
-0.674079
-1.066754
-0.963949
-0.110166
0.621787
0.843742
1.057158
0.922109
0.510141
-0.137545
0.267512
0.883942
1.327011
1.269520
0.058215
-0.831618
-1.282564
-0.627479
0.432998
0.028954
0.397374
0.478102
0.243234
1.095489
0.776794
0.228378
0.560542
0.942967
0.075730
-0.366700
0.170520
0.261919
0.095581
0.723661
0.565082
0.238104
1.295153
0.925531
1.045716
0.963310
0.368315
0.988226
0.417444
-0.098010
-0.478585
-0.792612
-1.310980
-1.066445
-0.986484
-0.481119
0.349714
0.182728
-0.532566
-0.419402
-0.416646
-0.856213
0.097837
0.535778
0.487234
0.015870
-0.785324
-0.427791
0.444146
0.823868
-0.169716
-0.118349
0.907218
0.904884
0.662311
1.303367
1.722093
1.575664
1.520760
0.339909
0.641085
1.240056
0.846135
0.192376
-0.059331
-0.532483
-1.030823
-0.778736
0.713044
1.207301
0.330179
0.653413
0.765223
0.494687
0.131963
-0.597110
-0.655269
-0.239393
-0.367436
-0.615934
-0.960471
-0.790196
-0.379501
-1.199853
-2.517840
-1.751962
-0.854932
-0.752815
0.289825
-0.022663
-0.646329
-0.623119
-0.815579
-0.975836
-1.474780
-0.440252
-0.326168
-1.109562
-1.288349
-2.286588
-2.298084
-0.449447
0.695892
0.744040
0.386515
0.316899
0.651622
0.638172
-0.051009
-0.453838
-0.487354
-1.239491
-1.113853
-1.220862
-0.584435
-0.034158
-0.444013
-0.186481
0.798590
1.208734
0.875884
1.231856
0.979294
0.694904
0.407501
0.565182
1.175724
1.549060
1.444810
0.399080
0.522777
1.295131
0.991943
-0.376950
-0.930990
-1.180190
-0.307383
1.390188
2.095204
1.823834
0.701614
-0.097962
0.665785
-0.243209
-1.035840
-0.335962
0.290341
-0.558681
-0.361937
-0.449844
-0.513466
-0.119661
-0.051935
0.217240
0.568830
0.280327
0.589899
0.523596
0.070457
-0.998224
-0.711749
0.379828
0.378490
-0.277783
-0.510311
-0.492997
-0.460717
-1.024845
-1.459690
0.178371
0.923962
-0.011717
0.329057
0.894339
0.588728
0.486254
0.021456
-1.129447
-1.355668
-0.573350
0.280106
1.075572
1.474739
1.140663
1.196815
0.129131
0.120412
0.825617
1.271135
0.503709
0.357840
-0.217981
0.233573
-0.155517
-0.275823
-0.319217
-0.483960
-0.093419
0.072787
-0.263567
-1.204102
-1.832534
-2.714979
-2.738924
-2.133126
-1.511293
-2.185374
-2.032228
-0.455211
0.379286
-0.553260
-1.136069
-0.006994
0.707827
0.256324
0.507574
0.071726
-0.071976
0.140767
0.373132
0.081887
-0.599833
0.366211
1.109059
1.154025
1.917363
1.366343
0.512055
-0.673409
-0.466455
0.601951
0.261579
-0.123005
-0.987933
-1.151728
-0.619136
-0.649693
-0.555849
-0.387985
0.054593
-0.729006
-1.079558
-1.194409
-0.656181
-0.027454
-0.410147
-0.120813
0.966821
1.707607
1.889782
1.552670
1.386238
0.789376
0.194919
0.589270
1.220687
1.457894
1.668575
2.098590
2.763560
2.547532
2.015625
1.690773
0.322512
-0.394158
0.038701
-0.518607
-1.626896
-1.735010
-1.745262
-2.330138
-2.349131
-2.171639
-1.565193
-1.749095
-2.201472
-2.661725
-1.451418
-1.401973
-1.298516
-1.022951
-1.818136
-1.808899
-1.463270
-0.742225
0.049675
0.341593
0.002230
0.494032
1.215264
1.844167
1.541215
2.138364
2.281999
2.909093
2.784632
2.556706
3.222525
2.416696
2.160968
1.995178
1.018466
1.028054
0.486026
0.987026
1.648400
2.258659
2.471085
2.078652
1.327195
0.068370
-0.023078
0.202905
0.263655
1.019876
1.074556
0.055696
-0.237412
-0.415365
-0.821676
-0.908884
-0.277113
0.450900
-1.327220
-2.008783
-1.445151
-1.673121
-0.936547
-0.013290
-0.716387
-0.985669
-0.284671
-0.869959
-2.380498
-1.874189
-1.401436
-0.623717
0.066857
0.354951
-0.093385
0.195301
0.707381
0.648695
1.052121
1.089345
0.562510
1.515739
1.466953
0.453980
0.970904
0.678783
-0.118933
-0.184211
0.347030
0.857398
0.751055
-0.522573
-0.253204
-0.421262
-1.006316
-0.321588
0.341299
0.655148
0.575619
-0.345668
-1.109940
-1.625147
-1.064277
-1.075516
-1.393744
-0.885664
-0.004114
-0.105365
-0.503974
0.211444
0.480547
-0.012803
0.212992
0.213531
-0.439509
-1.058581
-1.373168
-0.919436
-0.802320
-1.376789
-1.812308
-1.544234
-0.211775
0.511611
-0.512514
-0.679836
0.013765
0.068085
-0.066783
0.484242
0.182744
-0.142609
0.048049
-0.864057
-1.012055
0.201906
0.704756
0.579920
-0.202134
-0.741274
-0.348777
-0.047121
-0.338047
-0.573305
0.032601
-0.037440
-0.336528
-0.911731
-1.059870
-0.467880
-0.172668
0.058958
0.024039
-0.291773
0.103514
0.596956
-0.390814
-0.458510
-0.580956
-2.070068
-1.770671
-0.381930
-0.062526
-0.705383
-0.823077
-0.384874
0.342096
-0.149699
-0.098733
0.475019
0.381851
0.598531
0.730447
0.348876
0.805310
0.997348
0.676004
1.308407
1.195923
1.481849
1.448705
0.579120
0.216992
-0.167388
-0.598208
-0.100679
-0.572487
-1.103748
-0.828183
-0.251487
0.436170
-0.157763
-0.505765
-0.296870
-1.115064
-1.379833
-0.509965
-0.377619
-1.080541
-0.753158
-0.539991
-1.493053
-0.822505
0.835820
0.919314
0.277604
0.454140
-0.581886
-0.095839
0.773706
0.531483
0.035151
-0.222642
0.032731
-0.022326
0.023258
-0.629644
-0.375614
-0.276235
0.112019
0.594991
1.121650
1.299856
0.513771
0.484696
0.318617
0.128795
0.847119
0.979919
1.404593
1.087257
0.383056
0.391339
-0.058574
-0.666475
0.097232
1.174691
0.624483
0.601812
0.305091
-0.940895
-0.149863
-0.725664
-0.660291
-0.221865
0.013536
-0.065936
-0.942304
-0.977319
-1.370053
-1.022663
-0.957852
-1.956802
-1.398534
-0.598577
-0.975427
-0.438258
-0.579188
0.058044
0.303940
0.455022
0.611447
1.117269
0.860996
0.511968
-0.328346
0.221704
0.082753
-0.940955
-0.468377
-1.036744
-1.327585
-0.860051
0.015487
1.214747
0.506580
-0.469826
-0.726676
0.374718
1.128825
1.078635
1.133962
0.518290
0.834250
0.916124
-0.249159
-1.722871
-1.697566
-0.052784
1.007568
1.343407
1.967918
1.216080
1.040553
0.279367
-0.994845
-1.257733
-1.472660
-1.462481
-1.407123
-1.135400
-2.549915
-2.678807
-0.633545
1.231422
1.723746
1.102725
0.945754
0.745750
-0.603848
-1.506105
-1.340222
-0.608324
-0.821402
-1.489940
-2.063716
-1.526621
-0.611683
0.521387
0.488247
0.156396
1.176442
1.074478
0.424039
-0.959199
-1.333751
-1.438956
-1.574936
-1.113539
-1.035252
-1.373806
-0.392542
0.466279
0.837125
0.936364
0.095217
0.540037
0.976673
1.816433
1.637450
1.457216
1.950746
2.445008
1.601942
1.879014
1.097369
0.517991
0.795995
1.705527
1.152270
0.466335
0.812957
1.666902
2.288250
0.308840
-0.860123
-1.116734
-0.749992
-0.328570
-0.646720
-0.714968
-0.802105
-2.102877
-1.938232
-2.497516
-1.848141
-1.300599
-1.557527
-0.961482
-0.638269
0.147391
-0.332518
-0.796221
0.176631
0.693246
0.853336
0.404508
-0.844958
-0.914127
-1.194127
-1.045100
-0.627213
-0.117912
0.312368
1.408300
0.987902
0.413026
-0.442860
-0.916757
-0.239329
-0.207726
0.948397
1.506637
0.919587
0.708129
-0.030709
-0.055422
0.242867
0.549401
1.431977
1.238345
1.059958
0.580425
-0.160811
0.109508
1.128917
2.105383
1.665813
1.248773
0.699812
0.097105
-0.061847
-0.790228
-0.753855
0.208970
0.983380
0.432827
-0.173632
-0.029119
0.227722
0.171438
-0.589503
-0.118446
0.712040
-0.138602
-0.317774
-0.314147
-0.996701
-2.423110
-1.230147
-0.080972
-0.599848
0.067585
0.503556
0.301085
0.820016
1.335346
0.409268
-0.630316
-0.627675
-0.635705
-1.868175
-1.254426
-0.927053
-0.310175
0.132477
0.451163
-0.505653
-0.999483
-0.795305
0.045751
0.291661
-0.067705
-0.289229
-0.188098
-0.839703
-0.786225
-0.731856
0.076255
1.102631
1.577269
1.807813
0.653184
-0.460652
0.363418
0.250061
-0.530066
-1.506392
-0.257279
1.226364
0.518645
0.461112
0.244730
-0.533100
-0.756122
-0.939567
-0.767273
-0.558343
-0.438250
-0.986416
0.192442
0.480036
0.240002
0.416700
-0.754357
-1.257057
-0.459901
0.268007
0.457153
-0.003650
0.467795
-0.138642
0.072076
0.504787
0.614142
1.441028
2.196219
1.049523
0.697325
0.280127
-0.037705
1.246263
1.358275
1.712825
1.650121
1.746407
1.402898
0.509670
-0.419685
-0.588148
0.829450
0.601564
-0.835378
-1.384245
-1.542699
-0.577793
0.827110
-0.184721
-1.570874
-2.422853
-1.235887
0.516874
-0.006854
-1.560047
-1.780038
-0.148215
0.670847
0.230671
-1.355772
-3.132035
-2.195736
-1.545261
-0.859938
0.036030
0.872072
1.156186
1.075219
0.367644
0.950722
0.193159
-0.700289
-1.467627
-0.279499
0.842281
0.035218
0.165973
0.389097
-0.767744
0.028722
1.387740
0.074741
0.533596
0.840659
-0.095615
-1.288980
-1.245618
-0.713899
0.006455
0.418571
0.148181
0.369768
0.310864
-0.492528
0.797320
1.476988
0.709488
-0.628585
0.452554
1.892412
0.374792
0.239860
0.649779
0.970809
1.094576
1.190023
0.118007
-1.312103
-0.779645
-1.637836
-2.235529
-1.886768
-1.449492
-1.030821
-1.335074
-2.652686
-2.393855
-0.957388
-0.808143
-0.886307
0.035266
-0.346823
-0.462461
-0.864593
-1.146106
-0.944558
-2.302418
-2.145134
-0.573054
0.154834
0.455026
-0.448605
0.322903
1.371031
0.181014
0.222680
0.770644
-0.805602
-1.072608
-0.458358
-0.763667
0.411596
1.568409
0.954169
1.338649
-0.048606
-1.668840
-0.240140
0.791563
0.456242
-0.395647
0.045777
0.089462
-0.882337
-0.647861
0.058169
0.035273
0.169082
0.584964
0.214354
0.032981
0.069531
-0.547035
0.511901
0.982123
0.167158
-0.902918
-1.319384
-0.198868
-0.094812
0.090123
0.357598
-0.203925
-0.474279
-0.497152
-0.339268
-0.314352
0.027723
-0.400909
-1.068002
-0.652939
-0.300015
0.602534
0.576711
0.317318
0.473314
0.212594
-0.114594
0.338873
1.164390
1.229422
1.136577
0.133148
-0.355347
0.242601
0.240696
-0.097281
-0.726583
0.376778
1.418494
1.212933
1.136474
-0.071889
-0.707317
-0.801445
-1.608837
-0.815492
-0.085109
0.815450
2.433809
1.631909
0.627921
1.160188
2.347157
1.442529
0.723086
1.084048
0.530105
0.164722
0.946446
1.705983
1.717100
0.248039
-0.496774
-0.345914
-1.043940
-0.728271
-0.109102
-0.897333
-1.003234
0.242197
1.046165
0.825129
-0.374608
-1.288983
-1.152651
-0.654519
-0.446222
-0.179603
-0.609403
-1.325708
-0.758579
-1.023110
-0.905734
-0.146805
1.068256
1.428955
0.752157
-0.016645
-0.487765
-0.656922
-0.865913
-0.764271
