0.353445
-1.423284
0.265764
1.152364
0.069167
0.328884
0.328972
-0.208801
-1.067928
-0.931730
0.481164
-0.298622
-1.440487
-1.922620
-0.747219
-0.380994
-0.354465
0.482804
0.725124
-0.788225
-1.671846
-0.479340
0.128868
-0.902031
-1.326724
0.335398
0.117622
0.772478
0.922294
0.432248
1.137579
1.655834
1.697521
1.176104
0.956413
-0.338454
-0.378206
0.076567
-0.687676
-0.040591
1.198475
0.804266
0.533222
-0.809242
0.520498
1.952774
1.571842
0.557949
0.189718
1.373384
0.837382
0.091488
-0.369236
-0.644955
0.371564
0.260242
-0.747749
-1.333326
0.035717
0.910340
0.980049
0.263111
-1.385166
-0.035809
-0.252383
-0.159288
0.288000
0.667685
-2.414972
-1.017425
1.062021
-0.155622
0.185669
-0.047662
0.636762
2.541636
0.867690
0.870328
1.207726
0.897352
1.193680
0.681969
0.047082
0.140690
-0.891744
0.018673
0.114133
-1.037897
0.272673
1.922904
1.284221
-1.588603
-1.312033
0.087127
-0.331136
-0.368381
0.104779
-0.487873
-0.715603
-0.822218
-0.311193
-0.962267
-0.965817
-0.026628
0.145907
-0.595863
-0.260573
-0.057864
-0.635553
-0.561217
-0.745510
-0.355984
-0.052104
0.066769
-0.128362
-1.330349
-1.658763
-0.936453
-0.662637
0.891718
0.178398
-0.395220
1.398527
1.367667
0.481655
1.025303
0.178512
0.396340
1.048424
0.598936
0.806880
0.147937
-0.743409
0.449111
0.875236
-1.314154
-0.714075
0.868982
0.365482
-0.291608
0.060752
0.139425
-0.067648
-0.160279
-0.170152
-1.117211
-0.593533
-0.935203
-0.808337
-0.404929
0.005074
-1.794212
-0.945939
1.486566
0.546927
-0.221941
-1.062595
-1.284633
0.552277
1.499871
0.510766
-0.324347
1.054538
0.036946
-0.187822
0.215681
-1.127024
-0.883261
-0.521441
0.708460
1.376795
-0.274015
-1.400632
0.464132
1.134650
0.497032
-0.799891
-1.080105
-1.463425
-0.312032
0.504636
0.608605
1.243975
1.030230
-0.500990
-1.802348
-0.427158
0.168293
0.275598
0.799560
-0.132965
0.265401
1.663581
0.278173
0.232417
1.840144
1.434830
0.352717
0.934118
-0.499308
-0.787704
0.170433
1.616234
1.635091
1.093331
1.280155
1.432291
0.022949
-0.452704
-0.061675
-0.314540
-0.680946
0.204803
-0.112036
-0.734437
-1.364401
-0.035986
0.542212
-1.785509
-0.081439
1.922178
1.324690
0.602692
-0.356202
-1.153623
-0.059718
-0.739389
-0.359573
1.643708
1.154601
-0.706282
0.647681
0.462195
0.664824
-0.345996
-0.396127
0.488537
-0.146454
-0.253825
-1.331998
-1.349010
0.332318
1.392879
-0.015931
-2.143041
-1.552776
-0.507905
-0.659459
1.175432
0.663341
-1.402396
0.205629
0.376822
-0.234721
0.464754
-0.664381
-0.668897
-0.227828
0.110473
0.921858
0.787908
-0.135346
-0.733371
-0.789022
-0.092812
-0.094770
0.842587
0.928768
1.013759
1.387687
0.644145
-1.857061
-1.659415
0.233446
0.141078
-0.382923
0.711985
0.979634
0.581234
0.023784
-0.249732
0.334334
0.393662
-0.366854
-0.747197
-0.405232
-0.756674
-1.620948
-0.460388
-0.069106
0.007935
0.114846
-0.093155
-0.567828
-0.587037
0.978867
1.429964
1.124331
0.126410
-0.569690
-0.697891
0.887103
0.221656
-0.635951
0.685669
-0.022492
1.403840
1.009316
1.794181
1.275926
-0.064093
-0.669153
1.726891
1.098763
-0.311948
-0.760222
-0.687769
-0.338688
-0.715989
0.084937
0.476970
-1.103529
0.866969
0.428642
-1.393940
-0.905043
1.174324
0.325987
-0.356042
0.208904
-0.331517
-0.703780
-1.107158
-1.582259
-2.881282
-1.515058
1.178755
0.273149
-0.228822
0.572344
-0.112764
-0.731987
-0.445396
-0.985225
-1.479716
-1.586073
-0.979228
0.238736
-0.300553
-0.784374
0.214411
1.205434
1.082680
-1.201629
-0.923215
-0.406829
-1.001385
-0.104514
1.280094
0.339912
-1.342042
0.109181
0.492319
1.130810
-1.716417
-1.887054
0.506367
0.804018
0.000773
-1.828814
0.014607
1.151980
0.359076
0.250319
-1.194826
-1.797107
-0.349013
0.328654
0.678319
-1.114453
-0.366594
1.410874
1.851969
1.700127
1.188245
0.185192
0.216938
-0.299406
-0.681464
-0.249256
1.066398
2.053516
0.546569
0.796182
0.501664
0.867197
0.152891
0.296937
0.108752
-0.316960
0.264677
-0.675428
-0.555251
0.530055
1.544583
1.854452
-1.068251
-1.359923
0.989552
0.445137
-0.145714
-0.301318
-1.870996
-1.409457
-0.619194
-0.459743
-0.425493
1.071949
0.222972
-0.110914
1.404126
1.810569
-0.080257
-1.332462
0.686563
1.497743
0.963615
0.532695
0.044131
0.239294
-0.487774
-0.114733
0.318609
0.098660
0.387083
0.087280
0.145954
-0.942603
-1.082543
0.583485
1.171886
0.647822
-0.201807
-1.272145
-0.194528
0.442069
-0.580953
0.165437
0.284514
-1.855615
-2.912879
0.515107
2.785780
1.664953
0.366983
-0.641914
-0.691172
-0.357969
0.406019
-0.276247
-0.040371
0.865324
-0.686079
-1.978040
0.309029
0.669112
-1.162193
-1.820196
-0.368716
0.255221
-0.829139
-1.395207
-0.498547
1.401429
1.011379
0.116942
-0.214332
0.551515
1.611550
-1.146468
-0.904630
0.406731
1.976636
0.908723
0.184276
-0.076476
-1.007349
0.125588
0.284294
-0.236704
-0.530821
0.180075
0.327631
0.085333
0.168950
-0.487819
-0.085292
0.692660
1.441826
0.893753
-0.380050
-0.792007
-0.487560
0.778736
0.751044
1.079801
1.139501
1.181447
1.457236
-0.359179
0.289474
1.357363
-1.038726
0.056344
-0.435177
-1.058887
-0.140203
0.208884
0.562181
-1.177572
-1.746499
0.588037
1.231551
-0.163399
-1.316703
-1.211333
-0.115180
-1.340680
-0.672502
1.404885
0.539692
-0.288096
-0.823066
0.293121
1.417673
0.158717
-0.251393
-0.529463
1.152129
0.460706
-0.828871
-1.033966
-0.920898
-0.222908
-0.137016
-0.094189
-0.592202
0.203068
0.467317
0.511449
-0.307732
0.063724
-0.021093
-0.138494
-1.131270
1.319370
1.701411
-1.741272
-0.902645
0.597926
-1.518982
-0.399160
0.026051
0.290496
0.633630
0.621150
1.021483
1.568839
0.348098
0.409870
0.352514
-0.282940
0.290580
0.890984
-0.546358
-1.386464
-0.895669
-0.420032
-0.600564
0.341835
0.292041
-0.470602
-0.827395
0.004045
0.225787
-0.035611
0.817639
-2.840150
-4.636153
0.162750
2.391360
0.397842
0.307487
-1.817341
-1.687988
0.424033
2.139431
0.637936
-0.338871
-0.325579
0.475975
0.193834
0.538010
-4.404023
-1.783958
2.948881
1.823895
-0.230681
-1.766321
-1.235715
0.540689
0.423639
0.607769
-0.075896
-0.852093
0.594985
-0.180508
-1.525771
0.750643
0.575882
-0.250902
0.364479
0.622708
0.675288
-0.030220
0.644429
0.504551
0.567889
-0.142110
0.242130
0.396040
-0.188705
-0.260815
1.517690
1.623784
-0.670778
-0.764066
-0.855889
0.402662
1.173832
0.785943
-0.128613
0.704390
0.878574
0.098762
-0.471647
-1.400318
-1.932801
-0.571377
1.211874
1.030389
0.017985
-1.240472
-0.687173
-1.224511
-0.007578
0.243543
0.408861
0.237844
0.166178
0.449001
-1.358436
-0.610071
0.446705
0.841564
-0.482337
-2.617764
-0.581832
1.385806
0.894087
0.342390
0.400288
0.930210
1.086471
0.294658
0.153088
0.183095
-0.502981
-0.646827
-0.220237
0.525302
0.973100
-0.196161
0.246411
0.434350
-3.577493
-1.719637
2.774666
1.271777
0.691920
1.643905
1.308025
0.214338
0.041045
-0.060549
-1.414827
-0.443148
-0.144362
-1.594417
-2.351912
-0.710681
1.163767
0.235462
-0.998402
-0.047193
0.247683
0.431060
0.164283
-0.608128
-0.429070
-0.553641
0.031504
0.422646
-0.163953
-3.686083
-1.910662
1.131831
0.222341
0.167812
0.872285
-0.620538
-0.127368
1.424531
1.866656
0.434743
-0.437455
0.102144
-0.019402
1.417111
1.435144
-2.558887
1.113132
3.006355
0.427116
1.040480
0.856691
0.719341
1.550152
1.261868
-0.163301
1.045079
2.002891
0.241408
0.999994
-0.019983
-2.030443
-0.818046
-0.674568
-0.136415
-0.943804
-1.118195
-0.183504
-0.729595
-0.246129
-0.010374
0.955228
0.386738
0.424247
-0.496277
-1.256343
-1.665717
-0.014934
0.785076
-0.335778
-0.955399
-1.073124
1.713854
0.046859
-0.642204
0.448486
0.339807
0.228861
0.544941
0.504392
-0.280254
-1.444247
-2.070520
0.355753
2.065760
1.089316
-1.377618
-3.186590
-0.312681
1.797524
1.951366
1.432596
-0.475417
-0.178572
-0.595361
-0.900800
-1.409599
-1.560065
-1.400108
-1.015284
0.561699
0.696921
-1.937136
-1.382264
-0.390459
-0.049427
0.188902
1.338415
0.484187
0.080992
-1.275570
-0.714588
0.359521
-0.056220
-0.928625
-0.255797
1.026588
1.230485
0.758077
0.442877
0.905185
1.172964
1.065474
0.761759
0.756490
0.072391
-0.390685
0.943414
1.751625
1.186178
-0.286497
-0.065947
-0.370447
-0.539968
0.967130
0.986705
0.230964
0.940344
-0.022202
-0.059725
-0.550859
-1.538476
-1.924309
0.178979
0.123268
-0.991533
-0.280868
-0.956104
-0.443309
-0.638054
-0.951765
-0.672596
-2.171557
-1.289714
-0.659570
-0.645108
-0.266947
-0.462430
-1.669016
-0.716833
0.449033
0.132838
0.119470
0.465530
0.508055
0.358867
-1.910750
-1.457067
-0.512841
1.523690
1.941595
1.540037
1.676125
1.152432
-0.074218
0.019817
0.993517
-0.191255
-0.916857
0.797564
2.291076
2.533357
1.321615
0.274693
-0.058352
0.942242
-0.434606
-0.521115
0.510131
0.964335
0.930940
0.085916
-0.330647
-0.155063
-0.616197
-1.467182
0.070649
0.534456
-0.041389
-2.031166
-1.665324
-0.265439
0.507625
0.706201
1.609044
1.240724
-0.019257
-0.616365
0.366053
0.253841
0.327747
0.796225
0.822195
0.714369
-0.988967
0.104877
1.640484
0.162163
-0.158672
1.101038
1.960855
1.267162
-0.152698
-0.454102
0.672642
1.367956
0.505669
0.567151
1.027205
0.419750
0.077154
-0.401647
-0.401476
-1.211674
-1.282270
0.588410
0.336999
-1.697344
-0.555901
-0.334776
-0.094436
0.381346
-0.491201
-1.376195
-2.136732
-2.176557
-0.989359
-0.223761
-0.840023
-0.740657
-0.126335
0.493730
-0.515047
-1.292056
0.055882
0.241615
-0.371544
-1.044477
0.470658
0.447353
-0.845141
0.409900
0.514190
-0.778549
-1.479294
0.422237
1.462541
0.072611
-1.425964
-1.154416
0.429317
0.519826
0.200356
0.130174
-0.614138
0.450236
0.197829
-0.579487
0.166355
-1.290467
-0.762446
0.450200
1.018369
0.597474
-2.895586
-1.807423
1.205522
1.781990
0.783504
-0.610711
-1.083495
1.011836
1.478304
0.609581
-1.835088
-1.926905
-0.279977
1.988272
1.676877
-1.867345
-1.577176
-0.040772
-0.673385
0.177856
0.598640
-0.570113
-1.917688
-1.238006
0.263416
0.593778
1.376096
-0.677493
-0.425152
1.508198
1.329803
1.030363
-1.014944
-0.703155
0.798211
1.417948
0.697617
-0.223119
-0.035957
0.845070
0.067013
-2.207491
-3.322530
-0.725971
1.680684
0.954207
