-0.269391
-0.604023
-0.308073
-0.477341
-0.446970
-0.748037
-0.988702
-0.626506
-0.229519
-0.078111
0.200243
-0.430119
-0.446592
0.285992
0.621981
1.067796
1.461273
1.033093
0.370682
-0.083720
-0.191728
-0.111049
-0.834599
-1.463745
-1.256457
-0.833030
-0.931458
-0.967634
-0.150054
0.059069
0.072404
0.642663
1.564890
2.089586
2.016293
1.228741
0.840604
0.650114
0.467342
0.828562
0.321023
-0.450609
-1.038364
-0.900986
-0.191833
0.359102
0.544778
0.446118
0.349778
0.741253
1.272058
0.823231
0.174932
-0.036361
-0.252874
-0.368670
-0.205822
-0.011278
-0.402471
-0.670954
-0.411636
-0.330205
-0.396305
-0.436981
-0.551783
-0.089979
0.467588
0.274856
0.438046
0.197457
0.192476
0.583322
-0.277559
-0.687727
-0.773269
-0.658143
-0.729498
-0.944717
-1.338380
-1.414255
-0.933389
-0.743484
-0.606548
-0.438936
-0.896185
-1.079391
-0.018715
0.291831
-0.384913
-0.797227
-0.233669
0.565441
0.644887
-0.006283
-0.452748
-0.385413
0.168843
0.484705
0.274813
-0.091830
0.003084
0.049700
0.299173
0.281423
-0.063370
0.111430
0.436874
0.410263
0.088515
0.529397
0.436384
0.092939
0.227480
0.215277
0.109219
0.192692
-0.003838
-0.555860
-0.751919
-0.396271
-0.125932
-0.374033
-0.295205
0.009629
0.087774
-0.183864
-0.400140
-0.320543
-0.265886
-0.214480
-0.658993
-0.759973
-0.251196
0.310667
0.574465
0.846183
1.087286
1.110871
0.513135
0.144910
0.371972
0.434792
0.249411
-0.231630
-0.304325
-0.092773
0.115603
0.266101
-0.541934
-1.557917
-1.366132
-0.720626
0.228179
0.735420
0.382564
0.617558
0.675231
0.293266
0.055640
-0.013674
0.159498
0.415572
0.161854
0.217592
0.256793
0.460662
1.169054
1.217663
0.593749
0.341093
0.242993
0.209654
-0.212872
-0.518959
-0.364840
-0.092461
0.888345
0.875287
0.476739
0.458375
0.786192
0.678992
0.387310
0.381527
0.773563
0.603754
0.335787
-0.271802
-0.371930
-0.021752
0.271462
0.143539
0.551043
1.287034
1.005160
0.339837
-0.058965
-0.513324
-0.434836
-0.308629
-0.772344
-0.906613
-0.654215
-0.613599
-0.937586
-1.061911
-0.484825
-0.108598
-0.071852
-0.025862
-0.140852
-0.189709
0.255004
-0.131937
-0.928278
-0.870941
-0.381309
-0.227546
0.065428
0.025305
-0.295368
-0.160299
0.377024
0.656324
0.415672
-0.030003
-0.160881
-0.090845
0.306442
0.208324
0.101199
0.376285
0.154210
-0.244507
-0.629344
-0.450165
-0.301842
-0.327039
-0.591198
-0.945359
-1.087205
-0.990359
-0.587182
-0.159392
0.768360
1.063168
0.827075
0.369690
0.323684
0.498678
0.154279
-0.075907
-0.832886
-0.930666
-0.539895
-0.624861
-1.336947
-1.557439
-0.485402
0.530698
0.868736
1.161639
1.417344
1.678208
1.860328
1.718454
0.957047
0.356089
0.216293
0.324157
0.048458
-0.515303
-1.518296
-2.782787
-2.990834
-2.094031
-1.095151
-1.003592
-0.854813
-0.937850
-0.559227
1.107654
2.011154
2.130362
2.034196
1.877182
1.285275
0.697060
0.246340
-0.123141
-0.228792
-0.685766
-0.783840
-0.248236
0.279773
0.657090
0.514372
0.098654
-0.092001
0.218439
0.880452
0.873545
1.286441
1.218425
0.395960
-0.253404
-0.685634
-0.611232
-0.191175
-0.556217
-0.977299
-0.894637
-1.342205
-1.357778
-0.906518
-0.114043
0.269120
0.292792
0.648765
0.129360
0.270731
0.455732
0.221542
1.029535
0.614686
-0.103009
-0.580387
-1.009209
-0.547228
-0.614082
-1.095825
-0.600984
-0.133993
-0.959217
-1.311601
-0.629650
-0.022410
0.693660
0.981159
0.742175
0.839906
1.519130
1.201219
0.659025
-0.118945
-0.268631
0.569128
0.644628
0.157702
-0.089548
-0.409420
-0.733830
-0.903919
-0.912005
-1.078515
-0.672677
-0.641769
-0.057794
0.987859
1.279398
0.924196
1.022813
0.990337
0.716562
0.724005
0.155838
-0.156075
-0.171588
-0.106706
0.262807
0.301854
-0.360039
-0.621927
0.126760
1.500473
1.509298
0.392633
-0.005743
0.556400
0.940784
0.909609
-0.430792
-1.776288
-1.608574
-0.851856
-0.109395
0.178033
-0.293083
0.330156
0.597073
-0.060428
-0.021028
0.126892
0.039805
-0.475472
-1.460905
-0.931788
-0.513550
-0.349270
-0.662981
-0.691279
-0.457481
-0.305941
-0.539145
0.157827
0.769646
1.563272
1.893304
1.663988
1.369813
1.077444
1.037607
0.890234
0.916336
0.222078
-1.124272
-1.414338
-1.437968
-1.242894
-0.431362
-0.074064
-0.194618
-0.494552
-0.704873
-0.543757
0.553053
1.239700
0.870212
0.273819
-0.838085
-1.439606
-0.484289
0.283651
0.543078
0.882208
0.380253
-0.280588
-1.179320
-1.587417
-0.934130
-0.510230
-0.767046
-1.407062
-1.338500
-0.750707
-0.327240
0.286680
0.807582
1.537311
2.123834
1.969971
1.851939
1.771533
1.500589
1.424385
1.366359
1.318355
0.850225
0.084090
0.171723
0.237190
-0.477240
-0.947817
-0.851848
-0.431374
-0.178127
0.120343
-0.153958
-0.450335
-0.766930
-1.410883
-1.889636
-2.182931
-2.238181
-1.773160
-0.677329
0.296834
0.637816
0.618841
0.258645
-0.285922
-0.963544
-0.611372
-0.234241
-0.553778
-1.073070
-1.498217
-1.582502
-1.258106
-1.056651
-0.426894
-0.276560
-0.475825
-0.612562
-0.650218
0.812145
0.986166
0.576159
0.684580
1.093021
1.594645
1.425797
1.115334
0.819175
0.244099
0.256063
0.041566
-0.030660
-0.436926
-0.461157
0.871208
2.054006
2.264411
1.580510
1.272810
1.108284
0.573918
0.599371
-0.589240
-1.577905
-1.748780
-1.581484
-0.503383
0.338018
0.443969
-0.021466
-0.753147
-0.848635
0.816897
1.500518
1.055347
0.531022
-0.150040
-0.370876
-0.218027
-0.193803
0.173267
-0.318155
-1.769262
-1.872878
-1.494672
-1.443656
-1.189015
-0.721293
-0.038375
-0.205161
0.181807
1.288820
2.267379
2.832088
2.523911
1.812444
0.907866
0.794580
1.036631
0.908974
0.803425
0.232261
-0.402687
-0.741690
-0.328716
-0.258790
-0.530486
-0.929332
-0.504952
-0.175260
0.315289
1.250651
1.992701
1.738245
1.052326
0.401484
0.656426
1.204999
1.325604
1.075008
0.033490
-0.552719
0.066854
0.605006
0.073327
-0.073245
0.201406
1.419991
2.092367
1.422364
1.178476
1.409421
1.408546
1.136819
0.788420
0.460198
-1.454908
-2.483061
-1.794342
-1.589239
-1.702077
-2.197541
-2.575632
-2.139704
-1.531767
-0.855979
-0.696315
-0.706237
-0.325702
-0.028186
0.392445
0.857451
0.844681
0.690211
0.208359
-0.347719
-0.925012
-1.260140
-1.581116
-1.934488
-2.017583
-2.217640
-2.112796
-1.897712
-1.756971
-1.587400
-1.249930
-1.079100
-0.923224
0.020457
1.507197
1.644933
1.076026
0.517823
0.724228
1.017546
1.267418
0.720937
-0.156518
-0.036542
0.166671
0.255886
0.277665
-0.594560
-1.199895
-0.442356
0.867199
1.228267
0.785213
0.043805
-0.558889
-0.099239
-0.302914
-0.859833
-0.835961
-0.898415
-1.217885
-0.914033
-0.545304
-0.270265
-0.042188
-0.400335
-0.773369
-0.407021
0.046698
-0.232989
-0.235967
0.071322
-0.060017
-0.588293
-0.968477
-0.825175
-0.860086
-0.967168
-0.666823
-0.204251
0.203063
-0.000789
0.013757
0.326743
0.557689
0.894579
0.883317
0.662909
0.583879
0.347025
0.205554
-0.133940
-0.292766
-0.404544
-0.938127
-1.170210
-1.331028
-1.276787
-0.748927
0.425443
1.234623
0.951300
1.060674
0.735418
0.095398
-0.228432
-0.654220
-0.552611
-0.685751
-0.959649
-1.349956
-1.244137
-1.248378
-1.052029
-1.892067
-1.745006
-1.729963
-2.070857
-1.202972
0.508998
1.120716
0.916871
1.663772
2.129223
2.024483
1.631225
1.142560
1.038381
0.039999
-0.763059
-1.459648
-1.666346
-2.251762
-2.348562
-2.045786
-1.698278
-1.610422
-1.580190
-1.584576
-1.337507
-0.313676
1.096168
1.645076
1.564914
1.289861
1.137000
0.861062
0.191215
-0.085281
-0.300359
-0.560652
-1.096928
-1.707062
-1.937503
-2.099347
-1.246157
-0.755955
-0.658495
-0.101214
0.284554
0.954872
1.584901
1.627299
1.659470
1.911952
2.315851
2.044914
1.027262
-0.266107
-1.507661
-2.091526
-1.947443
-1.214149
-0.958867
-1.121827
-1.216146
-1.291113
-1.061808
-0.775239
0.476652
1.481472
1.842510
2.032281
2.327917
2.399558
2.618983
2.035134
0.818635
0.169894
-0.652202
-1.630645
-2.130571
-1.741773
-1.210873
-0.531055
0.264648
0.898429
1.566604
1.669160
1.164210
0.598521
0.498590
0.912128
1.249982
1.553345
1.676788
0.896943
-0.197223
-0.804293
-0.860491
0.142233
0.578657
0.204621
-0.662499
-1.181832
-0.621639
-0.256326
-0.480245
-0.595851
0.071428
0.618778
0.723364
0.307836
0.132116
-0.061669
-0.076482
0.536182
0.318303
0.189061
0.357441
0.219674
0.445786
0.579796
-0.078847
-0.155159
-0.450906
-0.632517
-0.106644
0.224116
0.402037
1.116335
1.438898
1.331111
1.257664
0.719433
0.393575
0.468453
0.526863
0.651915
-0.061683
-1.225104
-1.800662
-0.670276
0.501747
1.085166
0.594305
-0.099356
0.714239
2.109894
2.451624
2.566004
2.743110
2.290403
2.433877
2.391455
1.640645
-0.161191
-2.236651
-2.942691
-2.677498
-1.966285
-1.211786
-0.630282
-0.741347
-0.862806
-0.403291
0.175661
0.944419
1.533713
1.993515
2.400534
2.474456
2.413781
2.060216
1.329820
0.878810
0.520556
-0.212195
-1.185800
-1.885759
-2.424987
-2.789507
-1.903693
-0.779436
-0.015270
0.163806
0.775069
1.177454
1.228864
1.101170
1.658277
2.271304
2.072587
1.035318
0.241157
0.260253
-0.586143
-1.398558
-1.288016
-1.722544
-1.750316
-1.287351
-0.784184
0.309705
0.769985
0.043810
-0.328326
0.258901
1.255910
0.715573
0.225119
0.355852
0.182543
-0.278805
-0.533364
-0.939899
-0.630930
-0.530321
-1.214380
-1.877289
-2.103592
-1.458721
-0.518084
0.251096
0.114127
-0.639418
-0.542600
0.647762
1.930721
1.771049
1.230093
1.128471
1.050796
1.190163
1.113901
0.384404
-0.706217
-0.331237
0.181027
0.252445
0.638682
0.389945
-0.925654
-1.178085
-0.903698
-0.729878
0.020828
1.341563
1.433734
0.740564
0.932377
0.876991
0.476430
0.489206
-0.016995
-0.250759
-0.466419
-0.296223
-0.303524
-0.414595
-0.014257
-0.231690
-0.379942
-0.141696
-0.564725
-0.859293
-0.607044
-0.230999
0.467627
0.829921
0.208627
0.211164
0.342600
-0.296651
-0.162587
0.407687
0.301544
0.109342
-0.577525
-0.898281
-0.803599
-0.817263
-1.174782
-1.598309
-0.842098
0.657689
1.274002
0.207940
0.430401
0.895686
1.416422
1.798832
0.974591
0.022137
-0.036483
0.697432
1.262156
1.118499
0.649666
-0.001526
-0.602203
-1.500678
-1.589144
-1.513051
-1.169374
-0.801546
-1.005762
-1.092332
-0.622745
-0.303475
-0.034375
0.073880
0.007413
-0.134737
0.173067
0.263452
-0.663269
-0.828724
-0.189436
-0.028268
-0.193280
0.197588
