-0.315533
-0.862581
-1.115474
-1.443591
-1.032185
-0.781024
-1.160142
-1.263673
-0.662510
-0.256157
-0.140394
-0.147417
-0.062552
0.314072
0.286408
-0.040677
0.074639
0.801742
0.862260
0.117294
-0.639302
-0.767398
-1.044177
-1.245386
-0.986161
-0.463918
-0.348860
0.108089
0.554714
0.522438
-0.045645
-0.277739
-0.235295
-0.019590
0.018820
0.276274
0.268053
-0.272828
-0.413624
0.163100
0.916425
1.183681
1.596322
1.798321
1.967823
1.723314
1.184408
0.531192
-0.118880
-0.200764
-0.362355
-0.323685
-0.639174
-0.809767
-0.496332
-0.102382
0.219319
0.176980
-0.126170
-0.237414
-0.227940
0.024717
0.454921
0.713636
0.431520
-0.077705
0.070543
-0.084076
-0.242391
-0.234389
-0.623084
-0.411558
-0.700247
-0.830528
-0.219935
0.446718
0.585396
0.707017
0.977280
1.299164
1.193841
1.054659
1.455265
1.005534
0.263479
-0.168430
-0.884023
-0.740193
-0.594965
-0.916544
-0.962452
-0.625847
-0.177729
0.081700
0.410584
0.460258
0.606359
1.054722
1.275555
0.406209
-0.102407
-0.159902
-0.350569
-0.661194
-1.022905
-1.077530
-1.015656
-0.940592
-0.612942
-0.172024
-0.247857
-0.131952
0.362223
0.060588
-0.115458
0.049757
-0.008647
-0.346314
-0.692713
-0.803204
-0.395219
0.084414
-0.241210
-0.677214
-0.520776
-0.923784
-1.189644
-1.322289
-1.081875
0.118853
0.537856
0.556354
1.051042
1.292252
0.823037
0.362868
0.168862
-0.388859
-1.242240
-1.434605
-1.257184
-0.820754
-0.291843
0.004798
0.624525
0.887600
0.086551
-0.376085
-0.526846
-0.359744
0.081107
0.588645
0.654815
0.179892
-0.002718
0.282463
0.041261
-0.448869
-0.055123
0.080510
0.122429
0.417697
0.693602
1.219579
1.444161
1.218097
1.292871
1.234160
0.649014
-0.318551
-0.777645
-1.188617
-1.712962
-1.954300
-2.124347
-2.296588
-1.920590
-0.962846
0.365178
1.318239
1.865945
2.070562
1.841435
1.160983
1.080005
0.951231
0.553415
0.075207
-0.104018
-0.407056
-0.563806
-0.569719
-1.125790
-1.513779
-1.148730
-0.893932
-1.302747
-1.852979
-1.890015
-1.307842
-0.606345
-0.034454
0.640812
1.348624
1.867848
2.250496
2.312960
2.218703
1.573091
0.647185
-0.310513
-1.124000
-1.062082
-0.782880
-1.210514
-1.358351
-0.301938
0.109060
0.048989
-0.176757
-0.526478
-0.132015
0.386028
0.120995
-0.160323
-0.027357
-0.228898
-0.850259
-0.827462
-1.093678
-1.371162
-1.064177
-0.752800
-1.350706
-1.462424
-1.127399
-0.819452
-0.262533
0.109890
0.118670
0.103669
-0.111827
-0.179460
0.352210
1.076389
1.201918
0.438435
-0.109254
-0.043867
-0.192923
-0.077751
0.129901
0.016931
0.803376
1.402800
1.436671
1.843907
1.669261
1.734477
1.466446
0.767220
0.031187
-0.924605
-0.915816
-0.774621
-0.500678
0.056516
0.262096
0.251453
0.334362
0.122393
0.364225
0.547453
-0.249720
-1.183184
-0.870317
-0.279922
-0.205327
-0.087544
-0.635877
-1.207923
-0.870314
-0.460014
0.017453
0.136642
-0.081723
0.417107
0.247579
-0.003127
0.282882
0.586508
0.813067
0.255306
-0.097746
-0.167418
-0.356846
-0.278873
0.165074
0.792695
0.556291
0.204322
0.390818
0.614590
0.648959
0.781062
0.859680
1.003679
0.679710
0.526135
0.141075
-0.576335
-0.409055
-0.661917
-0.869762
-0.711743
-0.962126
-0.660698
-0.452005
-0.463970
0.576270
1.261777
1.697314
1.895793
2.531411
2.884657
2.804414
2.916107
2.198721
1.499492
0.867498
-0.375477
-0.761933
-0.588368
-0.653421
-0.349473
-0.202113
-0.509068
-0.720284
-1.365078
-2.041806
-1.672939
-0.948407
-0.621905
0.309919
1.245445
1.513464
1.494675
1.933814
1.941020
0.785888
-0.136701
-0.484725
-0.521456
-0.335412
-0.363748
0.050974
0.172178
-0.528070
-0.963976
-1.312987
-1.890089
-2.008279
-2.219620
-1.856199
-0.692300
0.306872
0.543531
0.532712
0.578637
0.873489
1.098862
1.354957
1.633205
1.156019
0.491141
-0.273346
-1.053645
-1.653559
-2.855367
-3.039790
-2.288654
-1.790895
-1.591970
-0.973475
-0.186672
0.683532
1.007595
1.122003
2.191545
2.683929
2.160104
1.416841
1.343912
1.375147
1.068199
0.200433
-0.347252
-0.215266
-0.759358
-1.385863
-1.696193
-1.998254
-1.592298
-1.101829
-0.849619
-0.563700
0.447739
1.477467
1.871316
1.444469
1.501537
1.665702
0.685786
-0.355766
-0.704101
-1.080260
-1.206089
-1.029192
-0.875955
-0.822933
-0.254816
0.522473
1.061897
1.280665
0.723427
0.716704
1.932920
2.414549
1.754597
0.110201
-1.907908
-2.999767
-3.165148
-3.246924
-3.658300
-3.761935
-3.698368
-3.244849
-2.407400
-1.604950
-0.783831
-0.306549
0.154096
0.591795
0.761095
0.897192
1.183831
1.399241
1.582605
1.266332
1.336522
1.440781
1.669244
1.447722
1.100671
1.442666
1.888062
1.811924
1.402977
1.473775
1.435156
0.780744
0.119040
-0.096230
0.036607
-0.055127
0.180714
0.449211
0.697603
1.127572
1.016753
1.026701
0.602199
0.372346
-0.228483
-0.819565
-0.736262
-0.762768
-0.104076
0.290281
0.057661
0.396442
0.477451
0.290194
0.426270
0.599676
0.170212
-0.087002
-0.119114
0.132283
0.435510
0.647276
0.974717
1.255323
0.933238
0.823806
0.762570
0.534596
0.519225
0.067345
-0.303665
-0.529946
-0.097920
-0.232287
-0.586215
-0.188352
0.224945
0.552080
1.101226
1.082663
0.771941
1.120644
1.189046
0.940634
-0.068347
-1.255573
-1.870916
-1.756777
-1.330397
-1.137751
-1.078190
-1.043667
-0.201749
0.162542
0.051537
0.270016
-0.012238
-0.090027
0.344009
0.973749
1.109890
1.089255
0.457831
-0.588099
-0.953400
-0.645541
-0.157423
-0.440528
-0.899428
-0.691658
-0.108043
-0.164862
-0.065813
0.495417
0.546460
-0.264143
-0.350031
-0.158664
0.121971
0.173360
0.126432
-0.232282
-0.553869
-0.932143
-1.128186
-0.841815
-0.147780
0.073930
-0.032220
0.289191
0.224272
0.276438
0.639274
0.612443
0.945808
1.208042
0.721397
0.583697
0.489755
0.292210
0.140018
-0.169160
-0.165430
0.161200
0.450199
0.641806
0.697043
0.623191
0.916569
1.336534
0.821996
0.418500
0.150732
0.137237
0.088252
-0.246608
-0.535085
-0.451034
-0.451251
-0.274816
0.131102
0.548722
0.493503
0.658365
0.813684
0.585035
0.400434
-0.086170
-1.061388
-1.680908
-1.682721
-1.446680
-1.227144
-1.431020
-1.229903
-1.188585
-0.759904
0.179799
0.651900
1.014073
1.019449
0.784226
1.013027
1.134236
0.981180
0.220049
-0.521465
-0.971182
-1.079317
-0.907688
-0.798877
-0.955885
-1.078384
-1.139347
-0.827744
-0.378040
0.494540
0.794155
0.155841
0.105857
0.359316
0.587448
0.789730
0.752159
0.741574
0.546535
0.700636
0.963093
0.692313
0.109118
-0.267661
-0.641471
-0.872776
-0.882151
-1.129585
-1.416687
-1.311567
-0.759031
-0.725712
-0.972191
-0.470374
0.157847
0.199418
-0.046813
-0.239296
-0.119667
0.539321
0.546805
0.161958
0.543853
0.611455
-0.284160
-0.967492
-0.917571
-0.438485
-0.465442
-0.473437
-0.073907
0.284379
0.492783
0.724553
0.798648
0.832099
0.768845
0.487768
-0.333058
-0.730200
-0.466029
-0.472098
-0.833481
-1.669311
-1.952710
-1.296097
-0.409421
-0.236071
-0.410584
-0.637765
-0.627197
-0.270177
1.024265
1.724922
1.289117
0.765351
0.349944
0.337114
0.471485
0.356730
0.586346
0.732615
0.625586
0.523337
-0.176761
-0.580255
-0.206918
0.073950
0.327845
-0.132336
-0.211378
0.186148
0.593814
0.594984
0.391900
0.001809
0.226005
0.523906
0.889062
1.089267
1.267859
1.369865
0.901864
0.510234
0.653577
0.493014
0.622758
0.548601
0.374726
0.324695
0.596275
0.761242
0.880457
0.484385
-0.381308
-1.021610
-1.078623
-0.552866
0.062849
0.523160
0.689135
0.755664
0.429688
0.027041
-0.530858
-0.444200
-0.571074
-1.053150
-1.423720
-1.356155
-0.592832
-0.307420
-0.327285
0.109095
0.401969
1.213286
1.518052
1.070986
0.711521
0.908927
1.224791
1.015241
0.509733
0.272087
-0.020379
-0.767430
-1.715832
-2.201845
-2.393901
-1.651383
-1.046302
-1.107925
-1.128543
-1.288671
-1.369663
-1.452330
-1.365305
-0.931489
-0.508263
-0.357462
-0.471541
-0.735459
-0.818693
-0.833655
-1.375726
-2.147515
-2.250908
-1.755411
-1.045349
-0.510418
-0.662784
-0.555739
-0.322444
-0.628989
-1.122979
-1.468614
-1.349655
-1.219031
-1.440399
-1.491839
-1.106512
-1.134072
-1.315811
-0.827523
-0.000137
0.399064
0.256062
-0.038672
0.637069
0.906466
1.053023
0.660858
0.290722
0.203605
0.050477
0.283421
1.044264
1.781774
2.315997
2.159570
1.955056
1.760069
1.203163
0.525817
-0.112408
-0.607703
-0.625250
-0.325287
0.128518
0.647130
0.994292
1.429716
1.744546
1.427651
1.081136
1.057670
1.308290
0.934303
0.590604
0.459384
-0.087256
-0.316324
-0.465143
-0.559303
-0.434686
0.010524
0.425820
0.151197
0.393130
1.138843
0.944724
0.115628
-0.599826
-0.479817
-0.699902
-0.806650
-0.086633
0.326784
0.631454
0.891546
0.404182
-0.231906
-0.210947
-0.664615
-0.745082
-0.185944
0.502723
0.765224
0.579217
0.961854
1.608413
1.772532
1.793229
1.870446
1.743504
1.578002
1.538112
1.103936
0.829236
0.155554
-0.579504
-0.952685
-0.948818
-0.936201
-0.706712
-0.645048
-0.834026
-0.816449
-1.390237
-1.754657
-1.419317
-1.132921
-1.783910
-2.035545
-1.562415
-1.320308
-1.223204
-1.090017
-0.743504
-0.979314
-1.543342
-1.237024
-0.811280
-0.719738
-0.578972
-0.309786
0.053418
0.542438
0.718408
0.207515
0.220253
0.898648
1.067429
0.882201
0.554627
0.458189
0.657763
0.713544
0.743307
0.451593
-0.542719
-1.463169
-1.093485
-0.375464
0.460637
0.771122
0.883992
1.131148
1.347811
1.242063
1.232389
0.438293
-0.370172
-0.041536
0.414402
0.474359
0.009749
-0.345640
-0.043771
-0.387390
-1.342913
-2.197836
-2.287087
-1.502228
-1.159605
-0.761632
-0.092417
-0.059632
0.224678
1.114332
0.965233
0.781684
1.333326
1.402950
1.244637
1.012367
0.389833
0.268496
0.470468
0.558198
0.372731
0.396625
1.211313
1.688151
1.792351
1.816648
1.739552
1.430665
1.233036
0.999925
0.480172
0.190191
-0.383166
-0.607640
0.351020
1.022363
0.926565
0.937095
0.823415
0.540717
0.310009
0.225703
0.366772
-0.172786
-0.903663
-1.597015
-2.086145
-2.655848
-2.512394
-2.017566
-0.939548
0.220035
0.446069
0.233265
0.212127
0.523848
0.823773
0.178611
-0.663686
-0.511770
-0.226879
-0.755371
-1.253928
-2.001892
-1.839401
-1.054484
-0.310164
0.489614
0.840071
0.335323
-0.243104
-0.598223
-0.953628
-1.164280
-0.723840
-0.126744
-0.044947
0.190280
0.362829
0.028357
0.296814
1.018939
1.565815
0.906709
-0.220699
-0.927491
-1.003881
