1.481848
1.397002
1.318630
0.134961
-0.586810
-0.258910
0.253282
0.118101
0.147575
0.803955
1.080986
1.071817
1.308492
1.296630
0.756969
0.204074
0.606384
1.555623
1.634650
0.662090
-0.199771
0.514190
0.908162
0.393676
-0.274954
-0.474352
-0.953572
-1.364173
-0.655157
-0.193750
-0.180075
-0.105412
-0.175883
-0.397785
-0.725326
-0.515119
-0.148186
-0.350765
-1.038120
-1.292376
-0.938217
-0.841110
-0.176523
0.590736
0.937904
1.122242
1.551770
1.202338
0.731406
0.498626
-0.089998
-0.794824
-1.206698
-1.177636
-0.768434
-0.757680
-0.967126
-0.644749
-0.159302
-0.052768
-0.418045
-0.717633
-0.407774
0.307645
0.568768
0.029852
-0.909586
-1.111448
-0.688694
-0.426464
-0.808027
-0.783582
-0.908864
-0.449419
0.473598
1.092136
0.769655
0.299004
0.903596
1.575583
1.438104
1.256400
0.772300
0.059290
-0.154158
-0.466375
-0.645139
-0.079722
0.487539
0.319478
0.007782
0.069557
0.402814
0.363839
0.037889
0.228621
1.174687
1.634128
1.544773
1.039270
0.878796
1.055499
0.806601
1.030485
1.313677
0.990522
0.819535
0.665749
0.212307
-0.093288
-0.066402
0.336698
0.100635
-0.796699
-0.900646
-0.307273
-0.257656
-0.320826
-0.395401
0.089779
0.748311
0.996810
0.571704
0.380157
0.332630
-0.067618
-0.414721
-0.839634
-1.406982
-0.972397
-0.551274
-0.527136
-0.384844
0.181743
0.198666
0.227379
0.099984
-0.124579
-1.238716
-1.489850
-1.258206
-1.443812
-1.634505
-1.373060
-0.941666
-0.724100
-1.518174
-1.870365
-1.185935
-0.212471
0.488946
0.522113
0.230853
0.114364
0.505493
0.877719
0.311057
-0.328824
-0.318312
0.362287
0.794656
1.180153
1.288524
0.590473
0.002416
-0.418555
-0.698562
-1.278756
-1.539124
-1.417550
-1.009808
-0.916888
-0.720173
-0.028196
0.253341
-0.097367
-0.235983
-0.370398
-0.147290
-0.287779
-0.831601
-0.942137
0.017594
1.269306
1.289470
0.743701
0.476120
0.355362
0.373147
-0.022454
-0.101211
-0.360701
-0.331340
-0.460215
-0.864855
-1.413524
-1.947038
-2.413567
-2.210274
-1.576103
-0.660293
0.338080
0.967883
1.010725
0.933263
1.432798
2.017893
1.894839
1.807197
1.605691
1.488321
1.433360
1.262452
-0.009568
-1.071415
-0.509028
0.995971
0.903096
-0.056511
-0.099462
0.325166
0.462495
0.383497
-0.214279
-0.581534
-0.030300
0.587781
0.531896
-0.067755
-0.667102
-0.525793
0.252624
0.407366
0.004499
-0.393173
0.044166
0.068569
-0.714987
-1.235861
-0.720872
-0.236910
-0.392359
-0.984186
-1.045392
-0.351773
-0.187794
-0.429318
-0.514882
-0.051874
0.508858
1.288648
1.685623
0.656946
0.298880
1.081493
1.881003
1.783225
1.177597
0.885012
0.786859
0.251697
-0.709200
-1.327567
-1.190197
-0.754096
-0.018796
0.582705
0.221583
0.081985
1.323139
1.549939
0.984458
0.720120
0.308831
-0.406248
-0.753146
-0.863573
-0.892050
-0.990087
-1.328236
-1.319835
-0.879084
-0.343379
-0.097682
-0.067981
0.150486
0.298188
-0.049033
0.253096
1.255912
2.281826
2.325738
1.345793
0.633117
-0.213152
-1.089938
-1.491631
-1.919149
-1.729113
-1.911997
-1.867890
-1.120930
-1.080517
-1.035748
0.143906
1.127735
1.567490
1.144547
0.944052
0.944896
1.015408
1.485577
0.777877
0.002928
-0.168463
-0.495340
-0.605349
-0.584682
-0.726184
-0.501136
-0.361570
0.207007
0.591967
1.170166
1.505432
1.400633
1.546528
1.365226
1.585351
1.515600
0.396417
-0.108104
-0.133316
-0.721830
-0.828430
-0.384447
-0.659179
-1.060822
-1.776708
-2.156635
-1.549214
-1.106857
-1.309995
-0.597037
0.498340
0.974143
0.949812
0.264097
0.273504
0.653794
1.337670
1.764494
1.464698
1.329929
1.292922
1.708484
1.614933
0.952496
0.005831
-0.575687
-0.825596
-0.979890
-0.878232
-0.403684
0.989897
1.664956
0.840882
-0.306218
-0.246283
0.138669
-0.196532
-0.491627
-0.883741
-1.506732
-1.871130
-2.239784
-1.496028
-0.642701
-0.701072
-0.312311
0.164699
0.059217
-0.184651
-1.013703
-1.497243
-1.116472
-0.567546
-0.795690
-0.532466
-0.267222
-0.825258
-0.914363
-0.380184
0.415923
1.399938
1.022392
-0.196162
-1.408590
-1.992948
-1.552139
-0.824164
-1.722112
-1.947344
-0.803605
0.155087
0.024811
-0.291269
-0.205808
-0.321141
-0.752374
-0.929773
-0.211847
-0.106340
-0.081396
0.219173
0.357509
0.444994
0.298337
-0.005158
0.064043
0.428053
0.813389
1.265830
1.299665
0.446309
0.059867
0.388792
0.514035
0.281891
0.023391
-0.345328
-0.637864
-0.601908
-0.708687
-0.993959
-1.129255
-0.794446
-0.328372
-0.242109
0.050187
-0.010730
-0.268787
-0.800426
-0.480849
0.369605
0.673161
0.795588
0.825043
0.812663
0.903312
0.994946
1.508743
1.555200
0.888315
0.309534
0.126505
0.204387
-0.272638
-0.806562
-0.714253
-0.261044
0.143491
0.412586
0.760977
1.060219
1.569968
2.381427
2.480170
2.175059
1.477570
0.451598
0.086925
-0.215502
-0.389776
-1.048181
-1.442141
-1.207566
-1.116267
-0.382221
0.258478
0.458337
0.648835
1.258220
1.768925
2.072495
2.172976
1.360643
0.647137
0.353437
-0.325441
-0.684880
-1.037865
-0.862152
-0.369936
-0.412756
-0.303857
-0.635568
-0.681423
-0.701352
-1.165582
-1.020454
-1.064100
-1.633061
-1.304931
-1.011678
-0.618145
-0.078583
-0.155051
0.184219
0.537629
0.635525
0.335451
0.172987
0.603992
0.293852
-0.248910
-0.800542
-1.155099
-0.850220
0.030770
0.360310
0.279499
1.126768
1.224686
-0.304974
-1.026874
-0.514109
-0.112116
0.580404
0.898988
0.573175
0.168588
-1.033403
-2.147095
-1.616910
-0.459680
0.177543
-0.066191
-0.539388
0.361365
0.997339
0.545496
0.297141
0.022758
-0.288250
-1.094739
-1.332766
-1.334698
-1.597762
-1.153080
-0.207132
-0.046068
-0.214139
0.047348
0.169080
0.417040
0.945462
0.857320
0.089227
-0.372453
0.549968
1.751046
1.847126
1.056668
0.610767
0.071885
-0.437541
-0.113756
0.015346
-0.116657
0.439973
1.295207
1.425946
1.097115
1.474346
1.598608
1.293056
1.196642
0.824339
0.239632
-0.054437
0.174106
-0.175472
-0.444869
-0.634701
-1.575410
-1.952020
-1.464626
-0.080171
1.157260
1.183644
0.218224
-0.609174
-0.016275
0.438238
0.517400
0.779943
1.025894
1.011536
0.832234
0.452281
0.130927
-0.086013
-0.226273
0.162149
-0.161555
-0.860766
-0.641071
-0.276518
0.196322
0.581004
0.777446
1.202049
0.982616
0.027477
-0.084974
0.961160
1.884611
1.114071
0.079237
-0.533980
-0.990739
-1.024761
-0.978486
-0.697566
-0.739898
-0.481934
-0.594291
-0.798227
-0.234053
0.096899
0.142926
0.281085
-0.271492
-0.662976
-0.414056
-0.464657
-0.373780
-0.223744
-0.985106
-1.854739
-1.839126
-1.008121
-0.390933
-1.091604
-2.347591
-2.965666
-2.370345
-1.697340
-1.263796
-0.986331
-0.543833
-0.363678
0.196083
-0.055213
-0.150812
1.087168
1.852149
0.846283
-0.669319
-0.581070
0.263870
0.882314
0.444039
0.440042
0.530731
0.394412
0.538357
0.250793
0.019319
-0.307532
-0.966130
-0.544792
0.002058
0.138646
-0.303514
-0.570220
0.026436
0.773825
0.553800
-0.537344
-0.781443
0.327515
0.855730
0.452530
-0.153000
0.053998
1.074841
1.666863
1.846129
1.376105
0.555414
0.249277
0.210487
0.571402
1.628016
1.730045
0.141447
-1.052324
-1.192106
-0.570221
-0.477112
-1.003876
-1.020029
-0.779235
-0.321898
-0.419115
0.107104
0.500192
0.025314
-0.476693
-0.993596
-1.754633
-1.461937
-0.821262
-0.973975
-1.467979
-1.234723
-0.094519
1.056925
1.804487
2.495182
2.537414
2.580833
2.609805
1.879441
1.562280
1.539168
1.376868
1.154840
0.763586
0.388825
0.308212
0.359667
-0.212815
-1.171392
-1.703345
-0.983198
0.488235
1.321767
1.047791
0.571231
0.684365
0.896390
0.896449
0.538508
0.123208
0.867969
0.988814
0.585215
0.903150
0.278485
-0.550658
-0.782350
-0.610534
-0.324549
-0.570395
-1.542751
-2.571611
-1.972646
-0.142920
0.734080
0.514188
-0.346354
-0.854987
-1.357521
-0.891545
0.149999
0.573196
0.042712
-1.047528
-1.656811
-2.016497
-2.280551
-1.714200
-0.658148
-0.209551
-0.106660
-0.325306
-0.308086
0.050006
0.223520
0.349052
0.339917
0.609089
0.528987
-0.283335
-1.489264
-2.482471
-1.926278
-1.319283
-1.083000
-0.401255
0.257595
0.428106
0.013245
-0.179799
-0.054408
-0.971600
-1.334763
-0.319614
0.886440
1.029923
0.717367
1.087885
1.844189
1.440576
0.876599
0.742270
0.762600
0.019446
-0.306351
0.249542
1.116928
1.450326
1.140625
1.188330
2.306055
3.184215
2.583269
1.321302
0.991623
0.848555
0.951543
1.217254
1.180270
0.094937
-1.340202
-1.904748
-1.367754
-0.774449
-0.471457
-1.131501
-1.433782
-0.663129
0.272907
1.108691
1.779727
1.984182
1.286532
0.156433
-0.184467
0.145154
0.309543
0.202784
-0.866050
-1.529115
-2.034269
-2.487168
-2.162482
-1.124536
-0.404787
-0.040641
0.270059
0.558035
0.452178
1.043535
1.917817
2.094472
1.870091
1.529585
0.669185
-0.111535
-0.597192
-0.506238
-0.623111
-0.878945
-0.412501
-0.072360
-0.171221
-0.070414
0.141468
0.303028
0.628775
0.565401
0.710365
1.089703
0.633527
-0.105369
-0.729730
-1.090922
-1.420811
-1.214426
-1.712763
-2.193422
-1.683670
-0.648843
-0.085133
-0.088905
-0.938698
-1.519032
-1.153140
-0.837048
-1.087950
-0.788203
-0.209932
-0.391898
-0.624694
-0.602458
-0.676074
-0.682486
-0.876340
-1.280325
-1.435448
-1.174812
-1.070884
-0.856656
-0.084708
0.297395
0.517741
1.157117
1.233013
1.107112
1.115895
0.936953
0.598139
0.343190
-0.577307
-1.023614
-0.792751
-0.736540
-0.903760
-0.372696
0.278283
0.978593
0.883783
0.745728
0.858981
0.955256
1.032792
0.580618
-0.083016
-0.508280
-1.618419
-1.830561
-0.429394
0.003201
-0.740697
-0.346127
1.173797
1.946695
1.009254
0.018171
0.766055
1.941751
2.942290
2.970707
1.643180
0.144699
-0.393964
-0.177169
0.623187
1.452952
1.647320
1.488914
1.374985
0.356482
-0.137430
0.397311
1.083229
0.572789
-0.424092
-0.518314
0.010426
0.740186
1.111608
0.807279
0.254615
0.127829
0.260498
0.722753
1.218985
1.088395
0.837409
0.599372
0.199175
-0.421657
-0.596959
-0.455237
-0.145209
-0.220178
-0.796669
-1.198291
-1.081446
-1.321592
-0.882711
-0.110822
0.163564
0.166773
0.210097
0.058161
-0.472961
-1.073101
-0.429782
0.238588
-0.986935
-2.551130
-3.186137
-3.750286
-3.394003
-2.482271
-1.514748
-0.490013
-0.273625
-0.236604
-0.660271
-1.319219
-1.948462
-1.530880
-0.861950
-0.507470
-0.184255
0.091713
0.072616
0.757354
1.234402
1.427114
1.525883
1.209747
0.664843
0.433802
0.472601
0.431069
0.457262
