-0.404614
-0.874981
-0.929604
-1.156461
-1.038140
-1.188511
-1.580076
-1.486318
-0.682625
-0.068828
0.360014
0.341733
0.522242
1.209979
1.283174
0.952196
1.067896
1.117374
0.885056
0.237159
-0.541582
-0.775261
-1.252072
-1.559091
-1.493849
-1.251765
-1.132104
-0.774598
0.071722
0.538495
0.549005
0.714345
1.062614
1.091095
0.837982
0.691122
0.664652
0.035036
-0.409095
-0.033767
0.263592
-0.159537
-0.046987
0.360404
0.923071
1.165691
1.135395
0.659459
0.378779
0.400377
0.327983
0.159275
-0.255411
-0.314409
-0.193418
-0.192163
-0.163845
-0.300265
-0.715184
-0.835209
-0.333555
-0.064641
-0.018588
0.240988
0.050484
0.030311
0.372539
0.325352
0.055750
-0.142330
-0.246276
-0.332706
-0.916750
-1.336311
-0.820429
-0.332491
-0.294301
-0.074129
0.006347
0.347528
0.728396
0.778034
0.976670
0.427296
-0.134954
-0.478551
-0.709985
-0.654024
-0.798546
-1.128220
-1.357956
-0.822522
-0.269163
0.101898
0.427671
0.389177
0.727852
1.158081
0.894508
0.218576
0.008315
-0.155929
-0.350034
-0.545323
-0.730158
-0.790568
-0.728488
-0.552225
-0.515135
-0.065744
-0.035268
-0.011500
0.481501
0.379360
0.386419
0.641934
0.487979
-0.142453
-0.297928
-0.107324
0.394575
0.592564
0.069548
-0.474454
-0.508191
-0.728850
-0.900267
-1.029133
-0.995441
0.019985
0.461426
0.379020
0.782831
1.436965
1.647772
1.368375
0.866591
0.291593
-0.379581
-0.768879
-1.078796
-0.835803
-0.784663
-0.770259
-0.144279
0.217834
-0.205914
-0.573345
-0.821353
-0.740625
-0.493201
0.014628
0.280114
0.396709
0.318647
0.299123
0.142663
-0.458474
-0.355069
-0.207767
-0.370430
-0.163912
0.239108
0.675608
0.802807
0.768138
1.129219
1.168459
0.870211
0.470080
-0.007350
-0.526247
-1.056513
-1.197719
-1.465092
-1.642081
-1.145688
-0.672715
0.187208
0.853208
1.011538
0.928005
0.698116
0.400975
0.520240
0.671458
0.350838
-0.126143
-0.392910
-0.412317
0.017902
0.117141
-0.231872
-0.433269
-0.475028
-0.520860
-0.935212
-1.488646
-1.422113
-1.226366
-0.915120
-0.436698
0.361411
1.274892
1.407450
1.411373
1.287612
1.298181
1.228082
0.572521
-0.107947
-0.531541
-0.381082
-0.106558
-0.646363
-0.895612
-0.110541
0.205065
0.241554
-0.278011
-0.724239
-0.321439
0.299283
0.033367
-0.655510
-0.517895
-0.125605
-0.263894
-0.245214
-0.330058
-0.119105
0.403419
0.319026
-0.299049
-0.597664
-0.361117
-0.143252
0.135103
0.022226
-0.154046
-0.265842
-0.479266
-0.262483
0.069053
0.711503
1.258103
0.874850
0.406632
0.458248
0.590518
0.515388
0.033889
-0.463647
-0.040564
0.358986
0.381740
0.404737
0.331895
0.795475
1.214947
1.286023
1.128022
0.445309
0.068538
0.215809
0.497643
0.686551
0.305248
-0.399418
-0.506979
-0.439157
-0.510602
-1.020887
-2.122178
-2.877831
-2.158675
-0.975989
-0.320679
-0.107116
-0.563410
-0.751845
0.086183
0.818892
1.211002
1.229653
0.808660
0.637533
0.461818
0.386943
0.493033
0.506034
0.131837
-0.340849
-0.502958
-0.376601
-0.366145
-0.571136
-0.700602
-0.372340
-0.131416
0.006190
0.395223
0.827262
1.086075
0.914320
0.381907
0.038443
-0.400156
-0.458870
-0.939197
-1.563622
-1.216270
-1.377481
-1.678510
-1.315262
-0.680404
-0.183066
-0.256917
-0.167957
0.400404
1.305514
1.743872
1.762140
2.200868
2.258003
2.180235
2.383573
1.838973
1.518802
0.879095
-0.292300
-0.385588
-0.311039
-0.578117
-0.468048
-0.219324
-0.009888
0.166574
-0.288266
-1.051373
-0.783646
-0.440891
-0.392290
-0.050478
0.310377
0.781371
1.445323
1.713432
1.321129
0.530753
0.074872
-0.187391
-0.616848
-0.720423
-0.961964
-0.641219
-0.323304
-0.350074
-0.499925
-0.663740
-0.729497
-0.646178
-0.882130
-0.803452
-0.112421
0.521309
0.178273
-0.033080
-0.069759
-0.082365
-0.251648
-0.390105
-0.109529
0.097334
0.411736
0.026091
-0.560497
-0.781023
-1.212877
-1.294129
-1.228949
-1.417975
-1.599788
-1.378845
-0.683348
0.200969
0.423757
0.440400
1.321402
1.741139
1.139884
0.587667
0.892970
0.915913
0.703285
0.019126
-0.252765
-0.013778
-0.280668
-1.029880
-1.545886
-1.550293
-1.033578
-0.625665
-0.358597
0.127371
0.944482
1.599055
1.722191
1.299561
1.173052
1.233995
0.717853
-0.142134
-0.894034
-1.870159
-2.306236
-2.036257
-1.489834
-0.739843
0.330722
1.012455
1.259221
1.293638
1.045823
1.420463
2.154171
2.549085
2.076220
0.315582
-1.821421
-2.716416
-2.705650
-2.704988
-2.628449
-2.634145
-2.574634
-2.698792
-2.237061
-1.231411
-0.615096
-0.433362
-0.150761
0.201464
0.769534
1.110805
1.502152
1.816425
2.105509
2.186406
2.167080
1.869410
1.506845
1.016812
0.951876
1.000617
1.157216
0.685375
-0.016600
0.048720
0.185314
-0.188038
-0.455142
-0.474830
-0.134046
-0.029777
0.300789
0.473436
0.536191
0.573589
0.341805
0.454142
0.225925
0.267312
-0.147650
-0.254114
0.233267
0.217888
0.402044
0.309772
-0.124122
0.022283
0.109185
0.212939
0.154578
-0.064040
-0.695447
-0.961932
-0.416469
-0.054866
0.438661
0.955385
1.285332
1.271016
0.953467
1.232065
1.281358
1.061082
0.958805
0.498259
0.291524
0.152825
-0.093741
-0.232760
-0.590686
-0.488741
-0.173617
-0.128631
0.335427
0.511689
0.889779
1.629440
1.698069
1.258145
0.221974
-0.993021
-1.702906
-1.580051
-1.457876
-1.462221
-1.991402
-2.054895
-1.292991
-0.712957
-0.135881
0.467508
0.473160
0.599832
1.336776
2.079421
2.015441
1.394642
0.563410
-0.190149
-0.259406
-0.141223
-0.454905
-1.247847
-1.913071
-1.700342
-1.004097
-0.864844
-0.752787
-0.091527
0.355090
0.134885
0.153869
0.640327
1.031303
1.096806
0.947324
0.666012
0.142841
-0.535338
-0.834383
-0.838711
-0.933173
-1.079494
-1.103261
-0.996679
-0.859868
-0.602886
-0.223424
0.056744
0.783820
1.527845
1.530296
1.688070
1.393241
0.893591
0.449256
-0.376931
-0.561085
-0.309084
-0.020525
-0.027380
-0.565070
-0.636363
0.049189
0.577109
0.060859
-0.154684
0.064587
0.449255
0.780090
0.549272
0.456142
0.836313
0.932840
1.102868
1.309640
1.050002
0.123873
-0.408970
-0.356904
-0.677451
-0.865474
-1.057838
-1.643701
-1.991873
-1.910875
-1.563377
-0.942083
-0.943332
-0.542452
-0.308895
-0.275593
0.786413
1.070802
0.946238
0.570200
0.015954
-0.454094
-0.519022
-0.777682
-1.151580
-1.508569
-1.561606
-1.385475
-0.829117
-0.223559
0.108255
0.181654
-0.169760
-0.333844
0.120154
1.107809
1.219108
0.866113
0.715028
0.593568
0.436945
0.719746
0.669433
0.461103
0.359369
0.432645
0.798343
0.714543
0.212130
-0.367816
-0.252109
0.302420
0.398168
-0.352051
-1.341181
-1.227300
-0.567769
-0.729230
-1.066269
-0.656730
0.172691
0.306934
0.159452
-0.040685
-0.314657
0.458690
0.668099
0.364702
0.461836
0.818504
0.501797
-0.077253
-0.328614
-0.635953
-0.860694
-0.966862
-0.456625
-0.189698
-0.378811
-0.329946
-0.063520
0.251870
0.581006
0.697199
0.465352
0.549226
1.110129
0.997469
0.323606
-0.911782
-1.489177
-0.906110
-0.184737
-0.229550
-0.729891
-1.442998
-1.822177
-1.657427
-0.629359
0.382100
1.128272
1.476266
1.449227
1.245776
0.784615
0.275491
0.016515
-0.218102
-0.444664
-0.259822
-0.470102
-0.776777
-0.695250
-0.786421
-1.128985
-2.197892
-2.470701
-1.771775
-0.961695
-0.070164
0.700575
0.992015
1.128613
1.520060
1.789687
2.113893
2.185196
1.988805
1.416940
0.812280
0.664462
0.211716
-0.349355
-0.810750
-0.982401
-0.942865
-0.862481
-0.596000
-0.275890
-0.265259
-0.563150
-0.348871
0.482881
1.213689
1.633744
1.610450
1.300248
0.996721
0.453848
0.122773
0.057969
0.143517
-0.289436
-1.059175
-1.738019
-2.065648
-1.190423
-0.601196
-0.229929
0.604711
1.223779
2.154212
2.644979
2.282061
2.109326
2.408279
2.631375
2.116739
1.010883
0.075583
-0.820815
-1.577361
-2.345153
-2.549667
-2.432427
-1.879432
-1.471647
-1.328679
-0.935707
-0.612631
-0.109190
-0.192132
-0.096422
0.553447
1.182785
1.242906
0.919553
0.259322
-0.610792
-1.441906
-2.301203
-3.163788
-3.361542
-2.755080
-1.657049
-0.730555
-0.581995
-0.072150
0.459168
0.346505
-0.147728
-0.401975
-0.195688
0.034919
0.016131
-0.234577
-0.331704
-1.057626
-1.925668
-1.718902
-0.887375
-0.287765
-0.132583
-0.032895
0.152933
0.426044
0.777809
0.976021
0.802362
0.703736
0.841754
1.085286
1.552805
1.807631
1.969195
1.334239
0.831756
0.728568
0.360554
-0.532147
-0.990221
-1.292275
-1.403826
-1.105662
-0.461064
0.165845
0.519769
1.162765
1.679142
1.543466
1.594006
2.071021
2.330902
1.755142
1.101840
0.378487
-0.562570
-0.604523
-0.652871
-0.849710
-1.236501
-1.190714
-0.661962
-0.152267
0.778912
1.831390
1.741776
0.988445
0.461279
0.702280
0.886694
0.886178
1.021040
0.963357
1.274678
1.429125
0.432463
-0.610957
-1.289587
-1.659267
-1.745564
-0.989673
-0.099709
0.557760
0.573034
0.485823
0.757355
1.118328
1.439156
1.805461
1.787473
1.722294
1.881581
1.639326
1.353960
0.589504
-0.168906
-0.656909
-0.941864
-1.426960
-1.798264
-2.131829
-2.322822
-1.912510
-1.299222
-0.794155
-0.067887
0.415770
0.149653
-0.098657
0.007276
0.353912
0.343411
-0.009500
-0.540964
-1.269720
-1.450033
-1.051559
-0.913245
-0.933562
-0.981611
-0.811078
-0.248970
0.349653
0.737921
0.226730
-0.158698
0.221892
0.593149
0.896652
0.666134
0.476837
0.578914
0.640502
0.361888
-0.044360
-0.757325
-0.992444
-0.719691
-0.575525
-0.523198
-0.419203
-0.189601
0.473393
0.985230
0.971669
0.959160
0.549413
0.227617
0.560136
0.723152
0.683746
0.209190
0.158274
0.465354
-0.096744
-0.972722
-1.934153
-2.034978
-1.330247
-0.679428
0.021333
0.420767
0.059643
0.154214
0.372346
0.501830
0.900956
1.851256
2.223977
1.872989
1.527812
0.896196
0.677711
0.787816
0.284126
0.103649
-0.067268
0.250959
0.833152
1.042901
1.163993
0.998261
0.586025
0.183019
-0.156024
-0.390062
-0.473486
-0.371525
-0.013463
1.157300
1.742620
1.452985
1.254594
0.646970
0.168440
0.134674
0.052892
0.092063
-0.743745
-1.592009
-2.211922
-2.524703
-3.101789
-3.030846
-2.036599
-0.356290
1.011877
1.147510
0.737705
0.713708
1.125999
1.428325
0.970316
-0.275814
-0.332332
-0.043659
-0.269643
-0.971774
-1.844221
-2.061219
-1.952303
-1.686331
-0.973689
-0.523919
-0.442853
-0.448333
-0.507375
-0.677515
-0.698122
-0.243615
0.164769
0.354811
0.502474
0.695224
0.834949
0.896823
0.845964
1.104412
0.831507
-0.218330
-1.038253
-1.127530
