0.254140
0.633716
0.402312
0.478298
0.771176
0.985338
1.260290
1.822297
1.834122
1.581682
1.168654
0.480862
-0.383044
-0.463457
-0.483188
-0.515598
-0.032274
0.479167
0.820381
0.685878
0.399836
1.013757
1.591099
1.105112
0.508206
0.277170
0.113454
0.067909
0.218895
0.019837
-0.720246
-1.582057
-1.985861
-1.389429
-1.628327
-1.601981
-1.369065
-1.289959
-0.691096
-0.164737
0.052635
0.200659
0.666547
1.062607
0.846939
0.329678
0.054525
-0.128173
0.151460
-0.006726
-0.364812
-0.634694
-0.649942
-0.029089
0.271713
-0.017392
-0.277524
-0.120451
-0.058496
0.005702
0.205209
-0.085430
-0.134224
0.202642
0.862441
0.477638
-0.420458
-0.450155
-0.720786
-0.360160
0.380696
0.288882
0.017587
0.563848
0.672079
0.395511
0.238365
0.165179
0.525383
1.243462
1.791326
2.301005
0.880828
0.270717
0.760757
0.804800
0.591700
0.842468
0.519612
0.108057
-0.094447
-0.337449
-0.747510
-0.381841
-0.363369
-0.107345
0.864257
2.085527
2.305555
1.488591
0.929371
0.950326
0.389954
-0.236307
-0.616842
-0.868156
-0.528778
0.016710
-0.325321
-0.551533
-0.416576
-0.013920
-0.399452
-0.861029
-1.054583
-1.199281
-1.060449
-0.527845
-0.206569
-0.388514
-0.580047
-0.385557
-0.691561
-0.838806
-0.679301
-0.429952
-0.217336
-0.238872
-0.319166
-0.018840
0.515525
0.245439
-0.308322
-0.319205
-0.585115
-0.580072
-0.603028
-0.505323
-0.676129
-0.388194
-0.027705
-0.645605
-0.873500
-0.663468
-0.165444
0.362997
-0.511641
-1.043279
-0.806861
-0.062387
0.355026
0.172669
0.053624
0.460361
0.210629
-0.202551
0.011373
0.556916
0.745709
0.523205
0.168873
-0.097344
0.036954
-0.109393
-0.742008
-1.432496
-2.037098
-2.092271
-1.904764
-1.542284
-1.073818
-0.541332
0.362697
1.267023
1.016594
0.470427
0.120668
-0.097957
-0.402929
-0.810292
-0.948693
-0.743860
0.259455
1.197985
1.787422
1.916397
1.780025
1.524374
1.287201
0.980557
0.267676
-0.659672
-1.529078
-1.818701
-1.228800
-1.005039
-0.836064
-0.137616
0.308735
0.771481
1.430710
1.411944
1.065359
0.902483
1.024828
1.131290
0.930710
0.670239
-0.149027
-0.690985
-0.497322
-0.324388
-0.006847
-0.319419
0.094279
1.167764
2.110543
1.937395
0.659194
0.075192
0.315258
0.420348
0.163502
-0.554272
-1.318548
-1.465448
-0.798718
-0.551463
-0.539416
-0.352138
-0.147317
0.556759
1.308707
1.174948
0.716827
0.559801
0.021184
-0.736587
-1.127156
-1.281394
-1.198612
-0.738698
-1.011599
-1.274394
-1.031318
-0.569638
-0.090489
0.013647
0.043853
0.531836
0.840048
0.279025
-0.370834
-0.041142
0.790936
0.891487
0.352392
0.103923
-0.103564
0.022637
0.181121
-0.248084
-0.436978
-0.506841
-0.924100
-0.651037
-0.639927
-1.193551
-1.594079
-0.753779
0.515736
0.792948
1.043250
1.028422
0.491821
0.720185
0.903161
1.141986
0.684000
0.440590
0.262256
-0.432798
-0.737819
-0.732812
-0.908287
-0.844767
-0.716583
-0.325960
0.238360
0.728996
1.114332
1.580341
1.687370
1.252477
0.530813
-0.294012
-0.758181
-1.434641
-1.704188
-1.860668
-2.003893
-1.535000
-1.112200
-1.298694
-0.540156
0.983585
1.593854
1.911213
2.041871
2.158085
2.133840
1.878605
1.159809
0.414499
0.206764
-0.303513
-1.429459
-1.958277
-2.244516
-2.076212
-1.103993
0.152078
0.935386
1.057872
1.383554
2.439209
2.528615
1.620108
1.312991
1.081541
0.707136
0.250213
0.316426
0.805282
1.562738
1.238743
-0.396444
-1.260496
-1.688325
-2.011803
-2.518220
-3.130966
-2.789784
-2.110919
-1.488090
-0.848647
-0.875651
-0.503620
-0.324955
-0.432547
0.528438
1.113785
1.454166
1.450923
1.574312
2.157790
1.802980
1.213646
0.225999
-0.967542
-1.647382
-2.027166
-2.278965
-2.199906
-1.356083
-0.551459
0.158389
0.232599
0.497545
1.680823
1.605177
1.370879
1.354270
0.434001
-0.940742
-1.684155
-1.573771
-1.787572
-2.004566
-1.884128
-1.275130
0.033192
0.807613
0.998199
0.903304
0.996139
1.010094
1.023856
0.538449
0.116935
-0.044158
-0.373887
-0.567446
-0.369354
-0.195350
-0.001548
0.196201
0.338990
-0.019223
0.279418
0.625292
0.444505
0.288614
0.030800
-0.357132
-0.175942
-0.072239
-0.198200
-0.434331
-0.916611
-1.397400
-0.974354
-0.823406
-0.702335
-0.301624
-0.114543
-0.360925
-0.300885
-0.156882
0.383504
1.220474
1.482232
1.332966
1.188583
0.889895
0.952325
0.885999
0.798036
0.255962
-0.473806
-1.370408
-2.012145
-2.211290
-1.853839
-1.399844
-0.841046
-0.134470
0.594748
1.131718
1.239077
1.423325
1.490653
1.023573
1.084920
0.787811
0.184533
0.091432
-0.643557
-1.205541
-1.302763
-0.749424
0.264180
0.753829
0.604940
-0.027279
-0.174600
-0.590373
-0.761886
-0.577521
-0.148620
-0.231709
-0.121754
-0.265514
-0.374075
-0.036759
0.439527
0.464259
0.719704
1.349922
1.188523
0.940573
1.521735
1.125952
0.766199
0.276545
-1.038198
-2.153561
-2.153393
-1.690699
-1.407591
-0.604413
0.282641
0.839982
1.220133
1.632468
1.982818
1.944839
2.246829
1.629231
0.296873
-0.089969
-0.337807
-0.589420
-0.516325
-0.900254
-1.387355
-1.135624
-0.487442
0.179392
-0.354728
-0.490887
-0.069224
-0.397542
-0.251958
0.252855
0.620508
0.818298
0.400785
-0.276789
-0.578592
-0.770601
-1.292783
-1.416038
-0.887039
-0.575969
-0.619868
-0.248226
-0.028500
0.534733
1.181358
1.237330
0.707322
0.689169
1.259605
0.689702
-0.154877
-0.151395
-0.205757
-0.625913
-0.380958
-0.356150
-0.400534
-0.715817
-1.133153
-0.532771
0.143997
0.468332
1.099101
1.305215
1.416203
1.430278
1.095664
0.748166
0.338160
0.017422
-0.547486
-0.425091
-0.339008
-0.987696
-1.376901
-1.055379
-0.780021
-0.810390
-0.237830
0.318506
0.500121
0.014950
0.088928
0.517252
0.588079
0.914529
0.982307
0.888938
1.360520
1.017711
0.117309
-0.808723
-1.216217
-1.313890
-1.140189
-0.339540
0.813534
0.742025
-0.307132
-0.319904
0.322616
0.646366
0.958186
1.137022
1.081726
1.160640
0.672090
-0.429462
-1.179583
-1.253732
-1.834019
-2.480128
-2.679148
-1.651361
-0.844997
-0.097943
0.500742
0.476969
0.981878
1.490292
1.666005
1.298808
0.563422
0.396921
-0.044676
-0.830632
-1.143203
-1.011881
-1.187844
-1.086349
-0.400708
-0.475929
-0.577138
-0.211607
0.135009
1.102471
1.859474
2.140083
1.807158
1.460218
1.019929
0.966781
0.837880
0.433165
0.388206
0.409238
0.352304
0.424664
0.470491
0.138373
-0.838890
-1.581234
-2.033943
-2.274482
-2.046487
-1.770822
-1.072026
-0.266434
0.045113
0.125779
0.401822
0.677873
0.371444
-0.370470
-0.765428
-1.694428
-2.420642
-3.009926
-2.909356
-2.510711
-2.436827
-1.756810
-1.409403
-0.812517
0.380723
0.580450
0.708374
1.016150
0.975378
0.966343
0.513190
0.226307
0.058364
-0.337674
-0.991197
-1.127668
-0.766275
0.016435
0.516430
0.772905
1.025664
1.205644
1.137395
1.299131
1.576200
0.790976
-0.086191
-0.457839
-0.517281
-1.331371
-1.440299
-0.707367
-0.455990
0.082004
0.173599
-0.246246
0.052992
0.720049
1.147087
1.447502
1.402236
1.576159
1.686052
2.121593
2.734972
1.924784
0.309133
-0.767417
-0.601596
-0.507426
-0.209287
-0.226500
-0.945012
-0.688813
-0.367555
-0.198052
-0.384131
-0.388341
-0.221852
-0.195395
0.211941
0.488794
0.983203
0.619337
-0.009952
-0.274456
-0.480931
-0.481928
-0.624330
-0.731836
-0.385556
-0.422443
-0.182665
0.372484
0.860725
1.489471
1.724176
1.485790
1.317120
1.634892
1.852730
1.224495
0.832902
0.712962
0.834357
1.433994
1.704714
1.418563
0.908778
0.199846
0.119134
0.189242
0.001500
-0.448491
-0.517278
-0.483217
-0.810631
-0.357363
0.248344
0.470243
0.562567
0.244866
-0.043958
-0.038208
0.127478
0.359450
-0.327735
-1.212031
-1.700604
-1.773792
-1.474192
-1.188689
-1.913683
-1.944993
-0.848275
-0.062318
0.194003
0.132583
-0.130645
-0.424871
-0.008582
0.886151
1.354669
0.846876
0.405658
-0.322898
-1.158314
-2.079624
-2.729088
-2.843213
-2.520488
-1.613204
-1.373583
-0.221721
0.821833
1.113967
1.495121
1.354222
1.453899
1.757039
1.283762
0.374109
-0.784679
-1.224597
-0.811643
-0.446641
-0.345304
-0.776357
-0.783295
-0.188720
0.368819
0.595445
0.691951
0.547307
0.567109
0.207328
0.425551
0.994415
0.869419
1.442349
2.167986
2.239922
1.271505
0.346772
0.189542
-0.104798
-1.004887
-1.045318
-0.427184
-0.190334
0.071070
0.420939
0.972381
1.620350
1.365744
1.347934
1.185578
0.435768
0.334925
0.516816
0.271460
-0.066091
-0.758502
-1.171102
-1.147097
-0.913662
-0.289432
-0.289604
-0.691549
-0.489901
-0.656669
-0.223772
0.574903
0.528362
0.207284
-0.171810
0.273369
1.048042
1.188296
0.930221
0.223282
-0.366363
-0.533233
-1.074838
-2.040974
-2.628184
-2.431865
-2.138458
-1.739916
-1.217008
-0.824512
0.057444
0.593011
1.654424
2.583438
2.597728
2.040869
1.157089
0.310601
-0.658226
-1.101726
-1.073386
-0.525100
-0.089652
0.129794
0.096101
0.095523
0.321186
0.665051
0.813076
0.533149
0.203141
-0.065799
-0.544615
-0.809697
-1.094685
-1.094633
-0.480486
-0.192493
-0.175975
-0.127750
-0.404618
-0.939387
-1.326393
-1.481878
-1.802842
-1.773795
-1.533761
-1.089428
-0.579933
0.036305
0.280291
0.203331
0.381824
0.606925
0.942899
0.622130
-0.065435
-0.470917
-0.926832
-1.852024
-1.672863
-1.017193
-1.048322
-1.158411
-0.585747
0.418793
0.903117
1.465622
1.999211
1.527268
1.312507
1.199880
0.900451
0.779164
0.357170
0.296113
0.094132
-0.321572
-0.508037
-0.679386
-0.135076
0.693248
0.684439
0.484025
0.517865
0.477635
0.155883
-0.861921
-1.077153
-0.502893
-0.310227
-0.211399
-0.277327
-0.198770
-0.270486
-0.295350
-0.280698
-0.070506
0.613380
1.174321
1.288402
1.020266
0.460318
0.238171
0.322367
0.182927
-0.160314
-0.011037
0.065554
0.080366
-0.124672
-0.473955
0.301566
0.860934
0.665356
0.778933
0.611119
0.279288
0.260896
0.150160
-0.178272
-0.213625
-0.179898
-0.178137
0.067120
0.433685
0.336557
0.252769
0.234519
0.215178
0.046377
-0.542260
-0.521496
-0.492044
-0.249163
-0.317306
-0.643891
-0.769139
-0.473366
-0.188627
0.010782
-0.454145
-0.845545
-0.242533
0.307412
-0.093661
-0.641277
-0.543776
-0.696981
-0.569875
-0.548997
-1.306094
-1.780977
-1.230794
-0.674463
-0.306112
0.356511
0.702891
0.723289
0.583934
0.012724
-0.468355
-0.327115
-0.214304
0.418958
0.111034
-0.440243
-0.341497
0.182640
0.857203
1.070995
1.204561
1.342591
0.928473
0.955892
0.233893
-0.458442
-0.558317
