0.927985
0.358119
-0.265335
-0.936097
-1.116914
-0.938708
-1.208930
-1.504842
-1.060287
-0.195920
0.583327
0.715583
0.801286
1.385418
1.662158
1.271989
0.389723
-0.158950
-0.764880
-1.030148
-1.524725
-1.647429
-1.448290
-1.122115
-0.571090
-0.631588
-0.642586
-0.349391
0.367802
1.006596
1.486815
1.182948
0.942771
0.876037
1.510809
0.998839
0.187325
-0.387293
-1.212143
-1.353290
-1.430616
-0.959675
-0.226852
-0.111768
0.255429
0.446941
0.228809
0.572311
1.052677
1.775550
2.075625
1.711692
1.616055
1.968832
1.623599
1.009890
0.846323
0.377322
0.429204
0.191030
-0.024424
-0.235500
0.051975
-0.097342
-0.033567
-0.396626
-0.376372
-0.055124
0.163959
0.276873
0.390141
0.772257
0.700753
1.014552
1.159479
1.376550
0.961846
0.250727
-0.635897
-0.676990
-0.663194
-0.658571
-0.676664
-0.255641
0.167564
-0.361874
-0.721936
-1.597682
-2.321977
-2.522617
-2.314907
-1.856163
-1.351704
-0.849573
-0.656802
-0.533977
0.085532
0.782195
1.569265
1.648421
1.671046
1.437951
1.308063
1.321507
0.921191
0.681228
0.278598
-0.261816
-0.789769
-1.190783
-1.181924
-1.134694
-0.914996
-0.680271
-0.516922
0.102994
0.992203
1.385834
1.419259
0.248391
-0.549958
-1.306069
-2.634086
-3.832374
-4.176737
-3.854065
-2.945816
-1.621847
-0.423691
0.251255
0.623542
1.115964
1.506122
1.890861
1.494045
1.449466
1.024589
0.710235
0.372774
0.508289
0.445125
-0.375614
-1.371508
-1.705724
-1.907489
-1.706988
-1.644329
-1.507759
-0.390392
1.237112
2.811521
3.780912
4.338307
3.742242
2.950411
2.191870
1.492118
0.903401
-0.189531
-1.730127
-2.702375
-3.120327
-2.871889
-2.620137
-2.304795
-1.588835
-0.987187
-0.406148
-0.511883
-0.679666
-0.667679
-0.587248
-0.336640
-0.007167
0.151971
0.172588
-0.050146
0.085173
0.054435
0.160269
0.177775
-0.140805
-0.482944
-0.264588
0.144578
0.117054
0.003705
-0.220508
-0.334024
-0.115300
0.049282
-0.078760
0.203909
0.083578
0.304548
0.193705
0.428045
1.061002
1.593842
1.464278
1.041513
0.724623
0.648099
0.462604
-0.131303
0.747935
0.835180
0.673077
0.161473
-0.224105
-0.159815
-0.193010
0.177036
0.545427
0.689214
0.875240
0.944064
0.941197
1.020418
0.804162
0.710382
0.489601
-0.244415
-0.624426
-0.549626
0.144215
0.691092
0.611450
0.400176
0.454992
0.607549
0.716730
0.372272
0.146432
0.121318
0.519129
0.806336
0.717375
0.139035
-0.917891
-1.630060
-1.385005
-1.150728
-0.672622
-0.162848
0.145211
0.739474
0.586084
-0.078930
0.141760
0.455243
0.993677
1.104154
0.128780
-0.558846
-1.137076
-1.455280
-1.598414
-1.462091
-1.206332
-1.156973
-0.799927
-0.555798
-0.253588
-0.325560
-0.380003
-0.092983
0.289684
0.139616
0.324997
0.623869
0.060510
0.010180
0.206643
-0.072922
-0.647939
-0.883532
-1.351234
-0.987927
-0.270684
-0.151027
-0.413090
-0.400457
0.009277
0.665899
0.933556
1.307961
1.331575
1.000135
0.705432
0.295795
-0.345766
-0.576370
-0.884267
-1.033915
-1.088316
-1.204293
-0.990172
-0.808186
-0.056744
0.267848
1.302971
1.809070
1.990390
1.949748
1.852993
1.026350
-0.014893
-0.584176
-0.812594
-0.683101
-0.481838
-0.697932
-0.761994
-0.499761
-0.930805
-0.389708
0.100033
0.505348
0.403841
0.132836
-0.032806
0.119980
0.283375
0.602919
0.350847
-0.477249
-0.621652
-0.626858
-0.044756
0.438165
0.959400
1.022142
0.702713
-0.018350
-0.236284
0.032471
0.781522
0.836621
0.235796
0.051599
-0.499633
-1.110766
-1.608168
-1.410188
-0.979584
-0.425737
-0.034609
-0.059872
-0.547370
-0.956892
-0.735704
0.589459
1.224583
1.388898
1.104684
0.669912
0.842387
0.869623
0.823129
0.645794
0.740180
0.513984
0.529980
0.154478
-0.213159
0.153012
0.156598
-0.073379
0.307384
0.659631
0.335949
-0.292193
-0.741476
-0.573697
-0.059781
0.226115
0.355448
-0.184725
-0.489412
-0.122727
-0.697399
-1.011283
-1.305194
-1.783540
-2.034580
-1.992535
-1.513183
-0.504054
0.638814
1.209835
1.682972
1.955433
2.541177
2.515738
2.080753
1.222992
0.672931
0.416742
-0.396840
-1.198910
-1.422158
-1.139913
-1.435669
-1.212625
-1.256559
-1.089208
-0.679654
-0.402411
0.178790
0.269374
0.083097
0.067508
-0.099900
-0.444243
-0.941736
-0.844339
-0.997023
-1.302943
-1.016245
-1.020681
-0.722491
0.075586
0.679420
1.294542
1.742043
1.676404
1.627507
1.420109
1.263033
0.546547
0.306276
0.074034
-0.352897
-0.726081
-0.956116
-1.071526
-1.297957
-1.128823
-1.010439
-0.679209
-0.719712
-0.304790
0.515379
1.048743
0.980608
1.294464
0.771110
0.396071
-0.093851
-0.258112
0.230038
0.064906
-0.197976
-0.546752
-0.659843
-0.748107
-0.604353
-0.260521
0.088294
0.236034
-0.091375
-0.724136
-0.592984
-0.729208
-0.295499
-0.065937
0.174914
0.733442
1.059448
1.199277
1.380675
1.556137
1.691031
1.703584
1.546601
0.846825
-0.225896
-0.356903
-0.605659
-0.613501
-0.254781
0.197633
0.241387
0.237950
0.544160
0.179596
-0.495637
-1.120223
-1.250036
-1.046116
-0.902544
-0.785941
-0.420068
-0.246671
0.141842
-0.305402
-0.370355
-0.126818
-0.425668
-0.091799
-0.059615
-0.603106
-1.002218
-0.621857
-0.498855
-0.625262
-0.621861
-0.102729
-0.028366
0.055277
0.266723
0.211665
-0.023884
0.556008
0.986371
1.048226
0.427513
-0.176041
-0.428969
-0.490707
-0.631956
-0.497519
-0.029170
-0.169877
-0.551999
-0.814503
-0.414919
0.059207
0.270446
0.393040
0.003356
-0.152994
-0.233760
-0.347873
-0.503064
-0.092386
-0.202211
-0.113826
0.166093
0.138203
0.338171
0.295460
0.231355
-0.014786
-0.160296
0.281364
0.478799
-0.145220
-0.155786
-0.134875
-0.145520
-0.277615
0.085639
0.143653
0.396669
0.295056
0.119933
0.301765
0.717038
0.816636
0.797201
0.335481
0.227818
-0.016120
0.066792
-0.089665
-0.613019
-1.005769
-0.889996
-0.716726
-0.654946
-0.501384
-0.177611
0.097862
-0.019603
-0.158206
0.067795
0.058398
0.081915
-0.464101
-0.834168
-1.382148
-1.951356
-1.747171
-0.927873
-0.140918
0.396414
0.822073
1.008922
0.726199
0.646837
0.551573
0.553636
0.493367
0.245313
-0.337533
-0.486601
-0.551281
-0.252997
-0.255629
-0.418101
-0.336402
-0.222556
0.306921
0.661749
0.672711
0.291059
0.208905
0.950571
1.700127
2.223434
1.926080
1.672089
0.817759
0.627863
0.442957
0.243173
-0.487047
-0.594215
-0.333606
-0.095464
0.030392
0.212537
-0.008682
0.162556
0.374852
0.466873
0.524784
0.317258
0.268409
0.175138
0.259228
0.362359
0.405892
0.223282
-0.481301
-0.618502
-0.448406
-0.159273
0.325737
0.886475
0.672722
0.242246
-0.593912
-0.952825
-1.064008
-0.976215
-0.935222
-0.558533
-0.024674
-0.207164
-0.362195
-0.219305
0.202119
0.202887
0.055751
0.025611
0.346771
0.530085
0.592110
0.024879
-0.203915
-0.497120
-0.410190
-0.568210
-0.588560
-0.526349
-0.370093
-0.475376
-0.797614
-1.055148
-1.090950
-0.447127
0.409043
0.963400
1.153740
0.375485
-0.233932
-0.234103
0.311633
0.250081
-0.521944
-0.833160
-0.522331
-0.188333
0.431246
0.779790
0.500719
0.387363
0.469444
0.813183
1.369519
1.698245
2.022451
1.898494
2.141549
2.199669
1.768470
1.248501
0.549848
-0.059515
0.046533
-0.031657
-0.552430
-0.908660
-1.304320
-1.372364
-1.680225
-1.473341
-1.131148
-1.212228
-1.445794
-1.488271
-1.531059
-1.174973
-0.974961
-0.157635
-0.277826
-0.071767
0.190603
0.400165
0.426279
0.928747
1.262946
0.921122
-0.192927
-1.006834
-1.315943
-0.838341
-0.110932
0.416687
0.208544
-0.459904
-0.670913
-0.605968
-0.560028
-0.675993
-1.453998
-1.426356
-1.688262
-1.368864
-1.456810
-1.216347
-0.676917
-0.272051
0.345421
1.386515
1.950285
2.299177
2.314381
2.140359
1.622162
1.641459
1.346717
0.898506
0.503766
-0.459346
-0.785482
-0.437927
0.024865
0.457755
0.441241
0.316820
0.555206
0.667664
0.589136
0.245247
-0.033001
-0.820034
-2.236770
-2.144584
-1.625381
-1.268988
-0.975220
-0.381053
-0.095984
0.567140
1.122642
1.388566
1.065692
0.930576
0.592366
0.392051
0.194607
-0.321186
-0.484702
-0.710326
-0.433923
-0.671390
-0.725224
-0.420805
-0.138203
0.088630
0.257083
0.034487
-0.313013
-0.989971
-1.299966
-1.390160
-1.272421
-1.019227
-0.481135
0.099438
0.542444
1.358645
2.248057
2.892651
3.469051
3.397276
2.868454
2.084153
1.077285
0.355721
-0.136938
-0.952250
-1.318671
-1.019807
-0.731841
-0.753795
-0.910279
-1.008914
-0.074537
0.708587
0.915694
0.451731
0.100333
0.117641
0.521641
0.485013
0.420632
-0.728395
-1.304484
-0.971888
-0.498354
0.347421
0.970572
1.763170
1.976118
1.773834
0.655086
-0.489741
-1.354332
-1.842938
-1.543127
-1.042754
-0.825272
-0.436758
-0.457615
-0.606433
-0.597902
-0.539846
-0.434041
-0.578841
-1.168265
-1.844235
-1.699584
-1.842993
-1.678926
-1.320687
-0.770736
-0.155002
0.419302
0.586107
0.829397
0.947951
0.773258
1.185823
0.628038
0.156207
0.314027
0.377622
0.159567
-0.148030
-0.022187
0.606565
1.104439
1.522813
1.256219
1.211534
1.101044
0.634016
0.546518
0.361178
-0.044915
-0.545356
-0.548337
-0.793976
-0.814752
-1.097740
-1.295079
-0.771113
-0.029707
0.110446
0.099453
0.512884
0.746491
0.729758
0.980914
1.575586
1.678849
1.931702
1.918388
1.742594
1.207735
0.898510
0.420229
-0.131759
-0.645724
-0.973622
-0.676538
-0.034865
0.311715
0.443296
0.282745
-0.089023
-0.110976
-0.250859
-0.366265
-0.331310
-0.324536
-0.969628
-0.906896
-1.104651
-0.897824
-0.346024
0.188938
0.636923
0.462986
0.475136
-0.373781
-1.195746
-1.140406
-0.957787
-1.052273
-1.355369
-1.198004
-0.862374
-0.643352
-0.382953
-0.250647
-0.096452
0.214888
0.552452
0.531239
0.704571
1.118000
1.525016
1.515458
0.642153
0.049463
-0.431574
-0.629005
-0.601013
-0.586019
-0.780162
-1.215717
-1.658648
-0.624547
0.371315
0.621690
1.131251
1.641390
1.702704
1.330075
0.946565
0.784525
0.065251
-0.308821
-0.581764
-0.543289
0.182951
0.040288
-0.191580
-0.421020
-0.127098
0.405293
0.799393
1.065899
0.571026
-0.551248
-1.199770
-1.115530
-0.768438
-0.811291
-1.044322
-1.060772
-0.408120
0.059179
0.595041
1.173763
0.773676
0.432737
0.680705
0.895157
0.935151
0.675158
-0.102552
-1.241008
-2.190942
-2.166960
-1.995825
-2.133601
-1.768615
-1.744808
-1.621741
-1.068506
-0.128654
0.475229
0.521122
0.584004
0.798970
0.859984
0.803054
0.622709
0.533768
0.793851
1.342352
1.611962
1.633966
1.337452
0.528032
-0.230342
-0.438009
