-1.381319
-1.145432
-0.639607
0.145003
0.643378
0.603298
0.584750
1.013167
1.160398
1.122124
1.025446
0.651595
0.250312
-0.593743
-1.333020
-1.442924
-1.254597
-1.004132
-0.648662
-0.361599
-0.074039
0.306392
0.294158
0.513574
0.711269
1.125326
1.271146
1.314495
0.710616
0.057438
-0.555732
-0.759770
-1.538067
-2.057530
-2.248839
-2.275379
-1.740791
-0.899218
-0.522582
-0.452572
-0.041029
0.273171
0.302492
0.219091
0.150843
-0.186840
-0.783108
-1.007445
-1.453618
-2.058092
-2.321282
-2.408639
-2.167557
-1.934488
-1.544463
-0.865002
-0.350279
0.103692
0.437003
1.044872
1.217274
1.090434
0.665261
0.409411
-0.006921
0.059658
0.064542
-0.337460
-0.498326
-0.569691
-0.640806
-0.694310
-0.441153
-0.239329
0.469084
0.604538
1.095760
1.554960
1.740334
1.874533
1.586283
1.120351
0.796688
0.458645
0.117603
0.525571
1.361021
1.698205
1.665751
1.988120
1.666030
1.665122
0.924353
0.339714
0.165280
-0.052635
-0.249935
-0.547644
-1.559160
-2.267117
-2.098285
-1.811669
-1.756416
-1.760861
-1.264161
-0.964320
-0.609114
0.111600
0.696517
1.061802
1.685863
1.713753
1.255589
0.803231
-0.162729
-1.293524
-2.239450
-2.898422
-2.722178
-1.811668
-1.114612
-0.695303
-0.041475
1.007950
1.858820
2.387013
2.058561
1.546320
0.956765
0.630627
0.263661
-0.165218
-0.668778
-1.027197
-0.672558
-0.536247
-0.042985
0.512601
0.736574
0.811539
1.074924
1.910002
2.475956
2.566790
2.590636
2.565923
1.842183
1.322443
0.528551
-0.546669
-1.811776
-2.860516
-3.420652
-3.351637
-3.105702
-2.376688
-1.923353
-1.551560
-1.056683
0.073674
0.971545
1.320712
1.333408
1.195027
0.946741
0.342049
-0.485482
-1.020421
-0.926143
-1.032149
-0.717315
-0.513206
-0.048015
0.160075
0.413639
0.878863
1.041745
0.832389
0.666949
0.892953
1.216197
1.466670
1.240887
0.926135
0.426589
-0.056899
-0.292553
0.013654
0.084597
0.383557
0.492009
0.710867
0.440255
0.371206
0.527376
0.311463
0.165559
-0.342770
-0.915293
-1.004216
-0.676404
-0.284944
-0.193115
-0.482826
-0.425824
-0.305065
-0.389505
-0.807480
-1.000728
-0.949605
-0.752129
-0.621543
-0.538912
-0.444051
-0.656547
-0.993584
-1.861935
-2.319546
-2.729707
-2.711265
-2.613291
-2.295647
-1.554455
-0.570301
0.094508
0.399286
0.445339
0.701908
0.872659
0.756929
0.554896
0.025393
-0.504217
-0.965952
-1.285392
-1.639413
-1.451267
-0.894358
0.111540
1.258127
2.014233
2.173515
2.171870
2.175217
2.200362
1.942566
1.565615
1.464913
1.184381
0.880250
0.477437
0.219975
0.137921
0.257870
0.575322
0.507751
0.911866
1.124811
1.055956
1.222599
1.414287
1.501523
1.353271
1.087054
1.200042
1.009312
0.737177
0.223967
0.274341
-0.063042
-0.020289
0.508742
0.920751
0.730864
0.394611
0.478099
0.478797
0.482559
0.416150
0.579145
0.647726
0.792649
0.196886
-0.599980
-1.083055
-1.828614
-2.347478
-2.024503
-1.936223
-1.827304
-0.876961
0.085548
0.712152
1.123327
1.480708
1.596740
1.679528
1.366396
0.724457
-0.306987
-0.711211
-1.421660
-2.161433
-2.199279
-1.767148
-1.977823
-1.909246
-0.909772
0.093340
0.707904
0.950147
1.232612
1.391038
1.500439
1.369170
1.393598
0.826721
0.233649
-0.417391
-0.635918
-0.510664
-0.466487
-0.519487
-0.565229
-0.354931
0.234382
0.753123
0.658531
0.650443
0.562785
-0.039496
-0.624481
-1.055018
-1.278855
-1.300137
-0.985016
-1.427515
-1.702810
-1.191396
-0.967738
-0.620558
0.106259
0.322841
0.766324
0.590957
0.412875
0.468220
0.272047
0.105849
0.249425
0.135238
-0.321901
-0.819768
-1.164215
-1.055951
-0.939784
-0.453308
-0.028199
0.139338
0.563028
0.590163
0.645924
0.644049
0.352800
0.424380
0.338943
0.590254
0.588208
0.434877
0.218075
-0.316008
-0.217895
-0.017511
0.143259
-0.210713
-0.480491
-0.455667
-0.375932
-0.128683
0.433532
0.373955
0.611037
0.562523
0.694643
0.997755
0.983435
1.012291
0.565407
0.315225
-0.167916
-0.416547
-0.574470
-0.400971
-0.477182
-0.490020
-0.157148
0.350289
0.293033
0.293129
0.686510
1.087819
1.097033
0.826034
0.934392
0.771686
0.579115
0.522569
0.176655
0.204548
0.283183
0.043134
0.379886
0.657885
0.845201
0.762239
0.894423
1.123645
1.032398
0.826947
0.554592
-0.070926
-1.106715
-1.812971
-2.652576
-3.010724
-3.641789
-3.529026
-3.400103
-3.217802
-2.703053
-1.791951
-1.032154
-0.262338
0.540756
1.060474
1.367209
1.450386
1.615245
1.262203
1.036733
0.497223
0.325091
-0.319349
-0.848045
-1.257812
-1.453466
-1.404912
-0.834982
-0.172139
0.727561
1.232792
1.243064
1.594328
1.725135
1.797007
1.570547
1.347568
0.814733
0.116998
-0.275111
-0.182731
-0.709666
-0.981557
-0.742686
-0.520426
-0.687375
-0.832034
-0.824610
-0.910399
-1.137726
-1.041758
-0.772927
-0.665968
-0.577991
-0.569375
-0.514699
-0.047709
0.632428
1.169515
1.319051
1.322737
1.104271
0.941141
0.957642
0.792899
0.845197
1.068603
1.087827
1.132775
1.043682
0.876898
0.817623
0.744297
0.828445
0.780555
0.726938
1.042459
0.537791
0.235816
0.499828
0.562092
0.584181
0.689295
0.735637
0.825269
1.058547
0.827457
0.992177
0.883857
0.781525
0.523177
-0.107546
-0.614445
-0.929476
-1.158475
-1.183371
-0.996569
-0.646734
-0.113710
0.177318
0.283782
0.340208
0.116727
-0.351220
-0.294422
0.065809
-0.109843
-0.773844
-1.075440
-1.246248
-1.319922
-1.262615
-1.207537
-0.640477
-0.403041
-0.338153
-0.529920
-0.600788
-0.531101
-0.492354
-0.516003
-0.220885
-0.083313
0.026058
0.317214
0.672942
0.655796
0.633427
0.832149
0.518177
0.379160
0.525223
0.439056
0.372621
0.254561
0.112463
0.047231
0.084913
-0.097027
-0.434485
-0.524006
-0.541869
-0.849724
-1.076983
-1.248912
-1.047674
-1.303896
-1.031583
-0.836540
-0.919460
-0.967438
-0.613792
-0.959485
-1.197361
-0.859439
-0.773169
-0.714927
-0.415478
-0.268557
0.054317
0.775664
1.306554
1.710831
1.947089
1.780490
1.097909
0.866663
0.608463
0.575830
0.392818
0.203310
0.144311
-0.232298
-0.235403
0.192349
0.342357
0.722706
1.387220
1.649564
1.691898
1.834473
1.876269
1.476778
1.099318
0.371121
-0.472431
-0.785186
-1.042597
-1.401208
-1.672538
-1.794070
-2.224298
-2.126248
-1.844922
-1.493122
-1.154297
-0.969877
-0.944655
-0.336173
0.063906
0.242767
0.252839
0.343713
0.459714
1.237086
0.741154
0.111010
0.323025
0.664988
0.833798
0.795768
0.894134
0.798478
0.706880
0.430038
0.624971
0.619523
0.687748
0.497751
0.375926
0.695288
0.759872
1.073257
1.251443
1.313570
1.378485
1.153319
0.442242
0.001253
-0.367216
-0.469913
-0.595160
-0.543678
-0.603493
-0.625504
-0.164889
0.356621
0.498309
0.411990
0.524284
0.404475
0.497806
0.345288
0.148564
-0.256371
-0.522701
-0.536667
-0.489461
-0.224343
-0.143233
-0.211024
-0.225389
-0.092084
0.020489
-0.501533
-1.063820
-0.788771
-0.691461
-0.473702
-0.794080
-1.208915
-1.408972
-1.149509
-0.582752
-0.058178
-0.600283
-0.950909
-1.022925
-0.894194
-0.809607
-0.902137
-0.819574
-1.060233
-1.159394
-1.257163
-1.346746
-1.342351
-0.833307
-0.502250
-0.074256
0.533342
1.044337
1.117121
1.221318
1.342040
1.264463
1.475576
1.586688
1.537818
1.521994
1.441063
1.227442
1.076190
0.902735
1.026736
1.257615
1.232471
0.837155
0.592279
0.413434
-0.177822
-0.489580
-0.620519
-0.284675
-0.528939
-0.294418
0.046109
0.276892
0.227178
0.243673
0.106893
0.302098
0.623860
0.805613
0.656285
0.380597
0.551950
0.472361
0.723275
1.044473
1.175950
0.935072
1.041608
1.048765
0.801021
0.618787
0.411064
-0.137411
-0.381991
-0.927431
-1.228177
-1.036431
-1.080756
-1.383297
-1.274404
-0.959501
-0.607928
-0.317161
-0.067365
0.166654
0.330910
0.470136
0.156574
0.066675
-0.396711
-0.784126
-1.153775
-1.236441
-0.813936
-0.109131
0.948405
1.322855
1.061230
1.138984
1.029326
0.819144
0.405852
-0.068263
-0.309478
-0.902827
-0.957512
-1.054754
-0.975645
-0.797378
-0.314901
-0.055443
0.450295
0.755533
0.782858
0.940132
0.749817
0.340782
-0.236596
-0.094444
0.012153
0.021767
0.094510
0.256870
0.657586
0.600194
0.527632
0.078931
-0.169738
-0.091533
-0.414489
-0.950432
-1.282762
-1.620682
-2.154329
-2.514770
-2.259811
-1.711040
-0.985659
-0.533622
-0.082360
0.454178
0.676326
0.574708
0.925715
1.370750
1.718931
1.962480
1.507643
0.795656
0.464171
0.456973
0.518028
0.060785
-0.437783
-0.458413
-0.502598
-0.028185
0.681555
0.909823
0.607819
0.092183
-0.567215
-1.119359
-1.135594
-0.967690
-0.174792
0.451347
1.116465
1.259281
1.004943
0.419118
0.103832
-0.409922
-0.577604
-0.373006
-0.222816
-0.340848
-0.277250
-0.218752
-0.154180
0.622358
0.717110
0.929930
0.884656
0.972646
0.876458
0.514184
-0.020861
-0.361965
-0.817474
-0.889477
-0.851496
-1.055501
-0.978232
-0.521695
-0.408868
-0.671959
-0.357000
-0.089972
0.000890
-0.045708
-0.028780
-0.215272
-0.082487
-0.266520
-0.337845
-0.500499
-0.569570
-0.385526
-0.041763
0.390632
0.393090
0.553788
0.539529
0.656537
0.678976
0.722831
0.451339
0.394160
0.233250
-0.114511
-0.423305
-0.439296
-0.424800
-0.634630
-0.712617
-1.008201
-0.872989
-0.989130
-0.720199
-0.309937
-0.160052
0.079056
0.195435
0.588370
0.629863
0.447800
0.058664
0.135430
0.485344
0.545946
-0.082577
-0.331949
-0.248776
-0.062391
-0.053251
0.131009
0.318412
0.647285
0.784726
0.685310
0.569806
1.179478
0.906798
0.450475
0.517399
0.124677
0.009289
-0.325479
-0.381293
-0.269051
0.141163
0.051250
0.043693
-0.088835
-0.462628
-0.834924
-0.941523
-0.263285
-0.124476
-0.316759
-0.204450
-0.240892
-0.247452
-0.359598
-0.279202
-0.280081
-0.411057
-0.387337
-0.228204
0.265551
0.751498
0.767686
0.683599
0.261952
0.113530
-0.014886
0.010445
-0.109892
0.103520
0.462798
0.518482
0.814209
1.333322
1.457224
1.334787
0.904011
0.963959
0.800331
0.647354
0.537866
-0.486061
-1.144787
-1.277632
-0.990291
-0.502041
-0.162260
-0.564532
-0.790929
-0.360252
0.255672
0.402307
0.381066
-0.083093
-0.504694
-0.590147
-0.246771
-0.318378
-0.775175
-1.408359
-1.543296
-1.103770
-0.699287
-0.064265
0.397918
0.423425
0.387527
0.608755
0.859252
0.731113
0.657764
0.405888
-0.360849
-0.740292
-0.722314
-0.688191
-0.847375
-1.274622
-1.309185
-1.270574
-0.713635
-0.846379
-1.096931
-0.925418
-0.603596
-0.031243
0.351463
0.606832
0.775547
