0.005006
0.307359
0.562565
0.978507
1.224165
1.369354
1.345580
1.501546
1.297118
0.658315
0.730974
0.448372
-0.065963
-0.754703
-0.915976
-0.663684
-0.029086
0.291891
0.550960
0.918909
1.090912
1.381954
0.973109
0.861184
1.114582
1.645329
1.832216
1.691218
0.917184
-0.313206
-1.295727
-0.967516
-1.571964
-1.844633
-1.696681
-1.534118
-1.438647
-1.342834
-1.056656
-1.163500
-0.832578
-0.626413
-0.588830
-0.499147
-0.193481
-0.429730
-0.800845
-0.891828
-0.873971
-1.059022
-1.003227
-0.918616
-0.806186
-0.704029
-0.793832
-0.512670
-0.246054
0.139249
-0.023251
0.362732
0.190547
-0.561759
-1.106754
-1.041527
-1.182006
-1.293229
-0.893826
-0.229623
0.350491
0.652182
0.561027
0.295869
0.423773
0.289321
0.017870
-0.398257
-0.358350
-0.359508
-0.908211
-1.522508
-1.695354
-2.292717
-1.331439
-0.192112
-0.236083
0.286834
1.161126
1.593319
1.748241
1.768237
1.355599
1.747435
1.780852
1.621143
1.397725
1.118326
0.668869
0.287277
-1.009254
-1.720149
-1.896828
-1.726077
-1.262093
-0.678040
0.351738
0.736127
1.191419
1.721961
1.881983
1.760488
1.970644
1.613247
1.025988
0.446147
-0.202242
-0.668708
-1.291419
-1.153281
-0.534129
0.436329
0.936611
1.474047
1.722378
2.084604
1.995773
1.886462
1.268880
0.612306
0.053219
-0.168236
-0.048873
-0.008849
-0.261154
-0.523982
-1.052308
-1.663939
-1.424773
-0.909244
-0.229019
0.260233
0.597834
1.471567
2.197009
2.313562
2.147483
2.115889
1.777845
1.111678
0.487237
-0.497803
-1.726214
-1.890942
-1.822680
-1.734095
-1.418863
-0.484603
-0.493176
-0.409765
-0.758360
-0.488974
-0.124421
-0.070013
-0.250323
-0.427716
-0.942521
-1.127852
-1.205663
-1.301606
-0.787536
-0.530412
-0.126723
0.134836
0.141356
0.014935
-0.249800
-0.243217
-0.034441
-0.106203
-0.121699
-0.421740
-0.007396
0.313632
0.220813
0.407102
0.553129
1.309443
1.597136
1.596456
1.294225
1.087717
0.440398
-0.065385
-0.215665
-0.304191
-0.693740
-1.363638
-1.550694
-1.415967
-1.166877
-0.691108
-0.270929
-0.162313
0.348536
0.960085
1.622895
1.777721
1.276324
0.544015
0.296316
0.951550
1.401313
1.175405
0.495072
-0.366270
-0.835203
-1.070624
-1.987069
-2.180475
-2.116478
-1.896260
-1.770618
-1.363534
-0.610058
-0.134909
-0.069106
-0.071596
-0.012587
-0.076869
-0.251149
-0.596093
-0.658466
-0.747424
-0.639951
-0.445480
-0.068620
-0.129165
0.505076
0.629178
0.935636
1.225802
1.408647
1.416248
1.414119
1.418429
0.860871
0.137416
-0.345833
-0.081825
0.541550
0.544867
0.028553
-0.104869
0.183124
0.730033
0.940348
0.657158
0.388832
-0.124531
-0.409371
-0.195793
-0.146676
0.358306
0.561446
0.023634
-0.224703
-0.862385
-0.817971
-0.689479
-0.231767
0.515260
1.159806
1.641299
2.169462
1.532844
0.905283
0.815713
0.423464
0.231724
-0.246564
-0.627389
-0.932627
-0.943471
-1.313938
-2.335316
-2.757964
-2.534022
-2.216236
-1.015989
-1.099417
-1.156308
-0.921162
-0.866902
-0.653483
-0.323036
-0.454682
0.087187
0.193324
0.185104
0.148616
-0.387148
-0.315543
-0.833011
-0.798296
-0.453783
0.689936
0.616379
0.114678
0.609419
0.519125
0.520547
0.634462
1.193098
1.592745
1.732972
1.368133
1.202863
0.869421
0.895547
0.847375
0.960438
0.727841
0.587884
0.716532
0.461319
0.337708
0.503324
0.578503
0.457258
0.643474
0.531116
-0.044286
-0.794102
-1.542534
-1.632859
-1.266993
-0.666499
-0.840618
-0.996776
-0.144762
-0.251207
-0.592512
-0.250627
-0.366162
-0.190885
-0.415667
-0.250760
0.016741
0.158457
-0.054570
0.129461
0.376266
0.183464
-0.454668
-0.896190
-0.954002
-1.198248
-1.557651
-1.798924
-1.584324
-1.041210
-0.220098
0.047955
0.242113
0.065402
0.157135
0.047621
0.173182
0.367118
0.563753
0.285856
-0.005564
0.120192
-0.016106
-0.203201
-0.460329
-0.412958
-0.577742
-0.082355
0.431123
0.955170
0.682245
0.592964
0.334198
0.110402
-0.090826
0.087401
-0.072194
-0.645058
-0.769152
-0.995220
-0.724161
-0.336837
0.278696
0.377592
0.557699
0.394638
0.258746
-0.207787
-0.207686
0.099977
0.417780
0.429570
0.278815
0.417684
0.602297
0.945192
1.069314
0.822516
0.661685
0.959042
0.454788
0.100097
-0.526458
-0.482927
-0.589265
-0.616418
-0.912356
-1.029313
-0.899489
-0.855420
-1.067484
-1.608797
-2.120890
-2.410761
-2.083517
-1.319694
-0.388849
0.169544
0.403192
0.473193
0.854706
0.845700
1.046119
1.092607
0.972456
1.169038
1.275652
1.683544
1.820774
1.728335
1.429993
1.405919
0.973042
0.491958
-0.033310
-0.284031
-0.811585
-0.670689
-0.214304
0.349159
0.407020
0.027021
-0.309049
-0.534528
-0.442405
-0.142968
0.160992
0.067747
0.352885
0.440019
0.951614
1.062452
0.517326
-0.355887
-0.660727
-0.874717
-1.256719
-1.443781
-1.553749
-1.648546
-1.918701
-1.967266
-1.830167
-1.717424
-1.902943
-1.046548
0.141771
0.816966
0.915637
0.714145
0.915471
1.421759
1.409249
1.233817
0.629485
0.106774
0.393129
0.810933
1.065127
0.950931
0.933737
1.054342
0.763774
0.871631
1.399975
1.724414
2.128839
2.071700
1.488072
1.236732
0.530229
0.165374
-0.093056
-0.623381
-0.901640
-0.799214
-0.505691
-0.491140
-0.826546
-0.564545
-0.305961
-0.131510
0.201651
0.584166
0.487223
0.455312
0.498168
0.553429
0.843477
0.430181
-0.219645
-0.737065
-0.826937
-1.230153
-1.550518
-1.481949
-1.707092
-1.968444
-1.372128
-1.197899
-1.488915
-0.629151
-0.558552
-0.618043
-0.313705
0.162629
0.113410
0.219158
-0.084685
-0.035017
-0.261912
-0.276806
-0.297033
-0.353426
-0.176793
0.279146
0.257191
0.425102
1.269543
1.456831
1.278643
1.662424
1.748560
1.466844
0.922354
0.347052
0.066880
0.115179
0.078553
0.039153
-0.272170
-0.295050
-0.296505
-0.587795
-1.004750
-0.943372
-1.468394
-1.905659
-2.048804
-2.155091
-2.413167
-1.959895
-2.009809
-1.724984
-1.488429
-0.984686
-0.713472
-0.133043
0.644999
1.255414
1.590307
1.681039
2.199229
2.108893
1.895351
1.217021
0.527474
0.393083
0.744422
0.706424
0.856660
1.174203
1.281204
0.884080
0.842633
0.445162
-0.050213
-0.181349
-0.238248
0.012575
0.195281
0.445521
0.719753
1.022266
1.071759
0.973408
0.375967
-0.150577
-0.806794
-1.351161
-1.900081
-2.254951
-2.325877
-2.161846
-1.907499
-1.669787
-1.433402
-1.204512
-1.014303
-1.287805
-1.255129
-0.849051
-0.535994
0.005840
0.215944
0.563160
0.934936
1.010110
1.055282
1.468240
1.616056
1.545576
1.226386
1.108977
1.147274
1.397134
0.997009
0.494706
0.054614
-0.101538
0.111208
0.193991
0.595697
1.217234
1.296868
1.380074
1.484627
1.556080
1.777144
1.894599
1.566362
1.209263
1.078669
0.608835
0.384060
-0.008430
-0.519444
-0.927585
-1.431347
-1.680658
-1.637583
-1.714517
-1.713427
-1.179273
-1.305161
-0.663643
-0.288401
-0.031311
0.111927
0.609054
0.718746
0.503748
0.281452
-0.360564
-1.226260
-1.357231
-0.808123
-0.879955
-0.993998
-1.208071
-1.346650
-1.209911
-0.877340
-0.347450
-0.068233
-0.763084
-0.819345
-1.108253
-0.943250
-0.441665
0.226061
0.135287
-0.173162
-0.300284
-0.622163
-0.736986
-0.927934
-0.472041
-0.244284
-0.088840
0.100215
-0.031116
-0.527553
-0.590579
-0.435840
0.054450
0.718215
1.057218
0.994573
0.384543
0.280808
0.793325
1.385765
1.163436
1.322377
1.028585
0.996333
0.686211
0.765483
1.126013
1.351027
1.148009
0.980177
0.820924
0.311252
0.218688
0.851748
1.540703
1.870146
1.301560
0.339912
-0.196168
-0.766658
-0.533669
-0.331929
-0.292135
0.517229
1.398105
2.309445
2.524606
2.496568
1.794611
1.341439
1.154031
0.639902
-0.183410
-0.842808
-1.742408
-2.055903
-2.361887
-2.354230
-1.911874
-1.182356
-0.783838
-0.840845
-0.437209
-0.183158
0.189537
-0.080007
-0.566377
-1.338732
-1.946647
-1.955315
-1.284258
-0.895318
-0.605583
-0.882810
-0.595602
0.535678
1.439117
2.008181
1.701933
0.973446
0.679882
0.539388
0.269962
0.133381
-0.277741
-0.783506
-1.347459
-1.417553
-1.345633
-1.637357
-1.605443
-1.380183
-1.047620
-0.399399
-0.008134
0.223452
0.818206
0.967431
0.639704
-0.100338
-0.704462
-0.960996
-0.555507
-0.462271
-0.254139
0.259465
0.579066
0.879223
1.090401
0.968250
0.675323
0.654535
0.557304
0.131354
-0.498384
-1.378977
-1.840980
-1.514162
-1.400490
-0.667301
-0.284477
0.097353
0.981636
1.659543
1.332729
0.996309
0.780412
1.030137
1.342312
0.562734
0.043274
0.011550
0.198928
0.080584
-0.308914
-0.751380
-0.581241
-0.244733
0.363356
1.076497
1.172522
0.982007
0.124498
-0.720700
-1.428421
-1.056066
-0.251125
0.372020
0.584861
0.651062
0.637534
0.311553
-0.046196
-0.646943
-0.715669
-0.734017
-0.864933
-0.869008
-0.823714
-0.742196
-0.470634
-0.191285
0.607475
0.728925
1.001712
0.943680
0.663320
0.343446
-0.317486
-0.806711
-1.243946
-1.434640
-1.133765
-0.888500
-0.560263
0.325109
1.106848
1.251463
0.914263
1.121363
1.267071
1.776700
1.520389
0.952343
-0.073006
-0.885719
-1.711337
-1.802756
-1.421494
-0.920301
-0.291255
0.149390
0.703600
0.706772
0.716146
0.501308
0.847868
1.073211
0.932841
0.584851
0.511563
0.501892
0.449286
0.250068
0.622733
0.641315
0.175781
-0.120762
-0.499633
-0.916070
-1.064937
-0.523647
-0.784094
-0.788558
-0.678639
-0.332909
-0.812145
-1.152105
-1.188906
-1.097939
-0.999545
-0.747620
-0.473358
-0.099527
0.170582
0.080611
0.319530
0.331247
0.567425
0.611031
0.836008
0.619011
0.295000
0.343554
1.321658
0.775418
-0.595730
-0.903114
-0.816767
-0.964645
-1.000577
-0.678973
-0.535105
0.187277
0.268610
-0.330822
-0.893837
-0.783226
-0.670695
-0.807314
-0.527714
-0.546376
-0.596256
-1.042049
-1.088759
-1.097168
-0.454583
0.238195
1.023395
1.052076
1.082480
1.089890
1.526187
1.755892
1.973225
1.472280
0.735263
0.938168
0.380402
0.019727
-0.134517
0.532171
0.206374
-0.705141
-1.112399
-1.036742
-0.877928
-0.445158
-0.800710
-0.527289
-0.147294
-0.146792
-0.876880
-1.403009
-1.854179
-2.024456
-1.459569
-0.440580
0.781248
1.051939
1.154916
0.920633
0.727195
0.522003
0.298195
-0.296749
-0.443980
-0.750094
-0.506547
-0.205165
-0.594111
-1.012542
-0.988919
-0.425548
0.289490
1.103419
1.302684
1.138819
0.699621
0.786601
0.714537
0.943456
0.849439
0.526594
-0.259625
-0.549380
0.063390
0.303710
0.492817
0.534932
0.687213
0.736703
0.664240
0.297531
0.172965
0.392784
0.215559
0.162854
0.260250
0.784158
0.803828
