-0.715851
-0.274996
0.298565
0.839048
0.880439
0.488924
0.464762
0.424183
0.415619
0.372596
0.089876
-0.333675
-0.441602
-0.526769
-0.842248
-1.139853
-0.755705
-0.472550
-0.414456
0.083937
0.582888
0.665745
1.170824
1.245068
0.953423
0.729283
0.720798
0.595480
0.087408
-0.303694
-0.472437
-0.703456
-1.410909
-1.820766
-2.037479
-2.070624
-1.812834
-1.030944
-0.605927
-0.008385
0.631599
0.814052
0.847011
0.406817
-0.016361
-0.571656
-1.077786
-1.334955
-1.667386
-2.174466
-2.297934
-2.397795
-1.949423
-1.336014
-0.721880
0.217583
0.623794
0.965011
1.172259
1.340042
1.358107
1.208904
0.727661
0.438407
0.139511
0.040287
-0.299021
-0.928261
-1.284817
-1.542395
-1.625701
-1.337681
-0.874088
-0.294133
0.510455
0.841739
1.224846
1.566962
1.773690
1.922875
1.592233
0.892763
0.179177
-0.724612
-0.933926
-0.294651
0.130602
0.512938
0.653797
1.021162
1.178039
1.177019
0.859718
0.892164
0.692774
0.442841
0.739901
0.226229
-0.746692
-1.378422
-1.012858
-0.680778
-0.787735
-0.613708
-0.396860
-0.056483
0.516898
0.809846
1.293241
1.700538
1.884840
1.743810
1.220506
0.705391
0.479882
-0.103244
-0.826706
-1.574179
-1.722419
-1.212849
-0.596739
-0.122107
0.269737
0.935512
1.898588
2.147524
1.779963
1.204162
0.712205
-0.002506
-1.114543
-2.301167
-2.873817
-2.235748
-1.139184
-0.467117
-0.085047
-0.150099
-0.065756
0.025156
0.498581
0.923341
1.912625
2.535402
2.560432
2.360327
1.712448
1.121609
-0.125546
-1.688915
-2.771146
-3.610234
-3.719456
-3.121279
-2.148555
-1.150222
-0.635567
-0.212663
0.698337
1.803142
2.643338
2.512083
1.830136
1.498855
0.520249
-0.684945
-1.797458
-2.403825
-1.952996
-1.379413
-0.847938
-0.267171
0.264032
0.678630
1.316728
1.499915
1.856963
1.442659
0.903604
0.811207
1.002180
1.111334
0.854203
0.148977
-0.589914
-1.310771
-1.575666
-1.226487
-0.795318
-0.455932
-0.332377
-0.257107
-0.390553
0.049007
0.919113
1.365982
1.024614
0.451564
-0.195331
-0.643396
-0.792085
-0.691872
-0.757735
-0.907663
-0.492185
-0.005020
0.069149
-0.055911
-0.273138
-1.085935
-1.384440
-1.584102
-1.834360
-1.205579
-0.923935
-0.957995
-1.249478
-1.596452
-1.538676
-1.521246
-1.412726
-1.054057
-0.562374
-0.145678
0.434179
0.085551
-0.553923
-0.611956
-0.420017
-0.029623
0.088072
0.005080
-0.424487
-0.772764
-0.788711
-0.840161
-0.973520
-1.038731
-0.249503
0.873582
1.904199
2.260622
2.260420
2.093467
1.950999
1.833722
1.582323
1.641452
1.667576
0.970974
-0.008938
-0.648102
-1.262510
-1.301724
-0.770836
0.192559
0.998241
1.761429
2.207831
2.398465
2.439892
2.015780
1.326983
1.375837
1.675245
1.633243
1.325695
0.917871
0.279943
-0.798834
-1.967430
-1.883343
-1.236228
-0.576154
-0.436899
0.177457
0.698749
0.873711
0.973126
0.813196
0.895318
1.054839
0.549259
0.165738
-0.208179
-0.878793
-1.467035
-1.448817
-1.349584
-0.877320
0.028447
1.291074
1.823035
2.114477
2.347135
2.305166
1.874407
1.169338
0.613531
-0.035364
-0.317347
-0.941887
-1.431951
-1.647000
-1.678354
-1.920202
-1.844745
-0.712944
0.250530
1.122041
1.395987
1.544434
1.377721
1.154253
1.179094
1.204888
0.564376
-0.282977
-1.021441
-1.270396
-1.127935
-1.078276
-1.311917
-1.363334
-0.949565
-0.451236
-0.035549
0.204566
0.197122
0.277628
0.117792
-0.367382
-0.851342
-0.927242
-1.125228
-1.463877
-2.311075
-2.620529
-2.219703
-1.621848
-1.057525
-0.414587
-0.172777
0.153335
0.128607
0.102474
0.342062
0.292280
0.450257
0.609983
0.652362
0.652381
0.261820
0.045369
0.168712
0.475024
1.197556
1.330617
1.174165
1.134898
0.820621
0.886613
0.712107
0.379741
0.281180
0.181829
0.116214
-0.058486
-0.406534
-0.474547
-0.557721
-0.449081
-0.049787
0.306642
0.429254
0.470798
0.329618
0.770669
1.053557
0.299757
-0.465080
-0.198580
-0.082379
0.233556
0.748343
0.732246
0.938728
0.605461
0.496633
0.303318
0.027154
-0.495164
-0.991382
-1.075378
-1.265524
-0.717305
-0.491682
-0.209591
0.306038
0.572523
1.021980
1.204718
1.070826
1.020231
0.663290
0.448471
0.389903
-0.000597
-0.141642
-0.747801
-1.370707
-1.162922
-0.318317
0.245330
0.327785
0.302308
0.558325
0.798869
0.566278
0.258481
-0.447986
-1.272478
-1.547527
-1.798408
-2.204325
-2.394780
-2.268025
-1.950779
-1.923197
-1.515345
-0.832657
-0.318401
0.205453
0.763400
0.830429
0.656382
0.574175
0.235682
-0.162831
-0.245546
-0.164054
-0.188477
-0.397369
-0.474491
-0.417944
-0.118978
0.112922
0.412196
0.645013
0.796033
0.846776
0.687584
0.911682
0.886340
0.620687
0.362794
0.113820
-0.137027
-0.752266
-1.018971
-1.085879
-1.335048
-1.120187
-0.674300
-0.250415
-0.441392
-0.608977
-0.948736
-1.046828
-1.310649
-1.376819
-0.895607
-0.596351
-0.321766
0.036028
0.269888
0.620778
1.038846
1.296131
1.462575
1.115295
0.692364
0.334947
0.184394
0.523025
0.929924
1.181051
1.547455
1.772026
1.671878
1.481094
1.066367
0.982260
0.732070
-0.188713
-0.421383
-0.237444
-0.287554
-0.280540
0.191946
0.613338
0.638167
0.928723
1.501325
1.781100
1.698527
1.259740
1.095142
0.796021
0.853391
0.562986
0.197115
0.147825
-0.033898
-0.118914
-0.145245
-0.104354
0.467929
0.893028
0.701327
0.476223
0.193188
-0.232068
-0.932125
-1.040678
-0.806499
-1.005595
-1.755301
-2.444075
-2.636078
-2.370784
-1.613490
-0.857028
-0.216295
0.050603
0.118580
-0.096982
-0.352347
0.070767
0.112667
-0.086315
-0.102686
0.222707
0.347297
0.505511
0.737943
0.372242
0.347098
0.049968
-0.132227
-0.638268
-1.342681
-1.441205
-0.993710
-0.082111
0.454361
0.727499
1.117966
1.084182
0.527474
0.078742
-0.113719
-0.637155
-0.720215
-0.563715
-0.506579
-0.449816
-0.491817
-0.617352
-1.231058
-1.455740
-1.404655
-1.105314
-0.855529
-0.124255
0.317516
0.210587
0.204061
0.022767
0.040909
0.681030
1.105396
1.563150
1.656325
1.465741
0.865882
0.251228
-0.214740
-0.422155
-0.455478
-0.148010
-0.038601
0.058549
0.230775
0.365152
0.706173
1.311074
1.892290
2.190482
1.717578
1.534659
1.061206
0.605501
0.522687
-0.300841
-1.081645
-1.257497
-1.026359
-1.260382
-1.394646
-1.529593
-2.013205
-2.072074
-1.749199
-1.350449
-0.967918
-0.758948
-0.906326
-0.398035
0.051687
0.078684
0.262407
0.362898
0.496608
1.028956
0.638913
0.099676
0.167248
0.208517
-0.122221
-0.163325
0.119645
0.010475
-0.264888
-0.231303
0.160217
0.674590
1.097734
1.403005
1.267711
0.935460
0.835658
0.844798
0.697002
0.591126
0.317654
0.061235
-0.570655
-1.068028
-1.135755
-1.078815
-0.697448
-0.291468
0.163450
0.311106
0.485744
1.075280
1.232879
1.132557
0.915636
0.608561
0.710165
0.711121
0.488332
0.203887
-0.269554
-0.459299
-0.059791
0.238224
0.331064
0.256507
0.238713
0.388559
0.520079
-0.239117
-0.698775
-0.732747
-0.623362
-0.554286
-0.738714
-1.205023
-1.081794
-0.964200
-0.497833
-0.080567
-0.522516
-1.095674
-1.178291
-1.035252
-1.115862
-1.397250
-1.828226
-2.276178
-2.036257
-1.274156
-1.025098
-0.670402
-0.444637
-0.244899
0.063821
0.579373
0.986354
1.242214
1.359340
1.493395
1.402861
1.288768
1.587711
1.531128
1.513340
1.248303
1.008175
1.182954
1.331108
1.124033
1.040447
0.665719
0.398729
0.299167
0.273854
0.124760
0.115784
0.139351
0.172071
0.071542
-0.011279
0.371501
0.456857
0.051217
0.068112
0.090053
0.138765
0.503762
0.356648
0.190438
0.056251
0.255511
0.166046
0.101638
0.641709
0.617120
0.689467
0.979973
0.988019
0.704556
0.494750
0.087188
-0.181234
-0.282099
-0.548795
-0.366348
0.198946
0.150787
-0.015231
-0.065225
0.118003
0.168402
0.319537
0.252220
-0.005213
0.351823
0.334266
-0.023170
-0.122560
-0.471043
-0.735815
-0.977268
-1.068528
-0.935080
-0.658350
0.190535
0.439122
0.314101
0.404762
0.105840
-0.309447
-0.782310
-0.799706
-0.726074
-0.527761
-0.070389
0.518169
0.956868
1.331301
1.182405
0.784480
0.661714
0.661714
0.345967
0.173005
-0.042580
-0.159236
-0.466772
-0.476066
-0.352944
0.352411
0.609892
0.794082
1.077081
1.184965
1.101734
0.419999
-0.386658
-0.819258
-1.183932
-1.963737
-2.513015
-2.722150
-2.632438
-2.691141
-2.051459
-1.427964
-0.784973
-0.276847
-0.117687
-0.207479
-0.131829
-0.075307
-0.201255
-0.044128
-0.168274
-0.240948
-0.581491
-0.864646
-0.541043
0.148749
0.570449
0.751024
0.707769
0.682914
0.981409
1.166526
0.920023
0.306351
-0.556928
-0.617705
-0.669348
-0.945207
-1.309900
-1.117868
-0.568052
-0.034952
0.540299
1.047277
1.104532
0.961527
1.125981
0.893257
0.703103
1.110452
1.110204
0.803482
0.704220
0.421872
0.496134
1.029191
1.137365
1.030149
0.805193
0.904101
0.621932
0.039000
-0.395021
-0.611028
-0.778262
-0.512754
-0.295997
-0.172246
-0.602567
-0.260130
0.213137
0.436263
0.445504
0.395911
-0.025773
-0.424597
-0.576317
-0.437842
0.059530
0.025056
-0.056776
-0.239613
-0.836103
-0.801623
-0.411872
-0.094928
0.080234
0.429957
0.762021
1.069277
1.094500
1.143797
0.835286
0.421263
0.064685
-0.326228
-0.500938
-0.865377
-0.675018
-0.915879
-1.006838
-0.992654
-0.835705
-0.445752
-0.145096
0.493431
0.660255
0.585913
0.718377
0.642877
0.169034
-0.387048
-0.826132
-0.734847
-0.510613
-0.268433
-0.633481
-0.741398
-0.475504
0.080456
0.263130
0.471913
0.861576
1.060542
1.042638
0.410378
-0.238300
-0.244200
-0.726493
-0.546483
-0.129784
-0.054059
0.336739
0.303580
0.411561
0.884187
0.828125
0.728702
0.720207
0.569588
-0.027963
-0.444809
-0.562963
-0.486835
-0.503201
-0.720990
-0.589786
-0.456704
-0.290014
-0.246989
-0.161594
-0.341608
-0.142392
0.056671
0.412926
0.447438
0.473175
0.489725
0.222805
0.096947
-0.068242
-0.036881
-0.179139
-0.312761
-0.419313
-0.186205
0.395248
0.901715
0.968065
0.760897
0.445892
-0.044961
-0.673776
-1.030106
-0.333465
0.412060
0.467851
0.591010
0.963836
1.288514
1.664950
1.352321
0.373000
0.115199
0.256202
0.257293
0.248077
0.048490
-0.300865
-0.948825
-1.215633
-0.998717
-0.732766
-0.725754
-0.918645
-0.720568
-0.047481
0.410506
0.777878
1.120031
1.145411
0.581220
0.481789
0.415278
-0.081813
-0.338400
-0.447392
-0.790463
-0.867213
-1.016091
-0.800357
-0.808560
-0.942377
-1.156940
-0.941139
-0.832289
-1.679371
-2.484777
-2.809178
-1.921974
-0.751486
0.552302
1.192428
1.557733
