-0.947478
-0.514412
0.035523
0.831714
1.386838
0.788647
0.512702
0.592727
1.499119
0.766441
-0.465728
-0.131691
-0.191723
-0.512812
0.060138
0.377799
0.844028
0.526759
0.975876
0.463931
-0.903564
-1.384515
-0.662125
-0.688340
0.212016
0.558579
0.569835
1.035509
0.275459
-0.856585
-1.495065
-2.791887
-0.637639
-0.433576
-1.123666
-0.620311
0.372581
0.479799
0.812446
0.798008
0.787092
0.230835
-0.079305
-0.517228
-0.632183
-0.844595
-0.290435
-1.570533
-1.749159
-0.923732
-1.751671
-2.285183
-1.818646
-0.742637
-0.676487
-1.044038
-0.637896
0.541518
0.302447
1.349565
-0.075398
-1.911879
-1.626079
-2.534810
-2.277677
-1.643401
-0.383384
-0.190504
-0.582307
-0.951650
-1.704931
-0.414185
0.366223
0.353269
0.410970
0.330090
0.979488
0.152111
0.066069
2.165759
1.225904
0.518259
0.987719
1.061384
0.642244
0.893458
0.120891
-0.212311
-0.021468
-0.661356
0.112810
-0.420534
0.431138
0.809705
0.853949
0.974473
-0.009416
-0.328573
0.290847
-0.194486
0.401291
2.333200
1.787173
0.735134
0.328526
0.643435
1.662685
2.019556
3.275324
4.719568
3.052274
1.096968
0.220692
0.132867
-0.111994
-0.354169
-0.517251
-0.045102
1.734121
0.674838
0.374392
-0.223186
-1.553603
-1.372268
-1.561817
-0.688428
-0.181835
-0.377597
-1.053299
-1.279849
-1.344835
-2.197905
-1.900788
-1.841845
-1.010577
-0.047919
-0.702591
-1.065497
-0.881023
-0.634564
0.434687
1.103118
0.741722
0.468653
-0.341764
-0.969598
-0.107628
-0.672355
-0.394217
-0.493951
-0.607946
-0.433603
0.883710
0.256762
-0.363572
0.329037
0.354878
-0.038459
-0.226308
0.041098
0.081564
-0.674700
-0.864372
-0.559223
-0.406196
-0.430945
0.147423
-0.082123
0.289989
0.588557
0.810021
1.033587
0.783623
-0.360459
0.431875
0.736463
0.571254
1.372790
0.960087
0.127492
-0.062195
0.567549
1.291068
0.502641
-0.656067
-0.256952
-0.753414
-0.092534
0.179432
-0.234901
0.063372
0.646461
-0.014782
-0.391305
-0.204278
-0.210566
0.364320
0.199407
-0.465624
-0.909166
-1.721431
-0.855055
-0.352407
-0.819370
-0.121400
-0.490213
-1.810444
-1.278871
-0.996795
-0.985399
1.095929
0.450077
-0.233427
0.187686
-0.479979
-0.722634
-0.591595
-0.195596
-1.373894
-1.371874
0.611355
-1.228938
-1.856849
-0.582061
0.067857
1.015761
0.903447
1.595871
0.687035
0.396763
-0.346841
-1.500285
-1.218072
-1.126696
-0.419933
0.523444
-0.041970
-0.275837
-0.806490
-0.972501
0.080829
0.679223
0.744377
1.138277
0.617680
0.934436
0.457676
0.354360
-0.386211
-0.098439
0.659100
1.287240
1.854253
1.081268
0.976124
0.333193
0.685357
-0.256686
-0.270963
0.143576
0.065985
-0.779791
-1.195759
-0.483398
0.688717
1.383520
1.349142
1.348124
1.182496
0.537813
1.040539
1.130198
0.114006
-0.222702
0.079096
-0.249146
-0.386194
-0.046240
0.171887
-0.612909
-1.215933
-0.522278
0.340616
0.125955
0.716505
1.420621
0.835900
0.384530
0.426474
-0.130195
-0.465251
0.101926
0.288909
-1.330351
-2.106051
-1.097558
-0.643303
0.352611
0.356999
0.184328
0.893356
1.352396
0.463440
0.312681
0.210554
-0.394824
-0.344706
-0.118955
-0.558286
-0.515015
-0.561058
0.330985
0.809054
0.938604
0.485289
-0.328082
-1.608685
-1.865529
-1.099667
-0.424223
1.241445
1.378338
1.417444
1.229709
0.208557
0.035413
0.003612
-0.599379
0.721261
0.119256
-0.051302
0.517674
0.913213
0.881724
0.412766
0.218669
0.609682
0.508816
1.352045
-0.033911
-0.944394
-0.276669
-0.847577
-1.281695
-1.104309
-0.538589
0.637350
0.134356
-0.169762
-1.166770
-1.530837
-1.055331
-0.283258
-0.566987
-0.961101
-0.697371
-0.290357
-0.161413
1.030250
0.826329
0.154814
0.992906
1.969605
2.418307
1.608224
0.547781
0.757922
2.169725
1.370982
-0.243216
-0.214097
0.402765
-0.143658
-0.185381
-0.089204
-0.376095
-0.239837
-0.082209
-0.770487
-1.044413
-0.695616
-0.358882
0.089904
1.168461
-0.177439
-0.440379
-0.466595
-0.615719
-0.786371
-0.766678
-1.062834
-1.043781
-1.248720
-0.396944
-0.177421
0.147981
-0.809795
-1.097206
-0.673376
-1.208191
-1.567042
-1.123530
-0.069980
0.479020
1.294414
2.293641
0.292064
-1.047464
-0.445450
0.312946
1.158765
0.855702
-0.064285
-0.448387
0.171849
-0.026369
-0.757210
-1.694343
-2.612068
-2.151903
-1.736237
-1.231144
-0.976516
-0.710599
-0.113537
0.626269
0.187320
-0.145863
0.515172
1.696800
1.295515
0.442777
0.702282
0.266627
-0.326923
-1.250200
-1.209672
-0.735616
-0.220261
-0.037499
-0.400202
0.215844
0.435515
0.726095
1.255504
1.346224
1.565273
2.711463
3.129006
3.779426
3.282411
1.768679
-0.047261
-1.144467
-1.159605
-1.073482
-0.632788
-0.486065
0.165603
-0.181865
0.447547
0.111871
-0.144573
0.890646
1.270837
0.653290
0.470994
0.787881
0.616755
0.705902
1.795772
0.522596
-0.445040
-0.730968
-1.091099
-0.290619
-0.763861
-1.136122
-1.280914
-0.849725
-1.879072
-1.049198
-0.007795
0.431560
-0.109310
-0.135257
0.399131
0.697887
-0.562254
-1.460299
-1.892757
-1.852510
-2.139488
-1.958480
-1.477717
-1.044942
0.006228
0.706299
-0.169079
0.148640
0.269384
0.193611
0.520148
0.768610
0.072557
0.540548
0.461851
0.014977
0.017540
0.401478
0.857887
1.142231
0.718852
1.121580
1.795837
0.802799
-0.682010
-0.450070
-0.126222
-0.089572
0.120553
0.230147
0.587840
0.704560
1.374133
1.771749
1.310423
1.335162
1.426415
1.263060
0.453848
-0.301041
-1.155920
-1.205279
-1.874020
-2.110777
-1.514182
-1.019221
-1.119643
-0.068776
-0.412746
-1.464991
-1.009790
-1.079634
-1.990850
-1.089209
-0.525928
-0.231094
-0.067888
-0.120093
0.161625
-0.008789
0.291939
0.901849
-0.025205
0.086164
0.583590
0.980187
0.524809
0.223622
0.587243
0.852281
0.034271
-0.009437
-0.104841
-0.388743
-0.647321
-1.922401
-0.782378
-0.427113
-0.229787
0.666647
0.858222
-0.085589
-0.611406
-0.275950
-0.150284
0.903313
0.515663
0.424462
0.143785
-0.512299
-0.061637
0.933446
2.163165
1.628213
1.812618
1.885359
1.328064
1.494081
1.086737
-0.113228
-0.740016
-0.968271
-2.017442
-1.933641
-1.889207
-1.770741
-0.745057
0.658412
1.529571
3.964947
3.435908
1.465554
0.963569
1.090227
0.905682
0.996672
1.069968
1.866736
2.115140
1.448816
0.659226
0.529669
-0.670615
-1.272131
-1.853005
-1.822588
-2.223064
-2.282400
-1.290842
-0.787095
-1.124954
-0.549971
-0.248511
-0.302686
0.979337
0.128562
-0.338800
-0.309960
0.408753
-0.003911
-0.411407
0.318123
-0.041937
-0.745807
-0.930034
-0.679191
-0.354656
-0.983267
-1.180537
-0.009721
-0.942950
-0.589503
-0.362668
-0.671934
0.339474
-0.179072
-0.436655
-0.174705
0.124626
1.470463
0.760337
0.607660
0.831405
0.990779
0.427495
-0.051019
-0.560535
-1.138572
-0.310623
-0.685200
-0.795482
0.086761
0.334290
0.782343
1.441887
0.691788
-0.125047
-0.988291
-0.402718
-0.931695
0.522451
1.935632
1.055889
0.204037
-0.354565
-0.765262
-1.281997
-1.313582
-1.063272
-0.925528
-0.697920
-0.409897
0.921186
0.501811
1.319870
0.884595
0.803942
1.729402
1.527717
1.864626
1.110823
0.835833
1.012965
1.183379
2.040228
1.957327
0.381656
-0.820600
-0.080095
0.076615
0.463737
0.468913
0.124106
0.781086
0.289639
-0.141045
0.249499
-1.042300
-1.698242
-1.610091
-1.626664
-1.690279
-1.558058
-1.332572
-0.286883
-0.969076
-0.495147
-0.340387
-1.386752
-1.310641
-0.929285
-1.368531
-1.407694
-1.111617
-0.027988
-0.707127
-0.767003
-0.144985
-0.803447
-0.775598
-1.345583
-1.404913
-0.067680
1.302327
0.903645
0.185463
0.169407
0.575060
1.348479
1.144499
1.561468
1.786810
0.382742
0.164865
-1.213834
-1.579755
-0.724716
-0.744101
0.025795
0.325568
0.278818
0.895780
0.606953
1.526149
0.216776
-0.555547
0.875195
1.055819
1.447239
1.340930
0.913815
0.101494
-0.565101
0.023356
-1.470775
-2.138035
-0.872138
-0.564187
0.246447
-0.019824
-0.765682
-0.974268
-0.681035
-0.631105
0.174379
0.725523
0.304778
0.877599
1.095865
0.339887
0.203689
-0.117735
-0.157965
0.125920
-0.702084
-1.178626
-1.019901
-0.951015
-0.481802
0.541799
0.934122
0.944921
0.767036
0.372655
-0.119529
-0.215537
0.262764
0.037288
0.159183
0.551944
0.431596
1.586274
1.052950
0.693428
-0.052390
-0.331595
0.228415
-0.343176
-0.744265
-0.513971
-0.469656
0.257370
0.519481
0.451687
-0.163998
-0.818448
-0.128456
-0.097168
-0.038478
-0.417589
-0.574610
-0.556366
0.073829
0.631640
0.716091
0.925108
1.683896
1.885167
0.834334
0.323844
0.225904
0.224862
-0.294773
-0.443167
-0.474688
-0.919319
-0.213502
-0.513762
-0.725648
-0.423167
-0.061344
0.189449
0.293777
0.969128
1.400875
2.226054
2.599344
1.160747
0.360882
1.088139
1.074539
1.160642
0.131500
-0.660788
-1.517560
-2.267473
-0.232026
-0.666150
-0.844188
-0.227958
-0.281483
-0.150342
-0.506571
-0.203345
0.224601
0.651219
1.892179
1.201879
-0.531536
-0.534773
-0.999927
-0.945477
-0.747418
-1.228959
-0.936728
-0.249410
-0.216714
0.247282
0.686210
1.189632
1.665384
2.069847
2.009767
2.047578
2.002513
1.761591
0.517078
0.933256
0.849908
1.021364
0.843696
0.382251
1.216644
0.929669
0.286567
0.920158
0.105204
-0.938304
-1.299796
-1.109858
-0.454707
-0.033600
0.685084
-0.301260
-1.457763
-0.732854
-1.564665
-1.305585
0.220188
-0.509450
-1.252577
-1.255131
-1.228757
-1.605577
-1.232488
-0.699030
-0.978797
-1.758142
-1.882826
-1.253861
-1.412944
-1.394633
-1.481664
-1.961583
-2.085188
-1.991106
-2.517996
-2.192139
-1.947012
-1.287768
-0.493153
0.210729
0.942741
1.579591
1.796550
2.750828
1.818868
0.823451
0.644298
0.589994
0.614271
0.516899
0.336989
-0.297536
-0.607215
0.218057
0.506157
0.003499
0.480117
0.280523
0.451768
0.564136
1.174773
1.036238
1.071892
-0.067826
-0.361387
-0.386140
-0.101994
-0.023632
-0.214498
-0.449801
0.034854
0.909223
1.097239
-0.284188
-0.487095
0.465159
0.718867
0.315732
-0.189552
0.202811
1.122453
0.518799
-0.725855
-0.234399
-0.206864
-0.731983
0.150533
-0.395239
0.274157
-0.056503
-0.313419
0.012920
0.168355
0.226752
0.166071
0.218050
0.697885
1.284989
0.058369
-0.990525
-0.175527
-0.167790
-0.622020
-0.680084
-0.587774
-0.502571
0.832882
-0.908375
-1.420807
-0.323745
-0.202554
0.839575
0.883178
0.761070
0.760747
1.350450
1.857962
0.790630
-0.419269
-1.171243
-1.556912
-0.865277
-0.641119
-0.239239
0.187679
1.020798
0.625288
0.079745
0.407778
0.196939
