0.045900
0.062821
-0.179876
-0.689647
-0.927794
-0.606702
-0.365594
-0.295608
-0.347127
-0.143688
-0.135820
-0.446771
-0.861097
-0.780090
-0.399617
-0.242405
-0.196443
-0.353304
0.160072
0.556599
0.687348
0.628549
0.536670
0.272528
0.215688
0.156951
0.166794
0.091586
0.150567
0.487216
1.134949
1.327480
1.402333
1.460168
1.459716
1.417487
1.079853
0.570451
0.258322
0.004515
-0.728719
-1.335751
-1.486373
-1.386921
-1.246262
-0.828969
-0.585550
-0.498989
-0.172754
0.307884
0.428101
0.564516
0.731317
0.707477
0.765328
0.685106
0.437251
0.262626
0.174156
0.004491
-0.276882
-0.435735
-0.427008
-0.256850
-0.031964
-0.321461
-0.425632
-0.256941
0.244661
0.283481
-0.134104
-0.693774
-0.734913
-0.746242
-0.936998
-1.128327
-1.404660
-1.645816
-1.600479
-1.693823
-2.033458
-2.169802
-1.879847
-1.453698
-0.855335
-0.153211
0.618422
1.291829
1.458804
1.381604
1.335006
0.989220
0.286752
-0.708882
-1.393866
-1.770847
-2.028283
-1.824927
-1.283230
-0.863464
-0.342427
0.140996
0.266565
0.431877
0.679449
0.834266
0.398849
-0.253808
-0.844069
-1.148902
-1.159732
-1.301907
-1.103447
-0.697826
-0.429495
-0.520642
-0.422096
-0.491641
-0.382900
-0.465015
-0.486602
-0.285520
0.118823
0.518605
0.594128
0.513705
0.474283
0.664906
0.797603
1.081860
1.386890
1.605776
1.865492
2.037625
2.041052
2.038711
1.707355
1.389917
1.068875
0.681383
0.289818
-0.331684
-0.647731
-0.283507
0.093200
0.147214
0.418571
0.889550
1.494633
1.769199
1.548943
1.218954
0.682546
-0.227604
-1.011287
-1.491111
-1.709630
-1.691906
-1.614908
-1.139883
-0.983909
-0.801084
-0.484502
0.144228
0.760498
1.221278
1.365215
1.405684
1.248789
1.148025
0.979828
0.813595
0.594991
0.197447
-0.436243
-1.134812
-1.399841
-1.422539
-1.542274
-1.426078
-1.350851
-1.403149
-1.011599
-0.736218
-0.302280
0.167373
0.456834
0.311163
-0.295233
-0.778187
-0.999807
-1.454727
-1.912342
-2.000498
-2.078102
-1.842334
-1.219028
-0.398370
0.587911
1.285430
1.781180
2.056430
1.772423
1.484619
1.250775
1.048829
0.979745
1.082753
0.847019
0.374562
0.023842
-0.299815
-0.415098
-0.167412
0.213543
0.483753
0.839594
1.306521
1.723353
2.086859
2.132857
1.729465
0.939099
0.003559
-0.875189
-1.372901
-1.471137
-1.106825
-0.695554
-0.105173
0.450586
0.889117
1.135936
1.336495
1.351471
1.332372
1.320291
1.598174
1.495833
0.988885
0.221568
-0.581778
-0.766015
-0.783396
-1.118034
-1.202830
-1.137356
-0.986505
-0.669309
-0.658858
-0.840593
-0.653069
-0.277752
-0.109575
-0.080920
0.080449
0.509040
0.770586
0.758151
0.758869
0.691012
0.433768
0.190594
-0.030664
-0.452878
-0.689491
-0.960811
-1.202931
-1.227072
-1.067301
-0.265803
0.415639
0.733003
0.679748
0.220044
-0.067019
-0.186873
-0.251380
-0.060633
0.217887
0.293546
-0.064667
-0.395481
-0.703821
-0.549123
-0.295305
-0.203627
-0.115922
-0.199798
-0.324804
-0.255998
0.119405
0.162329
0.314104
0.359423
0.397083
0.191305
0.218039
0.101268
-0.170348
-0.394517
-0.596152
-0.891098
-0.902346
-0.750493
-0.315016
0.211241
0.408662
0.265656
-0.299526
-0.822221
-0.886330
-0.709464
-0.475507
-0.148350
-0.015436
-0.049932
-0.274541
-0.569581
-0.702552
-0.934351
-1.176508
-1.021674
-0.582738
-0.390368
-0.179972
-0.207784
-0.132057
0.178623
0.737600
1.432626
1.568418
1.793826
1.886796
1.597293
1.186380
0.684064
0.354685
0.368499
0.362481
0.531082
0.632514
0.253885
-0.366993
-0.453069
-0.199528
0.105230
0.630147
1.208481
1.422058
1.465529
1.398857
1.591605
1.705301
1.481261
1.108903
0.620594
0.130318
-0.395397
-1.056170
-1.884657
-2.719634
-3.071518
-3.040947
-2.543229
-2.023375
-1.357249
-0.846144
-0.218034
0.420602
0.928491
1.106149
1.110702
1.074212
0.917156
0.786878
0.664726
0.440827
0.321345
0.202343
0.266171
0.440052
0.470710
0.449101
0.478127
0.730597
0.948888
1.421503
1.634024
1.651334
1.633512
1.409008
0.747283
-0.075641
-0.848552
-1.166980
-0.919144
-0.446858
0.044409
0.420926
0.589530
0.253760
-0.030926
-0.274441
-0.164437
0.106437
0.165076
0.079041
-0.118086
-0.660872
-1.006712
-1.271753
-1.111461
-0.723686
-0.422478
0.248419
0.574123
0.839963
1.002280
0.922283
0.441524
0.159635
0.020468
-0.349945
-0.672037
-0.989926
-1.494353
-2.026978
-2.413806
-2.706979
-2.816728
-2.597727
-2.250095
-1.545641
-0.738069
-0.218831
0.057817
0.110586
0.199473
0.118089
0.162705
0.339645
0.049329
-0.178971
-0.198403
-0.119039
-0.289298
-0.613576
-1.213347
-1.368076
-1.440927
-1.317472
-1.096548
-0.488164
0.222262
0.418139
0.682936
1.052444
1.501760
1.680282
1.869040
1.696024
1.471764
1.412214
1.503541
1.445804
1.286502
1.081150
0.690250
0.285791
0.274035
0.487308
0.967738
1.441321
1.488210
1.343991
1.171338
1.207606
0.839737
0.493215
0.075466
-0.163664
-0.217773
-0.195351
-0.185930
-0.088026
-0.103103
-0.324263
-0.702658
-0.885082
-0.901284
-0.745627
-0.272937
0.126604
0.547015
0.804912
1.121171
1.130436
0.967861
0.642689
0.265862
-0.282839
-0.600337
-0.986026
-1.474172
-1.426707
-1.254338
-1.042118
-0.557417
-0.101050
0.298101
0.184948
-0.185307
-0.556755
-0.570119
-0.594326
-0.445576
-0.122127
0.040497
0.313753
0.256300
0.231548
-0.058677
-0.197814
-0.094657
-0.229409
-0.512225
-0.852349
-1.134421
-1.156699
-0.899498
-0.594824
-0.256938
0.302902
0.562319
0.717082
0.515175
-0.016831
-0.345884
-0.512332
-0.933683
-1.250936
-1.335303
-1.275676
-0.745903
-0.319255
-0.188468
0.069379
0.453276
0.769571
0.895237
0.987370
1.129786
1.060136
0.852430
0.467367
-0.062394
-0.800944
-1.319862
-1.703910
-1.627074
-1.154036
-0.542785
0.022022
0.662226
1.378799
1.755729
1.846716
1.396399
0.500983
-0.291293
-0.834005
-0.907670
-0.888812
-0.866190
-0.693540
-0.342379
0.458398
1.084275
1.245683
1.120865
0.908917
0.458786
0.243620
-0.007646
-0.234341
-0.193642
-0.009431
-0.014388
-0.110353
-0.346035
-0.430578
-0.375696
0.027765
0.316307
0.148277
-0.054081
0.170156
0.343539
0.364867
0.041331
-0.241027
-0.703631
-0.376532
0.390610
0.621962
0.339874
0.178256
0.242356
0.456729
0.071002
-0.632371
-1.081700
-1.315591
-1.400431
-1.202856
-0.745935
0.004167
0.618816
1.170043
1.434135
1.392223
1.096751
0.875959
0.777786
0.609811
0.524921
0.022087
-0.266020
-0.482022
-0.577110
-0.938053
-1.414971
-1.500606
-1.091842
-0.863183
-0.662472
-0.201893
0.323137
0.858861
1.168787
1.469003
1.376493
1.203219
0.798555
0.648701
0.568373
0.476687
0.372028
0.118693
-0.222564
-0.492896
-0.752057
-1.006188
-1.292936
-1.515345
-1.766831
-1.702890
-1.304149
-0.844848
-0.482596
-0.327745
0.058231
0.347356
0.443222
0.473250
0.326423
0.394106
0.765201
1.095673
0.884192
0.180312
-0.477676
-0.689118
-0.493597
-0.032503
0.323219
0.928845
1.200665
1.293576
1.271341
1.150562
0.987801
1.119082
1.077109
0.589676
0.219764
-0.522779
-1.437525
-1.834294
-1.890042
-1.474842
-0.928002
-0.806641
-0.651731
-0.261454
0.246705
0.415372
0.364037
0.277469
0.322038
0.459097
0.315224
-0.162672
-0.705425
-1.216284
-1.646150
-1.781509
-1.681254
-1.484318
-0.972465
-0.171783
0.537388
1.084785
1.562306
1.880000
2.312084
2.318539
2.371185
2.144666
1.712008
1.175590
0.785462
0.521969
0.367011
0.143570
0.005798
0.014880
0.324354
0.627106
0.895538
1.161036
1.265622
0.851952
0.453508
-0.036808
-0.626728
-1.013655
-1.389522
-1.758313
-2.167353
-2.466414
-2.463632
-2.266473
-1.926504
-1.152226
-0.548850
0.095990
0.481882
0.826755
1.379517
1.400364
1.600771
1.657996
1.525988
1.364946
1.184636
0.750524
0.072044
-0.614216
-1.236734
-1.932837
-2.547548
-2.896132
-2.876117
-2.481944
-1.979622
-1.477792
-1.335504
-1.066062
-0.357240
0.374751
1.049136
1.228532
1.123164
1.046234
1.147621
1.026590
0.779226
0.556556
0.023803
-0.396125
-0.515243
-0.555112
-0.710904
-0.583242
0.139874
0.929216
1.429854
1.248931
1.176794
1.107126
0.967802
0.736041
0.339259
0.114961
-0.074271
0.082983
0.139464
-0.178345
-0.433556
-0.572542
-0.557083
-0.391590
-0.375583
0.033664
0.466880
0.705134
0.833065
0.936208
0.826662
0.786847
0.584385
0.255344
0.243366
-0.057165
-0.113148
-0.082459
0.159140
0.065894
-0.003389
0.268100
0.492598
0.387956
0.336053
0.341454
0.174093
-0.125534
-0.426783
-0.733214
-0.928610
-1.013184
-1.219495
-1.582242
-1.674809
-1.683940
-1.470252
-1.135474
-0.518268
0.063390
0.239912
0.625047
0.941421
1.040242
1.252028
1.360266
1.134804
0.650397
0.253242
-0.160676
-0.257155
-0.344771
-0.356674
-0.402034
-0.337156
0.055417
0.512233
0.700562
1.033469
1.136207
1.101139
0.795766
0.387136
0.019402
-0.171539
-0.026964
-0.014520
-0.123859
-0.244647
-0.365909
-0.193371
0.286226
0.603118
0.891961
1.185731
1.005820
0.778941
0.535770
0.443780
0.125937
-0.213816
-0.617848
-0.925386
-1.054062
-1.227251
-1.676656
-1.836639
-1.926702
-1.688474
-1.565714
-1.397400
-1.126821
-0.920373
-0.720896
-0.473568
-0.242154
0.039673
0.593776
0.725311
0.656954
0.099659
-0.457897
-0.970405
-1.325780
-1.300341
-1.197997
-0.641571
-0.007569
0.470951
1.059440
1.428847
1.273235
0.985101
0.741755
0.523611
0.435195
0.640820
0.866247
1.103938
1.266603
1.640046
1.828239
1.809673
1.946396
2.111463
2.174201
2.186687
2.148382
1.928886
1.731402
1.222037
0.471991
-0.401009
-1.353372
-2.160424
-2.568279
-2.860999
-2.508826
-1.997319
-1.299904
-0.491721
0.063816
0.688078
0.964735
0.927992
0.734873
0.584742
0.220975
0.231714
-0.207883
-0.635308
-1.171675
-1.624932
-1.767842
-1.716285
-1.475626
-1.082619
-0.511477
-0.165178
0.054394
0.182285
0.250814
0.325109
0.601749
0.663787
0.704821
0.627994
0.264162
0.207316
-0.045359
-0.547119
-0.779069
-0.859149
-1.119085
-1.279632
-1.445764
-1.328156
-0.777785
-0.512463
-0.368671
-0.079295
0.167043
0.390633
0.583829
0.721046
0.765238
0.780514
0.711027
0.657958
0.703417
0.761177
0.792165
0.322476
0.008266
-0.364449
-0.598887
-0.634317
-0.443879
-0.001333
0.555606
1.240989
1.406789
1.682213
1.676785
1.179778
0.643911
0.199621
-0.389602
-0.992916
-1.683244
-1.721838
-1.449167
-0.818879
-0.270376
0.115992
0.600223
0.916867
1.027112
1.038657
0.923007
0.577113
0.100015
-0.216149
-0.400575
