-1.455312
-1.228882
-0.698712
-0.431076
0.286402
1.219200
1.042183
0.554643
0.208832
0.197511
-0.284916
-0.812746
-0.950876
-0.719824
-0.119001
0.318991
0.411355
-0.108566
-0.220898
-0.138658
-0.594362
-0.914440
-1.142343
-1.337915
-1.060814
-0.294061
0.323473
0.552337
0.665227
0.249263
-0.184856
-0.369507
-0.421899
-0.339558
-0.595142
-0.774906
-0.625679
0.031999
0.822261
1.336115
1.085563
0.372471
-0.308401
-0.913186
-1.097991
-0.967513
-0.360818
0.243406
0.573133
1.198399
2.315860
2.761078
2.300435
1.135591
0.270884
-0.309618
-0.671114
-0.438018
-0.152158
0.494648
0.986215
1.622464
1.849288
2.105355
2.756565
2.494057
1.297839
0.409165
-0.153629
0.185553
0.566139
0.730844
0.374550
0.496808
1.122975
1.651971
1.374652
0.263979
-0.200512
-0.491457
-1.034585
-1.163350
-0.729520
0.064323
0.174129
0.131899
0.054144
-0.250243
-0.469698
-0.423101
-0.414771
-0.567230
-0.930553
-1.120513
-0.937933
-0.491279
0.100261
0.302906
0.311358
0.396160
0.005147
-0.002677
0.369383
0.637155
0.980567
2.132014
2.814637
2.625808
2.134152
1.351938
0.814675
0.554462
0.176178
0.400721
0.539536
0.519099
0.860431
1.187182
1.566750
1.290630
1.009012
0.636417
0.533963
0.547305
0.246927
0.010509
0.006305
0.344880
0.554163
0.004811
-0.366969
-0.490427
-0.661022
-0.817541
-0.809959
-0.796543
-0.649696
-0.312178
0.185037
0.464965
0.183321
-0.053357
-0.623839
-1.106027
-0.947038
-0.722555
-0.702871
-0.799451
-0.355256
0.027018
-0.244711
-0.655995
-0.825642
-1.367904
-1.561603
-1.613440
-1.504954
-1.117703
-0.592978
0.095228
0.226692
0.117221
-0.456048
-0.719708
-0.432634
-0.517841
-0.589255
-0.295238
0.035949
0.646287
0.881319
1.215792
1.386378
0.972703
0.477519
-0.042457
-0.275969
-0.447501
-0.534246
-0.365844
-0.040158
-0.167592
-0.204429
-0.255389
-0.498348
-0.656521
-0.785192
-0.833587
-0.573944
-0.529806
-0.232656
0.526271
1.113372
0.656237
-0.393393
-1.360997
-1.467274
-1.483549
-1.660883
-1.476901
-1.555606
-1.711442
-1.383417
-0.616266
-0.121152
-0.219243
-0.590336
-1.279772
-1.464146
-1.191225
-0.829900
-0.587444
-0.451639
-0.040494
0.189196
0.137234
0.451580
0.150176
0.152409
0.509959
0.008492
-0.352165
-0.089645
0.339306
0.510771
0.736049
0.775434
0.643511
0.487644
0.032841
-0.230339
-0.316048
-0.605320
-0.672961
-0.769345
-0.188419
0.932428
1.580068
1.374059
0.429465
-0.287942
-0.452978
-0.543772
-0.837347
-1.161916
-1.340675
-1.241868
-1.024853
-0.620268
-0.251861
0.411817
0.726488
0.697051
0.634196
0.398635
0.557209
0.633417
0.705080
0.623000
0.164983
-0.266141
-0.041655
-0.119828
-0.131933
-0.163582
-0.320859
-0.974784
-1.534899
-1.356692
-0.844140
-0.616507
-0.114691
0.139473
-0.002718
0.063145
-0.023171
0.492052
1.129338
1.308421
1.405146
1.405813
1.294066
0.979337
0.820276
0.831797
0.789311
0.377282
0.241095
0.340302
0.854795
1.190067
1.157236
1.103386
0.791405
0.077298
-0.827137
-1.224581
-0.958240
-0.746232
-0.611306
0.086132
0.846054
1.144113
1.695795
1.435595
0.652588
-0.123264
-1.168723
-1.838965
-1.235425
-0.197729
-0.082072
0.010571
-0.184728
-0.528955
-0.312268
-0.367498
-0.827682
-1.754130
-2.060149
-1.699757
-1.375551
-1.371563
-1.336744
-0.840726
-0.285829
0.256368
0.844808
0.717196
-0.209269
-1.378541
-2.474068
-3.013465
-3.091340
-2.558357
-1.806826
-1.059681
-0.420697
-0.064606
0.610950
1.319805
0.838265
0.254662
-0.909972
-2.023717
-2.623497
-2.333162
-1.678190
-0.936115
-0.254147
0.603880
1.346650
1.340405
0.964919
0.335406
0.107774
-0.307348
-0.301084
0.017885
0.681043
0.819479
0.648325
0.464724
0.809555
1.239268
1.171614
0.489944
0.249763
0.725770
0.818876
0.515997
0.289987
-0.178521
-0.259748
-0.094895
-0.097511
0.100011
0.312793
0.408719
0.793340
0.647955
-0.085489
-0.741655
-0.845642
-0.819134
-0.695296
-0.700508
-0.793434
-0.494567
-0.072283
-0.005137
0.572465
1.158293
1.217816
0.504567
-0.135598
-0.727109
-0.998274
-0.819717
-0.498199
0.076319
0.583031
0.852351
0.809572
0.705765
0.217868
-0.098973
-0.362708
-0.378569
0.018230
1.004865
1.466315
1.743637
2.195507
2.611128
2.512498
2.437134
1.746790
1.350452
1.574108
1.590688
1.809309
1.690418
1.815111
1.985606
2.039718
1.814063
1.701053
1.472028
0.646024
-0.112456
0.302161
0.435549
0.180553
0.248298
0.386323
-0.349590
-0.332754
-0.144504
-0.429983
-0.641310
-0.804573
-0.551244
0.438801
0.881546
0.660989
-0.174723
-0.885264
-1.628550
-2.457944
-2.786619
-2.444235
-1.655286
-1.033906
-0.781723
-0.893187
-0.954857
-0.352540
0.375850
1.008595
0.879700
0.239046
0.121198
0.405107
0.497729
0.427319
0.469087
0.972667
1.296875
1.321421
0.768273
0.389871
0.416343
0.347832
0.190098
0.049358
-0.095936
-0.365452
-0.421380
-0.279341
-0.208814
-0.255153
-0.213634
-0.508606
-0.756708
-0.587688
-0.323268
-0.298770
-0.623024
-1.287439
-1.459142
-0.926740
-0.377327
-0.156039
-0.455172
-0.817224
-1.176363
-0.977266
-0.635267
0.193062
0.467673
0.328989
0.051070
0.116192
0.195045
0.398223
0.258318
-0.027531
-0.479558
-0.662345
-0.551275
-0.086297
0.206880
0.124432
-0.089444
-0.664322
-0.969526
-0.961440
-0.803551
-0.434256
-0.082550
0.474808
0.895847
0.830208
0.808642
0.802567
0.184209
-1.012148
-1.985845
-1.983132
-1.510620
-1.338442
-1.033829
-0.620128
-0.298468
0.344666
0.697358
1.112365
1.075720
0.229244
-0.726141
-1.476958
-1.458594
-1.186371
-0.813852
-0.437943
-0.098777
0.957442
1.753768
1.887511
1.071093
-0.338833
-1.182256
-1.393936
-1.355849
-0.998993
-0.335756
0.590059
1.428025
1.704502
2.070135
1.751636
0.809743
0.090322
-0.423358
-0.943956
-1.419756
-1.407742
-0.600651
-0.090255
0.029153
0.075569
0.259024
0.256467
-0.287503
-0.389062
-0.538741
-0.512013
-0.448033
-0.393491
-0.301938
-0.479074
-0.356407
-0.004950
-0.027649
-0.250456
-0.731770
-1.141032
-1.237148
-1.199231
-1.140248
-0.457285
0.439164
1.158858
0.980969
0.241941
-0.242623
-0.152600
-0.204939
-0.095087
0.031151
-0.055715
0.152760
0.506183
0.767003
0.754784
0.308399
-0.335291
-0.990789
-1.224813
-1.564004
-1.609286
-1.015342
0.085324
1.108384
1.411451
1.441798
1.055554
0.391114
-0.244448
-0.281313
-0.237905
0.140180
1.049929
1.637993
1.522793
1.376799
1.116560
1.121831
0.627409
-0.283367
-0.757098
-0.945741
-0.456486
-0.038082
0.481148
0.491773
0.271156
0.780868
1.277027
0.877526
-0.071456
-0.887063
-1.234180
-1.395693
-1.603672
-1.845262
-1.428943
-0.767613
-0.042713
0.485790
0.823952
0.680670
0.011044
-0.556935
-0.569200
-0.308068
-0.142528
-0.020881
0.176624
0.475545
0.954856
0.927176
0.321922
-0.184217
-0.217194
-0.201459
-0.200343
0.344036
1.025655
1.409641
2.022651
1.829170
1.190133
0.507406
-0.076247
-0.604049
-1.034367
-0.993586
-0.417201
-0.025471
0.645800
1.542716
2.056418
2.247116
2.159375
1.550423
0.793684
0.709789
0.249560
0.050846
0.301735
0.541980
0.830111
0.855233
1.337847
1.930284
2.376179
2.735676
2.392925
1.809366
1.073552
0.390467
-0.072869
-0.758376
-1.163745
-0.962814
-0.703305
-0.352980
0.227770
0.552331
0.840433
0.735823
0.535586
0.407246
-0.006429
-0.388547
-0.491836
-0.288757
0.161575
-0.056518
-0.011531
0.088273
0.527696
0.546114
0.488077
0.639168
1.003829
0.764460
0.507656
0.870198
1.245544
1.210131
0.913154
0.560045
0.441008
0.342191
0.611449
0.512651
0.127169
-0.215052
-0.838099
-0.987253
-0.668187
-0.025377
0.387269
0.543605
0.639187
0.421647
0.057894
-0.060717
-0.424059
-0.745611
-0.953145
-1.117873
-0.708657
-0.224120
0.095646
0.072542
0.195715
0.183575
0.815709
1.185172
0.946528
0.008981
-0.927672
-0.972945
-0.631680
-0.028184
0.491916
0.722602
0.707430
0.895889
0.576643
-0.341725
-0.970075
-0.644142
-0.524150
-0.822481
-0.882759
-1.067346
-1.104884
-0.808233
-0.264977
-0.058788
-0.170900
-0.604018
-1.034458
-1.261156
-1.452253
-1.952842
-2.012907
-1.201662
-0.798176
-0.461212
-0.484209
-0.657175
-0.641932
-0.635407
-1.023834
-1.333107
-1.188205
-0.977946
-0.747877
-0.659885
-0.380409
0.236715
0.788516
1.015977
1.147980
1.358990
0.998227
0.679047
0.616964
0.461453
0.133981
0.178940
-0.026743
0.196592
0.459546
0.996596
1.852599
2.282110
2.348171
1.936869
1.061139
0.466789
0.269182
-0.163938
-0.114887
0.132638
0.407156
0.425613
0.768330
0.948813
0.986221
0.633712
0.355510
-0.483882
-0.950649
-0.600589
0.131454
0.623674
0.960176
1.290280
1.849104
2.613021
3.442337
3.939716
3.385508
2.370374
0.801880
0.021788
0.160632
0.962829
1.182056
0.934239
0.888534
1.557952
1.615636
1.273331
0.685674
0.938301
0.662389
0.109722
0.196237
-0.140619
-0.359438
-0.282767
-0.277325
-0.251171
-0.057461
-0.036846
-0.446732
-1.012317
-1.173641
-1.211047
-1.515913
-1.625951
-1.521718
-1.275374
-1.082537
-0.737344
-0.609669
-0.763103
-1.068103
-1.474132
-1.697733
-1.769013
-1.533529
-1.073348
-0.945699
-0.870649
-0.659334
-0.194031
0.075742
-0.306361
-0.743324
-1.112645
-1.459556
-1.441656
-1.129153
-0.717642
0.072721
0.899920
0.613529
-0.412705
-0.629428
-0.158128
-0.027771
-0.044545
0.180507
0.296580
0.349542
0.895866
0.710644
0.263857
0.438413
0.387090
0.231258
-0.049514
-0.346785
-0.809187
-0.955049
-0.735939
-0.037252
0.406196
0.724268
0.521682
-0.043614
-0.681390
-1.034100
-1.543477
-1.698808
-1.810735
-2.036830
-2.107391
-2.052501
-1.582014
-1.254822
-1.210522
-1.115971
-1.514068
-2.148190
-2.140213
-1.614100
-0.997237
-1.184882
-1.043508
-0.778877
-0.042787
0.567902
0.531682
-0.095149
-0.266633
-0.007907
0.489092
0.864103
1.187911
1.280988
1.118657
1.103528
1.361095
1.092625
0.471956
0.403543
0.187890
-0.154379
-0.001286
0.243089
0.974231
1.289877
1.433220
1.240737
0.858374
0.313754
-0.012312
-0.498483
-1.054147
-1.479218
-1.413627
-1.006120
-0.208776
0.204127
0.177978
0.622620
1.182227
0.912930
0.033800
-0.496912
-0.734696
-0.793162
-0.416979
0.105992
0.985869
1.561643
2.045077
2.401267
2.143387
2.001933
1.500115
-0.003418
-1.894820
-2.760399
-2.210963
-1.463499
-1.262519
-1.065909
-0.678712
-0.071363
0.103100
-0.387210
-1.252291
-1.933116
-2.452962
-2.420533
-2.029082
-1.726544
-1.276929
-0.380130
0.152687
-0.235691
-0.239744
0.170039
