0.635779
0.687814
0.554198
0.489695
0.988497
1.375181
1.214137
0.616502
0.455833
0.445532
0.314530
0.296399
0.324825
0.226976
0.465626
1.172147
0.948172
0.475120
-0.089081
-0.168269
-0.736846
-1.028085
-1.235474
-0.951406
-0.391287
0.306347
0.560216
0.768448
0.871147
0.492650
-0.056334
-0.070220
0.036079
0.110846
0.186390
0.022831
0.312634
0.911010
1.168038
1.173560
0.637597
-0.165226
-0.630722
-1.335017
-1.657146
-1.692398
-1.448330
-0.744758
0.017392
0.894260
2.372997
2.932079
2.512946
1.453123
0.358475
-0.477786
-0.960662
-0.902699
-0.334550
0.253949
0.701082
1.434096
1.794425
1.719336
2.003906
1.765062
0.984766
0.638107
0.280166
0.896860
1.551074
1.700841
1.068684
0.717986
1.133602
1.769031
0.900534
0.044104
-0.224547
-0.643263
-1.137385
-1.254557
-0.859834
-0.137705
0.578378
0.847891
0.777146
0.192110
0.146406
0.496951
0.966495
0.827825
0.189318
0.170420
0.336541
0.896959
0.973104
0.695546
0.703236
0.626274
0.116541
-0.352482
-0.168081
-0.078416
0.234191
1.743743
2.672767
2.346992
1.745689
1.187956
0.853093
0.308402
-0.343870
-0.601473
-0.629291
-0.185830
0.586788
1.038053
1.229435
1.132175
0.721975
0.228848
-0.172305
-0.468163
-0.279453
-0.340546
0.117625
-0.036332
0.000087
-0.345745
-0.684086
-0.796416
-0.951480
-0.785953
-0.317044
-0.150839
0.598795
1.059839
1.358264
1.612958
1.510702
1.295360
0.314309
-0.432424
-0.133769
0.532503
0.704412
0.616538
1.020676
1.522533
1.429313
1.363116
1.054688
0.099253
-0.538844
-0.894096
-0.795344
-0.596971
0.188389
0.506620
0.472159
0.526555
-0.149035
-0.388943
-0.281730
-0.359272
-0.270310
0.151322
0.760742
1.161941
1.067850
1.064083
1.373244
1.612930
1.316384
0.535269
0.168794
0.012740
0.087813
0.087112
0.075351
0.113402
0.079887
-0.274477
-0.649548
-0.793447
-0.756521
-1.108549
-0.718314
-0.986167
-1.023770
0.282721
0.046875
-0.215038
1.139990
1.029695
-0.299096
-0.467902
-0.475252
-0.153857
-0.379511
-0.829189
-0.530734
0.321153
0.463669
0.374419
0.498790
0.179471
-0.450248
-0.817939
-0.181189
0.039410
-0.145039
0.383057
0.746040
1.006759
1.446827
1.018534
0.558571
0.729891
0.581640
0.407478
0.800347
0.420607
-0.039393
0.165576
0.201411
-0.072618
-0.522446
-0.936251
-1.329705
-1.407687
-1.208888
-1.270416
-0.896100
-0.521556
0.344253
0.625468
-0.177948
-0.883393
-0.920104
-0.916265
-0.998873
-1.265984
-1.561294
-1.415928
-1.326028
-1.744554
-1.530485
-0.887276
-0.745481
-0.921112
-0.947910
-1.005099
-0.757430
-0.459137
-0.389815
-0.324611
-0.091280
0.108001
0.177751
-0.080010
-0.305134
-0.162150
-0.036948
-0.180046
-0.929021
-1.592643
-1.584499
-1.580177
-1.835075
-1.686432
-1.455240
-1.122678
-0.754665
-0.987198
-0.672434
-0.246672
0.070297
0.466391
0.466922
0.827213
0.848943
1.012310
1.022641
0.676048
0.301162
0.023283
0.113547
0.581509
0.732741
0.702870
0.653874
0.677953
0.490276
0.129307
-0.694396
-0.913969
-0.875040
-0.752429
0.190226
0.727676
1.152864
1.808828
1.726158
1.013615
0.615760
-0.181457
-1.099276
-0.858230
0.239890
0.807238
1.353494
1.483843
1.016633
1.059789
1.009552
0.436793
-0.252081
-0.992524
-1.280568
-0.985573
-0.827946
-0.642388
-0.499036
-0.456293
0.345146
1.034615
0.918506
-0.232514
-1.142383
-1.985154
-2.475912
-2.546766
-2.061845
-1.532105
-1.006265
-0.270930
0.053106
0.513765
1.004721
0.720589
0.343594
-0.100059
-0.651349
-1.197061
-1.086867
-0.799026
-0.585871
0.034665
0.815344
1.491142
1.485475
0.681873
0.417029
0.979909
0.910297
0.299972
0.282251
0.731507
0.857616
0.701784
0.380721
0.694467
1.239442
1.023888
0.557666
0.493150
0.926247
0.548949
-0.188653
-0.702376
-1.590615
-1.664399
-1.668450
-1.978827
-1.337131
-0.527522
0.021753
0.371702
-0.376586
-1.659953
-2.103001
-1.889510
-1.557395
-1.136784
-0.987406
-1.225923
-1.262117
-0.723886
-0.200782
0.324736
1.011768
1.065924
0.570971
0.142527
-0.241632
-0.180401
0.290147
0.582682
0.797322
1.258356
1.349429
1.464475
1.524054
0.926201
0.483848
0.397901
0.075458
0.128475
1.026169
1.600035
1.544345
1.955481
2.179637
1.781886
1.713316
1.085204
0.570596
0.466077
0.481163
0.834090
1.033913
0.993367
1.610503
1.813736
1.608423
1.505600
1.605187
0.853689
0.317612
0.540825
0.970185
0.892250
0.953782
0.309387
-0.206187
0.271142
0.750434
0.644733
0.452456
-0.158099
-0.081697
0.665131
0.759968
0.559293
-0.047084
-0.539574
-1.215841
-1.970392
-2.577527
-2.112009
-1.394180
-1.290810
-1.369373
-1.162792
-0.910891
-0.362870
0.299859
0.567552
0.450276
0.175387
0.068162
0.172480
-0.051259
0.192690
0.692703
1.150872
1.445930
1.160191
0.656906
0.466614
0.490715
0.582378
0.592862
0.618808
0.178599
-0.220619
-0.271506
-0.142256
0.229910
0.649714
0.379523
-0.042857
-0.576606
-0.576820
-0.336236
-0.467961
-0.916983
-1.521504
-1.523715
-1.193320
-0.847433
-0.646094
-1.072259
-1.555687
-1.882437
-1.855286
-1.544207
-1.098485
-0.848629
-1.282763
-1.535629
-1.168425
-1.250680
-0.911818
-0.731191
-0.837152
-1.248461
-1.568769
-1.313713
-0.890635
-0.315875
-0.082909
-0.585502
-1.262510
-1.694230
-1.686872
-1.235235
-0.745216
-0.271217
0.389896
0.772980
0.559260
0.693636
0.842107
0.433491
-0.347008
-1.232915
-1.538459
-1.262555
-0.643843
0.095337
0.471593
0.918406
1.349551
1.670404
2.048044
1.860690
1.244534
0.683285
0.000030
-0.291153
-0.043606
0.603420
1.099411
1.408154
1.907088
2.169572
2.445272
1.548437
0.111612
-0.501705
-0.694516
-0.659710
-0.489143
-0.039511
0.648756
1.411182
1.662736
1.841411
1.397610
0.540685
-0.575955
-1.043329
-1.362983
-2.103888
-1.939035
-1.204578
-1.048205
-1.247649
-1.667457
-1.654478
-1.810803
-2.305691
-2.090205
-2.072346
-1.894059
-1.681727
-1.632102
-0.624827
-0.323999
-0.674400
-0.508625
-0.375264
-0.577986
-1.015926
-1.542293
-1.475746
-1.595322
-1.849592
-1.382269
-0.412618
0.242305
-0.227591
-0.746000
-0.724827
-0.334968
-0.382573
-0.590712
-0.629791
-0.400890
-0.057073
-0.043568
0.193740
0.490635
0.238488
-0.655188
-1.559593
-1.926534
-1.927121
-1.968336
-1.735930
-1.196511
-0.573657
0.010086
0.345710
-0.005731
-0.302263
-0.880531
-1.068087
-0.874578
-0.376577
0.451162
1.294271
1.497529
1.364574
1.127795
0.978593
0.682739
0.162077
-0.114949
-0.440586
-0.149434
0.385251
1.011673
1.329337
1.436620
1.592387
1.889821
1.680332
1.124894
0.228811
0.066999
0.228119
-0.115186
-0.643010
-0.264220
0.029482
0.227039
0.091816
0.399493
0.577200
0.121937
-0.394842
-0.252002
-0.014395
0.290221
0.708899
1.196612
1.314588
1.750691
1.571492
1.020799
0.714300
0.530297
0.390615
-0.070425
0.270912
0.429030
0.778401
1.336151
1.314232
1.194705
0.419555
-0.265604
-0.745675
-0.983233
-0.484163
-0.113690
-0.065285
-0.070551
0.745513
1.058938
1.232385
1.306597
1.060536
0.834040
0.911691
0.492950
0.004152
-0.229586
-0.165012
0.097297
0.427939
0.713095
0.636177
0.733789
1.061000
1.057083
0.834127
0.626653
0.313158
-0.416422
-0.886120
-1.100948
-1.072250
-1.298040
-1.287277
-1.220889
-1.233598
-1.279434
-1.220661
-0.632825
-0.441583
-0.201958
0.066379
0.126400
0.003175
0.104899
-0.093533
-0.052602
0.192174
0.591984
0.608742
0.094032
0.077399
0.409141
-0.270554
-0.504163
-0.020349
0.475281
0.442908
0.018735
-0.302543
-0.718786
-0.962663
-0.563740
-0.499694
-1.004425
-1.161752
-1.266669
-1.556375
-1.574084
-1.143295
-0.613773
-0.317532
-0.692637
-1.044565
-1.221529
-1.483386
-1.968048
-2.414506
-2.295365
-1.983233
-1.764904
-1.478060
-1.033181
-0.438103
-0.172035
0.124917
0.700066
1.036223
1.281133
0.736084
-0.270132
-0.465383
-0.308910
0.240183
1.021486
1.539343
1.679568
1.696994
1.098636
0.108935
-0.616664
-0.628185
-0.519010
-0.328543
0.078805
0.372792
0.030626
-0.315474
-0.437214
-0.249612
-0.813628
-1.053582
-1.137436
-0.727567
-0.747439
-1.972864
-2.489571
-1.751456
-1.384343
-1.231754
-0.790667
-0.794042
-0.934187
-0.620238
-0.819681
-0.946955
-0.815116
-0.623962
-0.414496
-0.334436
-0.234213
-0.134746
0.213284
0.574284
0.848371
1.040420
1.174128
0.883736
0.827249
0.531743
0.233807
0.582710
0.703565
0.444757
0.838020
1.172614
1.489532
1.880309
1.786447
1.412222
0.461316
-0.541391
-0.875289
-1.115276
-0.608651
-0.075442
-0.133744
-0.116875
0.502959
0.975124
1.009160
0.380507
-0.180704
-0.944277
-1.368966
-1.204613
-0.692529
0.063256
0.369499
0.515893
1.332232
2.181389
2.781827
2.926433
2.730272
1.960617
0.995420
0.439724
0.258056
0.833924
1.649474
1.731917
2.152313
2.453495
2.043846
1.424432
0.735767
0.657487
0.560567
0.365718
0.906460
0.753953
0.400862
0.624664
0.783584
0.653382
0.675617
0.540375
0.321452
0.268847
0.738136
1.012038
0.888729
0.480598
0.267378
0.183487
0.512909
0.826984
0.789181
0.187538
-0.551842
-1.075358
-0.970790
-1.035629
-0.975341
-0.556659
0.021463
0.551803
0.743994
0.859370
0.642813
-0.166855
-0.564413
-0.746458
-1.062096
-0.737782
0.008545
0.382960
0.640065
1.238696
0.978107
0.352411
-0.152787
-0.339937
-0.683463
-0.544650
-0.031889
0.381687
0.891931
1.389022
1.220436
0.967984
0.972806
1.080108
0.784310
0.374850
-0.049622
-0.932351
-1.527120
-1.327716
-0.229972
0.481422
0.924865
0.740542
0.226220
-0.354063
-0.674993
-1.138436
-1.125691
-0.765502
-1.125245
-1.651531
-1.447683
-0.403523
0.048172
-0.065519
0.174507
-0.033644
-0.764602
-0.603375
-0.124689
-0.025338
-0.504307
-0.837597
-0.750774
-0.389052
0.166601
-0.020368
-0.898659
-1.054715
-0.973326
-0.367130
0.128088
0.730704
0.815390
0.205727
0.191962
0.734277
0.798006
0.849312
0.787051
0.128843
-0.336693
-0.505367
-0.282899
0.074290
0.361467
0.337890
0.162774
0.276874
-0.064636
-0.823335
-1.265664
-1.617239
-2.004007
-1.944314
-1.727540
-1.310085
-0.626407
-0.342186
0.062373
0.263566
0.018500
-0.627442
-1.110251
-1.480599
-1.687824
-1.345522
-0.561682
0.392891
1.378757
1.664598
1.680682
1.292096
1.317346
1.014764
-0.045220
-1.458108
-2.091660
-2.053764
-1.527679
-1.344832
-1.011932
-0.043630
0.816936
0.667720
0.067550
-1.181513
-2.570971
-2.889912
-2.090489
-1.272315
-1.458893
-1.203929
-0.695970
-0.519196
-0.872579
-1.338217
-0.965419
