-0.269411
-0.211779
-0.186171
-0.360011
-0.920865
-0.970302
-0.514196
-0.042929
0.299916
0.526299
0.423516
0.174825
-0.269410
-0.452524
-0.494914
-0.887949
-0.831665
-0.260234
0.121256
0.293579
0.560379
0.919238
1.121478
0.998598
0.502741
-0.010929
-0.176629
-0.257320
-0.307189
-0.135236
0.610988
1.301108
1.377250
1.073503
0.538280
0.071346
-0.624570
-1.334490
-1.850587
-1.962273
-1.433002
-0.402562
0.411619
1.038556
1.489103
1.224598
0.589515
-0.158734
-0.737791
-1.579669
-2.560812
-2.835098
-1.735651
-0.205849
1.178052
1.935975
1.789077
0.773630
-0.540221
-1.615613
-2.340167
-2.717426
-2.785101
-2.370325
-1.680502
-1.048592
-0.720653
-0.750916
-0.794910
-0.908058
-1.460592
-1.920667
-2.046963
-1.974135
-2.005693
-1.743982
-0.893045
0.095298
0.372630
0.283356
0.246117
-0.087529
-0.384346
-0.769907
-1.513207
-1.780209
-1.468431
-0.619893
-0.063662
-0.020687
-0.000303
-0.106747
-0.020449
0.078362
-0.264967
-1.007146
-1.544278
-1.532454
-1.043089
-0.156065
0.275315
0.615476
0.513790
-0.010472
-0.717463
-1.669453
-2.252822
-2.276363
-1.677555
-0.802837
-0.118211
0.404306
0.955959
1.232296
0.867341
0.270160
-0.194306
-0.688390
-0.659153
-0.491334
-0.337128
0.001022
0.403955
0.776007
0.931293
0.767342
0.416297
0.053849
-0.270451
-0.193725
0.125715
0.629695
0.503271
0.166582
-0.052783
-0.280063
-0.388025
-0.611168
-1.092369
-1.245520
-0.499076
0.032863
0.570614
0.692850
0.919950
0.845772
0.274946
-0.504548
-0.772375
-0.600992
-0.084435
0.578961
1.410021
2.081485
2.288932
1.889375
1.147537
0.118930
-0.922785
-1.502180
-1.886890
-1.491348
-0.360996
0.751043
1.069602
0.895149
0.384880
0.244404
-0.101764
-0.499901
-0.701787
-1.178434
-1.411926
-0.871016
0.187050
1.096855
1.517428
1.049373
0.172890
-0.410133
-0.895456
-0.986428
-0.783103
-0.348207
0.435374
1.030603
1.405203
1.365848
1.077532
0.756165
0.380971
0.074532
0.131153
0.053697
0.026979
0.520487
1.022260
1.126779
0.770446
0.548920
0.277530
-0.186499
-0.662881
-0.946670
-0.953275
-0.680088
-0.700930
-0.472968
-0.026851
0.392780
0.423514
0.004470
-0.621166
-1.144574
-1.442383
-1.012891
-0.220441
0.282157
0.525416
0.541399
0.072218
-0.298870
-0.353119
-0.416609
-0.410235
-0.353378
0.029982
0.409509
0.530277
0.560887
0.841905
1.123920
1.045469
0.644354
0.104249
-0.198817
-0.360510
-0.142270
0.537267
0.945583
0.807997
1.040619
1.331072
1.123902
0.892202
0.416571
0.238228
0.608452
0.667497
0.580044
0.681667
1.019963
1.020622
0.857329
0.575542
0.219859
0.148619
0.076532
-0.098070
-0.171347
0.004205
0.159639
0.323850
0.303164
0.290223
0.542833
0.902559
1.087718
1.094107
0.865354
0.546939
0.180245
0.129600
0.269700
0.679270
1.091343
0.864615
0.130470
-0.573041
-0.735967
-0.740371
-0.820144
-0.694300
-0.336514
0.142878
0.349394
0.299365
0.318187
0.272966
-0.077526
-0.671917
-1.040994
-0.961016
-0.586853
-0.262770
0.162147
0.700218
1.008774
1.150599
1.007573
0.330747
-0.779806
-1.625647
-1.823932
-1.419971
-0.792316
0.072531
0.996136
1.578786
1.521436
1.196412
0.933276
0.777038
0.294358
-0.185825
-0.507246
-0.669892
0.057796
1.184795
1.669768
1.905368
1.897595
1.431535
1.105932
0.865387
0.304441
-0.601463
-1.370464
-0.987860
0.131962
1.436183
2.553691
2.410298
1.525746
0.731509
0.098192
-0.791912
-1.754560
-1.988461
-1.522936
-0.654414
0.425295
1.207369
1.342563
0.917280
0.728339
0.341097
-0.032331
-0.701309
-1.282646
-1.269584
-0.981009
-0.741396
-0.412392
0.107250
0.548884
0.494267
0.020048
-0.479567
-0.844759
-1.222004
-0.993786
-0.535036
-0.177674
0.129086
0.547256
0.773584
0.609340
0.477848
0.307468
0.216886
0.292367
0.306004
0.600895
0.832193
1.052710
1.196155
1.002402
0.718003
0.282014
0.175836
0.478819
0.957808
1.369298
1.400278
1.138161
1.141691
1.418625
1.494249
1.430808
1.130710
0.709253
0.172838
-0.142343
0.423933
0.691923
0.873844
0.820330
0.365347
0.358023
0.166282
-0.192169
-0.244015
-0.153751
0.122771
0.480228
0.838896
1.356378
1.813902
1.734673
1.133959
0.760038
0.368312
-0.256493
-1.028122
-1.458619
-1.164376
-0.586447
-0.154024
0.232830
0.353470
0.040645
-0.375396
-0.883434
-1.116991
-1.063949
-0.869769
-0.952812
-0.640246
0.070495
0.483646
0.649149
0.270668
-0.020077
0.144207
0.808419
0.986373
0.427940
-0.138594
-0.335117
-0.357914
-0.010436
-0.308163
-1.034458
-1.078472
-0.762230
0.067050
0.980925
1.636935
1.769865
1.883373
1.878900
1.497011
1.334044
1.146757
0.965617
0.580785
-0.294329
-0.963378
-1.118243
-0.736590
-0.120892
0.498315
0.343317
0.046945
-0.116933
-0.198327
-0.324572
-0.574044
-0.201244
0.240078
0.216413
-0.245596
-0.886629
-1.221627
-1.435700
-1.662664
-1.610993
-1.759832
-1.544701
-1.015855
-0.452036
0.044093
0.546471
0.840660
0.480403
-0.403888
-0.860103
-0.753127
-0.628095
-0.501790
-0.126532
0.492905
0.878069
1.379872
1.713647
1.459684
1.002476
0.528679
0.167856
0.117406
0.243348
0.639443
0.823517
1.116772
1.133752
1.026617
0.950622
0.881548
0.519037
-0.100166
-0.722840
-0.987250
-0.930101
-0.019344
1.102670
1.699232
1.823428
1.368139
0.689087
-0.004806
-0.887914
-1.532444
-1.941794
-1.961998
-1.615768
-0.744916
0.539886
1.389097
1.504636
1.131413
0.437432
0.193195
0.017236
-0.350015
-1.084888
-2.014958
-2.421974
-1.628815
-0.101360
1.121012
1.529932
1.190261
0.678805
-0.000254
-0.792948
-1.974281
-3.015900
-2.814764
-1.655888
-0.462245
0.546840
1.138676
0.878651
0.318582
-0.499710
-1.096810
-1.629910
-2.351215
-3.226875
-2.861875
-1.552043
0.260101
1.742909
2.461282
2.232143
1.660340
0.968032
0.239110
-0.348758
-0.500361
-0.003142
0.712736
1.648640
2.555896
2.954588
2.490089
1.682590
1.138649
0.940620
0.781141
0.661925
0.394225
0.171417
0.742530
1.528429
1.902701
1.849803
1.437834
1.000863
0.687689
0.220616
-0.558091
-1.112663
-0.898702
0.004418
0.733947
0.911826
0.640022
0.367969
-0.129230
-0.546509
-0.992167
-1.223201
-1.157837
-0.695272
0.407140
1.482304
2.082704
2.157295
1.673503
1.288195
0.880830
0.235861
-0.698974
-1.316379
-1.171473
0.089879
1.031820
1.288648
1.148717
0.954927
0.748724
0.322709
-0.332900
-1.244108
-1.807583
-1.756514
-0.812618
0.257942
0.794398
0.934715
1.041714
0.687679
0.162190
-0.172852
-0.522952
-1.028487
-1.377679
-1.035400
-0.378053
0.367998
0.967584
1.191075
1.312621
1.166555
0.878073
0.225508
-0.602658
-1.044601
-0.802639
-0.324381
0.523228
1.236595
1.672123
1.660963
1.252860
0.778920
0.157640
-0.991984
-2.078959
-2.693804
-2.836806
-2.314273
-1.138404
0.005477
0.480713
0.597552
0.510096
0.158084
-0.747264
-1.257063
-1.392684
-1.247238
-0.787208
-0.268502
0.176653
0.120590
0.045729
0.338770
0.144747
-0.565125
-1.007536
-1.121665
-0.968761
-0.548042
-0.388225
-0.558732
-0.857884
-0.594302
-0.388088
-0.213797
-0.047113
-0.211071
-0.422853
-1.025735
-1.673366
-1.715202
-1.811338
-1.923324
-1.730942
-1.422320
-0.841745
-0.217912
0.008094
0.199627
-0.009844
-0.428712
-0.666753
-0.377810
0.088327
0.518855
0.564968
0.192392
0.103190
-0.182505
-0.213634
-0.171346
-0.035993
0.159850
0.366653
0.625961
0.445938
0.167514
0.064644
0.376077
0.370275
-0.314407
-0.847694
-0.914965
-1.011434
-1.454037
-1.363394
-0.864836
-0.761642
-0.496123
-0.213778
-0.248744
-0.077667
0.002394
-0.116201
-0.072872
0.412742
0.396444
-0.101720
-0.512837
-0.638079
-0.456278
-0.019448
-0.042275
-0.240503
-0.031082
0.679731
0.898856
0.906790
0.727642
0.471784
0.103074
-0.372600
-0.637549
-1.122310
-1.031149
-0.774578
-0.705724
-0.306766
0.097603
0.415732
0.528859
0.357923
-0.210891
-0.981585
-1.570081
-1.677199
-1.201811
0.155828
1.242038
1.585887
1.195474
0.631997
0.248088
-0.103664
-0.596964
-0.754889
-0.843192
-0.671910
-0.384631
-0.082426
0.197530
0.589356
0.933853
1.057389
0.741662
0.378105
0.318121
0.430594
0.542253
0.546817
0.444072
0.349552
0.318752
0.571674
0.672735
0.697162
0.619795
0.564175
0.741988
0.331914
0.003223
-0.298453
-0.199421
0.178489
0.167380
0.173978
0.134467
-0.090165
-0.082271
0.070651
0.515948
1.023436
0.730235
0.042982
-0.534967
-0.832486
-0.555733
0.214102
0.893952
1.189959
1.174338
0.642809
0.083319
-0.102472
-0.385073
-0.601470
-0.593661
-0.467238
-0.085263
0.596084
0.984837
1.103417
1.125475
0.788019
0.123875
-0.467353
-0.577547
-0.699544
-1.368909
-1.536488
-1.190950
-0.734269
-0.061690
0.407526
0.251988
-0.290411
-0.672207
-1.177407
-1.835406
-2.000401
-2.030612
-1.678263
-0.812946
0.363768
1.597366
2.244235
1.812923
1.546287
1.264848
0.673905
-0.084045
-0.510228
-0.615149
-0.828516
-0.690232
0.163072
0.941115
1.371141
1.393680
1.253313
1.267777
0.833945
0.190545
-0.223343
-0.438546
-0.428969
-0.330566
-0.087210
0.746466
1.515132
1.722823
1.437498
0.537394
-0.439152
-1.056159
-1.350710
-1.086197
-0.534015
-0.358297
0.072267
0.830946
1.045797
1.160641
1.168611
0.330713
-0.910233
-1.655867
-1.548674
-0.689756
0.366056
1.033079
1.108639
0.843929
0.604797
0.175758
-0.577577
-1.238285
-1.679619
-1.577415
-1.055383
-0.568280
-0.020005
0.236041
0.622935
0.867548
1.011145
1.056743
0.848274
0.124244
-0.499325
-1.330867
-1.357064
-0.912384
-0.306662
0.154499
0.631886
0.769925
0.346753
0.291776
0.352556
-0.067562
-0.560667
-1.392875
-1.361251
-0.938485
-0.149634
0.826040
1.428611
1.207311
0.335358
-0.156363
-0.659575
-1.190768
-1.743145
-2.029762
-1.593996
-0.978011
-0.501115
-0.434841
-0.432926
-0.162799
-0.163691
-0.807771
-1.177340
-1.188140
-1.589173
-2.022491
-1.859005
-1.076504
-0.183821
0.398279
0.862836
0.921365
0.266278
-0.571828
-1.182417
-1.670272
-2.047335
-1.957611
-1.491769
-0.422555
0.720257
1.369121
1.186204
0.880189
0.726808
0.436689
0.077179
-0.211967
-0.658257
-0.502468
0.177346
0.987583
2.110976
2.426888
1.644101
0.835504
0.397817
-0.244927
-1.088865
-1.438739
-1.630021
-1.373363
-1.013835
0.046875
1.321206
1.897270
1.929408
1.747536
1.649344
0.967986
-0.287912
-0.912948
-1.027619
-0.427885
0.254841
0.820176
1.522222
1.673269
1.242177
0.750125
0.116414
-0.686134
-1.376409
-1.515957
-0.931569
-0.158122
