-0.524566
0.495449
1.048070
1.778219
2.077730
1.958649
2.171801
1.778426
1.348712
0.639160
-0.503621
-0.740345
-0.936939
-0.392510
0.500944
-0.162905
-0.648165
-0.489972
-0.436654
-0.442899
-0.441543
-0.900084
-0.701267
-0.755494
-0.995191
-0.653037
-0.548436
-0.514332
-0.374417
-0.623866
-0.006739
-0.018179
-0.250743
-0.499912
-1.206604
-1.519312
-1.016997
-0.611281
-0.979864
0.413738
1.200183
1.795942
2.084258
1.124132
0.180410
-0.015029
0.103284
-0.090760
-0.013468
-0.782254
-0.020823
-0.583776
-0.495965
-0.494926
-0.597434
-1.147952
-0.877748
-0.608812
0.188143
0.792139
0.828549
0.721701
0.320876
-0.091575
0.319176
0.683582
0.383114
0.107688
0.163299
0.070437
-0.150321
0.452006
-0.125066
-0.340191
0.167682
0.257539
0.634883
0.186601
0.094693
0.466810
0.196289
-0.509372
-0.053452
-0.067274
0.144070
0.034356
-0.382390
-0.909332
-0.811074
-0.122626
0.921192
1.820030
1.517315
1.771529
1.246201
1.647348
1.874638
1.998414
1.622422
1.046497
-0.208047
-0.779925
-1.126634
-1.518124
-2.116107
-2.445800
-2.292560
-2.465116
-1.980494
-1.952017
-1.651112
-1.484963
-1.265616
-1.026830
-0.686960
-1.276966
-1.303758
-1.745316
-1.368667
-0.760716
-0.396276
0.065126
0.243697
1.189062
1.083625
0.128764
-0.161582
0.403468
1.307313
1.800866
1.905103
1.529077
1.058968
1.553842
0.430680
0.199483
1.091698
1.325002
0.200354
-1.105890
-1.261005
-0.734018
-0.445063
-1.457444
-1.441193
-0.819555
-1.125796
-0.581415
0.877609
0.706711
1.270049
1.882429
2.528112
2.709524
1.821555
1.385160
0.883967
0.294382
0.804637
1.313463
1.236135
1.458631
1.104034
0.309640
0.446092
0.694319
0.042708
0.384034
0.200457
-0.726702
-1.965316
-1.532986
-0.916987
-0.602450
-1.263654
-1.636895
-1.230885
-0.746116
0.468017
0.831469
-0.148453
-1.130308
-0.935277
-0.663259
0.454359
-0.403289
-1.657451
-1.147150
-0.498896
0.188523
-0.437487
-1.373133
-0.665523
0.643163
-0.283295
-1.553345
-1.720229
-1.298051
-0.909393
-0.469820
-0.614140
0.234723
1.429424
1.478968
0.595538
0.869793
1.279117
1.676723
1.319597
-0.411120
-0.701590
-0.458769
-0.639087
-0.688747
-1.110627
-1.066228
-0.933481
-0.958725
-0.775494
-0.544717
0.024981
1.451089
1.450556
1.320128
1.070032
0.050106
-0.051091
1.159016
1.035466
1.402623
0.937017
0.101185
-0.302638
-0.420259
-1.022557
-0.521713
-0.258871
-0.164319
-0.202183
-0.600171
0.074122
0.547247
0.746959
0.099374
-0.109634
-0.047910
0.383185
0.986176
0.979168
-0.086325
-1.009500
-0.624081
-0.189901
-0.989077
-1.647323
-1.344277
-0.335127
-0.349372
-1.353404
-1.247780
-0.560166
-0.274913
-0.221830
0.143645
-0.086541
-0.155709
-0.638128
-1.362927
-0.974407
-0.449388
0.298439
-0.509564
-0.488836
-0.242626
0.630463
1.369556
1.706919
0.913310
0.893612
0.615507
0.450145
0.371280
0.898963
0.781792
0.044755
0.345766
0.098364
-0.123665
-1.086077
-1.139761
-0.783386
0.141564
0.940136
0.909630
-0.319543
-0.524859
0.509304
1.255885
1.245101
1.144903
0.868078
0.246805
1.134923
0.889876
-0.127959
-0.609096
-0.348403
-0.517314
-1.105333
-1.247671
-1.148195
-1.200091
-0.809011
-1.397690
-1.449342
-1.108523
-0.221897
0.691095
0.903899
0.377146
0.218920
0.963619
1.327649
2.030446
1.642012
0.974404
0.283258
0.742717
0.615431
0.226493
-0.220802
-0.330076
0.207205
0.625864
0.850076
0.295436
0.579306
1.014530
1.508736
0.912086
0.904000
0.924714
0.737733
-0.228517
-0.527273
-0.257990
-0.000664
0.742005
0.991133
0.492990
0.437115
1.154397
0.610745
1.005094
0.941256
0.848453
0.248427
-0.713555
-1.710238
-2.336478
-2.118304
-1.974383
-2.211189
-1.138103
-0.972048
-1.312912
-0.800762
-1.327603
-0.402481
-0.300232
0.026009
0.038173
0.327218
-0.043409
-0.297531
-0.096371
-0.171305
0.064285
0.517504
1.038699
0.436392
-0.009666
-0.149967
-0.435382
-1.448117
-1.433314
-1.097272
-0.773008
-0.860279
-0.807341
0.041288
0.101040
-0.037012
-0.101422
-0.310612
-0.151904
0.490509
-0.153332
-0.786775
-0.536047
0.476024
0.008508
-0.134393
-0.516254
0.017978
0.432407
0.417170
-0.209100
-0.681278
-0.769639
-0.623233
-0.829763
-0.737063
-0.461403
-0.868030
-0.151428
-0.062573
-0.324692
-0.060887
0.148814
-0.806899
-1.907627
-1.931679
-1.004675
-0.690300
-0.549115
0.287269
0.887464
1.787577
2.099612
2.084554
1.723818
1.740532
1.088723
0.511980
0.186650
0.538286
0.541741
1.021593
0.926417
0.377472
0.746008
1.227983
1.344849
1.304265
1.340591
1.629968
1.632363
1.687670
1.175819
0.340062
0.341529
0.108501
-0.423754
-0.141840
0.431204
0.398239
-0.023045
-0.155675
-0.296198
-0.685524
-1.067806
-1.018753
-0.664476
-0.132227
-0.405206
0.211470
0.023831
0.374916
0.066418
-0.778904
-1.612539
-1.770748
-1.741833
-1.990727
-1.693576
-0.836158
-0.761443
-0.965437
-0.937392
-0.493680
-0.444565
-0.314439
0.157715
0.257232
0.748972
0.152256
0.572069
1.552122
1.222670
0.880989
0.877018
0.629781
0.869180
1.194942
1.331285
1.292062
0.452834
0.782762
1.328576
1.166150
0.298101
0.611124
0.393763
0.490992
-0.234081
-1.848593
-1.764134
-1.055313
-0.511287
-1.601153
-1.653574
-1.036963
-0.393125
-0.154467
-0.460279
-0.903285
-0.128456
0.267744
0.303941
-0.508855
-0.578799
0.204903
1.152742
1.229729
-0.106597
-0.470646
0.133887
0.187063
-0.464072
-0.723438
0.022146
0.331662
0.152083
0.722350
0.725795
0.354974
-0.819759
-2.153075
-1.770735
-1.180720
-0.827663
-0.486535
-0.160722
0.437754
1.715090
1.463712
1.036228
1.013895
1.299743
1.062736
1.024377
0.569790
0.227034
-0.136852
-0.577927
-1.005507
-0.868269
-0.728283
-0.883059
-0.459788
-0.891445
-0.839280
-0.994119
-0.483995
-0.641019
-0.541615
-0.088243
0.013835
0.380125
0.255295
0.221608
0.808575
1.582769
1.469339
0.105165
-0.797125
0.244306
0.619376
1.420882
-0.373283
-0.885446
-0.137223
1.250084
0.797894
-0.295648
0.605815
1.203551
0.811526
0.319003
-0.894385
-2.305114
-1.568894
-1.592543
-0.480887
-0.297621
-1.578964
-1.090470
-0.333832
0.111013
0.246703
0.099190
0.388109
0.804923
0.910693
0.334546
-0.357644
-0.229510
-0.254130
-0.262519
-1.090457
-1.858674
-1.435814
-1.220423
-1.903120
-1.893086
-1.891037
-1.554752
-1.413947
-1.138593
-1.531026
-2.080118
-1.825749
-0.953749
-0.104459
0.036891
0.306838
0.596054
1.118610
1.905552
3.072973
2.587568
1.801586
1.645063
2.511286
3.164019
2.361637
1.324661
0.791047
1.016541
0.621794
-0.084089
-1.147269
-1.301822
-1.202764
-0.388295
-0.321523
-1.189984
-1.044668
-0.255014
-0.526089
0.184207
-0.766734
-1.543193
-0.352946
-0.055910
-0.380454
-0.664960
-0.604568
-1.274339
-1.496288
-0.798002
-0.732940
-1.223863
-0.767664
0.464475
1.160047
1.450207
1.589739
1.592329
1.139372
0.941579
1.100633
1.334420
1.048527
0.430741
-0.354627
0.380479
0.529173
0.384614
-0.287127
0.330676
1.182464
1.232416
1.019416
0.649130
0.989968
1.111140
0.871201
0.691291
0.167051
-0.367465
-1.098425
-2.185628
-1.577523
-1.139935
-1.508000
-1.643201
-0.586444
-0.052796
0.287202
1.294070
0.783059
1.354057
2.087040
1.917241
1.766243
1.947702
1.278997
2.130436
0.898289
-0.123285
-0.593701
-0.805412
-1.524797
-1.478463
-0.610680
-0.509178
-0.547892
-0.736595
-0.812067
-0.710728
0.252998
0.696940
1.337783
2.043987
1.515423
0.585942
-0.195893
-0.869408
-1.495651
-2.151501
-2.245381
-1.195841
-1.185526
-0.722021
0.023102
1.266045
0.824148
-0.330248
-1.376459
-0.604370
0.313924
1.281616
1.222933
1.066981
1.336103
1.014631
-0.322717
-0.684427
-0.321371
-0.046304
0.271017
0.348893
0.160803
-0.146393
-0.034113
-0.253233
-0.895619
-1.012001
-0.003467
0.960461
0.839649
1.127226
0.996975
0.050307
-0.038292
0.758818
1.073830
0.548627
-0.639099
-0.628033
-1.236687
-1.250560
-1.639279
-0.729510
-0.489633
-1.055364
-0.640859
0.757017
1.847646
0.288519
-1.138806
-0.596746
-0.124246
-0.157521
-0.854630
-1.484058
-1.418336
-1.285508
-1.179191
-1.827017
-1.687328
-0.430878
0.744222
1.542046
2.026106
1.185060
1.149993
2.112398
1.662409
1.915806
1.760253
1.632511
0.560012
0.074903
0.131905
0.209100
-0.382643
-0.854362
-1.100771
-1.202819
-1.290853
-0.914534
-0.723944
-1.085247
-0.194251
0.392419
0.940796
0.145057
-0.280315
-0.286983
0.136600
-0.760744
-1.000717
-1.208387
-0.443489
-0.541515
-0.611450
0.307908
0.666436
0.366648
-1.601125
-1.127135
0.068939
1.114048
1.594321
0.825763
0.560695
1.009601
1.233115
0.590825
0.279271
0.356896
-0.365575
-0.770092
-0.533298
-0.584566
-0.403741
-0.317480
-0.329377
-0.216987
0.150373
-1.237679
-1.774117
-1.482043
-0.249920
0.984296
-0.120967
-0.337035
-0.129795
-0.030108
0.302843
1.535916
0.135337
-1.008056
-0.902364
-0.075074
0.472405
0.921825
1.627589
1.706448
1.616180
1.650568
0.779630
0.021435
-0.840839
-0.900549
-0.326039
-0.734922
-0.925079
-1.216099
-0.538350
0.085872
-0.095153
-0.689583
-0.458284
0.065274
-0.332592
-1.062069
-0.160565
1.172415
-0.090718
-0.276601
0.491746
0.826341
0.169980
0.300608
0.038608
-1.430812
-1.994338
-1.652772
-0.572695
-0.682039
-1.705847
-1.283711
-0.274575
-0.182459
-0.222131
0.076925
1.067750
0.960276
0.566998
0.427997
0.598341
-0.030093
-0.348531
-0.495272
0.083858
-0.377272
-0.403455
0.118760
0.499074
0.146066
0.028757
0.862706
1.355861
1.499470
0.815444
0.592906
0.390706
0.850376
1.279177
0.540914
-0.489252
0.007300
-0.314779
-0.128651
-0.446519
-0.843904
-0.465561
0.452758
1.955274
1.442521
0.065813
-0.529141
-0.484750
0.399826
0.098746
-0.926315
-0.521777
-0.114009
0.215850
0.780907
0.230447
-0.520826
-0.966840
-0.560408
-0.889873
-0.498665
-0.548699
-0.990930
-1.395342
-1.598765
-1.028839
-0.742361
-1.273269
-0.642173
-1.234092
-1.786071
-1.548025
-0.234513
0.331631
-0.011600
0.195932
-0.156329
0.026468
1.206372
2.438900
1.471805
0.014373
-0.140761
0.424493
0.757149
0.344089
-0.856272
-0.787711
-0.288120
-0.090955
0.014869
0.335164
-0.152039
-0.715104
0.191496
0.223173
-0.158268
-0.828618
-0.921210
0.230618
0.344409
-0.809287
-1.048774
-0.425292
0.174258
0.804833
-0.431530
-0.020113
0.109955
0.044649
0.475218
1.254624
1.580891
2.402662
3.346225
3.247570
1.512196
0.861832
0.967396
1.755509
1.414135
0.067413
-0.244863
1.016203
0.887677
