0.349913
0.309514
0.444933
-0.185632
-0.320376
-0.089448
0.018023
-0.915441
-1.001334
-0.649788
0.199048
0.798050
0.696324
0.983560
0.429143
-0.510595
-0.190639
0.618294
0.501026
0.052018
-0.381783
0.096720
-0.377055
-1.123679
-1.105648
-0.059510
0.147879
-0.408317
-0.770481
-1.328472
-1.435314
-0.861877
-0.547639
-0.969082
-0.178687
0.676305
0.657690
0.444193
0.682565
0.838194
0.233935
-1.056833
-1.058102
0.322632
0.410933
0.164951
0.075721
1.128579
1.605872
0.472642
-1.587573
-2.316249
-0.822171
0.476466
0.136523
0.277828
-0.156186
-0.588065
-0.894364
-1.155677
-1.710651
-1.331377
-1.109806
-0.317614
-1.261138
-1.646352
-0.793478
-0.788350
-0.032497
-0.222593
-0.194777
0.988852
1.553802
-0.148155
-1.331120
-0.418298
1.077878
1.130040
0.943216
0.559128
0.419149
0.769915
-0.010979
-0.168581
0.230499
-0.121595
0.239385
1.273246
1.909135
1.989685
0.663387
0.125710
0.406472
-0.333948
-0.608612
-0.540236
-0.715171
-0.511891
0.006639
0.574976
0.780964
1.635457
2.027193
2.259094
1.359098
0.895985
1.852840
2.058877
1.301250
1.171014
0.752960
0.841723
0.810368
0.348912
-0.347186
0.353131
-0.089709
-1.048072
-0.270955
-1.402194
-1.790152
-0.523456
0.159574
0.077710
0.312861
0.679533
1.253566
0.105788
-0.145208
0.257824
-1.721839
-2.941650
-2.471702
-1.630664
-0.484750
0.838588
1.305855
0.273324
-1.038507
-0.279837
-0.215246
-1.090218
-0.787449
-0.300087
-0.584196
-0.847550
0.289292
1.298055
0.621240
-0.191474
-1.050433
-1.602685
-0.246210
0.864459
0.970421
0.881074
0.340406
-0.109520
-0.277253
0.423408
0.235735
0.211594
0.465481
-0.096012
-0.465584
-0.482009
0.183635
1.374257
1.708244
1.651867
1.289461
0.939353
0.976769
0.997463
0.365606
0.899568
1.544158
2.087571
1.144726
-0.541896
-0.918094
0.300952
0.981299
0.534215
0.106932
-0.626572
-0.409177
-0.863811
-0.241470
0.117028
-0.942382
-1.429318
-1.781868
-1.093494
0.443928
1.082068
0.561139
0.060897
0.844240
0.935235
-0.590821
-0.288044
-0.672656
-2.095573
-1.836881
-0.680920
-1.480243
-0.845605
-0.743479
-0.352103
0.795711
-0.095446
0.243033
1.228523
0.723322
1.609832
0.812174
-0.212084
-1.128485
-0.418438
0.475362
0.360941
0.070958
0.148323
-0.265193
-1.517228
-0.998569
-0.795756
-0.427933
0.920954
1.103285
0.804515
0.732019
-0.055923
-0.080657
-0.403726
-0.415383
0.215777
-0.238389
-1.020960
-0.220687
0.901602
-0.006198
-0.210425
-1.184907
-0.562349
-0.484137
-1.180515
-0.454241
-0.298107
0.070950
0.699356
0.350193
0.362833
1.027838
1.616428
0.990933
-0.027651
-0.561160
0.075718
1.027753
0.172537
-0.814002
-1.059452
0.403676
-0.506872
-0.614435
0.311448
0.662937
0.650497
0.463611
0.321239
0.914191
0.751868
0.925136
0.452432
0.632585
1.656510
0.052892
-0.093798
1.127142
1.080732
0.493034
0.151093
0.340740
0.496495
-0.071681
0.392862
0.605154
0.142803
0.330011
0.819810
0.074179
-0.231329
0.433564
-0.394163
-0.722598
-0.040962
-0.481118
-0.538567
-0.250039
0.007922
0.615129
0.630392
0.532697
0.130488
0.557897
0.751793
0.294294
0.507554
0.854339
1.119987
1.185904
1.020549
0.559246
0.448686
-0.385048
-0.486471
-0.813725
-1.086288
-1.023307
-1.640760
-1.591663
-1.071950
-1.426205
-0.913689
-0.850755
-2.632582
-3.135827
-2.181104
-1.250837
-0.145729
-0.447133
-0.082855
0.030365
-0.398688
-0.240596
0.419168
0.254356
-0.931955
-1.958465
-0.939401
0.994639
1.500272
1.629805
0.746741
-0.421028
-1.326473
-0.317219
-0.577775
-0.459040
-0.372009
-1.536437
-1.761360
-1.649538
-0.689154
-0.721113
-0.647847
0.415856
0.660010
0.338338
0.560485
2.034226
2.597792
0.945485
0.766299
0.457479
0.182073
0.234588
0.290307
-0.259582
-0.685053
-0.240183
0.721301
0.155231
0.256526
-0.074749
0.492906
0.448915
0.866250
0.841506
0.900464
1.251121
1.239965
0.988855
0.417087
0.161992
-0.533757
-1.450802
-2.144899
-1.262871
-0.209563
-0.576306
0.256706
0.580243
0.230585
-0.155690
0.232657
0.774025
0.758909
-1.026717
-0.694816
-0.044475
-0.242065
-1.263729
-0.171754
0.834295
0.496299
0.243591
0.624038
0.841855
0.155555
0.055863
0.198500
1.141368
1.955124
0.992711
0.129988
0.845907
1.542252
1.618750
2.049256
2.181635
1.519162
1.392184
0.746539
0.321373
-0.092349
-0.492920
-0.476329
-0.478519
-0.667972
-0.946252
-1.431172
-0.863259
0.408578
0.598921
-0.120781
0.425632
1.387596
1.529730
1.285835
1.537963
1.601346
0.858812
0.298178
-0.276373
-1.291931
-1.124046
-0.957146
-1.392394
-1.391635
-0.796327
0.660968
0.804019
0.671579
0.804973
0.729042
0.518356
0.295191
0.517107
0.748276
0.486741
-1.059836
-1.642304
-0.922871
-0.743047
-0.982196
-1.223888
-0.662043
-0.380759
-0.812115
-0.746323
0.277043
0.429582
0.143147
0.299899
0.631088
-0.636135
-0.618816
0.048149
0.070766
0.280144
-0.339077
-0.571703
-0.308861
-0.052194
-0.843370
-1.338979
-0.790843
-0.248946
-0.387473
-0.367730
-0.101810
-0.799574
-0.729024
-0.311950
-0.311636
0.151594
0.286359
-0.513575
-0.681415
-0.073691
0.100766
0.281933
0.040413
-0.232360
-0.341921
-0.986390
-0.693656
0.319034
0.723659
1.196015
0.673993
0.076024
-0.079425
-0.016153
0.540835
0.748654
0.193541
0.201956
0.600326
0.295544
-0.222395
-0.480677
-1.044083
-0.806279
0.091557
0.698499
0.637283
0.349842
0.448709
0.182698
-0.631713
-0.470299
-0.755430
-0.808039
-0.847655
-1.264651
-0.200483
0.113225
-0.272315
-1.535988
-3.676739
-7.133380
-10.656478
-6.594053
-2.040544
-0.171779
0.561162
0.725439
0.557928
0.166661
0.850038
1.670150
2.450266
1.933768
1.422542
2.224877
2.147583
2.517071
2.722659
2.897387
2.964855
2.510074
2.281234
2.051328
2.152301
1.923778
1.823663
0.745006
0.437867
0.749968
0.721608
0.373208
-0.485936
0.047177
0.441202
0.053055
-0.679870
0.260903
1.592063
1.553055
1.415779
0.460336
-0.835393
-0.363338
-0.051251
-0.404556
0.050893
0.124914
0.679059
1.207672
0.766475
-0.095702
-0.145726
0.196865
0.162715
0.417778
0.656351
0.584505
-2.673156
-2.952588
-1.146254
-0.804610
-0.239179
-0.458100
-0.965621
-1.126025
-1.280807
-0.564368
-0.098324
0.998014
1.401982
1.477701
1.775424
1.046584
0.359849
0.577561
0.279874
-0.363347
0.065552
0.344849
-0.056259
-0.329882
-0.111888
-0.105872
-0.532856
-1.265252
-0.846852
-0.086767
-0.195905
-0.176365
-0.402224
-0.232554
-1.184534
-1.605218
-1.144609
-1.000185
-0.889092
-1.096144
-1.029644
-0.582561
-0.236367
-0.043050
-0.485161
-0.016034
-1.189695
-0.543468
0.302501
0.454749
1.120406
1.207780
0.948054
0.848045
1.007351
1.123533
0.820264
0.277688
0.794654
1.111591
0.603763
0.347716
0.531065
0.625061
0.404674
-0.096154
-1.675835
-1.308399
-0.440700
-1.265712
-1.368059
-0.851196
-0.733019
-0.307108
-0.047346
0.267745
0.662134
-0.280534
-0.221670
0.152231
-0.533700
-0.956501
-1.075507
-0.458645
-0.068005
-0.320618
-0.544836
-0.376486
-0.333106
-0.609971
-0.167864
0.317450
1.044606
1.063955
-0.447909
-0.203785
0.595394
0.429111
0.565988
0.455003
-0.024000
-0.436092
-0.421932
-0.037069
-0.991274
-1.370244
-1.131555
-0.614035
-0.449190
-0.081140
0.535116
0.865531
0.753190
0.662263
0.828298
0.124067
0.184986
0.315407
0.067312
0.317978
0.233945
0.164387
0.541763
0.302312
-0.048113
-0.176760
-0.373621
-0.209948
1.015383
1.696953
1.201532
0.860438
0.247461
-0.039717
-1.086804
-1.130224
-0.038501
0.457130
0.288758
0.460501
1.007670
0.471623
-0.172504
-0.626254
-1.283572
-1.874202
-1.185404
-0.442818
-0.189815
0.287764
0.285227
0.455023
0.060746
-0.320685
-0.059071
-0.009377
0.016509
-0.756052
-1.395688
-0.709396
-0.341474
-0.256339
-0.104739
-0.169345
-0.219012
0.016455
-0.298165
-0.569741
-0.264866
0.842041
0.702913
0.674885
0.670515
1.037602
1.218631
-0.105815
-0.841445
-0.473788
-0.597214
-0.459044
-0.405058
0.296555
0.863956
1.256106
1.520203
1.000642
1.382470
2.140761
2.354346
1.832766
1.060152
0.274443
-0.217472
0.401770
0.683746
0.368771
-0.361730
-0.666792
-0.441777
-0.526943
-1.253657
-1.771548
-1.255391
-0.949677
-1.211852
-2.355243
-1.451749
0.114002
0.438154
0.305038
-0.761760
0.198298
0.833185
0.363577
-0.840176
-0.950173
0.367389
-0.073145
-0.498890
0.297802
0.578472
0.800447
1.208071
0.657730
0.115697
0.653550
0.168254
-0.731487
-1.113708
-0.488027
-0.359029
-0.675359
-0.137567
-0.234557
-0.696578
-0.303211
-0.695292
-0.403478
0.263369
0.961262
0.481253
-0.554712
-0.227614
0.256496
0.478936
0.746331
0.427287
-0.629597
-0.289655
0.570533
0.336178
0.531864
0.955683
1.249143
1.258214
0.895771
0.673650
-0.483278
-0.592290
0.094375
0.299209
0.906068
1.120737
0.390419
0.080096
0.279639
0.281543
0.277917
0.084285
0.455092
0.061321
-0.570419
0.166060
0.720994
0.902519
0.303091
-0.460500
0.566661
1.369094
0.978169
0.682730
0.033433
-0.075351
0.109506
-0.498999
-0.808290
-0.097202
-0.021762
-0.265558
0.209312
0.910254
0.677237
0.007210
-1.032582
-0.413696
0.255083
0.615188
0.763740
0.423981
0.564157
0.598837
0.586693
0.683366
0.000354
0.218785
0.746540
0.794205
0.773677
0.789168
0.594369
0.251843
0.190405
-0.031975
0.351477
0.588924
0.262504
-0.392853
-0.229649
-0.476649
-1.649042
-0.799412
-0.310106
-0.495575
-0.556275
-1.553666
-1.432211
-0.772870
-0.555781
0.047753
0.087995
-0.100333
-0.173766
-1.140818
-1.247687
-0.411320
-0.151797
0.092173
0.507128
0.301505
0.210343
-0.175223
-0.968786
-1.381768
-1.238977
-0.697277
0.336875
0.802998
0.794857
1.128000
1.484910
1.409053
1.290028
0.863715
-0.150986
0.323810
0.382747
-1.000385
-0.452182
-0.820777
-1.713008
-1.362407
-1.429609
-1.245161
-0.368028
-0.657168
-1.377644
-1.482916
-0.922810
-0.773851
-0.647883
-0.539241
-0.973369
-0.432303
0.254512
0.501227
0.450945
0.203541
-0.590475
-0.659137
-1.268403
-1.345867
-0.039390
0.848631
0.342381
-0.426391
-0.243259
0.026451
-0.013588
0.038376
-1.247281
-1.215256
-0.645855
-1.037497
-0.884636
-0.215665
0.303801
0.403564
0.425724
0.774323
1.035291
1.490801
1.537749
0.987180
0.739651
0.080308
-0.575946
-0.218936
0.181845
0.268175
-0.041614
-0.304558
-0.299920
-0.664013
-0.422516
-0.175607
-0.086010
0.107865
-0.063760
-0.103934
-1.104499
-2.280031
-1.619212
-1.395950
