-0.660122
-0.214164
-0.733488
-0.942719
-1.628441
-2.303345
-2.418702
-2.352779
-1.453200
-0.929683
0.388672
2.025143
1.882669
1.741194
1.718357
1.628696
1.851153
1.475551
1.289048
1.365414
1.511962
0.881377
0.220962
-0.252502
-0.601756
-0.794808
-0.974414
-1.269873
-0.344620
0.593741
1.319732
1.156385
1.372303
2.147324
1.716508
1.187462
0.687461
0.694475
0.371464
-0.185305
-1.091084
-1.465493
-0.865491
-0.447263
0.470571
0.322487
-0.644235
-0.273555
-0.178596
-0.125646
0.207903
0.145390
-0.024303
0.135535
0.769726
0.862620
0.462988
0.105242
0.978046
0.853064
0.232323
0.370991
0.217882
0.307658
0.431869
-0.119484
0.185526
0.900210
0.931648
0.946458
1.004761
0.662702
0.579212
0.141939
-0.713015
-1.295781
-0.682285
-1.286647
-1.535308
-1.299076
-1.556520
-1.083166
-0.208128
-0.195091
0.109350
0.739388
1.161225
1.433100
1.147637
0.596682
0.233834
-0.525939
-1.106170
-0.894982
-1.185572
-1.365868
-1.365365
-1.235662
-0.803288
-0.316025
-0.449419
-0.060559
0.389987
0.437929
0.280652
0.274428
0.845562
0.269089
0.229340
0.219045
0.441796
0.600810
0.404773
0.197263
-0.433516
-0.668746
-0.410972
-1.503937
-0.998150
-0.337435
-0.387774
-0.440549
0.120473
0.518358
0.790555
1.097261
0.854188
0.071217
0.335119
1.165920
1.306063
0.894178
0.930032
0.923527
0.713611
0.240965
0.141186
-0.310827
-0.522282
-0.376924
-0.078512
0.539835
0.879926
0.937306
0.479946
-0.451580
0.027497
0.149495
0.066580
0.263682
-0.340571
-1.091958
-0.585016
-0.523091
0.033622
1.068568
1.127916
1.041342
1.208397
0.964433
1.124189
0.636351
-0.691547
-0.120686
0.325760
-0.577299
0.028851
-0.465916
-0.305185
-0.243377
0.423186
0.860603
0.882352
1.028713
0.302868
0.008342
0.430623
0.557233
-0.088492
-0.596286
-0.071989
0.006496
-0.194569
-0.028115
-0.091036
0.235842
-0.049473
-0.697393
-0.873816
-0.010845
-0.114986
-0.923794
-0.441914
0.200031
0.097701
-0.361058
-0.173969
-0.377566
-0.970743
-1.022521
-0.237079
-0.020840
0.415550
0.366519
-0.076568
-0.097297
-0.146280
-1.232767
-1.137318
-0.427875
-0.681065
-0.856454
-0.514009
0.434410
0.277034
-0.452844
-0.368725
-0.584829
-0.800474
-1.049886
-0.823604
-0.316637
-0.527613
-0.639780
-0.486946
0.147306
-0.495037
-0.286090
-0.123790
-0.742442
-0.476946
-0.601472
-0.821583
-0.779718
0.000984
-0.499456
-0.871411
-0.482529
-0.295271
0.045093
-0.560244
-0.768045
-0.091200
0.713072
0.750388
0.340327
0.877139
0.563145
0.038455
-0.282491
-0.916750
-0.487323
-0.343224
-0.405929
-0.504896
-1.264401
-0.817626
-0.393774
-0.664207
-0.794767
-0.654722
0.049665
0.440879
0.749048
0.693869
0.310150
0.248896
0.048731
-0.173632
0.576380
0.566412
0.422329
0.589836
0.526290
0.804834
0.924356
0.892315
0.533089
0.420506
0.336612
0.114882
0.357317
0.731657
0.827174
1.070413
0.811857
1.137501
1.458474
1.458519
1.049178
0.918370
0.973716
0.403553
0.569540
-0.062970
0.424729
0.689508
-0.006628
-0.195208
-0.113244
0.184277
0.127025
-0.451664
-0.174623
0.909720
0.673387
1.083881
1.222071
0.573633
0.511650
-0.119453
-0.187273
-0.395717
-0.297773
-0.436879
-0.750852
-0.828153
-0.640186
-0.493910
0.333157
-0.008091
-0.386511
-0.290342
-0.682140
-0.661000
-0.397281
-1.378988
-2.122913
-1.467272
-1.114562
-1.155983
-1.113110
-1.027870
-1.130783
-1.444111
-0.394221
0.830585
1.006263
1.150843
1.083260
0.603319
0.288930
-0.496804
-0.642863
-0.599245
-0.395788
-1.327799
-1.165964
-0.143953
-0.289883
0.045349
-0.289126
-0.414642
0.301301
0.510342
0.386613
0.765033
0.842561
0.515653
0.049253
0.550144
0.286462
-0.144980
0.043248
0.203069
0.455158
0.115389
0.157420
0.600410
0.918657
0.583061
0.178445
0.428125
-0.161071
-0.515382
-0.377280
0.051358
-0.618613
-0.903889
-0.479082
-0.346604
-0.004329
-0.184834
-0.930592
-0.096259
0.578703
-0.014884
-0.120095
0.026017
0.143934
0.086053
-0.235640
0.104691
0.270382
-0.250320
-0.418025
-1.198619
-1.223634
-0.706606
-0.863036
-0.595769
0.066117
-0.266924
0.248122
0.673151
0.981017
0.621471
0.864734
1.182509
0.831074
0.147483
-0.174716
-0.529606
-0.332335
-0.900014
-1.038770
0.200136
1.089786
0.762926
0.630666
0.917622
0.862384
0.673876
0.897136
0.973559
1.673714
1.216834
0.868512
0.691126
0.191698
0.193082
0.365158
0.190610
0.865593
1.750719
1.582608
1.149809
0.774858
0.188954
-0.154899
-0.978333
-0.734032
-0.559069
-1.318342
-1.193207
-1.117752
-1.613893
-0.933289
-0.690705
-0.699522
-0.343558
-1.038361
-1.370863
-0.992858
-0.907622
-0.106974
0.514229
-0.207122
-0.645331
-0.269915
-0.285449
-0.746341
-1.233515
-1.179558
-0.647838
-0.342107
-0.397919
-0.139223
0.064031
0.738372
1.129727
1.371918
1.535379
0.677484
0.398486
-0.074416
-0.164932
0.102003
-0.005931
0.099948
-0.080381
-0.517076
-0.208513
-0.618760
-0.078509
0.293904
-0.932791
-0.488165
0.173337
0.089553
-0.149293
-0.610271
-0.624382
0.233038
0.900540
0.624021
1.281061
1.713360
1.268170
0.752695
0.695511
0.679480
-0.094153
0.524278
1.685779
0.629100
0.072214
0.659520
0.318699
-0.160565
-0.383704
0.012776
-0.071132
0.039754
0.334880
0.528336
0.138650
-0.261013
0.160371
-0.399969
-0.526236
-0.569142
-0.493099
-0.021440
-0.341742
-0.466033
-0.655657
-0.838376
0.284421
0.661074
0.070840
-0.468476
-0.364926
-0.268193
-0.650207
-0.531611
0.094494
-0.051893
-0.009937
-0.126583
0.047968
-0.275701
-0.332414
-0.450662
-0.562588
-0.353353
-0.168080
-0.201948
-0.174121
-0.062082
-0.192035
0.108308
0.519595
0.653816
0.146192
0.494690
0.556872
0.631297
0.343781
0.197640
0.969480
0.844854
0.291425
0.424788
0.325609
0.099482
0.075998
0.776483
0.593911
0.065467
0.272871
0.166801
0.152107
0.469602
0.608521
0.795645
0.521745
0.467183
0.198297
0.038301
-0.908661
-1.568422
-0.952103
-0.847328
-0.630687
0.125791
-0.337960
-0.277379
-0.858058
-0.951616
-0.764941
-1.009871
-0.515151
-0.362237
-0.682969
-1.195084
-1.034770
-1.181159
-0.707942
-0.254133
0.109245
0.707711
0.908855
0.506230
-0.126301
-0.119640
0.361190
-0.187829
-0.687989
-1.243062
-1.596795
-1.770919
-1.664596
-0.140490
0.881458
0.684642
0.420226
0.552443
0.767386
0.900489
1.311573
1.735377
1.534452
0.845812
0.547310
0.457385
0.187327
0.879655
0.950477
-0.525573
-0.442732
-0.575509
-1.453428
-1.964183
-2.236585
-2.530106
-1.667695
-0.117658
0.909623
0.840072
1.270722
1.491029
1.657805
1.761279
1.582304
1.110611
0.791719
-0.641411
-1.448361
-1.094863
-0.664568
-0.914858
-1.060741
-1.507034
-1.810268
-1.233776
-0.594792
-0.120293
0.728664
0.719791
0.741256
0.442982
0.493580
0.877941
0.190080
-0.275531
-0.588475
-1.132207
-1.781270
-1.500741
-1.282046
-1.523324
-1.353875
-0.857288
-0.911827
-1.183177
-1.148448
-1.235212
-1.259022
-0.913851
0.142011
0.057013
-0.248905
0.985313
1.927378
1.796688
1.875496
1.884584
1.209697
0.981522
0.731571
0.364274
0.457274
0.590171
0.477738
0.560050
0.244754
0.076723
0.150977
0.641907
0.450504
0.311227
0.584444
1.302641
1.200665
0.610880
-0.209213
-0.346717
-0.130713
-1.009235
-0.751664
0.181843
0.165605
-0.156863
-0.038868
0.815083
0.745927
0.232398
0.356454
-0.271360
0.151996
0.299444
0.535099
0.228212
-0.188309
-0.026722
-0.268930
0.295523
0.847639
0.098983
-0.501294
-0.193518
-0.528587
-0.097214
0.091258
-0.333270
-0.723234
-0.090041
0.328333
-0.199260
-0.609726
-0.608342
-0.447118
-0.145137
0.024989
-0.504157
-0.405068
-0.407071
-0.295694
0.052940
0.714371
0.644451
0.136427
-0.175487
-0.384452
-0.454753
0.588641
1.675432
1.793992
1.062629
0.193176
0.312166
-0.232170
0.393354
0.579586
0.173842
-0.092551
-0.189492
0.226057
0.022331
-0.345301
-0.227005
-0.298191
-1.313803
-1.038998
-1.148088
-1.160723
-0.936150
-0.907318
-1.137324
-1.075447
-0.700762
-0.615203
-1.665674
-1.662029
-1.250857
-1.263155
-0.810995
-0.117134
0.298225
-0.233953
0.123348
0.862353
0.715146
0.729624
0.747224
0.664350
0.909405
0.567717
0.854838
1.675586
1.104328
0.688161
0.742053
1.119464
1.003488
0.093680
0.938724
0.766733
0.432758
0.264104
0.165281
0.604190
-0.131562
0.910993
1.642347
1.550901
1.858810
1.456131
1.282490
0.743214
0.303795
0.765534
0.649269
-0.037833
-0.112811
-0.313675
-0.690285
-1.085798
-1.572240
-1.917428
-1.602444
-1.665666
-1.328089
-0.480812
0.151979
0.583358
1.049121
1.418436
1.231134
0.904606
0.822445
0.489927
0.490672
0.307338
-0.703763
-0.858431
-1.499630
-2.162782
-2.949729
-3.866338
-3.215266
-1.689417
0.362885
1.145576
1.797915
2.317301
1.151966
1.414730
1.512686
0.756097
0.959177
0.484576
-0.177322
-0.022101
-0.514168
-1.038977
-1.889609
-2.747502
-2.538660
-2.260237
-2.141736
-2.257161
-2.050468
-1.265154
-0.702548
-0.684936
-0.354246
0.571757
0.687492
0.390045
1.001686
1.094736
1.373763
1.319867
0.354864
-0.135996
-0.537471
-0.654660
-0.744292
-1.313320
-1.170843
-0.418568
0.806462
2.271070
2.730882
2.769738
2.670696
2.683736
1.957619
1.895943
2.104161
1.992718
2.253807
2.031268
1.333592
1.132039
1.211220
0.822437
-0.335041
-0.502487
-0.639620
-1.021623
-1.646771
-2.723816
-2.294982
-2.101750
-2.111211
-1.047137
-0.505159
-0.405054
0.736687
0.889593
0.548799
1.283553
0.866267
-0.073024
-0.147648
-0.226774
-0.700088
-0.684122
-0.871554
-1.811710
-2.916283
-3.627591
-2.739504
-1.650116
-0.487176
0.680115
0.761814
0.416925
0.618400
0.875268
0.719841
0.093405
0.262608
0.333848
0.131621
-0.321433
-0.437510
0.015941
-0.395868
-1.613236
-1.154302
-2.088882
-2.688578
-1.958817
-1.267470
-0.789881
-0.351051
0.210491
1.140633
1.623426
2.926666
3.719725
3.796820
3.103492
2.829298
2.543602
2.534041
2.546166
2.309718
1.668733
0.707833
-0.241905
-0.743985
-1.098836
-0.699480
-0.531424
-0.100396
-0.080506
0.488716
1.259599
2.218140
2.663792
2.162354
2.293372
2.056027
1.494366
1.056570
0.597416
0.077242
-0.398984
-0.597796
-1.326260
-2.092046
-2.943311
-2.998736
-2.504180
-1.758206
-0.832129
-0.321173
0.344114
0.816115
0.718668
0.620191
0.597285
0.779008
1.154341
0.674242
0.290684
-0.229641
-1.056038
-1.346153
-1.635610
-2.116884
-2.281911
-1.949538
-1.826907
-2.182485
-2.592520
-1.956925
-1.589022
-1.072328
