-0.629936
-1.189139
-2.117482
-2.603582
-2.276808
-1.939520
-0.918204
-0.429375
-0.123925
0.525184
0.528366
0.273342
-0.006412
-0.143552
-0.024044
0.030687
-0.320252
-0.967620
-1.290083
-1.215968
-1.073970
-0.127163
0.507441
0.756693
0.984706
1.080858
1.473320
1.611879
0.809043
-0.264347
-1.118665
-1.560355
-1.634313
-1.307988
-0.734046
-0.255382
0.251421
0.399871
0.653316
0.680186
0.652016
0.997318
0.870697
0.284610
-0.242095
-0.385642
-0.189616
-0.113569
-0.163164
-0.395120
-0.355075
-0.132393
-0.580164
-0.850158
-1.085253
-0.711916
0.033832
0.961831
1.524616
1.261811
1.085018
0.652861
0.221165
0.024900
-0.279611
-0.530783
-0.660054
-0.817123
-0.928293
-0.489002
-0.149199
0.085791
0.146504
0.005904
0.168652
0.453591
0.764976
1.170655
1.637822
1.441896
1.617231
1.934451
1.791177
1.237265
0.540878
-0.123163
-0.564076
-0.583821
-0.718907
-1.111350
-1.179790
-1.208073
-1.628881
-1.565809
-1.422561
-0.889126
-0.180426
0.086933
0.222784
0.128553
-0.142399
-0.332034
-1.028399
-1.548587
-0.992748
-0.715520
-0.728424
-0.154131
0.373917
0.930502
0.721505
0.592360
0.827261
0.909388
1.431080
1.769622
1.877809
1.668276
1.308740
0.957643
0.200632
-0.983665
-1.997887
-2.320433
-2.056533
-1.759224
-1.428329
-1.195780
-1.081609
-0.559555
-0.423705
-0.539680
-0.221638
-0.086311
-0.431439
-0.464683
-0.986325
-0.574634
-0.354678
-0.921988
-1.057646
-1.308100
-1.403379
-1.489343
-1.082874
-0.144494
0.886468
1.429648
2.057530
2.106977
2.229327
2.492507
2.275721
2.194163
1.600615
0.762496
0.536750
-0.113736
-0.518378
-0.613223
-0.883296
-0.931252
-0.518753
-0.390313
-0.099182
0.441846
0.604490
0.549819
0.422335
0.623894
0.420178
-0.005661
0.298705
0.582229
0.445192
0.159691
-0.139177
0.266828
0.774030
0.990008
1.356595
1.574320
1.237771
1.115841
0.913203
0.380217
0.245280
0.325434
0.012772
-0.283837
0.040142
0.247600
0.289795
0.770425
1.096159
1.359673
1.116110
0.635461
0.343749
0.010268
-0.503136
-0.576812
-0.720359
-0.909526
-0.489186
-0.084357
0.151445
0.089748
-0.101026
-0.121528
-0.650238
-1.103541
-0.913231
-1.127005
-1.279559
-1.137215
-1.197322
-0.840231
-0.057778
0.408638
0.628011
0.127959
-0.359842
-0.468573
-0.745341
-0.838747
-0.611540
-0.267365
-0.393327
-0.426444
-0.452372
-0.431441
-0.219879
-0.320948
-0.130717
0.092386
-0.409817
-1.307639
-1.551053
-1.646038
-1.666262
-1.159475
-0.645025
0.276307
1.162348
1.472944
1.710046
1.688993
1.322024
1.152558
0.679364
0.104133
-0.464393
-0.950096
-1.046031
-1.074069
-1.490823
-1.221603
-0.633896
-0.335521
-0.624701
-0.366817
0.012409
0.169476
0.116000
0.310606
0.392871
0.482132
0.549857
0.002102
-0.715758
-0.430506
-0.551407
-0.613006
-0.059722
0.339427
1.016563
1.234938
1.267432
1.611031
1.821030
1.914407
1.569055
1.236722
0.905929
0.230364
-0.162168
-0.275964
-0.559211
-0.389429
0.050335
0.528905
0.542792
0.278759
0.373853
0.704964
0.536695
0.428469
0.528942
0.750040
0.613518
0.274737
-0.002945
-0.159313
-0.241340
-0.470431
-0.214145
-0.505124
-0.850404
-0.768843
-0.530753
0.253356
0.192932
-0.137045
-0.271889
-0.576241
-0.792818
-0.468966
-0.468817
-0.658576
-0.706093
-0.647998
-1.262982
-1.784423
-1.480635
-1.083361
-0.618565
0.360012
0.853992
0.487586
0.589050
0.630729
0.571648
0.330244
0.026531
-0.513827
-0.884585
-1.139224
-1.140690
-0.922956
-1.104916
-1.126397
-0.471622
-0.471561
-0.429280
0.192864
0.847488
1.004364
0.578627
0.578812
0.903773
0.862836
0.741166
0.585318
0.363019
0.384726
0.043341
-0.306441
-1.048251
-1.358715
-1.439752
-1.270420
-0.555513
0.476810
1.339950
1.867590
2.529775
2.570459
2.291724
1.608677
1.141725
0.466215
-0.424888
-0.429452
0.076933
0.352449
0.484673
0.543445
0.550185
0.537056
0.382194
0.147405
0.114070
-0.183909
-0.508285
-0.420560
-0.429394
-0.106456
-0.248110
-0.983661
-1.606333
-1.776524
-1.871555
-1.710942
-1.082545
-0.961822
-0.868649
-0.326327
0.174861
0.448145
0.707205
1.065491
0.884358
0.392124
0.095919
0.535989
0.895678
-0.143317
-0.685147
-0.600924
-0.130367
0.265517
0.488080
0.396017
0.695586
1.269291
0.770527
0.074854
-0.100345
0.054722
0.332885
0.704274
0.663187
0.454671
0.387120
-0.492239
-1.643344
-1.556059
-0.878155
-0.512429
-0.086155
0.080639
-0.088561
-0.284108
0.290615
0.552590
0.557972
0.194499
-0.090160
-0.423483
-0.796754
-0.843223
-0.673621
-0.418134
-0.438477
-0.648618
-0.846264
-0.894733
-1.084516
-1.376338
-1.456216
-1.138230
-0.610683
0.180668
0.263280
0.331186
0.225145
0.375749
0.375901
0.456521
-0.125099
-0.288579
0.089014
0.566250
0.798390
0.528189
0.474091
0.724859
1.063531
1.150641
1.105070
0.773264
0.365163
-0.466474
-1.303458
-1.761900
-1.849554
-0.882662
0.287485
1.664923
2.623279
3.616325
3.490527
3.376170
2.908353
2.136211
1.655284
1.378076
1.169484
0.521703
0.006886
-0.864902
-1.586731
-1.463823
-1.100092
-0.943205
-0.589586
-0.028888
0.531056
0.597955
0.542514
0.243694
0.485255
0.376531
0.227665
0.478141
0.079961
-0.908764
-1.239215
-0.712265
-0.786922
-0.685866
-0.483913
-0.376440
0.051303
-0.186103
-0.138914
0.181863
-0.117815
-0.094494
0.066383
-0.400113
-0.609676
-1.002353
-1.029594
-1.008359
-1.475468
-2.219161
-2.122253
-1.898756
-0.912873
-0.019228
0.222780
0.316549
0.512820
0.344492
-0.323367
-0.748561
-0.849528
-0.820955
-1.076681
-1.532068
-1.728697
-2.126544
-1.810179
-1.324062
-0.577890
-0.185800
0.124457
0.516359
0.815308
0.681514
0.371997
0.360461
0.576592
0.631133
0.408123
-0.086297
-0.506648
-0.789970
-0.466686
-0.020928
0.434100
0.563376
1.317090
2.089376
2.208257
1.754140
1.435526
1.348195
0.841043
0.596581
0.440680
-0.243037
-1.241577
-1.768367
-1.750497
-0.953600
0.060535
0.896943
1.537132
1.888968
2.203171
2.021506
2.089834
1.831576
1.098788
0.307644
-0.396873
-0.487579
-0.873173
-1.110613
-0.914327
-1.049388
-1.360292
-1.290151
-0.426539
-0.143523
0.031933
-0.094757
-0.025788
-0.153869
-0.383822
-0.490824
-0.679036
-0.814224
-0.914692
-0.880324
-0.373659
-0.061885
0.303387
0.842925
0.945931
0.865274
1.006053
1.098558
0.983888
0.687119
0.470542
0.174641
-0.135089
-0.007517
0.080961
0.121648
0.398857
0.311693
0.474825
1.004306
1.214602
1.200198
0.997212
0.868503
1.008955
0.797109
0.816461
0.815224
0.376362
-0.245739
-0.524711
-0.592128
-0.741239
-0.952558
-1.215870
-1.115599
-1.572391
-1.746298
-1.063919
-0.611798
-0.402538
-0.343132
-0.492616
-0.310287
0.114856
-0.034479
-0.470052
-0.902734
-1.416462
-0.814857
-0.983412
-1.417007
-0.971221
-0.835392
-0.928018
-1.121984
-0.938915
-1.106977
-1.268702
-1.087556
-0.583586
-0.170009
-0.241305
0.091376
1.105515
1.445213
1.533960
1.837504
1.871154
1.362115
0.489288
-0.309311
-0.277316
-0.359710
-0.939529
-1.159561
-1.096158
-1.222961
-1.004894
-0.854440
-0.517115
0.111552
0.577469
1.212926
1.728010
1.856821
1.464558
1.119419
0.672149
0.367613
-0.268610
-0.925866
-1.394694
-1.388059
-1.548133
-0.851927
0.040700
0.743766
1.223532
1.798451
1.441330
1.156291
1.689275
1.885939
1.870198
1.415975
0.963782
0.516781
0.166454
-0.472988
-0.777653
-0.678006
-0.692550
-0.549626
-0.321192
-0.477031
-0.314225
0.125698
0.315843
0.438069
0.548347
0.105910
-0.617620
-1.310770
-1.210641
-0.934127
-1.034709
-0.879663
-0.549469
-0.360612
-0.379975
0.241724
0.552059
1.261605
1.842756
2.277216
2.300456
1.929168
1.033737
0.323574
0.148260
-0.080368
-0.572335
-1.065045
-0.990935
-0.443441
-0.362713
-0.430859
-0.269261
-0.348883
-0.092371
0.331819
0.763786
0.879140
0.634757
0.249616
-0.278071
-0.813025
-1.637828
-1.306871
-1.045685
-1.101532
-0.749681
-0.493376
-0.137450
0.577766
1.127469
1.729828
1.717581
1.793687
1.821606
1.598648
1.233782
1.172085
1.538191
1.653066
1.090035
0.780428
0.485214
0.215313
-0.811795
-1.683952
-1.916533
-1.570181
-0.995450
-0.713229
-0.982482
-1.107007
-1.187371
-0.949825
-0.714500
-0.152895
0.076140
-0.335978
-0.881029
-1.395353
-1.454411
-0.858654
-0.040873
0.211710
0.186625
0.287815
0.407616
0.453466
0.312361
-0.684139
-1.231589
-1.089166
-1.036165
-0.879452
-0.703184
-0.871520
-1.394298
-1.111974
-0.664412
-0.352165
0.114930
0.467169
0.839040
1.040534
1.223660
1.460392
1.833976
1.997663
1.794733
1.697105
1.101943
0.723852
0.717085
0.460361
-0.031486
-0.354703
-0.104646
0.807204
1.334728
1.477096
1.157735
1.310744
1.160829
0.822523
0.888003
1.116727
1.644505
1.850781
1.913282
1.211585
0.553870
0.336365
-0.151676
-0.997986
-1.168193
-1.356572
-1.381710
-0.901607
-0.795087
-0.870139
-0.011465
0.503045
0.560881
0.302849
0.321126
0.523525
0.368512
0.483411
0.229878
-0.561253
-0.933140
-1.379286
-1.645488
-1.608215
-1.418801
-0.598403
-0.320157
-0.860342
-0.770237
-1.066304
-1.260149
-1.629004
-2.388084
-2.352396
-2.041072
-1.703026
-1.121474
-0.558443
-0.395783
0.083498
0.511733
0.532536
-0.137964
-0.517348
-0.504650
-0.783628
-1.126748
-1.491459
-1.599370
-1.204754
-0.995510
-1.246933
-1.442251
-1.082178
-0.892512
-0.598100
-0.477131
-0.326784
0.294429
1.104796
1.902179
2.742867
2.505184
2.071094
1.686174
1.361632
0.608816
0.015861
-0.402494
-0.591202
-0.870460
-1.274945
-1.052321
-0.133164
0.781633
1.455901
1.329798
1.148047
0.803251
0.440747
0.317873
0.328908
0.535033
0.954086
0.810865
0.748430
0.272465
0.042838
0.150199
-0.142110
-0.041142
0.264521
0.050288
-0.429026
-0.159988
0.010787
-0.541153
-0.940358
-0.987339
-1.108973
-1.165092
-0.896471
-0.897338
-0.793783
0.235781
1.086083
1.063855
0.407427
0.167208
-0.127606
-0.491948
-0.275482
0.043918
0.061387
0.209393
-0.083149
0.353495
0.832472
0.919351
1.262677
1.191900
1.130094
1.211139
1.314896
1.194527
0.904141
0.923419
0.342056
-0.185470
-0.531103
-0.948991
-1.151760
-1.449617
-1.538133
-1.232671
-1.090502
-0.969002
-0.340085
0.331408
0.705255
1.415515
1.381447
1.264417
1.352452
1.265246
1.421754
1.752890
1.398336
0.626807
-0.048786
-0.284892
-0.521997
-0.969121
-1.501190
-1.845582
-1.744391
-1.124697
-0.212645
0.544417
0.971268
1.398978
1.215711
1.197415
0.952936
0.080325
0.018962
0.329670
0.804174
0.594269
-0.604592
