-2.606207
-2.164440
-0.374590
0.877657
0.566310
0.295317
-0.784887
-1.073037
0.139235
-0.411143
-0.648765
0.389292
0.994778
1.179547
0.038627
-0.157684
1.015136
0.326278
-0.052204
0.082236
0.791259
0.696285
0.628574
0.376702
-0.083688
-0.439136
-0.057743
0.323420
-0.803045
-1.278936
-0.402732
0.701552
0.838925
0.119384
-0.769861
-0.504925
-0.022792
0.468382
0.068995
0.151372
0.792864
0.204862
0.179637
0.971344
1.291829
0.371666
0.270569
0.318238
0.840100
1.551500
1.203495
0.785458
2.125888
1.924499
0.386667
0.702025
0.501865
-0.356124
0.138287
0.073926
1.370737
1.466098
1.168426
0.668826
1.907169
2.213614
2.106208
0.823469
-0.816735
-0.439681
-1.032450
-2.066442
-1.978036
-1.453048
-0.378102
-0.058994
-1.389411
-1.132250
-0.330792
-1.419126
-0.665266
0.128730
-0.632488
-0.456180
0.120303
0.495495
-0.685838
-0.543058
0.379960
0.181607
0.763468
0.487314
-0.669627
-0.200171
0.588053
-0.346463
-2.138609
-1.754523
-1.641262
-0.103704
0.835736
0.245001
0.298722
0.532887
0.385808
0.508530
0.246756
0.042034
-1.496336
-1.000056
-0.350519
-1.073457
-1.183122
-1.348011
-1.202786
-1.418686
-0.716135
1.684566
2.811588
1.021122
-0.598842
-0.048618
0.859076
-0.209073
-0.636534
0.236897
0.360697
-0.236114
-0.220305
0.480525
0.670451
1.012520
0.041255
-0.852924
-0.428383
-0.325883
-0.638105
-0.503903
-0.644147
-1.042445
-1.399699
-1.074244
1.097203
2.026412
0.506799
-0.844779
-1.376808
-0.961233
-0.049513
1.058689
0.439305
-0.800916
-0.744160
0.197152
0.577962
1.450962
0.913829
0.673415
0.445329
0.795991
0.864504
0.347590
-0.507323
-0.162087
0.123011
0.178346
0.307207
0.028582
-0.509599
-0.981686
-1.452696
-0.227964
-0.874567
-0.602935
0.289780
0.623768
0.051602
0.016373
-0.164302
0.590500
0.722424
-0.506003
-1.407400
-1.164913
-0.159948
0.214508
-0.293169
-0.525747
0.282607
0.436555
0.685220
0.485637
0.194604
0.081956
-0.482747
0.140237
0.036340
0.209279
1.821153
1.749512
1.593123
1.766517
1.088743
1.141947
1.140286
-0.130359
-0.630585
0.051941
-0.361632
-0.267885
1.034220
0.648928
0.135959
1.544425
2.258358
1.979236
1.384593
0.889905
-0.189879
-0.160519
-0.684091
-1.824272
-1.697359
-1.655767
-2.529415
-2.369979
-1.778414
-0.671923
-0.184071
-0.924583
-1.743540
-1.342066
-1.328687
-0.832724
-1.026528
-1.939270
-1.844618
-0.671704
-0.449308
-1.053629
-0.396334
0.162588
-0.002569
0.242640
0.988530
0.357219
-0.845165
-0.531675
1.143301
1.116964
1.400334
1.213496
1.749653
1.686399
0.967106
0.072312
-0.722445
0.090248
1.199227
0.277220
-0.200797
1.214633
1.728969
1.183683
-0.281139
-0.430621
0.297750
0.874120
0.176688
0.025228
-0.940566
-2.255400
-1.524178
0.759614
1.164134
1.125267
0.042979
0.136427
0.266504
-0.570578
-1.268204
-1.195714
0.328144
0.141311
0.658135
0.842252
-0.550796
-0.724575
-0.630569
-0.356071
-1.538111
-2.068363
-2.288156
-1.523835
1.443135
3.069280
3.048716
1.238690
0.281708
1.104818
1.392502
1.271637
1.114035
-0.293179
-0.684057
-0.916910
-0.424590
0.772248
0.615132
0.907786
0.493560
0.166025
0.381305
0.677970
0.853318
0.908504
1.534769
0.391125
-0.178955
-0.514582
-0.263554
1.407103
1.995513
0.211873
-0.743839
0.200596
0.532441
-0.127023
-0.246216
-0.905999
-1.014332
-1.062790
-0.792171
-1.339504
-2.039523
-1.885219
-0.965691
-0.151535
-0.701391
-0.808895
0.797682
0.060345
-0.497439
-1.448549
-1.207598
-0.680135
-0.533734
-0.422435
-0.612013
-0.832125
-0.661007
-0.680689
0.158482
-0.318214
-1.466626
0.093725
0.052654
-1.099076
-0.227889
0.408852
0.453737
-0.635029
-1.286405
-1.861196
-1.553126
-0.215942
0.050312
-0.851183
-0.392051
0.313032
-0.514307
-1.177482
-0.744525
-0.998203
0.338651
0.578780
0.310830
0.902405
1.046597
0.530969
1.447007
1.859570
1.707813
0.534060
1.202370
0.407653
-0.184340
-1.296833
-0.782861
0.711634
1.672613
1.540243
0.580918
-0.598850
-0.457188
0.278903
-1.189372
-2.387921
-0.589176
0.447279
1.205021
1.610106
1.660347
0.938305
-0.104097
-0.305694
-0.330850
-0.005483
1.441300
1.897389
-0.108851
-0.040032
2.234496
2.613678
3.070334
1.967807
0.901730
-0.206879
-0.404975
-0.166998
-0.984161
-0.602299
-0.849538
-1.118851
0.572195
0.115820
-0.148879
0.968936
0.948399
1.183308
0.573798
-0.114232
-0.766452
-1.611657
-0.768142
-0.144298
0.387939
1.551053
1.089409
0.235394
0.380562
0.055812
-0.557455
1.211137
2.797174
2.280814
1.525482
1.746130
2.946952
2.823906
1.053813
-0.044190
0.790728
1.281435
-0.631520
-1.237918
-0.740554
-1.065844
-1.836084
-1.673748
-0.325547
0.055039
-0.515435
-0.043291
0.038113
-0.715207
-0.859508
-0.536316
-1.550031
-1.829379
-2.188378
-1.994107
-1.635466
-1.787369
-0.689531
-1.666722
-1.020737
0.333475
0.987983
1.267038
-0.316694
-1.410274
-0.566747
-0.500358
-1.642817
-1.156618
-0.502366
0.242158
1.021585
1.898458
0.215218
-1.020056
-0.254521
1.445286
2.160460
1.023975
0.116702
0.213978
0.426586
-1.170435
-0.566455
0.675710
0.494823
1.737567
1.348243
0.177391
-1.241661
-0.809239
-0.617231
-0.749468
-0.368908
-0.913184
-0.574670
-0.524745
-1.623389
-1.014920
-1.436063
-1.044714
-0.400640
-0.067665
-1.019573
-1.343761
0.045048
0.944007
1.616535
1.218581
1.606907
2.364345
1.541325
0.798384
0.812845
0.087640
-0.642437
-0.162932
-0.050171
1.344475
0.912510
0.720537
-0.160950
-1.867946
-1.127226
-0.339919
-1.032689
-1.325095
-1.579808
-1.181628
-1.257282
-1.708217
-1.111574
-0.381573
-0.737704
-0.405289
0.219500
1.000248
0.298892
-0.203724
-0.311400
0.130513
0.011515
0.580560
0.104386
0.142626
0.204964
0.254397
-0.439311
0.030807
0.651049
0.597653
-0.268106
0.001103
0.765398
1.561748
1.335324
0.663657
0.577317
0.194572
-0.201548
-0.006249
0.258527
1.678080
1.789530
1.355694
0.777365
-1.189003
-0.753495
-1.204415
-0.024059
1.370663
0.215228
-0.886437
-2.325777
-2.227735
-0.730226
-0.775412
-1.372725
-1.094799
-0.216909
-0.564964
-0.610613
0.662622
1.383545
-0.424961
-1.446613
0.157409
1.414747
0.145715
-1.754840
-1.499179
0.033814
-0.089839
-0.723900
0.108735
0.492376
-0.228887
-0.357261
0.118030
0.481496
1.196596
0.645283
-0.176419
-0.270974
0.414364
2.190638
2.882050
2.476770
0.981184
0.639497
0.533712
-0.293953
-0.463217
0.204259
2.058947
2.131924
0.501750
0.197865
1.051081
2.072304
1.562030
-0.034084
-1.263739
-1.079866
-1.018145
-0.677553
-1.332649
-1.234764
-0.602398
-0.538024
-0.178318
-0.574061
-1.121463
-0.705351
0.500849
-0.305951
-0.852198
-0.472014
-1.506378
-1.873841
-0.631999
-1.372624
-1.122204
0.033073
0.269387
-0.494662
0.345851
0.691660
-0.895957
-1.047607
0.054785
0.791506
0.630433
0.324591
0.356772
0.048027
-0.658694
-0.233960
1.144008
1.592660
1.516819
1.298869
1.771186
1.218366
0.482282
0.669617
0.015789
-0.780717
-1.875402
-1.503751
-0.544215
-1.087629
0.389663
1.283466
0.729245
-0.058055
0.289485
0.245009
-0.294000
-0.491751
-0.122971
0.105522
-0.255182
-0.232963
-0.403384
0.032608
-0.032444
-0.267487
0.517851
0.703149
-0.350991
-0.634759
0.049465
0.665045
0.326337
0.302621
-0.181607
0.007348
0.623264
0.688281
1.331785
0.790469
0.302245
-0.614352
-1.472694
-0.396707
0.436236
0.155721
-1.002013
-0.763954
0.987764
0.632101
-0.231707
-0.504920
-0.598568
-0.698569
-0.972146
-1.099121
-0.747493
-2.167785
-1.862035
-0.256715
-0.154890
0.315266
0.170632
0.099813
-0.802189
-1.254108
-0.832579
-0.623382
0.427991
0.042678
0.383122
0.895370
-0.389098
-0.929244
-0.257327
0.857529
0.967808
0.631036
-0.001802
-0.229504
-0.933969
-0.759097
0.620803
0.707782
0.106111
0.108539
0.499864
0.180538
-0.955631
-1.153678
-0.745590
-0.561508
0.030400
0.916556
2.435546
2.037659
0.264486
-1.137976
-1.372224
-0.947634
0.382100
0.485805
-0.074177
0.094977
-0.033267
0.294541
-0.772668
-0.739283
0.158987
0.322824
0.694438
0.772413
0.436417
0.651186
0.557063
0.111906
-0.927840
-1.949087
-0.859122
0.747937
-0.483655
-1.328142
-0.804146
0.019023
0.826426
1.292360
0.977635
1.103862
0.131352
-0.560336
0.865143
1.510624
0.652123
0.471812
-0.334880
-0.479304
-0.019130
-0.099616
-0.787600
-0.595021
0.328863
-0.160435
-0.628236
-1.183984
0.400350
1.957436
2.045524
1.253210
0.610529
0.109846
0.668573
-0.851989
-1.727405
-1.012436
-1.107001
0.100771
0.883787
0.056364
-0.238691
0.266799
0.420631
1.067986
0.485961
0.428404
-1.060538
-1.644209
-1.276725
-1.411678
-0.548789
-0.531060
-0.273121
1.218316
1.427719
0.894741
0.510806
1.042389
0.375622
-0.452959
-1.557271
-1.674653
0.231571
1.412160
1.421456
1.127229
0.228338
-0.581374
0.134924
1.842211
1.239649
-0.412014
0.604393
-0.337725
-1.639449
0.344768
-0.670952
-2.145748
0.153176
0.988598
0.664966
0.475330
-0.024015
-0.998021
-1.362351
-0.861987
-0.711012
-0.295467
0.737202
0.397231
-0.244607
-1.408840
-0.826031
0.393624
0.134240
0.119596
1.104477
0.169909
-0.160377
0.362120
-0.316271
-0.875922
-0.484762
0.040474
0.354981
-0.679885
-0.512463
0.141387
1.150216
0.741035
-0.659281
-1.208842
-0.233749
-0.604374
-1.333766
-0.728424
-0.312497
-0.107136
0.521777
1.108905
0.115839
-0.339831
0.485360
1.341594
-0.235469
-1.540054
-1.236283
0.730666
2.512547
1.264749
0.246594
0.493000
0.995043
0.301747
-0.296732
-0.659998
-0.794767
-1.480037
-0.422474
1.535733
1.798995
0.221041
0.120992
0.261282
0.663578
0.702561
-0.215003
-0.894582
1.163453
2.600731
2.153092
2.015880
1.476957
1.213613
0.822690
0.052975
0.004808
-0.374819
0.806728
1.007948
0.239507
-0.551016
-0.626369
-0.748470
-0.453748
-0.357382
-0.677480
-0.176886
0.467281
0.731811
0.237387
-0.735386
-0.108799
-0.667596
-0.841005
-0.208716
-0.251473
0.111041
-0.858454
-1.309983
-1.063876
-1.382624
-1.298585
-0.233177
-0.024549
-0.357077
-0.760387
-0.260125
0.647845
1.331397
1.200782
-0.124922
-2.071506
-1.060211
0.252822
-0.484000
-0.891606
-1.343316
-0.120875
-0.148331
-0.764721
-0.017858
0.060098
0.031107
0.194734
-0.231509
0.564817
1.339555
1.386202
0.960564
1.624620
1.960949
0.270720
-0.374554
1.094153
0.309198
-0.721044
-2.103956
-2.749413
-2.129255
-0.782079
-0.236441
-0.663502
-0.867370
-1.276162
-0.571589
0.440801
