0.493921
-0.014146
0.747981
1.843543
1.896560
0.832082
0.455271
0.068376
0.504071
0.940401
0.363672
-0.391771
-1.260501
-1.910318
-1.758827
-1.443706
-1.299646
0.769786
0.776354
0.605629
1.228133
1.753710
2.730905
2.453801
2.160701
1.827187
0.392049
-0.081956
-0.574694
-1.887270
-2.409674
-1.816715
-0.473119
0.669252
0.634673
0.701659
1.364555
1.568988
1.361160
0.579197
0.448807
0.615961
0.007523
-1.538735
-3.025279
-2.691999
-2.504035
-2.551972
-1.877429
-1.411036
-0.708239
-0.627690
-0.932237
-0.682201
0.219528
1.829696
2.027160
1.485726
2.161740
1.960030
0.924932
-0.575757
-1.210391
-0.745851
-1.263607
-1.741807
-2.062004
-2.338897
-1.784062
-1.241077
-0.201616
0.340805
0.570484
0.841157
2.539854
2.425256
1.657764
1.651538
0.689959
-0.860863
-1.176538
-1.368882
-2.064260
-2.262838
-2.638294
-1.387922
-1.021537
-1.326173
0.355463
-0.187785
0.208192
1.921434
2.061182
1.031864
0.766527
1.569065
0.637674
0.747903
0.961551
0.615085
-0.569365
-1.394328
-1.005653
-0.434493
-0.234602
0.855867
0.765693
0.144003
0.203898
0.087186
0.841492
1.195745
1.013342
0.661098
0.612409
0.714566
1.837753
1.549343
-0.511195
-0.549339
-0.021213
0.971832
1.456729
1.569446
0.667768
-0.148668
-0.117581
-0.241109
0.994728
0.585777
-0.106949
0.843206
1.006586
-0.055234
-0.635569
0.380627
-0.144245
0.178018
0.220383
0.082400
0.152038
0.868146
0.902742
0.618837
0.727207
0.095197
-0.597411
-0.104447
0.548292
0.326677
-0.352499
-0.886323
-0.530060
-0.722193
-1.631705
-0.910650
-0.760594
0.161068
0.391213
-0.351703
-0.096322
-0.467496
1.152240
0.769641
0.127372
0.573805
-0.053362
-1.036169
-0.929009
-1.097627
-1.755446
-0.292374
0.184148
-0.939262
-0.399325
0.368597
0.388291
0.378700
0.424519
0.033497
-0.571477
-1.000286
-0.417916
0.179758
0.056980
0.060945
-0.237284
-0.152972
0.865855
0.288626
-0.895890
-1.141615
-1.388373
-0.732332
-0.592096
-0.113064
0.051431
0.478955
1.038202
1.167726
-0.037922
0.183879
1.376759
1.211389
1.062553
0.148143
0.512594
0.531497
-0.557284
-0.885010
-1.437488
-1.185302
0.391090
-0.436766
-1.186711
-0.385190
0.138615
0.527733
0.432098
0.460808
0.297709
-0.301252
-0.037365
-0.707950
-0.211663
-0.590644
-0.366292
-0.423786
-1.249017
-1.093402
-0.498202
-0.216095
0.150080
-0.473004
-1.140301
-0.761749
0.164602
-0.078163
-0.152359
-0.322152
0.267799
0.373580
-0.356059
-0.728617
-0.488975
0.507507
0.271485
-0.306123
-0.076103
0.153225
-0.452411
-1.009653
0.313540
2.413179
2.542028
0.253924
-0.762853
-1.210963
-0.964491
-1.761286
-1.823003
-0.899956
-0.960185
-0.501478
0.174812
-0.675099
-0.328563
-0.472551
-0.680978
-0.662508
0.672669
0.815790
0.199677
0.831481
0.429388
-0.214547
-0.085606
-0.191401
0.620703
0.707350
-0.587703
-1.361053
-1.464528
-0.553911
0.248222
0.795119
0.989019
1.489983
1.022601
1.123108
1.886196
0.636782
0.529879
0.644694
0.539706
0.578574
0.769777
0.674800
-0.265396
-0.008710
0.512367
0.212543
0.362168
0.435102
1.613907
0.866156
1.069477
1.003074
0.053648
-0.477150
-1.722414
-2.193412
-2.001212
-1.277630
-1.763507
-1.014325
-1.209370
-1.063311
0.259951
0.509149
0.161318
0.142931
0.668596
0.494788
1.427507
0.677620
0.038245
-0.684095
-1.130311
-0.090624
0.323450
0.384799
1.088114
1.575744
1.418313
-0.251755
-0.139926
0.750165
0.526439
0.657940
-0.213204
-0.265792
-1.035875
-1.672336
-1.403516
-0.916909
-1.576914
-1.637284
-0.130444
0.542191
0.892712
0.686173
0.776604
0.598171
0.814606
-0.401775
-0.576548
0.092105
0.271290
0.038861
0.297203
-0.212012
0.136852
0.106951
-0.242214
0.305357
0.649999
0.334165
0.570859
0.599303
0.951394
-0.418680
-2.049826
-2.319132
-1.807052
-1.090937
-1.332727
-0.880336
-0.538971
0.439140
1.873222
1.427540
0.810170
2.669827
3.078075
2.817108
2.351800
1.224630
0.472095
0.322113
-0.886650
-1.793274
-2.080087
-1.891870
-0.978366
-1.149973
-0.641355
-0.277921
-1.601990
-0.193341
1.641732
1.131628
1.059678
1.384782
1.758789
1.210632
-0.084155
-1.249560
-1.296541
-1.925592
-2.175783
-1.790982
-2.631632
-2.203816
-1.425843
-1.033244
-0.136139
0.257477
0.313348
1.448062
1.206690
1.665686
1.805514
0.817388
0.798255
-0.741456
-2.084087
-1.933642
-1.547184
0.351047
0.041514
0.138345
0.713048
1.544345
1.119253
0.810268
1.661721
1.730437
0.395718
-0.194245
-1.064275
-1.272688
-1.208065
-0.677685
-0.835271
-0.539705
0.141300
0.393953
0.693833
-0.380081
-0.185661
0.850508
1.107532
0.285064
-0.065054
-0.244918
-0.614550
-0.215357
0.637225
0.311042
-0.125987
0.503751
0.842865
0.758302
1.482279
1.490889
1.159766
0.306667
-1.042765
-0.279816
1.202444
1.156555
0.740983
1.298943
1.642266
1.768814
2.365402
2.104721
1.444209
1.672501
2.602478
1.576370
0.581322
-1.086796
-0.669807
1.560116
0.172843
0.238933
0.023173
-1.019865
-0.684930
-1.670755
-1.915877
-0.801439
0.484541
0.506352
1.254812
1.513489
1.127901
0.492987
0.448886
-0.001243
-0.287691
0.606099
-0.233220
-1.039682
-1.546650
-1.131126
-0.968074
-0.599259
0.339691
-0.702903
-0.534651
0.138023
0.824669
1.368303
0.380256
-0.982579
-1.049707
-0.440656
-0.336814
-1.407947
-1.175583
-1.479157
-1.489683
-1.746088
-0.860680
0.088185
-0.107224
0.515032
0.871566
0.545863
0.153372
-0.442841
-0.110520
-0.668747
-1.130633
-2.073157
-2.075689
-1.533064
-0.715453
-1.156012
-0.831331
-0.275460
0.570539
-0.404903
-0.929246
-0.239101
0.519060
0.802753
0.424581
-0.987611
-0.303668
0.901909
1.334517
0.589603
-0.036987
0.232220
-0.673884
-1.295345
-0.636455
0.305364
0.000301
0.049634
0.717083
0.511173
1.427768
1.042534
0.188965
1.071089
1.410091
1.278540
-0.219154
0.467136
-0.447727
-0.990854
-0.174175
0.936723
0.765175
-0.969351
-1.437848
-0.332984
0.452073
0.016033
-1.086914
-1.353916
-0.976058
-0.873787
-1.642910
-1.263517
-1.127591
-0.918606
-0.770412
-0.257260
0.510923
0.451320
-0.210187
0.198859
-0.299424
-0.192643
-0.283405
-0.471036
0.224910
1.062872
1.882417
1.870519
0.824612
0.451768
0.571267
-0.249603
0.370771
0.505639
-0.777697
-1.111720
-0.725563
-0.944139
-0.023856
0.342859
0.114959
0.006095
0.106545
0.002769
-0.336913
0.339108
0.994392
0.901832
1.853188
0.835666
0.270841
1.001895
0.673844
0.495481
0.041122
-0.017231
0.104281
0.219605
-1.050887
-0.185759
-0.257627
-0.478861
0.183945
-0.163344
-0.197860
-0.207570
0.211226
0.667491
0.138090
-1.404593
-1.232026
-0.514461
0.206964
-0.155648
-0.710038
-0.919950
-0.859973
0.367027
1.069595
1.148404
0.761684
1.081098
1.633885
0.591065
-0.771102
-0.113715
0.379182
0.154988
-0.975704
-1.307497
-1.363136
-0.217115
-0.041637
0.068018
0.273146
0.068119
-0.242356
-0.400583
-0.152858
-1.162984
-0.511689
-0.734240
-0.312321
-0.508677
-0.648801
0.353523
0.092057
0.663142
0.225154
-0.795605
-0.011360
1.218102
1.298279
0.094879
-0.218049
0.025113
0.058570
0.083727
-0.099293
-0.363574
-0.500301
-0.887666
-0.081663
-0.056384
-0.244812
0.319914
0.672397
0.849520
0.094773
-0.314914
-0.427871
0.697306
0.265994
-1.006035
-0.591033
-1.206228
-0.982540
-0.588684
-0.274853
-0.063212
-0.152447
1.277187
1.898285
1.251843
0.765873
0.521714
0.212884
0.568833
-0.026520
-0.740373
-1.003814
-1.475310
-1.637145
-0.154910
0.024712
-0.241503
0.575668
0.777464
1.416694
1.536336
0.644697
-0.076443
-0.121830
0.008752
0.327924
-0.008616
-0.331914
-0.419938
-0.041707
0.739401
1.532454
1.427860
1.844405
1.836014
0.640275
1.140939
0.868961
-0.667323
-0.616400
-0.485413
-1.168498
-0.803531
-0.966381
-1.890744
-2.022492
-1.637521
0.221610
1.278254
0.631341
0.823159
0.996887
0.887624
0.752567
0.126128
-0.267792
0.538270
0.084621
-1.007316
-1.653982
-1.738159
-1.421812
-1.018573
-1.125569
-0.148374
0.339605
0.107927
0.461975
0.215575
0.955172
1.074501
1.106522
0.992830
-0.140213
-0.782872
-0.000096
0.376738
-0.849027
-0.848594
0.918476
-0.032524
-0.732772
-0.487344
0.267860
0.361546
1.467637
2.405806
1.512736
1.103808
1.201977
1.206823
0.455771
-0.244532
1.091299
0.231313
-0.637791
0.175026
0.203762
-0.456295
-0.896038
0.326656
0.422265
0.793793
0.503365
1.007277
0.967977
0.723747
0.538549
1.413678
1.852679
0.779488
-0.582265
-1.861543
-3.236281
-3.048037
-1.982099
-1.427852
-0.765394
-0.383200
0.804699
1.045983
1.634506
1.466617
0.656199
-0.312582
-0.221907
-0.864278
-1.355621
-1.513936
-0.722669
0.538158
0.371877
0.118616
0.761369
-0.539562
-1.837274
-1.592539
-0.816597
-0.564496
-1.587211
-2.093714
-1.363095
-1.075948
-1.076048
-0.248836
0.498928
0.993754
1.056283
-0.781546
-1.995160
-0.503311
1.155323
0.053457
-1.191901
-1.916655
-1.961357
-1.220710
-0.564938
1.523756
2.261906
1.534347
0.949393
1.444256
1.979486
0.054686
-0.228223
0.169178
-0.508562
-0.543831
-0.857997
-0.331786
0.193831
-0.461124
-0.081784
-0.293031
0.424856
0.451362
1.251387
1.140826
0.380452
0.139148
0.354815
-0.139363
0.464965
-0.183302
-1.008512
-1.101465
-0.435688
0.615945
0.690598
0.671576
1.054540
1.623884
1.677538
1.450106
2.124693
1.625473
-0.301105
-0.236362
-0.085520
-0.582924
-0.447939
-1.065163
-1.355746
-0.969987
-1.054221
-0.421258
0.080781
0.518113
0.822930
0.176464
0.472712
0.678668
0.694144
0.808872
0.018566
0.083353
-1.033974
0.166564
0.672202
0.835454
0.687505
0.477498
0.445984
-0.109890
0.595233
-0.426990
-1.331719
-0.309866
-0.120626
0.078364
-0.240238
0.058741
0.386998
-0.773090
-0.752359
-0.153512
0.443603
0.901345
0.088997
-0.139482
-0.653526
-1.243921
-0.563442
-0.343102
0.221842
0.762156
0.863139
0.638289
0.140122
-0.020426
-0.778804
-0.471262
-0.904811
-0.123100
0.999669
0.157545
-0.651305
-0.369770
0.029857
-0.499961
0.218948
0.944157
0.479780
1.191414
1.475391
0.376534
-0.332817
-0.426262
-0.679765
-0.153674
-0.230026
-0.781920
-0.882157
-0.185300
-1.248485
-1.009199
-0.122735
-0.372643
-0.551277
-0.689678
-0.125479
-0.013718
-0.152781
-0.663120
-0.758777
0.035348
0.600220
0.943605
0.996988
0.516349
-0.769601
-0.299733
-0.590212
-0.154448
0.001543
-0.286714
-1.065628
-1.818170
-1.514783
0.457038
0.330781
-1.479314
-1.452591
0.042623
0.699772
1.314876
