-0.799990
-0.905459
-0.755146
-0.222069
0.667202
0.957161
1.212026
1.977044
0.994675
0.217170
-0.212257
0.206887
-0.178636
-0.107987
0.410771
0.207749
-0.319423
-0.176398
-0.633112
-1.016017
-0.522951
-0.024319
0.623887
1.038259
0.740876
1.071753
0.735624
0.042271
-0.026635
0.072094
-0.721488
-0.909815
-0.871784
-1.616052
-1.846049
-1.546327
-1.076872
0.078319
0.825361
1.437946
1.656852
2.083220
1.244313
-0.551216
-0.939589
-0.251296
0.165065
-0.919049
-1.515900
-1.530266
-1.462305
-1.005009
-1.553185
-0.245791
1.457592
1.937147
1.305003
0.896636
0.686229
-0.026695
-1.106412
-1.940092
-0.941402
0.202955
-0.637190
-0.467726
0.007566
0.640973
0.709317
0.884380
0.509163
-0.072940
-0.208338
0.026645
-0.357654
-0.372570
-0.718131
-1.465850
-0.839361
-0.365158
-0.584445
-1.028725
-0.831292
-0.293823
-0.689821
-0.355628
-0.280544
-0.465136
-0.805891
-1.433940
-1.340633
-1.251871
-0.812896
-0.541987
-0.234496
-0.075146
0.100700
0.475221
0.583316
0.512997
-0.141400
0.240991
0.936555
0.199187
0.072979
0.254200
-0.550451
-0.706301
-0.715452
-0.576699
0.386464
0.543165
0.330172
0.974873
1.796565
1.622091
0.838807
0.676751
0.523159
-0.273264
-0.835612
0.279284
0.430399
-0.812637
-0.486967
0.254262
0.548463
0.656467
0.464531
0.167522
0.500141
0.265313
0.064338
-0.326800
-0.371485
-0.851655
-1.471595
-2.065961
-1.718499
-1.200905
-0.436683
0.495509
0.451224
0.662658
1.283201
0.792326
0.986016
0.723109
0.696760
0.052376
-0.510398
-1.128286
-1.757861
-1.250501
0.150718
0.746411
0.903940
2.402526
3.053764
1.729540
0.226854
-0.401038
-0.718520
-1.053465
-1.507070
-0.895025
-0.476055
0.056413
0.978787
1.319150
1.463699
0.475300
0.266109
0.351716
-0.469845
0.112782
0.672432
0.060087
-0.193442
-0.626074
-0.872332
-0.503796
0.274136
0.103202
0.646535
0.976641
0.434941
0.586765
1.257566
1.897269
0.963483
-0.206050
-0.220618
-0.031335
-0.119495
-0.531057
-0.614176
-0.771904
-1.295334
-1.742907
-1.288011
0.086499
0.974170
0.997006
0.499135
1.307548
1.321518
0.160983
0.653189
0.566560
-0.848567
-1.927906
-1.901403
-1.292932
-0.710474
0.290846
0.482960
0.352860
0.771360
0.959994
1.237195
1.526082
1.192037
0.621602
-0.278315
-1.293091
-1.400338
-0.619851
-0.016636
-0.379889
-0.533451
-0.752989
-0.273554
-0.116129
0.402285
1.070024
1.063804
1.251390
1.042513
-0.162582
-0.707115
-1.149447
-0.876632
-0.543100
-0.090094
0.100998
0.453310
0.727113
1.054423
0.089693
-0.590477
-0.101200
0.229080
0.674417
1.062768
0.206810
-0.348586
-0.469212
-0.571978
-0.094515
-0.399010
-0.045012
0.586252
1.163723
1.058530
0.766940
0.967852
0.922120
0.865746
-0.013537
-0.565820
-0.425691
-0.355193
-0.305111
-0.216537
-0.657759
-0.055512
0.921433
0.852548
1.724441
1.919957
1.174784
0.192214
-0.928996
-1.326074
-0.764155
-0.025734
0.184140
0.711815
0.483635
0.220960
0.305006
0.204958
0.500564
1.055136
1.103685
0.640629
0.819462
0.323374
-0.669024
-1.439898
-2.506558
-1.965672
-1.339909
-1.484462
-1.033703
0.231440
0.734132
0.533630
1.105618
1.819091
2.582367
2.614246
0.883035
-0.028931
-0.025027
-0.959032
-1.703306
-1.881728
-1.737981
-1.276678
-0.837720
-0.881525
0.196776
1.122921
1.142146
0.330749
-0.063749
-0.097203
0.334333
0.179864
0.216194
0.705435
0.553991
-0.026912
-0.181749
-0.324855
-0.291151
-0.401096
-0.726979
-0.853114
-1.139379
-1.057679
-0.583287
-0.516816
-0.089740
0.768143
1.178374
0.637358
0.171798
0.457160
0.304085
0.043359
0.422095
0.523238
1.407770
1.508760
1.357080
1.230167
0.603562
-0.026979
-0.783007
-0.635646
-0.598287
-1.301769
-2.193538
-2.086250
-1.603923
-0.621918
0.896827
1.588857
1.483158
1.216019
0.979193
0.551519
0.385182
0.012522
-0.973379
-1.276759
-1.131226
-1.363014
-1.172509
-1.675738
-2.323068
-1.254792
0.297978
0.518141
0.422481
0.383670
0.369597
0.077136
-0.708932
-0.264437
0.572979
0.791212
0.854634
0.185996
-1.279189
-0.943244
-0.134619
-1.143773
-0.875928
0.141512
0.419249
-0.264361
-0.074292
0.475745
0.474376
0.973649
1.548852
1.411371
0.699189
-0.075631
-0.416676
-0.905865
-1.090337
-1.278538
-0.633341
0.091971
0.245149
0.051746
-0.340576
0.078746
-0.421881
0.012739
0.586031
0.193426
0.251964
-0.102059
-0.257671
-0.114233
-0.684921
-0.306281
0.108973
-0.407591
-0.377717
0.327128
0.479297
0.167573
0.347738
0.973351
0.898946
1.142800
0.849353
0.539148
0.297076
-0.419829
-0.464024
-0.332359
-0.262292
-0.395970
0.184922
0.566247
0.657546
0.890392
1.116289
1.486642
1.082591
-0.251098
-0.731699
-1.076578
-1.261720
-0.497017
-0.025770
0.693637
0.723032
-0.474470
-0.747639
-0.444313
-0.394317
-0.130806
0.241355
0.925315
0.963343
0.203554
-1.346910
-1.589170
-1.023190
-0.055834
0.054941
0.130747
1.432956
1.548022
0.630974
1.141316
1.651372
1.005692
0.555569
-0.110089
-0.598027
-1.186768
-1.383885
-1.568474
-1.149026
0.400850
1.313386
1.957985
3.039219
2.245107
0.920675
-0.402643
-1.693435
-2.020107
-2.283169
-2.816414
-2.320629
-1.119025
-0.256817
0.320089
0.840126
1.186384
1.473197
1.419522
0.997526
0.301163
-1.584962
-1.736383
-1.163220
-1.699960
-2.026964
-1.416223
-0.531355
0.187960
0.025648
0.822280
1.941266
2.724194
2.389384
1.543211
0.172630
-0.769405
-1.324555
-1.223932
-0.789136
-0.804900
-0.631269
0.164739
1.202137
1.460619
1.262859
1.534205
1.662975
1.900833
2.062036
2.043091
1.690677
0.547222
-0.525426
-1.032929
-0.401660
-0.159915
-0.291511
-0.179142
-0.097369
-0.261035
-0.475613
-0.665704
-0.635091
-0.533374
-0.223460
-0.000223
-0.491188
-0.320539
0.069260
0.430887
0.122472
-0.620105
-0.748462
0.145241
0.140875
-0.664919
-0.098691
0.164915
0.130179
0.183962
0.126534
0.496015
0.606429
-0.617804
-1.197593
-1.207705
-1.560578
-0.764196
0.021254
-0.122870
-0.114219
-0.183199
-0.431185
-0.411148
-0.717909
-1.392564
-1.432228
-0.755303
-1.206485
-1.786084
-1.555563
-0.729105
0.050899
1.094185
1.870863
0.919441
-0.145127
-0.828354
-1.042733
0.167185
1.506251
1.514994
1.772438
1.614611
1.367642
1.355303
0.429624
-0.411897
-0.708445
-1.376004
-1.391038
-1.321290
-1.238265
-0.376496
-0.104470
0.472612
1.303832
2.020689
1.890586
1.895466
1.386631
0.173279
-1.052275
-1.397630
-1.927779
-2.228163
-1.905842
-0.613619
0.701619
1.607022
1.903430
1.949136
1.295938
0.741166
0.775283
0.881382
1.153699
0.243314
-0.540689
-0.739822
-1.095496
-1.343875
-1.146472
-1.279643
-0.581162
0.871549
1.458914
1.703119
1.295234
1.058703
1.008803
0.941445
0.186888
-0.120457
0.202030
0.313028
0.142802
-0.356297
-0.531517
-0.274395
-0.529784
0.192973
0.768833
0.401917
0.069455
-0.274221
-0.345318
0.185059
0.932047
0.820603
1.077266
1.493597
0.847464
0.088129
-0.268978
-0.282324
0.015513
0.231360
0.180231
-0.934100
-0.989145
-0.234560
0.189875
0.903104
0.913575
0.757794
0.596667
-0.588530
-1.021309
-0.982803
-0.822811
-0.199742
0.202828
0.454596
0.115500
-0.924216
-0.486197
-0.564192
-0.333867
0.052262
0.113480
-0.058364
-0.229813
-0.964808
-1.870986
-1.192874
0.191573
0.403939
0.718227
0.602663
0.833997
0.653179
0.224262
0.120345
-0.145143
0.237867
0.404486
0.420413
0.441391
-0.137151
-0.750735
-1.062271
-0.993460
-0.795561
-0.478004
-0.539129
0.401971
1.594939
1.772563
1.963625
1.553645
0.705270
-0.720836
-1.357232
-0.945424
-0.960051
-1.147199
-0.735527
-1.349529
-1.771126
-1.462028
-1.307599
-0.084607
0.793756
0.704398
1.081760
1.052965
0.291585
-0.357500
-1.109646
-1.382830
-1.411182
-1.650406
-1.653638
-1.107771
-1.677312
-1.736814
-1.162522
-0.006509
1.285504
1.898802
2.575476
2.461314
2.484995
2.181846
0.658048
0.166381
-0.269626
-1.360155
-1.946478
-1.482438
-0.903023
0.045577
1.334362
2.050322
2.425046
1.909751
1.195311
-0.072127
-0.572325
-0.376147
-0.751568
-0.841465
-0.187140
0.041311
-0.366684
0.104970
0.402271
-0.058191
0.067703
0.161415
0.489433
-0.272461
-1.510217
-1.706885
-1.698876
-1.117570
-0.864228
-0.226184
0.679029
1.459955
2.219613
2.256380
2.086458
1.691519
0.024522
0.337409
0.729796
1.577071
1.735229
1.255210
-0.254365
-0.856895
-0.165896
-1.341680
-1.376793
-1.057421
-2.029167
-3.070658
-2.379867
-0.452674
-0.712030
-0.535292
0.241190
-0.617667
-1.201698
-1.749832
-1.243206
-0.918192
-0.715761
0.146438
0.347421
0.181204
-0.813331
-0.762731
-0.176364
-0.458282
-0.048112
0.210139
-0.211160
0.511290
1.794172
1.846262
1.422813
1.574407
1.507534
0.633477
0.290314
-0.257302
0.369915
0.250330
-0.427960
-0.266905
-0.394059
0.645237
1.341860
0.798546
0.526051
0.223598
0.494436
0.566403
0.303657
0.677625
0.868139
0.322431
0.233712
0.483232
0.673143
0.960640
1.154651
1.823851
1.051440
0.837966
1.118075
0.841421
0.238892
-0.108560
-0.383776
-0.599495
-0.019227
0.164823
0.296119
-0.320396
-0.622129
-0.794720
-0.713940
-0.970916
-0.576829
0.328803
0.405916
0.393013
-0.350981
-0.823955
-1.351648
-1.024257
-0.316346
0.751215
1.244687
0.873526
0.732258
0.227428
0.183064
-0.858397
-1.526925
-1.325943
-1.740978
-1.618441
-0.793965
-0.248889
0.126097
0.393622
0.276529
0.113111
0.312576
-0.186068
-1.115606
-0.694809
-0.750197
-1.620701
-1.391221
0.291386
0.814766
0.505425
-0.239941
-0.569030
-0.425695
-0.823499
-1.042662
-1.345525
-1.680877
-2.061041
-1.782185
-1.146408
-0.660872
-0.063955
1.015451
1.120514
1.110703
0.221772
-0.477428
-1.257012
-2.139156
-2.218771
-2.112375
-2.018256
-1.383384
-0.359577
0.328573
0.835032
1.003003
0.897154
1.034161
1.569510
0.908993
0.351954
-0.081383
-0.657377
-1.001810
-1.186474
-0.523488
0.348636
1.314034
1.262029
0.643141
1.192296
1.278811
1.589790
0.891819
-0.237203
-0.151690
0.003382
0.081061
0.185548
0.328486
0.286624
0.558167
0.995255
0.758231
-0.159489
-0.067378
0.507569
0.016280
0.110726
0.737589
0.108543
0.431053
0.877016
-0.006793
0.249981
0.215752
0.162507
0.505964
-0.152537
-0.380405
-0.764136
-1.556015
-1.098469
0.166383
0.781918
1.554893
1.056836
0.198961
-0.406575
-0.611379
-1.008376
-1.946927
-2.220113
-2.029268
-2.334548
-1.418906
-0.051209
0.892667
0.834894
0.938668
0.870380
0.558697
0.425259
0.643002
0.785508
