0.027333
0.293749
0.067179
-0.179264
-0.349199
-0.091356
0.135192
0.215040
0.062059
-0.269033
-0.770897
-0.878529
-0.620934
0.162301
0.863686
1.283553
0.934887
-0.138661
-0.304570
-0.404808
-0.326713
0.116628
0.332718
0.220897
-0.163616
-0.589920
-0.888769
-1.144901
-1.086151
-0.638162
-0.143007
0.169838
0.203664
-0.097835
-0.302323
-0.155929
-0.098678
-0.032267
-0.088507
0.456143
0.770845
0.789701
0.524122
0.128442
-0.216857
-0.205252
0.164930
-0.198595
-0.729188
-1.222308
-1.161885
-0.995481
-0.882486
-0.680641
0.113399
0.659792
1.178441
1.295643
0.988499
0.354652
-0.245097
-0.626097
-0.578667
-0.521814
-0.548357
-0.277613
0.024890
0.467984
0.648819
0.684395
0.350793
-0.286812
-0.767416
-0.798644
-1.020221
-0.913396
-0.740346
-0.564676
-0.247745
0.053728
-0.501474
-1.496790
-1.921688
-1.924004
-1.675759
-1.138507
-0.231256
0.084913
-0.338127
-0.776442
-0.813607
-0.854703
-0.944712
-1.184123
-1.391021
-1.249356
-1.453212
-1.360329
-0.663955
-0.006012
0.252672
-0.247860
-1.070322
-1.365685
-1.357809
-1.076575
-0.711368
-0.129507
0.222568
0.466006
0.721988
0.741247
0.431790
0.164541
0.534802
0.860025
0.884013
0.259645
0.003023
0.135428
0.235799
0.386546
0.761050
0.856549
0.785962
0.364299
-0.334694
-0.598918
-0.409311
0.167117
0.943123
0.734348
0.555650
0.688179
0.528375
0.341610
-0.449709
-0.737993
-1.149491
-1.409700
-1.570734
-1.342303
-0.901429
-0.833556
-0.401849
-0.117909
0.294424
0.781171
0.877807
0.304891
0.044683
-0.144476
0.136270
1.187763
2.193381
2.482883
2.742982
2.754525
2.012826
0.595334
-0.860777
-1.659166
-2.181586
-2.239209
-1.922107
-1.017729
0.195279
1.269039
2.089125
2.271652
1.679772
1.041145
0.975230
0.691094
0.320866
0.238511
0.616028
0.431809
-0.153813
-0.778561
-0.757432
-0.549857
-0.458565
-0.130218
0.232789
0.286143
0.164728
0.539862
1.136253
1.584907
1.715259
0.915611
0.182237
0.230459
0.632355
0.866750
0.672825
0.292552
-0.172948
-0.090533
-0.406487
-0.385205
0.283940
0.904604
1.302497
0.940567
0.592764
0.401440
0.238708
-0.078462
-0.376067
-0.615250
-0.831835
-0.891222
-0.373365
-0.203525
0.087353
0.572036
1.064195
1.111846
1.478389
1.495062
0.837929
0.450761
-0.109200
-0.531152
-0.626542
-0.532929
-0.356827
-0.079446
0.024168
-0.171015
-0.225039
-0.085074
0.135704
0.369163
0.603782
0.530364
0.344703
-0.126375
-0.730588
-1.243887
-1.361553
-1.065050
-0.422138
-0.012103
-0.059073
-0.055790
-0.004881
-0.262291
-0.867032
-0.792235
-0.138363
0.497719
0.843004
0.802402
0.428679
0.081289
-0.250228
-0.426081
-0.336581
-0.141917
0.059115
0.212296
-0.361429
-0.380579
-0.562223
-0.362697
-0.172620
0.126205
0.235532
0.240057
0.422799
-0.133034
-0.294420
-0.086347
0.449103
0.957487
0.776167
0.590763
0.284371
-0.138067
-0.411326
-0.807799
-0.680539
-0.060868
0.475581
1.022382
1.011258
0.448168
-0.265657
-0.190933
0.080333
0.703362
1.076349
1.239600
0.947963
0.146341
-0.774955
-1.297079
-1.502149
-1.129749
-0.528766
-0.812890
-0.701236
0.179753
0.704226
0.430736
0.492620
0.640946
1.035176
1.353538
1.381881
1.163509
1.073123
0.356135
-0.714416
-1.256082
-1.294616
-1.286898
-0.876758
-0.486485
-0.405369
-0.407234
-0.184154
0.193150
0.312241
0.321707
0.171889
0.675638
1.378798
1.291025
1.245731
0.630792
0.114320
-0.023351
-0.510796
-0.841033
-0.698649
-0.748250
-0.500180
-0.034277
0.758796
1.540834
2.200231
1.979596
1.301534
0.825659
0.344769
0.170894
0.184557
0.648745
1.137362
1.714267
2.524623
2.590580
1.839879
1.344804
0.391483
-0.405774
-0.366036
-0.197704
-0.306837
-1.114116
-1.499377
-1.451756
-1.236404
-0.447311
0.185730
0.575387
0.590314
-0.104020
-0.341531
-0.432015
-0.932331
-1.200295
-1.051337
-0.727185
-0.036383
0.453245
0.007089
-0.303919
-0.151024
-0.006039
0.103148
0.162993
0.238701
0.273726
0.239218
-0.013443
-0.273517
-0.011782
0.383427
1.007891
1.802267
2.098805
1.984608
1.522363
0.860539
0.138623
-0.878619
-1.721201
-1.657100
-1.290068
-0.817219
-0.528163
-0.159242
0.199789
0.403589
0.554859
0.552589
0.159581
-0.529353
-1.312871
-1.627717
-1.791792
-1.839033
-1.505482
-1.220845
-0.844511
-0.896385
-0.644839
-0.752309
-0.957271
-0.811001
-0.421324
-0.650355
-0.838452
-1.393309
-1.531663
-1.043959
-0.590782
-0.374211
-0.245161
-0.224136
-0.797948
-1.251934
-0.756394
-0.072980
0.207272
0.523411
0.457258
0.553979
0.413165
0.497502
0.522476
0.365331
0.446112
0.323038
-0.455175
-1.294474
-1.258269
-1.399522
-1.798598
-1.711664
-1.030547
0.139165
0.740560
0.875584
1.168746
0.982204
0.697472
0.416779
-0.364960
-0.805975
-1.500225
-1.844580
-2.327538
-2.298002
-1.413042
-0.338260
0.352830
0.960926
1.114811
0.799501
0.141420
-0.794394
-1.251720
-1.232187
-1.133697
-0.706137
-0.388790
0.313824
1.539715
1.993455
2.326854
2.113034
1.592759
0.760792
-0.153252
-1.157081
-1.812560
-1.856589
-1.843923
-0.826104
-0.014752
0.918493
1.879808
2.254428
2.037447
1.341219
0.313588
-0.457076
-0.690962
-1.044978
-1.204491
-0.976740
-0.450307
0.182776
1.125359
1.673387
2.048354
1.760458
1.025128
-0.074225
-1.150863
-1.765763
-1.736455
-1.853454
-1.543830
-1.000827
-0.814471
-0.415074
0.040979
0.388983
0.663453
0.999410
0.701611
0.669807
1.012119
1.375370
0.761656
0.130694
0.277121
0.863464
1.738335
3.046307
3.848647
3.718238
2.581828
1.262234
0.776288
0.747592
1.131090
1.954731
1.761489
0.984904
0.391508
-0.059692
-0.098801
-0.244078
0.239281
1.179647
1.492512
1.106824
0.195722
-0.453622
-0.666553
-0.696192
-1.141079
-1.062662
-0.658681
0.333541
0.800188
0.521334
0.487300
0.907653
1.273876
1.468090
0.863848
0.387561
0.890989
0.765172
0.133904
-0.538688
-1.070032
-1.461965
-1.964194
-2.212102
-1.647053
-1.055609
-0.168613
-0.180978
0.397283
1.229703
0.997258
0.455642
-0.125039
-0.587448
-0.980297
-1.580127
-2.576050
-3.294919
-3.455964
-3.130846
-2.685644
-1.350500
-0.056646
1.351228
1.801604
1.436002
1.329989
1.082774
0.531936
0.767202
1.597518
1.605291
1.594008
1.213524
0.873909
0.382654
-0.320235
-0.948497
-1.212156
-1.565378
-1.218608
-0.796298
-0.962693
-0.676782
-0.194783
0.558432
0.937201
1.334502
1.819139
1.943565
1.371091
0.652521
0.043277
-0.503948
-1.215596
-1.122404
-0.715745
0.073022
0.641978
0.726539
0.990112
1.030712
0.570046
0.436940
0.347310
0.321431
0.443583
0.354590
0.137801
-0.039184
-0.595584
-1.056590
-0.760994
-0.158997
-0.018183
-0.047442
-0.125587
0.091583
0.449334
0.479123
0.554844
0.615056
0.544546
0.391364
0.197786
-0.183800
-0.575296
-0.778891
-0.814603
-0.585998
-0.572925
-0.530685
-0.258833
-0.224844
-0.520429
-0.705918
-0.288843
0.422846
1.207060
1.468188
1.456248
1.105932
1.251933
0.456741
-0.100908
-0.232849
-0.808542
-1.216982
-1.502589
-1.412685
-0.741140
0.169841
1.027476
1.061253
0.590277
0.331674
0.188443
0.095328
-0.289451
-0.255217
-0.112969
-0.159426
-0.882138
-1.498728
-1.440115
-1.043686
-0.294036
0.236992
0.321698
0.424852
0.599355
1.407154
1.734943
1.321603
0.756077
0.398459
0.308573
0.857599
0.536670
0.193774
-0.321021
-0.601747
-0.863020
-0.475225
0.009192
0.709983
1.098173
0.992333
0.890897
0.976869
0.911660
0.394527
-0.264815
-0.809262
-1.007174
-0.701309
-0.584982
-0.845083
-1.047420
-0.517412
0.198860
0.164975
-0.142440
-0.588117
-0.822417
-1.195559
-0.881727
-0.755887
-0.581269
-0.595970
-0.921464
-1.024337
-1.017620
-0.957060
-1.156594
-0.701023
0.113847
0.277421
0.180611
-0.127904
-0.490790
-0.275947
-0.488639
-0.971860
-1.326896
-1.353045
-0.565340
0.305320
0.972959
1.161080
1.106047
0.627013
0.525513
0.426480
0.637301
0.723301
0.166103
-0.461686
-0.230604
0.088610
0.381122
0.656162
1.019256
1.324606
1.000588
0.613391
0.875620
0.600629
-0.045953
-0.130462
0.043958
0.550670
1.071092
1.172573
0.895395
0.532619
0.471677
1.096327
1.407332
1.399176
1.722545
1.053735
-0.223969
-1.924880
-2.460021
-1.732429
-0.495160
-0.029718
0.657573
1.582453
2.156729
2.231761
1.784226
1.152841
0.441480
-0.440308
-0.762446
-0.893926
-1.221293
-0.840440
-1.027171
-1.048537
-1.103894
-1.450104
-1.654998
-1.326030
-0.801906
-0.705305
-0.790739
-0.296613
0.095993
0.465749
0.863034
0.472752
-0.050713
-0.329821
-0.577038
-0.846999
-0.798181
-0.378064
-0.331914
-1.113845
-1.261575
-1.065161
-0.780037
-0.258697
0.331149
0.695822
0.325082
0.190644
0.472758
0.652798
0.338936
-0.157635
-0.863338
-0.682732
-0.018941
0.156216
0.389782
0.827386
0.961175
1.078524
0.741443
0.628392
0.351700
0.130565
0.007730
-0.114472
-0.383380
-0.262661
0.161547
0.408228
0.380570
0.309657
0.064770
0.225953
0.327738
0.496585
0.271911
0.204317
0.198838
0.472764
0.523017
0.892170
1.246560
1.071056
0.642078
0.877672
0.805952
0.361291
-0.075419
-0.318909
-0.867048
-1.375450
-1.769049
-1.457042
-0.965045
-0.374604
0.310508
0.379071
0.247525
0.186395
0.006039
-0.343115
-0.652345
-0.743371
-0.634749
-0.676278
-0.766069
-0.891669
-0.860260
-0.539489
-0.264745
0.221556
0.160074
0.031269
-0.220045
-0.567670
-0.923544
-1.550756
-1.793151
-1.777232
-1.682289
-1.504947
-1.107865
-0.973724
-0.959858
-0.528756
-0.462192
-0.258163
0.517392
0.502427
-0.252891
-1.395825
-2.168787
-2.521610
-2.274884
-1.869454
-1.658491
-1.836439
-1.814302
-1.206237
-0.640849
-0.449338
-0.158762
-0.159643
-0.906692
-1.876060
-2.906438
-3.288052
-2.780379
-2.724238
-2.554848
-2.460254
-2.016436
-1.091593
-0.301534
0.310306
0.160238
-0.290785
-0.264819
-0.142946
0.212892
0.105942
-0.029068
0.065892
0.154130
0.088009
0.524272
0.993616
1.528849
1.666748
1.260307
1.070271
1.438346
1.635353
1.551704
1.291406
0.647863
0.123458
-0.219017
-0.029828
0.423280
0.910589
1.233581
1.835247
2.103817
1.893035
1.437306
1.038903
1.069798
0.873158
0.596820
0.073500
-0.365569
-0.319002
-0.282724
-0.228013
0.360503
1.170569
1.483441
1.068371
0.843127
0.760594
0.419428
0.315730
0.482381
0.766390
0.713346
0.920368
1.077860
1.155641
0.617258
-0.165185
-0.638226
-0.992385
-1.235334
-0.945568
-0.496469
0.557757
1.293428
1.412197
1.480906
1.453146
1.872643
1.955740
1.476952
0.950073
0.836625
