0.452088
0.745039
0.668687
0.477214
-0.186358
-0.266469
-0.366600
-1.104351
-1.566745
-0.832187
-0.493701
-1.020644
-0.656339
-0.519341
-0.353718
0.047325
0.322420
0.061311
0.471581
1.285685
0.906456
0.345933
-0.118401
-0.653633
-0.678685
-1.082855
-0.953789
-0.874106
-0.203870
0.043496
0.596040
0.833831
0.684410
1.257782
1.374477
1.221162
0.817694
-0.026883
-0.432245
-1.008525
-1.307349
-1.021644
-0.331384
-0.359669
-1.059522
-0.872644
0.112273
1.172053
1.405917
1.844337
1.716583
0.682188
0.403584
0.103330
-0.201319
-0.592975
-0.553960
-0.019830
-0.066604
-0.624568
-0.726018
-0.575404
-1.157519
-0.486999
0.565663
0.950083
0.818625
0.169681
-0.497535
-0.650783
-0.634278
-0.221009
0.129989
-0.063015
-0.049130
0.823294
1.570587
0.992903
0.609234
0.835077
1.137048
1.022782
0.706209
0.254670
0.165669
0.206649
-0.802176
-0.483943
1.058985
1.445070
1.777026
1.213349
1.142520
1.231264
0.725126
0.120189
-0.300667
-1.115158
-2.275080
-1.868738
-1.593560
-1.705573
-2.053518
-1.837042
-1.125259
-0.648159
-0.369434
-0.284773
-0.373964
-0.632757
-1.155429
-1.327798
-1.116720
-1.313506
-1.570672
-1.505291
-1.222571
-1.501785
-0.361957
0.707829
0.962922
0.904508
0.567416
1.348269
1.736569
1.235651
0.706912
0.420681
0.559317
0.549949
0.686682
0.268995
-0.216099
0.672171
1.258368
1.474751
1.598134
1.477274
1.622167
1.966909
1.401656
0.766690
0.469062
0.071882
0.037203
-0.635884
0.109055
1.172730
0.617156
0.539194
0.973898
1.198901
1.416027
1.229743
0.649267
0.065156
-0.544419
-1.957730
-2.155369
-0.461368
0.229670
-0.363288
0.134547
0.537701
0.593625
0.375128
0.657570
0.569325
0.285884
-0.729528
-1.430865
-1.016630
-1.418987
-1.979559
-1.988814
-1.877415
-1.331643
-0.756908
0.055101
0.483124
0.682321
1.105980
1.613828
0.963705
-0.013365
-0.504524
-0.149154
-0.580868
-0.675507
-0.266594
-0.622102
-0.679748
-0.064940
0.600833
0.111209
0.463268
0.854265
0.844351
0.589037
0.204418
-0.826348
-0.639127
0.198000
0.561019
0.589211
0.326675
0.161218
0.021319
-0.719958
-0.514667
-0.552576
0.157456
0.528052
0.217137
0.330102
0.453908
0.140677
0.232213
0.151156
-0.174621
-0.969215
-1.839120
-1.789967
-0.567958
-0.004847
-0.577090
-0.380418
0.039232
-0.365116
-0.511975
0.005115
0.306918
0.534588
0.637726
0.355085
0.170177
-0.541553
-0.861266
-0.552316
0.163891
0.603900
-0.306646
-0.041854
0.353344
0.480314
0.605868
0.390777
-0.409445
-0.554631
-1.007035
-1.451478
-0.601343
-0.642636
-0.254365
0.265580
-0.029540
-0.397746
-0.036909
0.244158
0.019051
0.350802
0.500060
-0.321657
-1.094400
-0.373696
-0.131908
-0.534401
-0.383216
-0.413870
-0.273106
-0.450778
-0.443959
-0.398718
-0.631770
-0.486261
-0.600242
0.148683
0.699147
0.471658
-0.559895
-0.701194
-0.657841
-0.417931
0.004653
0.016891
0.126443
0.618266
-0.041221
-0.672384
-0.293197
-0.032104
0.195208
0.753073
0.951667
-0.009358
-0.508145
-0.377096
-0.619533
-0.858248
-0.533218
-0.939575
-0.304209
0.670254
1.428041
1.778047
1.368962
1.661602
1.984458
1.323183
0.458598
-0.313485
-1.052396
-1.742226
-2.519977
-1.875042
-1.697699
-1.257499
0.286522
1.420059
1.790781
2.006401
2.027217
1.280114
0.562624
0.281649
-0.234945
-0.673442
-1.455292
-1.391125
-1.461748
-1.642623
-1.260286
-0.849628
-0.158099
0.339066
0.673691
0.931289
0.952086
0.877106
0.665204
0.226530
-0.047234
0.808140
0.944214
0.107858
-0.676803
-1.276446
-1.812769
-2.079704
-1.938353
-1.836517
-1.924742
-0.764628
0.634700
1.065288
1.296335
1.100609
1.352525
1.529289
1.111942
0.607152
-0.069438
-0.770558
-0.918714
-0.051693
0.338655
0.147032
0.380056
0.852555
0.781271
0.607410
0.180638
0.450748
1.353597
1.156946
0.245172
0.180294
0.334889
0.143071
-0.285959
0.184208
0.757359
0.785383
0.720884
0.536298
1.283603
1.330026
0.370244
0.071127
-0.472806
-1.466899
-1.359062
-0.525021
0.209204
0.094995
0.145835
0.769562
1.137740
0.913506
0.812159
0.671195
0.313272
-0.168125
0.357814
-0.095779
-0.858400
-0.405562
-0.403018
-0.610152
-0.766714
-0.856654
-0.789509
-1.288463
-0.448239
0.026915
0.087370
0.579675
0.824370
0.679526
0.513424
0.211555
-0.134555
-0.661384
-0.545082
-0.973489
-2.190167
-1.382551
0.516239
1.522619
1.330680
1.339768
1.058147
0.780922
0.080048
0.004133
0.025735
0.135398
-1.271843
-1.302972
-0.307461
-0.077487
0.047699
-0.409262
-0.336551
-0.453294
-0.522822
-0.099102
0.326344
0.061097
-0.158662
0.103530
0.206883
0.009409
-0.016315
-0.312664
0.012537
0.530732
0.989809
1.450757
1.487052
0.553186
-0.281189
-0.048572
0.518006
0.360665
-0.510648
-0.951935
-0.689235
-0.303874
-0.087252
0.269867
0.868971
0.082364
-0.598191
0.670747
1.158628
1.440183
1.630356
0.759267
-0.234356
-1.607667
-2.084385
-2.097707
-1.457768
-0.849697
-0.677900
0.142755
0.820404
0.562081
1.034687
1.709962
1.580340
0.834590
-0.140183
-1.166415
-1.807636
-2.172377
-1.370973
-0.028015
0.705497
1.528019
1.835876
1.708258
1.974226
2.153693
1.587801
0.772441
-0.798363
-1.484910
-1.493215
-1.613810
-1.595844
-1.719888
-1.474885
-1.319317
-0.252347
1.060326
1.611671
1.622526
1.771370
1.470583
0.894002
0.471896
0.012561
-0.794132
-2.378917
-3.822593
-4.215229
-4.050609
-2.815071
-1.299151
-0.598047
0.616045
1.339991
1.774089
1.806639
1.451022
1.337563
1.241592
-0.049176
-1.119155
-1.221843
-1.959489
-3.180846
-4.077509
-4.128884
-2.932183
-2.305985
-1.746171
-0.706370
0.075716
0.529484
-0.094738
-0.126806
0.466649
0.939745
0.455005
-0.244200
-0.361488
-0.338393
-0.720837
-0.503007
0.501580
1.122715
1.898098
2.405465
1.917683
1.560678
0.988286
0.272630
0.275625
-0.324684
-0.603991
-0.808745
-0.862866
0.162852
1.201369
1.280061
1.455764
0.901692
0.806719
0.665097
0.655833
0.736084
0.385654
1.099023
1.847208
1.680306
1.600337
1.216079
0.766727
0.382216
0.821085
1.235018
1.480335
1.454006
0.492445
0.384044
0.717401
0.611889
0.080166
-0.177423
-1.160168
-1.569401
-1.398315
-1.667218
-1.216778
-0.073044
0.088270
0.281890
0.896460
1.797104
2.219114
1.403953
1.409133
1.307435
0.023543
-0.457478
-0.431761
-0.965032
-1.471560
-1.720676
-1.777718
-1.508050
-1.409650
-0.850820
0.394448
1.187018
1.761383
1.323395
1.036818
0.896826
0.949776
0.659823
-0.614078
-0.606806
-0.055572
-0.935166
-1.929227
-1.913313
-2.017482
-1.564500
-0.735098
0.183616
1.040462
0.639080
0.918181
1.750466
1.483570
0.781207
-0.754423
-1.525681
-1.106876
-0.754084
-0.989605
-1.285803
-1.237286
-1.195005
-0.775218
-0.300865
-0.405115
0.009209
0.387811
0.009831
0.004611
0.187460
-0.488503
-0.111811
0.351412
0.488063
0.527297
0.396838
-0.050883
-0.086190
-0.245227
-1.319815
-1.404096
0.291797
1.479701
1.698383
1.596141
1.074919
0.587317
0.108664
0.624050
0.597709
0.122808
0.043981
-1.344215
-1.434001
-0.835350
-0.579424
0.158654
0.410076
0.615644
0.632246
0.239369
0.218809
-0.246527
-0.558988
-0.531855
0.111114
0.417240
0.216001
0.116811
-0.015462
-1.093659
-1.560747
-1.517499
-1.046833
-0.688521
0.837538
1.771343
1.088087
0.917755
1.154847
0.679851
-0.135236
-0.465800
-0.907340
-0.835514
-0.982441
-0.522056
-0.063478
-0.166978
0.237349
0.920743
0.700138
1.172910
1.632019
0.790321
-0.373271
-1.021335
-1.181417
-1.495368
-1.398334
-0.965381
0.061914
0.625792
0.548857
0.101400
0.867624
1.842530
1.878202
1.683913
1.171915
0.465225
-0.071149
-0.388970
-1.067902
-1.963633
-1.709566
-1.225507
-0.939946
-0.190194
0.702150
1.669205
2.044457
1.770699
1.591244
1.390000
1.084035
-0.045546
-0.534837
-1.023543
-1.424615
-0.895946
-0.795508
-1.042716
-0.793193
-0.550567
-0.428254
-0.621857
-1.059509
-0.464071
1.080339
1.191297
0.567241
0.522714
0.279982
-0.094899
-0.870756
-0.806915
-0.661647
0.160829
0.464542
0.662529
0.694310
0.683800
0.216600
0.486243
1.153328
1.446485
1.065260
1.060911
0.861968
0.359181
-0.513216
-1.161126
-1.383855
-0.674315
0.240566
0.769147
1.192354
0.989149
-0.092672
-1.012164
-0.811181
-0.573139
-0.571474
-0.963918
-0.943957
-0.954224
-1.201179
-2.073235
-1.592020
-0.275937
1.016462
1.741395
1.949358
1.671597
0.998500
0.363251
-0.145330
-1.550147
-1.790574
-1.165834
-0.693471
-0.449535
-0.215464
-0.066469
0.018160
-0.891655
-0.683751
0.150106
0.440803
0.213174
0.901738
1.133679
0.817885
0.057915
0.411550
0.857790
0.756524
0.131536
-0.366434
-0.506557
-1.016708
-1.482028
-1.121525
-0.273404
0.663300
1.060962
0.879528
0.762734
1.131083
-0.012863
-0.703140
0.187908
0.520330
0.442899
0.170978
-0.275221
-0.388433
-1.005598
-1.044180
-0.423346
-0.009751
0.106764
0.283063
0.502369
0.583761
0.087453
-0.433799
-0.927330
-1.552498
-1.084310
-0.958427
-0.944881
0.026487
0.341340
0.288112
-0.068242
0.051078
-0.013900
-0.604053
-0.520034
-0.131396
0.202194
0.533543
0.239556
0.698088
1.221807
0.397799
-0.260142
-0.441793
-0.309398
0.263086
0.004954
-0.666166
-0.206653
-0.045611
-0.081866
-0.498649
-0.945682
-0.128023
-0.327190
-0.117944
0.514490
0.291957
0.287131
0.287318
0.206823
-0.237963
0.795632
0.963578
0.715933
1.408047
1.364443
0.862703
0.432052
0.620638
0.140845
0.009129
0.161974
0.035380
0.375387
0.522293
0.828536
1.140478
0.874434
0.699420
0.645123
0.363706
0.943092
1.317796
1.157386
0.954665
0.207241
0.238153
0.140685
-0.422373
-0.437533
0.918475
1.788283
1.820798
1.525339
1.122780
0.838970
0.370517
0.437076
-0.220031
-0.213144
0.115614
0.132394
0.233227
-0.389927
-0.216736
-0.035571
-0.228386
-0.240335
-0.781605
-0.377960
0.127048
0.122288
-0.013041
-1.153562
-0.843859
-0.370281
-0.724150
-0.941496
-1.453965
-0.500168
-0.179640
-0.648711
-1.604260
-1.196106
-0.233882
-0.223486
-0.339597
-0.686427
0.128948
1.035057
0.698798
0.666769
0.157068
-0.964275
-1.354565
-1.481897
-1.804008
-2.120323
-1.736795
-0.628415
0.788202
1.125201
1.089738
1.048641
0.438724
-0.155949
-0.404676
-1.096572
-1.248477
-1.141029
-1.805314
-2.004892
-1.085886
-0.309755
0.272942
0.757616
0.936081
0.762444
0.675528
1.332057
1.753283
1.205815
0.859155
0.768226
0.461605
0.259164
-0.578726
-1.310569
-0.780114
-0.020851
-0.019324
