0.902339
1.558065
1.849410
1.627842
1.240213
0.824349
0.250832
-0.338640
-0.567859
-0.616941
-0.910994
-1.331018
-1.392193
-1.212613
-1.363044
-0.902095
0.023035
0.661241
1.129791
1.426916
1.546080
0.957600
0.093540
-0.825937
-1.479510
-1.802169
-1.839214
-1.776141
-1.594884
-1.116139
-0.323983
0.146789
0.591306
1.049605
1.354130
1.512993
1.544034
1.223691
0.619560
0.089377
-0.149435
-0.416283
-1.064403
-1.650957
-2.068483
-2.201660
-1.627160
-0.216013
1.028062
1.730091
2.191453
2.142387
1.639128
1.047735
0.099790
-0.777997
-0.960652
-1.169866
-1.489999
-1.512009
-1.449347
-1.256211
-0.522399
0.787661
1.838321
2.355576
2.250623
1.450335
0.494670
-0.191713
-0.389559
-0.482328
-0.695195
-0.639162
-0.486996
-0.353793
-0.038968
0.275391
0.391719
0.783107
1.305955
1.708532
1.738492
1.026442
0.533277
0.354561
-0.240622
-0.338462
-0.092673
0.145038
0.479757
0.594303
0.538616
0.539049
0.346157
0.215869
0.233421
0.146660
0.064821
0.246428
0.043759
-0.467316
-0.743918
-0.992608
-1.058463
-0.678120
-0.175104
0.313907
0.664907
0.598375
-0.241902
-0.871586
-0.561152
-0.153996
-0.289121
-0.519597
-0.575847
-0.517530
-0.242064
0.189639
0.392640
0.485590
0.497193
0.344516
0.090760
0.045927
0.190561
0.174145
0.073467
-0.006212
-0.251180
-0.655818
-0.902441
-0.897059
-0.639543
-0.043296
0.408315
0.805011
1.342927
1.476228
0.954798
0.096049
-0.564460
-0.810322
-0.697141
-0.459375
-0.498861
-0.706676
-1.078534
-1.138902
-0.299090
0.443031
0.755593
0.957073
0.703771
0.237257
-0.178261
-0.953631
-1.392776
-1.167158
-0.684408
-0.310651
0.016999
0.409063
0.524421
0.561479
0.644553
0.431848
-0.146812
-0.676015
-0.813138
-0.764390
-0.592019
-0.617202
-0.553648
-0.534242
-0.733536
-0.557034
-0.120822
0.432127
0.942745
1.139122
1.051397
0.674471
0.247681
0.278459
0.279717
0.146476
-0.281260
-0.940243
-1.293041
-1.127588
-0.848984
-0.601377
-0.430297
-0.361119
-0.402079
-0.058203
0.372951
0.701190
0.865601
0.522460
-0.006093
-0.349840
-0.468507
-0.467453
-0.459031
-0.359365
-0.316302
0.201178
0.805009
1.230902
1.244950
0.855804
0.452804
-0.012429
-0.051710
-0.260745
-0.678019
-1.078041
-1.500741
-1.702476
-1.663728
-1.040646
0.043803
0.855720
1.224170
1.489610
1.237712
0.837658
0.757290
0.645011
0.120991
-0.078811
-0.374625
-0.662882
-0.949422
-0.993190
-0.464772
0.248304
0.811460
1.212997
1.142850
1.105917
1.064892
0.953464
0.500086
-0.208625
-0.817369
-0.897193
-1.040906
-1.137432
-0.960322
-0.581119
-0.236205
0.304018
0.716201
0.934505
0.877986
0.628893
0.329517
0.165407
-0.209654
-0.615290
-0.673044
-1.112926
-1.363348
-1.172817
-0.845785
-0.523448
-0.102422
0.325646
0.644198
1.304660
1.491707
1.118843
0.729406
0.463938
0.001026
-0.821220
-1.427204
-1.604378
-1.624117
-1.146710
-0.926661
-0.699382
-0.096317
0.011834
0.143225
0.517189
0.798229
1.192427
1.214048
0.948474
0.391640
-0.430292
-1.100094
-1.645476
-1.835709
-1.223655
-0.421531
0.225876
0.792704
1.258338
1.396491
1.280554
1.374310
1.492480
1.246114
0.555392
-0.343589
-1.286745
-2.049011
-2.600479
-2.791351
-2.790307
-2.295572
-0.920072
0.688907
1.758973
2.213164
2.371141
1.987980
1.275152
0.910143
0.638101
0.498514
0.154448
-0.499295
-1.543576
-1.760433
-1.526435
-1.269162
-0.927182
-0.528482
-0.048178
0.510973
0.809976
0.821235
0.933805
0.654252
0.505660
0.764730
0.802458
0.697584
0.423910
-0.335161
-1.044178
-1.398379
-1.215674
-0.852761
-0.572923
-0.281631
-0.080887
-0.021109
0.162417
0.499188
1.053779
1.337222
1.287347
0.884607
-0.078486
-0.920666
-0.898815
-0.558908
-0.035609
0.374989
0.842303
1.077545
0.809829
0.178603
-0.232247
-0.158066
0.070202
-0.156481
-0.460412
-0.371610
-0.178366
-0.403585
-0.394933
0.191899
0.930894
1.305297
1.323175
1.175645
0.997583
0.542668
-0.221792
-0.459156
-0.469704
-0.557273
-0.824565
-0.795488
-0.422186
-0.091773
0.299751
0.515948
1.021605
1.266148
1.116960
0.935925
0.791531
0.476954
-0.088562
-0.520422
-0.917667
-1.121052
-1.119706
-0.790664
-0.280275
0.000590
0.194813
0.499910
0.606470
0.492399
0.257627
-0.124344
-0.281369
-0.185314
-0.176727
-0.136077
-0.553626
-0.691328
-0.669334
-0.798929
-0.571756
0.143480
0.743079
0.912318
0.547590
-0.010336
-0.236108
-0.105966
0.251130
0.543817
0.631227
0.295177
-0.546498
-1.417224
-1.678612
-1.705911
-1.393663
-0.842117
-0.360596
-0.100730
0.478550
0.956514
0.870788
0.799466
0.623913
0.269816
-0.633001
-1.142587
-1.163736
-1.258113
-0.927759
-0.304062
0.482914
0.990843
1.090948
0.909189
0.525731
0.500532
0.531447
0.125367
-0.499141
-1.202413
-0.992347
-0.051378
0.543693
0.686416
0.459323
0.182754
-0.149860
-0.052533
0.407951
0.845005
1.138802
0.725144
0.002609
-0.528857
-0.838686
-1.202056
-1.184994
-0.559654
0.068572
0.652789
0.982743
1.270046
1.154617
1.129884
0.814784
0.361065
-0.486207
-1.304896
-1.534970
-1.475542
-1.400485
-0.822298
0.044324
0.911558
1.650757
1.760860
1.621427
1.553560
1.173136
0.382505
-0.799670
-1.488803
-1.425872
-1.170753
-1.016741
-1.186307
-1.553087
-1.568361
-0.786794
-0.019381
0.491932
0.992782
1.180536
0.515429
-0.155737
-0.561865
-0.787980
-1.291192
-2.342382
-3.070637
-2.820693
-1.915253
-1.141644
-0.426103
0.345143
0.962934
1.259785
1.465153
1.630846
1.345157
0.901099
0.401071
-0.275373
-0.634659
-1.208574
-1.937368
-2.490044
-2.783277
-2.542591
-2.150748
-1.368444
-0.358224
0.471271
1.236411
1.738293
1.943039
1.634681
0.910874
0.513964
0.198431
-0.216884
-0.309219
-0.360727
-0.313979
-0.000532
0.306715
0.730124
0.924848
0.765528
0.587666
-0.048874
-0.716393
-0.511132
-0.014871
0.069477
-0.081227
-0.384945
-0.428014
-0.243711
0.233313
1.070976
1.704412
1.966656
1.820180
1.212966
0.641128
0.280332
-0.142701
-0.489800
-0.314688
-0.023887
0.336472
0.665662
0.872536
0.918923
0.635537
0.542699
0.525863
0.363809
0.159686
-0.209135
-0.649044
-0.804931
-0.736548
-0.730207
-1.020759
-1.347087
-1.774312
-2.060543
-1.771612
-1.140365
-0.870196
-0.292442
0.691848
1.622521
2.453661
3.001988
3.217785
2.854961
2.252851
1.728337
1.115481
0.055133
-1.125750
-1.607569
-1.936140
-2.144225
-1.996393
-1.339636
-0.134000
1.274839
2.226765
2.229991
2.071808
1.747784
1.436784
1.134820
0.118713
-0.931809
-1.618252
-2.037093
-2.617504
-3.167867
-3.110672
-2.397740
-1.243194
0.052000
1.157200
1.893059
2.327806
2.358855
1.722846
1.092998
0.502910
0.028900
-0.622864
-1.046643
-0.954205
-1.120738
-1.294467
-1.191220
-0.926756
-0.617784
-0.489411
-0.439560
-0.418800
-0.156848
-0.091114
-0.226480
-0.272881
0.098784
0.046442
0.155520
0.187081
0.293581
0.147270
-0.023282
-0.221403
-0.020975
-0.017125
0.209990
1.087774
1.895422
1.532579
0.835546
0.306753
0.136486
0.264748
0.382882
0.143709
0.010767
-0.252339
-0.675255
-0.901005
-0.274685
0.736331
1.500862
1.946611
1.607106
0.870783
0.293687
-0.075961
-0.113619
-0.303687
-0.284213
-0.110804
0.080803
0.424531
0.317912
-0.192384
-0.494918
-0.388565
0.057542
0.484472
0.645629
0.686607
0.635368
0.288808
0.126101
-0.041255
-0.480257
-0.886107
-1.309036
-1.886207
-1.934880
-1.356908
-1.061514
-0.652354
0.374288
1.343129
1.660780
1.476304
1.281537
0.680655
-0.247035
-1.044300
-1.805020
-2.268179
-2.051864
-1.356234
-0.397277
0.404553
0.623865
0.970952
1.511846
1.868066
2.179638
1.743470
1.124085
0.632264
-0.005915
-0.681535
-1.153257
-1.517671
-1.598389
-1.354633
-1.127047
-0.669812
0.111878
1.234894
1.816745
1.952020
2.092048
2.073362
1.476401
0.785822
-0.097426
-0.839101
-1.581598
-1.934638
-1.712915
-1.487664
-1.148324
-0.813798
-0.716462
-0.519102
-0.165569
0.026789
0.272747
0.220940
0.005867
-0.311114
-0.645388
-0.874160
-0.859965
-0.879719
-0.481897
-0.036351
0.347799
0.717347
0.742307
0.521612
0.077239
-0.202405
-0.375687
-0.355094
-0.026507
-0.030336
-0.049233
0.397645
1.115519
1.588321
1.623117
1.555779
1.792309
1.930719
1.491777
0.835497
-0.099329
-0.974863
-1.166976
-0.905355
-0.338577
0.196097
0.213625
-0.005800
-0.484233
-0.827800
-0.866491
-0.591879
0.227952
1.017482
1.253241
1.170294
0.843602
0.547390
0.212206
-0.346030
-0.961726
-1.238195
-1.143493
-0.807678
-0.197378
0.344849
0.482748
-0.173101
-0.640935
-0.819964
-0.656481
0.009307
0.347667
0.251043
0.138781
-0.116901
-0.329690
-0.396560
-0.405919
-0.412431
-0.669625
-1.132900
-1.608414
-1.625260
-0.913041
-0.166220
-0.053770
-0.018875
-0.093357
-0.187318
-0.317147
-0.527343
-0.514578
-0.296682
-0.314353
-0.093415
-0.239257
-0.383689
-0.120681
0.232476
0.553885
0.415631
0.183383
0.136979
0.136234
0.167915
0.231676
-0.023512
-0.369116
-0.833764
-1.262414
-1.241245
-0.999613
-0.707964
-0.073374
0.812836
1.194098
1.403064
1.076026
0.671946
0.553733
0.268469
0.015327
0.070147
0.475649
0.733207
0.745313
0.317121
-0.058755
-0.090490
-0.024721
0.010419
0.327243
0.473919
0.290602
0.164754
-0.128397
-0.650115
-0.772142
-0.847019
-0.969404
-0.918254
-0.681850
-0.178230
0.208437
0.345373
0.132182
-0.284667
-0.780088
-0.940264
-0.804601
-0.227571
0.395460
0.783398
1.228765
1.096012
0.964208
0.722159
0.547122
0.457091
-0.069349
-0.573122
-1.019316
-0.985921
-0.594941
-0.171309
0.394946
0.774739
0.972096
1.152300
1.309695
1.320467
1.017356
0.420879
-0.399834
-1.181542
-1.699500
-1.851051
-1.400846
-0.776521
0.234702
1.194651
1.577792
1.633153
1.470333
1.452130
1.209384
0.932985
0.631862
0.293456
-0.047943
-0.333196
-0.335803
-0.331057
-0.554717
-0.283357
0.339838
0.660385
0.709831
0.775915
0.808674
0.250763
-0.205255
-0.601789
-0.883396
-1.055348
-1.251508
-1.123435
-0.514230
0.168051
0.885268
1.069636
0.919478
0.785689
0.692927
0.696773
0.643143
0.591154
0.604769
0.368291
-0.179776
-0.440177
-1.032307
-1.555954
-1.672521
-1.643727
-1.126173
-0.171221
0.464928
0.733109
0.634330
0.813285
1.102354
1.051109
0.992926
0.580368
-0.385777
-1.143916
-1.109131
-0.775094
-0.535948
-0.200183
0.475854
1.074917
1.288788
1.503053
1.715100
1.604581
1.446974
0.938363
0.097733
-0.539064
-0.571735
-0.661955
-0.697118
-0.577028
-0.646723
-0.674470
-0.743135
