-1.038282
-0.132291
-1.324067
-2.177363
-1.190548
-0.658711
-0.644571
-0.468207
-0.770197
-0.795422
-0.770223
-1.231599
-0.985572
-0.661462
-0.918002
-1.554128
-0.974751
0.175599
0.389838
-0.076624
0.464276
1.487777
1.469645
1.474992
0.830917
0.147698
-0.520169
-0.777186
-0.230783
-0.729108
-0.431840
-0.574809
-0.949584
0.031514
0.278474
0.819327
0.885676
0.006776
-0.270836
-0.145336
-0.845440
-1.160152
-1.260806
-0.954642
-0.343609
-0.849376
-0.345032
-0.619257
0.737638
0.508497
0.055654
-0.523475
-0.359366
0.395884
-0.289010
-0.587533
-0.449484
-0.748927
0.002311
0.314241
-0.388939
0.041363
0.476428
0.302494
-0.486967
-0.258172
0.045219
0.528913
1.017087
0.683721
-0.024017
0.333748
0.547607
-0.131183
0.376186
0.738853
-0.237015
-0.956710
-1.101971
-1.307945
-0.518433
-0.157160
-0.638530
-0.688487
-0.142102
-0.181417
0.647545
0.951424
0.898548
0.822696
-0.376439
-0.870837
-0.386315
0.053228
1.559837
1.165550
1.073100
0.875094
0.914440
0.664339
0.397863
0.779540
0.201259
-0.123281
-0.349616
0.192466
0.358097
0.038749
0.103782
0.448365
-0.202403
-0.631744
-0.506522
-0.117261
-0.658397
-0.534859
-0.508370
-0.947274
-0.547456
-1.008312
-1.406930
-1.395204
-1.195015
-0.543457
-0.827792
-0.339065
0.276777
0.062350
-0.526629
-0.033936
1.183567
1.131579
1.026645
-0.233364
-0.086591
1.067199
0.744359
-0.136344
0.508891
1.479524
0.922339
0.675391
0.358331
0.222465
0.836632
0.523291
-0.612570
0.159004
0.515772
-0.248019
-1.413350
-2.742664
-2.874392
-0.778109
-0.339007
-0.561946
-0.621956
0.192732
0.782996
-0.270049
-0.932157
-0.477077
-0.458343
0.218758
1.062857
1.278013
1.040240
-0.025722
-1.042239
-0.593046
-0.662305
-0.447913
-0.171932
0.755617
0.578931
1.188468
1.054800
0.125953
0.166284
0.199366
1.240347
1.087065
-0.343085
-0.483674
0.221587
-0.170076
-0.217996
-0.500519
0.018260
0.570312
-0.048273
-1.012945
-1.571099
-0.781410
-0.638864
-1.128049
-2.263801
-2.339837
-1.092847
-0.528467
-0.884136
0.154896
1.059496
0.530620
-0.051835
0.041221
1.032174
2.025389
1.647222
0.359337
0.420851
0.333020
1.170456
1.446352
1.599323
1.514994
1.534985
0.740558
-0.018138
-1.058755
-1.116840
0.183620
1.229403
0.864704
1.093505
0.530591
-0.095368
0.439913
0.065694
-0.083583
0.745935
1.101144
0.933826
0.752531
0.365028
0.498347
0.038820
-0.339942
-0.557822
0.065794
-0.038054
0.192014
0.200487
-0.733336
-1.547964
-2.359703
-1.888663
-1.035619
-1.317060
-1.132239
-0.252275
-0.968021
-2.501287
-1.850167
-2.044306
-1.987935
-2.527716
-1.753241
-0.865322
-1.639636
-1.417810
-1.497242
-1.861312
-0.696683
-0.532265
-0.032817
0.095459
-0.000879
0.013498
0.130442
-0.486603
-0.667812
0.339631
0.815902
0.956662
0.930599
0.533036
0.171918
-0.633002
0.039982
-0.211868
-0.985518
-0.585050
0.144717
0.409940
1.498683
0.558461
0.236778
1.200614
1.104259
1.162144
1.076212
1.533701
1.305966
1.166801
1.736615
1.329672
1.117633
1.798237
2.283888
2.519628
1.503126
0.787633
1.123569
0.996675
1.421537
1.602114
1.307533
0.624515
1.329027
1.415757
0.546056
-0.373893
-0.902167
-0.489822
-0.098104
0.792166
-0.519735
-2.312442
-1.432573
-0.988358
-1.183438
-0.725003
-1.376517
-0.914473
-0.631074
-0.351204
1.077390
1.456332
0.832867
-0.346177
-0.785291
-0.887670
-0.316215
-0.524527
-0.799841
-0.392287
0.205676
0.332754
1.221669
0.667273
-0.430154
-0.846197
-1.304335
-1.579243
-1.551003
-0.898921
0.192618
-0.025025
-0.393032
0.203049
-0.417792
0.110390
-0.237210
-1.045025
-0.368136
-0.219650
-0.569892
-0.322500
0.116971
-0.054258
0.433275
1.302552
0.545172
0.525794
1.237413
0.449779
-0.219079
-0.896150
-0.518334
-0.577220
-0.816238
-0.537531
-0.107536
1.364660
0.191987
-1.025680
-1.264542
-0.421920
0.506876
0.499095
0.991272
0.871582
0.271653
0.141896
0.134768
-0.163172
0.288736
0.464261
0.364133
0.622410
0.123861
0.984630
0.730434
0.116938
0.657161
1.467246
2.092572
1.057775
0.512530
0.314283
0.772925
1.216536
1.573800
1.093492
1.125373
2.435983
2.148798
0.964275
0.661415
1.249260
1.115070
2.063918
1.736550
2.045503
1.555564
0.711640
0.966962
0.248410
-0.141907
-0.372387
-1.039110
-1.019881
0.005210
-1.058481
-1.675123
-0.960765
-1.392627
-0.966701
-0.266936
-0.479607
-0.323818
-0.067509
-0.550637
-1.310151
-1.071484
0.119317
0.663746
1.119584
0.826786
0.114309
0.583700
0.300402
-0.111291
-0.048434
0.293027
-0.507835
-1.530837
-0.888168
-0.849986
-2.150012
-2.444835
-1.606223
-2.010258
-3.008693
-2.890542
-2.036614
-0.873612
-1.558879
-2.060960
-1.410838
-0.940194
-0.628968
-0.630303
-0.364732
-0.008267
0.304920
0.372036
0.860475
0.892488
1.121738
1.387454
0.828031
-0.081614
0.247297
-0.181972
-1.136609
-1.545276
-0.938414
-1.183039
-0.997111
0.085731
0.597294
0.715973
0.561150
0.876869
0.665192
0.975549
0.432836
-0.299228
0.151476
0.524944
-0.006029
-0.120688
0.735305
1.599669
1.278903
-0.028206
0.602360
1.212218
1.307984
1.375269
0.609009
0.373448
0.540546
-0.164754
0.029285
-0.736725
-0.036608
0.201973
0.198393
0.897849
-0.111740
-0.579239
1.989109
0.885423
-0.607189
-0.816990
-0.218863
0.177327
0.222169
0.249221
0.538033
0.158879
0.250783
-0.515378
-1.613464
-1.832747
-1.034723
-0.538219
-0.119087
0.531297
0.901017
0.732945
1.592199
1.251167
0.315591
0.649759
1.153707
0.784611
0.684119
1.647885
1.500053
1.748085
1.881842
1.588651
1.644970
0.129397
-0.506135
-0.572561
-0.781443
-1.379353
-1.515289
-1.110479
-2.078491
-2.762648
-2.557710
-1.875026
-1.771056
-1.206852
0.247087
0.812902
0.623437
0.227327
-0.088074
-0.332821
0.092004
-0.251533
0.065290
-0.029109
-0.037908
-0.232028
0.064303
0.015553
0.437539
0.431596
-0.301786
-0.595067
0.823666
0.849195
0.267030
-0.104344
-0.059826
0.315772
-0.384466
-1.024489
-0.684552
0.073466
0.121546
0.040021
1.176106
-0.106609
-0.598510
0.013919
-1.163773
-0.493455
0.733121
1.295926
1.170211
0.906356
1.708417
2.260961
2.364873
2.528383
2.064116
0.966732
-0.646398
-1.079388
-0.905620
-0.865419
-0.894626
-0.689991
0.319582
0.146831
0.336254
0.617088
1.030718
1.502665
1.815251
2.496326
1.789204
0.161243
-0.116652
0.834107
0.231772
0.302449
2.253947
2.287613
0.627635
0.803127
1.609089
1.894305
0.713711
-0.381576
-0.262762
-1.136888
-1.820387
-0.865182
0.489029
-0.190156
-1.181203
-1.282753
-1.843717
-3.074869
-2.452845
-1.184729
-0.925198
-1.731478
-1.949608
-1.800821
-0.810804
-0.165858
-1.241742
-2.188358
-1.975692
-1.524027
-1.304242
-0.630064
-1.390412
-1.990718
-1.678657
-1.319893
-0.347294
0.756355
1.156047
-0.184726
-0.583357
0.192576
1.161767
1.846484
1.049543
1.022063
0.750434
0.729718
1.132669
0.921761
1.100645
2.726715
1.805025
0.623333
0.361207
0.211522
0.219743
0.371721
1.102437
0.212310
-1.106209
-1.628387
-1.334333
-0.655124
0.274879
0.367736
0.464223
1.152322
0.477356
-0.991491
-0.833579
-0.017936
1.748837
1.665843
-0.035128
-0.089016
-0.001741
0.528447
0.455766
0.667283
0.457919
-0.423526
-0.157340
-0.082491
-0.450746
-0.780505
0.360162
1.507527
0.606847
0.123665
0.528232
-0.490576
-0.527797
-0.033981
0.863032
1.613283
1.083627
0.570516
1.267848
1.012819
0.410994
0.551999
2.236694
1.790541
-0.973137
-2.238232
-1.431259
-0.938775
-0.361462
-0.599046
-0.477575
0.355881
0.694835
0.633991
0.938394
1.169727
0.813342
1.016396
1.565874
0.922814
-0.170513
0.183473
0.203135
0.205158
0.331673
0.157599
0.433492
0.772388
0.103270
-1.618628
-1.929850
-1.160892
-1.382623
-0.740501
-0.081263
-0.971041
-2.163290
-1.408103
-0.281718
0.119421
-0.224997
-0.013811
-0.108467
0.605337
-0.009944
-1.048461
-0.987617
-0.445066
-0.201631
-1.118262
-1.183591
-0.055108
0.173496
-0.901930
-0.844142
-0.514326
-0.690332
-0.985833
-1.362029
-0.782181
-0.617103
-0.946594
-1.093890
-1.258624
-1.099504
-0.536399
-0.289886
-0.528057
0.826364
1.099806
0.508752
1.627662
0.883490
-0.177681
1.396526
1.577693
1.387032
1.777098
0.834699
0.065677
0.449349
0.097751
0.411984
-0.098845
0.398062
0.328802
-0.419677
-0.464393
-0.279281
-0.715024
0.094656
0.558857
1.428195
1.307592
0.462116
-0.414185
-0.777792
-1.092290
-1.793731
-1.086890
-0.711594
-0.134849
-0.558869
-1.085521
-1.438498
-1.576099
-0.573552
-0.554992
0.546707
-0.012365
-1.226787
-1.261737
-0.781606
0.438486
1.153988
0.568432
0.045464
0.556277
0.711248
0.685955
1.419628
1.774893
0.285671
-0.483975
-0.769025
-0.741362
-0.283539
-0.238063
0.607182
0.475324
-1.152823
-1.485974
-1.107772
-1.370647
-1.600484
-0.857599
1.210772
0.957636
-0.120190
0.137673
0.857512
1.665785
2.381494
1.355518
0.951008
1.961805
1.841655
1.280251
0.924272
1.196504
1.208615
0.990433
1.383536
1.008169
0.345681
-0.452672
-0.902531
-0.124596
-0.604739
-0.972587
-0.476903
-0.015256
0.045303
0.119417
-0.465430
-0.925039
-0.986979
-0.191246
0.531239
-0.048077
-0.138590
-0.383071
-0.227349
-0.090130
0.322046
0.302572
0.067216
0.618095
0.442564
-0.456123
-0.413541
0.297332
1.915694
1.897632
1.361836
0.238633
0.387444
1.280661
0.626937
-0.154809
-0.263047
-0.136351
0.296252
1.177453
0.464620
0.132151
0.439267
-0.053839
-0.299591
-0.670052
-0.410239
0.324266
0.912631
1.376259
1.622110
1.666314
0.993963
0.115849
0.347643
1.200255
1.096977
0.601915
0.409270
0.499862
-0.286975
-0.767501
-0.376718
-1.178474
-0.640928
-0.610551
-0.504391
-0.302451
-1.103968
-1.502255
-0.880526
-0.391532
-0.193169
0.617646
1.389282
0.715961
-0.145185
-0.052366
-0.127776
0.449574
0.147546
0.584081
0.940808
0.985935
1.525609
1.571538
0.400043
0.133316
0.056132
-0.318646
0.314990
0.527181
-0.695614
-1.923947
-1.814165
-1.240754
-0.967225
-0.424212
-0.206896
-0.971860
-1.529794
-0.740061
1.103873
0.618618
-0.251222
-0.921476
-1.266771
-0.724082
-0.481116
-0.291608
-0.124337
-0.530615
0.525650
1.354241
2.179322
1.255240
-0.036759
-0.758326
-1.056036
-1.351303
-1.324874
-2.267160
-2.028342
-1.908990
-2.793284
-2.802279
-1.920093
-0.551111
0.854665
0.925603
-0.187004
0.870924
0.819755
-0.006321
0.310710
0.877794
0.750989
-0.275931
-0.803847
-0.124699
-0.373428
0.011101
-0.050430
-0.306819
