-1.240169
-0.945241
-0.409030
-0.014988
-0.204027
0.236699
1.005365
1.477474
1.131545
1.113598
0.885471
-0.134786
0.122451
0.163302
0.412091
0.633271
0.097795
-0.619450
-1.333838
-1.410670
-1.703025
-2.054526
-1.488274
-1.308996
-1.092922
-0.247035
0.440167
0.732044
0.408410
-0.195885
-0.298096
-0.120037
-0.138324
-0.330860
-0.377723
-0.764865
-1.043760
-0.743385
0.283476
0.508865
0.342406
-0.247056
-0.025916
0.114992
0.182703
0.266914
0.291816
0.784777
1.028737
1.389462
1.577950
1.445651
0.642606
-0.274588
-0.203637
0.089089
0.310687
0.041749
-0.904503
-1.497332
-0.773088
0.732899
1.741625
2.304955
1.805003
0.574203
-0.316713
-0.537873
-0.669855
0.302493
1.565015
1.275029
0.880424
0.324623
-0.144535
-0.054772
0.502199
0.191615
-0.339459
0.137585
0.822295
0.953757
0.827268
0.260197
-0.903809
-2.011628
-1.891946
-1.690519
-1.150282
-0.490089
-0.100240
0.548930
1.043144
0.913137
0.323389
-0.233376
-0.825049
-1.100123
-0.740960
-0.717852
-0.835730
-1.012717
-0.939195
-0.808290
-0.361937
0.178378
-0.306515
-0.231049
0.244842
0.268168
0.061940
0.010952
0.063555
-0.345469
-0.220542
0.232848
-0.013018
-0.340245
-0.655914
-0.602198
-0.384511
0.169187
0.887944
1.166011
1.363559
1.670236
1.831331
1.345818
0.923519
0.906535
0.418121
-0.837624
-2.455338
-3.657937
-2.675825
-0.805003
0.540110
1.404924
1.833543
2.365211
2.718326
2.768930
2.325082
1.907957
0.770461
0.009971
-0.206079
-0.950808
-1.606965
-2.216736
-2.679592
-2.012161
-1.421612
-1.129707
-0.539937
0.303166
0.961461
1.270600
1.432778
1.494875
0.711536
0.467305
0.560592
-0.131158
-0.694960
-1.281752
-1.083871
-0.523947
0.087727
-0.051760
0.133068
0.205879
0.323302
-0.078585
-0.498869
-0.381349
-0.001329
0.139142
0.101475
-0.225837
0.278152
0.339205
0.166772
0.089153
-0.581220
-1.175475
-2.128717
-2.031296
-1.076768
0.262695
1.440942
1.620361
2.043364
2.116897
2.191582
2.011481
1.408012
1.034582
0.946851
0.434222
-0.678627
-0.795514
-1.066091
-1.163954
-1.428558
-2.086535
-2.075913
-1.475995
-1.362113
-0.944470
-0.459001
-0.026793
0.523847
0.984114
1.317207
1.570796
1.727895
1.540446
0.988831
0.644417
-0.391684
-1.070634
-1.310419
-0.569209
-0.123490
-0.515014
-0.336828
-0.497680
-0.865789
-0.850622
-0.597164
-0.764828
-0.905803
-1.419232
-1.615244
-1.206631
-0.769283
-0.592513
-0.603007
-0.363569
-0.473988
-0.622994
-1.230351
-1.402904
-0.859822
-0.341478
-0.013982
0.452155
1.091691
1.622765
1.963275
2.070777
1.797878
1.607713
0.870780
-0.199145
-1.191856
-2.058315
-2.091433
-1.661071
-1.107507
-0.861116
-0.188165
0.577257
0.983590
1.569669
1.342852
0.896722
1.023257
1.095692
0.845889
0.296096
-0.329918
-0.707953
-0.602831
-0.590626
-0.812897
-1.226775
-1.293455
-1.333275
-0.442955
0.468458
0.732867
0.810542
0.807618
1.000351
1.368420
1.491552
1.275646
0.338541
0.336250
-0.090639
-0.093337
-0.296016
-1.154753
-1.520946
-1.326551
-0.239868
0.153727
0.518370
1.057118
1.260981
1.440568
1.142500
0.990349
1.126631
1.154713
1.079057
0.516719
0.514606
0.090599
-0.200715
0.156926
0.093344
-0.618832
-0.889658
-0.792165
-0.444966
-0.137304
0.126302
0.648006
0.696523
0.858657
0.708603
0.661355
0.803263
1.004067
1.220743
0.545471
-0.239407
-0.594504
-0.657501
-0.789540
-1.331266
-1.554354
-1.432537
-0.861008
0.494310
1.800122
2.391206
2.364341
2.210021
2.025192
1.505287
1.412467
0.375318
-0.649043
-1.550898
-2.438723
-2.539037
-1.866175
-1.017320
-0.990452
-0.879423
-0.389003
0.447398
1.231520
1.350010
1.232286
1.029457
1.042284
0.699909
0.205045
-0.037646
-0.749563
-2.175391
-3.144139
-3.837881
-3.709997
-2.066510
-0.548872
-0.266148
0.395710
1.305106
2.254002
2.024718
1.944178
2.329566
3.061471
2.537049
1.588793
0.433044
-0.277075
-1.113628
-2.647816
-3.273849
-2.856386
-2.579006
-1.498716
-0.206579
0.951230
1.408620
1.452324
1.399355
1.116394
0.750252
0.844662
0.261783
-0.200704
-0.883309
-1.504775
-1.985807
-2.081518
-2.161404
-1.562244
-1.401222
-1.686820
-1.209058
-0.636473
0.223454
1.162522
1.323481
0.386905
0.005841
0.137867
0.457940
0.735737
0.458979
0.165797
0.197019
0.049182
-0.011253
-0.172956
0.317553
0.376887
-0.109894
-0.203712
0.322833
0.649133
0.838048
1.240759
1.345029
1.096846
0.947376
0.532642
-0.162944
-0.108313
-0.189599
-0.436681
-0.269948
-0.419950
-0.782447
-0.819396
-0.635151
-0.769151
-0.410405
0.019871
-0.207239
-0.380751
-0.396025
0.053503
0.818053
1.117311
0.842010
1.089323
1.283293
1.304652
0.963454
0.472982
0.618322
0.936583
0.797550
0.112714
0.291216
0.275773
-0.039690
-0.228832
-0.242087
0.214530
0.681913
0.673443
0.475554
0.027762
0.063295
0.286177
0.139672
-0.424272
-1.457914
-1.482570
-1.156226
-0.815526
0.007907
0.140370
-0.187373
0.171599
0.227396
-0.039232
-0.175786
0.442443
-0.099114
-0.928984
-0.909173
-1.221279
-0.667168
0.323678
0.829794
0.999273
0.514961
0.614011
0.997536
1.092726
0.608569
-0.182165
-0.268814
0.052768
0.389966
0.253526
0.118617
0.350751
0.318842
-0.527691
-1.153355
-0.761476
0.049506
0.026517
0.491189
0.417479
0.012716
-0.061618
-0.003021
0.114069
0.379966
1.140784
1.033391
0.959209
0.601681
-0.157374
-0.174125
-0.237698
-0.401517
-0.808257
-0.672283
-0.361633
-0.566442
-0.650024
-0.359324
-0.150667
-0.353058
-0.173632
0.653767
1.152645
0.447848
-0.236536
-0.037900
-0.039753
0.460973
-0.114013
-0.675607
-1.026659
-0.838662
-0.625560
-1.017054
-1.127625
-0.745811
-0.554728
-0.602737
-0.487611
-0.675715
-1.483985
-1.318252
-0.382569
0.579928
0.745291
1.108586
0.441210
-0.253611
-0.643948
-0.511202
-0.331753
0.161463
-0.133528
-0.334647
0.515878
1.027589
0.853522
0.550637
0.833183
1.071119
1.408877
1.360778
0.965255
0.369201
-0.293734
0.102316
0.891169
0.913424
1.006996
0.270526
-0.424817
-0.123218
0.427062
0.602873
1.244834
1.338557
0.764006
0.083611
-0.705772
-0.803803
-0.263585
0.168235
0.346484
0.481008
0.081996
-0.082867
-0.011289
0.558510
1.140286
1.383141
1.269189
0.716169
0.315877
0.591585
0.844769
0.233802
-0.560492
-1.173877
-1.692680
-1.597216
-1.152599
-1.015185
-1.384881
-0.987762
-0.460539
0.021910
-0.199230
-0.250571
-0.814678
-1.776532
-1.720064
-0.788881
-0.255814
0.255408
-0.024353
-0.393903
0.250004
0.347023
0.213326
0.023114
-0.246058
-0.060157
0.108010
-0.024028
0.053680
0.225256
0.755659
0.862189
0.740644
0.994762
1.106536
0.942515
0.546083
0.325904
0.234877
0.343001
0.290326
0.009938
-1.161333
-2.071426
-2.194811
-1.358845
-0.422740
0.588722
1.775129
1.877861
1.720983
1.856187
1.608679
0.740956
-0.368761
-1.617500
-1.810347
-1.209864
-0.241045
0.386572
0.278145
0.052407
0.359465
0.762934
1.108727
1.723244
2.431838
2.421298
1.860844
1.393400
0.437086
-0.330003
-0.582794
-0.726877
-1.278254
-1.962012
-1.939941
-2.011032
-1.596599
-1.027145
-0.742927
-0.173766
0.075855
0.159751
0.576874
0.610213
0.419466
0.528760
-0.171106
-1.052188
-1.132999
-0.542971
-0.223758
-0.044155
-0.022870
-0.285469
0.060272
0.247085
0.146862
0.011775
-0.061457
-0.319812
-0.278461
-0.303475
0.093259
-0.050736
-0.333248
-0.481832
-0.488005
-0.700782
-0.693948
-0.117899
0.488005
0.331842
-0.236609
-0.494657
-0.446414
-0.015220
-0.193144
-0.348701
0.202078
0.383271
0.125329
-0.118200
0.134916
0.004293
-0.258888
-0.453814
-0.387669
-0.406883
0.055951
0.439732
0.720783
1.173913
0.456280
0.071626
0.698934
0.612540
0.182929
0.113838
0.067797
-0.412647
-0.509843
-0.158322
-0.156696
-0.494615
-0.476341
-0.527883
-0.350923
0.196209
0.704668
0.916174
1.232494
1.651476
1.702454
1.482452
0.946333
0.988697
1.030848
0.296912
-0.407286
-0.537348
-0.691952
-0.843154
-0.889690
-0.719962
-0.590184
-0.466739
-0.006764
0.046138
-0.303531
-0.576946
0.027220
0.346232
0.218951
-0.097941
-0.460437
-0.583273
-0.697252
-0.308695
-0.038353
0.182475
0.147973
0.033302
-0.320546
-0.813868
-1.067061
-0.762907
-1.164634
-1.065110
0.100615
1.340332
1.474576
1.705720
1.652599
1.301195
1.451745
1.721939
1.789790
1.160847
-0.042505
-0.443065
-0.825077
-1.215506
-1.151477
-1.123363
-1.000893
-0.925640
-0.346661
0.205616
1.127695
0.971178
1.040616
1.140095
0.843093
0.284207
-0.191159
0.175425
0.642097
1.291782
2.056324
1.780430
0.920095
0.465950
0.155992
0.021938
-0.354025
-1.195279
-1.834279
-2.523342
-2.736758
-2.691218
-2.238614
-1.725253
-1.125986
-0.723967
-0.433045
0.187982
0.186504
-0.554749
-0.938381
-1.175925
-1.206835
-0.769668
-0.397676
-0.079752
0.337145
0.637877
0.950931
1.205733
1.766732
2.041758
1.646734
1.443246
1.042257
0.585335
-0.504500
-1.555032
-1.774942
-1.792735
-1.632368
-1.135516
-0.204723
0.121363
0.433802
0.620600
1.157326
1.379811
1.662215
1.924112
1.280388
1.030302
0.402923
-0.529770
-1.096104
-1.227244
-1.558668
-1.420619
-1.027853
-0.712686
-0.514791
0.527380
1.068240
1.100102
0.700334
0.685544
0.876034
0.758547
0.165681
-0.524728
-0.533962
-1.006358
-1.220302
-0.979175
-1.307083
-1.656247
-1.177216
-0.847537
-0.583204
-0.067850
0.377891
0.435186
0.582302
0.181078
0.100467
-0.193447
-0.503985
-0.524590
-0.153706
0.047859
-0.451119
-0.319362
0.221225
0.420719
0.382005
0.283264
0.483613
1.495207
2.016721
1.696817
1.226033
0.372700
0.048653
-0.150989
-0.567516
-0.675307
-0.302336
-0.278892
0.425792
0.713843
0.890253
0.935547
0.797238
0.919956
0.689843
0.066963
-0.109742
-0.147427
-0.013128
0.032640
0.031917
0.194164
0.272642
0.010228
-0.070153
0.474631
0.829787
0.954323
0.846043
0.495103
0.260834
-0.528010
-1.023061
-1.047488
-0.435884
-0.584744
-0.783865
-0.401796
0.068515
0.209429
0.356662
0.544099
0.129297
-0.231658
-0.765973
-1.156341
-0.683060
-0.028973
-0.003341
-0.253141
-0.288339
-0.237474
-0.594622
-0.907925
-0.367217
0.173594
0.556750
0.370443
0.009663
-0.114801
-0.196121
-0.376744
-0.445433
-0.538809
-0.313761
-0.389553
0.068985
-0.613412
-0.626781
-0.482963
-0.435235
-0.147374
-0.272999
-0.271402
-0.391767
-0.968418
-1.064358
-1.202756
-0.769789
-0.868522
-0.515851
-0.365581
-0.163646
-0.252974
-0.379328
-0.067914
-0.232179
-0.138322
0.808473
0.780665
