-0.337086
-0.216589
0.178790
0.419643
0.876455
1.187286
1.213070
0.889247
0.487594
0.900106
0.857176
0.755960
0.621283
-0.012884
-0.601243
-0.540091
-0.506530
-0.477840
-0.683561
-1.005230
-1.582350
-1.562539
-1.317279
-0.871404
-0.403838
-0.494579
-0.362502
-0.472749
-0.637087
-0.456205
-0.131014
0.308169
0.307962
0.311637
0.458093
0.431447
0.107625
-0.426088
-0.544433
-0.721336
-0.919876
-0.748101
-0.480801
-0.523388
-0.450006
-0.140800
0.347741
1.385042
1.705059
1.717057
1.951452
2.241777
1.943501
0.619858
0.020723
0.138658
-0.053172
-0.840867
-1.754497
-2.009425
-1.575555
-0.672648
-0.135684
0.317464
-0.067366
-0.640243
-1.267587
-1.550776
-1.270621
-0.099490
0.964582
1.288455
1.046949
0.613042
0.290253
-0.054678
-0.279957
-0.207202
-0.400985
-0.512906
-0.801307
-1.298710
-1.001685
-0.370544
-0.432449
-1.089828
-0.966640
-0.943989
-0.729117
-0.602167
0.098714
0.894517
1.499819
1.586679
1.546711
1.555578
1.301946
0.739568
0.258289
-0.391196
-0.739498
-0.728309
-0.864881
-0.712889
-0.178846
0.453736
0.091653
-0.032141
0.097556
0.341326
0.313311
0.697977
0.785359
0.532393
0.455499
0.770494
0.691171
0.305976
-0.293004
-0.912218
-1.108589
-1.110501
-0.698776
0.088981
0.783224
1.377158
1.791428
1.666383
1.625022
1.626332
1.471630
0.827660
-0.241697
-1.468820
-1.866274
-1.644250
-1.128947
-0.542407
-0.028960
0.397874
1.061339
1.569287
1.038168
0.538237
0.068345
0.485426
0.895104
0.469046
-0.097156
-0.620012
-0.972333
-1.539411
-1.953055
-2.269515
-2.017932
-1.224296
-0.216870
0.363989
0.547056
0.640182
0.618403
0.562030
1.124744
1.198784
0.951243
0.470831
0.277740
0.716454
0.993285
0.831329
0.385359
0.031293
-0.281524
-0.541954
-1.035219
-1.110176
-0.869849
-0.247093
0.602163
1.109813
1.710851
1.802678
2.041146
1.708094
0.898169
-0.040026
-0.533496
-0.880182
-1.510577
-1.472108
-1.176914
-1.190537
-0.926643
-0.603501
0.154282
0.600465
0.338418
0.121521
0.024904
-0.601860
-0.821075
-0.533911
-0.626106
-0.507342
-0.597860
-1.139883
-1.132784
-1.081078
-0.917300
0.016738
0.564641
-0.048469
-0.053908
0.723458
1.120740
0.987063
0.958062
0.523731
0.099946
-0.537661
-0.889738
-1.239425
-1.295903
-1.074805
-0.990662
-0.578526
-0.371637
-0.790864
-1.455964
-1.221690
-0.922123
-0.466759
-0.413778
-0.581798
-0.360260
-0.086735
0.220146
0.224500
0.212315
0.273659
0.140173
0.178589
0.345382
0.356439
0.315940
0.045806
-0.223985
0.116342
1.122836
1.987942
2.176880
1.857994
1.292650
1.066709
1.098821
0.945285
0.183902
-0.409806
-0.014908
0.046193
0.049383
0.113519
0.017651
0.261596
0.067561
0.087484
-0.170589
-0.038546
0.118869
0.002077
-0.092321
-0.085891
-0.379391
-0.178800
-0.072518
0.174091
0.354646
0.545167
0.916893
1.319782
0.820985
0.119492
-0.683196
-1.486053
-1.716715
-1.492935
-1.054987
-1.334837
-1.585522
-1.595451
-0.948051
-0.561231
-0.104700
0.093345
0.184913
0.193106
-0.025063
-0.079180
-0.731905
-0.741897
-0.761122
-0.963056
-1.172113
-1.296250
-0.817592
-0.210234
0.503955
1.335392
2.236012
2.445010
1.937021
1.588219
1.776200
1.686648
0.849232
0.318103
-0.245031
-0.507725
-0.589105
-0.948847
-0.559782
-0.286772
0.139190
0.192155
0.137296
0.524008
0.323808
0.358701
0.457150
0.861688
1.104690
1.021003
0.186132
0.196654
0.376254
0.068565
-0.567939
-0.949669
-0.960788
-0.919246
-0.480193
-0.215505
0.219793
0.260964
0.819026
0.920118
0.354519
-0.269771
-0.217177
0.337391
1.340585
1.443681
0.143232
-0.615609
-0.474283
-0.132162
0.154526
0.070160
-0.056013
0.601544
1.081243
1.122394
0.748682
-0.008492
-0.882407
-1.269456
-1.981866
-1.941780
-1.581844
-1.185097
-0.258282
-0.104436
0.045547
0.250482
0.707405
0.885053
0.812616
1.291859
1.491534
0.639409
-0.276205
-0.788356
-0.746136
-0.628787
-0.924967
-1.461539
-1.859212
-2.197566
-1.794322
-1.356376
-0.620049
-0.041536
0.474015
1.295124
1.854224
1.629810
1.063238
0.138257
-0.218848
-0.382403
-0.237254
-0.156320
-0.267448
-0.354968
-0.092483
0.332115
0.888255
1.464008
1.943693
2.328925
2.356975
1.428767
0.304519
-0.375578
-0.428433
-0.706929
-0.838720
-1.181068
-1.088126
-0.819414
-0.541942
-0.627885
-0.820893
-0.462800
-0.388628
-0.525730
-0.433769
-0.266283
-0.315521
-0.328616
-0.077721
-0.183834
-0.271128
-0.217455
-0.038462
0.253099
0.311285
-0.015555
-0.096290
0.107840
0.166111
-0.043349
0.130414
0.354864
0.199279
0.182463
0.248676
-0.015017
0.227398
0.214921
-0.135121
-0.119390
-0.215797
-0.551219
-0.713209
-0.493237
-0.447402
-0.188290
-0.097190
-0.134608
-0.425637
-0.174747
-0.113691
-0.350302
-0.796324
-0.945940
-0.964705
-1.418749
-1.554252
-0.784538
0.088193
0.534799
0.664912
0.489483
0.314917
0.356218
0.356749
0.012721
-0.021119
-0.086119
-0.340437
-0.008178
0.161395
0.673871
0.435368
0.500153
0.639708
0.692559
0.755108
0.554402
0.018951
-0.391398
-0.320429
-0.342874
-0.481966
-0.089989
-0.337076
-0.698491
-0.588743
0.094281
0.437241
0.308468
0.473750
0.145956
-0.151748
-0.193578
0.308552
0.828237
0.437211
-0.276159
-0.630053
-0.495036
-0.251461
0.045379
0.478331
1.028384
0.932271
0.457055
0.159311
0.459808
0.384349
0.043040
-0.156951
-0.297462
-0.616031
-0.159181
0.275347
0.699763
0.847895
0.890128
0.845962
0.781918
0.487317
0.471461
1.061230
1.646945
1.894540
1.664803
1.423941
1.296043
1.008673
0.174571
-0.419349
-0.204420
-0.010939
-0.079591
-0.762972
-1.224654
-1.214655
-0.779710
-0.748945
-1.414932
-1.987204
-1.765807
-1.100077
-0.939132
-0.800204
-0.822952
-1.364830
-1.161885
-0.688757
-0.179187
0.033839
0.011790
-0.572715
-0.956603
-0.754522
-0.352155
0.057098
0.418328
0.773193
0.999339
1.548240
1.471311
1.031487
0.447375
0.125397
0.184974
0.799061
0.975698
0.939274
0.886745
0.560887
0.809310
0.620817
-0.013907
-0.544773
-0.755116
-0.690491
-0.562249
-0.589142
-1.050821
-1.182689
-1.290556
-0.847959
-0.110672
0.500058
1.041554
1.457341
0.436728
-0.497560
-0.806194
-0.836107
-0.578541
-0.490152
-0.246121
0.233718
0.742892
0.837791
0.644806
0.391463
0.278232
0.355514
0.079503
0.034481
-0.059225
-0.465874
-0.138323
0.161205
0.104046
-0.103259
-0.065073
-0.102961
-0.177052
0.237246
0.616270
0.399916
-0.273012
-0.439904
0.213191
0.414545
0.801877
0.678010
0.238439
0.552696
0.681116
0.974983
0.970796
0.637278
-0.055661
-0.541988
-0.700553
-0.594578
-0.411114
-0.233901
0.354714
0.889911
0.746354
0.432249
-0.207321
-0.466722
-0.278502
-0.146470
0.433471
1.069668
1.621399
0.885175
-0.435544
-1.492780
-1.616124
-1.380178
-1.072505
-0.799454
-0.891558
-1.501800
-1.545684
-1.177789
-1.551047
-1.544683
-1.255892
-0.137663
0.818294
1.985327
2.074385
1.266908
0.323269
0.008721
-0.178112
0.027773
0.772803
1.183152
1.176400
0.943083
0.363537
0.104081
-0.590912
-1.359843
-1.336830
-1.110415
-1.037478
-0.774110
-0.840742
-0.359551
0.327830
0.673605
0.462472
0.540869
0.870745
1.391790
1.234958
1.446903
1.573804
1.178663
0.557502
0.220699
-0.198671
-0.277162
-0.512517
-0.482544
-0.576016
-0.174581
0.063355
0.406646
0.487521
0.407750
0.546387
0.599656
0.570613
0.164530
-0.235097
-0.599945
-1.020696
-0.816435
-0.619620
-0.379225
-0.122704
0.390426
0.436288
-0.239506
-0.554890
-0.741856
-0.690327
-0.458302
-0.401200
0.037388
0.474970
0.402680
0.362897
0.677841
0.980398
1.097886
1.056632
1.117631
1.079553
1.194113
0.979134
0.185262
-0.826404
-1.918293
-2.396638
-2.302454
-2.386923
-2.220064
-2.067751
-1.450145
-0.914078
0.082768
0.718112
0.941944
0.755745
0.544507
0.267998
0.024314
-0.439582
-0.736973
-1.162578
-1.455698
-0.488599
0.944296
1.365090
1.382246
1.198952
1.247893
0.808056
-0.030602
-0.414087
-0.604088
-0.568239
-0.637999
-0.641890
-0.470153
-0.775970
-1.124374
-1.062950
-1.019822
-0.460063
0.246705
0.849547
1.156158
0.561022
0.124372
0.203686
0.520467
1.209327
1.528484
1.362044
1.543837
1.854629
1.893020
1.299063
0.313031
-0.226822
-0.703788
-0.577705
-0.048873
0.323065
0.024370
0.504223
0.875895
0.895979
1.297982
1.611700
1.463279
0.479536
-0.082485
-0.124687
-0.124325
-0.123310
-0.038474
0.004696
-0.524186
-0.896450
-0.874266
-0.872548
-0.658122
-0.395985
0.366244
1.158051
1.220296
0.756495
0.405469
0.862661
1.002691
1.122767
1.148929
1.024318
0.200003
-0.348334
-0.280129
-0.441012
-0.882817
-0.987579
-0.862903
-0.590136
-0.621221
-0.790313
-0.919959
-0.741549
-0.225563
0.489447
1.519264
2.287739
2.064057
1.605226
0.895790
-0.066860
-0.546616
-0.710095
-1.382714
-1.415313
-0.677766
-0.529485
0.082184
0.621120
0.854842
0.751267
0.926966
0.891636
0.188222
-0.368547
-1.247907
-2.525384
-3.927359
-4.418242
-4.226783
-3.618351
-2.701639
-1.393203
-0.560263
0.111007
0.770882
1.726654
2.524772
2.839373
2.282376
1.527039
0.096029
-1.044792
-2.425949
-3.730112
-4.368437
-4.435146
-3.757373
-2.915957
-1.750995
-0.261239
0.646574
1.814276
2.459720
2.902256
2.700527
2.342147
2.076683
1.682190
0.989885
-0.044584
-1.228086
-1.645542
-1.603367
-1.580843
-1.463095
-1.281247
-0.715539
-0.297053
0.246802
0.778224
0.737632
0.705127
1.055329
1.163285
1.236098
0.979622
0.966451
0.983799
0.388670
0.309187
0.281563
0.064063
-0.218599
-0.999079
-0.977868
0.233492
1.076728
1.143923
0.803451
0.462696
0.546113
0.520482
-0.190366
-0.542695
-0.336851
0.123725
0.291890
0.420184
0.625011
0.889007
0.284542
-0.212484
-0.041032
-0.346679
-0.123748
0.281620
0.210362
0.485440
0.262663
0.239628
0.800902
0.950553
1.301159
1.294246
1.273193
0.973855
0.832473
0.398668
0.100359
-0.408479
-0.333238
0.082266
0.591481
0.873042
1.101504
0.900343
0.590160
0.320422
0.269405
-0.183942
-0.697154
-1.142548
-1.345350
-1.819654
-1.481518
-0.917724
-0.423061
0.185189
0.371500
-0.008050
0.000107
0.074971
0.269423
0.463977
0.914111
1.131144
1.150879
1.682669
1.366283
0.475025
-0.719676
-1.731631
-1.908962
-1.532021
-1.190018
-0.893692
-1.136394
-0.752722
-0.464870
-0.125358
0.162132
0.163986
-0.197712
-0.232989
-0.365414
-0.996261
-1.835618
-2.409963
-2.439158
-2.021684
-1.095121
-0.078624
0.672916
1.076510
1.102449
1.433392
2.099351
2.289030
