-0.988197
-1.577238
-1.995772
-2.247727
-2.513734
-2.198399
-1.650477
-1.180453
-1.026747
-0.774630
-0.803453
-0.732266
-0.548453
-0.122176
0.321749
0.747971
0.632850
0.120721
-0.391272
-0.846237
-1.188674
-1.440063
-1.300450
-1.304419
-1.151717
-0.680105
0.339780
1.078500
1.379831
1.216504
1.010911
1.005462
0.994999
0.725952
0.557107
0.013743
-0.583340
-0.768729
-0.835889
-0.675313
-0.661009
-0.417793
-0.259596
0.108392
0.554998
1.145732
1.431399
1.783814
1.961251
2.221743
2.357315
2.263433
1.689800
0.901503
0.683800
0.625401
0.515914
0.321283
-0.221553
-0.510420
-0.391264
0.283292
0.736771
0.606790
0.248867
-0.362198
-0.998801
-1.025892
-0.588518
0.106513
0.874396
1.200234
1.318756
1.189210
0.723222
0.520156
0.518111
0.429515
0.183201
0.122552
0.079337
-0.091600
-0.181360
-0.455735
-1.020689
-1.811155
-1.861327
-1.716993
-1.329856
-0.991271
-0.711509
-0.511937
-0.157445
0.018295
0.129528
-0.266823
-0.554898
-0.885674
-1.297369
-1.548311
-1.896826
-1.756953
-1.571719
-1.212716
-0.627960
-0.376975
-0.457458
-0.269589
-0.062430
0.086556
0.205067
0.435008
0.608553
0.584479
0.539985
0.596855
0.420511
-0.078436
-0.569824
-0.932777
-0.778930
-0.117377
0.927435
1.526501
1.935254
2.287981
2.802014
2.856081
2.690113
2.281278
1.664903
0.764939
-0.791674
-2.316760
-2.815347
-2.014342
-1.185346
-0.169356
0.801998
1.715288
2.235791
2.405405
2.088484
1.790666
1.112091
0.435580
0.015500
-0.646651
-1.514608
-2.217826
-2.550751
-2.610547
-2.323368
-1.981962
-1.562049
-1.225514
-1.021940
-0.935572
-0.555048
-0.109299
0.133168
0.359675
0.826314
0.866397
0.594954
0.309099
0.052860
-0.080777
-0.443818
-0.675863
-0.810200
-0.624830
-0.142958
0.102200
0.202500
0.420214
0.958527
1.725386
2.098527
2.132271
2.092628
1.739394
1.616333
1.292628
0.547022
-0.410055
-1.358867
-2.356158
-2.738924
-2.582267
-2.007850
-1.880530
-1.447923
-0.994713
-0.408853
0.127381
0.097688
0.098188
0.036561
-0.197937
-0.592870
-0.412236
-0.205002
-0.140171
-0.461617
-0.928533
-1.320837
-1.424882
-1.739398
-1.575462
-1.498929
-1.458949
-0.932750
0.061732
0.964669
1.412632
1.658502
1.526057
1.400057
1.020746
0.547199
0.330895
0.293800
0.290691
0.209069
0.061770
0.321277
0.338920
0.208877
0.352059
0.532562
0.677806
0.710187
0.610096
0.737740
0.897169
0.810851
0.805730
0.931429
0.968921
0.623742
0.383696
-0.049196
-0.439025
-0.054270
0.315459
0.682803
1.149165
1.608067
1.988143
1.965441
1.775576
1.711853
1.443202
0.787251
-0.240646
-0.951401
-1.703106
-1.860899
-1.954074
-1.691157
-1.383264
-1.170577
-0.891007
-0.469601
0.213032
0.451892
0.665655
0.756705
0.544525
0.097975
-0.294686
-0.474066
-0.479362
-0.406651
-0.529794
-0.688152
-0.981221
-0.761786
-0.523305
-0.421231
-0.304801
-0.117171
-0.195746
-0.065400
0.071368
0.466881
0.689832
0.669682
0.666199
1.327996
1.689718
1.556642
1.278510
0.666588
0.006299
-0.654110
-1.211707
-1.597711
-1.470672
-1.218925
-0.674518
-0.410814
-0.223158
0.199861
0.563309
0.851260
1.067497
1.067606
0.931843
0.895069
0.687200
0.807231
0.361039
-0.411710
-1.002443
-1.067582
-0.954263
-0.868361
-0.814361
-0.443513
-0.276657
0.106409
0.133618
0.366199
0.333839
0.211482
0.498931
0.285237
-0.007508
-0.393810
-0.439788
-0.402310
-0.390704
-0.416579
-0.596887
-0.453654
-0.152140
0.511515
0.800444
1.183764
1.606419
1.739456
1.501107
1.302234
0.696083
-0.035861
-0.944474
-1.577597
-1.914375
-1.836054
-1.632131
-1.347053
-0.869107
-0.386090
0.078791
0.773331
1.389620
1.573531
1.829357
1.840974
1.464312
1.110588
0.535467
-0.108460
-0.994787
-1.952157
-2.449483
-2.626143
-2.253170
-1.569088
-0.963631
-0.488232
0.161512
0.837358
1.073810
1.152317
1.562716
1.817757
1.443101
0.898870
0.470937
-0.035506
-0.631662
-1.329472
-1.644347
-1.613558
-1.549169
-1.310402
-0.786970
0.041555
0.771015
1.336707
1.697717
1.763073
1.500596
1.167176
0.617388
0.018068
-0.736860
-1.579596
-2.057167
-1.992080
-1.382761
-0.557084
-0.041803
0.420824
0.895446
1.306129
1.922707
2.062518
1.643875
1.240940
0.835649
0.798064
0.494849
0.291565
-0.040364
-0.249684
-0.226256
-0.064427
0.023863
-0.091514
-0.141365
-0.364742
-0.445950
-0.381995
-0.274467
-0.041016
0.357909
0.378184
0.185427
-0.126280
-0.231708
-0.393591
-1.021501
-1.382491
-1.441473
-1.086518
-0.700748
-0.539855
-0.532224
-0.426025
-0.427072
-0.256037
-0.000205
0.439448
0.411334
0.421267
0.277995
0.332767
0.611087
0.690385
0.493139
0.534951
0.538900
0.423524
0.313195
0.097580
0.468724
0.828260
0.725810
0.502189
0.362734
0.087552
-0.536123
-0.939023
-1.080862
-0.756836
-0.557588
-0.431180
-0.836459
-1.156095
-0.864155
-0.438542
-0.543805
-1.078285
-1.549556
-1.434605
-1.203024
-0.826153
-0.369913
-0.007905
0.159318
0.282263
0.454906
0.399396
0.301220
0.208969
-0.044172
-0.235782
-0.220455
-0.044016
0.216130
0.392071
0.488257
0.475461
0.395376
0.731160
1.005205
0.940949
0.463075
0.297967
0.102784
0.197295
0.171729
0.606510
0.645097
0.810468
0.254323
-0.350815
-0.664883
-0.651663
-0.339779
-0.354192
-0.289305
-0.342880
-0.364615
-0.416107
-0.373265
-0.288909
-0.098333
0.178623
0.499672
0.578835
0.722410
0.581049
0.569162
0.524050
0.275998
-0.147596
-0.317218
-0.228559
0.025275
0.234600
0.310941
0.592756
0.715844
0.975617
1.032970
1.123489
0.887683
0.399373
0.006211
-0.131323
-0.040220
-0.450130
-0.719374
-0.971633
-0.705807
-0.687003
-0.963574
-1.175100
-1.037203
-0.901606
-0.670193
-0.587869
-0.591405
-0.771418
-0.519546
-0.115400
0.441479
0.960496
1.218299
0.740955
0.245379
-0.032871
-0.201648
0.056237
0.274428
0.334993
0.327292
0.665281
0.894726
0.902380
0.819250
0.356342
-0.006417
0.100199
-0.065720
-0.215874
-0.375871
-0.846306
-0.564013
-0.136643
0.278964
0.614632
0.887844
0.791697
0.739595
0.730915
0.855676
0.913312
0.847387
0.439672
0.086760
-0.476557
-0.813489
-0.428894
-0.517847
-0.395146
-0.568309
-0.586591
-0.569864
-0.252346
0.022065
0.438053
0.877139
0.796905
0.671220
0.652016
0.848936
0.763107
0.461355
0.029498
-0.278388
-0.649645
-0.848696
-0.532486
-0.035215
0.500796
1.317336
1.693352
1.640326
1.617116
1.579974
1.046085
0.097351
-0.263018
-0.265634
-0.283374
-0.184822
-0.385890
-1.048561
-1.388728
-1.584105
-1.279166
-0.882540
-0.543832
-0.148321
-0.163930
-0.391318
-0.467350
0.184765
1.094014
1.571300
1.220193
1.001978
0.549049
0.298976
0.015132
-0.407235
-1.002178
-1.323364
-1.356957
-1.024954
-1.062803
-1.314496
-1.005969
-0.677027
-0.540563
-0.219460
0.623056
0.963352
0.986975
0.952400
0.908553
0.422058
-0.369825
-1.393437
-1.662146
-1.364620
-0.938192
-0.356584
0.096793
0.466938
1.083390
1.637040
2.151761
2.724755
2.965071
2.692278
1.892195
1.156857
0.074620
-1.138166
-1.986645
-2.225753
-2.619538
-2.707966
-2.690488
-2.738979
-2.178737
-1.505525
-0.636614
-0.097775
0.213678
0.540600
1.107136
1.266957
1.529638
1.474050
0.974223
0.077861
-0.514232
-0.760215
-0.800404
-1.072112
-1.322586
-1.244066
-0.865574
-0.597473
-0.400586
-0.095387
-0.146725
-0.064565
0.098469
0.213780
0.497799
0.793629
0.721728
0.213961
-0.456972
-1.007205
-1.134062
-0.854591
-0.154728
0.134269
-0.137956
-0.056846
0.240994
0.280227
0.153326
0.310949
0.704324
0.966593
0.917242
1.013052
1.195268
0.970687
0.648364
0.372577
0.151503
0.402094
0.466940
0.606845
0.671977
0.862356
0.614816
0.338070
0.387837
0.195340
0.023540
-0.024218
-0.189325
-0.132975
-0.068883
0.048143
0.182345
0.073725
-0.313747
-0.881928
-1.156222
-1.032817
-0.538857
-0.123299
0.367907
1.068813
1.376169
1.221308
1.103887
1.132623
0.896410
0.371809
-0.263487
-0.490101
-0.601069
-0.709623
-0.611512
-0.355465
-0.260842
-0.173872
0.020119
0.323769
0.209323
0.147095
0.443406
0.537977
0.581975
0.356461
0.230412
-0.122876
-0.203130
-0.191629
0.000848
-0.106058
-0.130542
-0.078853
-0.329309
-0.681912
-1.130851
-1.314816
-1.734224
-1.795446
-0.960608
-0.075759
0.151210
0.713178
0.807286
0.689084
0.796546
0.855220
1.035802
0.851830
0.523831
0.237112
-0.033973
-0.708987
-0.928416
-0.774147
-0.687882
-0.503291
-0.090561
0.437567
1.095682
1.117676
1.434933
1.240659
0.626344
0.225327
-0.114519
-0.249781
-0.179700
0.018995
0.165462
0.099641
-0.250432
-0.176051
0.267404
0.836943
0.968694
0.635954
0.179923
-0.047358
-0.199418
0.099008
0.022384
-0.009448
-0.111356
-0.355150
-0.677794
-0.896694
-1.030804
-1.295749
-1.306917
-1.611102
-1.633037
-1.456391
-1.058838
-0.562037
0.136761
0.618820
0.844128
1.293608
1.694780
2.025606
2.007527
1.594601
1.041942
0.315411
-0.597953
-1.217220
-1.510750
-1.526590
-1.678382
-1.588044
-1.186767
-0.817232
-0.326240
0.339808
0.991150
1.418954
1.622568
1.809674
1.748258
1.435270
0.719444
-0.348510
-1.156448
-1.919847
-2.291951
-2.460698
-2.181982
-1.688409
-1.010086
-0.130561
0.526316
0.950542
1.199161
1.190622
1.195167
1.244801
0.688569
0.061161
-0.346449
-0.553643
-0.844195
-1.076127
-1.444339
-1.827076
-1.885603
-1.516134
-1.191066
-0.820343
-0.234753
0.207605
0.313259
0.160345
0.236190
0.161312
0.205813
0.189920
0.053936
-0.334647
-0.690620
-0.864492
-0.612680
-0.338678
-0.234992
0.094111
0.503675
1.492054
2.130185
2.434764
2.364824
1.757406
1.130170
0.853593
0.424310
0.347207
0.212057
-0.038685
-0.202031
-0.261849
-0.003602
0.293392
0.328303
0.019361
0.121563
-0.057482
-0.051714
0.188296
0.416031
0.315445
0.314932
0.165211
0.224050
0.438278
0.780423
0.904035
0.891167
0.846535
0.501701
-0.016629
-0.319089
-0.750213
-0.970324
-0.588514
-0.018929
0.542004
0.934806
1.208518
1.279855
1.248144
1.219479
0.819626
0.255391
-0.270022
-0.918462
-1.464059
-1.260054
-0.792755
-0.372865
0.116437
0.358198
0.261874
0.272028
0.315184
0.434029
0.419887
0.027117
-0.638595
-0.895229
-0.716187
-0.906952
-1.303137
-1.352506
-1.154547
-0.994219
-0.513227
0.082059
0.260580
0.250464
0.484954
0.653198
1.124210
1.166770
0.901891
0.417236
0.004245
-0.598585
-0.966119
-1.192296
-1.397322
-1.013492
-0.904203
-0.491651
-0.287660
-0.109957
0.116088
0.398051
0.730750
1.270911
1.251178
