-0.753621
-1.397087
-1.774889
-2.118439
-2.349270
-2.302952
-1.935035
-1.635239
-1.731904
-1.511389
-1.180693
-0.998662
-0.598391
-0.225547
0.169490
0.672147
0.571456
0.469298
0.244130
-0.044181
-0.468460
-0.811527
-1.036876
-1.155020
-1.141263
-0.954738
-0.174003
0.713314
1.216373
1.311343
1.365972
1.362880
1.242442
1.243209
1.323295
0.955944
0.192508
-0.445280
-0.743533
-0.955593
-1.061200
-0.732089
-0.354174
-0.023881
0.252051
0.772119
1.148478
1.699566
1.748571
1.870096
1.993807
2.147781
1.872000
1.523206
1.206340
1.033894
0.933022
0.752670
0.503889
0.249541
0.124370
0.132470
0.063587
-0.286240
-0.607728
-1.030875
-1.363334
-1.393751
-1.007902
-0.386465
0.415043
1.059288
1.520520
1.525233
1.116019
0.697222
0.341238
0.143993
-0.194574
-0.488818
-0.761056
-0.908880
-1.105458
-1.121082
-1.153111
-1.502090
-1.552695
-1.423153
-1.074400
-0.889580
-0.636430
-0.569813
-0.249638
0.148644
0.363990
0.250075
0.114492
-0.065181
-0.555148
-1.017542
-1.440428
-1.552516
-1.506882
-1.307564
-0.787675
-0.686220
-0.759999
-0.590608
-0.404353
0.080161
0.419942
0.742503
0.904436
0.886655
0.728105
0.659802
0.382373
-0.177172
-0.849848
-1.177424
-1.162604
-0.691925
0.117353
0.771151
1.256952
1.808276
2.264597
2.669442
2.645744
2.525955
2.209490
1.634840
0.597248
-0.643897
-1.680450
-1.916020
-1.762708
-0.978576
-0.115501
0.818217
1.523117
1.674770
1.510731
1.245111
0.877663
0.628307
0.373893
0.145564
-0.390948
-0.785083
-1.206089
-1.504743
-1.842074
-2.010753
-1.876266
-1.927617
-1.982350
-2.026687
-1.573983
-0.936239
-0.241709
0.435415
1.088132
1.480770
1.469360
1.096209
0.755709
0.399321
-0.279166
-0.956075
-1.311397
-1.263983
-1.075279
-0.741059
-0.295764
0.253926
0.852949
1.537138
2.106317
2.257419
2.340790
2.151589
1.924197
1.512882
0.847172
0.231061
-0.500986
-1.391854
-2.318575
-2.888356
-2.967855
-2.974539
-2.950415
-2.661916
-2.023004
-1.430834
-1.217257
-0.979069
-0.913167
-1.008646
-0.770512
-0.261660
0.042713
0.104489
-0.061968
-0.470357
-0.584057
-0.793129
-1.181280
-1.037892
-0.861352
-0.949512
-0.716929
0.168074
0.851564
1.133750
1.353750
1.357784
1.249289
1.028750
0.842317
0.654813
0.624041
0.504951
0.313805
0.534119
0.880840
1.012654
1.013620
1.138855
1.180349
1.423770
1.570149
1.716995
1.715714
1.742100
1.668276
1.550885
1.544371
1.340952
0.916060
0.700995
0.317306
0.323791
0.658632
0.987075
1.197049
1.613373
1.792080
1.778812
1.524455
1.355090
1.174466
0.818147
0.478797
-0.194222
-0.596623
-0.793643
-0.700602
-0.903516
-0.902947
-0.986157
-1.036268
-1.024507
-1.008433
-0.642433
-0.426769
-0.001989
0.199090
0.016880
-0.267429
-0.499562
-0.538387
-0.548079
-0.371472
-0.477493
-0.381561
-0.400070
-0.203082
-0.225557
-0.608546
-0.862604
-1.170769
-1.360986
-1.128811
-0.773097
-0.304021
-0.100585
0.001534
0.232943
0.933222
1.374418
1.615639
1.603340
1.179506
0.593552
-0.230332
-1.083973
-1.902325
-1.907667
-1.800510
-1.553589
-1.430928
-1.143752
-0.652279
0.024877
0.521292
0.960003
1.437410
1.549744
1.397946
1.094545
0.960165
0.559737
-0.122893
-0.524884
-0.704986
-0.607558
-0.650492
-0.604948
-0.515037
-0.369096
-0.261741
-0.234582
-0.263908
-0.411955
-0.518975
-0.264197
-0.095211
0.119318
0.248643
0.323125
0.352544
0.595449
0.572816
0.410052
-0.048266
-0.605950
-0.728826
-0.589125
-0.358431
0.018051
0.486883
0.627536
0.569925
0.269195
-0.030292
-0.480927
-0.452812
-0.394790
-0.331361
-0.392608
-0.612058
-0.543145
-0.232046
0.066611
0.217005
0.644744
0.930306
1.160908
1.295835
1.199177
0.883070
0.482919
0.020905
-0.536738
-1.269574
-1.836047
-1.997283
-1.785808
-1.411833
-1.098073
-0.785218
-0.205114
0.392761
0.604658
0.681769
0.816366
0.805060
0.352478
-0.133615
-0.285308
-0.380805
-0.436714
-0.591609
-0.521349
-0.377964
-0.439715
-0.343875
-0.112099
0.276926
0.699096
1.089277
1.526502
1.705009
1.468834
1.168776
0.441574
-0.099509
-0.774974
-1.405748
-1.597510
-1.538871
-0.995909
-0.147167
0.549792
1.317057
2.094849
2.465870
2.667768
2.562396
2.069754
1.472683
1.111474
0.845932
0.460847
0.156592
-0.378312
-0.564767
-0.422846
-0.394299
-0.202392
-0.423050
-0.468339
-0.665402
-0.738116
-0.805304
-0.832699
-0.741521
-0.628739
-0.612689
-0.550195
-0.477116
-0.567594
-0.591116
-0.791182
-0.995673
-1.050560
-0.974476
-0.630464
-0.364851
-0.122039
0.206975
0.325816
0.478783
0.705920
0.977453
0.954561
0.964936
0.721554
0.535008
0.662058
0.375536
0.079873
-0.123054
-0.241030
-0.218825
-0.317014
-0.387532
-0.054477
0.027226
0.163639
-0.038712
-0.282165
-0.639236
-0.837260
-1.081682
-1.323786
-1.276465
-1.220238
-1.109675
-1.346108
-1.276555
-1.016198
-0.755259
-0.614537
-0.732897
-0.915726
-0.815185
-0.730677
-0.748581
-0.573840
-0.248728
0.258489
0.485776
0.520407
0.593286
0.504043
0.538054
0.431338
0.263746
0.280515
0.082326
0.072045
-0.003455
0.085721
-0.045213
-0.000564
0.412885
0.775707
0.721192
0.416217
0.386502
0.330480
0.291705
0.269344
0.536626
0.693492
0.721751
0.343269
0.038318
-0.125071
-0.113508
-0.073472
-0.199088
-0.142334
-0.074497
0.026248
0.102641
0.143497
0.220642
-0.079866
-0.068717
-0.024037
-0.192618
0.051026
0.045453
0.035056
-0.122470
-0.219675
-0.360778
-0.394449
-0.197154
0.147991
0.577358
1.005082
1.609127
1.839964
1.949130
1.881127
1.963721
1.637596
1.203896
0.730069
0.363543
-0.027364
-0.627085
-1.107154
-1.336224
-1.221763
-1.087272
-1.443884
-1.748602
-1.629664
-1.274975
-0.952850
-0.761041
-0.652871
-0.584373
-0.358941
0.008086
0.393955
0.741674
0.849105
0.421453
-0.018757
-0.265493
-0.408054
-0.187555
0.004963
0.307575
0.543662
0.837695
0.798832
0.684073
0.491608
0.083364
-0.357064
-0.383553
-0.526991
-0.545313
-0.690326
-0.865654
-0.615361
-0.359630
-0.107455
-0.038172
0.322223
0.710392
0.897586
0.648797
0.285655
0.098242
-0.195545
-0.434084
-0.395307
-0.424183
-0.253363
-0.031660
-0.458612
-0.597572
-0.641102
-0.657093
-0.520996
-0.474358
-0.463749
-0.209492
0.179613
0.111135
-0.111813
0.107524
0.283133
0.324445
0.176900
0.033615
0.105030
0.008013
0.301179
0.579352
0.903004
1.145808
1.637299
1.971302
1.811864
1.913030
1.878954
1.526611
0.929614
0.487806
0.364136
0.115855
-0.150467
-0.569202
-1.157241
-1.343457
-1.394588
-0.884988
-0.296894
-0.000644
0.341931
0.439590
0.237331
-0.061936
0.392055
1.077706
1.506981
1.435963
1.123708
0.484681
0.026434
-0.346648
-0.837502
-1.359604
-1.524148
-1.425294
-0.895404
-0.695746
-0.570127
-0.421716
-0.368445
-0.598235
-0.551834
-0.167423
0.136950
0.282428
0.257257
0.335277
-0.098668
-0.566968
-1.003535
-1.118709
-1.084546
-0.701450
-0.418768
-0.020535
0.541049
1.083542
1.456567
1.682410
2.077266
2.176257
1.699736
1.104546
0.562575
-0.164731
-1.124303
-1.766907
-2.223985
-2.575130
-2.418096
-2.043542
-1.726689
-1.233373
-0.396470
0.376990
0.618906
0.660230
0.834858
1.109419
1.259349
1.372648
1.440484
0.994878
0.430123
-0.219324
-0.559275
-0.953718
-1.196499
-1.299120
-1.230443
-0.897684
-0.654757
-0.237980
0.039093
0.113934
0.187481
0.097314
0.317926
0.573162
0.833499
0.642448
0.184838
-0.413799
-0.782051
-0.891345
-0.756517
-0.248948
0.128627
0.241359
0.310615
0.331611
0.124741
0.012061
0.276426
0.745294
1.214150
1.292476
1.386395
1.434447
1.239727
0.713286
0.458517
0.138653
0.238078
0.534294
0.774730
0.708571
0.760402
0.417389
0.283272
0.331860
0.166877
0.018286
-0.256248
-0.400660
-0.351373
-0.175560
0.162934
0.400068
0.419763
0.190486
-0.311524
-0.794271
-0.922497
-0.842999
-0.713934
-0.397347
0.232578
0.754396
0.976490
0.868655
0.772457
0.562481
0.093521
-0.470574
-0.673854
-0.656204
-0.400341
-0.199771
0.032565
0.122073
0.196446
0.248047
0.280882
0.184158
0.128043
0.269140
0.471616
0.515166
0.316234
0.084537
-0.227834
-0.414410
-0.284602
-0.114570
-0.086623
0.010019
0.411122
0.547991
0.232792
-0.289745
-0.457397
-0.829292
-0.999173
-0.721056
-0.405897
-0.563272
-0.306184
0.010566
0.021877
0.235624
0.167189
0.207069
0.157477
0.096600
0.075214
-0.161891
-0.399784
-0.473640
-0.333636
-0.141802
0.016266
0.146194
0.382106
0.613646
0.870696
1.038584
1.104739
0.668657
0.069965
-0.234076
-0.583402
-0.984263
-1.157924
-0.908374
-0.736564
-0.582285
-0.164718
0.462661
0.967555
1.204220
1.265713
1.096222
1.007069
1.108520
1.254855
1.068069
0.807474
0.488959
0.159341
-0.003117
-0.423959
-0.779070
-1.020935
-1.277009
-1.669517
-1.688702
-1.419576
-1.068434
-0.617017
0.127433
0.559185
0.882678
1.285959
1.409187
1.588932
1.566398
1.195089
0.585228
-0.181829
-1.000953
-1.795597
-2.301987
-2.678529
-2.694838
-2.609103
-2.006761
-1.432268
-0.636797
-0.044120
0.540804
1.046470
1.469204
1.636156
1.459261
0.822940
0.063657
-0.657948
-1.388309
-1.959846
-2.533250
-2.803899
-2.560120
-2.114973
-1.263592
-0.237940
0.358533
0.859420
1.201640
1.317348
1.444501
1.489624
1.230772
0.668567
0.183863
-0.481489
-1.106715
-1.442821
-1.655143
-1.760659
-1.579060
-1.365516
-0.949586
-0.493798
0.030194
0.310839
0.406634
0.507315
0.693469
0.749346
0.788269
0.534833
0.174746
-0.288245
-0.722737
-0.999629
-0.895765
-0.538039
-0.214584
0.078337
0.443296
1.204903
1.889485
2.161018
2.216301
1.916101
1.485533
1.118761
0.621822
0.198490
-0.280656
-0.742855
-0.889086
-0.821663
-0.594101
-0.098196
-0.184041
-0.214748
-0.005603
0.068865
0.188605
0.521645
0.720833
0.631183
0.394597
0.145575
0.323536
0.637460
1.177915
1.291043
1.279788
1.002951
0.574767
0.227722
-0.046939
-0.434157
-0.393935
-0.172959
0.215596
0.836087
1.427569
1.555649
1.388675
1.126439
0.627477
0.151282
-0.591902
-1.181320
-1.642178
-1.893450
-1.713307
-1.414183
-0.917077
-0.241166
0.211488
0.481384
0.604999
0.762562
0.630322
0.380129
-0.088211
-0.562526
-0.670620
-0.389204
-0.439677
-0.676575
-0.957568
-0.904178
-0.644192
-0.091944
0.324109
0.600082
0.471405
0.676502
0.828716
1.127652
1.281334
1.164280
0.617272
0.245979
-0.294777
-0.864159
-1.426262
-1.730475
-1.273293
-0.934892
-0.562200
-0.022826
0.375486
0.704792
1.190837
1.603348
1.959345
1.824040
