-0.205938
-0.275641
0.213646
0.508993
-0.014187
-0.228722
-0.398087
-0.550558
0.088166
0.368523
0.512693
1.093979
0.631090
0.078867
0.215175
0.042390
0.247219
0.907116
-0.270795
-1.574222
-1.567312
-0.440525
-0.343590
-0.719313
-0.326369
0.125054
0.526000
0.696505
0.912749
0.706936
0.226689
0.113995
-0.097598
0.436328
-0.098442
-0.362454
0.159619
-0.552748
-0.764201
-0.740545
-1.477674
-1.285446
-0.174862
0.323904
0.244852
0.080189
1.284227
0.619801
-0.013798
0.496225
0.922557
0.986124
1.305422
0.726306
0.291979
-0.114028
-0.507181
-0.019708
0.752578
0.507433
0.523271
0.418614
0.496729
0.860191
0.181396
-0.249668
-0.333924
-0.486170
-1.018276
-1.342990
-0.480339
0.324461
0.014377
-0.398768
0.110982
0.277439
-0.642959
-0.823215
-0.182408
-0.123439
0.256679
-0.413207
-0.612822
-0.269365
-0.064728
-0.456277
-0.875841
-1.546511
-2.004375
-1.295303
-0.736872
0.125666
0.497223
0.768264
1.463311
0.503906
0.560922
1.048504
0.446688
0.046190
-0.403344
-0.611037
0.048186
-0.699713
-1.422366
-0.788039
0.074292
0.842332
0.605871
0.916163
1.917309
1.153486
0.395709
0.023821
-0.136028
0.310912
-0.189333
-0.413255
-0.156569
0.741820
0.668261
0.526034
-0.805711
-1.106970
-0.830345
-0.589724
-0.879002
-1.158595
-1.388271
-0.579444
0.202316
-1.329630
-1.214222
-0.333003
0.057477
-0.071678
-0.426985
0.017317
0.443372
1.305808
1.313071
1.489968
1.384452
1.446918
0.996099
0.928399
0.384881
-0.309657
-0.105417
0.035165
0.206016
0.686479
0.764976
0.523451
0.152038
-0.149802
0.290027
1.078615
-0.174927
-0.960833
-0.444106
0.094091
0.649406
0.160129
-0.642203
-1.012381
-0.237848
-0.235714
-1.045064
-1.398838
-0.477097
0.124449
0.292100
-0.378882
0.254393
0.885832
-0.022871
0.113950
-0.619048
-0.359593
-0.576365
-1.291339
-0.197623
-0.107072
-0.261723
0.048997
0.580950
0.750562
0.461662
0.239537
0.362485
0.860368
0.505695
0.467330
0.761882
0.703301
0.147061
-0.422729
-0.855145
-1.700807
-1.771989
-1.382722
-1.327685
-0.892386
-0.166552
-0.625529
-0.951486
-0.432673
-0.531386
-0.433413
-0.304543
0.545303
0.707045
0.811203
0.506935
-0.444819
-0.757159
-0.670792
-0.171067
0.218284
-0.093040
0.123268
-0.307823
-0.155476
0.806263
0.833874
0.546020
0.928300
0.784787
0.360414
0.204010
0.486106
0.151615
0.002835
0.339470
-0.353901
-0.111170
0.077263
-0.427303
0.040531
0.632338
1.434913
0.808453
0.506503
1.010938
0.875533
0.568697
0.969701
0.883099
0.534436
0.606047
0.640301
0.506141
0.693344
0.151163
0.641875
0.497015
-0.248952
-0.601543
-1.036499
-0.412963
-0.507804
-0.269515
-0.153132
-0.286546
-0.245513
0.030172
0.271515
0.462085
-0.037227
-0.415038
-0.186789
-1.124140
-1.107326
-0.558793
-0.425389
-0.243299
0.122978
1.066824
1.010740
0.659518
0.392054
0.530513
0.562529
-0.301065
-0.546526
-0.646731
-0.735236
-1.251036
-1.675857
-1.057484
-0.759313
-0.518779
-0.628201
-0.084325
-0.045997
-0.941660
-1.191572
-0.739642
-0.331073
0.060361
-0.012225
-0.438529
-0.717399
-0.070340
0.114121
-0.798684
-1.422599
-0.967988
-1.002556
-0.785652
-0.671085
-0.938524
-0.309891
1.080091
1.498348
-0.012246
-0.761902
-0.620427
-0.468127
0.235752
0.430842
0.695105
0.917775
-0.072467
0.007753
0.742630
0.956540
0.835228
0.825046
1.723511
1.423101
0.553485
0.816145
0.758471
0.426195
0.139953
0.040259
0.050629
-0.322269
0.171754
-0.345758
-0.548553
-0.523001
-0.900398
-1.339356
-1.607484
-0.861694
-0.982475
-1.118026
-0.471436
0.026354
0.154857
0.250716
1.043499
1.684768
1.717098
1.140004
0.229929
-0.291925
-0.258952
0.279919
-0.072856
-0.954487
-0.610432
0.017035
0.631080
1.290224
2.765178
3.292790
3.226183
2.645601
2.472734
2.612052
3.086771
3.250569
3.328591
3.047711
2.157862
1.679306
1.967058
2.237817
2.722410
1.531255
0.233579
0.689007
0.284958
-0.230142
-0.870212
-0.267450
-0.567261
-1.525869
-1.309020
-1.042117
-0.650577
-0.198252
-0.791167
-1.488368
-1.270305
-1.448112
-1.746761
-1.958859
-1.553793
-1.920161
-2.296158
-1.535092
-2.118696
-2.522407
-2.355830
-1.560430
-1.956150
-2.742965
-2.375126
-1.636377
-1.414893
-1.623945
-1.201760
-0.537146
-0.169059
-0.437020
-0.674979
-0.176551
-0.874859
-1.935473
-1.090578
-0.335578
-0.620559
-0.770524
-0.685682
-0.565039
-0.848498
-0.896505
-0.377574
-1.001186
-1.006025
-0.165808
-0.400572
-0.308559
-0.127227
-0.826545
-0.654389
-0.130553
-0.722309
-0.854673
-0.599229
-0.678360
-1.308244
-1.485851
-1.491719
-1.609467
-1.687363
-1.650587
-0.676841
-0.201485
-0.072964
0.148944
0.576784
0.117170
0.348056
0.944988
1.466049
1.728458
1.169168
0.989649
0.993000
1.381310
1.107378
1.257495
0.808127
0.777750
2.263593
3.240664
2.747474
2.299165
2.163043
1.929619
1.887247
1.679208
1.290438
0.926921
0.927567
1.186668
-0.191549
-0.683165
-0.211973
-0.436405
-0.446514
-0.113793
0.260590
-0.028615
-0.314043
0.500362
-0.393607
-1.129932
-0.697368
0.108439
0.418066
0.349652
0.384240
0.771745
0.882710
1.209553
1.291617
1.752976
2.391500
1.423412
0.385645
0.824068
-0.242612
-0.270748
0.459940
0.502106
-0.088241
-0.383958
-0.857644
-0.545501
-0.840462
-2.135635
-2.848826
-3.905506
-4.767824
-5.085691
-5.584757
-5.076079
-4.463258
-3.527582
-2.639472
-2.293924
-1.054385
-1.544039
-0.829312
-0.174207
0.133531
0.097473
0.374339
1.434706
2.314639
2.297734
1.840320
2.190307
2.701337
1.607882
0.157646
-0.328551
-0.109155
-0.550966
-0.756316
-0.644167
-0.686494
0.052671
0.421832
1.140678
1.347038
1.202887
1.108209
1.020045
0.902092
1.358178
0.648683
0.543828
0.932701
1.299020
0.906435
0.940005
0.639949
0.544518
0.501217
0.657664
1.359919
1.202560
0.707302
1.403473
1.291097
0.953178
0.562894
0.495019
0.506578
0.174823
-0.329581
-0.167118
0.257107
-0.460656
-1.008571
0.252005
0.554867
0.355828
0.702801
1.319725
1.666334
0.967977
0.900587
0.349212
0.230011
0.788850
0.759195
1.013368
1.179203
0.821631
1.145607
1.552243
1.559523
1.092338
0.767563
1.241569
1.157738
-0.130863
-0.252434
-0.305192
-0.646925
-0.305585
-0.725978
-0.033627
0.707780
-0.276209
-0.528857
-0.550739
-0.684457
-0.492410
-0.554048
-0.782758
-1.031312
-0.340154
0.189659
-0.063609
0.700930
0.139834
-1.097103
-0.698915
0.216309
-0.208578
0.046052
0.288331
1.083907
0.961572
-0.142564
-0.414006
0.345396
0.845759
0.044742
-0.825616
-0.825444
0.150308
-0.533912
-0.418253
0.101741
0.791663
1.278502
0.816277
0.264613
-0.402645
-0.198249
0.072454
-0.091797
-0.052216
0.354495
1.338531
0.892016
-0.030074
0.331280
1.144199
1.045884
0.570575
0.413538
0.706844
0.976897
0.516326
0.537824
0.055512
-0.282270
-1.081748
-1.484579
-1.620372
-2.090604
-2.125227
-1.600941
-1.739386
-1.641732
-0.887670
-0.107895
0.174343
-0.729465
-0.783917
-0.262299
-0.600043
-1.249536
-1.257984
-0.985757
-1.283627
-1.454600
-0.904088
-0.366410
-1.153520
-1.127344
-0.519626
0.186055
0.512129
0.153087
-0.273779
-0.208236
0.080634
0.129802
0.360717
0.544883
0.231744
-0.189187
0.177111
0.387497
-0.085016
0.150847
-0.007008
0.345605
0.487290
0.312170
0.401455
0.298680
-1.110882
-0.846602
-0.463577
-0.982937
-1.504081
-1.048346
-0.515459
0.094122
1.016545
1.749470
1.540466
1.265778
2.121019
2.196026
1.505200
1.036772
0.693401
0.668067
0.393720
-0.410303
-0.721180
-0.977411
-0.220273
-0.008795
-0.641606
-0.807093
0.427310
0.191552
-0.210413
1.142488
0.724394
-0.077901
-0.041424
0.259504
-0.111810
-0.941699
-0.727346
-1.027539
-0.281138
0.320423
0.601922
0.947278
0.579683
0.347259
0.527187
0.374766
0.763986
0.351139
-0.142138
0.228968
0.331703
-0.160270
-0.783889
-0.509579
0.000909
-0.245231
-0.645196
-0.442640
-0.203684
-1.230663
-1.698549
-1.302543
-1.183726
-0.812706
-0.467864
0.094816
0.293533
-0.191904
-0.398342
-0.229333
-0.112736
0.098304
0.287596
1.318634
1.408925
0.974157
-0.496122
-1.379541
-0.555222
-0.616584
-0.685698
-1.022187
-0.236654
-0.006565
0.560236
1.203947
0.796294
0.603447
0.495521
1.468070
1.025822
0.291414
0.419052
0.842436
0.762121
0.027635
0.140037
-0.118449
-0.393832
-0.065380
-0.562457
-0.792822
-0.177314
0.587740
0.240263
-0.456661
0.266457
0.417945
0.405698
-0.745623
-1.314815
-0.841736
-0.475818
0.021742
0.202213
1.127762
1.454622
1.156895
0.947343
1.475208
1.507760
0.607128
-0.106294
-0.257588
-0.936764
-1.651620
-1.605789
-1.230250
0.326257
0.848037
-0.031160
0.261535
0.868201
-0.708130
-0.832692
-0.368429
-0.169296
-0.350780
0.278861
0.105256
-0.136506
0.065775
0.535382
0.742879
1.114878
0.349308
-0.692569
-0.639807
0.033330
0.185126
0.815284
0.873240
0.460321
1.013087
0.778553
0.153374
-0.107746
-0.568488
-0.212435
0.733102
0.739878
-0.202390
-0.531985
-0.674028
-0.566504
0.100864
-0.164063
-1.184872
-0.973822
-0.390422
-0.305438
-1.099807
-0.843271
-0.910238
-0.443456
-0.368696
-0.071993
0.105377
0.333421
-0.233619
-0.097655
0.346964
-0.293918
-0.669286
-0.463115
-0.186022
-0.691997
-1.459855
-0.738492
-0.064800
-0.086122
-0.219856
-0.276482
0.037600
0.319138
-0.029707
0.042117
0.381217
0.806222
0.163317
0.252551
-0.175121
-0.706042
-0.657249
-1.182027
-1.193826
-0.874191
-0.727122
-0.414976
0.159434
0.910039
0.410262
0.539921
0.571151
0.703977
1.129598
0.931883
0.988480
0.242051
-0.079551
-0.170462
0.028802
-0.033444
0.546094
1.319602
1.038991
0.834186
1.155444
0.315648
-0.459337
-0.076868
0.755493
0.474276
-0.020528
0.227892
0.031463
0.532582
-0.119764
-0.474404
-0.647905
0.510575
1.037884
1.091732
1.062312
1.431559
1.552227
0.655571
-0.369888
-0.531407
-0.762696
-0.638337
-1.381018
-1.842659
-1.766989
-0.908404
-0.232705
-0.520721
-1.120348
0.164016
0.467978
0.734059
0.543633
0.583161
0.630530
-0.016469
0.133714
0.429070
-0.154611
0.007656
0.341086
-0.875230
-1.127972
-0.358080
-0.430462
-0.424084
-0.792570
-0.219979
0.441748
0.626376
-0.503677
-0.886556
-0.832487
-1.049550
-0.159585
0.408554
-0.032164
0.118095
0.482325
0.757484
1.751675
1.365102
1.050941
1.178011
1.959677
2.122244
1.056997
0.032300
-0.655493
-0.665961
-1.010200
-1.043899
-1.347544
-1.663426
-1.193887
-0.394178
-1.233141
-1.517694
-0.639674
0.046696
