-1.100898
-1.512421
-1.681802
-1.364776
-0.853697
-0.264773
-0.252875
-0.106796
-0.048006
0.139537
0.480348
0.619276
0.434986
-0.050610
-0.082463
-0.071049
-0.054423
0.505346
0.456617
-0.040284
-0.034000
0.471772
0.159151
-0.586826
-0.817721
-0.758797
-0.980931
-1.238251
-0.851866
-0.494645
-0.071403
0.714464
1.189231
1.300560
0.937243
0.392939
-0.117177
-0.590065
-0.728875
-0.593775
-1.088166
-1.329421
-1.080498
-0.867428
-0.671398
-0.167574
-0.101634
-0.666174
-0.719866
-0.379803
0.395910
0.692604
0.903875
1.125099
1.325321
1.299780
0.909845
0.616189
0.268567
-0.013695
-0.124626
0.170673
0.712533
0.840310
0.391201
-0.025363
0.153246
0.178136
-0.292508
-0.748332
-0.298127
-0.126796
-0.703111
-1.107912
-1.019389
-1.026255
-1.512643
-1.509636
-1.083712
-0.921922
0.064369
1.469061
2.445797
2.426922
1.455158
1.066340
1.023029
0.456214
-0.210149
-0.347779
0.145401
0.351111
-0.015146
-0.074626
0.145944
-0.371259
-0.699533
-0.620430
-1.147319
-1.292399
-0.980832
-0.262587
-0.067245
-0.445632
-1.053612
-0.874618
-0.173191
-0.150836
-0.186486
0.627374
1.293341
1.519926
1.138553
0.400342
0.170575
0.105225
-0.221417
-0.618089
-0.322996
0.152431
0.844332
1.239916
0.968733
0.892308
1.193549
1.230170
0.787098
-0.386362
-0.535394
-0.370175
-0.834663
-0.867889
-0.057098
-0.210150
-1.058135
-1.635236
-1.750637
-1.091475
-0.307170
0.643992
1.513909
2.006197
2.184880
1.861834
0.950430
-0.080384
-0.570732
-0.550080
-0.662176
-0.810802
-0.083225
0.119597
0.413803
0.617487
0.493267
0.296862
0.460772
0.118597
-0.466887
-0.497462
-0.522254
-0.286781
0.202592
0.368484
0.325380
0.082373
-0.010599
-0.134035
-0.297830
0.078338
0.451256
0.728328
0.460369
0.125487
-0.070707
-0.141533
-0.374058
-0.521655
-0.403176
-0.232854
-0.366413
-0.832256
-0.719201
-0.290503
-0.268938
-0.312880
0.045073
0.406082
0.459094
0.554200
0.383494
0.221498
0.234840
0.582412
0.772266
0.851639
0.361664
0.226779
0.058998
-0.497885
-0.426846
-0.663650
-0.875471
-0.837537
-1.208682
-1.388657
-1.481296
-1.627733
-1.437634
-0.757897
-0.059638
0.264349
0.372266
0.563721
0.239161
-0.023388
-0.108832
-0.294809
-0.575177
-0.813684
-1.264214
-1.482723
-1.772705
-1.553112
-1.037860
-0.532653
-0.725112
-0.836409
-1.060713
-1.223271
-1.076215
-0.520024
-0.372111
-0.468021
-0.120451
0.027550
0.434810
0.927766
1.208452
1.269395
1.176062
1.468945
1.414754
1.220041
1.310272
1.098292
0.900310
0.927981
1.112041
0.877819
0.678722
1.070459
1.597847
1.720738
1.352533
0.572149
-0.263199
-0.647316
-1.133679
-1.292623
-0.877997
-0.701177
-0.787452
-0.086824
1.191829
1.834097
1.522757
1.322487
1.698943
1.605150
0.980845
0.151243
-0.483328
-0.846802
-0.602789
-0.511708
-0.028171
0.458432
0.476609
0.689460
0.947734
0.893489
0.864799
1.379911
1.544495
1.258528
0.454234
-0.097948
-0.941141
-1.594555
-1.666918
-1.713845
-1.559439
-1.022915
-0.904936
-0.505328
0.005712
0.333997
0.637659
0.666702
0.802334
0.381926
-0.270681
-0.828246
-1.384705
-1.880750
-2.237305
-2.530713
-2.110916
-1.768020
-1.748646
-1.420240
-0.975146
-0.555485
-0.367515
-0.209036
-0.360094
-0.365131
0.228837
0.705005
0.319575
0.688476
1.236580
1.268315
1.348031
1.773450
1.891814
1.409866
0.586494
-0.165691
-0.928065
-1.506799
-1.590520
-1.407624
-1.072728
-0.186603
0.601410
0.782136
0.913777
0.788568
0.383130
0.286067
0.756112
0.526715
0.767804
0.973729
0.797714
0.678875
0.596093
0.134347
-0.047858
0.407252
0.491608
0.311874
0.468302
0.403929
0.182527
-0.075024
-0.428021
-0.777599
-0.511544
-0.147293
0.234805
0.141389
-0.126861
-0.087694
0.318891
1.250948
1.735545
1.834053
2.152563
2.012358
2.391219
2.855459
2.926106
2.912345
3.084850
2.525992
1.562085
0.996512
0.700083
0.890075
0.970762
0.547584
0.427198
1.480399
2.699146
2.967759
2.048261
1.098682
0.773542
0.372964
0.026471
-0.290647
-0.896960
-1.829053
-2.353709
-2.452524
-1.936746
-1.926831
-2.124699
-1.894632
-1.623475
-1.499979
-1.015244
-0.874440
-1.261059
-1.900538
-2.160488
-1.756223
-1.773320
-2.166689
-2.041308
-1.069256
-0.804251
-1.182433
-1.146209
-0.945589
-0.575617
-0.508846
-0.672071
-0.962035
-1.300874
-1.390446
-1.326446
-1.314342
-1.378277
-1.235864
-1.301507
-1.340154
-1.404895
-1.060159
-0.471578
-0.770123
-1.269136
-1.575690
-1.736779
-1.419748
-1.050995
-0.657219
-0.050123
0.668251
0.642049
0.185902
-0.013913
-0.195941
-0.746478
-1.353722
-1.605396
-1.568510
-1.735620
-1.460072
-1.425823
-1.606087
-1.760900
-1.604757
-0.711932
-0.159048
0.368766
0.530207
0.636613
1.295955
1.414144
1.178453
1.178848
0.939726
0.765150
1.115114
1.305449
1.044675
1.172406
1.326745
0.992413
0.812529
0.480469
0.569937
0.790021
0.649996
0.510823
0.644933
1.143024
1.685742
2.119175
1.789463
1.490436
1.341288
0.965479
0.937611
0.946014
0.991850
1.289818
1.462117
0.987909
0.130036
-0.204924
-0.414393
-0.819605
-0.744996
-0.725785
-0.590924
-0.268427
-0.045111
0.138847
0.329172
0.514416
0.731716
0.648361
0.085086
-0.131560
-0.151784
-0.277028
-0.493778
-0.884806
-0.839774
-1.024138
-0.933526
-1.492937
-2.596343
-2.944946
-3.153274
-3.223501
-2.686615
-2.405877
-1.941831
-1.778708
-1.656791
-1.691034
-1.719084
-1.513746
-1.349895
-0.754119
-0.332826
-0.385722
0.088197
0.516119
0.596781
0.071912
-0.069213
0.358514
1.210638
1.915358
2.041668
2.666953
3.082820
3.346335
3.295537
2.302610
1.757290
1.486803
1.975619
1.854033
1.845796
2.109539
2.268139
1.961539
1.903663
2.072403
1.636787
0.923120
0.863043
1.246662
1.358796
1.345489
1.000033
0.674724
0.612077
0.335727
0.320597
0.786848
0.799637
0.353183
0.458444
0.630840
0.528594
0.391968
0.101242
-0.139093
0.130219
-0.204410
-0.590088
-0.670352
-0.768785
-0.764468
-0.663207
-0.708800
-1.090875
-1.223621
-0.558410
0.288014
0.316639
-0.103839
-0.108807
-0.187057
-0.312536
-0.458598
-0.657486
-1.158795
-1.882309
-1.789255
-1.889837
-1.399718
-1.219313
-1.307681
-0.984292
-1.042792
-0.925039
-0.637352
-0.914648
-1.262061
-1.037985
-0.953462
-0.736377
-0.369258
-0.044527
0.278448
0.508506
0.913067
1.280048
0.747251
-0.018303
-0.420650
-0.204341
-0.225798
-0.267226
-0.002746
-0.003592
0.406508
1.404648
1.766286
1.243012
1.042542
1.576189
1.618284
1.407984
0.910045
0.111180
-0.243144
0.461585
1.034743
1.064807
1.061425
1.344967
1.256298
0.961226
0.824251
0.795323
0.627820
0.443973
0.078321
-0.113536
0.024149
-0.165655
-0.639221
-0.243988
0.146080
-0.064245
-0.721417
-1.077104
-0.723736
-0.191816
-0.372510
-0.193930
0.188385
0.009874
-0.069515
-0.137940
-0.364738
-0.804449
-0.918841
-0.961845
-1.104936
-1.442029
-0.896141
-0.299877
-0.193210
-0.651602
-0.830070
-0.565523
-0.051872
0.013816
-0.085404
0.241099
0.214262
0.242219
0.178115
0.042470
-0.146315
-0.468441
-1.066017
-1.065137
-0.835252
-0.870124
-0.856435
-0.689661
-0.091081
0.249560
0.010357
0.088892
0.130174
0.071890
-0.386430
-0.484508
-0.237026
-0.316001
-0.226576
0.376137
0.389402
-0.042109
0.114480
-0.122735
-0.738833
-0.758418
-0.261456
0.043324
-0.516477
-0.958224
0.201702
0.950668
0.972042
0.990426
1.414443
1.280611
0.947576
0.821611
1.063564
0.562374
0.376791
0.329803
0.387837
0.788863
1.088049
0.980484
0.960346
0.655416
0.489854
0.280529
-0.260433
-0.129146
-0.231243
-0.528825
-0.519617
-0.069789
0.264279
0.614086
1.266535
1.106410
0.709820
1.110079
1.057896
0.443141
-0.351314
-0.815523
-0.645079
-0.522606
-0.491707
-0.182082
-0.328115
-0.943923
-1.469270
-1.723948
-1.825687
-1.207982
-0.863540
-0.816353
-0.694075
-0.259138
0.026334
-0.261722
0.046679
0.513640
0.353804
0.207330
-0.152042
-0.367934
-1.056146
-1.370206
-1.715207
-1.269699
-0.405471
0.316739
0.439945
0.450810
0.744066
0.728128
0.719496
0.189360
-0.164443
-0.038414
0.777257
1.708630
1.901586
1.163275
0.458514
-0.217191
-0.999481
-1.545999
-1.279746
-0.755320
-0.604276
-0.604951
-0.787239
-0.435985
0.044084
0.472578
1.123267
0.832949
0.595271
0.923400
1.201334
1.150428
0.786112
0.738561
0.688447
0.382837
0.230944
-0.100613
-0.132244
0.405388
0.916422
0.688317
0.464672
0.081297
-0.311598
-0.813734
-1.585337
-1.965965
-1.412706
-0.674919
0.275893
0.644035
0.658985
0.880467
1.045618
0.906200
0.030674
-0.688197
-0.924166
-1.030238
-1.009986
-0.968742
-0.826102
-0.920849
-0.922235
-1.115536
-0.773008
-0.251172
-0.055522
0.224893
0.289096
0.207326
0.380261
-0.092179
-0.206063
-0.038900
-0.282958
-0.200743
0.067389
0.018654
0.272711
0.513406
0.494431
0.053145
-0.290229
-0.340684
-0.599776
-0.794509
-0.754723
-0.287288
0.328753
0.544041
0.501133
0.700722
0.640940
0.134408
-0.473961
-0.967102
-1.102090
-1.200611
-0.810297
-0.122512
0.452663
0.649761
0.461474
0.724852
0.865167
0.548198
0.021480
0.066793
0.263806
0.209684
0.014330
-0.402809
-0.771714
-0.616763
-0.377078
-0.286067
0.009302
0.321843
0.437687
0.455185
0.638843
0.296184
0.029540
0.267424
0.474000
0.583095
1.115961
1.569414
1.406295
1.218381
0.861039
0.537185
0.267449
-0.192053
-0.744174
-0.685596
-0.231340
-0.089280
0.187168
0.087115
0.086346
0.051751
0.143040
0.112290
0.746033
1.500690
1.912873
1.871390
1.038979
0.758665
1.043444
1.282825
0.584961
-0.038551
-0.133567
-0.323365
-0.807972
-1.344676
-1.215652
-0.948785
-0.521081
-0.409369
0.167291
0.336988
-0.053876
-0.284684
0.270481
0.574709
0.248144
0.414727
0.280526
0.122409
-0.191506
-0.301221
-0.049375
0.352367
0.223706
0.508708
1.099567
1.222391
0.944541
0.350675
-0.454280
-0.693892
-0.979307
-1.143841
-1.269145
-1.086803
-1.288663
-1.581278
-1.617801
-1.439375
-0.969686
0.008793
0.454498
0.268662
0.143655
0.289201
-0.047212
-0.111444
-0.007609
0.064954
-0.080794
-0.464856
-0.251224
-0.323437
-0.371456
-0.226612
-0.516804
-1.003192
-1.371675
-0.624789
0.432030
1.052562
1.040472
0.785646
0.698048
0.799973
1.391213
1.764173
1.478344
0.966821
0.836660
0.528456
0.444349
0.435004
0.234018
0.565347
0.953646
0.685866
-0.266585
-1.199483
-1.789802
-2.160598
-2.272267
-1.682514
-1.384280
-1.224135
-0.536078
0.372114
0.797283
0.606992
0.706791
0.802107
