-0.300047
-0.214745
0.000906
0.077931
0.098851
0.204979
0.085019
-0.022976
0.171348
0.240260
0.078036
0.227934
0.161896
-0.361404
0.132898
0.804778
0.953656
0.894838
0.843532
0.177133
0.051107
0.593640
1.318121
1.311338
0.799142
0.067813
0.224638
0.477582
0.232990
0.351551
0.804396
0.855495
0.307870
-0.762784
-1.150343
-1.338598
-1.226871
-0.942191
-0.431121
0.376135
0.639518
0.776915
0.118473
-0.050668
0.555436
0.964970
0.770512
0.428267
0.635304
0.603806
0.379625
-0.229933
-0.927718
-0.951395
-0.603201
-0.233692
0.010234
0.092441
0.115783
-0.056605
0.088044
0.670998
0.460731
0.066107
-0.285023
-0.201358
0.523209
0.548780
0.305312
-0.318669
-0.363498
-0.181179
-0.271154
-0.306965
-0.474588
-0.616010
-0.082173
-0.343260
-1.735994
-2.487145
-1.690599
-0.712450
-0.721659
-0.609296
0.197728
1.632307
2.382390
2.037048
1.186554
0.640271
0.906157
0.466007
-0.324408
-0.390499
-0.287216
-0.445580
-0.402641
-0.582251
-0.750439
-0.905697
-0.305196
0.203526
0.280220
-0.124864
-0.908568
-0.981698
-0.890806
-0.735795
-0.773616
-0.954096
-0.503057
-0.126419
0.653511
1.181856
0.538722
-0.062368
-0.415441
-0.708724
-0.524402
-0.542647
-0.593500
-0.432413
-0.723608
-0.673903
-0.612649
-0.837476
-0.122205
0.733344
1.232748
1.015148
0.648701
0.876540
0.823648
0.527619
0.410178
-0.342141
-0.861912
-0.548472
-0.502240
-0.144435
0.656225
0.257870
-0.344300
0.232350
0.177389
-0.136185
0.000035
0.289832
0.037993
-0.783857
-0.795007
-1.372348
-1.583588
-0.834508
-0.174898
-0.255272
0.055007
0.879148
1.174503
1.273676
1.511306
1.631940
1.497795
1.808364
1.233778
1.103759
1.398090
1.398340
1.352393
1.493428
1.231017
0.735779
0.848216
1.021279
0.679329
0.338572
0.352025
0.323036
0.585582
1.033693
0.622071
-0.278328
-0.024805
0.039332
-0.466715
-0.908723
-1.054349
-1.328215
-1.271017
-1.564266
-2.273883
-2.447415
-1.641357
-0.608663
-0.799047
-1.108651
-0.975184
-0.326450
0.683944
0.612393
0.293811
-0.223489
-0.053573
0.253518
-0.147500
-0.606011
-0.838142
-0.863413
-1.323562
-0.989829
-1.031984
-1.082098
-0.701956
-0.231678
0.212405
0.061935
-0.293965
-0.758960
-0.399997
-0.257647
-0.610325
-0.583008
-0.232521
-0.259291
-0.366097
-0.085959
-0.292345
-0.809580
-1.048406
-1.089690
-1.330120
-1.129051
-0.706378
-0.678334
-0.173060
0.252236
0.557579
0.558876
0.595488
0.794684
0.560541
0.873444
0.817445
0.473924
0.174130
-0.186114
-0.136593
0.022759
-0.042282
-0.028698
0.154186
-0.218053
-0.445240
-0.576982
-0.573274
-1.014967
-0.722313
0.190651
0.331198
-0.106597
0.338807
0.795323
1.363075
1.583942
0.969593
0.998657
0.797367
0.579377
0.718030
1.016536
0.876030
0.512775
0.363761
-0.024588
-0.820567
-0.591402
-0.334022
-0.603282
-0.717732
0.170233
1.108456
1.182104
0.886175
0.513607
0.822092
1.175640
0.311663
0.247719
0.270125
0.229725
-0.379543
-0.958838
-0.790983
-0.609160
-0.483261
0.472822
1.153851
0.580338
0.244598
0.406825
0.817507
1.160080
0.723457
0.918678
0.850838
-0.209270
-0.990481
-0.776571
-0.323625
0.045781
0.067251
-0.639535
-0.957367
-0.903610
-1.362907
-0.929482
0.100226
0.754995
0.729294
-0.215159
-0.499552
0.295671
0.618863
0.386127
0.075195
0.134363
0.394249
0.144371
-0.209650
-0.354037
-0.641594
-0.995349
-1.482900
-1.421467
-1.459790
-1.168976
-0.452812
-0.391262
-0.382646
-0.649282
-1.218275
-0.794326
-0.285894
0.128706
1.048400
1.267395
1.606214
2.139369
2.183470
1.952894
1.624125
1.716138
1.014098
-0.105005
-0.597066
-1.856066
-2.094951
-1.711958
-1.036137
-0.749932
-0.860003
-0.602972
0.071081
-0.161887
-0.448115
-0.402684
-0.493936
-0.154215
0.368086
0.740557
1.084851
0.934196
1.472594
1.970274
1.913771
1.898924
1.820712
1.618009
2.169726
1.959184
1.375009
0.914717
0.339030
0.413006
0.414019
0.483610
0.466611
0.227730
0.298007
0.334723
0.515099
0.352353
-0.284581
-0.359874
-0.348141
-0.423007
-0.190911
-0.163531
-0.270944
-0.262208
-0.078502
-0.360898
-0.466736
-0.465652
-0.340426
-0.454735
-1.134951
-1.160274
-1.703141
-1.664725
-1.154482
-0.786601
-0.388887
-0.001566
0.417177
0.140657
0.046945
-0.399968
-0.928508
-0.856465
-0.237021
-0.017407
-0.514515
-0.611160
-0.540159
-0.395627
-0.200976
-0.178776
-0.778280
-1.349912
-1.419765
-1.448756
-1.079952
-1.001750
-1.668572
-1.996018
-1.374284
-1.433857
-0.906393
-0.218456
0.036887
0.279513
0.384039
0.290286
0.868972
0.940080
1.276945
1.152378
1.279155
1.585942
1.139350
0.904763
0.280323
0.088338
-0.079956
-0.576107
-0.539907
-0.738315
-1.098443
-1.325181
-1.345090
-0.766496
-0.374636
-0.101531
0.163938
0.173374
0.115276
0.357536
-0.230102
-0.908666
-1.432248
-1.397332
-1.357696
-1.284904
-1.114507
-0.621473
-0.914581
-1.064406
-0.816161
-0.410292
-0.141719
-0.220065
-0.018003
0.686118
0.628412
0.996882
1.121760
0.961034
0.835991
1.020109
1.077225
0.733899
1.150532
1.418284
1.193448
0.706856
0.138176
-0.441473
-0.683854
-0.539034
-0.590087
-0.748814
-0.553488
-0.615655
-0.815447
-0.846612
-0.669020
-0.350973
-0.451928
-0.473107
-0.608883
-0.842106
-1.527077
-1.873722
-1.942380
-2.111493
-2.450103
-2.843817
-2.690641
-2.783256
-2.730679
-2.686540
-2.384186
-2.547555
-2.372794
-1.445707
-0.685730
-0.182967
0.039208
0.348173
0.724762
1.182596
1.526415
0.843793
0.114725
-0.191571
0.303276
1.343632
1.540795
1.529378
2.420002
3.483369
4.554531
4.339850
3.963973
4.042611
3.899635
3.844427
3.684751
3.417754
3.022243
3.143669
2.897033
2.535674
2.337667
1.614382
1.662999
1.195540
0.163074
-0.169249
0.242121
1.026490
1.011492
0.904363
1.481088
1.810002
1.910238
1.892628
1.997289
2.277333
1.663462
1.376082
1.560825
1.186803
0.907855
0.463279
0.734544
0.231470
0.003865
0.383275
0.030430
-0.475448
-0.867292
-1.155177
-0.675065
-0.423299
-0.964286
-1.442417
-1.194444
-0.899925
-0.423924
-0.426736
-0.907674
-0.776175
-1.064032
-1.410167
-1.288950
-1.671823
-1.968558
-2.075811
-2.340049
-2.410385
-2.242623
-2.426794
-1.827803
-1.566048
-1.785593
-1.952609
-1.930304
-1.556372
-0.670888
-0.835068
-0.836111
-0.353576
-0.006362
0.505561
0.543017
0.543117
0.763798
0.866135
0.034254
-0.527274
-0.019847
-0.065817
0.085473
0.479796
0.390425
0.406864
0.795802
0.760438
0.413370
0.588732
0.896597
1.069397
0.537857
-0.054676
0.225133
0.452392
0.407427
1.366949
2.025411
2.064503
1.970063
1.257725
0.182221
-0.246763
-0.823359
-1.021088
-0.753503
-1.490457
-2.136172
-1.943192
-1.396177
-1.235978
-1.873086
-1.436639
-1.352700
-1.606839
-1.223663
-1.045620
-1.110312
-1.448206
-1.035702
-0.564922
-0.248996
0.209030
0.360176
0.547232
1.089709
1.837574
1.286683
0.792757
0.851127
0.829213
0.810229
0.581236
0.520845
0.405332
0.958914
1.029148
0.522416
0.610996
0.187446
-0.577934
-0.249970
-0.128811
-0.463401
-0.809057
-1.453820
-1.454127
-1.469793
-1.373986
-1.093621
-1.578315
-1.334052
-0.836256
-0.564401
-0.213426
0.096082
0.431608
0.599852
0.364394
-0.295665
-0.779284
-0.419102
0.231847
0.379606
0.574854
0.743165
0.623843
-0.173716
-0.198017
0.336279
0.531682
0.062386
-0.545769
0.039190
0.975123
1.263089
1.284195
0.947366
1.331119
1.502314
0.838941
0.437903
-0.102863
-0.301201
-0.747772
-0.952670
-0.786216
-0.066897
0.611302
0.723035
0.659622
1.274680
1.315056
1.263190
1.405467
0.898185
0.181874
-0.203435
-0.380184
0.111156
0.486036
1.055308
1.149405
0.321821
0.220506
0.431138
0.563397
0.369576
-0.264086
-0.345792
-1.005378
-2.425896
-2.357432
-2.115331
-1.982953
-1.753576
-1.364306
-1.076998
-0.938531
-1.098772
-0.918197
-0.125424
-0.186076
-0.143051
0.339164
0.140712
-0.152282
-0.721876
-0.613671
-0.205877
0.093037
0.809394
0.869561
0.761090
0.844012
0.053171
-0.360919
-0.755404
-0.612141
-0.033282
0.082324
0.601048
0.557713
0.575029
1.371200
0.923247
0.333859
0.544579
1.207584
0.712782
0.381492
0.335515
-0.248371
0.434710
0.997363
0.235169
0.105441
-0.356270
-0.510335
-0.521022
-0.856791
-0.687832
-1.001074
-1.786847
-2.094213
-1.133479
-0.792608
-0.787920
-0.310562
0.296855
0.364885
0.598769
1.300347
0.738108
0.124256
0.540262
0.690674
0.452546
-0.222263
-0.775804
0.139429
1.163026
1.019195
0.558801
-0.103471
0.255219
-0.010955
-1.189424
-1.217305
-0.377017
-0.791079
-1.203968
-1.182140
-0.772726
0.038626
0.721966
1.426712
1.314384
1.213413
1.213768
0.873677
0.185911
-0.443091
-0.761940
-0.724985
-0.393922
-0.217808
-0.027408
-0.670594
-1.191883
-0.481572
0.447784
0.140619
-0.764663
-0.819786
-0.280072
0.377406
0.621909
0.145777
0.176878
0.257157
0.636525
1.087877
0.733682
0.705538
0.309071
-0.121386
0.227561
0.308193
-0.417149
-0.694891
-1.081257
-1.344567
-0.564372
-0.140740
-0.247577
-0.170203
0.048165
0.258291
0.188575
0.471473
1.019369
1.341388
1.171485
0.956686
0.112551
-0.475793
-0.553760
-0.737594
-0.739128
-0.441685
0.079351
0.309083
0.494329
0.697481
0.690932
0.312054
0.509565
0.540170
0.254383
0.508508
0.596693
0.449415
0.358449
0.449246
0.539547
0.207795
-0.307385
-0.522108
-0.810602
-1.434807
-1.762901
-1.038953
-0.683518
-0.796471
-0.234477
0.185612
0.446565
0.542041
0.774623
0.606734
-0.036242
-0.418458
-0.374718
-0.285354
-0.653561
-0.558251
-0.385068
0.135635
-0.350359
-0.754498
-0.722879
-0.263635
0.538383
0.888296
1.294968
0.524918
0.059324
-0.085738
0.007145
0.721460
1.093992
0.843700
0.382186
0.180489
0.225280
1.196750
0.921687
0.355220
0.679899
0.693046
0.038979
-0.058139
-0.068609
-0.160145
-0.052570
0.211472
-0.355170
-0.993969
-0.801389
-0.658979
-0.301651
-0.213569
-0.348118
-0.019215
0.030542
0.246012
-0.456195
-1.454482
-1.481409
-0.959418
-0.876299
-0.813741
-0.948619
-0.658782
-0.227480
0.497496
0.475461
-0.239254
0.001895
0.118083
0.746991
0.801888
0.619171
0.377681
-0.067588
-0.590477
-0.853988
-0.843683
-0.898634
-0.498511
0.148649
0.535797
0.574094
0.683418
0.790125
0.928211
1.015042
0.860900
0.325879
0.258948
0.700034
0.689321
0.338383
-0.627697
-1.264821
-1.153460
-1.384306
-0.798428
-0.107383
-0.110930
-0.096754
0.141244
0.194228
0.233599
0.441550
1.017966
1.078301
0.874254
0.317918
0.153245
