-1.145503
-0.554426
0.888410
0.374116
-0.310072
-0.308785
0.079591
0.376682
0.799309
0.219812
-0.029381
1.445358
0.816921
0.438006
1.120627
0.542439
-0.049092
0.768194
0.320315
0.831291
1.613338
0.199062
-0.504211
0.283008
1.598683
1.678301
0.260190
-0.459749
0.628840
1.074046
0.859296
0.354082
0.018966
0.086915
-0.509890
-0.810227
-0.810153
-0.197601
-0.711436
0.529755
2.062627
1.748811
0.225951
-0.557975
-0.591044
-0.546682
0.104267
0.021534
0.014212
-2.075236
-2.114011
-0.756525
0.300173
0.494313
1.122541
1.437820
0.695579
-0.092876
1.380945
1.244640
0.898356
0.078094
0.933967
1.972717
2.136943
2.342586
1.469311
0.147149
-0.663215
0.241669
2.022028
2.107773
1.871221
2.086346
1.461639
0.501362
0.420201
0.956071
0.501434
-0.477715
-0.206565
1.267229
0.244767
-0.532234
-0.046644
-0.987804
-0.361483
-0.241852
-2.251250
-3.585674
-2.496278
-1.547723
-1.647308
-0.089279
0.054068
-0.605861
-0.280291
-2.473125
-2.368163
-1.633310
0.196693
1.153519
0.229033
-0.541250
-1.848279
-1.919013
-0.554049
-0.829931
-0.659515
-1.144406
-1.145943
-0.213529
-0.159221
-0.385716
-0.559162
-1.039480
0.229893
0.115579
-1.216463
-0.687728
0.626631
0.599443
0.761596
0.420727
0.706276
0.172849
-0.158375
0.855803
0.871121
-0.727160
-0.063273
0.977190
0.439316
0.318678
0.477101
-0.277949
0.175342
0.088923
1.136368
-0.864715
-1.054540
-0.115677
-0.256170
-0.078495
-0.048331
-0.963766
-0.013569
0.328433
0.848790
-0.096040
-0.376317
0.287366
0.607181
-0.409088
-1.372926
0.523298
1.548317
1.440503
0.969404
-0.876348
0.136829
0.176428
0.012189
-0.367184
-0.818787
-1.536061
0.011912
2.150959
0.973783
-0.510665
-0.143442
-0.999769
-1.152521
-1.220538
-1.582749
-0.390970
-0.807735
-0.370516
-0.123860
-0.670146
1.209970
1.302701
1.491642
1.301900
0.224276
0.001750
0.441676
0.798076
0.977501
1.296436
-0.922835
-1.342031
-0.791517
-0.025919
0.737662
0.558612
0.385705
0.309992
0.894371
0.087931
0.182684
0.680853
0.062344
-0.241593
0.383581
0.096991
-0.889403
-0.376805
0.000750
0.988216
1.656262
0.568238
0.090740
-0.446065
-0.644616
0.437093
0.647937
0.888272
0.696173
-0.474459
0.397402
0.535543
-0.152292
-0.021837
0.282611
-0.033118
-0.275188
-1.571849
-2.263872
-0.601877
0.828453
1.080309
0.404075
-0.757829
-1.585878
0.222808
0.648136
-0.239056
-0.324554
-1.400871
-0.999349
-1.139428
-1.342475
-0.783878
0.306546
0.662180
-0.250457
-1.245985
0.261052
1.297686
0.467050
0.320471
-0.068827
0.613156
1.127879
1.202220
1.469716
1.208040
0.927378
0.373540
0.530953
1.147446
0.343506
0.416746
0.954397
0.727624
0.681215
0.279310
0.183180
0.642653
-0.640723
-0.499071
0.792052
0.339685
1.140269
0.600341
0.130223
-0.188562
0.308576
0.437059
-0.795001
-0.331792
-0.013973
-0.605117
-0.646051
0.909493
0.590937
-0.841033
-1.050228
-0.933906
-0.915279
-0.871000
-1.095563
-1.774040
-0.249751
-0.007576
-0.254820
-0.457678
-0.634179
-0.364104
-0.576276
-0.713605
-0.967813
-0.301522
-0.212510
-1.096908
-1.736631
-1.100237
0.731274
0.981151
-0.024869
-0.682196
-0.120155
0.163940
-0.649005
-0.712421
-0.754226
0.867666
2.409641
0.909707
-0.657668
-0.032478
-0.268591
-0.054111
0.440339
0.180940
-1.340978
-0.637927
-0.010472
0.291917
0.674620
-0.170389
1.310627
1.187279
-0.395103
-0.624650
-1.153053
-0.505913
-0.620227
-1.004378
-0.857964
-0.903515
-0.484340
0.079678
-0.138929
-1.615708
-1.481242
-0.276035
0.546326
0.289986
0.029399
-0.824264
-0.155448
0.713018
1.441205
2.174802
1.259331
-1.040296
0.006157
0.979738
0.473903
-0.210735
-0.132614
0.386169
-0.826700
0.140736
0.758282
0.068363
0.380539
1.158344
0.949302
-0.357711
-0.046061
-1.003543
-0.688449
0.161068
-1.871753
0.735828
1.927538
0.513034
0.361675
-0.322221
-0.499740
-0.644731
-0.400990
0.453470
0.214968
-1.141240
-0.010563
-1.273164
-0.737061
0.600920
-0.906951
-0.534536
-0.596532
-0.231719
0.083194
-0.669130
-1.276562
-0.525845
0.877664
0.394763
-0.929617
-0.895066
0.338949
0.689261
0.214391
-0.535886
-0.352745
-1.235787
-0.893570
0.610989
0.928686
0.314268
-0.551987
-0.218357
0.026118
-0.331931
0.265454
-0.200787
0.930159
0.959854
-0.227499
-0.256529
-0.473498
-0.260342
-0.493318
-0.445546
0.393740
1.666706
2.184350
0.790634
-0.001153
0.817671
-0.466122
-0.207070
1.143042
-0.490525
0.824565
1.488977
0.059223
0.421801
0.152307
-1.842663
-0.754645
-0.052436
0.756722
1.387410
1.343351
0.779536
-0.457707
-0.862036
0.227986
0.272341
-0.044433
-0.890415
-0.829268
0.231613
0.262710
-0.485688
-0.499409
-0.795255
-0.892231
-0.605179
-1.131039
-0.290920
1.311859
0.937087
0.438354
0.255412
0.555950
0.101191
0.495151
0.728783
-0.387847
-0.395405
-0.538266
0.638510
0.716776
0.428892
-0.395118
-0.238025
0.126643
0.249588
-0.379260
-0.896704
-0.049931
-0.319733
-0.485895
0.003032
0.066184
-0.203523
-0.320530
-0.122619
0.226523
0.281711
-0.388982
-0.842534
0.299441
0.622583
-0.014395
-0.494264
0.319693
0.549770
-1.468692
-1.264024
0.642986
1.721192
1.683089
1.145933
-0.514735
-0.761007
-0.270075
-0.313402
0.321605
0.157300
0.098177
-0.019452
-0.579677
-0.918708
-1.645767
-1.016980
-0.098812
0.080544
-0.553858
-0.510659
-0.251936
-0.666781
-1.333773
-3.025578
-2.960312
-1.776612
-1.746482
-1.090221
-0.107063
0.189698
0.189084
-0.897470
0.089564
1.519621
1.719533
1.791021
1.398080
0.533951
0.897824
0.922821
1.042400
0.291965
-1.021826
-1.531279
-0.171102
0.290447
-0.409423
-0.340342
-0.906205
-1.442662
0.368271
1.267889
0.893561
0.155791
-0.152350
-0.626742
-1.207451
-1.022620
-0.681688
-0.911323
-2.551406
-1.448924
0.552918
-0.312830
-2.470690
-2.977912
-2.068278
-1.211946
-2.015923
-2.068853
-1.974585
-0.635069
-0.308396
-1.047254
-1.376263
-0.553338
0.525117
1.962819
2.755230
2.078234
1.628331
1.683299
1.762426
1.670082
0.917974
0.902778
0.894708
0.918837
1.873070
2.649552
0.339900
0.882808
2.470713
2.821886
2.662493
0.980542
1.020013
1.109670
0.999006
1.222780
1.769895
1.944716
0.893297
0.058552
-0.403315
-0.814282
-0.395282
-1.244934
-1.934609
-0.706317
-0.551207
-1.054462
-1.219034
-2.889926
-4.011918
-3.060597
-3.011932
-2.380721
-0.973345
0.841828
1.548434
-0.041577
-0.327040
-0.060902
0.181632
0.744951
0.290859
-0.027364
2.053913
2.107367
2.030840
3.022403
3.391349
3.275228
2.920858
1.902153
1.630540
1.060310
0.376936
-0.480313
0.041318
0.142906
0.325450
-0.713572
-0.537240
-0.299164
-0.106053
-0.571666
-0.271354
-1.201328
-2.686302
-2.106611
-1.620081
-1.440967
-0.374466
-0.355045
-0.151919
-0.532610
-0.223619
1.124174
0.970392
0.347322
0.742824
0.954278
0.733452
0.801983
0.757590
-0.157330
-1.971445
-1.551019
-2.000747
-1.775091
-0.093718
0.387927
0.603800
-1.071624
-1.281866
-0.870556
-1.039524
-0.894375
-0.334426
-0.868689
-0.581833
-0.028507
0.310930
0.336919
0.664202
0.595236
-0.866011
-0.898484
0.466279
1.435081
1.208149
1.115077
1.201246
1.870153
0.921578
0.111196
0.391708
0.282452
0.608685
0.198240
-0.678209
-1.281826
-2.348733
-0.794169
1.558362
1.261838
0.344142
-0.162281
0.729416
0.787517
0.968829
-0.231153
0.038163
1.061513
1.938519
1.911247
-0.182585
-0.436444
0.145382
0.252913
0.733176
0.270386
-0.260384
-0.391005
-0.428870
0.166868
0.763067
0.454995
0.761860
-0.242751
-0.880517
-1.261871
-0.258024
0.869134
0.469059
-0.177947
-1.364957
-1.187876
0.243342
0.115588
-0.664429
-2.540331
-2.766000
-1.425262
-0.520490
-0.743389
-0.287289
0.401127
-1.069124
-1.323270
0.363223
0.535111
-1.159937
-0.621375
0.213121
0.522584
-0.403745
-1.459868
-1.448572
-0.623984
-0.405700
0.343619
0.871245
-0.272821
-1.108194
-0.960610
-0.958523
-0.609468
0.363255
0.304402
-0.146041
-0.119633
-0.298421
-0.475941
-0.049845
-0.277058
0.409757
1.142862
1.271799
1.382626
1.425556
1.780478
1.908167
1.097042
0.247244
0.285925
0.225796
0.013629
0.477625
1.214517
1.277755
-0.014263
-0.216169
-0.371986
0.621179
2.051134
1.144178
0.394071
-0.701517
-1.235268
0.217207
0.766291
-0.317203
-1.423669
-1.120940
-0.086855
0.745478
-0.366832
0.179861
0.584350
-0.068856
0.904380
0.651065
0.226385
-0.133520
0.135665
0.907552
0.564100
-0.169859
0.259782
0.262689
-0.816954
0.897494
1.097991
-1.322936
-1.633492
-1.254708
-0.788119
-0.473664
0.319559
0.064198
0.079339
0.073892
-0.325132
-0.719436
0.346030
0.687231
-0.136790
-0.844952
-0.872812
-0.774224
-1.054746
-0.488171
-0.449975
-0.046718
0.573095
0.723081
0.834308
0.477621
-0.649604
-1.071237
0.528077
0.736912
-0.807680
-0.057856
0.354941
-0.849630
-0.051598
0.743225
0.516036
-0.200615
-1.172151
-1.660564
-2.659423
-0.860706
0.036471
-0.035672
0.011878
-0.732317
-0.025979
0.579624
-0.214927
0.126394
0.230587
0.218809
0.510929
0.890548
1.724678
0.859635
0.488210
1.892640
1.914070
1.069514
0.369452
0.480005
0.904737
0.689318
0.201352
-0.180729
-0.137392
-0.041964
0.079692
0.321412
0.776907
-0.154333
-1.279097
-0.814620
0.164806
0.871243
0.507257
-1.867001
-2.374511
-1.495413
-0.654143
-0.027878
0.347575
0.302767
-0.746959
-1.015809
-0.370940
-0.741961
-1.423951
-0.584529
0.126043
-0.175684
-1.379561
-2.349316
-1.187025
-0.822157
-1.166904
-1.151101
0.078523
0.566523
0.562701
-0.035335
0.579176
0.924090
0.024209
1.018636
1.975396
2.238310
0.776234
0.144741
0.157752
-0.510245
-1.184865
-1.219593
-0.895607
-0.960343
-0.647224
-0.791998
-0.567564
-0.244184
0.396606
1.169353
0.938857
0.568506
1.598768
1.120453
-0.787585
-0.277488
1.805387
2.238431
1.744453
1.829212
1.431664
0.406363
-0.312634
-0.192032
-0.548626
0.127659
0.567822
0.578558
0.968747
1.239964
-0.043680
0.054840
0.176829
-0.168650
-0.805616
0.274995
1.248177
0.905795
0.730266
-0.204196
0.364185
1.483693
1.306821
1.027992
-0.085930
-0.946107
-0.454913
0.105461
0.774346
0.972728
0.372607
0.179416
-0.575429
0.764283
1.457256
0.623603
-0.479676
-0.749982
-0.524323
-0.362392
0.022175
-0.041920
-0.761407
-0.822832
-1.203078
-1.539994
-0.967493
-0.755067
-0.438043
-0.490750
-0.299236
-0.393162
-1.538141
-0.997997
-1.758924
-0.688545
0.239729
-0.367402
-0.405930
-0.437566
-1.153194
