-1.181291
-0.938092
0.997265
0.077850
-0.982211
0.251768
-0.166191
0.079976
-0.802752
-0.543155
-0.256484
-0.267443
-0.295002
-0.608974
0.203225
-0.029242
-0.026228
-0.581947
-0.706466
-1.022840
-1.114556
-0.067193
0.582989
-0.244226
-1.373312
-2.046976
-0.756285
0.126655
-0.450834
-0.821696
-0.259870
0.801012
0.769901
1.565973
2.304397
1.808928
-0.410248
-0.149281
-0.328452
-1.272689
-0.249155
0.477170
0.201669
0.785029
0.757629
0.794386
1.826905
0.525467
0.026225
0.514244
0.728524
1.360273
0.016581
0.917206
-0.781513
-1.999871
-0.888702
-0.309069
0.172334
0.552467
-0.967169
-2.140081
-1.924088
-1.556566
-0.187560
-1.003510
-1.233921
0.136375
0.204671
-0.278480
0.703547
0.528014
-0.407735
-0.722762
0.239197
0.183285
-1.610053
-1.659186
-0.309813
-0.134799
-0.403304
0.571286
1.696768
-0.426555
-1.257115
-0.804035
-0.285073
-0.432535
0.861499
2.468273
1.398235
0.211522
0.622182
2.159736
2.031822
0.252178
0.521965
1.663952
1.257896
0.140605
-0.069161
0.723655
1.437138
-0.434026
-0.037516
0.396922
0.541720
1.052872
1.440639
0.299111
-0.195331
0.330670
1.362020
0.927753
0.784045
0.386059
-0.288232
0.356811
-0.500325
-0.801978
0.040511
1.990640
0.645499
0.363059
-0.140099
0.157669
-0.116779
-1.002529
-0.496662
-0.834656
-0.284566
1.317313
0.625044
0.278502
1.149533
1.017055
-1.073177
-1.391363
0.216294
0.037692
0.373580
0.904942
-0.444373
-0.543749
-0.272186
0.202204
0.249791
1.272910
0.717747
-0.065129
0.935574
-0.240600
-0.468770
-0.077932
0.356357
0.694610
-0.428695
-0.764743
-1.401576
-0.711684
-1.598264
-2.305190
-1.208364
-0.536384
0.075765
-0.518553
-0.222269
0.563798
0.081577
-1.888185
-1.830494
-0.074187
0.292394
-0.257139
-0.064062
-0.802663
0.084930
-1.772057
-3.293666
-2.020327
-0.955658
-0.139060
0.264083
-1.126022
-0.539482
1.002226
-0.605933
-1.543511
-1.641429
-1.377181
-0.257053
-0.604394
-0.148221
0.486129
-0.360683
-1.495367
-0.405700
0.271304
-0.230817
0.087307
0.658986
0.578596
0.559282
0.307417
1.565200
1.327727
1.250174
0.688559
0.015070
-0.153069
-1.079015
-0.747628
-0.403523
-1.094911
-1.506023
-2.089231
-1.421352
0.503877
1.577615
0.361054
-0.396031
-1.021307
1.121199
0.242943
-1.230881
-0.506167
-0.460156
-0.301618
0.111301
-0.237698
-0.285429
0.662993
0.102673
-0.613481
-0.559856
-1.280435
-0.928013
0.062965
0.978442
0.579789
-0.073839
0.796419
1.121325
0.351260
0.268450
0.069951
-0.439672
0.214951
1.463691
0.596525
-0.091726
0.526575
1.436922
2.988328
0.702415
-0.962054
-0.493899
1.015418
1.769186
2.050048
1.440734
0.225465
0.052487
1.592698
0.065515
-1.355325
-1.147243
0.492469
1.892292
1.533269
2.442552
1.573574
0.917322
1.035670
-0.766817
-0.227852
0.862087
0.351383
-1.209369
0.130003
0.588632
0.232704
0.742634
1.732318
2.191550
1.261194
0.504093
0.303903
0.377146
-0.266203
-0.497360
-0.953838
-1.386496
0.517173
-0.685660
-0.978156
-0.443280
-0.118191
0.968474
0.945671
1.263043
0.902663
-0.294322
-0.481977
-0.901372
-0.647853
-0.684769
-0.650608
-0.365976
-1.391792
-0.745895
-0.550812
-0.578268
-0.342888
-0.276725
-0.329269
-0.610495
0.733387
1.517876
0.768222
0.455836
0.234125
1.764574
0.709352
-0.607016
0.164374
0.136241
0.965369
0.252367
0.502916
0.326844
-1.113056
-0.872252
0.011872
1.659746
2.455870
1.524884
1.074755
0.240295
0.168554
-0.203284
0.498744
1.339319
1.313382
-0.347254
-0.091398
0.266607
-0.707428
0.467129
0.008141
-0.700952
-0.668528
-2.087012
-1.614015
-1.257209
-3.115158
-2.887382
-1.587293
-2.692862
-2.872488
-0.825801
-0.160164
-0.342021
-0.405313
0.069217
-0.608694
-0.836747
-0.668644
-0.409978
-0.751847
-1.418207
-1.514859
-1.256632
-0.817076
0.676922
0.641083
1.422534
0.870710
-0.114509
-1.533106
-2.151696
-0.745713
-0.646218
-0.273181
-0.071245
0.390189
0.192569
-0.684588
-0.487481
0.685606
-0.103097
0.019215
0.495864
0.311301
0.013318
0.069011
0.823145
2.665577
1.422527
0.565081
0.248494
-1.137955
1.463438
0.505717
-1.184199
-0.647349
-0.547665
0.556770
0.708519
1.456313
0.506956
-0.465635
-0.448972
0.028265
0.296815
0.326670
1.515692
-0.014024
-1.491686
-0.398509
0.538584
1.056356
0.565700
-0.691284
-0.624449
0.538469
1.331778
-0.847883
-1.138800
-0.577186
-0.394867
-0.563353
0.260078
0.198790
-0.125190
-0.403689
-0.271351
1.580655
1.437437
-0.231303
0.063520
0.857098
0.633821
-0.772753
-1.350605
-0.275587
0.641460
-0.315458
-0.598553
0.413802
0.621519
0.286500
-0.289822
-0.006480
0.470782
0.509470
1.053413
0.946098
0.232128
1.091505
1.080136
1.081596
1.001217
0.745916
0.556774
-0.226604
-0.624646
-0.195423
0.377664
-0.267087
-0.018054
-0.888048
-2.041125
-1.107780
0.186258
1.166321
0.308207
-0.196251
-0.624576
-1.109676
0.180236
-0.429362
-0.620379
0.221255
-0.299802
0.504364
0.959401
-0.003917
-0.388159
0.263556
0.069288
-1.633791
-1.977202
-0.826915
0.695321
-0.738453
-1.047621
-0.437071
-0.477175
0.283727
0.002521
-1.134856
-1.200157
-0.269778
-0.462859
-0.539733
1.040395
-0.532040
-1.056838
0.470730
0.081120
0.616799
0.777018
0.494522
0.034340
-0.594952
-0.644042
-0.001669
-0.712428
0.732615
1.856269
0.404702
0.179136
1.067511
1.035020
0.577665
-0.934063
-1.277802
-0.597527
0.713048
1.013784
1.254830
2.265968
1.576928
1.158650
1.404543
2.143848
2.723066
-0.651077
-3.164910
-2.506192
-1.214047
-0.306719
-0.036300
0.265303
-0.453798
-0.601329
-0.236807
0.647275
0.964887
0.119263
0.748285
-0.817970
-2.240230
-2.708971
-1.427514
-0.173579
-0.414492
0.754844
1.129886
0.874564
0.974629
-0.492857
-0.093147
0.435931
-0.000901
0.366104
-0.199764
-0.267045
0.002032
-0.306651
0.012781
0.273345
0.982918
0.070138
-1.699781
-0.635329
-0.511763
0.252072
0.626205
0.600177
0.049134
-0.783357
-0.578392
-2.387812
-2.455385
-1.348670
-0.316875
0.981499
0.905086
0.528484
0.515893
0.509206
0.775787
0.580105
-0.009398
0.542674
1.485689
0.828743
-0.113192
-0.985073
-0.899070
1.106208
1.920260
0.595627
0.041306
0.001465
0.886060
2.234126
3.268476
2.639190
1.312367
0.426685
0.462417
0.384120
0.908694
0.544049
-1.599005
-1.735390
0.085711
2.608369
3.149806
3.436947
2.480410
0.194288
0.711978
0.064527
-0.020002
0.236640
-0.775751
-0.821395
-0.601197
0.008866
-0.008225
-2.475614
-2.431322
-1.754994
-3.399347
-2.846902
-1.956871
-1.017534
-1.861725
-2.333266
-1.079639
-0.412963
0.849379
1.035009
2.845272
2.010201
0.409518
1.295360
0.259740
0.419750
2.006597
2.008845
1.238279
0.747607
0.734783
0.398155
0.546567
-0.295830
-1.266062
-0.604607
-0.180305
-1.157190
-2.013073
-1.400758
-0.190939
0.876532
0.558566
-0.610733
-0.800536
-0.837328
-0.362501
0.353605
0.948554
0.822501
0.516302
2.895803
1.075644
-0.471574
0.852600
0.431808
-0.706885
-0.353717
0.013116
0.970259
1.760487
1.011848
-0.502347
-0.467673
1.526531
1.797712
0.014478
0.036619
-0.976613
-1.325285
-1.755458
-0.463991
-0.541110
-0.962862
0.824275
0.038321
-0.140001
-0.647311
-2.217357
-1.700464
-0.067874
-0.547508
0.185254
1.767050
3.548423
2.045454
-0.172918
-1.179899
-1.352953
-1.353840
-0.812530
0.077448
-0.423644
-0.200517
-0.092320
-0.351990
0.858325
0.109756
-1.333506
-0.851415
-1.255488
-1.104129
-0.008108
-0.694452
-0.062946
-0.587471
-1.080199
0.153540
1.377803
-0.094037
0.306480
0.271186
-1.524299
-0.199347
-0.498311
-1.322974
-0.872733
0.116398
0.263092
-0.030516
-0.136359
0.450252
1.361707
1.421307
0.312992
-0.170239
0.631404
-0.470158
-0.886120
-0.131676
-0.588821
-1.164092
0.950986
1.025987
0.732522
0.191039
-0.292304
0.666235
0.284325
0.293677
0.976922
1.650965
0.792317
0.736353
0.281542
-0.410614
-0.288353
0.946314
1.235537
-0.177712
0.266673
0.386616
0.655059
1.986443
0.853002
0.219743
-0.461704
0.107381
-0.518080
-0.657814
-0.319415
-0.037289
-0.482916
-0.130552
0.676859
0.465900
0.497958
1.434453
1.258654
0.410204
-1.198460
-1.639229
-0.983692
-1.397579
-1.033512
0.529151
0.974234
-0.763560
-2.864665
-2.292901
-1.748837
-0.791901
-1.076699
-0.988128
0.314312
1.058325
0.189069
-0.354206
-0.782679
-1.562608
-2.460365
-1.522097
-0.469130
1.293651
3.161037
0.890158
-0.366291
-0.466476
-0.751054
-0.372882
-0.263456
0.232110
0.077292
1.251278
0.924233
0.151193
0.880217
-0.038847
-0.885166
-1.117780
-0.707101
0.314230
0.573363
0.815412
1.964311
1.144419
-0.191984
-0.649039
-0.838657
-0.192502
0.031008
-0.627065
-0.859503
0.103113
0.874516
0.962081
0.489309
0.366998
-0.280578
-1.315885
-1.016981
-0.626582
0.205420
0.131868
-0.161637
0.213095
0.061954
0.296804
0.958046
0.383689
-1.037469
-0.398367
1.262454
1.350928
0.523368
0.534291
0.044668
-0.261696
0.024291
0.887159
0.486100
0.987897
1.315862
0.119177
-0.287667
0.442339
0.930975
-0.234003
-0.282589
-0.506176
-0.320763
-0.390005
-0.372230
-1.072021
-0.665778
-0.820737
-0.961981
-0.154127
-0.065308
0.111294
0.640352
1.459178
1.066823
0.034179
-0.328157
-0.113430
1.667007
2.051901
0.397567
0.243177
0.188172
-0.053029
0.019629
0.254858
-0.280980
-0.008651
0.795621
0.265318
0.628439
1.638611
0.446829
1.125747
1.547016
0.023264
-1.360613
-1.364034
-0.635469
1.766593
0.756980
0.072981
1.020242
0.046983
-1.399988
-0.749049
-0.505654
-0.507980
-0.738557
-1.439098
-1.938167
-1.853991
-1.554349
-1.089911
0.164451
0.874116
-0.101427
-0.161747
0.019033
-0.256356
-0.481054
-0.041521
0.464490
0.097967
-0.702391
-1.174205
-0.150085
0.490212
0.299201
0.238919
0.352838
0.449694
-0.144969
-0.708653
-0.955454
-1.582986
-1.499116
-0.442564
-0.525377
0.351157
1.481491
1.334833
0.299603
-0.372942
-1.241122
-0.739069
0.077379
-0.191068
0.471423
-0.679849
0.160967
1.600743
0.579862
-0.004281
-0.430825
-0.221370
0.372952
0.584991
0.809376
0.257494
-0.628818
0.126477
-0.056752
0.710014
0.870425
0.595008
0.656063
-0.905639
-1.402901
-0.823214
0.277399
0.401163
0.482178
-0.208603
-0.383006
0.872522
0.319737
-0.285825
0.525998
-0.266869
-0.863033
-0.667341
-1.228971
-1.014987
-0.294031
0.375133
0.391254
-0.638764
-0.233495
-0.064739
-1.013451
-0.319304
1.022850
0.676847
-0.280087
-0.043392
0.417844
-0.594702
-0.201313
