0.365742
-0.235028
-0.254909
0.838122
1.012943
-0.232323
-1.099854
-0.734428
0.450646
0.706199
0.141899
0.175059
0.217903
0.481650
0.627454
0.598038
0.690601
0.535505
0.481319
-0.305724
-0.559408
-0.059204
-0.246577
-0.120116
0.101685
-0.223006
-0.610625
-0.423387
-0.063129
0.018128
0.065734
0.015423
-0.711137
-1.360091
-0.691663
0.034031
0.613450
1.129415
1.256763
0.796395
0.312881
0.277635
0.071114
-0.669428
-1.754123
-1.488809
-1.371838
-0.382251
-0.360880
0.380560
0.738186
1.232781
0.824608
0.401590
-0.018650
-0.015194
-1.236754
-2.056468
-1.009177
-0.229027
0.531296
1.355269
1.408809
1.083099
0.542262
-1.182463
-2.465069
-1.736571
-0.100327
1.193421
3.258332
3.293796
2.284524
1.645407
0.136623
-0.241220
-1.155636
-1.868762
-1.216569
0.108447
-0.046975
-0.181521
-0.521870
-0.244262
0.416100
0.739215
0.997760
0.977126
0.444742
0.060553
-0.198213
0.095282
0.114422
-0.272549
-0.275784
0.385492
0.859111
0.897319
0.827082
-0.002916
-0.723336
-1.429242
-1.603745
-0.211818
0.509697
0.268296
-0.044635
0.669393
-0.242790
-1.448198
-1.262513
-1.229871
-2.074925
-2.934288
-1.928639
-0.458135
0.257623
0.038862
0.187152
1.390354
1.322938
1.044225
0.930948
-0.007302
-0.418274
-1.011935
-0.802740
-0.813215
-1.364042
-1.210019
-0.354187
-0.165021
0.019603
0.031019
0.399327
0.780961
0.395418
0.163030
0.015722
-0.292852
-1.243219
-1.602821
-1.317767
-0.626058
0.057132
0.140169
0.018710
-0.545267
-0.282870
0.612022
0.697526
1.088243
0.558728
-0.290988
-0.372339
-0.472302
0.240642
0.373173
0.655993
-0.123340
-1.191782
-1.272363
-1.083536
-1.822049
-0.831469
0.305328
1.245257
1.511228
0.860472
0.407328
0.300641
-0.337635
-0.161680
0.342521
-0.000932
0.043320
-0.461568
-0.918242
-0.244729
0.355961
0.828186
0.672554
0.260507
0.993855
1.734507
1.684521
1.901003
2.001106
1.137990
0.383278
0.587825
1.098732
0.363610
-0.711621
-1.044378
0.189749
1.131223
1.361147
1.469220
1.516141
0.997343
0.341731
-0.244047
-0.596142
-1.384285
-1.229935
-0.743306
-1.241529
-1.310852
-0.719486
-0.713939
-1.189343
-0.261265
0.991080
1.417676
0.816874
-0.383045
-1.542161
-1.619942
-1.152786
-0.782624
-1.093615
-1.384339
-0.734729
0.079657
0.566495
0.659611
1.053831
1.231164
1.110996
0.034405
-0.734309
-1.209712
-1.800574
-1.048767
-0.658064
-0.384513
-0.197672
0.845209
1.329508
1.037243
1.758746
0.777957
-0.214991
-0.314070
-0.402413
-0.859757
-1.842805
-1.823107
-0.888202
-0.226964
-0.399425
-0.777788
-0.702309
-0.352280
0.859764
0.688584
0.302439
0.569585
0.452448
0.061736
-0.316265
-0.222523
-0.246592
-0.632257
-0.003347
0.649174
1.304994
1.385602
0.572173
0.133330
0.664545
1.309327
0.664492
-0.276455
0.105147
0.649508
-0.288988
-0.682197
0.050599
0.772330
0.344176
-0.278146
0.610485
0.467971
-0.320011
-0.404850
0.336258
0.573692
0.658168
1.506294
1.589597
0.389491
-0.586504
0.416687
0.336216
0.553817
0.480879
-0.134778
-0.193293
-1.127470
-1.589784
-0.665791
-0.083221
-0.533985
-0.507334
0.536922
1.048516
0.925674
0.641012
-0.151317
-0.270204
0.417761
-0.084914
-0.589362
0.497359
0.170912
0.373341
1.148843
0.285440
-0.922554
-0.538404
0.820450
1.086226
0.715667
0.824473
0.236276
-0.757790
-1.451099
-1.333647
-0.789200
-0.275441
-0.513590
-0.227200
-0.047312
-0.930306
-1.248718
-1.617868
-1.662053
-1.094289
-0.777539
-1.067604
-0.873025
-0.167842
0.142019
0.353182
0.652793
0.497651
0.467795
0.545930
0.535732
0.227709
-0.016494
0.041201
0.876464
1.676101
1.440729
0.967714
0.661025
0.314765
-0.458042
-0.514271
-0.428942
0.470000
0.324508
0.153546
0.645906
0.840876
1.180265
0.512054
0.268339
0.657734
0.538544
-0.164581
-0.069178
0.456700
1.440095
0.716198
-0.198908
-0.245551
0.245672
0.668920
1.380902
1.134322
0.334300
0.766789
1.017757
0.245294
-0.142220
0.473533
0.598373
0.961414
0.689679
0.574540
0.079945
-0.510151
-0.563790
0.413373
0.181461
0.095862
0.109008
-0.751318
-0.906002
-0.449126
-0.484590
-0.455142
0.573985
0.403332
0.131363
0.448754
0.301035
0.707138
0.818020
-0.090863
0.341646
0.392348
-0.150978
-1.063146
-1.468120
-1.038615
-0.619829
-1.476628
-1.019759
0.246256
0.575361
0.582000
0.841371
0.701084
0.432678
0.797041
1.346223
1.122537
-0.108670
-0.669240
-0.905885
-0.251359
-0.667484
-1.110299
-0.306353
0.822167
1.444594
0.705016
0.335361
0.518691
0.435984
0.358452
0.362126
0.556780
0.333443
1.520710
1.478919
0.947139
-0.392774
-1.468302
-1.653757
-1.742651
-1.781251
-1.433185
-0.439096
1.338436
1.412009
1.386920
1.345460
1.788934
1.978043
0.296631
-0.376172
0.018766
0.322970
-1.074842
-1.709217
-2.020414
-2.734816
-2.173557
-1.045244
-0.603717
-0.240204
0.231181
1.406395
2.257003
1.642988
0.752751
0.063118
-0.133841
-0.248332
-0.481389
-0.691013
-0.552969
0.394653
0.732221
0.416040
0.484607
0.489037
0.057522
-0.510720
-0.155653
0.397615
-0.133908
-0.393873
-0.779895
-1.351363
-0.382497
0.160823
0.518457
-0.100453
-0.399038
0.015809
0.357027
0.472765
0.068060
-0.080746
0.590405
1.464950
1.512178
1.359781
1.418927
1.308332
1.231867
0.087481
-0.971752
-1.147427
-1.381977
-1.223969
-0.391806
-0.349727
-0.589280
-0.566312
-0.417333
0.053173
0.306270
0.645317
0.733107
1.109486
2.194477
1.080923
0.382386
-0.090966
-0.677738
0.092850
-0.851176
-1.466924
-0.739423
-1.041172
-1.044856
-0.310421
-0.692446
-1.015772
-0.166744
0.706218
0.191157
-0.748717
-1.187938
-1.501548
-1.541298
-2.139618
-2.345164
-1.983568
-1.948576
-1.120876
0.212178
-0.143600
-0.228471
-0.463184
-1.244886
-0.919837
-0.117352
0.506228
0.561242
0.471855
0.220587
0.965891
0.917391
1.224987
0.921630
1.068765
-0.303062
-2.341837
-2.595325
-1.917054
-1.093869
-0.602652
0.244335
1.096736
1.383010
0.442044
-0.783069
-1.631013
-1.094528
-0.861850
-0.777044
-0.276139
0.464683
0.210388
0.251670
0.278634
0.529013
-0.016973
-0.738393
-0.994952
-0.204926
-1.307532
-1.136014
0.276061
1.036936
1.806093
2.035524
1.865557
1.910429
1.361781
0.319856
-0.363266
-0.755683
-1.237582
-1.523347
-2.251195
-2.128883
-1.760155
-1.534642
-2.002421
-1.831841
-0.834040
0.304237
0.662668
1.530305
2.154776
1.580802
1.269476
0.606285
0.061326
-0.529073
-0.819160
-1.187840
-1.626183
-0.693598
-0.496351
-0.708896
0.308138
0.746243
1.141080
0.940144
0.834930
1.640838
2.586148
2.743049
1.418537
-0.298734
-0.596207
-0.541238
-1.630874
-2.279496
-2.800326
-2.873090
-2.106473
-2.254793
-1.226164
-0.170404
0.125801
1.269503
1.970041
2.405249
3.184279
2.619787
1.406261
0.725232
-0.067609
-0.365577
0.397229
-0.267345
-1.118776
-1.468310
-1.149840
0.133360
0.184490
0.933184
2.511019
2.858696
2.342321
2.134857
1.930521
1.960549
2.012331
1.695172
-0.252230
-1.215869
-1.256301
-0.957378
-0.760946
-0.675142
0.471080
1.167086
1.025977
1.284186
1.290019
0.268523
-0.862614
-0.579434
0.308511
-0.506875
-0.780282
-0.637373
-0.888931
-0.910320
-0.993575
-1.347394
-0.413392
0.074343
-0.162851
-0.206799
-0.288187
-0.065082
0.113833
0.411304
0.865406
0.805359
0.612206
0.334395
0.062180
-0.499292
-1.698511
-2.444904
-1.691315
-1.040725
0.064723
0.449488
0.221573
0.395249
-0.117724
-0.333944
0.349376
0.144545
0.075139
-1.015642
-1.079728
-0.533373
-1.368561
-1.862725
-2.085495
-2.078553
-1.625521
-0.690123
0.129050
0.779711
1.415880
0.510974
-0.599377
-0.775210
-0.628658
-0.523495
-1.233568
-1.118130
-0.609581
-0.510772
0.134307
0.675921
0.133683
0.593453
0.605758
0.230018
0.454099
1.001546
1.814943
1.091241
0.890014
0.696291
0.035012
-0.407849
-0.702181
-0.377061
0.768829
1.173423
1.725011
1.682911
0.832052
-0.473621
-0.902702
-0.727579
-0.407053
0.007572
0.064471
-0.238719
0.071827
-0.128431
0.111494
0.010294
0.326161
0.667510
0.414880
-0.523981
-0.643200
-0.011672
0.624774
1.520799
1.274207
0.723391
1.052826
1.362526
1.702155
1.795876
1.205500
0.888666
1.112996
0.890317
0.966045
0.427940
0.096077
0.385223
0.233481
0.698080
0.891781
0.923923
0.576711
0.587676
0.627444
-0.180946
-0.429638
-0.035106
0.533439
1.093551
1.706264
0.823161
0.278135
0.953066
1.362112
0.031073
-1.443882
-1.194106
-0.052921
-0.506644
-1.550911
-1.372715
-0.477578
0.224365
-0.247943
-0.349276
-0.646916
-0.813478
-0.519527
-0.613961
-0.144441
0.813464
1.225601
0.526636
0.034204
-0.403284
-1.356375
-2.887301
-3.275248
-2.324967
-2.282365
-2.123754
-1.247723
-0.442415
0.802090
0.598717
0.485916
-0.078525
-0.840712
-0.844553
-0.057317
0.867682
2.037246
3.030874
2.585254
2.175419
0.613368
-1.338048
-2.551144
-2.539911
-1.532891
-1.511624
-0.797956
-0.525919
-0.346961
0.914098
1.138062
0.684468
-0.383105
0.431190
1.433994
0.964795
0.940175
0.991552
0.579734
0.331690
0.098728
0.878667
1.965031
1.281482
-0.749776
-0.729100
0.618019
0.631060
0.684695
1.136278
1.390293
0.800518
-0.800169
-1.195435
-1.059213
-1.340458
-1.167386
-1.163261
-1.669703
-0.844966
-0.057778
0.349312
0.809026
0.308253
-0.706001
-0.179252
0.215572
-0.330539
-0.329833
-0.190392
-0.111320
-1.015729
-0.192886
0.727026
0.396175
0.363000
0.378017
-0.018252
0.185158
0.189564
0.864888
0.674855
0.196442
-0.103238
0.076009
0.968363
0.738931
0.663223
-0.132530
-0.408723
0.042409
-0.052461
0.630882
0.371646
-0.737314
-0.530349
-0.609665
-0.135750
0.821443
0.854478
-0.164197
-0.477822
0.531003
0.187044
0.197064
0.695852
0.468446
0.225059
0.619354
0.494454
-0.063861
-0.240766
0.026901
-0.720607
-0.853594
-0.447359
-0.268352
0.017542
-0.065322
-0.799576
-0.637713
-0.397771
-0.559505
0.345065
1.335176
2.182106
0.617709
-0.363660
-0.251391
-0.955558
-1.199577
0.146337
1.048039
0.287411
-0.672051
-0.273730
-0.269786
-0.494954
-0.850438
-1.171738
-1.671202
-1.674789
-1.640203
-1.651425
-1.509412
-1.383596
-0.523519
-0.235259
-0.601210
-0.018137
0.150152
-0.479671
-0.763931
-0.149494
0.408075
0.113301
0.133800
0.350749
0.108784
0.503937
0.680222
0.666315
0.497035
0.364390
1.060566
1.393696
1.513270
1.313938
0.705115
0.544319
-0.521376
-1.589431
-1.881664
-1.074197
-0.193658
-0.974992
-1.038057
-0.774165
-0.811736
-0.174813
