1.844383
1.887896
0.487991
-0.207531
-0.777728
-0.036004
0.124376
-0.081769
0.982739
1.008389
-0.006665
-0.060921
-0.108024
-0.923166
-0.971657
0.704211
0.075010
0.195894
1.237194
0.916667
0.431136
-0.449946
-0.042266
0.586293
-0.879838
-1.418745
0.158537
0.754013
0.392369
-0.011689
-1.597018
-2.400601
-0.984624
0.715645
1.106978
1.310187
0.560478
-0.081311
-0.759134
-0.234083
0.503357
0.249007
0.104265
-0.647597
-1.561537
-0.298709
0.318035
-1.529717
-0.127728
1.163059
0.644717
0.762295
0.938590
0.259423
-0.959133
-0.649975
0.107576
0.532222
1.265850
1.661198
1.426701
0.539692
-0.425757
-0.962817
-1.110116
-0.625426
-0.219532
-0.478575
0.514924
2.579320
1.566814
1.750481
1.970250
1.212981
1.384531
1.038808
-0.609267
-1.726920
-2.117011
-1.109976
-0.370262
1.074264
2.066324
1.185267
1.264599
0.876988
0.828414
1.122980
1.056470
0.939336
0.681372
-0.654988
-0.722719
-0.221953
0.394485
0.628952
0.576628
0.525901
-0.372700
-0.571370
-0.307409
-0.879377
0.232626
0.131711
0.947708
1.854438
0.786895
0.135015
0.111537
0.574000
0.550804
0.262836
0.052112
0.297093
0.774207
0.189201
-0.077290
0.382916
0.408782
-0.437188
-0.023075
1.399599
0.780963
-0.803019
-0.859168
-1.199007
-0.127674
-0.440637
-0.058111
0.355964
0.415616
0.626775
0.527265
-1.007409
-0.595053
0.215598
0.331782
0.707201
-0.399047
-0.000518
-0.282607
-0.920048
-0.565907
0.227771
1.014381
1.688527
0.911563
-0.100666
-1.843329
-1.058749
0.156908
-0.724331
-0.943008
-0.616425
-0.442130
-0.589072
-1.167242
-1.536985
-0.489348
-0.881920
-1.709652
-2.074260
-2.098585
-0.848091
0.615806
-0.590760
-0.391550
0.719477
0.419017
0.795746
0.570002
0.897325
0.716229
0.606340
0.362504
-0.146718
-0.504874
0.790006
1.877717
1.295902
0.779513
0.207617
0.767928
0.435944
0.108698
0.538326
1.156831
1.461298
0.161848
-0.521776
-0.917820
-1.716887
-0.848609
0.011611
0.162046
0.333171
0.760191
0.536755
0.458928
-0.814600
-1.947158
-1.175882
-0.582499
-0.520059
-0.766523
-0.195152
0.146543
0.023843
0.203604
1.001961
1.312581
1.056161
1.400118
1.739926
0.806714
1.235438
0.856689
-0.415652
-0.469296
-0.607980
-0.116194
-0.256557
-0.000389
1.147295
1.023117
0.669609
0.274560
-0.060422
-0.242086
-1.788407
-1.233257
-0.847453
-0.409228
0.330292
0.010414
-0.179899
-1.069272
-1.093574
-1.517761
-1.254799
0.158410
0.897713
0.752604
0.518900
-0.320249
0.157802
1.608192
0.841624
-0.609108
-0.800174
-0.027441
0.081315
1.278376
1.021782
0.957467
0.497434
-0.084233
-0.277137
-0.165571
-1.016569
-0.520991
-0.016154
-0.105089
0.571973
0.222695
-1.031435
-1.035742
-0.653573
-1.365999
-0.473855
0.065143
0.209053
-0.875756
-1.331057
-0.915989
0.046551
-0.110810
-0.230108
-0.044130
0.470764
-0.406911
0.756453
1.626858
1.479802
1.225291
0.366520
0.769605
0.750917
0.840214
0.128638
-1.048155
0.857627
1.170424
0.097973
-0.275433
-0.406523
0.517687
-0.072364
-0.426454
-0.313992
-0.199089
0.708445
-0.415737
-1.241022
-0.942650
-0.771700
-1.271263
-2.296603
-1.844239
-0.424604
0.020263
-0.216975
-0.349884
-0.240442
0.406796
0.323350
0.401879
0.851254
1.085939
-0.061921
0.936678
0.822559
0.084654
0.736521
-0.832547
-0.910220
-1.168811
-1.017992
-1.120358
-1.503598
-1.278442
-0.532199
0.225634
0.813373
1.478554
1.243563
0.634956
-0.317778
-2.736754
-2.337595
-1.034383
-0.929307
-0.873978
-1.225025
-2.622534
-3.939333
-2.343551
-1.373980
-1.626347
-1.647340
-0.189974
0.057394
-0.960604
-0.533863
0.286110
-0.614970
-1.165199
-0.653346
-0.486197
-0.346688
-0.196780
0.304068
-1.175965
-2.623651
-1.030070
-0.611287
-1.037656
-0.901349
-0.816346
-0.359164
-0.143898
0.127976
0.504042
0.086194
-1.002198
-0.171133
0.209982
0.010649
-0.399424
-0.970698
-0.856974
-1.406082
-0.751662
-1.619076
-0.408976
0.279803
-0.006743
0.529086
-0.590220
-0.694703
-0.219919
-1.044168
-2.544135
-2.161539
-0.814641
-0.153545
-0.500767
-0.355174
-0.056445
0.420916
0.970624
0.212446
-0.822226
-1.347958
-1.676058
-1.807060
-1.781109
-0.665614
-0.622705
-1.248466
-1.121323
-1.839165
-0.456091
-0.788834
-0.487524
0.088776
-1.216908
-1.781249
-0.522436
0.013072
-1.233427
-0.910734
0.645687
0.070361
-1.008806
-1.006020
-0.515351
-0.151808
-0.959280
-1.552513
-0.166037
1.679942
1.587545
1.270507
0.179982
-1.437502
-1.185656
-0.414558
-0.697168
-1.752513
-2.239825
-2.529692
-2.097202
-0.967649
-0.640178
-0.463201
-0.309128
-0.636874
-1.103105
-0.114877
0.781745
1.409475
1.006225
0.093157
0.116119
-0.409155
-0.050070
0.658992
0.972728
1.145881
0.737205
1.488074
0.765499
-0.002531
0.283791
0.797625
1.787317
1.139816
0.581903
0.140042
1.082475
0.940485
0.668840
0.448126
0.162181
0.162254
0.496416
0.368058
0.653616
0.941920
1.124280
0.654157
-0.831224
-0.582881
-0.121661
0.020304
0.025280
0.352969
0.711683
0.564232
1.343863
1.699617
0.239364
0.707157
0.465174
-0.439206
-0.511382
-0.342856
0.475658
1.742135
1.414559
-0.142840
-0.918564
0.179537
1.824470
2.308512
1.060333
0.298963
-0.544085
0.097311
0.302996
-0.767491
-0.538025
-0.500520
0.702605
0.818367
-0.957622
-1.784981
-2.124546
-0.403642
0.087801
0.001633
0.113176
0.696070
0.339464
1.480904
0.804508
1.141326
2.246797
1.503134
1.511189
1.264028
1.219583
0.439866
-0.497896
-0.297559
0.370694
-0.118451
-1.504677
-1.705245
-0.058879
0.913205
1.550271
2.089685
1.756600
0.562572
0.336529
1.088303
1.087672
0.880607
0.448771
-0.246927
0.150667
1.279510
1.551789
1.328425
-0.343760
-0.550106
-0.045918
-0.189442
-0.438556
0.195640
0.648022
0.562397
0.945612
1.972295
1.792615
1.600529
2.385763
2.746920
3.193072
1.234242
1.296264
1.776276
1.184809
0.760337
0.637590
-0.235024
-0.761499
-0.107049
-0.070001
1.143403
0.742756
-0.671996
-0.793774
0.271755
1.449824
1.210319
0.370420
0.737575
1.627902
0.606876
0.273871
1.303767
1.939419
2.193047
1.115201
0.609360
0.043970
-1.173788
-0.637291
0.102432
-0.521173
-1.681909
-1.143065
-1.365841
-1.639151
0.009826
1.009190
1.048812
0.956091
0.987075
0.955381
0.984948
-0.297446
-0.135250
-0.186826
-0.417103
-0.745930
-0.317780
-0.461130
-1.047887
-0.256834
-0.108535
-0.365487
-0.770472
-0.679134
-0.681546
0.398621
0.367822
-0.067253
-0.093823
-0.480742
-0.365075
0.545549
-0.065020
-1.275700
-0.426252
0.389948
0.634010
1.021331
0.662270
0.712290
0.900785
-0.029559
-0.003899
0.480931
1.137716
0.527053
-0.009365
-0.066745
0.036868
-0.735685
0.084962
0.112382
0.544472
0.828623
-0.294935
-0.338277
-0.955353
-0.792029
-0.957372
-1.735341
-1.135210
-0.922250
-1.132037
-0.597273
-0.447629
-1.740465
-1.524360
-0.223570
0.293377
0.484348
0.315727
0.269986
0.978777
1.081220
0.473840
-0.362916
-0.959138
-0.076406
0.163841
-0.432252
-0.493927
-1.138296
-1.468719
-0.791984
0.502067
-0.388556
0.098781
1.693954
1.722155
1.342806
2.322437
1.914013
1.496233
1.966967
1.391796
0.813540
0.219860
0.504870
1.413526
1.972513
1.722544
1.374508
1.253143
0.624955
0.673152
1.386468
1.465759
0.128941
0.107210
0.659569
0.926927
0.330342
0.825941
1.017541
-0.072236
-0.451584
-0.053559
0.863439
0.705860
-0.368115
-1.327987
-1.489947
-0.676082
-0.652340
-0.420411
0.522938
0.376399
-0.059248
0.023621
-0.250904
0.209232
-0.456158
-0.647908
-1.113382
-0.337967
0.364803
0.097826
-0.018244
-0.176862
-0.884228
-0.748553
-1.064693
-1.803736
-0.853612
-1.013892
-2.206419
-2.356129
-2.691886
-1.849636
-1.010031
-1.552369
-0.544792
0.472397
0.172823
-1.169082
-2.324700
-1.403270
-0.214787
-0.877484
-1.020008
-1.617840
-1.002764
-0.775193
-0.673832
-0.213129
0.051162
-0.509160
0.033940
-0.846498
-1.213159
0.488829
0.497088
0.312762
-0.001816
-0.559599
-1.598595
-0.965551
-1.209681
-0.041545
0.667834
0.058407
0.513001
-0.248640
-0.656810
-1.394679
-1.709901
-1.341414
-1.434398
-0.651227
-0.441332
-1.523274
-1.137352
-0.843778
-0.528552
0.154556
0.357917
-1.172850
-1.941804
-1.637706
-2.275792
-2.420033
-0.804848
-1.062466
-1.170765
-0.923011
-0.170017
0.468557
-1.236819
-2.769895
-0.892361
0.466722
0.294280
0.263016
0.812790
0.049596
-0.983913
0.012460
1.630893
1.026124
1.083511
0.534554
1.117548
1.062115
-0.064698
0.463154
0.731542
0.933896
0.639442
-0.255396
-0.510762
-0.736089
-0.249906
0.865486
0.838328
0.695981
0.176230
0.536198
1.208906
1.259999
0.530438
1.765049
2.175336
2.254601
1.445039
1.421491
1.143013
-0.054606
-0.671421
-0.260307
-1.465287
-1.684525
-1.842679
-1.776795
-0.464670
-0.621110
-0.145199
1.044970
0.943545
1.025323
0.942092
1.194233
0.250329
-0.118095
0.958025
0.503959
-1.409451
-2.318935
-2.049346
-0.628043
-0.271009
-0.002887
-0.154546
-0.085628
-0.755664
-0.645024
-0.093572
0.731650
0.637393
0.442897
-0.540792
-1.561858
-1.958443
-2.722102
-2.887017
-1.906273
-0.790408
-0.465551
-0.135046
1.185555
0.762928
-0.303960
0.105932
0.844273
0.489115
-0.635978
-0.693755
-0.427647
-1.384371
-1.692296
-0.894116
-0.393854
-1.305839
-0.557785
-0.774636
-1.124736
-0.758010
-0.080413
-0.111137
-0.107640
0.201840
0.454184
-1.264337
0.103559
1.451982
1.327490
0.865376
-0.002493
0.163960
-0.576539
-1.898019
-1.355963
-0.960888
-0.095311
0.337108
0.589946
-0.975215
-1.579852
-0.586968
-0.101592
0.344221
0.534948
0.464302
0.705097
0.182919
0.770429
0.762755
0.601065
0.700839
0.878049
0.855935
-0.045309
-1.453610
-0.671104
0.499129
-0.666781
0.420162
1.232025
0.303508
0.211891
0.257494
0.014566
0.776421
0.960228
1.224830
1.546517
0.375079
-0.803919
-1.064065
0.291314
0.772432
1.105273
1.295850
1.619553
1.661758
0.524733
0.296330
0.042657
0.252994
0.872826
0.027359
0.919155
0.360700
0.535474
0.632756
-0.286159
-0.189303
0.012103
0.321993
0.087136
0.915950
2.232459
2.035234
1.107298
1.517153
0.894270
1.455891
1.467166
0.993048
0.731042
1.244313
0.806904
0.384397
0.634269
0.050987
0.871085
0.724081
0.052994
-0.624354
-0.319299
0.127263
-0.134030
-1.396374
-2.640493
-1.834547
-0.001162
0.796799
1.185591
0.882064
1.125787
1.238501
0.739620
1.839186
2.092402
0.962668
0.604661
0.452642
-0.481863
-0.448513
1.199341
1.405762
0.543987
