-0.134157
1.281953
1.782857
1.326814
0.749945
1.085094
2.150518
2.429953
1.093910
-0.144110
-0.101995
0.457422
0.682863
-0.118080
-0.697427
-0.414908
0.231566
-0.630580
-2.295625
-2.221046
-1.340074
-0.819359
-0.819036
-0.864526
-0.445795
-0.071720
0.213448
-0.088908
-0.960805
-0.900101
-0.226732
-0.591374
-0.183617
0.678551
0.889388
0.556389
0.580173
-0.431122
-1.007718
-1.099582
-1.484820
-1.467037
-1.496298
-0.145150
0.683316
-0.643417
-1.613748
-1.000740
1.164698
2.185507
1.496125
0.595405
0.083398
0.433150
0.396970
-0.253827
-0.521246
0.083986
1.429020
1.295332
0.237267
-0.764354
-0.611402
0.388797
1.191074
0.030073
-0.885530
-0.042757
1.191570
1.542804
0.653128
-0.042608
0.667129
1.428414
1.105973
0.022058
-0.517353
0.276572
1.951132
2.393559
1.345420
0.267702
-0.175636
-0.516712
-0.851619
-1.356342
-1.142281
-0.119124
0.108680
-0.615037
-1.262951
-1.044469
-0.045128
0.231558
-0.192222
-0.516298
-0.033773
0.369640
0.791510
0.756345
0.291970
0.787399
0.878245
-0.288876
-0.890056
-0.292043
0.124987
-0.125653
-0.745364
-0.850410
-0.683167
-1.112315
-1.011581
-0.911689
-1.670163
-1.864164
-0.842974
0.624604
0.725220
-0.753567
-1.257584
-0.619725
0.427920
0.890420
0.941506
0.604845
0.541544
0.915028
0.799556
0.580319
0.525979
-0.039037
-0.161086
0.026619
0.641948
0.646392
-0.420400
-1.156767
-1.146008
-0.487866
-0.514558
-0.305838
0.441153
0.831380
1.025736
1.024492
0.803034
-0.148286
-1.333093
-0.888056
0.287021
0.306425
0.215906
-0.035819
0.389450
1.423610
0.935193
-0.410076
-1.788448
-2.091016
-1.504561
-1.617136
-1.275538
-0.732998
-0.901316
-0.965876
-0.649445
-0.481941
0.038367
-0.311801
-1.222913
-1.571245
-0.740698
0.121621
-0.450414
-1.102996
-0.817432
1.170550
2.292927
1.373951
0.730162
0.455634
-0.261522
-1.085867
-0.520056
0.530398
1.127986
0.538901
-0.054676
0.259974
1.170207
1.523134
0.681056
-0.494507
-0.304647
0.019528
-0.504829
-1.332974
-0.844743
0.326976
0.679330
0.185319
-1.034811
-1.165085
0.070286
0.934483
-0.167563
-1.953772
-1.436095
0.361329
0.893371
0.230540
-0.254883
-0.128614
0.326420
0.500054
0.468459
0.039524
-0.346983
-0.652997
-1.258747
-1.260762
-0.465210
0.216019
0.707581
0.930532
0.840913
0.203610
0.301962
0.486210
-0.054421
-0.005941
-0.387939
-0.991779
-0.608510
0.016794
0.162116
-0.358084
-0.379965
0.203272
-0.128318
-0.612690
-0.173653
0.499139
0.629268
0.509190
0.688654
1.720254
2.122642
1.297118
0.054592
-0.308528
-0.602913
-0.255834
0.695181
0.872620
0.238928
-0.367700
0.140542
1.358577
1.448399
0.446611
-0.754856
-0.539940
0.546090
0.584971
-0.287321
-0.122040
1.145594
1.802848
1.679278
1.733441
1.964488
2.039425
1.638743
1.367584
0.453413
0.066023
0.485351
0.441930
-0.120305
-0.680278
-0.130855
0.414468
0.043212
-0.336127
-0.358213
-0.693919
-1.713820
-2.209417
-2.162963
-1.698488
-1.442629
-1.949903
-2.643049
-2.479883
-1.342546
-0.536908
-0.673950
-0.669707
0.361305
1.724565
1.553037
0.719251
0.121141
0.459963
1.340712
1.124756
0.653021
0.024329
-0.496471
-0.736692
-0.014558
0.408593
1.109226
1.542529
1.236855
0.354191
0.151862
0.236419
0.226297
0.474999
0.235819
0.533633
0.977920
0.855147
0.714547
0.416717
-0.015538
-0.252700
-0.185605
-0.456131
-0.416137
-0.318458
-0.308425
-0.502707
-1.018050
-0.939257
-0.959660
-0.760667
-0.881352
-1.359633
-0.372839
1.156275
1.791905
0.775075
-0.762832
-1.092313
0.600288
1.626406
-0.051229
-1.802010
-1.312032
0.265316
1.111849
0.259348
-1.831399
-2.395643
-1.013641
0.685758
1.245614
0.555417
-0.080463
0.262587
1.228945
1.585065
0.360205
-0.750420
-0.252580
0.684033
0.384900
-1.044224
-1.719146
-0.789167
-0.216590
-0.652560
-1.165093
-2.033879
-1.242387
-0.032348
-0.208157
-1.644766
-2.409677
-1.973602
-0.533671
-0.480728
-1.402383
-0.919553
0.235721
0.673916
0.166085
-0.480724
-0.002506
0.934019
0.629837
-0.431707
-0.921085
-0.632419
0.155959
0.890060
0.564819
0.100346
0.203730
0.952378
1.595672
0.787146
-0.969865
-1.108135
0.497352
1.373688
0.600017
-0.017210
-0.366651
-0.486120
-0.609466
-0.734487
0.147903
0.951670
0.627847
0.443039
0.856434
1.196612
1.025522
0.723510
0.029751
-0.362373
-0.544391
-0.319606
-0.435069
-0.294246
0.394619
0.400712
-0.139052
-0.660359
-0.715253
-0.802657
-0.096599
0.655023
0.438448
-0.093283
0.053538
0.936724
1.623961
1.480579
0.626734
0.145454
0.144732
0.888070
1.865466
1.785001
1.136118
0.434162
0.409400
0.659233
0.781029
0.585217
-0.735835
-1.496881
-0.841493
0.271963
0.287576
-1.015125
-0.655713
1.062393
2.000996
0.992332
-0.638350
-0.371623
0.829115
1.208809
0.041505
-1.403346
-1.291492
-0.336842
0.966382
1.333030
-0.517987
-1.364983
0.032042
1.125505
0.789044
-0.780599
-2.063999
-1.829823
-0.905100
-0.786276
-1.720131
-1.961631
-1.604423
-0.712909
-0.058373
-0.244635
-0.447240
0.441868
1.455168
1.066339
-0.124037
-0.671384
0.054662
1.062425
1.659208
1.370816
1.394495
2.508741
2.838200
1.428729
-0.524642
-1.255451
0.154706
1.452787
1.410322
-0.136782
-1.675010
-1.689084
0.004645
0.639967
0.621805
-0.415409
-1.653207
-1.125356
0.371905
1.704407
1.408159
-0.460910
-1.305089
-0.253705
0.523610
0.382274
-0.258313
-0.976995
-0.422318
0.540509
1.215819
0.666057
-0.779065
-0.236938
1.093820
1.707376
0.954353
-0.780654
-2.157125
-1.932712
-0.594065
-0.130819
-0.919014
-1.879808
-0.966307
0.385415
0.496022
-0.342392
-1.489102
-2.150326
-1.921835
-1.294387
-0.133000
0.722907
0.044235
-1.077414
-1.606040
-0.398003
0.622592
-0.242598
-1.300653
-0.756837
0.082258
-0.114721
-0.258518
0.414864
1.058378
0.156832
-0.630356
-0.845547
-0.004347
1.573057
2.202264
1.317121
-0.222684
-1.175923
-0.214697
1.151559
1.821706
1.492972
0.280155
-0.575349
-0.710960
-0.892593
-1.522553
-1.616932
-0.707641
-0.327660
0.182226
0.226538
-0.169868
-0.160223
0.360944
1.618096
2.794434
2.873268
1.813954
0.280480
-0.386636
-0.522435
-0.558159
-0.854470
-0.948812
-0.172759
0.369116
0.188080
-1.190864
-1.711032
-0.224657
1.336280
1.104623
-0.446603
-0.681305
0.678200
0.992314
-0.754620
-2.021289
-0.895147
0.183107
0.167044
-0.777306
-0.768470
0.353678
0.715276
0.561390
-0.111751
0.073358
1.234455
2.201265
2.410567
1.735141
0.165740
-0.537563
-0.425920
-0.793505
-1.509930
-1.526082
-0.144423
1.006423
0.653718
-0.571862
-1.203505
0.052899
1.587290
1.204708
-0.559080
-0.499241
0.616190
0.669753
-0.612041
-1.880732
-0.758199
1.128599
1.771709
0.746872
0.080983
0.423224
1.259495
1.151576
0.199184
0.173228
1.007744
0.946667
0.019005
-1.068863
-0.930235
-0.729570
-0.718690
-0.576618
-0.528869
0.680542
2.512002
2.523313
1.006770
-0.736145
-1.397046
-0.053517
1.141410
0.068165
-1.526379
-2.481194
-1.845824
-0.953910
-0.574038
-1.170688
-1.470100
-0.020680
1.660712
1.559766
0.611299
-0.264077
0.058108
0.968341
0.546882
-0.977887
-2.104465
-2.229366
-1.847954
-1.484836
-1.431875
-1.449835
0.087629
1.406391
1.295742
0.378548
0.801700
2.296147
3.327721
2.325850
-0.332019
-1.316218
-0.385188
0.410953
0.264595
-1.905746
-2.239521
0.352234
2.001551
0.976322
-1.270134
-1.754669
-0.594686
0.067196
-0.100741
-0.220164
0.139739
0.684191
1.306048
1.517178
0.000596
-1.830941
-1.659631
0.050689
1.003279
0.664465
-0.662760
-2.054082
-2.360881
-2.119980
-1.721638
-1.410331
-1.089963
-1.004160
-0.652068
0.428497
1.330384
1.482116
0.896528
0.487712
0.745773
0.981649
-0.093003
-0.561535
0.691278
1.018341
-0.307007
-2.003471
-1.278905
0.831281
1.506461
0.718037
-0.940011
-0.799432
-0.146605
-0.107998
-0.120490
0.670979
1.158985
0.838175
0.459011
0.217900
0.289678
0.285525
-0.282946
-0.827133
-0.404434
0.388694
0.510993
0.093949
-0.805296
-0.723944
0.381532
1.115411
0.500349
-0.919645
-0.679233
0.486059
0.237461
-1.335876
-1.894822
-0.593168
-0.116604
-1.068631
-1.517009
0.218952
2.254012
1.918410
0.132698
-0.397174
0.651160
1.578275
0.484027
-0.866267
-0.086855
1.425080
1.867780
0.905045
0.225569
0.640927
0.924688
0.365504
-1.081176
-1.431369
-0.230326
0.677961
0.132497
0.069703
1.098466
1.854850
0.973778
-0.521873
-0.960543
-0.357091
-0.400983
-0.470062
-0.824867
-1.308322
-0.672263
0.013697
0.113371
-0.130556
-0.434590
0.697186
1.776342
1.489241
0.503252
0.336258
0.696767
-0.146410
-1.640389
-2.075139
-0.871985
0.313294
-0.686397
-1.813648
-1.416743
0.287304
1.387202
0.323063
-0.696745
0.154419
1.862633
1.712250
-1.139406
-2.230830
0.423259
2.107289
1.642728
-0.387693
-2.017525
-1.513889
0.305775
0.721012
-0.410058
-1.357095
-0.581145
1.117473
1.454821
-0.143076
-0.861953
-0.223583
0.354366
-0.499172
-0.597491
0.371526
0.453742
0.054178
0.019523
0.892339
2.086475
1.618742
0.266555
-0.988104
-1.246815
-0.922044
-1.024533
-1.431558
-1.313981
-1.080862
-0.447328
0.168330
0.622776
0.872853
1.259047
0.722969
0.141643
0.070622
0.360426
0.371761
0.630613
0.890470
1.134551
1.163182
0.447133
0.051343
0.302434
0.636286
0.559469
-0.159171
-0.427330
-0.311963
-0.177952
0.833881
0.703387
-0.336684
-0.823872
-0.520003
-0.151867
0.051002
-0.647496
-1.469315
-0.749782
0.732528
1.229287
0.072326
0.113192
0.805665
1.300466
0.445036
0.007540
0.768986
1.868129
2.068923
0.788940
-0.229875
-0.306324
-0.743675
-0.999218
-1.097127
-1.080728
-0.556855
0.127808
-0.554586
-0.983787
-0.134306
0.549799
0.556293
-0.166848
-0.272942
0.706102
1.122132
0.502672
-0.204253
0.306173
0.653315
0.461694
0.785847
0.406524
-0.407441
-0.227784
-0.631795
-1.242838
-0.944722
-0.417890
-0.252353
-0.531602
-0.414341
0.382381
0.346725
-0.469418
-1.418878
-1.229619
-0.168739
0.226906
-0.103037
0.188839
0.701819
0.573374
-0.062681
-0.828512
-1.107679
-0.605734
-0.077982
0.313016
0.633416
1.061899
1.298958
0.967179
-0.161061
-0.388800
0.671033
1.005470
0.602988
-0.058071
0.210178
0.971652
0.310845
-0.132398
0.410592
0.805845
0.396570
-0.441909
-0.096899
0.858096
1.109944
0.343712
-0.936148
-1.429126
-1.350053
-0.769387
0.063961
0.149868
0.196319
-0.537494
-0.964436
-0.359314
-0.352897
-0.943907
-0.981661
0.199457
0.759467
-0.186534
