0.074055
-0.095259
-0.838599
-1.555043
-1.758091
-1.605805
-1.297497
-0.991876
-0.740022
-0.805498
0.105509
0.078462
-0.318824
-0.553229
-0.541984
-0.228797
0.268631
0.617790
0.517497
0.600171
0.484804
1.055723
1.481950
0.560889
-0.705672
-0.508120
0.670230
0.982256
0.673381
-0.119454
-0.669469
-0.424419
-0.627975
-0.759979
-0.737085
-0.450636
-0.207138
-0.025412
-0.658322
-1.401177
-0.529372
-0.081876
-0.984902
-2.305610
-2.253615
-1.546816
-0.670515
-0.214214
0.002370
-0.609460
-0.937278
-1.067186
-0.983362
-1.032019
-1.070033
-0.916633
-0.559601
-0.540060
-0.788172
-0.944832
-0.823295
0.012178
0.181733
0.204835
0.444836
0.897025
0.969772
0.173289
-0.836383
-0.447022
0.297509
0.609801
-0.125435
-0.584222
-0.505386
-0.406248
-0.144083
0.293351
0.834512
0.458316
-0.254674
-0.570335
-0.193256
0.512202
0.147230
-0.403884
-0.162381
0.748414
1.424700
1.271720
0.557703
0.148490
0.383586
1.118290
0.869822
0.297623
-0.253123
-0.893682
-0.862391
-0.467158
0.320925
-0.635108
-0.749437
0.125953
0.543093
-0.092595
-0.711735
-0.981217
-0.582528
0.161174
0.987476
1.158950
1.270619
0.738333
0.555280
0.987269
0.812415
0.272168
-0.480610
-0.384951
0.143993
0.414808
0.699245
0.126300
-0.464271
-0.403218
0.167515
-0.069870
-0.406593
0.005945
0.162838
-0.033437
0.046301
0.252284
0.715192
0.507168
0.195189
0.032393
0.044320
0.118307
-0.566854
-0.989003
-1.029444
-0.596857
-0.598600
-0.814994
-0.406950
-0.373773
-0.382296
0.106838
0.532568
0.336950
0.451642
0.391814
0.431078
0.491828
0.167522
0.628320
0.843747
0.729691
0.943407
1.033656
1.625192
2.001105
1.601592
1.532116
1.014355
0.557037
-0.156372
-0.542459
-0.255971
-0.203716
-0.583631
-0.502545
0.376954
1.169280
1.483728
0.217589
-1.141590
-0.861816
-0.919896
-1.647977
-1.138111
-0.534102
-0.349544
-0.707086
-0.698114
-0.484711
0.157963
0.502586
0.202526
-0.051348
0.107157
0.323892
-0.327879
-0.613604
-0.109213
0.056280
0.156949
0.144693
-0.114023
0.208995
0.812693
1.100452
0.517822
-0.044103
0.252067
0.232361
0.161142
0.414572
0.993908
1.119254
1.232528
0.944518
0.799672
0.553689
1.167962
1.130908
0.917482
0.578251
0.125967
0.340863
-0.077890
0.021692
0.777445
0.371049
0.056665
0.005821
0.116964
0.108289
0.377491
0.863380
0.872081
0.211103
0.416729
0.017970
-0.035971
0.045046
0.024977
-0.199089
0.078440
0.197062
-0.397703
-1.169696
-1.681037
-1.601277
-0.968007
-0.262906
-0.036015
-0.299718
-0.155166
0.315015
0.644276
0.379711
-0.950259
-1.404970
-1.025986
-1.257905
-1.769657
-1.728504
-0.553766
0.509111
0.703474
0.294425
-0.238647
0.017400
0.344807
-0.344678
-1.110823
-1.463730
-1.166276
-1.321272
-1.284544
-1.203431
-0.998358
-0.432507
-0.358145
0.293877
1.180410
1.345177
0.517376
0.117956
0.505681
0.024531
-0.384912
-1.448427
-1.255781
-0.114294
0.920112
1.677746
1.301146
0.730391
0.579832
0.886123
0.988348
1.384261
1.770065
1.573368
1.419358
0.563933
-0.028089
-0.905406
-1.314724
-0.721158
-0.943615
-1.219425
-0.902825
0.160533
1.159610
1.548323
1.841645
1.360303
0.430050
0.034821
-0.495498
-0.894138
-1.237133
-0.052839
0.804490
0.259344
-0.179838
0.310876
0.912158
0.810135
0.432017
0.298009
-0.281608
-0.392548
-1.301778
-1.996850
-1.922472
-0.704547
0.204122
0.744571
1.194226
1.408907
1.695592
1.133664
1.108932
1.757509
1.623724
0.880579
0.024508
-1.103121
-1.481966
-0.874290
-0.190688
-0.334625
-0.629609
-0.575657
0.168083
0.828714
0.724606
0.738211
0.160913
0.305726
1.675024
2.335595
1.687883
0.325269
-0.346396
0.189191
0.131489
-0.143837
-0.371151
-1.053721
-1.534543
-1.680079
-2.211754
-2.044104
-1.505075
-0.700884
0.064584
0.005637
-0.656134
-0.481742
0.467883
0.364917
0.367552
0.836219
1.077671
1.871456
1.894117
0.648955
0.075944
-0.303854
-0.241977
-0.138903
-0.167306
0.099241
0.619816
0.771316
0.004964
-0.474686
-0.383904
0.176382
0.074436
-0.906268
-1.122170
-1.172713
-1.311902
-1.392534
-0.421985
-0.247687
-1.043921
-0.635388
-0.411828
-0.350070
-0.096489
-0.212877
-1.281298
-1.522851
-0.828783
0.118145
0.196454
-0.159266
-0.051726
-0.248472
-0.386110
-0.801811
-0.992860
-0.404908
-0.377441
-0.273765
-0.168014
-0.594314
-1.013220
-0.768240
-0.461955
-0.522998
-0.195707
0.028177
0.294133
0.150519
0.089666
-0.441507
-0.310194
0.088758
0.067918
0.344870
0.284223
0.384257
-0.588829
-0.956472
-1.026136
-1.340438
-1.564689
-1.183221
-0.106070
-0.193311
-0.261198
-0.168675
-0.413255
-0.140485
-0.005469
0.211723
0.486420
0.515509
-0.056577
0.087915
0.535276
1.041148
1.224536
0.093492
-0.385904
0.230864
0.598694
0.896460
0.490503
1.124342
1.354434
0.844718
-0.112751
-0.363568
0.202097
1.038620
1.164268
0.665906
0.256208
-0.266605
-0.631192
-0.410734
0.122833
0.161070
-0.116582
-0.195646
-0.143267
0.017135
-0.242454
-0.124865
0.377291
-0.261352
-0.707273
-1.024451
-0.984641
-0.545132
0.091557
-0.080946
-0.798087
-0.559887
-0.549756
-0.650276
0.453342
1.026671
0.527558
0.491293
0.503411
0.778940
0.603020
0.517963
0.905080
1.148411
1.395302
0.945440
0.219540
0.055286
-0.181977
-0.244019
-0.743457
-0.811813
-0.891171
-0.501831
-0.176623
-0.281884
0.083007
0.371589
-0.280329
-0.860783
-0.485257
-0.202580
-0.028255
-0.263691
-0.385702
-0.128738
0.872757
0.824436
0.345461
0.157033
0.616745
0.864721
1.295178
1.111717
1.079931
1.159204
0.504694
0.312393
0.456471
-0.216395
-0.523854
-0.578462
-0.546850
0.238032
0.921379
1.827829
2.461701
2.322733
2.008871
2.285351
2.131604
1.733671
1.132176
0.617835
-0.544480
-1.680917
-1.851074
-1.209285
0.149122
0.248413
0.310393
0.394544
-0.471816
-0.482732
0.013407
0.016591
-0.373666
-1.352708
-1.750630
-2.147587
-3.249109
-4.985346
-5.760091
-5.043312
-3.356158
-1.053836
0.096540
0.546646
0.716733
0.610127
1.181727
1.600797
1.723360
1.979152
1.754731
1.122426
0.405768
-1.229960
-2.088925
-2.220710
-1.668415
-0.341131
1.080172
2.011188
2.409938
2.091966
1.774528
1.334062
0.416926
0.005387
0.002918
0.288594
-0.671375
-1.978764
-2.663439
-1.998855
-1.394725
-0.760368
0.015806
1.549174
1.882155
1.823468
1.715968
1.487308
1.315280
1.540120
1.047021
0.792274
1.268888
0.743991
-0.564422
-2.093824
-3.191180
-2.963298
-1.979329
-1.109211
0.065308
0.838388
1.516616
2.025066
2.220243
1.789235
0.461522
-0.355345
-0.406973
-0.670830
-0.800041
-0.195265
0.455789
1.323269
1.825977
1.333818
0.752293
0.642615
1.831232
1.983651
1.471797
0.671089
0.188483
-0.760516
-1.679720
-1.621212
-1.306564
-1.491729
-1.958946
-2.557978
-2.410670
-1.919101
-0.089383
0.930718
0.938130
0.302985
0.669213
1.801523
1.839420
0.827645
-0.458323
-0.619625
-1.029625
-1.538859
-2.216625
-2.194787
-0.785213
1.777196
2.673014
2.517226
2.428589
1.766230
1.743582
1.833286
0.838671
-0.328911
-1.739304
-2.782443
-2.441629
-1.650213
-0.647448
-0.250344
0.658666
1.579076
1.877005
1.652533
1.184455
0.589657
0.139679
-0.103854
-0.596128
-0.507956
-0.441137
-0.410515
-1.357425
-1.950731
-1.109454
0.282680
0.709463
0.442965
-0.403120
-0.991237
-0.355128
1.001242
1.477564
0.272375
0.008583
0.338887
0.029345
-0.198297
-0.331038
0.127886
0.200032
-0.490836
-0.755824
-0.932952
-0.047448
0.442662
1.015813
1.637982
1.575452
0.890203
-0.130502
-1.159130
-1.394494
-0.435937
0.048110
0.053407
0.400600
0.972942
1.278845
1.660744
0.908624
0.388482
0.550475
0.331373
-0.547755
-1.339013
-1.724597
-1.178911
-1.044822
-1.175945
-0.817564
0.091187
1.244131
1.395939
1.555523
1.216233
1.429987
1.122323
-0.229177
-2.096367
-2.700775
-2.495401
-1.187941
-0.649054
-0.783375
-1.201603
-1.466775
-0.955061
-0.961756
-0.510471
-1.328768
-1.728701
-1.502961
-1.154441
-1.391256
-0.872371
0.073731
0.207264
-0.707863
-1.381278
-0.790416
-0.098014
-0.109008
0.055944
0.057202
-0.123842
-0.420087
-0.545295
-0.084942
0.714575
0.682626
-0.537656
-0.477454
1.014975
0.648920
-0.143137
-0.418094
0.107955
0.565274
-0.088542
-0.802963
-0.752757
0.127758
0.464446
0.709854
-0.269994
-0.023434
0.763391
1.030872
0.844362
0.331318
0.158808
0.515088
0.780686
0.320515
-0.000543
0.293555
0.458656
0.482501
0.435958
0.357267
0.615358
0.943752
0.563185
0.457185
1.210682
1.374533
0.822458
0.125038
0.022719
0.351660
0.985217
1.017225
1.416868
1.354866
0.792834
0.749253
0.563126
0.352946
0.762561
1.032808
0.606431
-0.108026
-0.189438
0.372152
0.761572
0.824016
0.107785
-0.271778
0.258263
0.562018
0.460167
0.157864
0.079047
0.863985
1.447774
0.930914
-0.083364
-0.495779
-0.874808
-0.406811
0.010722
-0.281867
-0.987211
-1.015198
-0.724370
-0.672279
-0.895925
-0.965206
-1.291328
-1.094032
0.502350
1.573043
1.970978
1.848707
1.003219
0.488853
-0.346064
-0.640764
-0.702016
-0.559210
-0.240590
-0.038383
-0.774203
-1.173666
-1.129048
-1.104248
-0.602563
-0.329552
-0.767859
-0.925775
-0.918793
-0.567455
-0.248279
-0.022812
-0.817303
-1.604426
-1.546773
-1.949293
-1.233648
-0.803861
-0.304200
0.063803
-0.455613
-0.607148
-0.472272
0.304913
0.670603
0.067809
0.576631
1.373664
1.699949
2.247703
1.789396
0.502726
0.599038
0.771588
0.696500
1.247747
1.575027
0.726735
0.339870
-0.188990
-0.504814
-0.369529
-0.850324
-1.302724
-1.823397
-1.607130
-0.850551
0.193451
0.323741
0.699065
0.635021
0.530674
0.546759
0.261052
-0.063517
-0.596561
-0.638071
-1.003386
-1.760742
-1.751429
-1.250288
-0.503566
-1.161603
-1.143173
-0.090592
0.000541
0.134209
0.299808
0.298241
-0.641037
-0.192995
0.420409
0.617456
1.036013
1.444311
1.127606
0.840971
0.370994
0.278564
0.627775
1.293855
1.467272
0.783850
-0.043134
0.170854
0.263360
0.480595
0.327779
-0.217180
-0.302023
-0.014351
-0.063842
0.174942
0.297656
-0.012357
0.138426
-0.077432
-0.803713
-0.341315
-0.084821
-0.016242
0.040030
0.008902
-0.116903
-0.614703
-0.624499
-0.490893
-0.840728
-0.650097
-0.301156
-0.577470
-0.631155
0.024133
0.658193
0.382200
-0.323102
-0.790758
-0.728568
0.161132
0.487807
0.383883
0.901614
1.319860
1.801021
1.885812
0.434112
-0.149652
0.239296
0.473760
0.270021
0.700526
1.301672
1.084796
0.830757
1.301996
