0.083937
-0.488525
0.468847
0.934326
0.579807
1.440243
0.729539
-0.169480
-0.992931
-0.914248
-0.750650
-1.537866
-3.412432
-1.950691
-1.924313
-0.787529
0.466301
0.699948
-0.500198
1.011122
0.501565
-0.477514
0.497604
0.608622
-0.635816
-1.136573
-2.654746
-3.670983
-3.834339
-1.434666
0.340092
1.498013
2.075404
2.618473
2.713566
2.432368
1.782495
0.962571
1.193274
0.549770
-0.338965
-0.639546
-0.621946
-0.335204
0.087886
-0.356647
0.274527
0.648718
1.405094
1.229135
0.549346
-0.218754
-0.773007
-1.163093
-0.040884
-0.027884
-1.462940
-0.477211
-0.484045
-0.592442
1.505829
0.317005
0.071221
-1.806513
-1.057241
0.008944
-2.646023
-0.841479
0.679359
-0.511138
-1.172316
0.655171
1.559101
1.032431
1.101343
0.617234
-0.014918
-0.082813
-0.407524
0.391037
0.309883
0.173249
-0.571309
0.899370
0.999115
1.004061
0.034259
1.247763
0.351291
-1.346336
-2.678769
-3.414411
-0.383888
-0.491797
-0.470279
-0.576946
0.377887
2.161901
2.051004
0.979660
0.555442
1.667284
-0.250930
-1.847273
0.179006
-1.014483
-0.829261
-0.342042
-0.935253
-0.564402
0.588544
0.576813
1.017915
0.225319
0.526410
-0.064381
-2.409243
0.850448
2.636271
0.111620
0.783276
-0.981454
-1.282141
-0.039741
0.354265
0.297258
0.586870
1.580158
-0.304667
-0.220547
1.859248
0.152562
1.016342
0.005377
0.605399
0.199290
-0.821864
-0.352098
0.171502
1.199395
0.937746
-0.541179
0.281083
2.041870
1.001643
-0.035073
-1.484098
-1.925049
-0.374847
0.591137
-0.076857
0.246434
-0.735538
-0.960598
-1.363623
-0.110229
0.396537
-0.829777
-0.967977
0.567778
-1.441340
0.613605
1.849902
0.903960
0.008384
-0.588322
0.164883
0.868080
0.026808
0.099441
-1.330116
-1.090370
0.652388
0.008701
-1.009327
0.073683
-0.765110
0.244936
0.867202
0.152686
-0.110057
-0.962673
-2.056934
-1.406500
-0.023729
0.395008
0.645409
-0.134280
-0.263385
-1.869457
0.644441
0.250438
0.238254
0.768025
-0.188534
-0.362837
-0.745975
0.362153
1.046142
1.066825
1.424580
0.357853
-2.178201
-0.475390
1.021611
-0.531979
0.425414
0.329847
-0.210820
0.107744
0.968518
1.104537
0.590216
0.429333
-0.846611
-0.736168
-0.669641
-0.538718
1.698746
1.071541
0.879237
-0.174821
0.154899
0.273001
0.556740
0.352367
-0.607303
0.502333
1.031890
0.043846
-1.737183
-1.987502
0.081593
-0.454102
-0.077468
-0.570579
0.296749
1.111647
0.481586
1.385822
0.204578
0.422675
1.096588
-0.021811
-0.365383
-3.224434
-0.404493
1.517819
0.514945
0.732740
-0.055414
0.069289
-0.406709
0.012399
-0.410221
-1.179192
0.416292
1.126305
0.235661
1.198551
0.802855
0.990682
-0.886074
-0.777571
-0.223161
0.022689
-1.283942
-0.129755
0.516454
-0.561261
-0.294094
-1.527104
0.168710
0.164372
-0.203228
0.579108
0.787508
0.260424
-2.174054
0.555877
2.433832
0.903149
1.196410
0.738233
1.151308
-0.126633
-0.291234
0.636791
0.795743
-1.431607
-1.653589
-0.709998
-1.529430
-1.806473
-2.679560
-1.552571
-1.262922
-0.803433
-1.257586
-0.095299
0.770529
-2.733359
-0.831142
1.156052
0.270766
0.775974
-0.208133
-0.641659
-1.437423
-1.361954
-1.155903
-0.097334
-1.468927
-0.794621
1.365487
1.181146
-0.135975
0.309180
0.587849
1.534201
1.520184
0.675159
0.156126
0.820516
1.235419
-1.637443
-0.181771
2.269500
1.330796
0.344496
-0.754938
-0.025935
-0.593860
-0.966319
0.553900
1.341331
0.112438
-0.362914
-0.254945
-0.335336
0.419227
1.070873
-0.184406
-0.634678
-0.736438
-1.842674
-0.276599
0.409570
-1.335885
-3.242870
-1.991810
-0.339319
0.321663
-0.636029
0.373480
0.992633
-0.109188
0.531363
0.927773
1.212168
1.705105
1.227242
-0.083200
-0.089995
-0.423399
0.503268
0.412168
0.103554
0.208793
-0.466524
0.018528
1.125514
1.521592
1.330107
-0.775876
-1.071173
-0.347304
-0.572453
-0.909350
-0.388321
0.199771
1.470617
-0.216046
-1.584792
1.376606
1.969275
0.485111
0.565573
0.155717
0.412797
-0.539160
-0.312812
0.677872
0.935139
0.161826
1.189616
1.267646
0.818795
0.590564
-0.478773
-1.278873
-0.903549
-0.883172
-0.733126
-1.016722
-0.251228
-0.061494
1.207763
0.863811
1.195362
1.935811
-0.380180
1.095196
1.392481
0.648441
-0.096450
-1.011082
-0.222646
0.275134
-0.130216
-0.216873
-0.393514
0.350955
0.637017
0.355365
1.690997
2.273930
0.844773
1.179465
0.585414
0.637244
-0.499029
-1.610750
-1.435403
-0.845899
-0.260011
1.053964
-0.772211
0.329778
1.299830
-1.255306
-1.735934
-1.517498
-0.312135
-0.625099
-0.914149
-0.826023
-0.409512
-0.953829
-1.354950
0.906051
1.483928
1.347820
1.703902
1.383589
0.892460
0.623619
-0.332822
-0.014557
-0.524744
-1.041035
-0.319655
-0.093242
0.268108
-0.594237
0.466150
1.407512
1.220250
0.772305
0.253721
-0.600216
-0.363465
-0.950011
0.263276
0.054604
-0.218591
-0.490994
0.608674
-0.764783
0.365537
1.373966
1.738283
0.240291
0.931699
0.708275
-0.163835
-0.441103
-0.898344
-1.172469
-1.731394
-1.208181
-1.022302
-0.895908
0.338679
1.061092
1.273243
0.403552
0.078586
-0.448302
-1.438326
-1.088090
-0.093771
-0.861830
-0.112562
0.547322
0.314634
0.078676
-0.588073
-0.256088
0.006902
-0.637690
-0.888769
-0.568814
-0.136545
-0.088336
0.169736
0.366201
0.040740
0.298987
-0.130273
0.990251
0.766566
0.022681
0.506402
-0.128297
-0.855960
-0.666047
-1.813026
-2.734583
-1.554432
-0.657333
-0.774523
-0.201219
-0.537877
0.117468
-0.412176
-1.280039
-1.312310
-0.594635
-0.493774
-0.276383
0.239479
0.603685
0.230428
0.744379
1.462384
0.822994
1.521828
1.362350
0.167253
-0.242901
0.440506
0.090802
-1.414078
-0.604694
0.641803
0.193700
-0.320072
0.311032
0.231912
0.709804
0.699985
-0.310918
-2.074765
-1.302266
0.445313
0.198970
0.430988
0.465480
-0.334623
-0.304864
-1.038715
-2.112222
-1.427176
-0.006579
0.074584
-0.080084
0.382985
0.189227
0.129319
-0.971918
-0.010661
1.092198
0.683660
0.706251
-0.394211
-0.723211
-1.028810
-1.391420
-0.250153
0.662705
0.426066
0.756203
0.106452
1.251180
2.059288
2.039807
0.837177
0.021860
0.248070
0.253455
-0.586214
-0.574108
-1.439851
-0.792765
0.254952
0.819824
1.076411
0.556542
0.926065
0.741849
0.445287
0.917123
-0.261718
0.159580
-0.247577
-1.060221
-1.531659
-2.115751
-0.252583
1.410342
0.839742
0.916279
0.764622
0.695740
0.527869
0.229693
-0.085688
0.124325
-0.105200
-0.396863
0.536258
1.063365
0.759371
-1.806064
-0.861729
1.179953
-0.065951
-1.042582
-1.187326
-1.951538
-1.327740
-0.940319
-0.409946
-0.010344
-0.473654
-0.532406
-0.312001
0.609608
1.600201
1.418815
2.030252
1.815037
1.517903
0.608087
-0.085156
-0.367809
-0.483072
-0.283448
-0.063746
0.139177
0.456518
0.828301
0.397901
-0.911341
-1.001223
-0.164901
-0.236330
0.213648
0.880551
-0.811064
-0.908933
0.061558
0.262122
0.375604
0.403122
0.369881
0.775906
1.175728
0.755565
0.829315
0.521027
0.896576
1.118711
-0.565974
-0.431276
0.887188
-0.207658
0.244917
-0.028301
0.293722
0.471113
0.862557
0.558706
-0.844393
-0.641144
0.419764
0.313991
-0.016418
-1.183276
-1.100136
-1.377574
-1.644049
-1.115416
-2.264667
-2.713284
-1.425571
-1.048486
-0.213604
0.283215
0.592982
0.108186
-0.809684
-1.321324
-0.812917
0.132478
0.696145
1.461319
1.549033
1.468338
1.706979
1.196186
0.695803
0.992908
0.020524
0.084188
-0.175700
-0.360896
-0.220765
-0.336894
-0.755920
0.254657
-0.841874
0.528230
2.138731
1.619921
1.322858
0.547308
0.148057
0.326930
0.208792
0.317473
-0.784311
-1.254254
-1.349994
-1.834176
-0.497461
-0.150317
0.470680
0.650655
0.081439
-0.256430
-0.905925
0.495764
0.526884
-0.052958
-0.024815
-1.999084
-0.816775
0.386477
-0.782679
-1.480931
-0.030556
0.040576
-0.148456
0.184874
0.614026
0.219899
0.520674
0.720218
-0.398128
-1.248745
-1.119385
-0.758960
0.141228
0.739192
1.032138
0.622590
-0.844628
-0.460252
0.394118
-0.151347
-0.358084
-0.293268
-1.398799
-2.414251
-1.353107
-1.394649
-1.126169
0.738890
1.621284
1.636041
1.454283
0.479795
0.964547
1.250559
0.617331
0.648620
0.030984
0.270175
-0.931661
-0.790510
-0.534151
-1.100217
-1.112174
-0.244903
0.262133
0.695782
-0.312899
-0.316344
0.726516
0.540740
0.606462
0.874134
1.404099
1.017530
1.523166
2.860848
1.746404
0.359886
0.624278
-0.042649
-1.682096
-0.513261
0.197788
-0.203399
-0.744505
-0.457660
-1.320993
-1.590885
-2.029605
-0.274829
0.758156
0.473689
0.498806
0.286671
0.022732
-0.514366
-1.589828
-1.522141
-2.323484
-1.243473
-0.820661
0.380130
0.459472
0.798928
0.643378
0.154738
0.905213
1.200959
1.914345
1.401050
0.896425
-0.358488
-1.061501
0.152046
0.114623
-1.762629
-2.313602
-1.551693
-0.680104
-0.684601
-0.024074
1.123551
1.835384
0.628288
0.960759
1.357861
-0.291108
-0.668540
-0.897614
-1.179944
-2.527220
-2.137645
-1.120779
-0.093956
0.529761
0.376820
0.711175
0.867108
0.344565
0.643410
-0.439607
0.187722
0.411639
-0.163965
0.131879
-0.767583
-0.077960
0.219384
-0.573550
-0.413507
0.615299
1.007520
0.471418
0.649809
-0.361498
0.127644
0.682044
-0.159906
0.233975
0.199648
-0.742295
-0.530114
-0.645193
-0.114058
0.686793
0.891197
-1.056918
-1.213770
-0.793965
-1.223465
-0.413262
-0.331361
0.026974
0.010306
-0.286773
-0.292856
-0.161038
0.567423
1.763648
2.052948
1.339211
0.281534
0.054458
-0.130950
0.256021
1.408672
1.334743
0.764379
0.364716
0.817092
1.027007
-0.277570
-1.774482
-1.384273
-1.004920
-2.940429
-1.226405
0.343807
-0.255139
-0.483282
-0.671678
0.316219
0.779351
0.374543
0.511628
0.517639
1.048571
1.088781
-0.650443
-0.453093
-0.345629
0.222041
-1.255224
-1.636311
-0.964576
-0.957265
-2.954114
-1.542851
-0.066340
0.361522
0.953996
0.414399
1.648801
2.442878
1.995676
1.012690
1.200029
0.231192
-0.051813
0.552291
0.432854
0.015607
-0.166654
-1.676922
-1.681737
-0.912053
-0.702308
-0.631643
-1.210540
-0.356893
0.552711
0.549098
0.530280
0.999850
1.664631
0.745267
-0.369266
-0.629184
-1.057244
-0.710418
-0.199261
-1.471721
-2.492648
0.310028
1.637412
1.107756
0.676767
0.407824
0.867166
0.792538
0.527893
1.234261
1.018550
0.003561
0.103015
0.257059
-0.021410
0.355925
0.570372
0.328909
0.003159
1.609757
2.150755
1.440713
0.627633
0.338069
0.248944
0.663670
0.667044
-0.368920
-0.548395
-0.614113
