0.089243
-0.250111
-0.676487
-0.995971
-1.265679
-1.477185
-1.151795
-0.584769
0.135987
0.869527
1.282653
1.357446
1.278414
0.946998
0.389677
-0.381381
-1.255787
-1.847999
-1.991281
-1.803723
-1.036543
-0.145487
0.307771
0.392246
0.407716
0.892817
1.854810
2.717594
2.689664
1.339603
-0.389504
-2.010601
-2.726123
-2.601660
-1.951850
-1.684628
-1.312967
-0.685759
0.548393
1.598561
2.077193
2.425946
2.054273
1.502627
1.247093
0.716329
0.426748
0.422755
0.228383
0.190729
0.250908
0.821302
1.265703
1.065132
0.571703
0.485360
0.644491
0.720885
0.619450
-0.136702
-0.946122
-1.273228
-1.171528
-0.675548
0.183285
0.705852
0.995336
1.021101
0.638466
0.598820
0.288207
-0.534726
-1.290451
-1.498715
-1.253840
-0.852296
-0.178451
0.251078
0.485192
0.804121
1.031075
1.119593
0.553035
-0.156413
-0.657939
-1.039080
-1.295948
-1.527332
-0.862171
0.155793
1.162978
2.239270
2.139213
1.287214
0.437445
-0.124912
-0.649466
-0.831804
-1.204935
-1.731428
-2.054101
-1.785599
-0.839234
0.352033
1.123958
1.466915
1.126592
0.438768
0.179872
-0.211616
-0.489173
-0.401865
-0.354930
-0.380600
-0.825169
-1.274710
-1.711610
-2.214671
-1.818255
-0.948305
-0.244810
0.240966
0.300875
0.380088
0.583646
0.444030
0.183223
-0.023361
0.178548
0.531230
0.381469
-0.435978
-0.837315
-0.163019
0.293545
0.946908
1.132293
0.431130
-0.036613
-0.024370
0.257725
0.383492
-0.049454
-0.538183
-0.367311
-0.097544
0.532157
1.255229
1.472462
0.860130
-0.033107
-0.653239
-0.919243
-1.090494
-0.915987
-0.828393
-0.539038
-0.124824
0.058737
-0.023786
0.179739
0.107316
-0.010581
0.232015
0.128000
-0.422287
-0.619072
-0.565190
0.142007
0.870947
1.515495
0.831749
-0.055640
-0.256724
-0.357680
-0.688467
-1.038114
-0.943113
-0.469624
0.334024
0.904007
1.410118
1.539859
1.072391
0.488505
0.133471
-0.253420
-0.750462
-0.944946
-0.627209
-0.157922
0.504654
0.687853
0.706007
0.940528
0.807900
0.805084
0.493409
-0.140997
-0.798961
-1.200386
-0.953412
0.100182
0.433552
0.129059
-0.186938
-0.517066
-0.301068
-0.038792
-0.277596
-0.681295
-0.577751
-0.006713
0.448307
0.439804
0.235108
0.189509
0.000412
-0.318067
-0.410376
-0.460453
-0.396368
0.143239
0.906776
1.218911
0.870921
0.429412
0.022666
-0.151826
-0.133731
-0.045372
-0.235842
-0.778682
-0.993830
-1.188418
-1.082445
-0.999907
-0.764811
-0.378074
-0.171219
0.373509
0.731948
0.763530
0.971154
0.805966
0.843996
0.295029
-0.359501
-0.352692
-0.283219
-0.113027
-0.210621
-0.187862
-0.253895
-0.094299
0.379210
0.534605
0.208734
0.012221
-0.698685
-0.711055
-0.183182
0.313527
0.973511
1.010418
0.716311
0.780664
0.600314
0.610833
0.368197
-0.294636
-0.270477
-0.423674
-0.523211
-0.802937
-0.688822
-0.049061
0.608487
1.258258
1.218284
0.722471
0.327636
-0.219111
-0.567742
-1.023352
-1.225828
-1.254840
-0.933660
-0.235277
0.668347
1.269257
1.409897
1.267616
1.153030
0.969907
0.768774
0.411733
0.087706
0.127077
0.049095
0.034256
0.351431
0.547810
0.808792
1.097530
1.193229
1.118054
0.884474
0.278953
-0.337291
-0.661688
-0.626110
-0.514925
-0.483027
-0.571662
-0.326978
0.018143
-0.028071
0.087736
0.230390
0.123487
-0.230797
-0.529487
-0.601382
-0.670617
-0.643151
-0.786595
-0.942444
-0.790528
-0.578639
-0.164113
0.198123
0.535878
0.637422
0.350608
-0.108854
-0.081540
0.134179
0.120102
-0.133552
-0.714254
-0.795837
-0.403661
0.023644
0.523637
1.029220
1.258471
1.203162
1.126122
1.214831
1.011975
0.729560
0.751334
0.696259
0.405794
-0.374167
-1.308789
-1.976246
-2.155788
-1.650715
-0.505712
0.766726
1.694290
1.496635
0.954301
0.504566
0.435232
0.296653
-0.296938
-0.714563
-1.019139
-1.331682
-1.319006
-0.983536
-0.372514
0.172699
1.012202
1.610776
1.546897
0.596041
-0.207572
-0.876561
-1.197570
-1.276791
-1.429343
-1.267154
-0.760360
-0.121700
0.240096
0.724428
0.769982
0.557260
0.156220
-0.225445
-0.717633
-1.282966
-1.415958
-1.372584
-1.065014
-0.435164
0.592080
1.455138
1.855504
1.777254
1.272727
0.507874
0.074832
-0.402957
-0.760908
-1.086050
-1.869950
-2.188733
-2.220953
-1.609748
-0.539847
0.433171
1.180799
1.395776
1.293352
1.177386
1.111450
0.688321
-0.285019
-1.510900
-1.821447
-2.344921
-2.767547
-2.603987
-2.060508
-1.165213
0.029075
0.993002
1.686807
2.012730
1.883851
1.367313
0.634847
0.111463
-0.301117
-0.332902
0.032575
0.436767
0.795461
1.327683
1.763233
2.120728
1.899095
1.638525
1.128189
0.437958
-0.440048
-1.058962
-1.354967
-1.469049
-1.520294
-1.220312
-0.654969
-0.131639
0.303001
0.588482
0.773054
0.648292
0.339383
-0.155558
-0.715506
-1.737150
-2.753127
-3.088190
-2.755348
-1.995068
-0.816292
0.229998
1.034829
1.669283
2.087926
2.264958
2.057696
1.547132
1.079491
0.111046
-1.046441
-2.020340
-2.005229
-1.767803
-1.071681
-0.580478
-0.117797
0.496675
1.250531
1.691272
1.512057
1.172261
1.075952
0.668031
0.159113
-0.064412
-0.148747
-0.107298
-0.219509
-0.299156
-0.417611
-0.238447
0.235755
0.517162
0.345602
0.264797
0.373956
0.444045
0.022983
-0.354313
-0.363617
-0.169711
-0.022489
-0.463478
-0.811734
-1.000318
-1.235794
-1.387177
-1.479333
-1.036099
-0.664697
-0.257480
0.427586
1.084373
1.660095
1.876315
1.539545
1.244204
1.120389
0.959827
0.583828
0.398408
0.353452
0.578477
0.884649
1.155309
1.264836
1.336500
1.112769
0.900811
0.777448
0.207596
-0.670196
-1.242856
-1.332988
-1.267779
-0.888201
-0.741404
-0.574034
-0.232315
-0.063217
0.071842
-0.001769
-0.280703
-0.723448
-1.026071
-0.597130
-0.603129
-0.892804
-0.856788
-0.493139
-0.211907
-0.018723
0.275181
0.478046
0.749171
0.946680
0.545802
0.187093
0.155710
-0.110366
-0.380042
-0.715756
-0.964330
-0.845776
0.082126
0.638111
0.701745
0.843016
1.086151
1.210599
0.787169
0.182767
-0.320563
-0.592078
-0.178339
0.533701
0.878577
0.795102
0.412468
0.144680
-0.035366
-0.072881
-0.086107
-0.562404
-1.102367
-1.694673
-1.647375
-0.920384
-0.170819
0.410714
0.830413
1.032049
1.143323
0.961905
0.508088
-0.216955
-0.984092
-1.379601
-1.290903
-0.853710
-0.598179
-0.720342
-0.462476
0.050566
0.510663
0.950939
0.784656
0.340189
-0.455525
-1.114939
-1.645360
-2.164590
-2.472427
-1.947406
-0.631651
0.296384
0.730085
0.986101
0.618999
0.300819
0.337183
0.545781
0.795672
0.575889
0.235814
0.153320
0.263910
0.290674
0.276783
0.272726
0.169943
-0.016452
0.290880
0.787410
1.012266
1.160060
1.135374
0.777950
-0.104343
-0.723568
-1.413195
-1.865583
-1.706722
-0.666787
0.538016
0.996601
1.197599
1.253260
0.939261
0.323759
-0.204680
-0.499224
-0.441763
-0.186872
0.033440
-0.003855
0.038029
-0.197014
-0.170747
0.274372
0.488621
0.553399
0.128591
-0.362483
-0.630261
-0.751802
-0.635311
-0.812286
-0.747040
-0.594672
-0.444313
-0.351038
0.010471
0.557095
1.140762
0.989194
0.733521
0.500451
0.003839
-0.521033
-1.155946
-1.627974
-1.378020
-0.905823
-0.558714
-0.136411
0.264293
0.686539
1.242290
1.016787
0.420743
-0.070755
-0.245932
0.034449
0.751717
1.539082
1.729805
1.402638
1.010782
0.476580
0.107709
0.082951
0.271064
0.272959
-0.162541
-0.984721
-1.557368
-1.683050
-1.263233
-0.792990
-0.219281
-0.022605
-0.181489
0.137226
0.378153
0.757824
1.001864
1.300971
1.308827
1.086236
0.507864
-0.230263
-0.920065
-1.426842
-1.532951
-1.277771
-0.713035
-0.246921
0.177859
0.569214
0.555632
0.390960
0.418329
0.537964
0.458311
-0.064430
-0.955205
-1.348750
-0.634337
0.568530
1.370068
1.645753
1.364983
0.907474
0.658750
0.583919
0.621487
0.077551
-0.257975
-0.281456
-0.427809
-0.767779
-1.002362
-1.049960
-0.603860
-0.277313
0.000228
0.036609
0.188441
0.877280
1.673586
1.772033
1.083922
0.229070
-0.663262
-1.017839
-0.751971
-0.328594
-0.036128
0.517745
0.968823
1.100174
1.438258
1.848204
1.845426
1.690441
1.466332
0.804509
0.010182
-0.954505
-1.713064
-1.851396
-1.341829
-0.780506
-0.274143
0.013921
0.326432
1.011325
1.385799
1.048737
0.290007
-0.669773
-1.292983
-1.494549
-1.508301
-1.314961
-1.177468
-0.790152
-0.311586
0.193234
0.533068
0.390588
0.016839
-0.253562
-0.547707
-1.125340
-1.551048
-1.629133
-1.336836
-0.750702
-0.007078
0.670217
0.982159
1.234484
1.506669
1.672344
1.505639
1.329908
0.835917
0.117075
-0.761173
-1.707429
-2.308882
-2.097210
-1.007590
0.138906
0.885081
1.317878
1.273162
1.240759
1.292674
1.036959
0.218389
-0.491151
-0.906514
-1.313651
-1.877842
-2.461669
-2.236651
-1.308890
0.225321
1.092427
1.677409
1.912400
1.392133
1.074983
1.186362
0.863295
0.288242
-0.010936
-0.303122
-1.340230
-2.295493
-2.042690
-1.228789
-0.398435
0.288648
0.669979
1.056489
1.363357
1.437283
1.470688
1.093432
0.327422
-0.431067
-1.111326
-1.516372
-1.839457
-1.913305
-1.348492
-0.254941
1.230716
1.996688
2.455907
2.306554
1.954215
1.751018
1.409633
0.769742
-0.026091
-1.059175
-1.912335
-2.191328
-1.829451
-1.597417
-1.019601
-0.743627
-0.225559
0.288653
0.684596
0.851021
0.519165
0.295666
0.208112
-0.157649
-0.510589
-0.355116
0.472174
1.026556
1.153521
1.115429
1.058247
0.735584
0.238383
-0.544207
-1.058976
-1.833453
-2.695587
-3.103640
-3.059632
-2.550771
-1.554076
-0.530311
0.163046
0.599390
1.278794
1.289732
1.233478
1.088186
0.687844
-0.122859
-0.348086
-0.089582
0.214951
0.319411
0.223097
0.578925
0.535769
0.094511
0.023706
-0.342360
-0.966841
-0.792668
-0.440176
-0.459539
-0.932653
-1.313033
-1.197730
-0.493491
0.589056
1.027941
0.628525
-0.190612
-0.256067
-0.064852
0.061325
0.355607
0.472262
0.198733
-0.025105
-0.084497
0.366326
0.918192
0.895026
0.536781
0.196560
0.218517
0.168582
0.297525
0.178430
0.253149
0.162253
-0.058985
0.283516
0.962873
1.344178
1.063607
0.645826
0.218408
0.162872
0.042529
-0.131500
-0.230484
-0.822226
-1.234818
-1.113932
-0.273686
0.418068
0.893937
1.145719
0.832125
0.354944
0.060386
-0.331495
-1.471051
-2.289559
-2.211396
-1.480669
-0.241746
0.685210
1.205862
1.485665
1.253256
1.185353
1.375414
1.162385
0.605927
0.490268
0.392436
0.074438
-0.205545
-0.934584
-1.636844
-1.898836
-1.380504
-0.748149
-0.198574
0.118563
0.049179
-0.044488
-0.159108
-0.103197
-0.153192
