0.246691
0.954437
1.349822
0.674150
-0.039028
-0.131879
0.003433
-0.124858
-0.322594
-0.382812
-0.793944
-0.615531
0.239392
0.727310
0.437335
0.664350
0.411689
0.289179
-0.489627
-1.258618
-1.397215
-1.495361
-1.167561
-0.714217
-0.738885
-0.786919
-0.653223
-1.190487
-1.376123
-1.040094
-1.832287
-2.476768
-1.996896
-0.700859
-0.656219
-1.379295
-1.959232
-1.276042
-0.209078
0.009521
-0.445438
-0.847403
-0.694423
0.222999
1.116091
0.652781
-0.155391
-0.278467
-0.796920
-1.258427
-1.110474
-1.159573
-0.720961
-0.204617
-0.012385
0.573381
0.895825
0.228526
-0.490250
-1.307775
-1.950935
-2.968168
-2.355934
-0.384404
0.862501
0.822563
0.787403
0.882495
1.611206
1.821354
1.641831
0.718598
1.088968
1.116356
0.352349
0.083773
-0.143128
-0.590057
-0.505675
0.207164
0.480044
0.488947
0.323737
0.260684
-0.792320
-1.450257
-0.918290
-0.477789
-0.358278
-0.718651
-0.775936
-0.000526
0.915072
1.771552
1.480422
0.700309
0.156180
-0.034147
0.293038
1.090230
1.484747
1.652242
2.303645
2.584723
2.472138
2.758331
2.864835
2.214278
2.400562
2.710572
2.634184
2.514164
2.218668
1.862112
2.294088
2.891591
2.046769
0.052355
-1.223993
-0.645973
-0.078240
-0.216942
-0.220274
0.099656
0.879744
1.219440
1.368794
0.842424
0.575995
-0.362096
-1.354444
-1.276866
-0.377370
0.928669
1.704888
1.872570
1.890344
1.851834
1.543191
0.862199
-0.107091
-0.910813
-1.483105
-2.539249
-3.806607
-5.392333
-5.010104
-3.506687
-1.914964
-0.863649
-0.664138
-0.116855
0.116378
0.833134
1.186226
0.962928
0.212169
-1.042138
-2.543793
-3.653524
-3.995621
-2.829875
-1.010038
-0.538652
0.090867
0.522282
-0.046123
0.151679
0.444761
0.676978
0.627811
0.444981
-0.251107
-0.843736
-0.594223
0.267424
1.573327
1.801563
1.544379
1.441347
1.066916
0.959863
0.562005
-0.084600
-0.501030
-1.014286
-1.499491
-1.219677
0.134494
0.764945
-0.662795
-0.647042
0.428305
0.878216
0.370170
-0.596059
-1.142478
-0.551570
0.274214
0.625626
0.691786
1.254264
1.967901
2.835033
2.418073
2.409938
2.118891
1.582962
1.070937
-0.798199
-1.880170
-2.067532
-2.478419
-2.715145
-2.179523
-1.801555
-1.499406
-1.196095
-0.496576
0.371752
0.030691
0.849564
1.289013
0.292519
-0.003392
0.476578
0.913609
0.893964
0.084607
-0.576843
-0.220817
0.328702
0.443023
0.675657
0.177910
-0.723780
-0.233138
0.005484
-0.307967
-0.143585
-0.364315
-0.908808
-1.300349
-0.477898
0.065913
0.364274
-0.018646
-0.043224
0.435836
0.428541
0.771034
0.762562
0.430741
0.462692
0.102573
0.126849
0.185635
0.271421
-0.401874
0.002433
0.400736
0.546389
0.640210
0.619342
0.388762
0.350869
0.117566
-0.092774
-0.811060
-0.344989
0.036446
-0.294499
-0.565962
-0.280114
0.641603
0.277035
0.448052
0.333530
-0.746494
-0.336893
-0.097771
-0.271206
-0.072401
0.688293
0.265746
-0.168393
0.175607
0.350329
-0.327869
-0.433789
-0.472089
0.204054
0.143421
-0.210096
-0.206155
0.219624
0.654765
-0.347159
-1.394575
-0.150141
1.133656
0.933145
0.042180
-1.006142
-0.783918
0.152865
-0.525809
-0.540621
-0.257931
-0.455069
-0.102276
0.259606
0.422029
0.430815
0.061327
-0.550697
-0.662943
0.169985
0.423963
0.120791
0.091992
-0.298506
0.132047
0.598958
0.820390
0.505904
0.956762
1.176661
1.259716
0.689290
0.195957
0.315515
-0.090312
-0.913125
-1.334944
-0.141942
0.644991
0.200747
0.519755
0.335906
-0.213674
0.231363
0.376499
-0.185975
-0.486549
-0.963968
0.011651
0.709542
0.802477
-0.210060
-1.403787
-0.977218
0.015463
0.408723
0.104738
-0.931560
-1.226031
-0.436950
0.114206
-0.534274
-0.052885
1.347212
1.138235
0.592322
0.241557
0.608151
0.887064
0.292117
-0.767846
-0.299512
0.599131
0.004699
-1.342612
-1.907052
-1.839721
-1.228200
-0.360087
-0.592781
-1.085788
-1.052885
-0.755442
-0.726814
-0.287829
0.005523
0.552309
0.618260
0.178031
-1.276033
-2.299386
-1.368980
0.461937
0.865705
0.352679
-0.416261
-0.149076
0.542747
1.072802
0.684291
0.543437
0.369903
-0.149142
-0.134147
-0.030466
-0.521569
-1.357159
-0.898209
-0.721416
-0.883773
-0.850580
-0.985319
-0.718324
-0.480280
-0.091312
0.613551
0.828090
0.727480
0.740813
0.146773
-0.619314
-1.825560
-2.665378
-2.321292
-1.647427
-1.790971
-0.540568
0.867422
1.814524
1.884298
1.094461
0.689783
1.087344
1.100484
0.936844
-0.401757
-1.295035
-1.870082
-2.177771
-2.237685
-1.034806
0.590434
1.421270
1.441255
0.749705
0.215773
-0.406610
0.102323
1.292731
1.566171
1.531862
0.755719
0.603773
0.454126
0.409818
0.049120
0.497060
1.028673
0.517372
0.115514
-0.039736
0.250784
0.567638
0.940617
0.497379
0.227117
0.423218
0.418806
0.375943
0.283714
-0.203976
-0.510543
-1.526912
-0.818777
0.270866
0.840793
1.677249
1.433469
-0.025986
-0.729338
-0.724205
0.632760
2.044213
1.157333
-0.964511
-1.129197
0.753194
1.623803
1.226301
0.405396
0.059961
0.117325
0.137831
-0.536122
-1.204570
-1.020848
-0.586880
-0.106235
0.450299
-0.110081
-0.282591
0.857478
1.226410
0.820699
0.523117
-0.047531
0.379163
0.596809
0.701588
1.190827
0.813231
1.021204
0.588041
0.858392
1.475315
1.240923
1.625190
0.575406
-0.235199
-0.362661
-1.420324
-0.942493
0.583987
0.773024
0.146857
0.311239
-0.199085
-0.527709
-1.398351
-1.762798
-1.171872
-0.536470
0.040467
0.358874
-0.172845
-0.389161
-0.392912
0.012608
0.795535
-0.706710
-0.301090
0.938270
0.501584
0.321976
0.359869
0.288331
0.358222
-0.067006
-0.363060
-0.025222
0.392209
-0.028936
-0.656106
-0.513467
-0.721299
-0.867256
-0.017917
0.451856
0.380709
-0.782675
-1.352470
-1.084321
-0.491592
-0.221788
-0.557417
-1.133551
-0.655570
0.117543
-0.312444
-0.762175
-1.645276
-2.021133
-1.625745
-0.980184
-0.760235
-0.079357
-0.684220
-0.441504
-0.305543
-0.444898
0.318828
0.225762
-0.088563
-0.002619
-0.455301
-0.090479
-0.180244
-0.860479
-1.064269
-1.772045
-1.332639
0.459463
0.884648
0.489712
-0.075933
-0.228175
0.597496
1.038697
1.033197
0.567102
-0.393987
-0.243547
-0.470922
-0.435766
-0.377518
0.337102
1.037220
0.479855
0.347480
0.859763
1.044405
0.113343
-1.551620
-1.917888
-0.886512
0.753283
1.285639
0.655127
0.427335
1.137538
0.831361
0.705589
-0.053540
-0.607895
0.108268
0.809675
0.846030
0.316655
0.244881
0.751733
0.411931
0.214963
0.462962
-0.431345
-0.041047
1.156973
1.218606
0.673916
1.118023
1.451603
1.393418
0.620687
0.817077
1.299897
1.011064
0.648291
0.708814
0.905549
1.189153
0.855027
1.036143
0.437272
0.348372
0.754571
1.275497
1.559347
0.750404
-0.740048
-0.996515
-0.707097
-0.165543
-0.068722
0.851715
0.600540
-0.023599
-0.574042
-1.519331
-1.784686
-2.083880
-1.639755
-1.099719
-0.762911
-0.206289
0.277627
0.655068
0.567380
-0.286631
0.392084
0.923031
0.843609
0.674490
0.167860
-0.657512
-0.645310
-1.470012
-2.661947
-2.790575
-1.680901
-1.030998
-0.562315
-0.627392
-0.301488
0.621526
1.968533
1.795262
0.764000
0.055674
-0.568686
-1.382340
-1.254183
-1.961352
-1.428652
-0.815018
-0.319945
0.426811
0.564279
0.526290
0.045035
-0.269262
-0.664750
-0.175499
0.113404
-0.779104
-1.062778
-1.103822
-1.015963
-0.494334
-0.324812
-1.183106
-1.740321
-0.065401
0.854520
0.160694
-0.471332
-0.513937
0.467282
0.488703
0.631641
0.298688
-0.024470
-0.140705
-0.866720
-1.448143
-1.046350
-0.531722
-0.190782
0.067412
0.231664
0.289491
1.394147
2.227045
1.598249
1.406601
0.839844
0.054082
0.485566
0.632558
0.369177
0.013462
-0.979582
-0.884676
-0.440643
0.331168
1.075434
1.160640
0.564641
-0.054581
-0.410901
-0.468107
-0.697963
-0.956751
-0.131134
0.737093
0.280864
-0.799046
-0.777542
-0.178812
-0.028789
0.778691
0.649032
-0.281591
-0.781748
-0.786867
0.025976
0.672160
1.170596
1.438859
0.710572
0.740905
1.170888
0.755072
0.290832
-0.558233
-0.309019
0.097636
0.046610
-0.176402
-0.115578
-0.192357
-0.829029
-0.740879
-0.877460
-0.479442
0.104569
0.371112
0.862375
0.412665
0.058573
0.183721
-0.399180
-0.350302
0.173911
-0.092791
-0.436425
-0.339396
0.523492
1.293411
1.101765
0.692392
0.542779
0.281891
0.701622
0.413923
0.189082
0.853130
0.842109
0.285591
0.672297
1.233315
1.086249
-0.311384
-0.226441
0.172408
-0.015435
0.393243
-0.228823
-0.507556
0.077878
0.370652
0.362943
0.752907
0.047419
-0.432568
-0.110420
-0.132863
-1.600017
-2.663149
-1.632189
-0.547350
-0.053343
-0.145056
-0.408381
0.242085
0.869984
0.919853
0.163549
0.033145
0.657431
0.939703
0.821159
-0.044152
-0.389369
-0.892421
-0.925769
-0.930911
-1.226335
-0.588770
0.656218
1.944331
1.782427
0.930333
0.035842
-0.706133
-0.683050
-0.630526
-0.783337
-0.825882
-0.638775
-0.090196
0.181928
0.028403
0.265366
0.540602
0.869353
0.458043
0.547465
-0.019531
-1.383450
-1.282130
-0.373550
0.770648
0.775742
0.177971
-0.316291
-0.166243
-0.327483
-0.340686
0.515315
1.010008
0.409978
-1.072204
-1.081327
-0.196930
0.382057
0.538742
0.177863
-0.778474
-0.902573
0.003606
0.502234
0.503704
0.202926
-0.071833
-0.353953
-0.953595
0.091544
1.572382
1.265785
0.715709
-0.031684
-0.055092
-0.367059
-0.624711
-1.671682
-1.830327
-0.124991
0.404240
-0.553342
0.828812
1.745831
2.064616
2.173074
1.342825
0.250327
-0.868826
-0.998769
-0.408390
-0.341378
-0.075913
0.287600
0.324169
-0.112059
-0.580630
-0.581535
-0.196946
-0.593303
-1.428923
-1.602149
-0.685703
0.018289
0.398017
0.263816
-0.391724
-1.059871
-0.918402
-0.891433
-0.275502
0.368331
0.554371
-0.219213
-1.194552
-0.721744
0.542079
1.314523
0.402563
-0.010236
0.445750
-0.228061
-1.367244
-1.527910
-0.874298
-0.728794
-1.038063
-0.830446
0.781972
2.016656
2.184488
1.492521
0.939107
0.473825
-0.257710
0.000435
0.611421
0.710159
0.006693
-0.060751
0.514106
1.087501
1.586680
1.181469
0.126370
0.041956
-0.175948
-0.342715
-0.088697
-0.472214
-0.918137
-1.022442
-1.407242
-1.972765
-0.866163
0.448072
0.755775
1.022943
0.656209
1.055524
0.893035
0.126806
-0.756622
-0.807609
-0.855725
-0.910518
-1.081893
-0.383130
-0.163077
-0.551554
-0.565957
-1.023375
0.498386
1.390249
0.463734
0.051394
-0.597927
-0.431056
-0.296499
-0.521462
-1.790065
-1.136815
0.330542
0.304043
0.527502
0.687326
0.924798
1.419447
1.389904
1.793567
