-0.203952
-0.462888
-1.111019
-1.325338
-1.083367
-1.269699
-1.378492
-0.858982
-0.396864
-0.427680
-0.044881
0.399220
1.229647
1.965590
2.170947
1.727655
0.250484
-1.285302
-1.895191
-1.933861
-2.076853
-2.414853
-3.224775
-3.604517
-3.150329
-2.784322
-1.668575
-0.005070
0.945820
1.269346
1.402698
0.757897
-0.110529
-0.661449
-1.204997
-1.505529
-1.515157
-1.692611
-2.239471
-2.693780
-2.401840
-2.020412
-1.287594
-0.997317
-0.774112
-1.059281
-1.402910
-1.048102
-0.297027
0.020806
0.137962
-0.171122
-0.091925
0.675862
0.848731
0.866196
0.158265
0.210005
0.348881
0.392769
0.254809
-0.168326
-0.363502
0.141991
0.292792
0.127886
-0.089783
0.176339
0.429075
0.807396
1.103900
1.096620
1.511079
1.228011
0.580861
0.337360
0.891745
1.151509
1.044858
0.447891
-0.049549
-0.686745
-0.577136
-0.393595
-0.273758
0.102825
0.471790
0.175361
-0.477861
-0.624631
-0.475972
-0.144233
0.222979
0.638659
0.591385
0.433121
0.456259
1.004191
1.069810
0.402520
0.079407
0.313144
-0.119279
-0.580509
-0.790246
-1.339476
-1.712106
-1.734328
-1.484614
-0.870052
-0.165994
0.075743
0.283494
0.560744
0.459961
0.347827
0.640029
0.401435
0.714485
1.270716
1.343925
1.428638
1.403385
1.133705
0.900551
0.935938
0.667335
0.201014
-0.207813
-0.333300
-0.258296
-0.895059
-1.160829
-1.546740
-1.708156
-0.992370
-0.159998
0.251222
0.896207
1.127818
0.690080
0.057990
0.108738
0.164961
-0.228638
-0.547119
-0.850955
-0.695647
-0.532043
-0.600879
-0.779710
-0.537277
-0.124442
0.385331
0.756266
0.929462
0.528154
0.521937
0.082451
-0.629348
-0.588119
-0.595490
-0.363280
-0.456985
-0.757019
-0.983055
-0.767321
0.111201
0.750853
1.196070
1.277292
1.041682
1.144063
0.908770
1.497306
1.935726
2.236550
2.303908
1.196825
0.235091
-0.313250
-0.644860
-0.664605
-0.409581
-0.608570
-1.299038
-1.957532
-2.211533
-2.682362
-2.645269
-1.953160
-0.907964
-0.039764
0.270378
0.248978
0.448030
0.613415
0.389714
-0.345093
-0.610478
-0.718971
-0.952417
-0.784393
-1.078364
-1.443031
-1.422267
-0.906162
-0.333887
0.505316
0.959009
1.513553
1.915022
1.495671
1.053106
1.236309
1.344703
1.130067
1.120590
0.938450
0.621451
0.457875
0.155542
-0.312027
-0.765713
-0.777755
-0.695899
-0.720210
-1.174885
-1.638473
-1.493511
-0.730095
-0.028756
0.722382
0.659262
0.084608
-0.384756
0.128791
0.596379
0.327099
-0.011164
-0.769618
-0.940378
-0.342893
-0.050630
0.642003
1.105640
1.274580
1.491028
1.181297
0.122172
-0.730474
-0.817816
-0.787359
-0.644022
-0.398523
0.287967
1.090937
1.303690
1.454041
1.200710
0.623104
0.707207
1.139425
0.964216
0.473404
0.011695
-0.422869
-0.671999
-0.587322
-0.768236
-1.465866
-1.692945
-1.252002
-1.164306
-0.774124
-0.336483
-0.057554
-0.075717
-0.070873
-0.003246
0.052586
0.434727
0.924150
1.522560
1.562191
1.087449
0.575841
0.720794
0.388493
0.144098
-0.022596
0.293098
0.348331
0.235548
0.326150
0.639876
0.594605
0.790883
0.275312
-0.371651
-0.077018
0.104029
-0.073268
-0.114558
0.273753
0.824172
0.980005
0.728362
0.728616
0.336126
0.264770
0.274227
-0.685563
-1.328740
-1.398310
-0.730905
0.061882
0.512858
0.730551
0.665088
0.657231
0.650340
0.282793
-0.414581
-0.880982
-1.591966
-1.928939
-1.597410
-1.045935
-0.198994
0.825080
1.461244
1.777035
1.316903
0.571018
-0.124326
-0.545439
-0.735870
-0.993586
-0.844188
-0.192553
-0.060707
0.397571
0.646852
0.707027
0.614596
0.599811
0.901083
0.583028
0.347238
0.159528
0.147105
-0.281893
-0.368452
-0.987261
-1.772422
-2.318090
-2.034767
-1.161907
-0.820887
-0.865423
-0.534534
0.028421
0.345518
0.532171
0.587679
1.205814
1.903608
1.841475
1.172127
-0.118827
-0.881179
-1.244592
-1.209549
-1.168705
-1.557807
-2.341024
-2.293462
-2.083834
-1.281263
-0.306349
0.828069
1.178677
1.044238
1.167247
1.910708
2.471185
2.207419
1.427141
0.317740
-0.227209
-0.774340
-0.891200
-0.622653
-0.425226
-0.720647
-0.798165
-0.618538
-0.075981
0.480264
0.808697
1.238752
1.475201
1.712446
1.818098
2.004656
1.999322
1.542522
0.988666
0.664661
0.143747
-0.655059
-1.492712
-1.462160
-1.393931
-1.821867
-1.837866
-1.512940
-0.595303
0.571843
1.430180
1.186076
0.883307
0.817734
1.348495
1.207646
0.751256
-0.090317
-0.968415
-1.343353
-1.550362
-1.833206
-1.356311
-0.742650
-0.093702
0.644815
0.894883
1.001263
1.214396
1.539218
1.350741
1.523345
1.612110
1.438999
0.777104
0.311358
-0.182019
-0.449525
-1.142897
-2.179800
-3.051052
-3.347880
-2.775117
-1.060457
0.890748
1.598163
1.228030
0.943582
1.104799
1.550775
1.567631
0.839718
0.357802
-0.219081
-0.765550
-1.089333
-1.731433
-1.760183
-1.525507
-1.209663
-1.192175
-1.289475
-1.306400
-0.570858
-0.391877
-0.120186
-0.097247
0.523484
1.381464
1.858638
1.300129
0.514301
0.497895
0.595879
0.901809
0.988405
0.337235
-0.127108
-0.166530
-0.223309
-0.430933
-0.603492
-0.392788
0.646213
1.085783
0.529380
0.175661
0.461836
1.057918
1.015104
0.640041
0.616207
0.963332
1.443271
1.690410
1.477371
0.849759
-0.027034
-0.605906
-0.588853
-0.338222
0.068766
0.004446
-0.033294
0.031728
0.384141
0.954664
1.177700
1.123268
0.681676
0.312319
-0.248177
-0.591527
-0.908332
-0.917830
-0.386280
0.442250
0.787943
0.893827
0.993249
1.438913
1.494880
1.165905
0.563006
0.319472
0.171783
-0.300079
-1.112726
-1.939558
-2.235011
-2.251150
-1.898235
-1.371435
-0.618973
-0.211532
-0.564671
-0.647351
-0.214448
0.713260
0.962508
0.361345
-0.263392
-0.620086
-0.723400
-0.206744
-0.145455
-0.077966
-0.258041
-0.480789
-0.687783
-0.225845
0.903330
1.750055
1.915639
1.473475
1.063633
0.191062
-0.302173
-0.234632
-0.046450
0.051398
-0.228908
-0.739900
-0.849153
-1.406211
-1.715070
-1.491181
-1.237106
-0.798543
-0.152164
0.613241
0.568309
0.474831
0.351539
-0.182322
-0.475810
-0.477298
-0.562850
-0.496167
0.136028
0.707746
1.046671
1.574596
1.616576
1.937237
2.681280
2.999402
3.130277
2.515509
1.884624
1.373089
1.186171
1.215245
0.794212
0.313397
-0.408440
-1.524845
-1.904683
-1.608257
-1.580644
-1.260411
-0.589316
-0.492479
-0.207456
0.039152
-0.030582
-0.202756
-0.390598
-0.320607
-0.459065
-0.499447
-0.663053
-0.936808
-0.971942
-1.366581
-1.195037
-0.540660
0.130169
0.688862
0.205145
0.072105
0.269838
0.151300
-0.272941
-0.705633
-0.586818
-0.510376
-0.159224
-0.205177
-0.564753
-0.860245
-1.038549
-0.832418
-0.661422
-0.718629
-1.170433
-1.611201
-1.514695
-0.719439
-0.276507
-0.557015
-0.740123
-0.657714
-0.847949
-0.313020
-0.319566
-0.575724
-0.844045
-0.741386
-0.317914
-0.023412
-0.162167
-0.815520
-0.818068
-1.009359
-0.510697
-0.235830
0.050101
0.015224
0.232370
0.280081
0.355682
0.756627
0.925128
0.704520
0.424614
0.706195
1.032545
1.324185
1.364246
1.042998
0.466004
0.581352
0.543270
0.613213
0.809828
1.042049
1.317721
1.031626
0.447285
0.384034
0.027259
-0.125768
0.075984
0.149010
0.292175
0.016713
-0.189421
-0.531030
-0.259686
0.405339
0.767843
0.401007
-0.091896
0.621152
1.212641
1.035434
0.740104
0.698069
0.483908
0.455520
0.445683
0.041011
-0.501471
-0.430368
-0.544927
-0.875529
-1.078558
-1.018124
-0.869449
-0.718961
-0.139116
0.208071
0.296912
0.324307
0.122804
-0.030362
-0.207295
-0.679576
-0.866360
-0.619338
-0.212903
-0.101286
-0.297271
-0.627283
-0.419709
0.156458
0.397526
0.473588
0.030081
0.151260
0.304082
0.705459
0.786458
0.935402
1.124869
1.017806
0.628303
0.439706
0.454784
0.431305
0.697736
0.176446
-0.161884
-0.013546
0.078676
0.356365
0.609617
0.266683
0.210196
0.715393
1.226633
1.564015
1.178767
0.613352
0.056737
-0.441111
-0.265208
-0.207237
-0.340703
-0.280947
-0.354470
-0.051605
-0.125980
-0.171859
-0.061169
0.295997
0.427754
0.597666
0.276085
0.220869
0.322528
0.270140
0.154013
-0.265952
-0.675391
-0.833912
-0.784474
-0.608814
0.098672
0.062018
0.090357
0.212719
-0.271475
-0.800234
-0.986542
-0.998388
-0.888583
-0.793079
-0.770796
-0.431441
0.046099
0.957239
1.507016
1.366453
1.596346
2.399539
2.605044
2.521746
2.043284
1.597386
0.808751
0.339493
-0.147173
-0.418427
-0.563928
-0.281939
-0.098562
-0.107188
0.040582
0.110420
0.053199
0.023244
0.165048
0.227880
0.723519
1.268961
1.417837
0.593508
0.133132
-0.486226
-0.511838
0.119119
0.200140
-0.143983
-0.884791
-0.884506
-0.228655
0.568487
0.475634
0.356249
-0.075591
-0.329954
-0.695445
-0.495139
-0.095786
-0.221126
-0.418860
-0.400026
-0.324440
-0.224818
-0.099028
-0.125772
-0.174511
-0.716126
-0.786683
-0.284690
-0.069732
0.136568
0.319001
0.547284
0.832020
0.583337
0.818883
1.100437
1.085102
0.978163
0.774767
0.672161
0.691232
1.094539
1.074250
0.637031
-0.059370
-0.048481
-0.340045
-0.490462
-0.554379
-0.627228
-0.636163
-0.740773
-0.474010
-0.423559
-0.532640
-0.495971
-0.922500
-1.178470
-1.162401
-0.391251
0.159938
0.260478
0.229866
-0.372186
-0.291889
0.234664
0.623513
0.728493
0.948527
1.200337
0.967112
0.354230
-0.420288
-0.078323
0.111457
0.438710
0.515207
0.555483
-0.143312
-0.512666
-1.016151
-1.169895
-0.724180
0.054829
0.139849
-0.059473
-0.404921
-0.521956
-0.195987
-0.188938
-1.180767
-2.136559
-2.119435
-1.630471
-1.267368
-1.600494
-1.531599
-1.095979
-0.291831
0.191581
0.604896
0.870180
0.769875
0.311425
0.264524
0.047584
-0.187453
0.057102
0.422820
0.845499
0.735757
0.284063
-0.004055
-0.219644
-0.358696
-0.446347
-0.644617
-0.655163
-0.635246
-0.351645
0.165535
0.161028
0.424409
0.546883
0.648231
0.554361
0.835024
1.600122
2.362332
2.508292
2.026937
1.188975
0.551622
-0.259398
-0.342497
-0.563474
-1.005379
-1.095518
-0.442319
0.272666
0.352186
0.335508
0.445174
1.365394
2.158272
1.789683
0.965866
0.925683
0.753165
-0.306480
-1.099572
-1.526688
-1.574365
-1.672675
-1.383987
-1.064980
-0.915667
-0.701075
-0.779486
-1.331796
-1.686458
-1.546118
-0.975399
-0.073256
0.386082
-0.135130
-1.007508
-0.952725
-1.468243
-1.715975
-0.906620
-0.158260
0.865258
1.705960
1.575609
1.287004
0.210645
-1.106460
-2.304571
-3.048135
-2.723445
-1.040302
0.399806
1.298323
1.473581
1.686789
2.062761
1.998886
1.380928
0.446346
0.166810
-0.029825
0.335436
0.081858
-0.173549
