0.148487
0.488775
0.203670
-0.229406
-0.379443
-0.975819
-0.880458
-0.735980
-0.662470
-0.502068
-0.114369
-0.255574
-0.201576
-0.245167
0.178556
0.528458
0.194678
-0.607466
-1.464639
-2.116310
-2.875568
-3.859808
-4.723625
-4.308468
-3.004271
-1.791173
-0.807301
0.534538
0.924661
1.074426
1.212192
0.930526
0.221716
-0.147434
-0.301205
-0.419445
-0.441038
-0.839902
-1.204895
-1.058665
-0.533754
-0.320285
-0.367110
0.136666
0.763369
0.460992
-0.313430
-0.777951
-0.813686
-0.889235
-0.772107
-1.091422
-0.797939
0.218581
0.624350
0.861827
0.734292
0.987731
0.727407
0.157183
-0.408645
-0.641895
-0.227987
0.498130
0.234480
-0.151412
-0.184046
0.294755
0.363639
0.366120
-0.119826
-0.119535
0.316348
0.431699
0.159262
0.311603
0.892064
1.376101
1.473614
1.045264
0.927428
0.857534
0.751337
0.137035
0.060850
-0.369550
-0.603904
-0.914032
-0.981100
-0.524933
0.451947
1.214108
1.612878
1.650173
1.608896
1.453163
1.684972
2.243268
1.887732
0.971153
-0.205380
-1.198964
-1.657228
-2.145358
-2.381566
-2.552695
-2.529830
-2.141389
-1.867660
-1.225197
-0.270550
0.206374
0.428767
0.519070
0.834372
1.545776
1.855503
1.401150
1.112818
1.071957
0.308747
-0.234820
-0.672644
-0.955177
-0.992133
-0.951648
-0.621325
-0.914789
-1.141066
-1.270706
-1.185386
-1.027630
-0.898315
-0.897024
-1.263748
-1.120391
-1.279938
-1.670555
-1.396616
-0.937843
-0.578402
-0.231391
0.228802
0.506323
0.091927
-0.056494
-0.585977
-0.402197
0.617340
1.373495
1.815966
1.466440
0.865597
-0.046624
-0.494496
-0.723343
-0.941810
-1.367649
-1.021673
-0.341453
0.324433
0.520712
0.568369
0.694882
1.004368
0.970860
0.982007
1.085665
1.354304
2.041439
1.737051
0.666436
0.152692
0.309670
0.925455
1.597629
1.504781
1.170529
1.026848
1.437164
1.689902
1.543503
1.511365
1.774830
1.769263
1.040529
-0.498057
-1.622586
-1.940154
-2.113517
-2.402324
-2.538041
-2.641148
-2.089737
-1.061340
-0.432331
-0.261472
-0.696470
-1.271150
-1.557057
-1.269040
-0.686891
-0.093864
-0.205326
-0.824659
-0.403359
-0.043028
0.159889
0.226854
0.307206
0.691750
1.118136
0.677158
0.000511
-0.017975
-0.102101
-0.108323
-0.118114
-0.110148
-0.233755
-0.210513
-0.126726
-0.001996
-0.274574
-0.490907
-0.198564
-0.223680
-0.505049
-0.387841
-0.638140
-0.237777
-0.109345
0.278292
0.624733
0.623315
0.338425
0.468957
0.348127
-0.141724
-0.306719
-0.698050
-0.466675
-0.037768
-0.120309
0.622444
1.316952
1.483735
1.503454
1.379574
1.285437
1.204583
0.910457
0.122506
-0.364403
-0.518545
-0.205467
0.447381
1.113834
1.476750
1.003519
0.402911
0.297476
0.132319
-0.052428
-0.782840
-1.283119
-1.755423
-1.828267
-1.548633
-1.323716
-1.021104
-0.655716
-0.200180
0.113653
0.340051
0.603823
1.299749
1.700406
1.509308
1.375260
1.629041
1.200570
0.694495
0.735996
0.580774
0.278756
0.354084
0.699936
0.348889
0.304162
0.320325
0.027032
-0.323683
-0.428544
-0.123305
0.416353
0.373469
0.160686
-0.179689
-0.655843
-0.128144
0.074435
0.087393
0.248630
0.453586
0.822255
0.983245
0.911648
0.696382
0.079260
-1.025558
-1.646788
-2.053964
-1.706626
-1.347549
-0.642515
0.207590
1.100621
1.548963
1.492884
1.080928
0.654430
-0.152557
-0.700194
-0.593666
-0.951454
-1.722928
-2.188103
-2.222349
-1.331963
-0.462265
0.010511
0.360049
0.296350
0.337446
0.434641
0.391837
0.171793
-0.102212
-0.147878
0.329215
0.065409
-0.468920
-0.626941
-0.160878
0.166938
0.578855
1.093991
0.969303
0.717918
0.096805
0.076211
0.240799
-0.268066
-1.538482
-2.176753
-2.351972
-1.628554
-0.718824
-0.366518
-0.397051
-0.047399
0.541958
0.469534
0.042955
-0.499724
-0.033944
0.717921
0.861572
0.362331
-0.190762
-0.589984
-0.984851
-1.164112
-1.125906
-1.343292
-1.348534
-0.903330
-0.482849
0.181116
0.819423
1.406922
1.584666
1.453485
1.184455
0.952481
0.923754
0.635677
0.018032
-0.343631
-0.306608
-0.056300
0.450106
0.943172
0.527684
-0.000829
-0.511993
-0.341961
0.434101
0.620404
0.759700
1.211747
1.675455
1.932207
1.845233
2.041809
2.040079
1.568160
1.192159
1.249740
0.899960
0.459172
-0.221737
-1.009611
-1.781956
-2.455059
-2.875426
-2.728121
-2.356827
-1.527801
-0.825483
-0.046582
1.071721
2.258334
2.626058
2.068939
1.781827
1.293140
0.966541
0.348123
-0.500707
-1.420322
-1.542956
-1.508968
-1.015345
-0.005732
1.099221
1.640260
2.295366
2.442565
2.236089
2.002798
1.886806
1.280816
0.577485
-0.546352
-1.498790
-2.010038
-2.141917
-2.201546
-1.689773
-2.004405
-2.216583
-1.217990
0.032793
0.794697
0.623956
0.337781
0.304409
0.565220
-0.032994
-1.008285
-1.737229
-1.544890
-1.309433
-1.255382
-1.946034
-1.764051
-0.890544
0.066795
0.492638
0.803778
1.001842
1.773383
1.754394
1.446645
1.485967
1.727247
1.405762
0.879303
0.275135
0.059444
-0.380816
-0.691240
-0.779086
-0.481866
-0.550678
-0.826496
-0.667235
-0.302579
-0.309305
-0.279796
0.153409
1.030674
1.277013
0.898340
0.121242
0.013008
0.436559
-0.015438
-0.818450
-1.058600
-0.703892
-0.608065
-0.560504
-0.372828
-0.213426
-0.119221
-0.317235
0.104263
0.578721
0.195288
-0.282822
-0.529590
-1.066304
-1.098360
-0.705056
-0.066873
-0.115347
-0.167659
0.266308
0.910601
1.371439
1.240252
1.018800
0.960144
1.212207
1.184802
0.890372
0.796793
1.073033
1.538682
1.386983
0.944713
0.477591
0.321129
0.441445
-0.205881
-0.887265
-1.215723
-1.240355
-0.871770
-0.715917
-0.742406
-0.525353
-0.278521
0.047713
0.102708
0.049434
0.518585
0.724744
0.479347
0.095307
-0.419209
-0.081577
0.185634
0.463109
0.684861
0.450860
0.652568
0.725894
1.080772
1.763262
1.538216
1.081418
0.446369
-0.066719
-0.191803
0.093505
0.507324
0.616181
0.322712
0.194825
0.481951
0.098716
-0.228156
-0.196844
-0.146024
0.091526
0.147639
0.538360
0.491941
0.603126
0.687428
0.335885
0.032684
0.027272
0.142771
0.223327
0.903620
1.301958
1.663861
2.221018
1.448730
1.172042
1.756326
1.889042
1.616420
0.761767
0.282856
-0.265034
-0.254245
-0.031971
-0.690236
-1.410219
-1.975574
-2.540285
-2.544396
-2.438294
-2.182542
-1.212878
-0.496240
-0.196190
-0.517278
-0.866397
-1.354058
-1.547408
-1.741467
-1.672940
-1.808252
-1.234532
-0.780175
-0.447446
-0.279860
-0.275899
0.112986
0.396774
0.293657
0.686246
0.390435
0.053067
-0.338648
-0.457329
-0.291638
-0.346572
-0.447059
-0.571981
-0.824751
-1.099403
-1.078638
-0.572243
-0.344793
-0.131840
0.052603
0.189604
-0.084904
-0.551925
-0.660025
-0.230653
0.234709
-0.274518
-0.891044
-0.817458
-0.606160
-0.241902
-0.652502
-0.905505
-0.767149
-0.249441
0.407480
0.731133
0.180019
-0.098842
0.506316
0.516456
0.631622
0.311676
0.203190
0.155503
-0.239588
-0.801958
-0.927748
-0.713546
-0.751110
-0.982904
-0.868173
-0.173413
0.175414
0.284468
0.333615
0.817277
1.028989
1.348142
1.720471
2.008215
1.799728
1.835741
1.312755
0.401647
-0.421467
-0.702338
-0.670926
-0.617354
-0.412789
-0.141244
0.210553
0.137637
-0.071444
-0.020464
0.055974
0.550763
0.533015
0.357932
0.464259
1.224259
1.643170
1.456108
1.343200
1.291961
0.851363
0.606487
0.380796
-0.468345
-0.432599
-0.159219
-0.489254
-0.634654
-1.040546
-0.974332
-0.808976
-0.641810
-0.435020
-0.472474
-0.365149
0.086454
0.474422
0.500655
0.113977
-0.589487
-0.386301
-0.123355
-0.103484
0.011827
0.013249
-0.131562
0.094541
0.085873
-0.272860
-0.398174
-0.248569
-0.111724
-0.346111
-0.327561
-0.036102
0.741022
1.148444
0.826153
0.404397
-0.017620
-0.009814
-0.026300
0.256715
0.322061
0.176428
0.333560
0.224940
0.723462
0.792879
0.638583
0.787941
0.913790
0.837977
0.574930
0.361421
-0.034355
-0.424923
-0.747011
-0.561400
-0.913183
-1.266614
-0.993217
-0.661387
-0.544601
-0.194246
0.377765
0.899905
0.861105
0.589457
0.764993
0.628891
0.775741
1.084658
0.818856
0.891140
0.657264
0.010976
-0.379975
-0.736729
-0.947543
-0.804907
-0.023358
0.021468
0.163411
0.059303
-0.086939
-0.079405
-0.295516
-0.393750
-0.510603
-0.495374
-0.140881
-0.251446
0.305377
1.073354
0.716497
0.750104
1.172115
1.603813
1.941085
1.854553
2.005557
1.798615
1.313827
1.003271
0.919183
0.772735
0.240752
0.010756
0.213519
0.177815
0.053842
-0.413039
-0.659529
-0.720794
-0.444240
0.087207
0.874062
1.035509
0.368450
0.073442
-0.374194
-0.196764
-0.352717
-0.469002
-0.408989
-0.566520
-0.377873
-0.311985
-0.492356
-0.792174
-0.923282
-0.773274
-0.636060
-1.217541
-1.218362
-0.390257
0.303577
0.295406
0.314862
-0.207053
-0.311895
-0.578084
-1.013490
-1.075476
-1.450549
-1.315683
-0.569879
0.059970
0.284748
0.692632
1.340100
2.249909
2.196909
1.836362
1.111443
0.476297
0.150271
-0.083146
-0.200783
0.026677
0.462758
0.457337
0.190116
-0.133214
0.293583
0.611799
0.456403
0.182593
0.107333
-0.113562
-0.229383
-0.165444
-0.321112
-0.414378
-0.176483
-0.024895
0.118445
0.350595
0.351120
0.732198
0.632172
0.581143
0.147517
-0.177304
-0.248858
-0.658827
-0.542598
-0.091984
-0.020197
-0.265005
-0.298168
-0.290537
0.474396
1.097669
1.243473
1.318722
1.360330
1.438378
1.449004
1.113345
0.542861
0.179988
0.169224
-0.150708
-0.148870
-0.290198
-0.822761
-1.113203
-1.521561
-1.953815
-1.941198
-1.508119
-1.191158
-1.212273
-1.360322
-1.504800
-1.454612
-1.227865
-0.920628
-0.681924
-0.600115
-0.092080
0.242095
0.397525
0.173405
-0.284950
-0.647844
-0.470030
-0.233371
-0.127329
-0.186185
-0.283834
-0.506559
-0.450204
-0.536882
-0.345593
-0.160365
0.067979
0.580390
0.926333
0.725554
0.997652
1.331958
1.032759
0.728004
0.814083
1.004499
1.399668
1.158339
0.649355
0.179770
0.321293
-0.124322
-0.633478
-1.300678
-1.780392
-1.465686
-0.567676
-0.005726
0.503618
0.694166
0.611338
1.393150
2.447264
2.477875
1.823146
1.781633
1.383951
-0.138122
-1.600077
-2.072410
-2.129435
-2.030990
-2.148346
-1.826635
-1.464518
-0.834996
-0.716036
-1.282698
-0.625789
0.134761
0.535996
0.860243
0.519231
-0.030886
-0.343705
-0.295026
-0.639231
-0.902723
-0.047261
0.345234
0.622003
0.502160
0.175173
0.061568
-0.265922
-0.011054
0.351227
0.382961
0.310620
0.437969
0.317861
0.246095
0.023256
-0.148709
-0.156446
-0.437963
-0.884134
-0.849627
-0.734513
-0.325997
0.063008
0.216576
0.156610
