-0.770927
-1.188084
-1.438323
-1.281558
-0.876380
-0.684021
-0.421358
0.242398
1.022641
1.342375
1.682797
1.021914
-0.004439
-0.221656
-0.028708
-0.079496
-0.730384
-1.255485
-1.470978
-1.327099
-1.456761
-1.425768
-1.826186
-1.998551
-1.390580
-0.862773
0.358686
0.820641
1.342006
1.294571
0.878548
0.094447
-0.706652
-0.851702
-0.807714
-0.732547
-0.572527
-1.101593
-1.779883
-1.472560
-1.011841
-0.466549
-0.507648
-0.065470
0.305642
0.577125
1.329113
1.816112
1.247858
1.002603
1.105433
0.825162
0.724829
0.901205
0.899453
0.392061
0.280193
0.144718
0.453039
0.310445
-0.365146
-0.748834
-0.385536
-0.106129
0.199341
-0.139361
-1.062800
-1.358302
-1.297988
-0.758867
-0.290600
0.246525
0.450167
0.014525
0.491232
0.803817
1.492395
1.738266
0.928950
0.910938
0.807510
-0.148577
-0.420746
-0.959923
-1.026792
-1.046668
-0.536544
-0.271864
-0.151769
-0.467210
-0.862478
-0.730392
-0.380386
-0.168744
0.510932
0.911184
1.472427
1.246718
0.755655
0.488037
0.529101
0.372893
-0.029448
-0.099911
-0.128276
-0.278480
-0.616372
-0.991167
-1.108870
-1.260704
-0.780801
0.174673
0.727784
0.986008
1.083795
1.171270
0.906183
0.507569
0.612399
0.934423
0.980346
0.682205
0.476952
0.228984
0.554435
0.053082
-0.909649
-1.167231
-0.471119
-0.047964
0.205830
0.165316
-0.258069
-0.614842
-0.936726
-0.452991
-0.056141
0.316743
0.557334
0.602031
0.380634
0.148346
-0.521469
-1.888582
-2.610127
-1.666639
-1.057586
-0.359482
0.356430
1.199036
1.945367
1.638578
1.468980
1.384259
0.454291
-0.283448
-1.012077
-1.385848
-1.082176
-0.843053
-0.437531
-0.802140
-1.297161
-0.828229
-0.019734
0.487669
1.213378
2.557045
2.613855
1.785308
0.802399
0.220468
0.306485
0.623250
0.626797
0.680024
0.419363
0.483944
0.357831
-0.176763
-0.491669
-0.620223
-0.648357
-0.059182
0.651691
0.906782
1.345959
0.895772
0.617127
0.106999
-0.146495
-0.086636
0.538604
0.127871
-0.222161
-0.564894
-1.130833
-1.691457
-2.016962
-2.088929
-1.836129
-1.146309
-0.625719
-0.365646
-0.014419
0.176386
0.850546
1.386572
1.982225
2.052751
1.316533
1.332881
0.945803
-0.006014
-0.380166
-0.454005
-0.817382
-0.647013
-0.103143
-0.032683
-0.191236
-0.117694
-0.008215
-0.247464
0.099530
0.177159
-0.023843
-0.807684
-1.062714
-1.640241
-1.646904
-1.355158
-1.551788
-2.142557
-2.143673
-1.499008
-1.026511
-0.237772
-0.309821
0.261191
0.454597
0.478706
0.318300
-0.112067
0.539873
0.254704
-0.314781
-0.297468
0.130669
0.227005
0.156037
0.792670
0.816878
0.210560
0.433172
0.529026
0.565165
0.792217
0.394962
-0.199405
-0.368650
-0.282248
-0.069286
0.484389
-0.156717
-0.595822
-0.115543
-0.000610
-0.291909
-0.810418
-0.544807
-0.224096
-0.540165
-0.801502
-0.423817
0.344566
0.955399
0.770216
0.244540
0.126900
0.886558
0.689385
1.139984
1.713261
1.756018
1.132912
0.841269
1.144759
1.373579
1.334192
1.348434
1.269956
0.962133
0.691128
0.601141
0.716907
-0.215529
-0.223350
-0.164199
-0.403160
-0.297901
-0.120092
0.428225
0.927543
1.107531
1.073159
1.214465
1.688436
1.320603
0.242050
-0.190790
-0.557172
-1.272394
-2.220210
-2.799888
-3.075874
-2.508695
-2.261599
-2.047168
-2.275243
-1.384107
-0.326847
0.575540
1.168525
1.977937
2.021731
1.344527
1.473142
1.085200
1.329932
1.377390
1.076507
0.667472
-0.462181
-1.141942
-1.056637
-0.915239
-0.571508
-0.990963
-1.031045
-0.075412
-0.128013
-0.060140
-0.556746
-0.326632
-0.396806
-0.214218
0.237930
-0.408399
-0.986948
-1.532122
-1.908021
-1.763641
-1.136546
-0.819923
-1.201189
-1.534149
-1.614741
-0.995228
0.208741
0.539829
0.846715
0.648191
0.226697
0.210184
0.270730
0.858520
1.160545
0.570800
-0.225323
-1.426602
-1.955972
-1.765595
-1.565050
-1.710496
-2.080283
-1.906087
-0.799395
0.643393
1.047289
1.070674
1.765300
2.100218
1.985169
2.106996
2.082183
1.699191
0.730450
0.009364
-0.665988
-1.170379
-0.771711
-0.148207
0.284387
0.456681
1.066548
1.154774
1.482960
1.627261
1.969738
1.734094
1.236064
1.106204
0.794693
0.718353
0.533041
0.710448
0.475196
0.145188
-0.341202
-0.648208
-1.214062
-1.811788
-1.608531
-1.212627
-1.624447
-1.456471
-1.327361
-0.822486
-0.273661
-0.194142
-0.226310
-0.318492
0.365037
1.045760
1.630464
1.557439
1.486467
1.199711
1.193870
1.343624
0.536545
-0.286926
-0.794037
-0.718733
-0.011498
-0.115368
-1.072147
-0.855142
-0.188998
-0.012265
-0.217032
-0.319025
-0.492956
-0.573309
-0.664973
-0.248252
0.018862
-0.275891
-0.864988
-1.131715
-1.228895
-0.878186
-0.001713
-0.156643
-0.382675
-0.353594
-0.604779
-0.455107
0.131721
0.143522
0.898119
0.974128
1.142986
1.170703
1.218040
0.432855
-0.123209
-0.609137
-0.484705
-0.110940
-0.016797
-0.379834
-0.955339
-0.435118
0.368557
0.582016
0.793793
1.406338
1.302269
1.129807
1.298410
1.448856
1.176383
1.278241
1.718086
1.478726
0.699745
0.302669
-0.272048
-0.814830
-0.252048
-0.408681
-0.891397
-1.212034
-1.007556
-1.152747
-0.352971
0.555679
1.232689
1.422640
1.032909
1.344246
1.786263
1.828008
0.918998
-0.014848
-1.005901
-1.716518
-2.420407
-2.540817
-2.519429
-2.044238
-1.544963
-1.121349
-0.970523
-0.267402
0.292753
0.429154
0.204282
0.227283
1.150611
2.092137
2.155971
1.603542
0.478356
-0.195178
-0.577102
-1.193506
-1.275574
-1.033203
-0.982453
-0.757623
-0.966847
-0.839970
-0.619389
-0.692752
-0.187170
0.646425
1.073942
1.052353
1.196890
1.691598
1.668366
0.964072
0.106979
-0.501453
-0.095267
-0.499942
-1.161905
-1.159925
-0.838442
-0.638642
-0.374417
0.279842
0.872287
0.936890
1.310472
1.284045
1.819015
2.420300
3.089675
3.151827
2.596354
1.300633
0.206365
-0.422949
-1.606478
-1.713980
-1.529705
-1.613121
-1.512781
-1.446081
-1.015106
-0.635667
0.330148
0.536594
1.118069
1.684481
1.733732
1.718766
1.320109
0.880843
0.417957
-0.964359
-1.588393
-2.487947
-2.386543
-1.957939
-0.823959
-0.295308
-0.335637
0.153321
1.265072
1.380177
1.714037
2.009507
1.949200
1.556900
0.778677
1.013611
1.202025
1.218177
-0.075432
-0.886344
-1.382571
-2.057214
-1.881841
-1.430750
-1.206270
-0.713131
0.273806
0.179261
-0.102566
-0.051109
0.057819
-0.469815
-0.461349
-0.579997
-0.340968
-0.553138
-1.049169
-1.472956
-1.146889
-1.143421
-0.623130
-0.731948
-0.464544
-0.119921
-0.200637
0.219041
0.233185
0.307996
0.095466
0.405211
0.674843
0.565178
0.164425
-0.076650
-0.416343
-0.508736
-0.845970
-1.016981
-0.855087
-0.734837
-0.617864
-0.669865
-0.406840
-0.208914
0.378497
0.289455
0.285275
0.349679
0.177179
0.318120
-0.042238
-0.443342
-0.321903
-0.046441
0.172225
0.277365
0.151545
-0.630094
-0.635813
0.088919
0.190003
-0.090803
-0.007080
-0.048936
-0.395719
-0.352456
-0.283903
-0.453817
-0.486788
-0.511277
-0.589537
-0.695616
-0.389385
-0.293647
-0.608426
-0.362856
0.001914
0.103086
0.966772
1.219369
1.394245
1.783779
2.219425
2.135553
1.592138
1.166647
0.657349
0.525408
0.704955
0.406433
-0.179580
-0.780450
-0.963957
-1.098167
-1.389007
-0.596801
-0.254448
-0.229172
-0.135840
0.173308
0.361979
0.376771
0.814667
0.948619
0.740783
0.525848
0.685679
0.477235
0.508646
-0.325066
-1.151689
-1.100514
-1.277611
-0.682550
-0.179653
-0.211890
-0.030385
0.831535
1.104697
1.143067
0.767857
0.432970
0.272531
0.191961
0.012377
-0.293697
-0.455219
-0.175045
0.005166
-0.658808
-0.281392
0.068907
-0.066997
-0.355951
-0.403601
0.074418
0.226615
0.421860
1.214477
1.180840
1.359464
1.434543
1.601152
1.230769
0.879700
1.044188
1.113640
0.634144
0.864225
0.823181
0.548880
0.807502
1.047449
0.912019
0.685264
0.795540
0.550145
1.213908
0.847635
-0.573486
-0.916299
-0.662153
-0.320256
-0.629025
-0.760279
-0.878237
-0.586980
-0.305529
0.001986
-0.032796
0.425483
0.391445
0.152994
-0.050846
0.187606
-0.041412
0.050771
-0.003557
0.059883
0.212515
0.361078
0.196929
0.062815
-0.122278
-0.176081
-0.026964
-0.345531
-1.115734
-2.280852
-2.230268
-1.865730
-1.697509
-1.604779
-1.349427
-0.799191
-0.130118
-0.048201
-0.454257
0.040854
0.264500
0.293999
0.127576
-0.030325
-0.271272
-0.705131
-0.214665
0.319510
-0.463908
-0.557523
-0.810298
-0.759871
-0.153068
0.360903
0.359902
0.328555
0.219758
-0.190054
-0.406387
-0.460179
0.677355
1.501819
1.834445
1.081357
0.316936
-0.120969
-0.513864
-0.358131
-0.137099
-0.418122
-0.544406
-0.503713
0.019775
0.435523
0.635122
1.087796
0.614794
0.746460
0.866896
0.535478
0.176850
0.008905
-0.276875
-0.820920
-0.624898
-0.546109
-0.638147
-1.229704
-1.074993
-0.592530
-0.742779
-0.624404
-0.327708
-0.132788
0.601375
0.780423
1.169723
2.505231
2.816489
3.215951
3.116614
1.843242
0.841266
0.278470
-0.182695
0.195915
0.041792
-0.678798
-1.092294
-1.018187
-0.643566
-0.185302
-0.321698
-0.204103
-0.628086
-0.643014
-0.744681
-0.688556
-0.646237
-0.907056
-0.698249
-0.744150
-0.618332
-0.414587
0.301724
0.815225
0.727356
0.503622
0.123012
-0.162091
-0.045948
0.310062
0.769980
1.165499
1.407547
0.834674
0.447641
0.812264
1.304630
1.314898
1.263892
1.508922
1.545442
0.898023
0.728498
-0.103008
-0.961643
-0.743281
-0.752725
-0.675632
-0.674000
-0.977013
-1.444454
-1.878327
-1.699811
-1.900415
-1.889341
-1.330051
-0.336160
0.182200
0.410154
0.641341
0.327467
-0.547305
-0.635597
-0.068136
0.003669
-0.266247
-0.688764
-0.910256
-1.464879
-0.793459
-0.575112
-0.240077
0.683477
1.492404
1.082819
0.997110
0.264730
0.314194
0.417087
0.227065
0.389650
-0.125749
-0.391828
-0.625055
-0.801289
-0.562462
-0.269051
-0.531653
-0.441219
-0.007771
0.875195
1.401026
1.368057
1.458196
1.582935
1.886135
1.137192
1.048125
1.178388
0.936242
0.138674
0.211105
-0.011488
0.256614
-0.470927
-0.543632
0.321547
0.351885
0.199956
1.056763
1.020326
1.029417
0.230210
-0.516117
-0.572777
-0.622818
-1.073286
-1.534162
-1.430640
-1.470762
-0.918398
-0.992780
-1.669117
-1.987472
-2.035750
-2.399241
-1.577938
-0.624478
-0.391498
-0.308142
-0.086471
0.327317
0.453821
0.846832
0.475503
0.897389
0.971166
0.863123
0.047571
-1.492572
-2.163736
-1.845752
-1.280955
-0.449665
0.735879
0.630439
0.209541
0.013949
0.041956
-0.143780
-0.569837
-0.961528
-0.573260
-0.472221
0.065307
0.227803
-0.174288
-0.584834
