-0.986701
2.865617
0.366601
-0.563410
0.854544
1.500824
-0.094378
-0.513048
-0.177288
0.177517
0.429158
0.601005
0.530943
0.683725
0.656903
-1.733902
-0.983234
-0.025812
0.587377
0.092172
0.986853
-1.487731
-1.448189
-0.934511
1.455858
0.475499
-0.188287
-0.108556
0.213377
2.231543
1.205845
-2.234045
-1.129169
-1.548252
2.802368
-2.453036
0.517275
-0.520625
-3.106631
-0.398557
-1.920805
-1.975084
-0.068505
-0.509798
-2.618658
-1.807592
-0.437254
-0.973024
0.236276
-0.137054
-0.020091
0.189190
-0.087083
0.399674
0.390170
-0.262404
-0.730204
1.373152
-0.938072
0.168292
-0.314097
0.673054
0.008256
0.076175
0.140240
0.007956
-0.254592
-0.692670
1.916711
0.036741
0.621957
0.421810
-0.031355
1.397839
0.810745
0.230688
0.982533
-0.046700
0.713234
2.603052
1.324689
-0.254500
-0.342135
-0.523726
3.092651
0.265427
-0.602320
0.022769
0.310848
0.669164
-0.374679
-0.251337
0.094639
-0.512696
1.761260
-0.655579
-0.833006
-0.318460
-0.165797
1.958522
-0.066649
-0.414127
0.104841
-0.671138
2.550329
-0.215833
-1.219971
0.387394
-1.072274
0.508359
-0.128992
1.076771
-0.008321
1.117787
-0.509651
0.592853
-0.130139
1.086364
-0.030385
-1.139659
1.759323
0.108829
-0.750706
0.309552
0.161895
-0.869547
1.265019
1.951947
-1.452681
-2.039402
-0.110682
-1.411627
2.125095
-1.394822
-1.547808
0.139996
-0.284478
0.029302
0.372047
-0.252531
-0.396713
0.372864
-0.942681
0.550665
0.815479
-1.018643
-0.364574
0.233825
-0.052192
0.132117
-0.054060
0.300371
0.682820
0.489329
0.721825
0.048308
0.120761
0.760041
0.299145
0.129611
1.237446
0.565674
0.639855
1.453938
-0.244345
-0.167221
-0.531086
-0.350949
0.335839
1.014292
0.668096
1.275089
1.469416
-0.546711
-1.219743
1.848271
1.092414
-0.097685
-0.412686
-0.285903
-0.342578
1.533297
0.381131
-0.764067
-0.403137
0.053718
-1.618280
-0.013805
0.196488
-1.006731
0.987375
-0.566442
-0.204861
0.264720
-0.973575
-0.288557
-0.971976
0.426515
0.859084
-0.996147
-0.745823
-0.264652
0.150019
0.972668
0.428922
-0.630708
0.986642
0.440478
-0.212831
0.242523
0.171376
-0.993481
0.857470
-0.148016
0.047910
0.608477
0.287435
0.174340
0.273647
0.147942
0.386072
-0.045097
0.747275
-0.469235
1.451569
0.238743
0.297780
0.030639
-0.128168
-0.481548
0.360802
0.304984
-0.320029
-1.268425
0.253783
0.216658
0.171243
-0.323677
-0.982549
-0.709649
0.199449
0.231586
-1.156263
-0.086367
1.054103
1.047806
-0.148817
-1.005241
0.629489
0.711465
0.173425
-0.145057
0.772195
0.554563
0.905288
0.781930
-0.224795
0.013151
0.416244
0.805921
-0.910236
0.679678
0.622201
-0.214545
-0.123699
1.496204
-0.185615
-0.660060
-0.550534
-0.381469
0.716494
2.080097
-0.624530
-0.862806
-0.741993
0.007501
3.560908
-0.155690
-0.428185
-0.748465
-0.724423
0.084593
1.765473
-1.017872
-1.388105
-1.918540
-1.056003
0.670433
-0.755681
-1.975933
-0.656683
0.397772
-0.497505
0.888546
0.360958
-2.884653
-0.880984
-1.462137
0.466999
0.214011
0.432626
-1.308585
-1.193155
-0.465275
0.135735
2.058899
-0.512964
0.584754
-0.049459
-0.635320
1.248193
0.127442
0.990794
-1.182552
-1.141900
-0.588914
-1.459717
0.625003
-1.039804
-0.628602
-0.417397
-0.579345
-0.214885
-0.341648
0.198747
-0.801417
-0.402918
-0.624176
-0.075749
0.398963
-1.308936
-0.994318
1.153736
0.395897
-0.358327
0.172543
0.336072
0.833014
-0.339158
0.653790
0.746473
0.178034
-0.404939
0.807136
0.365518
-1.502755
-0.432256
0.504097
-0.193708
0.297181
0.699734
-0.873977
0.987215
0.374695
0.354230
-0.298087
-0.500973
0.862929
0.134805
0.430882
0.141331
-0.452028
0.588581
1.987212
-0.047806
-0.977869
-0.233501
0.598131
-0.687235
-0.054416
1.712713
-1.246064
-0.586918
0.341566
0.608857
0.132511
-0.956354
0.670633
-0.591396
-0.773919
-0.218668
-0.818568
-1.069818
0.441447
1.023407
0.156539
0.223553
-0.908067
0.779429
-0.087541
0.225917
0.600142
0.205082
0.301149
0.406393
0.030573
0.557623
0.974985
0.096661
0.427694
0.331199
0.313483
0.220447
0.283508
0.366503
0.601799
-1.161685
-0.501158
0.793344
-0.148620
-0.306702
-1.422157
-0.220565
0.693409
0.402399
0.514238
0.875337
0.062844
-0.186912
0.357242
0.405959
0.834944
0.987994
0.348564
0.250464
-0.872445
0.279168
0.341474
0.542038
0.794843
0.446303
0.881456
-0.259725
0.214955
0.017736
-0.414757
0.373835
-0.358196
-0.074152
-0.220790
-0.081226
-0.399744
-2.228054
-0.277299
1.367957
0.721871
-0.066434
-1.499459
0.488997
0.178436
0.287615
0.794261
-0.930714
-0.315943
-0.771763
-1.014657
-0.023619
0.556230
2.089775
0.776730
-1.253639
-0.493228
-0.415408
0.403703
1.042940
-0.214790
0.111204
0.033410
0.503330
1.806250
0.111233
-0.329423
-0.978457
-0.882272
0.303437
-0.445101
-1.309024
-0.737098
-0.295365
-1.161689
1.306410
0.489391
-0.209535
-0.384419
-0.671014
-0.122118
0.957269
0.739346
-0.323092
-0.412897
1.050258
0.123255
0.978732
-0.551548
0.364828
0.266423
-1.068125
-0.372378
-0.853616
0.123980
-0.909656
-1.124944
-0.265408
-0.871140
-1.142538
-0.074058
-0.228397
0.014240
-0.332429
-0.589396
-0.307466
-0.114901
1.355243
1.320848
0.099102
0.488971
-0.337689
0.023545
0.470775
-0.199540
0.811366
0.001338
0.445247
-0.451986
-0.428171
0.702742
0.313901
-0.245552
-0.263947
0.027588
0.384374
1.619657
-0.479195
0.222390
0.552053
1.282791
1.350650
0.450109
0.702298
0.377333
0.249318
0.308810
0.861361
-1.294608
-1.181519
-0.488430
-0.280489
-0.371559
-0.523289
-1.369221
-0.129702
-0.002488
0.245019
0.649688
-0.245769
0.088038
0.470403
1.006724
0.079692
0.031372
-0.162754
-0.416058
1.220406
1.743500
0.112748
-0.421813
-0.538472
-0.670958
0.504466
0.538518
-0.869803
-0.857395
-0.390140
0.095128
-0.431797
-0.040051
-1.387310
0.145690
0.051230
-0.512199
-1.025116
-1.214446
-0.122762
-1.525302
0.294982
0.228263
-0.596820
-0.430695
-0.114793
-0.286846
-0.082797
1.157964
-0.156015
0.153481
0.349104
-0.385045
0.607975
0.621590
0.753929
0.445210
0.486116
-0.185348
-0.249647
-0.057273
0.796792
-1.120340
0.595705
0.300117
0.375828
-0.070425
-0.572536
-1.449302
0.759704
0.910985
-1.168409
-0.146567
0.478492
-0.450634
0.953644
-0.258112
-1.046013
-0.052693
-0.077977
-0.463271
-0.557795
0.935147
-0.431059
-0.367444
0.176157
0.936770
-0.309223
-0.740705
0.098319
-0.380886
-0.285750
-0.105199
0.066345
-0.952508
-0.585239
-0.464596
-0.552694
-0.492523
-0.074859
-0.681150
-0.282720
0.510746
-0.368703
0.067446
-0.359158
0.466059
0.661086
0.151671
0.610688
0.483243
0.973408
0.822211
-0.296743
0.067241
-0.362049
0.606276
0.846468
-1.218775
-0.072802
0.121131
2.085185
-0.388186
-0.756198
1.073139
0.447264
-0.958084
-0.706736
-0.040630
-0.264792
-0.125648
-0.666661
0.454151
0.238471
-0.176413
0.031152
0.070396
-0.390838
-0.054298
0.226306
0.601037
-0.267502
0.934127
0.986343
-0.030735
0.680254
1.298088
0.458088
-0.297373
-0.183525
-0.556180
0.501102
0.068849
-0.932118
-0.383669
-0.725740
0.169519
0.170764
-1.430552
0.400543
-1.247227
-0.762273
-0.272904
-0.690253
0.085362
0.437108
0.195827
-0.392369
0.488997
1.030231
1.231237
-0.356966
0.582282
0.539100
0.476029
1.223696
1.304250
-0.397282
-1.097099
1.091245
0.713325
0.006902
0.281668
0.728254
-0.089945
-0.194298
0.404808
0.523467
0.119657
0.119706
-0.404438
-0.393501
-0.382143
0.469012
0.305723
-0.563097
-0.493982
0.887001
-0.343554
-0.646858
0.370530
-1.146842
-0.476046
0.439388
0.048207
-0.107465
0.095731
0.573066
0.291254
-0.319345
-0.134655
0.595854
0.611642
0.393935
0.016034
0.819538
0.483186
0.320686
0.007588
0.191459
-0.495750
-0.836113
-0.172379
-0.075525
-0.631391
-0.403999
0.207230
-0.252504
-0.287262
0.027101
0.189010
0.400547
0.719018
0.642866
0.708844
0.071047
-0.106492
-0.613818
0.135782
0.025439
-0.627668
0.092960
-0.044537
-0.314394
-1.285693
-0.945327
0.742589
-0.335815
0.068780
-0.259914
-0.526202
1.394495
-1.573579
-0.608637
-0.124333
0.506201
-0.001697
-0.558863
-0.322651
-0.775114
0.216564
0.121749
-0.952871
-0.415144
-0.146222
0.276144
0.816003
1.086879
0.362396
1.064476
1.647638
1.218129
1.248204
1.199841
0.918115
1.854487
1.066104
0.654349
0.815344
0.883745
-0.645087
0.358712
-0.057095
-0.048521
-0.108811
0.214151
0.151931
-0.143965
0.150269
-0.534835
1.363371
0.407924
-0.625481
-0.095843
-0.099473
0.657286
-0.574407
-0.067558
0.008351
-0.445874
-0.009257
0.436190
-0.496066
-0.169291
-0.641138
-0.017036
-0.203475
-0.965174
-0.272556
0.167362
-0.039797
-0.252436
-0.557458
0.209041
-0.011468
-0.250713
-0.503391
-1.080324
0.291552
1.097312
0.424803
0.774810
1.273003
-0.405772
0.314124
0.591902
-0.405495
0.431101
0.052516
-0.051266
-0.417792
-0.210123
0.192329
-0.525580
-0.363378
-0.399059
0.522496
0.525871
0.638341
-0.404780
-0.507735
-0.393402
0.084167
-0.271833
0.356957
-0.343059
-0.079623
-0.520365
-0.886363
-0.407990
0.804749
0.763284
0.116339
-0.094063
0.819196
0.190133
0.146526
0.210260
0.222626
0.105579
0.448392
1.449126
0.630364
0.130181
1.131462
0.318591
0.213899
0.796140
0.467813
1.572028
-0.261019
0.443218
-0.156347
0.902640
1.197004
-0.549324
-0.111491
1.570986
-0.455019
-0.191706
0.473098
-0.347674
1.216408
1.267400
0.139906
0.896652
0.664300
2.455118
1.386846
0.589306
0.527057
1.023061
1.076533
0.381458
0.485561
-0.371216
1.393875
0.800477
-0.507799
-0.739646
1.442103
-1.377799
1.226682
0.412949
-1.290191
0.741298
-2.186255
0.464093
1.837105
-1.067537
-1.799538
-0.850753
-1.032506
0.601890
-0.231064
-0.209769
0.323216
-0.777614
1.533844
-0.558689
0.445182
-0.670327
1.408038
-0.482316
2.537553
-0.491919
-0.409644
4.790765
-1.187848
0.026583
2.601633
-2.440511
-3.680183
0.752017
1.383827
-6.998173
0.644124
-6.633503
-3.712110
-1.204307
-2.853027
-0.032217
-4.523161
-5.617715
-0.307148
-2.451971
-5.038675
-4.241376
2.162502
-1.896465
2.573338
-0.773398
-4.834574
-3.164779
-0.016279
-0.958095
-1.425730
-1.725288
-0.117349
2.167229
-1.155519
1.028508
3.046502
-3.891592
-1.043728
2.215033
1.423713
1.078351
0.124054
-3.227771
-2.317774
1.384291
-2.047865
3.796938
0.396743
-0.173593
0.286876
-1.280979
0.587596
0.369948
0.682034
