-0.128940
-2.650958
0.856057
1.820930
0.890449
-0.679725
-1.569990
1.320354
0.547482
-0.536544
1.246532
-0.344972
-1.841731
-0.044791
-1.719368
1.453151
0.094256
-0.404339
-0.578004
0.149859
-3.706738
0.263577
0.192101
-0.297960
-1.932350
-1.346104
0.207137
-0.594648
-0.611630
-0.629260
-0.966336
1.626684
0.831717
0.644384
-3.152012
2.073374
-1.745076
-0.994949
2.097833
-0.986255
1.051814
-0.209820
-1.105228
0.004679
0.703589
-0.266944
-0.694176
-0.445313
-0.259657
0.146996
-0.618586
0.903511
1.734155
-1.090030
-0.329943
0.245011
0.449994
-1.463195
0.687645
-0.545505
-0.244825
0.164642
0.617861
-0.525086
-0.792533
-1.360679
0.362485
0.596367
0.163897
-0.123778
0.224949
0.030518
0.359565
-1.439159
-0.031321
1.713129
1.564282
0.894163
-0.016097
-1.367388
-0.411219
1.791329
0.936830
0.980242
0.317134
0.428044
1.013787
0.082427
-0.297120
0.050963
0.135928
1.354814
-0.287366
-1.207024
-0.316821
0.412572
-0.529095
0.080658
-0.430477
-1.663818
1.753983
0.866895
-1.156654
0.177668
-1.088911
0.400155
0.743508
-0.002957
0.447392
0.004656
0.264716
-0.981780
0.491824
-0.172659
0.334533
-0.023191
0.593284
-0.752683
0.470407
1.151248
-0.318725
0.275912
0.320172
0.800637
-0.881430
-0.784397
-1.238518
-1.450372
1.506496
0.277196
-0.816507
-0.321869
-2.930723
0.573649
0.425032
-1.122516
0.003765
-0.680526
-0.787169
-0.075072
-0.325065
0.312633
0.793068
0.155637
-0.246510
0.059847
0.695278
0.507283
0.119500
0.518335
0.117686
0.791700
0.393951
0.425718
0.102138
-0.442240
0.287531
0.688756
0.131122
0.515929
0.273306
0.170250
0.242268
0.153947
-0.067148
0.337462
0.203804
0.378823
0.496468
0.056536
1.039047
-0.129737
0.718428
1.507452
0.523901
0.427077
0.352193
0.734723
0.428723
0.332063
-0.382376
-0.538318
-0.118939
-0.132423
0.108300
0.222437
-0.632565
-0.392697
-0.298309
-0.038430
0.689764
0.059539
-0.798079
-0.232032
-0.226038
0.109702
0.105221
0.144949
0.015660
0.521317
0.214983
-0.086877
0.096152
-0.203699
0.257190
0.986215
0.359386
1.147646
0.183272
-0.143672
0.006996
0.194207
0.563626
-0.083481
-0.442644
-0.337703
0.009818
-0.100053
-0.443170
0.643635
0.545266
0.566015
0.346689
0.373783
1.140702
0.621944
-0.639498
0.639588
0.375428
0.471716
-0.028789
-0.083012
0.079129
-0.732284
-0.242633
-0.938120
0.226655
-0.034315
-0.014961
-0.738965
-0.625138
-0.154314
0.475679
0.086318
-0.893855
-0.570301
0.245457
0.512489
-1.306405
0.421761
0.558509
0.029304
0.260952
1.148534
0.610066
-0.388996
1.380576
-0.036805
-0.414517
1.612508
1.044397
0.500799
0.774629
0.621166
0.819379
-1.013918
1.198814
0.957712
0.294795
0.459049
-0.342674
-1.655598
1.541727
1.859755
-0.440685
-0.481899
-1.206192
1.227907
0.743355
-0.007367
0.345676
-0.626797
-0.752355
1.269557
-0.848546
-0.374724
-0.745705
-1.486402
0.645022
0.338816
-1.017233
-0.982000
-1.851711
0.264035
0.301068
0.445195
-1.125240
-0.151188
-2.013727
-0.171388
-1.058013
0.327724
0.439836
-0.061958
-0.577143
-1.456419
0.880791
1.177851
-0.097628
-0.007353
-1.035029
-0.475283
0.253498
0.230356
-1.598482
-1.281121
-0.478502
-1.310763
0.259141
0.218990
-0.345169
-0.722270
-0.148384
0.058138
-0.625791
-0.058779
-0.770659
-0.106450
-0.123167
-0.761027
0.327360
0.523111
-0.797124
0.005283
0.041930
0.227923
0.166994
-0.559154
0.829839
0.365751
-1.632311
-0.426142
0.546165
-0.584309
-0.353911
0.029183
-0.469493
-0.439089
0.421648
0.349013
-0.139140
0.530088
-1.068772
0.424309
0.734139
-0.229255
0.342986
0.129284
0.081374
-0.290437
-0.461791
-0.708528
-0.686700
-0.427043
-0.535633
-0.010448
-0.166514
-0.347741
-0.497390
0.117355
-0.254081
0.498377
-0.290022
0.392129
0.651778
-0.140659
0.010486
-0.387197
0.255139
0.737227
-0.481810
-0.295268
-0.759126
-0.719761
0.285213
0.871821
0.387388
-0.272334
0.487784
-0.244505
-0.709348
0.313590
0.259539
-0.086754
0.345150
0.749401
0.711896
0.018374
-0.395290
0.036178
1.151343
0.804438
0.274516
0.005997
-0.133132
-0.344177
0.360541
-0.866110
0.171597
0.575360
0.311920
-0.332104
0.175707
0.624027
1.330437
0.779678
-0.188334
0.890673
1.417360
0.846965
1.553689
0.761520
0.360677
1.388045
0.743207
0.531581
0.221615
0.831658
1.356199
0.392898
1.263193
-0.402212
0.577333
-0.060567
-0.581856
0.097011
-0.345843
-0.507454
0.647706
-0.373971
-1.007697
-0.108187
-1.115009
0.010756
0.290201
-0.337445
-0.114118
0.801678
-0.014159
0.013854
1.328825
0.062616
0.694770
0.302904
0.189817
0.723124
0.476969
0.600653
-0.547191
0.155457
0.820690
0.130681
0.096351
0.012888
0.194249
0.291262
-0.051458
-0.456713
-0.220035
-0.492948
0.168376
-0.039897
-1.219929
-0.906658
-2.502340
0.177434
0.437209
-0.326019
-0.776122
-0.408819
-0.868587
0.865451
0.955756
0.456182
0.177772
-0.388017
-1.097872
0.009270
1.175174
0.208741
-0.458036
0.399877
0.241757
0.843320
1.074133
-0.010549
-0.317876
-1.070713
-1.208542
0.620358
-0.603594
-0.592895
-0.637075
-1.335455
-0.280298
-1.000734
-0.491289
0.184053
-0.262571
-0.622145
0.091333
0.168465
0.167905
0.684048
-0.063209
1.084820
0.501589
-0.026708
0.737433
0.086277
-1.129688
0.940829
0.822557
0.500428
0.413663
0.083586
-0.074349
-0.068321
0.573214
0.966341
0.763372
0.314936
0.364108
1.375402
1.256035
0.317367
0.493166
0.717340
0.522773
0.866493
1.071799
0.580127
-1.191038
-0.208192
0.670970
0.355157
-0.431965
0.029098
-0.228209
0.268803
0.154086
-0.271803
-0.910597
0.032021
0.480973
0.145840
0.517289
-0.060738
-0.191967
0.310612
-0.097793
-0.014158
-0.512541
0.655020
0.499547
0.419871
-0.133048
-0.591490
-0.109025
0.363654
0.424242
-0.882491
0.011020
-0.286886
-0.029436
-0.638004
-1.287385
-0.017951
-1.098824
0.222178
0.163462
-0.130330
-0.608443
-0.542203
0.127033
-0.157542
0.249825
-0.358077
-0.271002
-0.218341
-0.239913
-0.133617
0.018657
-0.010382
-0.259979
0.235756
0.431127
0.664141
0.353111
-0.386395
-0.786240
0.100064
0.587121
0.114580
-0.484447
-0.258740
-0.130278
-0.527327
-0.673624
-0.447700
0.163527
-0.028785
-0.080893
-0.373537
0.134214
0.247654
0.085541
0.281970
-0.551874
0.139260
0.692687
0.119031
0.094466
-0.829344
-0.701347
-0.020338
0.410890
-0.076832
-0.318059
-0.568283
-1.009378
-0.549333
-0.393686
-0.309701
-0.546948
-0.591381
-0.424764
0.014222
-0.618107
-0.830631
-0.586491
-0.967650
-0.781724
-1.150896
-0.104430
0.116875
-0.407755
-0.093967
-0.838087
0.622946
0.922349
0.317542
0.983279
-0.019748
-0.422763
0.859045
0.761132
-0.204065
-0.511190
-0.120062
0.003382
0.414944
0.539123
-0.151714
-0.002162
0.122818
-0.124799
0.223580
-0.274499
0.228605
0.802458
0.130750
0.022888
-0.281529
0.291883
1.051023
0.621683
0.768132
0.749998
0.458410
0.999430
-0.212273
0.939584
-0.344901
0.459833
0.747926
1.128373
0.470056
-0.377874
0.222328
0.065709
-0.448362
-0.117965
-0.040373
0.437212
0.127202
-0.185748
-0.092566
-0.424896
-0.544313
-0.323299
0.099329
-0.429786
-0.381964
0.418797
0.124891
-0.060718
-0.076562
-0.504188
0.800059
0.448476
0.205646
0.951230
-0.392131
0.592758
0.735856
0.254322
0.193049
0.040149
-0.321185
-0.215718
-0.016318
-0.308274
-0.565564
-0.262709
0.224039
-0.001529
0.192743
0.421074
0.343662
-0.090570
0.396359
0.506306
-0.332586
0.117672
0.348494
-0.363298
0.247406
0.392535
0.129960
0.262568
0.166179
0.201238
0.200468
-0.394340
0.147353
0.047554
-0.002750
0.615299
0.373116
0.617009
0.013554
0.079797
-0.070493
-0.020299
0.104984
0.333049
-0.143907
-1.121761
1.189084
0.921341
0.397390
0.246300
-0.201474
0.017371
0.332451
-0.342754
-0.113442
-0.112343
0.371531
-0.844379
0.001089
-0.023254
0.134032
0.559305
-0.889733
-0.194406
0.199410
-0.310270
-0.922342
-1.085481
-0.467164
-0.354575
-0.439524
-0.618685
-0.972079
-0.245097
0.130174
-0.088693
-0.647024
-0.375806
0.566751
0.687049
-0.340956
-0.563184
-0.259413
0.128468
-0.060481
-0.327146
-0.490846
0.176809
0.186488
-0.692660
-0.388695
-1.360007
-0.205952
0.426364
0.687560
1.317665
0.523331
2.105253
2.830169
2.962728
3.309427
2.562444
2.371923
2.764489
2.161131
1.971782
2.085078
1.795026
1.291956
1.028761
1.411863
0.628604
0.444471
0.672589
0.394218
0.378254
1.087133
1.019476
1.085505
1.079356
1.055029
0.896199
-0.217589
0.077146
0.293387
0.369130
-0.058085
-0.115210
-0.041469
-0.043123
-0.058574
-0.285257
-0.421598
-0.214037
-0.782355
-0.945340
-0.576973
-0.767359
-0.753970
-0.876137
-1.077340
-0.734396
-0.810925
-1.055425
-0.830032
-2.271360
-0.978201
-0.329726
-0.975287
0.137174
0.363034
0.703047
0.747458
0.325545
-0.074149
-0.573575
0.215932
0.259310
-0.438170
-0.538988
-0.235614
-1.023013
-0.632066
-0.670058
-0.842209
-0.876855
-0.970704
-0.857559
-0.638362
-0.882412
-0.652722
-0.102043
-0.407428
-0.643356
0.187300
-1.481842
-0.896263
-0.005587
-1.130466
-0.226086
-0.037090
-0.736781
-0.046509
0.518464
-0.572600
-0.084705
0.312538
-0.065153
0.276570
-0.496573
0.495901
-1.169557
0.123177
0.736327
0.719904
0.040135
0.048327
-0.155370
0.075150
-0.061077
-0.193246
0.161175
0.787647
0.717394
0.014253
1.065292
-0.157888
-0.391732
1.156893
0.753292
1.618917
0.821567
-0.406519
-0.027300
1.405162
2.030348
0.925448
-0.522015
1.077873
0.522897
1.231735
0.834320
-0.762177
0.211079
0.861717
1.238291
-1.443064
0.178482
0.336287
0.330928
-0.956546
0.040681
-2.814370
-0.088052
1.774347
-0.758179
0.464205
-1.247295
-1.452040
-1.086632
0.070596
0.222959
-0.942713
-1.223277
-1.922539
-0.363265
-2.373204
-2.343615
-0.317926
0.616577
-3.353719
-2.679002
-1.539160
-1.507234
-4.398375
-0.307675
-0.557409
-6.056286
2.862810
-0.793033
-5.215347
1.426097
0.002066
-4.924001
-6.727817
4.911245
-2.720859
0.100511
-0.468537
-0.560109
1.904583
-1.069988
0.721754
0.207785
-2.655900
0.645688
4.507124
2.863824
-1.575552
-3.320610
-6.671329
0.408006
3.276675
0.832455
0.813810
-0.211039
0.213919
1.901125
0.166144
-0.362055
2.564505
-3.006885
-0.936596
3.863007
-0.623887
-2.733409
1.003753
-2.738688
0.400653
4.837594
0.336459
-1.342431
1.367976
-4.933341
0.665532
-1.976609
3.086545
3.541661
1.400412
0.859290
0.173365
