0.910254
0.871489
1.595785
1.582259
1.373302
0.356840
-0.246238
-0.453138
-0.359112
-0.294979
0.126852
-0.611652
-0.378106
-0.703395
-0.783767
-0.394295
-0.091558
-0.379389
-0.537176
-0.935036
-1.082456
-1.185135
-0.585377
0.075464
-0.015286
0.063846
0.200912
-0.682730
-0.927663
-0.439045
-0.085781
0.076891
-0.462825
-0.666717
-0.188505
0.254364
1.003531
1.139094
0.729450
1.148252
1.366925
1.100743
0.894520
0.041435
0.220233
0.359283
-0.306536
-0.649429
-0.119157
-0.244024
-0.597637
-1.193831
-0.490290
0.711273
1.264723
1.284333
1.109064
0.334622
0.511254
0.614877
0.672635
0.513975
0.304233
0.331232
0.066977
-0.751554
-0.692605
-0.061173
-0.292672
-1.039454
-0.605080
-0.027879
0.985734
0.742639
0.483562
-0.016936
-0.750987
-0.495197
-1.173181
-1.132642
-0.703913
-0.137536
0.139452
-0.450666
0.358428
1.094720
1.041936
0.554795
0.625608
1.119775
1.647289
1.260782
0.467875
0.115893
0.457008
-0.009679
-0.497177
-0.869087
-0.443556
0.039850
-0.710319
-0.637279
0.044617
-0.673831
-0.553565
-0.138107
0.235921
0.453370
0.906807
-0.034066
-0.230147
-0.209600
0.092687
0.211836
0.661099
0.501937
-0.055501
0.027581
0.206051
0.097950
0.065414
-0.312550
0.056755
0.111975
-0.226735
-0.647991
-0.860226
-0.182137
0.443581
0.207150
0.271379
1.092632
0.875847
0.267381
0.639241
-0.286874
-0.924323
-0.485509
-0.907148
-0.870543
-0.510516
-0.179557
-0.057253
0.402948
0.798540
0.343515
0.649366
0.949867
0.218140
0.414427
0.285918
-0.386353
-0.042712
-1.543514
-1.874677
-2.367563
-2.766484
-1.179864
-0.872630
-0.715911
-0.698517
-0.312657
0.046964
0.343489
0.666737
0.478972
1.053395
1.263279
0.874474
0.233627
-0.086910
-0.759657
-0.700856
-1.284556
-1.024537
-1.068483
-0.549410
-0.645194
-0.509754
-0.462093
0.180948
0.746593
1.195980
1.250689
1.366272
1.396729
1.630232
-0.389784
-0.182249
-0.379902
-0.655816
-0.651346
-1.460366
-1.430461
-1.617852
-1.491992
-0.706614
-0.168211
0.670556
1.032506
1.000787
0.560190
-0.421656
-0.649249
-0.348589
-0.624968
0.267382
0.943203
0.927098
0.607090
1.124668
1.566777
1.013615
-0.138614
-0.609568
-0.630959
0.264388
-0.258000
-0.996642
-0.180867
0.121987
0.568256
0.153685
0.278328
0.205041
1.611373
0.069282
-0.137706
0.034547
0.115013
0.093757
0.218952
-0.169448
0.584292
0.736061
0.428275
0.127523
1.373529
1.184314
0.973414
0.844841
0.310735
-0.174108
-0.422501
-0.322220
-0.125450
-0.548466
0.032634
0.139024
0.647409
1.606377
1.108247
0.740730
0.266973
-0.124107
-0.188135
-0.127412
-0.718709
0.058053
-0.069106
-0.493085
0.728272
0.569719
1.556793
0.320755
-0.015623
-0.407161
0.260672
-0.747592
-1.626961
-1.274849
-1.104906
-1.167650
-1.580787
-1.224500
-0.820362
-0.108618
0.586811
-0.632169
-0.773854
-0.118600
0.125848
0.658432
0.692445
0.251143
-0.298175
-0.767132
-0.571247
-0.627587
-0.424759
-0.490415
-0.283358
-0.522093
-0.686150
-1.294848
-0.388511
-0.147380
-0.712214
-1.438309
-0.418319
0.563124
0.963252
0.981627
0.335568
0.493882
0.753320
1.122932
0.643467
-0.528438
-1.596946
-1.298754
-1.181016
-0.709904
-0.419903
-0.542363
-0.242603
-0.778064
-0.038638
-0.245224
-0.277165
-0.062258
-0.035039
0.425445
0.884139
0.457751
-0.199746
-0.587801
-1.287819
-0.885805
-1.404496
-1.815195
-1.843747
-3.037440
-2.297160
-1.284376
-0.592345
0.334463
1.509333
2.100637
2.230551
2.445023
1.713584
0.710390
0.144450
0.441041
0.760037
0.711268
0.954025
1.815915
1.971924
0.999987
1.169652
1.768688
0.584244
0.861692
0.240005
-0.295104
-0.456642
-0.977856
-0.469426
-1.075693
-0.494964
-0.007550
-0.036675
-0.572034
0.542576
0.681409
-0.285841
-0.353929
-1.074496
-1.181149
-0.791771
-1.805702
-1.592272
-1.249889
-0.357841
0.327693
0.840438
1.012102
0.691018
0.762650
0.306470
0.812795
0.492758
0.040740
-0.332632
-0.655401
0.540626
-0.248030
-0.117779
-0.259214
0.316560
0.706916
1.083486
0.450043
-0.431552
-0.134574
-0.043947
0.272967
0.085817
0.131484
0.236318
-0.044433
0.128641
-0.512701
0.174349
-0.074710
-0.341618
-0.718458
-0.810961
-0.665017
-0.793890
-1.107178
-1.386400
-0.824527
0.044931
0.939633
0.323583
-0.783232
-0.339618
-0.505842
-0.155994
-0.216459
-0.890342
-0.946310
-1.086338
-0.982158
-0.225467
0.737382
0.791624
0.904460
0.850089
1.907834
3.115182
3.251704
2.653621
1.952696
1.254248
0.686326
0.634027
-0.000716
0.190853
0.004222
0.313285
0.615058
1.271302
1.235223
1.629622
1.321661
0.642426
0.903959
0.879779
-0.142822
0.491718
0.233608
0.316609
-0.134922
-1.412732
-1.836360
-1.363735
-1.047688
-0.481937
-1.849806
-2.188266
-0.912778
-1.298922
-1.599941
-1.886244
-3.016420
-3.813931
-2.724374
-1.597668
-1.103565
-0.472582
-0.584018
-0.662640
0.434710
0.639694
1.596573
1.263553
0.775795
1.319988
0.959573
1.395405
1.433262
0.690494
-0.021360
-0.826694
-1.279536
-1.264227
-1.378020
-1.730141
-1.740185
-1.472625
-0.895307
-1.635544
-1.486635
-1.441831
-1.398238
-1.049393
0.105097
0.629038
1.172137
1.656382
2.442289
2.973408
3.182180
2.257652
1.534887
0.938836
1.083215
0.080332
-0.061424
0.050275
0.275751
0.784893
0.988934
0.477874
0.300331
0.134615
-0.903152
-0.404827
0.123200
0.074507
-0.406908
-0.436020
-0.291366
-0.176800
0.563855
0.064779
0.023984
0.432785
0.878424
1.518509
1.674642
1.377785
1.205723
0.326986
1.184186
1.483441
0.977686
1.133753
1.193135
0.452971
0.865933
0.342679
0.521926
0.909438
0.252443
0.465813
0.415795
0.410029
-0.417547
-1.001108
-1.104477
-0.804681
-0.688635
-1.906471
-2.225759
-1.738522
-1.222755
-0.425540
-0.714251
-0.994335
-0.805666
-1.166962
-0.696825
-1.260195
-0.730349
-0.975738
-0.861443
-0.759859
-0.906877
-1.453601
-0.796195
-0.160038
0.511907
0.698915
0.555052
0.834120
-0.327722
0.409989
-0.050124
-0.836798
-0.436691
-0.600743
-0.441589
-0.663668
-0.759640
0.608303
0.508587
0.338319
1.002566
1.013351
1.360982
1.529518
1.351359
0.708543
0.547565
0.056486
0.386774
0.825525
0.366246
0.355512
-0.193345
-1.089122
-0.939066
-0.792105
-0.208950
0.158739
-0.202437
-0.705955
-0.477314
-1.119445
-0.874197
-1.299836
-1.362573
-0.546931
0.575679
-0.051891
-0.187834
0.957480
1.092665
1.336688
1.730400
1.445593
1.552556
1.286869
1.715674
1.450295
1.074431
0.817548
1.258443
1.033546
0.448281
-0.423912
-0.706307
-0.171939
0.420461
0.625276
0.178180
-0.681862
-1.088944
-0.473256
-0.255764
-0.660425
-0.502422
-0.421026
-0.872351
-1.298137
-2.009672
-2.497809
-2.311426
-1.837929
-2.550611
-1.364724
-0.463246
-0.897331
-0.491408
0.046716
0.656652
0.905915
1.378496
1.165046
2.121025
1.765435
1.707905
1.643420
0.822514
0.112941
-0.695454
-0.880159
-0.933218
-1.294508
-1.485895
-2.022509
-1.819125
-2.008142
-2.035860
-1.406051
-1.171552
-0.646903
0.163430
-0.124629
0.018448
0.121945
0.289511
0.404800
-0.216364
-0.424420
0.040177
-0.432971
-1.042610
-1.319322
-1.241465
-1.509609
-1.673841
-1.075945
-1.063069
-0.781405
-0.512336
0.895505
1.196251
1.115483
1.574249
1.984653
1.515244
1.236908
0.522679
0.080105
-0.547510
-0.054297
0.035646
-0.298966
-0.522824
-0.168963
-0.095491
0.636713
0.420563
0.315858
-0.047001
-0.666056
-0.052509
0.415148
0.267562
0.290084
0.039758
-0.294917
0.266098
0.773917
0.502639
1.182792
2.207511
2.015334
2.647320
2.703078
2.669298
2.804329
2.371465
1.882420
0.951458
0.903569
1.060350
1.514272
0.596331
-0.092448
0.051443
0.392179
1.006372
1.127715
1.528313
2.120326
2.520862
2.600200
2.793554
2.933759
2.668906
1.897206
0.643868
-0.972125
-1.387202
-2.043724
-1.553464
-1.421575
-1.343453
-1.390611
-1.010803
-0.691143
-1.350203
-0.495706
-0.068969
0.591374
0.127142
0.028215
-0.176284
-0.324253
-0.157135
-0.727400
-0.734511
-1.369876
-1.895145
-1.946928
-2.164902
-1.812297
-1.555198
-0.971113
-0.793141
-0.915953
-0.221456
0.158981
0.271686
0.136380
0.006226
-0.093581
0.576627
0.252665
0.320143
0.346555
-0.604106
-0.677486
-2.246790
-2.960898
-2.441016
-3.283892
-3.468963
-2.680075
-2.134912
-0.747929
0.314624
0.587196
0.719070
0.706980
0.848845
0.467129
0.171809
0.149789
0.829273
0.300124
0.152712
-0.042129
-0.031906
-0.065656
-0.053753
-0.334960
-0.083835
-0.934632
-0.900246
0.208326
0.019856
0.538125
0.332398
-0.790507
-1.336884
-0.757356
0.147172
1.891445
1.149600
1.271266
0.750348
0.338435
-0.252932
-0.547004
0.064085
-0.821651
-0.775602
-1.068362
-1.453270
-1.262219
-0.597506
0.078123
0.339742
1.088276
1.590797
1.500907
1.255271
0.356892
-0.166928
-0.341174
-1.276333
-1.644575
-1.088157
-0.733075
-0.717643
0.429582
1.181138
1.403480
2.290175
1.781567
1.469705
0.982671
0.406718
0.148687
0.501309
0.634815
-0.440104
-0.283456
-0.847237
-0.766822
-0.119725
-0.375434
0.111374
-0.208356
-0.333513
-0.603862
-0.584817
-0.074037
0.682464
0.604006
0.707065
0.255953
-0.548315
-0.290624
-0.173311
-0.007712
-0.405531
-0.158586
-0.040320
-0.146430
-0.292588
0.850050
1.528588
1.521801
0.897795
0.469119
0.185937
-0.037551
0.288186
0.786579
1.159677
0.852648
0.955749
0.163205
-0.058921
0.137403
-0.265027
-0.772858
-0.400666
-0.863561
-0.232402
-0.388430
-0.869106
-0.153023
0.826266
1.206655
1.083986
0.389510
0.430932
-0.079540
-1.088394
-0.832531
-1.632815
-1.827991
-1.849850
-1.622337
-0.484344
0.495664
0.707932
0.436088
0.741709
0.540347
0.333453
-0.434760
-0.929369
0.152089
0.420452
0.546401
0.666099
0.251520
0.827374
-0.314153
0.126448
0.299811
-0.544289
-0.209378
-0.497691
-1.592560
-0.859687
-1.195597
-0.974370
0.075451
0.237925
0.156840
0.620593
1.684732
1.075769
0.944407
0.893252
0.842477
-0.010611
-0.767800
-0.630990
-0.923320
-0.928626
-0.649862
-0.985498
-1.118785
0.001220
0.616437
0.347383
0.224732
-0.289328
-0.203281
-0.462601
-0.733023
-0.699808
-0.964025
-0.404739
0.134684
1.056434
1.272182
0.941081
0.997185
0.995969
0.753425
0.366266
1.290227
0.811022
0.243656
0.038528
-1.154121
-0.981653
0.475089
0.440339
0.499986
0.115098
-0.044658
0.025554
0.140894
0.257250
-0.619605
-0.746897
-1.216907
-0.021230
-0.261998
0.530546
0.505924
0.773998
1.287184
1.265006
1.199540
0.487236
-0.013886
-0.533241
-0.070866
