0.002198
0.210158
0.608051
0.725714
0.304023
0.347582
0.416409
0.018093
0.068972
0.051280
0.064849
-0.050958
-0.310742
-0.442509
-0.054500
0.021320
0.344268
-0.071099
-0.484807
-0.101341
-0.620128
-0.457231
-0.301453
-0.637869
-0.623154
0.051746
0.818755
0.830075
0.122134
0.024870
0.299278
0.706722
0.856794
0.154518
-0.203124
0.112485
0.129957
0.301815
0.126555
0.178396
-0.045000
-0.037687
0.363056
0.526332
0.502546
0.680837
0.665294
0.297958
0.132226
0.210152
0.409293
-0.014109
-0.229486
0.180090
0.459019
0.167116
0.341232
0.759021
0.666738
0.407629
0.257381
0.320539
-0.092872
-0.338763
-0.056351
-0.129546
-0.264806
-0.325321
0.087486
-0.324969
-0.314233
0.428797
0.857580
0.435116
0.276717
0.744707
0.577307
0.133512
0.356781
0.312992
0.476401
-0.062633
-0.380217
0.128839
0.237769
-0.152264
-0.096971
-0.073454
-0.018696
0.246610
0.654963
0.919911
0.858603
0.203659
-0.471099
-0.884105
-0.237880
-0.180038
-0.492263
-0.743511
-1.316357
-1.428506
-0.953628
-0.376469
-0.529133
-0.894705
-0.055866
-0.312785
-1.252342
-1.746015
-1.159540
-0.928270
-1.555622
-1.567401
-1.314251
-0.641148
0.150936
0.191954
-0.020986
0.115986
0.169518
0.332817
-0.130941
0.238874
0.552985
0.147909
-0.024961
0.150633
0.315920
-0.168541
-0.422131
-0.402644
0.317763
0.642472
0.220860
0.112383
0.362967
0.620210
0.424294
-0.025972
-0.037690
0.187495
0.374730
0.488688
0.415800
0.016529
-0.196173
0.266388
0.488387
-0.216567
-0.451112
-0.071484
-0.161958
0.050323
0.182319
0.274574
0.473185
0.247970
0.147616
-0.071778
-0.075166
0.101590
0.206052
-0.050578
0.084348
0.599753
0.365744
-0.248921
0.159900
0.397008
0.496933
0.059394
0.450246
0.056836
0.051481
0.426150
-0.212454
0.299069
0.338082
0.212387
0.021729
0.184113
0.129323
-0.139102
-0.288980
-0.313183
-0.050141
-0.158869
-0.072274
-0.322376
-0.269612
-0.138244
0.173514
0.151058
-0.217063
-0.084786
-0.028824
-0.474550
-0.206136
-0.133502
-0.218161
-0.208037
-0.238484
0.274834
0.601125
0.004625
-0.134636
0.549707
1.197362
1.339535
0.950589
0.822266
0.623535
0.589301
0.512582
0.531186
0.013193
-0.054720
0.522801
0.620552
0.123793
-0.023882
0.106680
0.140141
0.201725
0.007769
-0.386527
-0.018150
0.377789
0.323985
0.575984
1.083880
1.786919
2.753452
3.733499
4.637782
5.455898
5.646683
5.015583
3.621196
2.025848
1.084234
-0.214767
-0.910354
-1.111709
-1.508089
-1.877569
-2.406983
-2.587158
-3.017253
-3.267307
-2.871498
-2.779147
-2.766238
-2.554344
-1.924019
-1.720871
-1.794631
-1.878640
-1.767415
-0.929046
-1.270211
-1.527129
-1.387064
-1.637362
-1.485477
-1.470514
-1.906248
-1.735106
-1.342459
-1.137065
-1.379703
-1.363445
-0.887228
-1.201589
-1.038370
-0.796234
-0.798378
-1.037909
-0.916372
-0.199901
0.026695
-0.077663
0.164838
0.366587
1.409003
2.822078
4.237009
5.628444
5.560739
5.126494
3.931806
2.187277
0.857555
0.198015
-0.185883
-0.462537
-1.686627
-3.016588
-2.518146
-2.713673
-3.048175
-2.263515
-2.144640
-2.597746
-2.963789
-3.053995
-2.865911
-4.330496
-5.381462
-3.242905
-1.884569
-2.662501
-2.668873
-3.059831
-2.581469
-2.331753
-1.981718
-2.378406
-2.437351
-1.967785
-1.296946
-1.394429
-1.525143
-1.149355
-1.386832
-1.635820
-1.243297
-1.187955
-1.259685
-0.824969
-0.267319
0.217895
0.424189
0.497196
0.574229
0.368685
0.331790
0.095408
0.268965
0.838841
0.576986
0.510663
0.648953
0.622430
0.647349
0.278743
1.098294
1.895741
1.604942
1.448330
1.275205
1.357907
1.367318
1.569926
1.743708
1.768104
1.441717
1.502636
1.770734
1.805852
1.485909
1.939107
2.047107
1.578259
1.403487
1.585384
1.175847
1.566647
1.699324
1.200785
1.488725
1.431324
1.222923
0.869618
0.204885
-0.143095
-0.839594
-0.687837
0.425408
0.418175
0.664072
0.955441
0.535120
0.484424
0.625372
0.721501
0.941174
1.083186
0.717292
0.570468
1.086602
0.752913
0.530914
0.494118
0.305574
0.314101
0.249625
0.010048
0.579305
0.627148
0.668990
0.410741
0.564243
0.789932
0.461509
0.274536
0.810875
0.983871
0.504976
-0.983188
-0.001850
0.494066
0.438854
0.977530
0.317785
-0.054002
-0.315905
-0.366708
-0.368844
-0.413415
-0.069614
0.119256
0.112633
0.018109
-0.029445
0.080962
0.178369
0.360388
-0.285339
-0.455180
-0.201085
-0.414645
-0.406463
-0.576159
-0.616120
-0.215947
0.384406
0.042162
-0.071373
-0.013262
0.096975
0.273212
-0.037962
-0.091670
-0.173129
-0.222329
-0.070048
-0.281246
-0.364957
-0.424317
-0.678868
-0.245416
-0.109275
0.069270
0.204812
-0.166313
-0.177201
-0.195322
0.046304
0.538144
0.583423
0.447697
-0.144544
-0.102157
-0.353205
-0.570999
-0.527957
-0.533260
-0.169780
-0.293469
-0.347248
0.145706
0.491364
0.677823
0.429277
0.145855
0.233892
0.209519
-0.144878
-0.537111
-0.333343
-0.075617
0.334393
0.392225
0.207500
1.034720
0.494799
-0.394605
-0.182711
-0.175283
-0.720232
-0.118236
-0.078363
-0.221335
0.056067
-0.429463
-0.598832
-0.978311
-0.795317
-0.571452
-0.588736
-0.502460
-0.274534
-0.265496
0.011270
-0.072955
0.272624
0.507950
0.359845
0.689376
0.435453
0.137005
-0.217924
-0.613395
-0.815593
-0.621559
-0.093683
-0.074638
-0.038840
0.233494
-0.237398
-0.055239
0.359188
0.401460
0.219163
-0.129044
-0.379320
-0.032570
0.146192
-0.161100
-0.039061
0.037501
0.106313
0.163063
0.731557
0.631696
0.281188
0.655623
0.441444
0.194947
0.407260
0.900268
1.075748
1.098276
0.905549
0.538768
0.044166
0.110550
-0.014895
-0.160318
-0.205698
-0.170917
-0.268165
-0.376959
-0.322867
-0.272642
-0.554471
-0.921150
-0.708550
-0.401067
-0.341953
-0.042612
0.579674
0.884723
0.255537
-0.165758
-0.375797
-0.177470
-0.130146
-0.507578
-0.357986
-0.087891
-0.033657
-0.310149
-0.456864
-0.297887
-0.102322
0.446198
-0.073258
-0.086988
0.097270
-0.022012
0.005014
-0.285807
-0.315594
-0.236207
-0.617756
-0.731237
-0.595019
-0.136355
-0.148699
-0.432299
-0.542123
-0.631372
-0.164823
0.164450
0.517890
0.742397
0.395267
0.077893
-0.017690
0.105359
-0.358864
-0.399933
-0.213028
-0.280237
-0.468701
-0.462686
0.060209
0.458608
0.628395
1.092842
0.728648
0.651567
0.676020
0.347224
0.280944
0.367054
0.339017
0.184537
0.643682
0.621188
0.310458
0.176445
0.504330
0.600227
0.844375
0.510793
0.160124
0.119945
0.221045
-0.141157
0.059974
0.104140
0.013267
-0.163602
0.023278
-0.194002
-0.604995
-0.354381
-0.467360
-0.782923
-0.561557
-0.482680
-0.508837
-0.999967
-1.450692
-1.235646
-1.263916
-1.151558
-1.021917
-0.657382
-0.334300
-0.594582
-0.255596
-0.123328
0.311298
0.229019
0.130368
0.297200
0.326231
-0.467234
-0.525848
-0.159840
0.007494
0.131560
0.141564
0.112610
-0.174963
0.244146
0.391745
0.487957
0.651693
0.636321
0.522504
0.499351
0.522076
0.721261
0.650338
0.256996
-0.104493
0.172871
0.140888
0.075694
-0.059340
-0.417748
-0.499414
-0.375228
0.079702
0.158668
-0.025692
0.096341
0.170381
0.096227
0.402639
0.191398
-0.017960
-0.198333
-0.473122
-0.305366
0.019663
-0.073678
-0.262979
0.019605
0.431677
0.492754
0.384021
0.387017
0.289199
0.479466
0.670336
0.677738
0.393370
0.240208
0.363364
0.521492
1.233974
2.369173
3.461016
4.501595
4.636044
4.013967
3.828207
2.792931
1.643332
0.758775
0.266461
-0.349929
-0.867246
-1.193042
-1.571228
-1.606049
-2.047777
-1.508112
-1.027983
-1.349977
-1.718941
-1.850307
-1.774652
-1.350184
-1.663632
-1.784788
-1.548556
-1.389889
-1.716920
-1.832736
-1.444552
-1.453059
-1.582556
-1.253586
-0.617002
-0.987211
-1.289283
-1.135682
-0.380229
-0.378222
-0.750760
-0.882812
-0.845468
-0.391572
-0.169982
-0.184135
0.267870
0.427227
-0.121076
-0.037488
-0.049983
0.460902
0.415256
0.035508
0.267371
0.615357
0.048463
-0.842261
-0.833357
-0.407534
-0.122882
0.060077
0.011103
0.187732
0.374926
0.158992
0.141271
0.178821
0.006609
0.108119
-0.098578
-0.308881
-0.393512
-0.055610
0.309625
0.183088
0.094423
0.345129
0.366260
0.082300
0.039805
0.732012
0.582546
0.361507
0.273346
0.384562
0.562373
0.694230
0.291486
-0.208225
-0.024299
0.342439
0.235847
-0.271804
-0.159245
0.083225
0.109777
0.475741
0.593432
0.242565
0.444005
0.594751
0.689167
0.519991
0.349768
0.328529
0.295884
-0.357936
-0.394819
-0.561760
-0.697970
-0.569367
-0.419878
-0.243658
-0.439871
-0.154053
0.549306
0.522198
0.066352
-0.020356
0.250096
0.172861
0.674091
0.589188
0.158523
-0.306055
-0.188828
-0.019738
0.017710
-0.084719
-0.001863
-0.259567
-0.429607
-0.234267
-0.204546
-0.135529
-0.014771
-0.371097
-0.373959
-0.489245
-0.272143
-0.087639
-0.242633
-0.414305
-0.739565
-0.696333
-0.942856
-0.733232
-1.043717
-1.059597
-0.980760
-0.855380
-0.241092
-0.416811
-0.586190
-0.337404
0.050639
-0.149571
-0.112337
-0.230894
-0.086210
-0.233787
-0.609442
-0.318561
0.331047
0.046448
0.020194
0.038203
0.375615
0.342180
0.232777
-0.095593
0.358383
0.465136
0.129395
0.630806
0.399239
0.406047
0.296113
0.315390
0.680543
0.058818
0.103151
0.606373
0.209376
0.744930
0.491833
0.098340
-0.023313
0.311645
0.237363
-0.181529
-0.233457
-0.554601
-0.371156
-0.261785
-0.366939
-0.470379
-0.258644
-0.106937
0.111899
-0.018881
0.066623
0.279063
0.339182
-0.020182
-0.101242
0.219893
0.395690
0.143582
-0.100512
0.284683
0.149167
0.077713
0.341135
0.269204
0.092311
0.253069
0.465522
0.692490
0.485290
0.159033
0.150723
0.342500
0.077514
-0.292570
-0.041519
-0.002716
-0.082386
-0.023413
0.145013
-0.010618
0.276217
0.694911
0.563428
0.268130
0.216444
-0.075106
0.043732
-0.114032
-0.456229
-0.576850
-0.339808
-0.188825
-0.059235
-0.124691
-0.157368
-0.282846
-0.404767
-0.435879
-0.092936
-0.405329
-0.704911
-0.439698
-0.265399
-0.190378
0.029961
-0.115890
0.108942
0.482216
0.426869
-0.011946
-0.156065
0.125069
-0.284415
-0.457143
0.085032
0.559985
0.944184
0.595418
0.360706
0.323164
0.477095
0.653213
-0.166787
-0.137323
0.012181
0.006526
-0.044772
-0.297439
-0.585391
-0.056591
0.065410
0.434733
0.522701
0.411955
0.271651
-0.066724
-0.142238
-0.320505
-0.598903
-0.853758
-0.683954
-0.521397
-0.432941
-0.447361
0.161301
0.622246
0.674302
0.739680
0.934495
0.836619
0.851244
0.726001
0.439521
0.363138
0.094912
