1.236109
0.767956
-0.334228
-0.949567
-0.925160
-1.531392
-1.751216
-1.332421
-0.552948
0.270318
0.121233
0.069597
0.085845
0.349060
0.244825
-0.637488
-0.855573
-0.983140
-1.301507
-0.897169
0.154832
0.966581
1.434305
1.648675
2.043349
0.965561
0.244632
0.102754
-0.245449
-0.595002
-1.428967
-1.847033
-2.084986
-1.074338
0.115074
0.576439
1.117762
0.947310
1.104991
0.874396
0.634693
0.308225
-0.099785
-0.452304
-1.018140
-1.522679
-1.724835
-1.425684
-1.084080
-0.432367
0.117227
0.814800
0.744309
0.195302
-0.117641
-0.325168
-0.838170
-1.741332
-1.933668
-1.610082
-1.060600
-0.780001
-0.226956
0.335150
0.888288
0.893409
1.149582
1.068379
0.684761
0.910242
0.272948
-0.837699
-1.577356
-1.395736
-0.845011
-0.622947
-0.620013
-0.292973
0.146399
-0.071513
-0.412009
-0.430605
-0.013398
0.291771
-0.182371
0.235516
0.323722
0.718399
0.993824
0.141466
-0.433483
-0.780724
-1.075264
-0.851435
-0.467740
0.292051
0.409617
0.720681
1.978344
2.194286
1.930751
2.227847
1.969653
1.729840
0.909407
-0.147161
-1.458355
-1.136245
-0.422778
0.303385
1.453437
1.738400
2.235608
2.741403
2.376410
1.306746
0.342308
-0.416241
-0.828931
-0.387305
-0.655690
-0.866963
-0.221520
-0.368404
-0.445523
-0.234530
0.275108
0.459369
0.105040
0.367355
0.213735
0.253120
0.144060
0.294310
0.860193
1.317589
1.600453
1.231923
0.494690
0.120096
-0.109533
-1.043056
-1.347147
-1.099110
-1.246423
-1.017860
-0.906432
-0.659957
-0.387784
0.299727
0.896462
1.122485
0.939627
0.309591
0.399860
0.915796
0.264010
-0.361810
-0.552847
-0.454965
0.050071
0.372000
-0.299438
-0.259149
0.025322
0.002039
-0.106113
-0.454093
-0.686899
-0.566594
-0.541145
-0.384030
-0.335354
0.263919
0.441359
0.316037
0.778731
-0.123194
-0.726860
-0.592570
-0.948492
-1.320478
-0.566312
-0.055608
0.335757
0.286842
0.112419
-0.301502
-0.314753
-0.284825
-0.878354
-1.301234
-1.394860
-1.087225
-0.754495
-0.681306
-0.068089
0.278426
0.638533
0.614701
0.625981
0.299302
-0.127027
-0.501672
-1.224809
-1.183114
-0.605552
-0.975784
-0.737706
-0.791607
-1.030407
-0.942689
-0.291144
-0.177949
0.008261
-0.677841
-1.006953
-0.773523
-1.530292
-1.691642
-0.630431
-0.228718
0.382288
0.091020
-0.161145
0.311823
0.426912
0.124117
-0.464223
-0.537652
-1.052172
-1.937923
-2.641002
-2.487913
-2.643078
-2.792238
-2.268444
-1.771229
-1.134380
-0.092728
0.901441
0.787087
0.174010
0.586142
-0.091389
-0.845575
-0.180181
0.673850
1.527655
2.411806
3.294833
3.700596
4.205045
4.042835
3.941494
3.138537
2.507617
1.846659
0.659103
-0.304584
-0.734290
0.158892
1.369545
1.787846
2.499925
3.330661
2.990235
2.997979
3.002607
2.401757
1.769536
1.132068
1.494316
1.715483
1.956835
2.098367
1.511060
1.147759
1.205086
0.779907
0.133338
-0.614855
-0.802232
-0.506286
0.036808
-0.186424
-0.719398
-1.919470
-3.514428
-3.674557
-3.310802
-1.853892
-1.772998
-1.565725
-1.115867
-1.156258
-0.656239
0.388299
1.406978
1.549391
1.166036
0.495703
0.651876
1.051232
1.376686
1.501866
1.837346
1.358566
2.252336
3.264195
3.167679
2.059094
1.740207
1.715450
1.119475
1.197905
0.984653
0.468313
0.355101
0.741828
1.996898
0.952221
0.784598
1.702948
1.544665
1.735408
1.602790
1.849033
1.437250
1.486470
0.805852
0.355997
0.242275
-0.240945
-0.293495
-0.667404
0.141022
0.254752
0.129946
-0.542970
-1.268122
-0.755909
-0.195671
0.242693
-0.128638
-0.749020
-0.446706
-0.943771
-1.485516
-1.208420
-1.001190
-1.162741
-1.125140
-1.282595
-2.102761
-2.257571
-2.190724
-1.950190
-1.668060
-1.661665
-1.414214
-0.842878
-1.497841
-1.314981
-1.380024
-1.380128
-1.377307
-1.640180
-1.715162
-1.453046
-0.877862
-1.860969
-1.959192
-1.180225
-0.870510
0.215981
0.559999
1.246915
0.677017
0.473418
0.970736
0.408551
-0.038077
1.012918
0.604447
-0.287433
-0.099022
-0.213988
-1.156625
-1.013586
-0.592574
-0.255487
0.635210
0.721951
0.306317
0.101759
-0.039855
-0.140748
0.051682
-0.392327
-0.648651
-0.734699
-1.050720
-1.287671
-1.714079
-1.307027
-0.296327
-0.465653
0.031063
-0.024757
0.339001
-0.654899
-1.394264
-0.817372
-0.799518
-0.361916
-0.271948
0.057747
0.325751
0.139050
0.213689
0.037764
0.042915
0.194287
0.191524
0.136584
0.530362
0.044715
0.247856
0.360819
0.217531
0.166260
0.234746
0.739640
1.073290
0.663061
0.224477
-0.339069
-0.483640
-0.189380
0.281087
0.521554
0.548252
0.448884
0.322668
0.175696
0.611683
0.742949
0.669114
0.323416
0.179901
0.871649
0.359093
0.457720
0.618581
0.545328
1.025011
0.673470
0.489756
0.301469
-0.787331
-0.872345
-0.628885
-0.766789
-0.869398
-0.700155
-0.293073
0.317581
0.824617
0.500173
0.426694
0.506299
0.119915
-0.387642
-0.516814
-0.648462
-0.862431
-1.049236
-0.580733
0.103351
0.199068
0.081339
-0.292090
-0.510744
-0.411503
-0.108213
-1.060583
-0.904372
-0.230741
0.185730
0.877400
0.499618
-0.366475
-0.256523
-0.015918
-0.008313
0.022407
-0.002180
0.131068
0.489148
0.741556
0.706622
0.522149
0.288452
-0.040405
-0.181213
0.013350
-0.323735
-0.371783
-0.482840
-1.028888
-1.012544
-0.550787
-0.032531
0.191963
1.148349
0.657946
0.300953
0.498288
1.076737
1.109340
0.375299
-0.968750
-1.337319
-1.245988
-0.920143
-0.729567
-0.870611
-0.540477
-0.220369
-0.153011
0.093642
0.254255
-0.459818
-1.015876
-0.925970
-0.792427
-1.147821
-1.620759
-1.018085
-0.310093
-0.039867
-0.584986
-0.918715
-0.720216
-0.774364
-1.144984
-1.256180
-0.951378
-0.504754
-0.433860
0.315782
0.362554
-0.010502
0.104983
0.379062
0.462910
0.599361
1.099747
0.852794
0.956492
0.728822
-0.060662
-0.209158
-0.286927
-0.140586
-0.474275
-0.734064
-0.197887
0.062518
0.517625
0.808181
1.012823
0.634099
1.128457
0.843719
0.135369
0.159926
-0.137679
0.059821
-0.832866
-0.489880
-0.213169
-0.182086
-0.099067
-0.153447
0.189406
0.483227
1.136456
1.435201
1.485627
0.942882
0.922805
0.889172
0.879425
1.069157
-0.195222
-0.875349
-0.450961
-0.293540
-0.905586
-1.092894
-0.879476
-0.235007
0.229183
0.795219
0.853556
1.002180
0.867229
0.676697
0.240423
-0.440203
-0.725321
-0.396428
-1.252449
-1.920783
-1.543903
-1.160068
-0.491794
-0.724972
-0.495889
-0.444600
0.386629
0.476423
0.234984
-0.349683
-1.056009
-1.586325
-1.360458
-1.716164
-1.985593
-1.975435
-1.154152
-0.394625
0.053554
0.558304
1.077519
1.272819
1.539732
1.079807
0.691935
0.428275
-0.015333
-0.244568
-0.608818
-0.496926
0.416795
0.759156
0.670028
0.265800
0.157464
0.595955
0.973927
0.550117
0.736011
0.579741
0.011603
-0.327913
-0.335363
0.118333
0.461412
0.690721
1.687663
1.916269
0.920364
0.376000
0.620873
-0.070844
-0.282349
-0.328157
-0.893191
-0.753741
-0.553409
-0.040081
-0.247655
0.204843
0.840562
1.051232
0.412378
0.086627
0.168334
0.490930
-0.160554
0.286705
0.649176
0.034990
0.040210
0.216403
0.290869
-0.025258
0.116693
0.120663
-0.485862
-1.042278
-1.021519
-0.772822
-0.187859
0.248032
0.242340
0.404916
0.926316
0.718317
0.200183
0.023500
-0.293814
-0.702451
-1.061473
-1.616678
-1.463478
-0.978662
-0.947133
-0.896736
-0.381645
0.579282
1.134626
1.054077
0.832425
-0.169348
-1.523042
-2.328768
-3.897080
-3.637221
-2.629204
-2.139799
-1.778565
-1.307306
-0.276627
0.499295
1.542311
2.250032
2.491833
2.951349
2.375055
1.017316
0.178144
0.595556
1.139187
1.252461
1.004676
1.169264
0.956274
0.846524
0.966463
0.949552
0.928986
0.985958
0.587088
0.312626
0.824854
0.916255
0.498393
-0.003610
-0.045784
-0.468003
-0.504666
-0.907743
-1.068444
-0.756501
-0.505471
-0.077048
-0.565879
-0.482811
-0.817370
-1.127691
-0.664366
-0.007406
-0.874002
-0.740411
-0.955233
-1.206334
-0.555906
-0.299057
-0.831345
-0.217838
1.300326
0.782880
0.237364
0.477284
-0.041382
0.183240
0.022468
-0.293500
-0.200378
-0.930478
-1.231201
-0.873149
-0.850392
-1.073974
-0.775327
-0.252073
0.448510
0.321769
0.936839
1.110656
0.723005
1.277610
0.915521
0.305981
-0.089565
-0.397528
-0.997241
-0.492905
-0.803554
-0.797271
-0.877879
-0.638652
-0.242384
-0.058944
-0.029662
0.643348
1.205957
1.103974
0.893849
0.906342
0.586899
0.142250
0.492204
1.052305
0.297972
-0.746879
-0.723994
-0.356098
-0.069457
0.035197
0.319944
0.933806
1.467198
1.380202
1.292978
0.889053
0.727418
0.330851
-0.650668
-1.317861
-0.678361
-0.028698
0.125534
-0.016248
0.368959
-0.171317
-0.331144
0.022251
0.312930
0.196909
0.362147
0.414292
0.207273
-0.137149
0.401081
0.233851
-0.600986
-0.576212
-0.307277
0.101527
0.440433
0.634701
0.266374
-0.000898
0.524995
1.423795
1.606376
1.455031
1.524742
1.755969
0.785261
0.669621
1.149337
0.461509
0.703126
0.038337
-0.099113
0.623456
0.579137
0.145473
0.270374
0.675108
1.106254
0.521984
0.400229
1.058996
0.752559
0.288580
0.095832
-0.104341
0.096801
0.237439
-0.153739
-0.021826
0.191190
0.067276
0.106528
0.298770
0.258971
-0.008996
0.134192
-0.105627
-0.931603
-0.899702
-0.749980
-1.189925
-1.202523
-0.939923
-1.110818
-1.251633
-1.152569
0.001884
0.496484
0.334581
0.335232
0.571529
0.293144
0.305011
0.514275
0.448836
0.086805
-0.014804
-0.237718
-0.319099
0.287396
0.118943
-0.822621
-0.554003
-0.062377
-0.196794
-0.930437
-0.916402
0.468657
0.345988
-0.622980
-0.208463
0.011912
0.020662
0.040018
-0.311604
-0.692753
-0.981190
-1.046189
-0.582341
-0.523898
-0.552480
-0.865023
-1.047568
-0.401091
-0.070204
0.172972
0.017829
-0.216000
0.618643
0.663012
-0.834267
-1.364845
-1.301000
-1.209506
-0.631455
-0.338140
0.072677
-0.081423
0.644952
0.765955
0.027099
0.485222
0.747138
0.979653
0.901820
0.483495
0.407694
0.338919
-0.180007
0.053524
-0.034190
0.131149
-0.199091
-0.882949
-0.778886
-0.550014
-0.283890
-0.064882
0.176275
-0.328160
0.074845
0.460662
0.674483
0.666646
0.009054
-0.078337
0.509891
-0.324434
-0.792931
-1.392461
-2.293450
-1.961002
-0.676404
-0.104956
0.220713
0.527028
0.399807
0.789355
0.760462
-0.436037
0.340084
0.380468
-0.118375
-0.683472
-0.808187
-0.103483
0.214588
-0.169196
-0.008202
0.871216
1.049597
0.695626
0.533156
1.027666
0.869265
0.071037
-0.506268
-1.074364
-0.692320
-0.542994
-0.519330
-0.454736
0.166552
-0.299676
-0.471100
