0.505587
0.147069
-0.161142
-0.293969
-0.048907
0.262765
-0.003571
0.091437
0.001148
-0.250638
-0.433337
-0.075395
0.362731
0.685293
0.560584
0.527875
0.254558
0.731585
0.983905
0.639974
0.665444
0.199483
0.148508
0.617332
0.670508
-0.665373
-1.136720
-1.104513
-0.906956
-0.711056
-1.108767
-0.769455
-0.630812
0.416800
1.040994
0.757862
0.372697
-0.054376
0.147940
0.280536
-0.243529
-0.861802
-1.158848
-1.178631
-1.453855
-1.444878
-1.059191
-0.683611
-0.249726
0.142858
0.407225
0.643895
0.127178
-0.775928
-0.950329
-1.007680
-1.009052
-1.276329
-1.296931
-0.882207
0.018455
0.798755
1.064277
0.904533
0.955090
0.973441
0.863189
0.530376
-0.160963
-0.096776
-0.053459
-0.584202
-0.845130
-0.186170
0.494790
0.351760
0.361305
0.768275
0.464118
-0.251351
-1.111071
-1.352034
-0.628623
-0.245579
-0.196277
0.330981
0.451194
0.513639
0.432951
-0.199458
-0.273690
-0.062837
0.209587
1.141591
1.620778
1.912397
0.971640
0.283090
0.578770
0.622197
0.717434
1.084545
0.759045
0.674269
0.084035
-0.168278
-0.075025
0.553072
1.445628
1.932412
2.087217
2.015320
2.200230
2.395882
1.945520
0.825517
-0.186678
-0.925264
-1.015821
-0.680785
-0.997542
-0.826119
-0.456390
-0.418196
-0.085398
0.188293
0.188572
0.199213
0.392289
1.134992
1.367980
0.991973
0.421928
-0.042430
-0.412601
-0.261308
0.109638
-0.126840
-0.187810
-0.013510
0.356623
0.261091
-0.335734
-0.889397
-0.645659
-0.353440
-0.435065
-0.990652
-1.081384
-0.660102
-0.147082
0.136050
0.336214
-0.011605
0.099018
-0.317256
-0.694762
-0.616191
-0.644225
-0.742470
-0.326587
-0.126029
-0.100335
-0.066108
-0.359969
-0.809721
-0.736204
-0.744431
-0.817592
-0.879267
-0.848081
-0.858565
-0.568599
-0.037276
-0.250139
-0.615850
0.381476
-0.090428
-0.842323
-0.695935
-0.510869
-0.757621
-0.884982
-0.892486
-0.831092
-0.466785
-0.468399
-0.118011
0.083946
0.541838
0.447867
0.344800
0.239176
0.404037
0.378427
-0.159180
-0.453210
-0.671034
-0.863112
-0.683211
-0.460280
0.197017
0.529141
0.282160
0.229350
0.062273
-0.066345
-0.526133
-0.652566
-0.936818
-1.238551
-1.764434
-1.811565
-1.039381
-0.380876
0.272345
0.923652
0.988465
0.051977
-0.142701
0.548642
0.619688
0.735101
0.593327
0.720742
1.309331
1.647487
1.270273
0.749298
0.641131
-0.007512
-1.108101
-2.178942
-2.609521
-3.214832
-3.591576
-3.337555
-3.119067
-2.111386
-0.822795
0.404531
0.888815
1.161741
1.215322
0.554642
-0.181722
0.209448
0.628740
1.472007
2.349432
2.807287
2.901483
2.901566
3.133049
2.796722
2.003590
1.433478
1.250790
1.047061
0.266013
-0.681821
-0.220455
0.857027
0.966579
0.999778
0.748056
0.552100
0.982810
0.982423
0.449145
0.092591
0.356900
0.600806
0.677891
0.552412
0.519807
1.081980
1.700542
1.764646
1.013265
-0.003338
-0.511108
-0.752874
-0.593226
0.093529
-0.798265
-2.281774
-2.903992
-3.588648
-3.348620
-3.118016
-2.811333
-1.903110
-1.261188
-1.143262
-1.207932
-1.019578
-0.157783
0.454302
0.619823
0.780380
0.592331
1.005028
1.927527
1.899190
1.849504
2.054571
2.091931
2.354023
2.554577
1.802940
1.065597
1.514200
1.490030
1.174842
0.849625
0.594460
0.592005
1.098765
1.584829
1.237916
0.769860
0.973565
1.277723
1.526203
1.778066
2.030774
2.129425
2.046017
1.673061
1.672357
1.751420
1.205966
0.622949
0.146419
-0.099703
0.472743
0.818280
0.665334
0.034564
-0.675279
-0.674874
0.229877
0.351895
-0.121340
-0.475528
-0.523242
-1.114202
-1.123506
-0.774756
-0.305723
-0.934053
-1.760739
-1.741552
-2.113268
-2.315102
-2.454431
-3.017166
-2.874624
-2.651556
-2.560535
-2.275475
-2.026544
-1.996389
-2.076097
-2.076225
-2.066720
-1.770643
-1.659508
-1.759513
-2.324450
-2.904909
-2.610161
-2.061565
-1.027445
-0.099053
0.328592
0.758278
0.693153
0.858898
0.840983
0.576205
0.016909
-0.158871
-0.683651
-0.958406
-0.936620
-1.062359
-1.159880
-1.196726
-0.898986
-0.910146
-0.655048
-0.127507
0.205613
0.379199
0.196545
0.057755
0.308722
-0.232340
-0.122192
-0.018557
0.215413
-0.065859
-1.012680
-0.944162
-0.754140
-0.952556
-0.965079
-0.624366
0.236572
-0.357134
-1.063144
-1.195679
-0.955603
0.001908
0.133369
0.125249
0.444593
0.218824
0.104237
0.306837
0.537405
0.304694
0.295249
-0.005424
-0.156220
-0.339233
-0.732824
-0.597377
-0.148595
0.018823
0.330037
1.182114
1.606209
1.303414
0.984204
0.511681
0.749718
0.689126
0.417125
0.278448
-0.337362
-0.459135
-0.604698
-0.369644
0.161620
0.110340
0.232000
0.656895
0.917413
1.356029
0.927902
0.836630
0.833591
0.528830
0.907495
0.888889
0.648604
-0.233695
-1.161894
-1.266076
-0.961663
-0.706388
-0.189680
0.032864
0.549912
1.089145
1.080198
0.894715
0.804669
0.471890
-0.228896
-0.653908
-0.400051
-0.358357
-0.623512
-0.210056
0.370140
0.790253
0.904543
0.548134
0.308688
-0.177446
-0.471012
0.127946
-0.202729
-0.229514
0.596001
0.688184
0.914544
1.291036
0.423602
-0.305350
-0.434680
0.010966
0.709240
1.333740
1.487897
1.508501
1.405776
1.362966
1.139820
1.271710
1.077789
0.689936
0.498144
0.285053
-0.201113
-0.555404
-1.236689
-1.216661
-0.865956
-0.230848
0.062441
0.410180
0.445593
0.650577
0.689468
0.986012
1.020038
0.523489
-0.514464
-0.981284
-1.296684
-1.103425
-0.663826
-0.206323
-0.004778
0.408713
0.500328
-0.045929
-0.276398
-0.742357
-1.017719
-0.907542
-0.734777
-0.746030
-1.116495
-0.790103
-0.119452
-0.221660
-1.126151
-2.180602
-2.137254
-1.558157
-1.172907
-0.887932
-0.299239
0.039000
0.119797
0.211170
0.280585
0.247688
0.610438
0.528101
0.427830
1.019209
0.993089
0.463170
0.372030
0.514279
-0.038037
-0.435181
-0.748680
-0.360238
0.297557
1.045932
1.300027
1.413024
1.767632
1.705510
1.738206
1.040636
0.800987
0.445973
-0.012973
0.026215
-0.129383
-0.105554
-0.147947
0.287543
1.269094
1.531483
1.651311
1.793842
1.786609
1.507393
1.247158
0.964758
0.599249
0.140209
0.103462
0.480459
0.895817
0.516182
0.021319
-0.184837
0.138251
0.979672
1.063045
0.830518
0.473717
0.842318
0.977808
0.604749
0.454994
0.000741
-0.392013
-0.831471
-1.150968
-1.579006
-1.722312
-0.898064
-0.465081
-0.641718
0.041379
0.305659
-0.130007
-0.840009
-1.201724
-1.354035
-1.180905
-0.864765
-0.963677
-1.249837
-1.682057
-1.501621
-1.021716
-0.821214
-0.721140
-0.275337
0.325048
0.407282
0.104968
-0.115938
0.099125
0.129374
0.456469
0.520144
0.262992
0.594492
1.102323
0.594206
-0.067320
0.075841
1.001622
1.624245
1.511990
1.437842
1.295987
1.196958
1.451050
1.152906
1.165526
0.104290
-0.828431
-1.253500
-1.253629
-1.094510
-0.889329
-0.817425
0.004375
0.287555
0.324750
0.506171
0.385013
0.176749
0.117595
0.058431
-0.421869
-0.684338
-0.654004
-1.300760
-1.555137
-1.200630
-0.833725
-0.569497
-0.725079
-0.484855
-0.169560
0.016666
-0.157415
-0.024499
0.225739
0.315557
0.734085
0.956086
1.047342
0.447802
0.630848
0.835708
0.713688
0.031816
-0.363964
-0.050126
0.266806
0.600807
0.803069
0.784062
0.359312
-0.116811
-0.551768
-0.571286
-0.108590
-0.182064
-0.646294
-0.911433
-0.496469
-0.526610
-0.700106
-0.859575
-0.849607
-0.493249
-0.015737
-0.338723
-0.604273
-1.422808
-2.475639
-3.244837
-3.912141
-3.799747
-2.761435
-2.364731
-1.700825
-0.895937
0.158023
0.469388
0.689923
0.714773
0.789845
1.358965
1.277071
1.489070
1.303159
1.190413
1.241416
1.604508
1.503879
1.699518
1.444564
1.313098
1.029748
0.566594
0.323174
0.386953
0.740612
0.616404
0.819852
1.143997
1.068296
0.677357
0.413560
0.738604
1.327053
1.039148
0.836155
0.791151
0.256302
-0.067207
-0.669285
-0.985701
-1.419910
-1.806347
-1.644627
-0.839541
-0.853033
-0.680145
-1.149457
-1.466263
-1.096420
-0.763545
-0.567304
-0.024576
0.793389
0.798712
0.763555
0.836369
0.203784
-0.142183
-0.557420
-0.950689
-1.048686
-0.676669
-0.184554
0.254228
0.709507
0.638453
0.571094
0.157725
-0.477772
-0.642246
-0.730893
-0.517884
-0.562586
-0.298136
-0.123726
-0.025119
0.141711
0.191610
0.293085
0.498978
0.121321
-0.083115
-0.184932
-0.100868
-0.036476
0.194384
0.021162
-0.005634
-0.164699
0.334589
0.710467
0.534850
0.143383
0.434882
0.651604
0.501588
0.001425
-0.006214
-0.196343
-0.384936
-0.657954
-0.738811
0.025343
0.574544
1.022147
0.697340
0.587419
0.728808
0.524691
0.675096
0.305644
-0.314992
-0.585925
0.431464
0.420456
0.449755
-0.144906
-1.037402
-1.239259
-0.800190
-0.228717
0.053353
0.467984
0.119755
-0.133941
0.283413
0.518726
0.313790
-0.075899
0.184752
0.750746
0.833532
0.824448
0.838349
0.577905
0.250371
0.270546
0.535595
0.759343
0.798065
1.529101
2.436598
1.874321
1.953899
2.126660
1.689885
1.779881
1.583342
0.969442
0.366968
0.109631
-0.643037
-0.702110
-0.194002
0.352537
0.694158
0.969223
1.349221
0.767615
0.205081
-0.258409
-0.094594
0.157966
-0.300039
-0.794569
-1.057163
-0.368838
-0.105509
-0.481657
-0.876418
-1.564585
-1.480972
-1.069015
-0.717423
-0.465912
-0.214682
0.608213
-0.143064
-0.385782
-0.279142
-1.328002
-1.509657
-1.394338
-1.246347
-1.061428
-0.829503
-0.810526
-0.090619
0.619798
0.637348
0.687741
0.622697
0.591191
0.254536
0.193498
-0.121399
-0.220642
-0.220978
-0.759652
-0.415348
0.408373
0.440616
-0.261456
-0.674568
-0.650048
-0.173056
-0.308951
-0.216126
-0.164265
-0.580845
-0.338907
0.075669
0.032847
-0.102429
-0.397227
-0.253065
0.024615
-0.004337
-0.390399
-0.614103
-0.237030
-0.043671
0.260394
0.279380
-0.007171
-0.026823
0.024521
-0.558765
-1.015015
-0.924676
-0.591331
-0.082939
0.488646
0.570848
0.812225
1.487320
1.205273
0.502876
0.015751
-0.723938
-0.232944
0.314143
0.219688
0.341985
0.260711
0.036938
0.544347
0.867165
1.291032
0.662077
0.011904
-0.503017
-0.855920
-0.947983
-1.100838
-0.805306
-0.165831
0.546213
0.809915
0.656790
0.228976
-0.370816
-0.483948
-0.817715
-0.803733
-0.956621
-1.057970
-1.113522
-1.330428
-0.150145
-0.077169
-0.114441
0.279119
0.559605
0.815737
0.768210
0.135310
-0.398509
-0.985407
-1.187623
-1.037736
-0.544984
0.330714
0.326543
0.504689
0.905161
1.143188
1.143767
0.697845
0.068413
-0.383189
-0.801563
-1.585787
-2.093351
-2.155959
-1.893962
-1.071573
-0.615271
-0.305795
-0.162634
-0.118799
-0.125834
