-1.499014
-1.218032
-1.643126
-1.194646
-1.407680
-0.564109
-0.455552
-0.111264
0.636747
0.711583
0.889573
0.023047
-0.210135
-1.425015
0.148323
0.545057
0.210083
0.031013
-0.274919
-0.343650
-0.980510
-1.096778
-0.429101
-0.213225
-0.969548
-0.229523
-0.498578
0.099772
0.697971
0.063807
-0.302289
0.849061
1.386505
1.138936
-0.088700
0.300921
0.914822
1.206534
0.802680
0.421051
0.772610
1.102515
1.051025
0.064058
0.187707
0.508278
-0.531780
-1.586506
-2.394926
-2.005274
-2.263805
-1.440305
-1.520002
-2.777394
-1.879018
-1.499931
-1.187077
-1.199638
-0.401959
0.349899
0.791484
0.302541
0.024929
0.083861
0.137960
0.049161
-0.019908
-1.150815
-0.509137
0.951925
-0.269788
0.235376
0.090006
-0.870948
0.376327
0.775360
1.513917
1.386633
1.190851
0.944609
1.291189
1.521194
0.797635
0.087846
0.119395
-0.069313
0.551832
0.433773
-0.054281
-0.696487
-1.076617
-0.701471
-0.244036
0.676284
1.193121
0.729628
0.917126
0.677300
0.391040
0.450204
1.288856
1.439388
0.767982
0.476119
1.402333
1.477746
0.966165
1.129668
1.093508
0.786840
1.199240
0.863177
0.345693
0.106054
0.519899
0.705771
0.125748
0.163265
0.606524
0.830819
0.629287
0.263302
-0.708108
-1.515062
-0.844286
0.696671
1.665579
0.626927
0.009553
-0.409276
0.012754
0.812551
0.519117
-0.297473
-0.350054
-0.588172
-0.603167
-0.343136
-0.829110
-0.028222
1.229218
1.274923
0.269931
-0.209449
-0.866560
-0.999300
-0.542026
-0.703217
-0.816954
-1.071938
-1.581195
-0.536057
-0.316467
-0.795787
-0.376976
0.168521
0.730755
0.407232
-0.631894
-0.666886
-0.453785
-1.220832
-0.674547
-0.079144
0.039087
-0.341181
-0.155101
-0.702706
-0.658405
0.353748
0.869754
0.570996
-0.693113
-0.469080
0.692897
1.231414
1.302930
0.176435
1.009903
2.136413
1.771387
1.595898
0.220340
-0.310727
0.339512
0.945727
0.549457
0.271440
-0.075711
-0.610668
-1.231051
-0.868483
-0.277482
-0.320884
-0.072790
0.066767
-0.509499
-0.364283
-0.305223
0.066812
-0.117905
0.109008
-0.290262
0.201899
0.384547
0.484576
0.445171
-0.065507
-0.463221
-0.126896
-0.374560
-1.023158
0.075715
0.904538
-0.075969
0.050935
0.488311
1.202460
1.104601
0.727954
0.623867
1.509228
2.070206
1.318323
0.270916
0.257418
0.316572
-0.222791
-0.231980
-0.282989
0.063923
-0.453268
-0.718625
-1.349230
-1.032789
-0.117927
0.316562
0.443193
0.776144
0.164493
-0.274289
0.691721
0.838840
-0.350949
-0.267375
0.556621
0.936819
1.360765
1.094967
-0.040977
-0.065154
0.668002
0.321902
-0.065511
-0.521204
0.030309
0.652315
0.579711
0.391996
0.038217
-0.018198
-0.936950
-1.945827
-0.709870
0.120497
0.630100
-0.013196
0.272090
1.287688
1.626254
1.202404
0.325377
0.430110
0.257772
-0.343553
-0.823061
-0.192325
0.960531
0.996276
0.379739
0.164390
0.188385
-0.008042
-0.427163
-2.072007
-1.952640
-1.652241
-1.958859
-1.825441
-1.475889
-1.744139
-0.798075
0.311228
0.326941
0.352652
0.742435
0.751742
1.007381
0.735165
0.016073
0.228336
0.452023
0.504521
0.836367
0.182740
-0.357881
-0.535501
-0.707877
-0.469089
-0.837520
-1.135963
-0.071067
0.162879
0.302418
-0.297729
-0.994385
-0.582889
0.377454
-0.094947
-0.604652
0.265570
0.952887
1.153121
1.477386
-0.213440
-0.439919
-0.224693
-1.193629
-0.920451
0.628173
1.415257
2.055302
1.804717
0.328189
-0.397789
-0.882048
-0.695804
-0.929016
-1.028998
-0.878876
-2.270830
-2.842278
-2.800257
-2.543630
-1.569134
0.025394
0.981591
1.258600
1.421299
0.943895
0.315682
-0.014813
0.054492
0.055961
1.032519
1.058065
0.888561
-0.559459
-0.189405
0.525684
0.101392
-0.101787
0.315852
0.921869
1.389762
0.169254
-0.657063
0.287521
1.627241
1.078063
1.527674
0.736059
-0.348830
-0.544094
-0.949353
-1.238371
-0.177221
0.429498
0.137067
0.257694
0.406658
1.490754
1.224157
1.098665
0.953338
0.805546
0.430047
-0.621313
-0.859609
-0.949947
-0.984011
-0.784547
-1.345014
-0.794506
0.035143
0.230534
0.433959
0.294406
-0.258579
0.489828
0.444185
1.238312
1.268591
0.338220
-0.074334
-0.599762
-0.732999
-0.328322
-1.250849
-1.602479
-1.855534
-2.187179
-2.031979
-1.396954
-1.680841
-2.169763
-2.447975
-2.203344
-2.671414
-1.441581
-1.329388
-1.718971
-1.998240
-1.826335
-1.070398
-0.735006
-0.400602
0.122070
0.194609
-0.283373
0.660202
0.868938
0.238295
0.622300
1.777503
1.500695
0.661912
0.195480
-0.318612
0.355805
0.158977
-0.055517
1.233287
0.760621
0.162278
0.093406
-0.351184
1.500651
2.763081
2.080684
1.776036
1.618057
2.557369
2.184442
1.680520
1.874907
1.796291
1.326331
0.360310
1.443359
0.980183
0.396596
0.700384
0.081604
0.100168
1.378593
1.378926
1.019588
1.370682
0.316389
-0.299118
-0.232143
0.258204
0.440026
-0.260017
-0.440092
-0.941476
0.246721
0.608187
0.310505
1.461654
1.207378
0.084985
0.016422
0.638437
0.270864
0.009152
-0.687270
-1.263633
-1.076478
-0.705650
-0.431368
0.522077
0.846999
-0.269015
-1.428635
-0.944987
-0.709947
-0.605484
-0.793767
-1.166139
-0.651732
-0.883673
-0.433698
0.389320
1.256814
0.534047
1.029472
1.119657
0.948183
1.825389
2.067099
1.111143
0.750745
0.437672
0.279202
-0.341447
-0.530420
-0.311223
-1.168352
-0.978257
-0.361272
-1.041904
-0.859446
-1.054474
-0.948835
-0.816038
-0.118145
0.144683
-0.484098
-0.520077
-0.377606
-0.035140
-0.409916
-0.886839
-1.211726
-0.920012
-0.925560
-1.268925
-1.112126
0.000782
0.256977
0.856629
0.033819
-0.588716
0.019143
0.069227
-0.297597
-0.199385
-0.213364
0.076176
-0.680115
-0.275807
0.764407
0.526329
0.048219
0.226397
0.023486
-0.378906
-0.266554
0.243100
1.084510
0.242262
-0.447746
-0.425784
0.704954
1.244577
0.710591
1.580433
0.741251
0.182078
0.840761
0.860645
1.022796
-0.034628
-0.451200
0.236246
0.365264
-0.570584
-0.634892
-0.479614
-0.563886
-0.344235
-0.821204
-0.762346
-0.050621
0.757353
-0.431268
-0.274307
0.431095
-0.473673
-0.025240
-0.065266
-0.169967
-0.482268
-0.737231
-0.197890
-0.282815
-0.501206
-0.449923
-0.515153
-0.468558
-0.731269
-0.507159
-0.266578
0.691981
0.638949
0.038755
-0.560399
-1.135851
-0.671491
-0.050255
1.338643
1.856840
1.528625
0.810329
0.016950
0.367407
0.429684
0.520472
-0.510386
-1.431568
0.608158
1.697733
0.880674
-0.343032
-1.066221
-0.578594
0.460302
0.804644
0.121747
-0.469987
-1.123225
-0.403727
0.996886
0.751799
0.550997
0.557261
-0.191030
-0.045416
0.432901
0.095923
0.359649
1.118721
1.357885
0.637652
-0.335122
-0.133630
1.010129
1.337357
1.743421
2.145042
1.312995
0.600029
0.653080
0.405937
0.593304
0.489443
0.056912
-0.011185
0.632377
0.857391
0.199489
-0.537856
-0.696658
-0.245242
-0.130701
-0.288195
-0.631825
-0.447577
-0.657792
-0.850973
-0.901760
-1.545125
-2.003651
-1.854838
-1.741034
-1.838824
-1.863106
-1.467005
-1.263400
-1.394579
-1.613002
-1.720295
-1.369660
-1.124597
-1.510950
-1.902845
-0.984026
-0.659141
-0.406555
0.583652
-0.639166
-0.669339
0.575965
0.807610
0.388704
0.195448
1.115640
1.236284
0.044829
-0.031322
-0.524661
0.004148
0.018885
0.399211
0.146216
-0.125342
0.654686
0.832823
0.698002
0.879049
-0.029379
0.873099
1.398348
0.619400
0.554829
1.039924
0.963384
0.302460
-0.154018
0.632023
0.716004
0.853117
0.889512
0.911267
1.502991
2.276437
1.888716
1.339186
1.200567
0.569055
0.991547
1.247798
0.432454
0.058115
-0.316679
0.153251
0.542709
0.040409
-0.175723
0.326972
0.625549
0.031357
-0.247566
-0.713858
-1.003370
-0.915114
-0.899828
-1.054737
-0.808972
-1.259994
-1.548465
-1.244692
-1.983028
-2.129180
-1.828923
-1.335150
-0.982619
-1.124014
-1.604517
-1.806850
-1.260309
-0.677245
-0.123865
-0.390615
-0.371819
0.576500
0.929664
1.513372
1.549309
1.696490
1.167466
1.220267
1.415301
1.302032
1.301883
1.079328
0.990547
1.509532
1.595760
1.156109
1.579011
1.579067
0.917782
0.541258
0.296255
1.174668
1.159265
0.301683
-0.867384
-0.986323
-0.274314
-0.115480
-0.153633
-0.889437
-0.534638
-0.449857
-0.042753
0.263673
-0.133042
-0.576343
-1.445220
-0.992074
-0.171211
0.079562
0.187870
1.006722
2.189872
1.882774
1.297421
1.616033
1.874629
1.891668
1.918327
2.590870
1.738948
0.835759
2.012147
2.259633
1.479335
0.939143
0.712056
0.550173
0.702087
0.684436
0.279046
0.113435
0.144187
-0.603443
-1.537182
-1.397950
-1.825914
-1.931705
-0.942628
-0.827337
-0.813765
-1.157732
-1.104142
-0.513378
-0.325488
-0.985558
-1.093351
-0.345151
-0.410886
-0.222849
0.008974
0.209281
-0.851922
-1.721778
-2.255280
-1.963828
-2.075456
-3.009518
-2.793174
-3.123293
-2.801287
-2.508972
-1.917471
-1.417740
-1.153657
-1.140231
-1.656650
-2.197453
-1.534366
-0.875362
-1.407831
-1.507576
-0.776769
-0.268310
0.104696
0.203047
-0.157113
-0.337032
0.411224
0.644141
1.470732
1.861211
1.958794
1.831258
1.126867
0.346392
-0.006036
0.700228
1.481202
1.368120
1.674880
1.889341
0.885440
0.386007
0.661165
0.757332
0.932233
1.344266
1.148640
0.977990
0.753712
0.361221
0.234179
0.769122
1.300509
1.560308
1.908066
2.441046
2.199423
1.727197
2.058163
1.944100
1.583184
2.174068
2.144636
1.007705
0.283042
0.565375
0.704911
-0.120428
-0.345344
0.290304
0.094252
-0.763004
-1.006619
-0.192945
0.779938
0.375320
-0.427020
0.194912
-0.035631
-0.904582
-0.997118
-0.268703
0.375872
-0.387896
-1.545601
-0.444120
-0.019076
0.268576
0.561119
0.547260
0.449680
0.370132
-0.267473
0.149770
-0.335981
-0.289653
-0.827225
-1.314018
-1.499758
-1.458004
-0.942612
-0.702757
-0.559380
-0.542642
-0.169718
0.084336
-0.515395
-0.114323
-0.264470
0.824287
0.999014
0.143720
0.927201
0.867572
0.464265
0.808948
1.611871
1.152853
0.726875
0.172997
-0.499420
-0.080245
-0.686857
-0.926722
-1.714453
-2.209544
-2.020579
-1.779684
-1.355391
-1.536009
-1.572204
-1.482798
-0.635981
-0.980818
-0.965017
-0.731091
-0.520787
-0.867227
-1.302500
-1.024801
-0.530340
-0.349257
0.234097
-0.371840
-0.520216
-0.121100
0.611018
0.637997
-0.485986
-0.350266
0.052635
0.119179
-0.882615
-2.101312
-0.988396
-0.278407
-0.951991
-0.628919
-0.972532
-1.463288
-1.090577
-1.460116
-1.146498
-1.489766
-0.541380
0.024227
-0.663672
-0.519331
-0.323404
-0.576573
-1.045177
-0.691462
-0.342116
-0.864307
-0.459874
0.392198
