0.354417
-0.002291
-0.277640
-1.265860
-1.002228
-0.460592
-0.827246
-1.277911
-1.479675
-1.565654
-1.701847
-1.942584
-1.861377
-1.973041
-2.292940
-1.571175
-0.950728
-0.972094
0.000132
1.213463
1.045850
0.923831
1.440366
1.821470
1.373657
1.327882
0.889246
0.855684
1.147069
1.144095
0.613945
0.024218
0.251929
0.638195
0.350111
0.425836
0.252516
-0.249611
-1.146612
-1.050790
-0.530921
0.121693
0.710062
1.146663
0.468738
-0.645688
-0.741870
-0.056383
0.240777
0.319632
0.378827
-0.226577
-0.469908
0.494507
0.768528
0.031409
0.668959
1.615303
0.990461
0.314911
0.281226
0.105423
0.142754
0.365607
0.420170
0.167543
0.256357
-0.575343
-0.558434
-0.030813
0.327450
0.035193
-0.430962
-0.601105
-0.296784
0.105246
0.703566
0.414645
0.534127
0.284543
-0.326359
-0.575712
-0.667896
-1.390890
-1.681440
-1.392171
-0.600346
-0.077763
0.069430
-0.104422
0.630843
1.329754
0.997152
1.456266
1.335452
0.541560
-0.227454
-0.796379
-0.766387
-0.700455
-0.969034
-0.819652
-0.704386
-1.000638
-0.695760
-0.780414
-0.980915
-0.817443
-0.851403
-0.196623
0.225244
0.202783
-0.006051
-0.571721
-1.113044
-1.247286
-1.193403
-1.796836
-1.987542
-1.277313
-0.205206
0.383501
0.839868
1.299655
1.181349
0.830670
0.215340
-0.362501
-0.189652
0.184760
-0.026891
-0.333642
0.169797
1.421726
1.368709
0.802285
0.946448
0.890378
0.234533
0.411977
0.571824
0.456774
0.555948
0.549437
0.361102
0.061207
-0.436461
-0.598254
-0.551265
-0.490803
0.112395
0.213784
0.437645
0.270932
0.377287
0.772739
1.345569
2.140298
2.522705
2.003059
1.416639
1.114327
0.874970
-0.120899
-1.122568
-1.513106
-0.682466
-0.116947
-0.232672
-0.642721
-0.115657
0.702891
0.858289
0.927969
1.312234
1.059471
0.329020
-1.143864
-2.380822
-1.553705
-0.641092
-0.014656
-0.776127
-1.800924
-2.101951
-1.645978
-0.769245
0.073608
0.524441
-0.023583
-0.015608
0.198108
-0.322249
-1.008459
-0.433387
0.027592
-0.401640
0.066671
1.090188
0.991519
0.636896
-0.094077
-0.337633
0.324541
0.190859
0.133702
0.252114
-0.426690
-0.508399
-0.165895
0.383610
0.199368
0.197771
0.403032
0.846248
0.978375
0.461910
0.065971
-0.034135
0.377264
0.913386
0.532401
-0.178215
-0.302455
-0.248211
-0.423832
-0.041250
0.369346
1.001859
0.629066
0.659494
1.256896
1.471692
1.309707
0.986895
0.636873
-0.202287
-0.713037
-0.531929
-0.998135
-0.324376
0.180714
0.492253
1.205226
1.612789
1.490261
0.914534
0.381216
-0.212737
-0.725225
-0.425576
-0.319719
-0.834801
-1.231861
-0.729528
-0.326380
-0.656295
-1.051859
-0.924124
-0.802929
-0.057013
0.124988
0.061529
0.040603
-0.395149
-0.838500
-1.176811
-1.367312
-1.129698
-1.106183
-0.900279
-0.193270
0.075665
0.383244
0.409936
0.723817
0.244884
0.138247
-0.144166
-0.131497
0.286171
0.151231
-0.366366
-0.634081
-0.388066
0.536879
0.679982
0.526598
0.341026
-0.262215
-0.373201
0.269352
0.759997
-0.030643
-0.646934
-0.567952
-0.399710
-0.621332
0.067193
1.099888
0.994183
0.742221
-0.647209
-0.469552
0.950629
0.877606
0.375379
-0.121476
-0.843399
-1.380550
-1.204289
-0.762955
-0.199225
0.107619
-0.185776
0.385206
1.444091
1.620559
1.460138
0.944142
0.064539
-0.516810
-0.467597
-0.140537
0.059940
0.148021
-0.436225
-0.941209
-0.344329
0.114166
0.115759
-0.034719
0.350672
-0.027819
-0.446088
-0.781978
-1.074554
-1.311579
-1.413857
-1.423636
-0.754114
0.908918
1.752331
1.854576
1.567098
1.269679
0.479539
-0.361238
-0.194017
-0.040568
0.279909
0.267749
0.985079
2.109269
2.299153
1.684244
1.030063
0.031899
-0.069583
-0.300420
-0.251355
0.020834
-0.036577
0.260504
0.098857
-0.341421
-0.702856
-1.185861
-1.905784
-2.303327
-2.003668
-1.367365
-1.034735
-0.433168
1.078493
1.744410
1.863727
1.682289
2.346273
2.146896
2.138253
1.961200
1.048196
1.079325
0.769636
-0.188273
-0.252549
0.443248
0.523863
0.431451
0.876687
0.275563
-0.133728
-0.210854
-0.644259
-1.247238
-2.004583
-1.505527
-0.947042
-0.827899
-0.874590
-0.546042
-0.674644
-1.625586
-1.565267
-1.618907
-2.396244
-2.466897
-2.446720
-2.320261
-1.934985
-0.831871
0.287775
0.617535
0.169940
-0.169163
-0.134018
0.113917
-0.043582
-0.073786
-0.116973
-0.352162
0.003217
0.495678
0.144880
0.167442
0.347709
0.562638
0.637612
0.951513
1.593138
1.808206
1.808767
1.239236
1.293721
1.972911
1.601827
1.128550
0.604935
0.649957
0.934085
0.873399
0.904213
1.547999
1.417392
0.863090
0.570945
-0.105156
-0.102779
0.000474
-0.309627
-0.954329
-1.441219
-2.302019
-2.815951
-2.456829
-1.736656
-1.733537
-2.234835
-2.737256
-2.247904
-1.397122
-0.285063
0.209959
0.228178
0.248459
0.248028
0.523811
0.882964
0.127292
-0.342841
-0.595611
-0.258140
0.407108
0.816690
1.113267
0.924754
0.530664
-0.864014
-1.489059
-1.437933
-1.693441
-1.716640
-1.464707
-1.633580
-1.369336
-0.354957
0.378842
0.115940
0.306628
1.004950
0.641406
0.328474
0.019805
-0.638732
-0.378754
0.277023
0.355644
0.460195
0.748307
1.173491
1.700394
1.945538
1.444188
0.519363
-0.036372
-0.454432
-0.277408
-0.666741
-0.680305
-0.424020
-0.660644
0.125863
0.882134
1.045758
1.045440
0.734931
0.703418
0.929187
0.854466
0.723774
0.551297
0.496098
0.845312
0.329136
-0.690036
-1.038046
-0.647743
-0.378882
-0.378745
-0.580428
-0.432376
-0.082048
0.177155
0.494450
0.803850
0.299483
-0.186201
-0.377952
0.745631
1.242191
0.700641
0.344768
-0.013817
-0.323950
-0.186004
0.184201
-0.187176
-0.570592
-0.104877
0.191309
-0.255651
-0.804409
-0.704208
-0.787478
-1.275023
-1.253781
-0.337212
0.055571
0.328430
0.531583
1.226659
1.970083
1.749559
1.611769
1.799257
1.386531
0.528250
0.135960
0.398586
-0.014706
0.014957
0.358131
0.686595
0.567228
-0.019933
-1.240642
-1.909222
-1.904162
-1.647877
-1.969853
-2.381965
-1.996234
-1.356156
-0.654135
-0.254299
0.410419
0.803321
0.801285
0.719271
0.118885
0.092188
0.693842
0.747764
0.431382
0.010303
-0.723927
-1.290833
-0.871638
-0.657363
-0.083049
0.280515
0.493335
0.721813
1.286845
1.466160
1.414992
0.962818
-0.450617
-1.196471
-0.559637
0.396372
0.528891
0.092773
-0.079622
-0.331309
-0.341587
-0.464641
-0.884801
-0.956807
-0.726919
-0.380984
0.258577
0.406971
0.057327
-0.067234
0.318671
0.335149
-0.371914
-0.505085
-0.556454
-0.198644
-0.384552
-0.456014
0.331858
0.401656
0.677800
1.007048
0.888031
0.879813
0.405228
-0.099758
0.331049
0.623679
0.866021
0.932871
0.423184
-0.334581
-1.093886
-2.045852
-2.755341
-3.151225
-2.876810
-2.317796
-1.463754
-0.591645
0.079267
0.130263
0.489737
1.224507
1.561543
1.472097
0.803641
0.534784
0.051807
-0.771595
-0.815451
0.146036
0.919443
1.584787
1.372895
1.017334
0.963840
0.789556
0.482318
0.636072
1.071493
0.813564
-0.013428
-0.092100
0.277993
-0.018012
-0.402475
-0.356581
-0.640495
-0.708789
-0.944532
-0.861539
-0.887060
-0.718832
-0.621475
-1.214246
-1.011978
-1.363372
-1.377760
-0.501281
0.036390
0.479756
1.259258
2.181758
1.611630
0.894984
1.029837
0.606134
0.622750
0.526383
-0.855804
-1.775408
-1.462111
-1.116530
-0.132613
0.211315
0.087200
-0.276327
-0.542595
-1.015882
-1.402447
-1.390033
0.133444
0.905884
0.122267
0.282213
0.686340
0.664016
0.861519
0.726599
0.208523
0.515069
0.441295
0.204295
1.187418
1.986863
1.937481
2.356800
2.649965
2.910385
3.328252
3.008492
1.963748
1.930703
2.031679
1.424087
0.603052
-0.326849
-0.609864
-0.763250
-1.380690
-1.610184
-2.074612
-2.557424
-1.988537
-1.644746
-1.779583
-1.637584
-1.264855
-0.606825
-0.137878
-0.115080
0.081352
-0.224332
-0.078676
0.518072
0.277303
-0.252715
-0.650513
-0.923387
-1.223917
-0.575112
-0.216152
0.217601
0.576432
0.087492
-0.127772
0.250623
-0.034520
-0.952474
-1.112145
-0.860505
-1.270355
-1.865922
-1.299207
-1.269706
-1.317095
-1.315497
-1.189894
-0.774518
0.096681
-0.131893
-0.629272
-0.380075
-0.129000
0.069859
-0.167227
-0.164232
0.119562
0.328372
0.367738
-0.345242
-1.531420
-1.541571
-0.182967
1.447740
1.525119
1.351552
0.904436
0.193317
0.947312
0.819756
0.102087
-0.208160
-0.806950
-0.965711
-1.181964
-1.481848
-1.935362
-1.730544
-0.996329
-0.152738
0.088325
-0.143178
-0.138543
-0.208006
-0.275418
-0.599749
-0.769483
-0.142635
0.569894
1.362053
1.232483
0.469232
0.319978
1.102778
1.470038
1.041290
1.087757
1.046119
1.223322
1.031716
1.085012
1.688651
1.718219
1.364363
1.253259
0.732673
-0.451698
-1.061546
-0.986952
-0.786653
-0.747309
-0.987634
-1.212870
-1.080326
-0.551181
-0.699944
-0.961798
-0.817855
-0.648714
-1.312800
-1.513707
-1.326115
-1.537526
-0.884274
-0.608933
-0.679814
0.154129
0.506961
0.768976
1.150891
0.929117
0.966145
0.705892
-0.157381
-0.360144
0.098407
0.863052
1.103626
1.301217
1.057298
0.354259
-0.257743
-0.330329
0.000057
0.601879
0.676365
0.667018
0.231582
0.383594
0.280198
-0.100365
-0.770765
-0.972387
-0.709904
-0.209679
-0.273605
-0.152422
-0.008772
0.563116
0.485980
0.037813
0.098865
-0.160415
0.263286
0.774628
1.154210
1.234621
0.757634
0.291098
0.335359
0.126431
-0.071969
-0.100542
-0.301148
-0.717361
-0.905487
-0.761971
-0.323403
0.247832
0.417287
0.698306
0.784483
0.371160
0.396729
0.428901
0.337835
0.165068
-0.804433
-2.006461
-2.413820
-2.187951
-2.086168
-1.268868
0.361494
1.747541
2.709473
3.143511
2.796675
1.815390
1.479925
1.221379
0.659210
0.650347
0.916126
1.218980
1.102196
0.877502
1.184701
0.993240
1.035952
0.438167
-0.919854
-1.093714
-1.078133
-1.014096
-1.553230
-1.364610
-0.796402
-0.308151
-0.644477
-0.304713
-0.693463
-1.340515
-1.563326
-1.011239
-0.337328
-0.001381
0.173940
0.380019
0.776541
0.406896
-0.286150
-0.902835
-1.152058
-1.635022
-1.334781
-0.984287
-0.736321
-0.461021
-0.162688
-0.040983
0.053558
-0.203570
-0.232729
-0.215711
0.020436
0.554556
0.842752
0.720304
0.683179
0.386068
-0.554387
-0.923081
-0.898017
-0.568244
-1.287192
-1.664743
-1.316616
-0.695796
-0.556190
-0.627906
-0.079050
0.504941
0.705993
1.359853
1.443542
1.074253
1.564228
2.176692
2.475868
2.056641
1.197046
1.837706
1.971949
1.014275
-0.013614
-0.231127
-0.085012
-0.047926
0.334912
0.335576
0.050172
-0.074771
0.035174
0.288634
0.839737
