0.124638
0.473659
-0.138469
-1.153329
-0.542737
-0.114335
-0.254655
0.303719
-0.127875
-0.441335
-0.327366
0.157928
0.278266
-0.511585
-0.642469
-0.908796
-0.573931
-0.036448
-0.227539
0.362418
0.057104
-0.509870
0.012256
-0.166003
-0.011088
1.015140
1.284649
1.468718
1.652358
1.456495
1.408396
0.508459
0.757053
1.100774
0.379200
-0.321153
-0.290618
-0.946963
-1.476481
-1.223034
-1.403864
-1.420508
-1.062987
-0.482967
-0.385500
0.405168
0.751886
0.588273
0.613200
-0.160042
-0.603501
-0.467365
-0.429188
-0.069379
-0.000671
-0.640553
-0.671147
-0.383993
0.032262
0.522979
0.997722
1.325412
1.139276
0.484382
0.792589
0.870982
0.113678
0.785434
1.277582
1.008768
1.142125
1.410762
1.229771
0.422642
0.286873
0.284797
-0.311108
-0.757144
-1.335467
-1.681920
-1.903785
-1.129555
-0.546398
0.124112
0.659580
0.742449
1.247988
0.844296
0.810795
0.369336
-0.309186
-0.287080
-0.674022
-0.652315
-0.282483
-0.096613
0.574514
0.947400
0.255457
0.315789
0.815213
0.582945
0.743749
1.503238
0.960416
0.157499
-0.124392
-1.341129
-1.214403
-1.056938
-0.355213
-0.220469
-0.854339
-0.766324
-1.122820
-1.547957
-1.169250
-1.087811
-0.863718
-1.027894
-1.154565
-0.327522
-0.374186
0.185716
0.291728
-0.629492
-1.048971
-1.461101
-1.563280
-2.002501
-2.586555
-1.926878
-1.394258
-1.294228
-0.417744
0.162993
-0.218378
0.285931
1.083008
1.246461
1.218995
1.406142
1.331592
1.059335
0.468206
-0.067939
-0.881126
-0.889113
-0.645746
-0.618191
-0.349621
-0.609832
-1.029103
-0.890588
0.003180
0.189974
-0.637379
-1.453878
-1.903899
-1.760402
-2.311757
-1.552270
-1.513937
-2.266349
-1.989126
-2.032961
-1.795071
-2.188635
-2.077114
-1.683359
-1.534991
-1.625342
-1.139699
-1.026590
-1.012912
-0.255968
0.221119
0.674107
0.884674
1.350648
1.963063
2.425448
2.517696
2.482243
2.977998
3.437636
3.927250
3.855957
4.075889
3.045362
2.993906
3.239070
2.552806
2.747401
2.765372
2.241013
2.093803
2.141726
2.814256
2.845222
2.421048
2.826054
2.955578
3.042903
2.887226
2.589788
2.223805
2.035633
2.549870
2.511900
1.871574
0.673523
0.517839
0.354229
0.599066
0.294348
-0.017639
0.554014
0.582727
1.417518
1.269818
0.741283
0.836649
0.827809
1.088479
0.151902
0.278300
0.337765
-0.249161
-0.566901
-1.564738
-2.928428
-2.279834
-1.290274
-0.894747
-1.542998
-1.784119
-1.912469
-1.382284
-0.749403
-1.197387
-1.713303
-1.644190
-2.088885
-1.640423
-2.101301
-1.588932
-1.083785
-1.262129
-0.830765
-0.421191
-0.822864
-0.292410
-0.252171
-0.347948
-0.654323
-0.790747
-0.658845
-0.794015
-0.787277
-0.170201
0.015504
-0.789868
-0.863477
-0.951462
-0.400305
-0.065961
-0.535139
-0.415753
-0.356865
-0.574085
-0.134818
-0.014597
-0.886307
-0.739335
-0.250953
-0.049854
-0.466391
-0.548197
-0.548433
-0.938371
-0.387492
-0.736130
-1.346968
-0.903362
-0.896263
-1.020059
-1.154128
-0.968872
-0.692813
-0.386201
-0.421591
-0.829737
-1.610711
-1.005118
-0.654203
-0.808994
-0.600639
-0.697364
-0.772098
-0.593425
-0.078735
0.257214
-0.653383
-1.167947
-1.181384
-0.940355
-1.132547
-1.280582
-0.988236
-1.360837
-1.168357
-0.380697
-0.431935
-0.449128
0.675633
1.303846
1.460437
1.378234
0.582231
0.156511
0.015201
0.319287
1.043752
1.215861
0.663290
0.387040
0.638793
1.009853
1.282023
1.779134
1.684035
1.356842
1.711850
1.181879
0.662720
0.991972
0.262587
-0.076202
-0.818780
-1.555277
-1.682846
-1.892873
-0.797414
-0.657890
-0.488411
-0.043826
-0.432315
-0.031214
-0.447142
0.044184
0.268102
0.172256
0.611539
0.202707
0.218282
-0.278787
-0.552297
-0.879540
-1.610830
-1.775561
-1.531917
-0.638128
-0.355628
0.506737
1.535976
1.831201
1.960757
1.352424
0.846935
-0.143906
-0.388959
0.043783
0.147627
0.458848
0.241229
-0.443979
-0.929602
-0.700387
0.446906
1.296004
0.849347
0.693140
0.703677
0.740375
0.933926
0.883481
0.860636
1.015173
1.036135
0.746746
0.038926
0.499506
0.891637
0.480176
-0.654846
-1.132798
-0.327241
0.330046
0.978320
1.208256
0.622431
0.833471
1.227778
0.688728
0.800232
0.868099
0.533178
0.204724
0.555847
1.412508
0.204631
-0.154976
-0.118614
-0.470023
-0.648561
-1.169723
-1.384527
-1.506501
-1.420590
-0.920373
-0.606516
-1.367747
-1.121616
-0.495654
-0.593329
-0.846973
0.119985
-0.043123
-0.384072
-0.510853
-0.653451
-0.218068
-0.967578
-0.893088
-0.609879
-0.243685
0.619687
0.462653
0.328912
0.337022
-0.034709
1.171440
1.178252
0.731789
0.562494
0.264767
-0.107269
-0.055861
0.306385
0.366026
-0.020037
-0.250650
-0.437844
-0.870314
-1.465114
-0.963027
-0.469924
-0.625852
0.186015
0.531579
0.405906
0.441393
1.071835
0.823095
0.412385
0.596358
0.109564
-0.233931
0.168724
0.623057
-0.032238
-0.538933
-0.694255
-1.304715
-1.028774
-0.347166
-0.285142
-0.009532
0.311904
0.772759
0.519238
0.660081
1.456047
1.579624
1.838509
1.567819
1.082341
0.726799
0.489351
0.514569
-0.175510
-0.575019
0.219389
0.031549
-0.327586
0.014122
0.451355
0.100379
0.116857
0.462198
0.292865
-0.739514
-0.633772
-0.804046
-0.556508
-0.711491
-0.874509
-0.530545
-0.731612
0.143740
0.258740
0.389460
0.922862
0.737016
0.484923
0.074717
0.110830
-0.275968
-0.772497
-0.897855
-0.956099
-0.857499
0.364525
0.977118
1.110024
0.536264
0.588298
1.065691
1.059420
0.782098
0.936305
0.443041
0.003707
0.079768
-0.142968
-0.349345
-0.206787
-0.064478
-0.696537
-0.787490
-0.952819
-0.931245
-0.646389
-0.497701
-0.265144
0.395412
-0.029290
-0.624804
-0.374744
0.266045
0.407186
0.420592
0.381596
-0.236649
-0.548847
-0.539488
-0.121278
-0.768686
-0.828367
0.000693
0.085312
0.316465
0.179742
0.449225
0.677561
0.228308
0.733203
0.441529
-0.438299
-0.163813
0.498799
0.581439
-0.042618
-0.200993
-0.328786
-0.074613
0.827721
0.574600
0.129568
-0.218474
-0.121109
0.122794
0.533698
0.400611
0.228698
0.104006
0.014338
-0.193682
0.848225
1.116073
0.468966
0.260868
0.148056
0.467365
-0.411617
-0.196559
0.056574
-0.523474
-0.248473
0.257976
0.236372
-0.115137
-0.228056
0.389213
0.447867
0.059092
-0.036938
-0.332329
-0.422515
-0.924133
-0.223117
-0.175770
-0.450568
-0.607895
-0.609897
-0.491404
-0.775914
-0.493221
0.103924
-0.253889
-0.448488
-0.406565
-0.563515
-0.284057
-0.261943
-0.597591
-0.634808
-0.500968
-1.081835
-1.350474
-0.980003
-1.146720
-0.334494
-0.490522
-0.997231
-1.459734
-1.430056
-0.997931
-0.653341
-1.166830
-1.277301
-0.815711
-0.672484
0.230564
-0.015269
-0.468500
-0.615068
-0.093074
0.426804
-0.512075
-0.661233
-0.423570
-0.498844
-0.549149
-0.458487
0.004469
-0.255254
-0.000835
-0.146622
-0.239429
0.395002
0.253761
0.416242
1.035168
1.340492
2.090330
1.395423
0.744197
0.415651
0.339096
0.412752
-0.398684
-0.785056
-1.248233
-1.240856
-1.262695
-0.087146
0.687718
0.012769
-0.136996
0.242623
0.580803
-0.134328
0.742632
1.463848
1.330542
1.264559
0.438291
-0.201820
-0.030377
0.402200
1.005661
1.055829
1.159809
0.751097
0.684887
0.715140
0.661299
0.125028
-0.053430
-0.849961
-1.483257
-1.125541
-0.120125
-0.106598
0.555490
1.026974
1.003407
1.365475
1.016546
0.785459
0.616399
0.265648
0.442616
0.584696
0.398662
0.197087
-0.079286
-0.341930
-1.070902
-0.497802
-0.489327
-0.837549
-0.675248
-0.744589
-0.784508
-0.615229
-0.934518
-0.920516
-1.392549
-1.652956
-1.049100
-1.561684
-1.734151
-1.242855
-0.647335
0.142229
0.239221
0.374561
0.937028
0.776833
0.559982
1.229948
0.730669
0.328563
-0.006736
-0.250670
-0.912392
-1.261482
-0.378540
0.252028
0.590858
0.897188
0.651758
-0.122791
-0.106402
0.557006
0.435521
0.345130
0.350989
0.237585
0.651416
0.448908
0.916663
0.544011
0.268318
0.170760
-0.260154
-0.215359
-0.975674
-0.840961
-0.178112
-0.037888
0.319093
0.384999
0.116249
0.406231
-0.145409
0.687770
1.485621
1.223675
1.446989
1.784390
1.296029
1.898894
1.430450
1.364161
1.276043
0.784066
0.946336
1.003871
0.668274
-0.494585
-0.332714
-0.295094
0.009023
-0.564354
-0.994856
-0.868790
-1.510470
-1.576157
-0.657896
-0.121014
-0.577054
-0.460896
-0.327711
0.476297
-0.277281
0.316500
0.292790
-0.272362
-0.183574
-0.452616
-1.205534
-2.019949
-1.699031
-1.081822
-0.657665
-1.044044
-0.901034
-0.655908
-0.515219
-0.117347
0.077261
-0.315884
-0.456103
-0.553724
-0.903031
-0.112219
0.224086
-0.193205
0.032960
0.279345
0.099658
0.003166
0.303169
0.086995
-0.191236
0.545651
0.853883
0.245539
0.015900
0.425367
1.564215
1.592771
1.548280
1.534777
1.252767
0.791436
0.886825
1.600389
0.765533
0.810434
0.770963
0.255352
0.448708
0.383464
0.243480
0.316230
-0.169073
0.367479
0.786299
0.023421
-0.397883
-0.398334
-0.324058
-0.332394
-0.617988
-0.821995
-1.717655
-1.689058
-1.194274
-0.784709
-1.442179
-1.046880
-0.822416
-0.321848
0.209176
0.380069
0.150691
0.018926
-0.084262
0.391843
0.682427
0.754557
0.528794
0.140793
0.035074
-0.308825
0.398255
0.413386
0.403839
0.470335
0.106622
0.727287
0.414771
0.652601
0.929448
0.519916
0.473461
0.598215
0.448391
-0.231428
-0.113505
0.146199
0.564540
0.081624
0.225145
0.301260
-0.547697
0.181318
0.600903
-0.143087
-0.201886
-0.447442
-0.104943
-0.232026
0.197270
0.872275
0.789864
0.335290
0.251634
-0.350805
-0.312352
0.323482
0.191194
0.245126
0.520036
0.185104
-0.426553
-0.285755
0.272177
0.085699
-0.264236
-0.168488
-0.682427
-0.484251
0.236168
0.125025
-0.202363
-0.469798
-0.594740
-0.250469
-0.356011
-0.587068
-0.966499
-0.972988
-0.584297
-0.453592
-0.558295
-1.146796
-0.913008
-0.787282
-0.573335
-0.919012
-1.234951
-1.161605
-1.458957
-1.092780
-1.470473
-2.503557
-2.813955
-2.997434
-2.170767
-1.946309
-1.169609
-1.116373
-1.371509
-1.340676
-1.371197
-0.192108
-0.392570
-0.328290
-0.529475
-0.965717
-0.718054
-0.948669
-0.961165
-0.754864
-0.465674
0.377776
0.808955
0.690369
1.383201
1.540585
1.420602
1.143934
1.969157
2.229918
1.454128
0.588649
0.228757
0.577222
-0.523782
-0.573616
-0.653542
-1.202451
-0.687557
-0.381819
0.229783
0.444264
1.350130
2.493058
2.685812
2.963054
2.828973
2.120345
2.127248
2.455551
1.866521
0.665786
0.486938
0.199088
-0.722182
-1.032375
-0.697056
-0.839390
-0.856102
-0.029033
0.798083
1.028201
1.413042
1.817331
