-0.468847
-0.229917
0.169523
0.717925
1.038168
1.127100
1.440893
0.772982
0.211433
0.429129
-0.290091
-0.860209
-0.521300
0.284110
0.694976
1.162774
1.582872
1.660745
1.738242
1.352442
0.501110
-0.508397
-1.450389
-1.758971
-2.070357
-2.370583
-2.179165
-1.499013
-0.473974
0.387831
1.414338
1.624545
0.972991
0.730608
0.833926
0.892752
1.037986
0.685308
0.497309
0.839465
0.811500
0.260814
0.016033
-0.177817
-0.242666
-0.057243
-0.087879
-0.017535
0.046973
0.035239
0.251990
-0.030432
-0.048480
0.175800
-0.223815
-0.623843
-0.282448
0.528587
1.229988
1.044987
0.667230
0.029671
-1.057038
-2.237237
-3.110124
-3.358610
-3.071745
-2.315698
-0.903821
0.165533
0.825060
1.379391
1.263305
0.850472
0.509673
0.312083
0.303744
0.207740
0.310947
0.227227
0.188576
0.238024
0.422778
0.589528
0.914528
0.927893
0.521935
0.288142
-0.083053
-0.460255
-0.973672
-1.033133
-0.409265
0.684836
1.426936
1.468163
1.246760
0.659707
-0.022915
-0.262862
-0.230073
-0.127267
-0.026939
-0.013836
-0.111959
0.317124
0.786688
1.108988
1.637107
1.929234
1.915025
1.633127
1.068988
0.705715
0.811573
1.069909
0.738178
0.912587
1.351976
1.281905
1.290798
1.456851
1.129863
0.772231
0.574413
0.083994
-0.698997
-1.446453
-1.808718
-1.680660
-1.459359
-1.570938
-1.503191
-1.405454
-1.571633
-1.736474
-2.036594
-1.900969
-1.413184
-1.197082
-1.397803
-1.142757
-0.943022
-0.885763
-0.843968
-0.693210
-0.544381
-0.485993
-0.500237
-0.328870
-0.103418
0.086848
0.303633
0.432543
0.611957
0.629931
0.237859
-0.081419
-0.221620
-0.418958
-0.491271
-0.353991
-0.322571
-0.419630
-0.426972
-0.500211
-0.616495
-0.587784
-0.331249
0.168910
0.631903
0.960744
1.155904
1.383093
1.170413
0.993995
0.917959
0.762715
0.352370
0.127723
-0.239879
-0.423238
-0.484949
-0.354659
0.207997
0.425892
0.148405
-0.103182
-0.206154
-0.132003
-0.258913
-0.147107
-0.077837
0.006128
0.116189
0.105761
-0.171452
-0.382785
-0.257344
0.266741
0.556156
0.395674
-0.011606
-0.180997
0.066737
0.416280
0.641848
0.745501
0.534120
0.304717
-0.060175
-0.462134
-0.576659
-0.159309
0.096734
-0.010187
0.076296
0.284142
0.244394
0.127160
0.095322
-0.180420
-0.297271
-0.358191
-0.259689
-0.048292
0.490532
0.540086
0.585237
0.515406
0.289564
-0.639799
-1.470528
-1.220796
-0.169749
0.649142
0.997015
0.749440
0.238961
-0.212106
-0.618649
-0.950374
-1.103025
-0.912850
-0.260473
0.054359
0.204434
0.464474
0.636605
0.889292
1.432987
1.796576
1.874505
1.629910
1.286314
0.816853
0.355492
-0.128566
-0.413489
-0.463892
-0.474289
-0.330687
-0.244714
-0.179216
-0.162243
-0.202524
-0.354160
-0.822708
-1.047991
-1.071451
-1.104019
-1.236061
-1.326336
-0.904934
-0.665530
-0.554228
-0.538766
-0.713057
-0.845983
-0.794026
-0.746038
-0.866964
-0.844116
-0.999957
-0.795421
-0.408057
-0.297208
-0.231383
-0.108740
-0.010011
-0.071638
0.184481
0.281062
0.373861
1.073942
1.590317
1.255785
0.751228
0.398251
0.197784
0.244273
0.176857
0.193334
0.677684
0.940438
0.874931
0.938741
0.871005
0.667358
0.238415
-0.377246
-0.656564
-0.719523
-0.487458
-0.263138
-0.052271
-0.115602
-0.176184
-0.214607
0.051041
0.179066
0.317251
0.775402
1.233324
1.369780
1.053579
0.655878
0.270968
0.052225
0.057923
0.205576
0.378991
0.378634
0.116118
-0.119763
-0.124648
0.193844
0.241105
0.154559
0.369141
0.719263
0.695475
0.516268
0.232249
0.026153
0.075245
0.341725
0.619299
0.718323
1.131857
1.297988
1.318879
1.279873
1.206699
1.096107
0.904766
0.773030
0.581612
0.258127
0.302959
0.280277
0.199636
-0.082947
-0.253276
-0.204142
-0.105064
-0.303727
-0.439453
-0.183506
0.094384
0.037617
-0.188445
-0.190750
-0.118185
0.045239
0.419679
0.473760
0.548503
0.803046
0.625319
0.075710
-0.245730
-0.140272
-0.478930
-0.722477
-0.861374
-0.958049
-1.141667
-1.682172
-1.771040
-1.211534
-0.527821
-0.313195
-0.627595
-1.063209
-1.766603
-2.495384
-2.801874
-3.197679
-3.184919
-3.098711
-2.869463
-2.455146
-1.978676
-1.428808
-1.079707
-0.927883
-0.219502
-0.065758
0.101844
0.182771
-0.248930
-0.456316
-0.813116
-1.314619
-1.681860
-1.549946
-0.894880
-0.356024
-0.084862
0.421474
0.658803
0.488293
0.591304
1.244943
2.063621
2.575166
2.684089
2.447097
2.128266
1.976933
2.202264
2.333601
2.225887
2.177468
1.762350
1.442559
1.103468
0.674536
0.901097
1.195399
1.155909
0.924231
0.752506
0.553414
0.224791
-0.197084
-0.237294
-0.310750
-0.008592
0.250135
0.449023
-0.106199
-0.280071
-0.524397
-0.453224
-0.697547
-0.957653
-0.941283
-0.646895
-0.687588
-0.692339
-0.691563
-0.771701
-0.837185
-0.734608
-0.376936
-0.447098
-0.655289
-0.566413
-0.366918
0.097100
0.352531
0.297945
0.206113
0.254520
0.360487
0.397374
0.253827
0.261282
0.315900
0.010435
-0.354046
-0.084561
-0.360960
-0.704290
-0.705360
-0.720898
-0.552194
-0.299486
-0.217740
-0.224248
-0.133687
-0.063480
0.041517
0.219694
0.441119
0.714541
0.974230
0.681183
0.154079
-0.264971
-0.350843
-0.838026
-0.981958
-0.954284
-1.226766
-0.933965
-0.534120
-0.738249
-1.027454
-1.277408
-1.483823
-1.718776
-1.736595
-1.927816
-2.058931
-1.764133
-1.468068
-1.208436
-1.142937
-1.127435
-1.475517
-1.531202
-1.615162
-1.838700
-1.723860
-1.651197
-1.623507
-1.433245
-0.980916
-0.843296
-0.894377
-0.839564
-0.622535
-0.651138
-0.832576
-1.097274
-1.428292
-1.453002
-1.008595
-0.929595
-0.615911
0.129393
0.424550
0.742144
0.369371
0.029975
-0.165617
-0.230030
0.101428
0.302295
-0.082422
-0.370256
-0.615182
-0.601808
-0.501804
-0.253580
0.128596
0.506671
0.921244
1.039936
0.642223
0.427381
0.416032
-0.060680
-0.685156
-1.070893
-1.158003
-0.851308
0.529316
1.895312
2.247975
2.161263
2.729762
2.832319
2.692041
2.751034
3.033779
2.683512
1.773658
1.972982
2.032059
2.298061
2.985728
2.291579
1.633998
1.922499
1.785455
1.627070
1.475109
0.864900
0.612620
0.669416
0.970024
1.293720
1.467366
0.594965
1.129872
1.594355
1.618354
1.107657
1.527424
1.816972
0.500068
-0.435092
0.214407
-0.652428
-1.203884
-1.310721
-0.961394
-0.481525
-0.345789
-0.871166
0.507324
0.827937
0.779680
1.864257
1.422611
0.683787
0.480939
0.330739
-0.063177
-0.738332
-1.095691
-0.941858
-0.760177
-0.711326
-0.265776
0.062200
0.070895
0.167217
-0.048305
-0.307928
-0.541787
-0.785677
-0.717164
-0.311334
-0.363430
-0.830850
-0.631179
-0.113969
0.248721
0.146692
-0.479818
-1.050444
-1.349459
-1.414313
-1.332931
-1.088999
-0.415674
-0.247736
-0.343093
-0.276416
0.070625
0.128721
-0.057830
-0.478639
-1.025118
-1.281991
-0.921907
-0.512929
-0.079088
-0.614069
-0.882810
-0.510373
0.031660
0.727511
0.631833
0.536751
0.323272
0.192556
-0.426002
-0.592812
-0.002034
-0.021087
-0.528808
-0.571236
-0.286287
-0.115076
-0.217736
0.232728
-0.099841
-0.164298
0.092890
0.204500
0.258386
0.332296
1.195470
0.433921
-0.200479
0.380170
0.666078
0.644602
0.158564
-0.678084
-0.876912
-0.812540
-0.917888
-1.069653
-1.363686
-1.833596
-2.058377
-1.878379
-1.108729
-0.452443
-0.072604
0.063942
0.272215
0.654938
1.111573
1.618113
2.053751
2.146365
2.031015
1.673829
1.442388
1.139805
0.736958
0.348688
-0.010806
-0.010211
0.669512
1.384936
1.599333
1.551423
1.538926
1.716931
0.624547
-0.237521
0.196971
0.645467
0.798169
0.287966
-0.551188
-0.583723
-1.082595
-1.384821
-1.383459
-1.637810
-1.416805
-0.711047
-0.397764
-0.114319
1.288013
0.500117
-0.721368
-0.299658
0.441020
1.009154
1.164764
0.560102
-0.652601
-1.556173
-0.698390
0.048198
1.028493
0.691138
-0.094981
-0.334066
0.127773
0.446249
0.903558
0.601587
-0.211294
-0.021562
0.323761
0.690985
1.143221
1.709245
1.690567
0.782662
-0.635024
-1.559936
-1.090131
-0.699925
-0.754234
-1.940548
-2.407813
-1.894774
-1.490193
-0.699140
-1.119666
-1.344194
-1.165077
-0.830640
-0.721759
-0.550439
-0.941586
-1.247533
-0.731729
-0.947001
-0.875991
-0.547881
-0.524471
-0.264894
0.121046
0.320772
0.080807
-0.175218
0.067011
0.041263
-0.143322
-0.246228
-0.416854
-0.363404
-0.640203
-1.065501
-1.097514
-0.888717
-0.741563
-0.351286
-0.043236
0.429054
1.103129
1.225515
0.879844
0.110142
-0.817294
-1.437635
-1.636583
-1.450246
-1.244389
-1.121044
-1.130634
-1.102978
-0.986930
-0.658695
-0.198013
0.146613
0.410091
0.537839
0.213275
-0.117557
-0.417851
-0.720165
-0.988385
-1.090382
-0.921589
-0.953261
-0.792507
-0.166987
0.065384
0.316395
0.445142
1.439945
1.654870
1.340351
1.464333
1.243701
0.988388
0.817365
0.686841
0.913043
1.100112
1.032842
1.502746
1.756263
1.793934
1.432238
1.338889
1.470412
1.626594
1.622603
1.558791
1.031419
0.337836
0.177593
0.082141
0.241097
0.461347
0.600363
0.645479
0.629969
1.050690
1.596307
1.926614
2.042988
1.871378
1.999471
1.920502
1.793049
1.851206
0.906946
0.017784
-0.299483
-0.837405
-1.201981
-1.303318
-1.462011
-1.307041
-1.400037
-1.789124
-1.195803
-0.455812
-0.358804
-0.374425
-0.269915
-0.259818
-0.317067
-0.525753
-0.525057
-0.685314
-0.789858
-0.427637
-0.083453
-0.860367
-1.469395
-1.343272
-1.613725
-1.709594
-1.316975
-1.236686
-1.137250
-1.057306
-1.017190
-0.777148
0.148570
0.395246
-0.583133
-1.380719
-1.596508
-1.708018
-1.623637
-1.691507
-1.301505
-0.958072
-0.461966
-0.453065
-0.015543
0.301158
0.217233
0.618435
0.788439
0.490982
0.490457
0.434922
1.047458
0.230826
-0.586409
-0.407135
-0.451488
-0.737452
-0.881020
-0.697563
0.092282
0.289395
0.246856
0.302246
0.279313
0.177172
0.460038
0.328582
0.241657
0.050980
0.151762
0.034212
-0.088545
0.182872
0.365354
0.774598
0.886938
0.983977
0.748106
0.419885
0.047940
-0.424595
-0.745446
-1.169845
-1.523839
-1.381592
-1.222801
-1.099315
-0.320118
0.833468
1.273534
1.671640
1.714528
1.542529
1.436605
1.613868
1.626405
1.528347
1.214923
0.709054
0.256072
0.049054
0.042813
-0.077460
-0.220248
-0.244507
-0.194250
-0.353769
-0.519582
-0.501312
-0.466661
-0.133113
0.144546
0.419596
0.945732
1.454773
1.525013
1.464709
1.459149
1.146435
0.965712
0.599928
0.355321
0.283475
0.073020
-0.019167
-0.199912
-0.292901
-0.255776
-0.608837
-0.704826
-0.746321
-0.966799
-1.036226
-0.853225
-0.508455
-0.044237
0.135618
-0.105180
