-0.208615
0.005411
0.738553
1.195843
0.835040
0.429987
-0.561542
-1.425796
-1.435476
-1.505159
-0.944298
-0.254401
-0.664673
-0.764364
0.432422
0.745763
0.930779
0.833325
-0.039033
-0.442869
-0.685522
-0.744403
-0.436124
0.086796
0.226502
0.605210
1.160108
0.416899
-0.203588
-0.887176
-1.359263
-1.495783
-1.335070
-1.452590
-1.518559
-1.314893
-0.968145
-0.563500
-0.256413
0.176813
0.776214
1.246239
0.961226
0.956297
0.745996
0.898642
0.719521
0.316032
-0.014835
0.126622
0.223571
0.460224
0.758480
0.408820
0.700354
1.298803
0.872193
0.675911
1.015192
0.783714
0.555516
0.256552
0.047447
0.153189
0.980612
0.856332
0.869726
1.344785
0.959812
0.286658
-0.180490
-1.044950
-1.452855
-1.639307
-1.462417
-1.010347
-0.709810
-0.012356
0.547062
0.566248
1.238001
1.439605
0.894470
0.487569
0.126894
-0.026067
-0.131512
-0.245813
-0.161490
0.078072
-0.102758
-0.452380
-0.617062
-0.784707
-0.698045
-0.648349
-0.749029
-0.310099
-0.417125
-0.707431
-0.232037
-0.154892
0.461201
0.081680
0.078257
0.509587
0.277972
-0.079347
-0.808486
-1.265515
-1.431512
-1.115343
-1.026044
-0.847025
-0.833746
-0.775103
-0.898205
-0.993486
-0.713932
-0.464790
-0.376727
-0.554175
-0.596183
-0.896444
-0.762876
-0.864401
-0.892039
0.039838
0.986928
1.799999
1.839786
2.062852
2.198272
2.127784
1.835955
1.464301
1.213899
0.246537
-0.279525
-0.026702
-0.268985
-0.065805
0.008343
0.282476
0.159696
-0.107326
-0.066757
0.600178
0.976931
0.579282
0.462350
0.083507
0.346023
-0.006695
-0.714358
-1.020028
-0.656168
-0.539210
-0.500992
-0.433246
-0.265082
0.238945
0.972554
1.599197
1.523290
1.234405
0.830017
1.009517
1.223006
0.784170
0.381723
0.180559
0.105593
-0.482712
-0.810080
-0.872762
-0.385595
0.345127
0.703454
0.975555
0.437257
0.363496
0.312053
-0.122319
-0.665500
-0.869444
-0.707911
-0.606521
-0.457462
-0.318747
-0.034373
-0.100891
0.026571
0.169512
0.644367
0.865984
0.864003
0.845051
0.566785
-0.005564
-0.847468
-0.899178
-0.922931
-0.981803
-0.469937
0.202901
0.612393
0.535668
-0.182489
-0.758768
-1.053912
-1.610713
-1.233602
-0.105206
0.039777
-0.187847
0.275348
0.676111
1.258639
1.530703
1.096722
0.853162
0.052755
-0.769007
-0.842573
-1.905425
-1.921286
-1.714072
-1.738573
-1.316463
-1.028798
-0.322227
0.071771
-0.043932
-0.126413
-0.316371
-0.114033
0.450563
0.331043
0.036523
-0.531199
-0.492436
-0.214057
-0.423781
-0.103752
0.243070
-0.020904
0.267318
0.869324
0.842407
0.440420
0.351733
0.414374
0.208611
-0.001306
-0.314168
-0.622383
-0.636112
-0.250556
0.016216
0.397901
0.599794
0.749794
1.109746
1.040577
0.850018
0.413522
0.185960
0.085810
0.147893
-0.110116
-0.291702
0.027575
0.230068
-0.260131
-0.787053
-0.320134
-0.007579
0.038301
0.236486
0.197772
0.245935
0.409738
0.048979
-0.399336
-0.076977
0.170337
-0.242251
-0.070051
-0.071624
-0.047550
0.158322
-0.227713
-0.304009
-0.033898
-0.152430
-0.121399
0.078434
0.170103
0.627183
0.278163
0.536749
0.713702
0.655876
0.646164
0.440764
0.416679
0.439519
0.191207
-0.247337
-0.302364
0.223957
0.859663
0.587992
0.385680
0.556929
0.202445
0.166531
-0.002429
-0.232387
-0.503036
-0.620154
-0.325520
-0.726569
-0.925991
-0.880154
-0.909054
-1.238572
-1.581782
-1.424466
-1.377623
-1.381756
-1.297473
-1.125735
-1.403596
-0.643931
-0.770602
-0.653558
-0.417661
-0.169729
-0.042870
0.094422
-0.125076
-0.509788
-0.206275
0.066847
-0.178951
-0.259443
-0.408046
-0.611049
-0.628407
-0.532481
-0.105690
-0.009958
-0.177964
-0.335388
-0.518567
-0.286074
-0.006986
0.041872
0.111856
0.129815
0.208158
0.373072
0.256121
0.026692
-0.140352
-0.254942
-0.509207
0.032428
0.295875
0.419636
-0.356817
-0.526657
-0.389787
-0.315176
0.041010
-0.126951
0.003949
0.473895
0.950246
0.839072
1.001128
0.949723
0.825799
0.789601
1.096403
1.178831
0.965179
1.280183
1.356292
1.764191
1.627561
1.674781
1.773698
1.578173
1.446859
0.965054
0.867698
1.109817
1.182693
1.063468
1.481033
1.641398
1.163425
0.365764
-0.047645
-0.392744
-0.960990
-1.365387
-1.381307
-1.424691
-1.046767
-1.026281
-0.662122
-0.116425
-0.247684
-0.490269
-0.898000
-1.524593
-1.807653
-2.540489
-2.526657
-2.131102
-1.666476
-1.295591
-0.947046
-0.232088
0.118315
0.631166
0.967674
1.150709
0.943469
0.849564
0.494187
0.305962
0.354302
0.460834
0.574212
0.375444
0.308359
0.968445
1.006710
0.861393
0.848581
0.961663
1.229788
1.039278
1.132889
1.384954
1.293006
1.149226
1.626558
2.108700
2.066882
2.046805
2.074914
1.862152
1.257091
0.728294
0.699269
0.853631
0.777047
0.707107
0.490758
-0.205059
-1.078506
-0.524079
-0.306820
-0.850017
-0.989569
-0.833714
-0.391103
-0.674109
-0.291651
-0.876404
-1.567697
-1.155264
-1.349847
-1.728301
-1.831721
-1.769948
-1.840294
-1.929007
-1.844021
-1.895456
-2.205386
-1.984263
-1.837600
-1.928973
-2.400512
-2.637605
-2.178453
-1.733742
-1.956648
-2.196186
-2.402712
-2.411116
-2.426842
-2.281508
-1.632469
-1.516631
-1.593019
-1.533818
-1.502261
-1.406311
-1.014520
-1.003621
-1.131219
-0.598043
-0.293257
-0.192347
0.177213
0.284633
0.336589
0.639180
1.067444
1.464426
1.555212
1.773014
1.446636
0.770888
0.643824
0.759163
1.238089
1.674794
1.614361
2.060957
2.548689
2.628078
2.767136
2.336825
1.517551
1.015108
0.258593
0.230133
0.934340
1.030681
1.379065
2.443056
3.042964
3.187493
2.674175
2.053318
2.301536
1.789553
1.094354
1.279743
1.278856
0.918011
1.265335
1.585047
1.491175
1.868828
2.450269
2.854739
2.942407
2.383809
1.695506
1.625866
0.884566
0.369076
-0.583484
-1.624477
-1.407230
-0.798697
0.386623
1.077461
1.016648
1.281506
1.412206
0.289419
-0.271719
-0.957814
-1.726276
-2.109306
-2.847685
-2.881135
-2.953776
-2.309869
-1.517676
-1.199260
-1.153588
-0.779678
-0.359546
-0.083901
-0.557156
-1.791722
-1.831916
-1.580115
-1.937866
-1.666512
-1.569350
-1.599146
-1.271072
-0.769944
-0.159342
-0.413390
-0.436162
0.097292
-0.900847
-1.175118
-0.673999
-0.507503
-0.279834
-0.669003
-0.829514
-0.994534
-0.826907
0.018166
-0.160983
-0.216982
-0.404160
-0.920230
-0.715669
-0.529767
-0.264913
-0.846698
-1.218216
-1.359417
-1.529833
-1.977966
-1.691020
-1.094786
-0.305586
0.909131
1.918017
2.660113
2.720079
2.223804
1.384398
0.534495
-0.106074
-0.544762
-0.576352
-0.310573
-0.483665
-0.849279
-0.510266
0.497673
1.125525
1.003940
0.603664
-0.177501
-0.230254
-0.471787
-0.715722
-1.078832
-1.480801
-1.829318
-1.591588
-0.525647
0.481390
1.318764
2.006079
1.911016
1.683776
1.409998
0.801508
0.203165
0.036269
-0.014055
-0.428935
-1.028133
-1.176065
-1.255769
-1.351877
-0.936068
-0.006551
0.456135
0.895427
1.014861
1.360373
1.371686
0.772006
0.443929
0.172130
0.607115
0.464418
0.226641
0.223226
-0.104681
-0.152992
-0.523050
-0.925432
-1.286553
-1.309481
-0.773619
-0.359645
-0.682746
-0.517358
0.116695
0.512071
0.960362
1.335148
1.177916
0.852552
0.895094
0.795776
0.964606
1.337289
1.415954
1.386105
1.464518
1.330582
0.555329
0.481628
0.745937
0.372410
-0.471810
-1.335675
-1.686650
-1.478158
-1.168269
-1.104584
-1.395357
-0.887718
-0.122711
0.020782
0.713269
1.191603
1.035757
0.588536
0.319016
-0.516926
-1.250903
-1.183661
-0.650591
-0.465067
-0.324458
0.506786
0.881940
0.936550
1.293662
1.370043
1.410106
1.218951
0.885892
0.186068
-0.099300
-0.300759
-0.414289
0.078516
0.162787
-0.222585
-0.257802
-0.036197
0.155545
0.064584
-0.161425
-0.111792
0.239406
0.324520
-0.112781
-1.256010
-1.954964
-2.000497
-1.894440
-1.849159
-1.044046
-1.357352
-1.403143
-0.391707
-1.258078
-1.002532
-0.695473
-1.422473
-1.270900
-1.588254
-1.657731
-1.214513
-1.660853
-1.598763
-0.423092
0.662864
0.902876
0.391922
0.270025
0.275359
0.542375
0.411206
0.368060
-0.601031
-0.941521
-0.641139
-0.604175
-0.056672
-0.148914
-0.163408
0.665248
1.252701
1.160610
1.072268
0.800576
0.981275
0.816385
0.598500
0.379929
0.566156
0.969353
1.011332
0.988868
0.827609
0.733940
0.663113
1.167837
1.171712
0.743394
0.568648
0.828393
0.953985
1.048722
1.149052
1.226899
1.317869
1.418075
0.901114
0.424153
0.199460
0.070701
0.212610
-0.255820
-0.084889
0.176171
0.094829
0.113413
0.208509
0.247842
0.548189
0.216147
0.199765
0.376061
0.876957
1.606459
1.438689
1.039343
1.059211
0.747202
0.652944
0.401147
0.307625
0.514171
0.783710
0.683650
0.330897
-0.315797
-0.606729
-0.870470
-0.612618
0.137356
0.780381
1.255557
1.220684
0.480633
0.014613
0.035997
-0.191714
-0.525228
-0.494948
-0.870246
-1.335308
-1.310584
-1.107771
-1.501005
-1.401385
-0.901684
0.154517
0.327481
-0.065684
-0.020675
-0.077298
-0.591120
-0.707591
-0.793660
-0.906315
-1.148601
-1.878517
-1.621326
-1.133655
-0.721582
-1.171448
-1.351176
-1.459011
-1.848061
-1.186447
-0.596939
-0.582144
-0.352548
0.020479
0.503847
0.705694
0.400932
-0.537432
-1.125899
-0.823717
-0.666598
-1.374668
-1.603416
-1.365277
-0.949497
-0.270839
-0.042079
0.209945
0.665034
0.888101
1.100312
0.606537
-0.059552
-0.342778
-0.412841
-0.186325
-0.176139
-0.269838
-0.348146
0.030756
0.068414
-0.191297
-0.356173
0.083117
0.284796
0.090845
0.381019
0.985053
1.288435
1.237526
1.252938
0.919849
0.641475
0.575004
0.394913
0.423144
0.664753
0.764616
0.437624
-0.044320
-0.204788
-0.332199
-0.287017
-0.569878
-0.862349
-1.020048
-0.122877
0.416366
-0.009976
0.372981
1.329826
0.873647
0.458597
0.663163
0.720178
0.481662
-0.058179
-0.557589
-0.706563
-0.164342
-0.006053
-0.177820
-0.274663
-0.590082
-1.446214
-1.496292
-1.017820
-0.555252
-0.132098
0.060410
0.600492
0.754254
0.643633
1.062434
0.995096
1.642974
1.778015
1.113635
0.913675
0.481062
-0.234222
-0.287785
-0.168709
-0.071441
-0.237533
-0.245960
-1.015998
-1.190413
-1.466123
-1.201025
-0.341556
0.027480
0.254325
0.242249
-0.095226
0.045325
-0.138785
0.043932
0.293375
0.309886
0.654202
1.087879
1.237440
1.381241
1.345926
0.836966
0.197927
-0.393306
-0.467774
-0.406304
-0.238840
-0.455575
-0.039468
0.202777
0.101664
0.101190
0.182233
0.495716
0.293775
0.308056
0.072719
-0.273437
0.002014
-0.138394
0.317814
0.214049
-0.253693
-0.725544
-0.920859
