-0.241794
-0.623707
-1.031175
-1.219193
-1.008743
-0.940216
-0.654130
-0.399889
-0.140362
0.590816
1.065559
1.329864
1.301984
1.275744
1.229464
1.053897
0.818507
0.433828
0.227190
0.116481
-0.347519
-0.596906
-0.778517
-1.070358
-1.358603
-1.457818
-1.260943
-0.774940
-0.416485
-0.402579
-0.051329
0.150340
-0.022980
-0.070031
-0.147106
-0.089732
-0.045748
-0.024415
0.244073
0.298794
0.186503
0.103698
-0.048735
-0.505914
-0.571096
-0.573256
-0.602028
-0.531681
-0.286251
-0.572408
-0.278564
-0.092372
-0.014755
0.389344
0.820158
0.797060
0.930718
1.152761
0.917167
0.195293
-0.251884
-0.601192
-0.484344
-0.270506
-0.206625
-0.171323
0.024929
0.309139
0.762175
1.329990
1.867633
2.121641
2.457636
2.239826
1.904793
1.710630
1.429815
1.161246
1.002269
0.753793
0.816333
0.600467
0.685834
0.932721
1.143368
1.325793
1.383109
1.339865
1.077296
0.996042
0.694452
0.466549
0.545034
0.258838
-0.181556
-0.304089
0.119974
-0.631278
-1.027118
-0.824583
-0.810869
-0.720743
-0.632939
-0.534634
-0.809488
-0.666687
-0.485869
-0.632481
-0.671776
-0.573751
-0.135684
-0.127436
-0.023114
-0.265382
-0.430444
-0.000824
-0.415462
-0.797640
-0.290461
-0.270237
-0.618771
-0.555242
-0.333467
-0.232869
0.374669
0.707447
0.765454
0.590229
0.342436
0.299233
0.255439
0.154949
0.042274
-0.220675
-0.561582
-0.454097
-0.114681
-0.251704
0.036504
-0.029257
-0.222045
-0.436087
-0.168888
0.241675
0.098230
0.057114
0.104465
0.071140
0.059893
-0.043554
-0.089886
0.009213
0.045067
-0.276741
-0.561813
-0.467488
-0.222927
0.094220
0.229168
0.308319
0.504790
0.281172
-0.035510
-0.477126
-0.836608
-0.993528
-1.014593
-0.804916
-0.645730
-0.526460
-0.184087
0.303171
0.667021
0.521371
0.590362
0.878245
0.273722
-0.136546
-0.349899
-0.031994
-0.028910
0.065477
0.366521
0.039595
-0.053310
0.250171
0.258283
0.286452
-0.081106
-0.189894
-0.489649
-0.838216
-0.779591
-0.793137
-0.960668
-1.062906
-1.065166
-0.997010
-0.780437
-0.365703
0.095234
0.576519
0.819612
0.931397
0.897456
1.051577
1.349414
1.440341
1.504117
1.191976
0.937446
0.918961
0.727547
0.330444
-0.132116
-0.307853
-0.398674
-0.381843
-0.062354
0.255507
0.380451
0.366713
0.063547
-0.083961
-0.621304
-0.779687
-0.617623
-0.646421
-0.494480
-0.542996
-0.387446
-0.103665
0.176061
0.402080
0.395956
0.444848
0.410401
0.167214
0.117881
0.225177
-0.167218
-0.483119
-0.428772
-0.764031
-0.751278
-0.707241
-0.112715
-0.137165
0.114784
0.354228
0.426264
0.683744
0.756929
0.155378
-0.270442
-0.184547
-0.093214
-0.018928
-0.110217
-0.159690
0.105673
0.251230
0.516824
0.576188
0.675998
0.543613
0.123928
-0.141937
0.102194
-0.096127
-0.126712
0.022277
0.214816
0.270801
0.420277
0.526942
0.350267
0.083447
-0.314426
-0.624626
-0.850414
-1.064961
-0.873641
-0.482554
-0.825762
-0.990855
-0.792199
-0.190801
0.010378
0.189109
0.488094
0.728621
0.909610
0.730183
0.323475
0.184993
0.221248
0.454718
0.471530
0.192979
-0.485646
-0.905841
-0.699076
-0.856952
-0.687677
-0.837354
-1.136349
-1.380527
-1.399812
-1.460749
-1.163931
-0.548949
0.013125
0.688909
0.813637
0.652682
0.238435
-0.435474
-0.632894
-0.901564
-0.946925
-0.812894
-0.558951
-0.485798
-0.538216
-0.484663
-0.518427
-0.090879
0.230441
0.504507
0.830162
1.096143
1.014075
0.853543
1.070618
1.416478
1.629570
1.676093
1.590538
1.880205
1.667300
1.285952
0.668364
0.309217
0.302660
-0.010248
-0.116847
0.059957
0.066952
0.461728
0.712306
1.095211
1.142451
1.344586
1.058012
0.783759
0.569758
0.389993
-0.006232
-0.220004
-0.409047
-0.658966
-0.296581
0.347486
0.752632
0.935975
0.831101
1.329171
1.483546
0.852390
0.437982
-0.049495
-0.414941
-0.342516
-0.363172
-0.095436
0.411014
1.027268
1.180296
1.006971
0.751018
0.530833
0.268775
0.028151
-0.116708
-0.249287
-0.251937
-0.607082
-1.037227
-1.210973
-1.121986
-1.006624
-0.624493
-0.749886
-0.814958
-0.862775
-1.016202
-1.037439
-0.880291
-1.229450
-1.415058
-1.554445
-1.608282
-1.420921
-1.347366
-1.376438
-1.769186
-2.352942
-2.384845
-1.773813
-1.160426
-0.940269
-0.227893
0.337760
0.131225
-0.224371
-0.106868
-0.570857
-0.956953
-1.689020
-2.290527
-2.605125
-2.950060
-3.029611
-2.577071
-1.872864
-1.285099
-0.720647
-0.491789
-0.434318
-0.492632
-0.549650
-0.430656
-0.540317
-0.413824
-0.092025
-0.035550
-0.001364
0.131092
0.260007
0.633059
1.223767
1.629569
1.730588
1.805898
2.028313
1.980494
2.028761
1.506096
1.349170
1.241708
1.254328
1.089781
1.021096
1.423632
1.490472
1.523313
1.365034
0.838717
0.582002
0.457794
0.457639
0.548571
0.196069
0.304444
0.755502
0.818406
0.834209
0.817135
0.995143
1.012658
0.923829
1.170155
1.381182
1.376655
1.235122
1.240080
0.909331
1.043164
1.323240
1.202478
1.364901
1.553595
1.630450
1.549231
0.857149
0.404716
0.121399
-0.249033
-1.168295
-1.719301
-2.267103
-2.814041
-2.565363
-2.374399
-2.202772
-1.992670
-1.821894
-1.479171
-1.489968
-1.453960
-1.679719
-1.317480
-0.977514
-0.850348
-0.557745
-1.002789
-1.170650
-0.687739
-0.967599
-1.153272
-0.945079
-0.874453
-0.929480
-0.597952
-0.334694
-0.466383
-0.273412
0.013277
0.358003
0.066974
-0.000265
-0.329287
-0.736214
-0.718424
-0.569341
-0.188510
-0.118143
0.271128
0.454159
0.797191
1.107028
1.323522
1.278200
1.658334
1.715380
1.183846
0.664406
0.439477
0.960203
0.938893
0.385430
0.146825
0.685444
1.426893
2.002405
2.002764
2.038766
1.044647
0.171611
1.028849
0.589797
0.028675
-0.071754
0.065789
0.086903
0.008800
-0.102054
-0.003434
0.186095
0.674282
0.794304
0.674490
0.902825
0.705249
0.061926
-0.810359
-0.815748
-0.706287
-0.577420
-0.514924
-0.201641
0.135875
0.146879
-0.480076
-1.108171
-0.616511
-0.023650
-0.018250
-0.259035
0.034512
1.038468
0.459915
-0.367277
-1.230704
-0.276697
0.705241
0.256062
0.209037
-0.309347
-0.456410
-1.132545
-1.651015
-0.602418
-0.219101
-1.439328
-2.260781
-0.029609
1.659171
0.837912
0.845441
1.608428
-0.243759
-2.396777
-0.415259
0.123201
-2.772993
-1.069737
-0.873892
-0.789408
-0.998705
-2.960110
-1.824544
-0.802339
-1.556464
-1.700439
-1.752175
-0.897015
0.835764
1.934787
2.187170
2.024708
1.998813
2.153750
2.353475
2.598981
2.603980
2.477818
2.277079
1.787470
1.077658
0.626407
0.780861
-0.273390
-0.581152
-0.451196
-0.653428
-0.809733
-0.323366
-0.500040
-0.398525
-0.179379
-0.105343
-0.295728
-0.537937
-1.000685
-1.014883
-0.987630
-0.825276
-0.510175
-0.593615
-0.792812
-0.699630
-0.172740
0.088540
0.067796
0.434347
-0.066149
-0.686750
-1.295516
-2.032224
-2.000731
-1.943730
-0.747877
-0.017813
-0.381779
0.499103
1.255722
1.800004
2.340549
0.416089
0.194495
2.133061
1.875387
2.348467
0.069166
-0.067875
0.350109
0.002816
-0.004129
0.443308
-0.120363
0.274615
0.113128
-0.176383
0.123980
-0.264007
-0.179619
-1.140483
-0.254016
1.383762
0.770330
0.419678
0.582243
0.929820
0.836418
0.817381
0.776880
0.119097
0.135797
0.300362
0.572816
0.447655
0.539268
0.834216
1.373030
1.557771
1.595725
1.791319
2.159317
1.962554
1.642805
1.254331
0.803853
0.607367
0.628814
0.860762
0.580850
0.567892
0.293556
-0.140674
0.128638
0.960316
1.277506
1.023181
0.616999
0.605263
-0.035882
0.451723
0.164576
-0.399123
0.129431
0.283624
-0.653422
-0.654565
-1.510553
-1.282446
-0.858997
-0.051526
-0.294651
-0.891164
-0.933517
-1.080042
-0.439870
-1.341539
0.061884
1.404191
0.273955
-1.728325
-2.804978
-1.482923
-2.788021
-1.334374
-0.490968
-1.826620
-1.288958
-2.425628
-2.392016
-1.075138
0.407236
-0.681046
-1.366532
-1.539124
-1.738831
0.816946
0.633966
1.229130
1.496514
0.945238
1.134864
-1.778231
-0.223073
1.655244
0.771621
-2.293282
-2.283751
-0.352736
0.046565
-0.127779
-1.170089
-1.323365
-0.922335
-1.242009
-1.007800
-0.205461
0.469759
0.296907
-0.081772
-0.189003
-0.936272
-0.791669
-0.267256
-1.273273
-1.590671
-1.199035
-0.488849
0.069171
0.626389
1.024465
0.683044
0.732090
1.247535
1.420319
1.130279
1.047532
0.734364
0.287461
-0.122640
-0.236548
-0.294215
-0.328040
-0.307685
0.080457
0.713145
1.451416
1.297598
0.783914
0.316924
-0.306736
-0.547455
-0.562224
-0.477518
-0.368102
-0.243665
-0.248413
-0.136411
0.155259
0.562355
0.732693
0.705892
0.596474
0.170449
-0.147189
-0.468566
-0.574280
-1.040914
-1.017683
-0.479334
-0.047815
-0.071142
0.451710
0.422132
0.285651
0.168747
0.207915
-0.186449
0.647379
1.422647
0.550183
0.072184
-0.169725
-0.065955
-0.016493
-0.158835
0.289877
0.134265
0.048846
0.381411
0.416788
0.339448
0.428098
0.547336
0.874512
1.137378
1.253767
0.393034
-0.359242
-0.879447
-0.887364
-0.654221
-0.178658
0.304482
1.251842
1.783291
2.283659
2.632576
2.592373
2.531669
2.198561
1.777166
1.341816
0.229039
-0.528926
-0.622369
-1.293936
-1.869197
-1.581058
-1.493398
-1.418666
-1.034563
-1.972407
-1.245022
-0.174501
-0.139769
-1.321558
-2.221474
-1.965252
-1.961707
-1.864076
-1.558808
-1.217303
-2.033500
-1.468225
-0.936464
-1.217587
-1.601697
-1.456305
-0.970543
-0.940256
0.241861
0.235709
-1.467851
-1.216134
-0.314541
0.669832
0.172232
0.681330
-0.053120
0.099020
0.063841
0.108049
-0.184900
-0.743153
-1.472120
0.544920
-1.603974
-1.270754
0.209677
0.402880
0.734192
0.676878
1.230049
1.075831
0.693796
0.582153
0.575243
0.606956
-0.152825
0.870990
0.619566
0.345037
0.129230
0.036963
0.893163
1.430843
1.465292
1.293512
1.260017
1.137895
1.294804
1.557829
0.927078
1.517363
1.704379
0.712822
0.897766
0.606778
0.583939
0.757082
0.569498
0.510897
0.257349
0.436638
0.479602
0.975333
0.793811
0.792926
0.483025
-0.111048
0.081115
-0.606500
-1.171011
-0.412426
-0.284839
-0.609688
-0.091143
-0.153722
0.075695
0.189337
0.266178
0.436834
1.342931
1.861441
1.900416
2.029544
1.860058
1.207741
0.479595
0.104391
-0.199604
-0.306247
0.110650
0.053267
-0.106731
0.002847
0.043952
0.008940
0.003082
0.171090
0.129867
0.076933
0.142896
0.084134
-0.364000
-1.104759
-1.541081
-1.704028
-1.759553
-1.657185
-1.594696
-1.414666
-1.229701
-1.314853
-1.099417
-1.443850
-2.170279
-2.484350
-2.433424
-2.416929
-2.154772
-1.824536
-1.377913
-0.935968
-0.893409
