0.644145
0.346444
0.231797
0.424783
0.856605
1.255607
1.546480
1.267648
1.064350
1.217959
0.902075
0.424446
0.196700
0.035113
0.197116
0.602119
1.173278
1.363093
1.417328
1.543322
1.672714
1.419028
0.944302
0.925623
0.703311
0.488678
0.628275
0.849351
1.249784
1.869363
2.742175
3.095855
2.694955
2.048769
1.448604
1.153404
1.054554
0.733217
0.395083
-0.034486
-0.594035
-0.788267
-0.762878
-0.902329
-0.814358
-0.343351
-0.230252
-0.314286
-0.334976
-0.614096
-1.066607
-1.606405
-1.821213
-1.793703
-1.810739
-1.963402
-2.192584
-2.084214
-1.918337
-1.849192
-1.714845
-1.499322
-1.472558
-1.647137
-1.734838
-1.710478
-1.570038
-1.159976
-0.684828
-0.389615
-0.051172
0.211304
0.464842
0.775332
0.664117
0.318761
-0.025092
-0.566125
-1.030111
-1.291043
-1.047366
-0.538000
-0.135362
0.119062
0.283586
0.359100
0.201519
0.033498
0.104704
0.307614
0.480187
0.776450
1.093205
1.477484
1.676646
1.439033
1.212958
1.329898
1.647603
1.809870
1.560705
1.093214
0.893985
0.700182
0.427060
0.195703
0.060862
0.089371
0.130846
0.070544
0.195404
0.331485
0.468050
0.681896
0.961222
1.012115
0.975246
0.829367
0.739492
0.891232
0.965729
0.949276
0.848311
0.792571
0.715586
0.496649
0.000754
-0.739197
-1.403367
-1.714223
-2.025601
-2.509918
-2.798362
-2.929983
-2.779574
-2.358693
-2.035055
-1.599369
-0.775908
-0.148233
0.180071
0.429871
0.436235
0.273982
0.168560
-0.061410
-0.360281
-0.520740
-0.598147
-0.812064
-0.851256
-0.578443
-0.286262
0.212426
0.610630
0.689097
0.405516
0.107150
-0.196410
-0.338614
-0.526433
-0.899455
-1.144800
-1.145208
-1.149154
-1.133728
-0.812231
-0.521277
-0.336328
-0.449271
-0.590746
-0.693211
-0.283451
0.284657
0.537183
0.546230
0.425583
0.112813
-0.182254
-0.615083
-0.947714
-0.944587
-0.719029
-0.355329
0.454210
1.151646
1.087665
0.906595
0.697818
0.481187
0.255286
0.199976
0.046052
-0.096706
-0.152949
-0.295766
-0.631168
-0.918156
-0.894626
-0.314915
0.163646
0.251310
0.161315
0.107560
-0.052035
-0.273452
-0.180116
0.028177
0.280662
0.588090
0.866681
1.051214
1.172765
1.069905
0.648438
0.101503
-0.375449
-0.496325
-0.660524
-0.815465
-0.909615
-0.705782
-0.386264
-0.159772
0.383695
1.008292
1.396634
1.636883
1.604568
1.354551
0.923816
0.120838
-0.612481
-0.975116
-0.627758
-0.378716
-0.062166
0.434188
0.673181
0.888764
1.338854
1.303221
0.926412
0.594124
0.255736
-0.191161
-0.691069
-1.044664
-0.988940
-0.807725
-0.484047
-0.087769
0.103057
0.263909
0.488610
0.420370
0.290061
0.211653
0.074540
0.038134
-0.103711
-0.269371
-0.477253
-0.633238
-0.689585
-0.719006
-0.558481
-0.557308
-0.582927
-0.666598
-0.689915
-0.649098
-0.780286
-1.083046
-1.314532
-1.572133
-1.832710
-1.756868
-1.447235
-1.004605
-0.430096
0.156931
0.509279
0.397046
0.611931
0.756180
0.633648
0.410377
0.227445
-0.040103
-0.152382
0.098505
0.437723
0.774881
0.941386
1.109840
0.868697
0.302668
0.183068
0.174584
0.207868
0.430319
0.713786
0.725809
0.443223
0.194082
-0.097443
-0.078418
0.247096
0.342238
0.167362
0.166117
-0.150625
-0.456212
-0.497448
-0.413687
-0.390615
-0.229174
-0.051224
0.075012
0.438977
0.876147
1.137233
1.465718
1.563414
1.335471
1.114998
1.038481
1.014673
0.950913
0.922549
0.711034
0.374462
0.185878
-0.052442
-0.192568
-0.234001
-0.334850
-0.464963
-0.244133
0.074026
0.124849
0.199383
0.265815
-0.015814
-0.182900
-0.058997
-0.129378
-0.395430
-0.368449
-0.451473
-0.301164
0.075079
0.292770
0.618379
1.020904
0.926588
0.789543
0.760174
0.456946
0.240054
0.183241
-0.019711
-0.345443
-0.445646
-0.307192
-0.450700
-0.413797
-0.229914
-0.164398
-0.272560
-0.300006
-0.031910
0.155720
0.138633
0.137596
0.041899
-0.038934
-0.058603
-0.254315
-0.514396
-0.475740
-0.332718
-0.307027
-0.212279
-0.109480
-0.111500
-0.378319
-0.699692
-0.965869
-1.238246
-1.219130
-1.132982
-1.157147
-1.269036
-1.100271
-1.151014
-1.303591
-1.318842
-1.107091
-1.247349
-1.487319
-1.527014
-1.386873
-0.856818
-0.268679
0.043535
0.552936
1.001247
1.256585
1.381430
1.003841
0.315870
-0.007410
-0.232383
-0.564430
-0.605955
-0.203866
0.318553
0.851268
1.754873
2.263045
2.680456
2.754864
2.550499
2.262711
1.821248
1.090679
0.650898
0.354503
0.380219
0.474406
0.702781
0.826933
0.858483
0.829830
0.465129
0.221111
0.048087
-0.193848
-0.522362
-0.821323
-0.920948
-1.112697
-1.256553
-1.223324
-1.257227
-1.084029
-0.799446
-0.716534
-0.732236
-0.723947
-1.054552
-1.313430
-1.555846
-1.842489
-1.883668
-1.868003
-1.586175
-1.306607
-0.930005
-0.730208
-0.459573
-0.180319
0.041269
-0.088809
-0.373192
-0.897347
-1.316792
-1.455140
-1.580712
-1.313505
-0.927063
-0.562293
-0.291759
0.214559
0.627387
0.653180
0.550025
0.555745
0.393544
0.377089
0.654663
0.645733
0.650023
0.740570
0.672283
0.796504
0.986735
1.170191
1.431921
1.629807
1.829698
1.947818
2.158340
2.016449
1.905238
1.966591
1.816255
1.335370
0.888892
0.654460
0.186592
-0.164473
-0.201263
-0.047034
0.094186
0.305127
0.323874
0.245560
0.307891
0.127690
-0.223581
-0.326529
-0.543746
-1.154579
-1.519835
-1.577891
-1.229594
-0.704553
-0.251221
-0.103863
-0.150802
-0.392222
-0.789018
-1.354434
-1.879568
-2.232352
-2.414790
-2.412918
-2.087863
-1.449189
-1.014036
-0.840731
-0.685988
-0.707388
-1.039833
-1.296905
-1.467043
-1.484379
-1.501894
-1.309642
-0.948795
-0.547323
-0.671687
-0.780935
-0.779364
-0.753216
-0.757897
-0.533941
-0.363510
-0.489135
-0.429864
-0.367452
-0.744402
-1.206176
-1.470866
-1.425647
-1.082956
-0.810029
-0.444365
-0.020583
0.434815
0.885518
0.943962
0.870481
0.421150
-0.125734
-0.456571
-0.436356
-0.051112
0.592812
0.913783
1.324640
1.936113
2.414346
2.515184
2.421728
2.423242
2.104624
1.719428
1.525172
1.432130
1.421020
1.241980
0.877155
1.010243
1.014532
0.915140
1.003014
1.163617
1.062463
0.812700
0.651122
0.800444
1.033753
1.294404
1.409667
1.794475
2.128012
2.075434
1.504038
0.928461
0.462491
-0.012507
-0.078569
0.051134
-0.165941
-0.291992
-0.165304
0.085490
0.432884
0.667309
1.031009
1.414413
1.509893
1.474422
1.443219
1.394190
0.863326
0.311709
0.200955
-0.083612
-0.503038
-0.894792
-1.593279
-2.203698
-2.505047
-2.656734
-2.419731
-1.805209
-1.263594
-0.878411
-0.388754
0.051807
0.281982
0.466725
0.420337
-0.225611
-1.034167
-1.498262
-1.599962
-1.407134
-0.670581
-0.311186
-0.114617
0.143313
0.231610
0.289179
0.328164
0.473642
0.324399
-0.283661
-1.111755
-1.602203
-1.558343
-1.556849
-1.522793
-1.106342
-0.751096
-0.356980
0.207182
0.789449
1.551725
2.032919
2.030766
1.272589
0.557364
-0.050970
-0.659529
-1.151214
-1.516150
-1.892752
-1.608669
-1.116930
-0.861114
-0.822707
-0.987144
-0.983201
-0.791161
-0.796806
-0.810947
-0.713712
-0.153740
0.639639
1.464478
2.045100
1.965224
1.643077
1.296922
0.906694
0.311856
-0.089173
-0.374309
-0.858566
-1.462090
-1.808886
-1.561855
-0.964653
-0.603845
-0.815987
-1.086130
-1.247770
-1.454587
-1.507652
-1.441035
-1.640398
-1.745184
-1.461019
-1.050715
-0.385240
0.452599
1.306885
1.778899
1.966707
1.845397
1.679414
1.193312
0.702988
0.425008
0.234200
0.166780
0.182756
0.223249
0.173569
0.206788
0.130321
-0.281765
-0.796956
-0.809376
-0.765171
-0.711594
-0.600644
-0.696849
-0.896325
-0.921561
-1.080001
-1.231105
-0.893523
-0.468548
-0.241560
0.063745
0.424666
0.561970
0.829035
0.801617
0.596501
0.764687
1.093964
0.827800
0.736968
0.977036
1.117735
1.277536
1.625389
1.892426
2.192023
2.286486
1.990564
1.615535
1.340450
1.232102
0.821343
0.739210
0.829193
0.897538
1.077208
1.004490
0.790666
0.726161
0.846850
0.529966
0.049080
-0.547855
-0.951923
-1.009526
-0.576385
-0.213666
-0.008986
0.359946
0.448291
0.409862
0.376593
0.079874
-0.331721
-0.497380
-0.690174
-0.904763
-0.983888
-0.866535
-0.696674
-0.512559
-0.325064
-0.089198
0.131398
0.116929
-0.009618
-0.202977
-0.578571
-0.763495
-0.657266
-0.743539
-1.148034
-1.358662
-1.415201
-1.309796
-1.103729
-0.869704
-0.621594
-0.604567
-0.565456
-0.891462
-1.412367
-1.680630
-1.870988
-1.918066
-1.626679
-1.369758
-1.024462
-0.526241
-0.062252
0.273715
0.286993
0.106540
-0.102261
-0.150606
-0.202256
-0.371088
-0.242541
-0.196765
-0.412597
-0.456814
-0.421026
-0.456947
-0.672593
-0.821818
-0.878157
-0.815829
-0.627144
-0.851415
-0.937280
-0.824796
-0.995038
-0.949127
-0.720600
-0.544721
-0.255814
0.124809
0.349265
0.123742
0.008160
0.154832
0.262654
0.425523
0.492247
0.646347
0.782496
0.762022
0.586446
0.663816
0.866452
0.824924
0.734196
0.865755
0.886922
0.913806
1.023316
1.109881
1.242770
1.423188
1.445528
1.611236
1.711390
1.498399
1.194166
0.912172
0.610132
0.222369
0.303371
0.935224
1.688939
2.340380
2.719617
2.715872
2.481820
1.916103
1.325585
0.993880
0.447044
-0.005405
-0.232047
-0.365835
-0.645726
-0.285582
0.314630
0.586961
1.048396
1.392668
1.399606
1.358250
1.208190
0.667955
0.484701
0.274508
-0.207243
-0.566266
-0.654001
-0.823823
-1.003350
-1.063131
-1.065198
-0.986012
-0.929167
-0.926177
-0.867949
-0.703252
-0.732027
-0.741273
-0.630605
-0.658701
-1.030160
-1.252145
-1.197280
-1.203651
-1.116621
-0.902978
-0.655539
-0.499675
-0.425144
-0.312860
-0.355235
-0.482834
-0.531564
-0.274818
-0.017090
0.116609
0.210925
0.584832
0.470555
0.421790
0.551402
0.183012
-0.359953
-0.733131
-1.006232
-0.843640
-0.701887
-0.866419
-0.825805
-0.572470
-0.375838
0.030218
0.407423
0.614943
0.545921
0.483092
0.331391
0.311336
0.574487
0.907963
1.067181
1.147965
1.082031
0.709693
0.203364
-0.132370
-0.742034
-1.040514
-1.076556
-1.332549
-1.231984
-1.049459
-1.027053
-0.735074
-0.106299
0.211033
0.430761
0.867904
1.150492
1.344126
1.404112
1.209195
1.135801
0.839768
0.203352
-0.528261
-0.745029
-0.479389
-0.159061
-0.057183
0.263998
0.233744
0.052342
-0.337090
-0.796320
-0.972783
-1.002118
-1.140298
-1.010898
-0.633277
-0.064655
0.593269
0.954902
1.087251
1.066620
0.870308
0.540935
0.499871
0.514366
0.227007
-0.109669
-0.442618
-0.711405
-0.684825
-0.466908
-0.401236
-0.296548
-0.051209
0.032849
0.163868
0.411662
0.813160
1.009707
0.904511
