-0.703766
-1.635841
-2.503426
-2.513592
-1.938844
-1.321553
-1.119388
0.040630
0.847329
1.315807
1.793599
1.877305
2.478757
2.628536
2.036326
1.135510
0.632069
0.250523
0.228572
0.122024
-0.429983
-0.769530
-0.952130
-1.246075
-1.358288
-1.190232
-0.637088
-0.065494
0.201023
0.938443
1.562483
1.041887
1.048286
0.999087
0.468681
0.164530
-0.150591
-0.309686
-0.220876
-0.796967
-1.091919
-1.082604
-1.322545
-1.147690
-0.850486
-0.672025
-0.610770
-0.631796
-0.658346
-1.033338
-1.550253
-1.818162
-2.284349
-2.425152
-1.001684
-0.031490
-0.163093
0.155944
0.465151
-0.165798
-1.067313
-1.504380
-1.202242
-0.895879
-1.103196
-1.069229
-1.057865
-0.776899
-0.142127
1.061909
2.053956
2.943670
3.552291
3.786515
3.634846
2.629334
1.897591
1.085196
0.288945
-0.325996
-0.718810
-0.395795
0.593646
1.293754
1.689796
2.057336
2.206431
2.162750
1.988728
1.993466
2.048318
1.997079
1.435251
0.691150
-0.028260
0.022496
0.173740
0.056840
0.116523
0.235991
0.076250
-0.191394
-0.371033
0.090428
0.267030
-0.313048
-0.583755
-0.457384
-0.404148
-0.576121
-0.770234
-1.036330
-0.937980
-0.283874
0.181644
0.159651
0.108170
0.180810
0.148532
-0.281762
-0.270790
-0.024221
-0.071163
0.122521
0.645881
1.072337
1.130931
0.954819
0.431795
-0.159025
-0.569801
-0.582754
-0.515924
-0.690319
-1.392444
-1.283000
-1.032229
-1.260963
-1.153107
-1.037141
-1.049477
-0.899142
-0.625742
-0.483739
-0.084081
0.418939
0.739495
0.796150
1.054876
0.950384
0.449349
0.274979
0.036728
-0.197136
-0.479832
-0.380168
-0.221752
0.008328
0.324373
0.765610
1.054383
0.918823
0.325379
-0.392533
-1.026617
-1.456111
-1.477389
-1.268195
-1.380992
-1.080745
-0.462198
-0.151534
0.123913
0.340705
0.679601
0.513533
0.446571
0.483790
0.179694
-0.131435
-0.397535
-0.393391
-0.182257
0.032949
0.121503
0.243021
-0.021493
-0.444643
-0.632650
-1.012620
-0.681404
-0.395994
-0.334137
-0.165448
-0.422329
-0.885075
-1.246089
-1.720087
-1.325013
-0.458871
0.001453
0.391149
0.542868
0.562826
0.529426
0.322933
0.444027
0.719147
1.055405
1.104901
1.931667
2.542576
2.437825
1.583322
0.482986
-0.512688
-1.238421
-1.130211
-0.809241
-0.392638
0.103656
0.549275
0.521024
0.192245
-0.164632
0.038438
0.288925
0.164277
-0.232933
0.072314
0.584560
0.686253
1.058230
1.109373
1.022527
0.897406
0.775795
0.805498
0.308393
0.506291
0.836883
0.609846
0.023731
-0.592019
-0.676467
-0.456606
-0.493619
-0.606858
0.008060
0.068367
-0.311365
0.127679
0.291948
0.234084
-0.009258
-0.011938
-0.188899
-0.746091
-0.747995
-0.255164
-0.262462
-0.481103
-0.487291
-0.336127
-0.052918
-0.093694
-0.151071
-0.418748
-1.081503
-1.010857
-0.770791
-0.894770
-0.615267
-0.563930
-0.237569
-0.311400
-0.574006
-1.018038
-0.874462
-0.823888
-0.868683
-0.899494
-0.703611
-0.583037
-0.746448
-0.822883
-0.444206
-0.202406
0.272649
0.995986
1.205941
1.448898
1.811420
1.721380
1.493886
0.995327
0.852187
0.996817
0.925237
0.464112
0.056608
-0.275740
-0.524652
-1.047167
-1.241836
-1.302709
-1.331133
-1.756656
-1.413111
-0.928346
-0.716217
-0.364235
-0.159441
-0.206448
-0.081390
-0.151043
-0.478266
-1.158984
-1.545129
-1.911234
-1.600163
-1.105257
-0.848749
-0.411814
-0.192043
0.133885
0.466327
0.719308
1.135065
1.771430
2.005692
1.545613
1.008510
0.576268
0.615766
0.966003
1.180366
0.955528
1.593427
1.976338
1.947180
1.745258
1.215259
0.854232
0.662582
0.258831
0.423864
0.871668
0.877850
0.912706
1.072865
1.274612
1.324077
1.525624
1.690417
1.416000
1.020073
0.838492
0.440019
-0.050386
-0.515804
-0.046594
0.495709
0.690329
0.554942
0.558658
0.726353
0.774347
0.477804
0.025283
-0.118885
-0.426211
-0.790972
-0.809885
-0.560666
0.069334
0.394077
0.557973
0.440703
0.268258
0.101774
0.062628
-0.288909
-0.346915
-0.401155
-0.624514
-1.349758
-1.344574
-0.781164
-0.775143
-1.138612
-1.203601
-1.000005
-0.762752
-0.734652
-1.232837
-1.479014
-1.591656
-1.884459
-1.962719
-1.878405
-2.018262
-1.891162
-1.523060
-1.538186
-1.023827
-0.424349
-0.646592
-1.040105
-0.789512
-0.173385
0.226127
0.483576
0.053509
-0.064796
0.122342
-0.027307
-0.306577
-0.511562
-0.702088
-0.759869
-1.074076
-1.419020
-1.228377
-0.687110
-0.346750
-0.302828
-0.373695
-0.688825
-0.903490
-0.870317
-0.926158
-0.713893
-0.550193
-0.691626
-0.369206
-0.042955
0.172221
0.122739
0.070566
-0.007720
-0.138043
-0.453280
-0.079397
0.539491
0.582622
0.355359
0.495323
0.695240
0.627055
0.517623
0.348864
-0.180398
-0.794366
-0.574532
-0.145738
-0.111673
-0.180342
-0.435774
-0.783634
-1.090623
-1.363516
-0.820860
-0.449126
-0.337026
-0.153255
0.184750
0.113027
0.365862
0.723679
0.377460
0.195663
0.441817
0.926829
1.195856
1.418567
1.335883
1.639306
1.953369
1.871485
1.657437
1.547027
1.556110
0.820850
0.828254
1.310368
1.219026
1.024921
0.650746
0.178169
0.167961
0.071470
-0.113584
-0.136022
-0.486739
-0.586115
-0.013495
-0.022520
-0.041972
0.218084
0.072930
-0.151654
-0.599529
-0.167494
-0.038150
0.437160
0.986386
0.817722
0.665358
0.292350
0.015368
0.044138
-0.426453
-0.026083
0.400896
0.304662
0.175213
0.368349
0.473731
0.545718
0.071077
-0.089742
-0.150244
-0.379803
-0.726595
-0.849597
-0.920024
-0.940144
-0.731966
-0.639168
-0.656588
-0.526040
-0.036398
0.372978
0.756952
0.906639
0.463565
-0.148818
-0.465446
-0.306890
-0.148654
0.019243
-0.129697
0.137261
-0.116972
-0.082808
-0.623477
-0.678322
-0.230337
0.340799
0.748095
0.579945
0.564722
-0.166340
-0.485145
-0.286687
-0.096366
-0.211909
0.066651
0.073046
-0.070423
0.227877
1.014532
1.339859
1.144607
0.863982
0.443280
-0.105841
-0.543339
-0.781484
-0.176472
1.043240
1.381537
0.848964
0.312145
0.046849
0.450515
0.865209
0.778637
0.896687
0.650358
0.390437
0.354893
-0.021134
-0.437301
-0.384747
-0.662607
-0.658623
-0.613167
-0.587850
-0.734642
-0.417967
-0.573372
-0.608534
-0.316922
-0.545431
-0.465841
-0.130785
0.474587
0.828763
1.384508
1.429107
0.749875
0.129029
-0.416873
-0.327170
-1.508438
-1.704875
-1.691255
-2.061064
-1.546331
-1.075793
-0.667082
-0.093171
-1.026804
-0.718854
-0.407167
-0.722871
0.472369
0.757337
0.830735
1.578622
1.917257
2.346476
2.364945
2.246366
1.705144
1.124319
0.380523
0.068386
-0.372395
-0.461666
-0.397726
-1.004007
-1.495550
-1.366888
-0.938036
-0.279526
-0.061836
-0.149095
-0.137755
0.084482
0.160135
0.241427
0.089719
-0.190898
-0.296449
-0.268921
-0.374985
-0.688027
-0.406722
-0.244878
-0.514654
-0.895333
-1.182958
-1.389839
-1.295833
-0.800806
-0.877866
-1.125398
-1.049641
-1.198473
-0.780502
0.237180
0.608081
1.237496
2.029032
2.245268
2.155737
1.793313
0.953420
1.275886
1.496840
1.061283
1.265514
0.883598
0.569810
0.081772
-0.631162
-0.551383
-0.557163
-0.577600
-0.179505
0.294885
0.635569
0.931070
1.170539
1.430294
1.095418
0.900911
1.188128
0.483394
-0.050495
-0.159916
-0.535760
-0.986152
-1.001830
-0.856855
-0.515472
-0.130309
-0.054445
-0.144010
-0.359870
-0.452324
-0.611308
-0.432677
-0.338191
-0.389296
0.440540
1.350655
1.787674
2.007527
1.978163
1.616941
1.508814
1.438353
1.578852
1.203991
0.463114
0.094797
0.382193
0.742805
0.853397
1.174638
1.014119
0.968671
0.866546
-0.045921
-0.643376
-0.930793
-1.408988
-1.695838
-1.996135
-1.580818
-1.218037
-0.985671
-0.300148
0.217020
0.304817
0.422276
0.727332
0.594234
0.536546
0.542195
-0.091511
0.140528
0.855404
0.538007
0.163204
-0.643691
-1.127011
-0.445121
0.014855
0.679084
1.146847
0.962163
0.277865
0.312705
1.270235
1.580257
1.032511
0.617194
0.256090
0.507745
-0.095595
-0.186575
0.050676
-0.767440
-1.050751
-1.224836
-1.246359
-1.493366
-0.875465
-0.678020
-1.126550
-1.476406
-1.530545
-1.223596
-1.038433
-1.087274
-0.608048
-0.839609
-0.163700
0.251743
0.151964
0.107937
-0.333273
-0.530710
-0.275971
-0.390633
-0.249829
0.271062
-0.106729
-0.604520
-0.667501
-0.231622
0.143465
0.247729
0.376292
0.397951
0.628971
0.693577
0.238554
0.042918
-0.036287
-0.348214
-0.614639
-0.843835
-0.960622
-0.932960
-1.239881
-1.402552
-1.285850
-1.013336
-0.364941
-0.066933
-0.309606
-0.777790
-1.310396
-1.639460
-1.562352
-1.295226
-1.186462
-1.244924
-1.341848
-1.498784
-0.845501
-0.167709
0.003466
0.065848
-0.133245
0.075681
-0.239906
-0.560143
-0.576656
-0.864645
-1.206910
-1.302340
-1.140944
-0.805850
-0.827584
-0.496182
-0.181546
0.151992
0.188925
-0.116522
-0.093277
0.503930
0.443442
0.053515
-0.551205
-0.717347
-0.394641
-0.085905
0.002502
0.479276
0.934050
0.996440
1.032175
0.954993
0.863905
0.985945
0.953466
0.766511
0.974440
1.103712
0.529748
0.191977
0.367253
0.875469
1.444426
2.203351
2.699106
2.957862
3.636968
3.984150
3.852332
3.246482
2.727590
2.487832
2.593555
2.653286
2.347186
1.439898
0.586191
-0.621869
-0.782413
-0.599155
-0.430777
-0.496079
-0.710379
-0.797281
-1.171539
-1.229421
-1.057855
-1.054862
-1.250314
-1.334373
-1.235756
-1.020398
-1.220915
-0.861514
-0.656117
-1.027508
-1.309780
-2.058100
-1.637612
-0.966307
-0.935715
-0.926438
-0.930867
-1.368789
-1.114528
-0.480836
-0.039881
0.002025
-0.485103
-1.039256
-1.160146
-1.467525
-1.242235
-1.175937
-1.373302
-1.471261
-1.171838
-1.336079
-0.733003
-0.159159
0.032483
0.273302
0.306619
0.407650
0.072122
0.052746
0.124126
-0.331831
-0.478671
-0.608633
-0.489087
-0.195860
-0.291640
-0.510506
0.028543
0.613630
0.609580
0.916258
1.105796
0.978968
0.674039
0.651054
0.552837
1.005718
1.598397
1.514708
1.333831
1.158435
0.775928
0.118864
0.200893
0.465582
0.316965
0.153811
0.244595
0.107349
0.061818
-0.208399
-0.029540
0.202880
-0.028018
-0.103125
-0.153999
-0.449833
-0.958572
-1.196243
-0.441375
0.256061
0.461998
0.688576
0.798857
1.147472
1.318162
1.776521
1.851267
2.530793
2.937483
2.408445
1.756573
1.118415
0.557894
0.067563
-0.132241
-0.440714
-0.590741
-0.299004
-0.099748
-0.242376
-0.279525
0.076708
0.427987
0.569574
0.697669
0.673935
0.434838
0.524943
0.411564
-0.208873
-0.826858
-0.972364
-0.956653
-1.072420
-0.981771
-0.886128
-1.063340
-1.299083
-2.003010
-2.277264
-2.048285
-2.084484
-1.974828
-1.620598
-1.199386
-0.752580
-0.309722
-0.178144
