-1.201821
-0.939159
-0.503533
-0.101004
0.205006
0.024993
-0.239425
-0.917550
-1.150919
-1.221099
-1.355710
-1.312119
-1.160004
-1.024426
-1.250063
-1.346170
-1.186062
-1.094245
-0.772159
-0.681142
-1.019607
-0.937221
-0.769000
-1.046714
-1.274758
-1.289005
-0.963452
-0.849978
-0.882765
-0.522091
0.005361
0.461892
-0.205311
-0.800454
-0.800579
-0.714399
-0.578552
-0.432632
-0.465763
-0.258656
-0.195113
-0.162626
0.086740
0.406810
0.549321
0.012365
-0.377000
-0.455956
-0.185622
0.517212
1.006995
0.929263
0.716425
0.638659
0.971157
1.239819
1.181116
0.861459
0.563053
0.922424
1.267970
1.313019
1.426387
1.053826
1.161155
1.423836
1.706507
1.507389
1.036348
0.949779
0.994623
1.112389
1.029081
1.189915
1.568684
1.596602
1.363130
0.663615
0.189805
0.067499
0.248857
0.387588
0.743099
0.684840
0.531776
0.820981
1.285955
1.428904
0.948723
0.572682
0.424105
0.404768
0.359195
0.539715
0.577773
0.260192
-0.028387
0.321477
0.710542
0.358160
0.194549
0.064811
-0.206254
-0.590239
-0.730167
-0.380508
0.092729
0.522071
0.745256
0.803531
0.656005
0.098809
0.068145
0.197001
0.172778
0.113279
-0.049895
-0.137071
0.007783
0.226877
0.436875
0.827140
0.571057
0.593386
1.152057
1.251970
0.502223
0.331906
0.335028
0.113063
-0.487603
-0.766048
-0.439545
0.156895
0.332943
-0.002483
0.328903
0.491678
0.185334
-0.064259
0.152818
0.281358
0.441274
0.570170
0.377756
-0.082207
-0.538389
-0.908329
-0.796133
-0.892652
-0.651031
-0.497075
-0.034182
0.301007
0.589791
0.409102
0.143798
0.597673
1.150266
1.139997
1.110114
0.880532
0.741864
0.710381
0.380832
0.123502
-0.221364
-0.112705
0.415018
0.521773
0.255093
0.210996
0.112066
0.075887
0.178057
0.474599
0.281946
-0.032043
0.138242
0.505362
0.353922
0.186324
-0.178018
-0.534675
-0.749884
-0.996268
-0.946406
-0.674023
-0.498732
-0.516534
-0.281047
-0.242931
-0.343909
-0.212383
-0.047758
-0.296004
-0.408908
-0.152960
0.151203
0.418260
0.728640
0.853590
0.752135
0.818310
0.967128
0.623260
0.265697
0.487920
0.809203
1.194146
1.496620
1.276975
1.139417
1.649328
1.937772
1.420355
0.959893
0.889260
0.727393
0.646948
0.348517
0.115948
-0.084675
-0.286096
-0.332867
-0.102449
-0.229857
-0.239090
-0.576500
-0.816368
-0.503259
-0.464807
-0.724290
-0.870207
-0.853975
-0.631294
-0.431329
-0.188397
0.117172
0.474144
0.879571
1.319561
1.453749
1.671206
2.039952
1.734872
1.493856
1.303018
1.543214
1.856830
2.076239
1.877696
1.385406
0.889263
0.300033
0.042009
0.388121
0.683185
0.658945
0.450588
0.143296
0.303941
0.756458
1.321845
1.318980
0.842647
0.754640
0.993369
1.220294
1.149461
1.015333
1.159449
1.085296
1.102267
1.124816
1.326620
1.498859
1.165126
0.677621
0.173363
-0.012236
0.034851
0.367599
0.698317
0.464136
-0.153081
-0.463500
-0.307733
-0.212226
0.165884
0.407383
0.558168
0.864427
0.832858
0.720687
0.622901
0.388931
-0.257968
-0.256609
0.055518
0.521805
0.651331
0.513717
0.270597
0.066815
0.562646
0.849807
1.003362
0.849228
0.403261
-0.149288
-0.077520
0.186285
0.117262
-0.000350
-0.376560
-0.602203
-0.492483
-0.830206
-1.424242
-1.761998
-1.939200
-2.034560
-1.853141
-1.860570
-2.106341
-2.285646
-2.267156
-2.097191
-2.009376
-2.177005
-2.329218
-2.599009
-2.741176
-2.607702
-2.530912
-2.404476
-2.052452
-2.044203
-2.486703
-2.467333
-2.199908
-1.800831
-1.389118
-1.920832
-2.200795
-1.219225
-0.291852
-0.062906
-0.102411
-0.226884
0.163375
0.448085
0.491418
0.602610
0.562989
0.186677
-0.075696
-0.153670
-0.484617
-0.873263
-0.516482
-1.020270
-1.671756
-1.960731
-1.956695
-1.699592
-1.401927
-1.182214
-1.280020
-1.340937
-0.762271
-0.267301
-0.308237
-0.447581
-0.639159
-0.620213
-0.482147
-0.530652
-0.218429
0.119040
0.671212
0.533360
0.339546
0.154025
-0.176072
-0.432175
-0.399078
-0.229717
0.501864
0.766892
0.854596
0.743407
0.362743
-0.183421
-0.797308
-0.784570
-0.828633
-1.139241
-1.287107
-0.781373
-0.277606
-0.040485
-0.219456
-0.672319
-0.657713
-0.410034
-0.265266
-0.063224
0.108066
0.362922
0.389944
0.196545
0.129463
0.152067
-0.032840
-0.362343
-0.418103
-0.223552
-0.129442
-0.682313
-1.310506
-1.468549
-0.892759
-0.648817
-0.285498
0.313507
0.290006
0.227795
0.100306
-0.477659
-0.956589
-0.979117
-0.965949
-1.145255
-1.299480
-1.271606
-0.906206
-0.748850
-0.575026
-0.284556
-0.167458
-0.381722
-0.818184
-1.291683
-1.355917
-1.127466
-1.089203
-1.340930
-1.816432
-1.815261
-1.333788
-0.412038
-0.141500
-0.258482
0.258582
0.701228
0.842355
0.860604
0.793399
1.231027
1.287591
1.019992
0.428044
0.155457
0.364483
0.032772
-0.043005
0.358055
0.663324
0.396074
-0.151380
-0.345540
-0.371815
-0.017998
0.242948
0.302504
0.337470
0.342256
0.335150
0.351595
0.201194
0.188852
0.497253
0.977103
0.772858
0.135065
-0.573869
-0.413279
0.018990
-0.142825
-0.552510
-0.807298
-0.399977
-0.254490
0.291620
0.613167
0.837911
0.760313
0.592308
0.927242
1.464023
1.554314
1.422424
1.200376
1.398166
2.171303
2.454029
2.216685
1.663513
1.346863
1.293861
1.322613
1.699798
1.881188
2.043873
2.180279
2.179350
2.274572
2.563151
2.853209
2.660252
2.210348
1.699339
1.245415
1.196196
1.172638
1.083122
0.780601
0.680729
0.713006
0.497035
0.241103
-0.307422
-0.670839
-0.790807
-0.656722
-0.616671
-0.714141
0.090359
0.660704
0.752682
0.799395
0.910243
0.861281
0.976908
0.794592
0.874683
0.977239
0.936746
0.480981
0.194930
0.047974
-0.094543
0.106759
0.163618
-0.067894
-0.400440
-0.822419
-1.274426
-1.653230
-2.292739
-2.589247
-2.681546
-2.741931
-2.614415
-2.369235
-2.179187
-1.900617
-1.299901
-0.674790
-0.280227
-0.156433
-0.208355
0.145520
0.419515
0.509063
0.564556
0.464197
0.066084
-0.111004
0.022543
-0.283239
-0.812904
-1.444254
-1.546952
-1.346320
-1.126723
-1.022053
-0.888489
-0.510108
-0.160384
0.124569
0.050427
-0.139015
-0.011477
0.082430
0.104834
0.184287
-0.078108
-0.005274
-0.215607
-0.217490
-0.092710
-0.103048
-0.267352
-0.146163
-0.195671
0.007439
-0.169314
-0.040288
-0.256512
-0.397910
-0.582386
-0.816181
-0.483763
-0.030387
0.048892
-0.155286
-0.369476
-0.599897
-0.323922
-0.192857
-0.273150
-0.000113
0.055395
0.197997
0.027558
0.191783
-0.004372
-0.087441
0.132717
0.051541
0.044363
-0.131535
-0.318673
-0.582153
-0.805511
-0.858808
-1.112850
-1.357691
-1.678070
-1.780710
-1.619668
-1.331466
-0.938470
-0.885515
-1.227044
-1.719748
-1.568024
-1.459546
-1.599451
-1.838415
-2.145097
-2.233068
-2.048339
-2.004671
-1.789800
-1.734944
-1.881148
-1.554556
-1.144507
-0.829975
-0.974604
-1.623290
-1.779958
-1.658776
-1.474443
-1.169367
-0.795963
-0.109917
0.683950
1.251599
1.417931
1.055147
0.677095
0.276046
-0.263785
-0.496946
-0.683226
-0.693852
-0.849972
-0.871370
-0.591314
-0.459188
-0.380549
-0.079565
0.160621
0.190968
0.153325
-0.012672
0.001037
-0.547083
-0.756449
-1.063330
-0.726320
-0.284146
0.224125
0.151066
-0.142663
0.348172
0.238730
-0.557166
-0.593104
-0.691934
-1.311064
-1.487985
-1.134527
-0.997543
-0.762837
-0.448125
-0.367244
-0.342613
-0.525060
-0.544632
-0.145201
-0.137883
-0.368589
-0.579471
-0.218653
0.321301
0.736630
1.080372
1.041575
0.868983
0.312123
0.259075
0.245527
0.448328
0.896651
0.705813
0.720779
0.947850
1.079559
1.257751
1.196770
0.973936
0.991172
1.048889
0.949269
1.024089
1.408693
1.310207
1.258868
1.612703
1.606302
2.088492
2.143857
1.896079
2.163872
2.808872
2.812747
2.330107
1.838476
1.256961
1.299242
1.263537
0.748347
0.097319
-0.058486
-0.077725
0.145421
0.159762
0.306234
0.403588
0.055292
0.155645
0.683170
0.925843
0.578160
0.168505
-0.360328
-0.427764
-0.393833
-0.154247
-0.392928
-0.498327
-0.784869
-0.824211
-1.021632
-1.091749
-1.127870
-1.014169
-1.102699
-0.789672
-0.185122
0.041768
-0.333382
-0.574062
-0.486049
-0.816817
-1.186539
-1.352801
-1.153762
-0.674436
-0.185596
0.054901
0.192858
-0.297472
-0.790073
-0.955311
-0.683068
0.041017
0.378992
0.224431
0.296056
0.905698
1.251814
1.557116
1.529520
1.087641
0.920117
1.234569
1.707502
1.925472
1.475425
1.338279
1.422500
1.454776
1.207832
0.831202
1.095349
1.022390
1.151695
1.349145
0.964736
1.513382
2.007387
1.783312
1.334626
0.980159
0.957309
1.230879
1.544654
1.193633
1.029392
1.004096
0.962009
1.089915
1.090238
0.673185
0.151375
0.234231
0.404003
0.639636
0.545232
0.566638
0.610316
0.548246
0.165283
-0.400638
-0.516791
-0.326341
0.045027
0.087145
-0.076142
-0.502007
-0.988627
-0.910586
-0.640461
-0.587641
-0.456425
-0.696081
-0.728396
-0.686732
-0.842331
-1.488945
-1.908571
-1.498266
-1.530373
-1.960044
-2.546585
-2.196717
-1.628529
-1.265920
-1.335961
-1.748032
-1.941084
-1.707159
-1.791770
-1.893027
-0.629832
0.195183
-0.304743
-0.149507
0.243382
0.199977
-0.071490
-0.361888
-0.408674
-0.681738
-0.773260
-1.000347
-1.057983
-0.148952
0.364873
0.339810
0.508457
0.772519
1.404366
1.760323
1.793093
1.399575
1.034783
1.188047
1.359522
1.476379
1.569526
1.811287
2.213383
2.290707
1.865105
1.316924
1.172396
1.561969
1.941402
1.964378
1.843278
1.857814
1.982341
1.635259
1.531510
1.414850
1.180037
1.020942
0.835142
0.577652
0.709990
0.822384
0.710876
0.473991
0.620421
0.563396
0.239853
-0.775581
-1.269879
-0.516438
0.004468
0.080521
0.165856
0.149468
0.554164
0.235640
-0.262782
0.151658
0.430174
0.198191
-0.125882
-0.369627
-0.254913
-0.160191
-0.515347
-1.005983
-1.194523
-1.073692
-1.053161
-0.908960
-1.006431
-1.125783
-1.298711
-1.362094
-1.266189
-0.849781
-0.670175
-0.655579
-0.477074
-0.242673
0.110216
0.325885
0.125573
-0.115351
-0.397188
-0.763504
-0.815256
-0.580509
-0.389067
-0.311348
-0.189012
-0.005262
-0.074645
0.532343
1.551868
1.694330
0.718066
0.364640
0.419359
-0.004824
-0.568821
-0.487993
-0.602229
-0.795726
-1.216119
-1.453475
-1.519177
-1.215541
-1.152241
-0.703301
-0.253256
-0.101345
-0.344775
-0.392353
0.119709
0.192033
-0.009610
-0.439201
-0.263621
-0.259680
-0.247937
-0.482611
-1.048265
-1.282842
-1.197078
-0.768889
-0.905365
-0.936846
-0.953442
-1.054658
-0.785024
-0.586825
-0.205783
0.270784
-0.130574
-0.927183
-1.169908
