0.633952
0.510487
-0.073498
0.244806
1.136624
0.886727
0.979369
1.191071
0.407279
-0.178409
-0.146062
-0.326090
-0.355486
0.080394
0.000599
0.093506
-0.151096
0.252521
1.180635
1.526323
1.056459
0.689603
0.944527
0.544877
-0.281352
-0.796435
-1.554337
-2.606793
-2.425913
-1.677450
-0.188106
0.459891
0.226887
-0.132436
0.341366
0.708678
0.897262
1.319049
1.506490
1.093674
1.429560
1.722309
1.835051
2.279378
2.243757
2.446343
2.839577
2.008319
0.947413
0.741692
0.947643
1.306601
1.478026
1.610612
1.378975
1.299281
1.465444
1.248016
0.571895
0.575458
1.295694
1.131906
0.567637
0.036105
0.178040
0.549760
0.701675
0.177700
-0.731038
-1.339502
-1.269951
-1.332862
-1.922439
-1.451612
-0.925796
-0.865640
-0.460974
-0.717579
-1.149011
-1.304578
-0.790927
0.342509
1.069465
1.002829
0.535560
0.448848
0.641680
0.861453
0.654612
0.111264
0.400330
0.606924
0.805544
0.851121
1.130304
0.675190
0.493821
0.993725
1.569374
2.035345
1.786820
1.337723
0.706662
-0.052716
0.000680
-0.242670
-0.300258
0.317087
0.881699
0.955489
0.962800
0.408507
-0.122253
-0.431588
-0.712819
-0.300163
0.202072
0.307379
0.282143
0.105209
0.156191
0.011857
0.413523
0.444521
0.703455
1.301919
1.463862
1.220288
1.203298
1.128595
0.775846
0.127437
-0.409977
-0.296362
-0.285591
-0.772562
-1.260287
-1.982507
-2.400719
-2.273044
-1.971693
-1.545696
-0.849770
-0.628018
-0.138017
0.171437
0.231368
-0.048756
0.114105
-0.019884
0.074997
0.302937
0.245210
-0.003996
-0.324749
-0.604014
-0.257796
0.224170
1.260361
1.210469
0.199662
-0.133241
-0.304418
-0.121799
0.121016
-0.002756
-0.233857
-0.295123
0.211147
0.387875
-0.223068
-0.538853
-0.457091
-0.762049
-0.606022
-0.661224
-0.695235
-0.664253
-0.434945
-0.377977
0.133440
0.615247
0.357254
-0.137865
-0.210250
0.162137
0.224320
0.135557
0.626454
0.587620
0.185722
-0.454557
-0.340002
-0.178716
-0.445528
-1.037774
-1.916158
-1.787196
-0.883844
-0.520217
-0.344101
-0.630425
-0.749824
-0.431728
-0.246461
-0.271174
-0.038817
0.298111
0.270147
-0.426634
-0.975985
-0.545082
0.219016
0.191043
-0.597003
-1.548725
-1.954514
-1.585677
-1.322263
-1.193396
-1.126577
-0.975434
-1.020514
-0.819023
-0.643410
-1.059396
-1.717373
-1.956526
-1.958048
-2.538692
-2.797222
-2.736757
-2.141870
-1.155918
-0.418839
0.145040
0.677399
0.767015
0.469563
0.469795
0.784948
0.928874
0.881728
0.935950
0.740399
-0.164202
-0.505894
-0.785154
-0.218271
0.945969
0.783689
0.267526
0.312853
0.324421
0.709174
0.839191
0.845700
1.014772
0.966882
0.670533
0.251047
0.007190
-0.086266
0.203292
0.199314
-0.454837
-0.824656
-0.521751
-0.206729
-1.026545
-1.453475
-1.246112
-0.613231
-0.356241
-0.332213
-0.264059
-0.251298
-0.254811
-0.471816
-0.712007
-0.969658
-0.890122
-0.435327
-0.704976
-1.030069
-1.179518
-1.384074
-1.408330
-1.509179
-0.991340
-0.422747
-0.206269
0.706935
1.625420
1.710244
1.341062
0.775719
0.330402
0.084474
0.277280
0.486202
1.182637
1.699030
2.323718
2.550293
2.793144
2.724895
2.683235
2.433769
1.793367
1.500284
1.133023
0.558394
-0.032763
-0.224472
-0.294060
-0.373868
-0.674227
-1.143061
-1.260257
-1.495703
-1.012940
-0.911887
-0.872147
-0.649026
-1.252100
-1.253341
-1.708781
-1.953916
-1.598576
-1.597848
-1.809154
-2.212138
-1.949667
-1.509737
-0.900537
-0.470329
0.266008
0.270351
-0.351139
-0.536264
-0.377128
-0.049442
-0.192440
-0.435133
-0.356916
0.057649
0.425599
0.998042
0.936140
0.501477
0.788461
0.462053
0.033992
0.188351
0.359693
-0.176942
-0.781714
-1.130501
-1.342284
-1.153056
-0.636437
-0.359445
-0.563550
-1.247830
-1.454342
-0.821268
0.065885
0.116042
0.213722
0.383987
0.239445
0.431130
0.607736
-0.045463
-0.311416
-1.013872
-0.836423
0.051325
0.506084
0.748240
1.040776
1.323407
1.287807
1.037276
0.826822
0.471295
0.269448
0.249872
0.798576
1.407034
1.288245
1.126806
1.051012
0.773924
0.416942
0.158594
-0.178686
-0.574309
-0.277151
0.191460
1.138403
1.007986
0.497550
0.328654
0.370260
0.714093
0.674497
0.233326
-0.476837
-0.851798
-1.550174
-1.585198
-0.949589
-0.663427
-0.920119
-1.632323
-1.476273
-1.220410
-1.082661
-0.633213
-0.557290
-0.090599
0.503719
1.358923
1.856228
1.718527
1.685903
1.358974
0.955689
0.386780
0.174567
0.129062
-0.086096
-0.094446
-0.301441
-0.743853
-0.965351
-0.499237
0.003940
-0.066798
-0.137675
0.541335
1.385693
1.428698
1.099032
1.211291
1.045001
0.462162
0.268834
0.511191
-0.016021
-0.908461
-1.268737
-0.928678
-0.663672
-0.530171
-0.362784
-0.111219
-0.225767
0.381756
0.707929
0.577008
0.250412
-0.134845
-0.332983
-0.545726
-0.672363
-0.618012
-0.187124
0.170608
-0.122487
-0.158590
-0.180825
-0.630516
-0.770698
-0.716453
-0.186806
-0.427841
-0.685350
-1.384171
-2.088355
-2.112526
-1.465085
-1.032382
-0.827869
-0.991568
-1.268292
-0.804816
-0.416841
-0.153255
-0.248017
-0.587479
-0.007811
0.427585
0.478278
-0.030427
-0.673515
-0.561997
-0.080713
-0.075530
-0.037768
0.313900
-0.138190
-0.708308
-1.141113
-0.768135
-0.382715
-0.733614
-0.787092
-0.023963
0.404985
0.713898
1.244622
1.510648
2.019681
3.171234
3.650934
3.783123
3.455142
2.902653
2.394244
2.250786
2.234608
1.590247
1.055052
1.248650
1.357839
1.673669
1.782816
2.294491
2.235170
1.894002
1.868703
2.092554
2.633706
2.345776
1.693871
1.332283
1.734493
1.769234
0.941812
0.546997
0.700877
0.625800
0.050236
-0.705220
-0.594035
-0.444533
0.461445
0.769585
0.832266
0.373501
-0.305451
-0.259457
0.060041
-0.027891
-0.270340
-0.658227
-1.059411
-1.344709
-1.305884
-0.783721
-0.430745
-0.740803
-0.811480
-0.959380
-0.907685
-0.740280
-0.606560
-0.453286
-0.393761
-0.229040
-0.074818
0.183100
-0.151194
-0.033943
0.043094
0.115787
0.015912
0.265518
0.705384
0.755009
0.253340
-0.644674
-1.034843
-0.997054
-1.427904
-1.749609
-2.023857
-1.986678
-1.529618
-1.346102
-1.427939
-1.231025
-1.053975
-0.668663
0.091030
0.689425
1.025559
1.119560
0.834681
0.612897
0.559817
0.800153
0.833953
0.521106
0.226029
0.302990
0.291056
0.470172
0.636892
0.185819
-0.063142
-0.161400
0.554851
0.972128
1.096425
1.060607
1.230150
0.903172
0.798075
0.484718
0.132711
-0.669686
-0.818954
-0.613883
-0.369406
-0.389051
-0.201618
-0.047942
0.526660
0.647428
0.163464
0.145628
-0.121292
-0.472820
-0.563697
-0.411341
-0.247235
-1.039897
-1.498775
-0.700443
-0.243448
-0.317288
-0.712780
-0.646305
-0.420096
-0.389442
-0.660018
-0.969257
-0.434718
0.415097
0.463284
-0.147103
-0.626476
-0.572982
-0.260535
-0.177081
0.107983
0.094496
0.168388
0.364557
0.652043
0.451843
0.694165
0.395525
0.170217
0.346061
0.411772
0.678165
1.072629
1.393687
1.865324
1.595324
1.551494
1.942510
1.914827
1.598209
0.837204
0.327128
0.089146
-0.669321
-0.747429
-0.302118
0.295171
0.231966
-0.149120
0.126442
-0.187682
-0.899229
-0.851765
-1.124460
-1.174564
-1.607691
-0.892174
-0.278338
0.420121
0.792698
1.120756
1.342242
0.942947
0.552396
1.005103
1.115508
-0.005798
-0.966016
-0.716070
-0.532777
-0.447448
-0.251053
-0.138773
-0.111735
-0.612781
-0.654191
-1.083209
-1.080158
-1.138538
-1.183663
-0.675636
-0.414277
-0.340140
-0.598793
-0.185785
0.310486
0.266199
-0.033769
0.209290
0.243148
0.115438
-0.156572
0.111854
-0.054030
0.114614
-0.373825
0.015420
-0.067503
-0.291367
-0.925666
-1.042797
-0.669842
-0.602794
-0.987165
-1.030001
-0.517357
-0.774012
-1.307359
-0.989958
-0.633628
-0.509522
-0.328781
-0.111126
-0.540642
-0.982639
-1.308684
-1.009518
-0.599231
-0.359412
-0.555753
-0.757824
-0.770324
-0.460549
0.033364
-0.018082
0.124178
0.135982
-0.184461
0.342860
0.948813
0.225420
-0.343271
-0.377059
-0.449303
-0.409308
-0.352792
-0.464917
-0.363560
-0.068155
-0.129874
0.084274
0.489419
0.665673
0.582782
0.467157
0.434841
0.566467
0.640969
0.572828
-0.023155
0.339569
0.368601
0.095888
0.324843
0.615393
0.835307
1.047035
1.380897
1.084172
0.629789
0.398625
-0.326086
-0.662689
-0.124377
0.337702
-0.124530
0.463112
0.368562
-0.339469
-0.389619
0.060241
0.635356
0.155145
-0.618191
-0.180850
0.843367
1.159469
0.735646
0.357263
0.394932
0.795099
0.774662
0.426839
0.558988
0.745602
0.298056
-0.235589
-0.202704
-0.026457
0.610471
0.935581
0.676932
0.878667
0.798660
0.760268
0.485088
-0.252407
-0.280487
-0.084060
-0.139931
-0.365899
-0.463752
0.000396
0.348852
0.096317
-0.071991
-0.224227
0.300836
0.630399
0.558424
1.236658
1.653768
1.506681
1.311480
0.871819
0.682638
0.236719
0.367291
0.384783
0.712409
0.832620
0.410647
0.097478
-0.249409
-0.768268
-0.922539
-1.145652
-1.321646
-0.694338
-0.591631
-1.343620
-1.954305
-2.061125
-1.320669
-0.043688
0.212024
0.107678
0.016718
-0.251281
-0.167083
0.444339
1.039603
0.890167
0.344402
0.372044
0.849365
1.402055
1.086923
0.221852
-0.676585
-0.281770
-0.413174
-0.511794
-0.091056
-0.673618
-0.847873
-0.841981
-0.402799
0.298188
0.905330
1.329798
1.130846
0.935796
0.113305
0.052456
0.272333
0.510378
0.693925
0.356344
0.203768
0.521424
0.402418
0.292672
-0.461191
-0.895261
-0.602123
-0.323037
-0.284032
0.028938
0.296791
0.214880
-0.302487
-0.687080
-0.594247
-0.920219
-1.869764
-2.842355
-3.426205
-3.009033
-2.378841
-1.790734
-1.624259
-1.668656
-1.266712
-1.234753
-1.201124
-1.441775
-1.853326
-1.597084
-1.003290
-0.148984
0.790479
1.104637
1.122214
0.175532
0.043438
0.203755
0.355686
-0.115528
-0.963411
-2.254641
-2.597074
-2.127917
-1.606272
-1.875115
-1.947940
-1.976185
-1.719256
-1.068920
-1.241739
-1.262564
-1.117115
-0.552653
-0.491164
-1.394879
-1.558291
-1.098373
-0.532432
-0.268856
-0.669779
-0.473880
-0.348553
-0.754046
-0.795682
-1.115175
-1.029861
-0.290098
0.051251
0.680816
0.702467
0.889363
1.526995
1.704047
1.632887
0.532306
-0.439434
-0.625340
-1.214199
-1.282727
-0.944242
-1.095672
-1.356990
-1.692986
-1.038972
-0.167989
0.253523
0.341398
0.752521
1.872526
2.564638
2.474263
2.401149
1.937755
2.045218
2.005788
1.657190
1.426768
1.418141
0.946157
0.365666
-0.688556
-1.495308
-1.121476
-0.527056
-0.235431
-0.059912
0.624483
0.512406
0.426959
0.949871
0.969182
0.902008
0.585401
-0.513364
-1.331427
