-1.411242
-1.314313
-1.214429
-1.819941
-2.015479
-1.691340
-0.775934
-0.947430
-1.184858
-1.423141
-1.387700
-1.512280
-1.527584
-1.223478
-1.112889
-0.871078
-0.543093
-0.791715
-0.804381
-1.215633
-1.219450
-1.304966
-1.306572
-1.752956
-2.147651
-2.160330
-1.831768
-1.716707
-1.242678
-0.375054
-0.185114
-0.064089
-0.058623
0.017707
0.355318
0.272796
0.578005
0.895860
1.200244
0.732423
0.121750
-0.014827
0.403828
0.389150
0.363318
-0.175575
-0.564237
-0.475266
0.301429
1.174934
1.498722
1.253672
1.377986
0.962785
0.788826
0.887497
0.659123
0.338988
0.209527
-0.100920
-0.089831
0.290698
0.404827
-0.137024
-0.196641
-0.101479
0.351649
0.657252
0.521631
1.109184
1.153504
1.438851
1.691056
1.683688
1.559646
2.090616
1.517841
0.645998
0.339145
0.214345
0.394436
0.368118
0.558396
0.666543
0.682551
0.806099
0.765504
0.738457
0.762913
0.723733
0.909423
0.553877
0.673970
0.514630
0.554610
0.573461
0.622351
0.467542
0.181233
0.332699
0.002007
-0.630635
-0.564942
0.057556
0.421232
0.605608
1.081194
1.510925
1.733958
2.130294
1.816706
0.921349
1.228218
1.190312
1.166752
0.936746
0.771647
0.517079
0.324341
0.208009
0.082502
-0.034125
-0.296102
-0.273624
0.124515
0.227576
-0.021832
0.144444
0.823906
0.432819
-0.003421
0.055671
0.556155
1.155808
1.500532
1.670768
1.497426
1.322662
1.181894
0.931451
0.813071
0.436278
0.766549
0.722887
0.356568
-0.104830
-0.560743
-0.258513
-0.146406
-0.075109
-0.337227
-0.183905
0.111151
0.279305
0.906936
0.728353
0.293654
0.402870
0.450468
0.444288
0.583486
0.354030
0.380397
1.024197
0.863367
0.436696
0.088673
0.194746
-0.117924
-0.519156
-0.113799
-0.493353
-0.758998
-0.793748
-0.187194
0.109689
0.253482
0.107492
-0.057152
0.140658
-0.011798
-0.348153
-0.715764
-0.737901
-0.784448
-0.863204
-0.812165
-1.044991
-1.037806
-0.380250
0.363029
0.398051
0.126323
0.261137
0.260128
0.347972
0.402768
0.827189
0.796445
1.066188
1.211860
0.998244
1.062194
0.793445
0.777296
0.434442
-0.263275
0.125574
0.448188
0.839030
1.481273
0.584682
0.110124
1.298940
2.261474
2.245131
1.613946
1.039136
0.369975
0.120535
-0.179899
-0.244730
-0.277421
-0.817097
-0.864182
-0.630562
-1.095738
-1.443604
-1.613164
-1.179993
-0.531185
-0.324860
-0.753700
-1.235843
-1.387131
-1.501525
-1.470339
-1.056478
-0.748858
-0.387840
-0.315779
0.293965
0.765146
1.321780
1.691342
1.889581
1.310880
1.288870
1.531499
1.509495
1.391813
0.518110
-0.146782
-0.643764
-1.236948
-0.992161
-0.476091
0.157850
0.135114
-0.073812
-0.215538
-0.055475
0.568534
1.476279
1.473394
1.329945
1.579089
1.654287
1.714271
1.979881
1.507934
1.315296
1.070508
0.751518
0.606603
0.974882
1.146618
1.150052
0.830234
0.830437
0.475137
0.689336
1.025135
1.358914
1.628521
1.177287
0.866445
0.854800
0.444752
0.994681
1.575471
1.221141
0.686346
0.486056
0.373133
0.273918
0.375292
0.232789
0.403405
0.549170
0.676689
0.802909
0.666055
0.084390
-0.124093
0.034011
-0.015482
0.309233
0.326674
0.217120
0.167058
-0.099272
-0.341546
-0.240919
-0.356008
-0.057599
0.221440
-0.008334
-0.516780
-1.281593
-1.957705
-2.136920
-1.895181
-1.715861
-1.722515
-1.798987
-1.811863
-1.624793
-1.285230
-1.027544
-1.195473
-1.348708
-1.448553
-1.757639
-1.961936
-1.718494
-1.424470
-1.070909
-1.398693
-2.011864
-1.827137
-1.224337
-0.824246
-1.084425
-1.621357
-2.070001
-0.915042
-0.323343
-0.599880
-0.638826
-0.256272
0.138255
0.087963
0.132416
0.581263
1.048411
0.839686
0.744010
0.833970
-0.173855
-0.734393
-0.714620
-1.054982
-1.371452
-1.657383
-1.656639
-1.738863
-1.438375
-1.047081
-0.976245
-0.702323
0.047033
0.546974
0.675045
0.700783
0.507919
0.864662
1.173830
0.620436
0.258436
0.428046
0.309271
0.002862
0.482417
0.294808
0.130129
-0.127693
0.074908
0.415529
0.644982
1.080245
1.168537
0.888988
0.677542
0.464627
0.013410
0.367292
0.327076
0.010241
0.195819
-0.138180
-0.137228
0.267450
0.258226
-0.195188
-0.351429
-0.270544
0.043652
0.078593
0.080926
0.338317
0.535627
0.510229
0.273398
-0.210867
0.108356
-0.221708
-0.445458
-0.247945
0.014418
-0.206912
-0.332287
0.018125
-0.080193
-0.681036
-0.482911
-0.047518
-0.239629
-0.639177
-0.937621
-1.518647
-1.829003
-1.850027
-1.837598
-1.849650
-1.500378
-0.966953
-0.598273
-0.777598
-1.278922
-0.987328
-0.870274
-1.256100
-2.201682
-2.338951
-2.572080
-2.683081
-2.141735
-2.227484
-2.367682
-2.198046
-1.545642
-0.953864
-0.679758
-1.136982
-0.956695
-0.342690
0.139700
0.328109
0.094540
0.029733
0.254309
0.321828
-0.275811
-0.212350
-0.169623
-0.672773
-0.746653
-0.845764
-0.539288
-0.472260
-0.684807
-0.542531
-0.739089
-0.385389
-0.288657
-0.225385
-0.190185
-0.016089
0.146043
0.499517
0.855122
0.338186
0.314217
0.628005
1.095392
1.127130
0.752002
0.745218
0.671695
0.507973
0.096360
0.006670
0.078161
0.562359
0.773557
0.422610
0.984951
0.909324
0.404106
0.738792
1.277526
1.201615
1.409077
1.356497
1.722397
2.498239
2.783683
2.378768
1.485829
0.998597
0.774291
0.968359
1.178794
1.022821
0.339330
0.139743
0.138808
0.403121
0.862883
1.154098
1.465216
0.675379
-0.004183
-0.122589
-0.342239
-0.195855
0.220246
0.756308
0.823397
0.689083
0.134749
0.043908
-0.341422
-0.539749
-0.490450
-0.861523
-0.991413
-0.922696
-0.787552
-0.545997
-0.791279
-0.241252
-0.129661
-0.178161
-0.060177
0.601111
0.850196
0.784159
0.743394
0.287045
0.001566
-0.144704
-0.288178
-0.423279
-1.039856
-1.272080
-1.099009
-1.181926
-0.961490
-1.342836
-1.308684
-1.098478
-1.359854
-1.253767
-1.124605
-0.876990
-0.857457
-0.916474
-0.314132
0.314331
0.543928
0.669377
0.787144
0.974181
1.249190
1.171706
1.227572
1.298295
0.563982
0.215599
0.179936
-0.632547
-1.164736
-1.292581
-1.226720
-0.856354
-0.296616
-0.361523
-0.734804
-0.184637
0.170870
-0.051037
0.208695
0.020559
-0.524944
-0.431953
0.095078
0.174205
-0.424322
-0.687088
-0.731131
-0.903992
-0.611533
-0.286848
-0.454677
-0.501132
-0.721096
-0.352307
-0.529418
-0.567983
-0.615538
-0.756235
-0.942774
-1.008032
-0.843490
-1.064215
-1.154510
-1.360900
-1.237951
-1.300633
-0.685064
-0.214542
-0.126917
-0.023006
-0.137234
-0.499893
-1.008372
-0.842203
-1.205654
-1.629513
-1.411195
-1.155176
-1.163237
-1.170199
-0.515483
-0.277010
0.005977
-0.551385
-1.485097
-1.734897
-1.887319
-1.819700
-1.825210
-1.535898
-1.311213
-0.920165
-1.261494
-1.756680
-1.940846
-1.665662
-1.638891
-1.540054
-1.174141
-1.261861
-1.411156
-1.534824
-1.657081
-1.939588
-1.750706
-1.423572
-1.177578
-1.197844
-1.344273
-1.826361
-1.813135
-1.692800
-1.507230
-0.862366
-0.489782
-0.140186
0.657359
1.563978
1.563038
1.198679
0.818090
0.415999
0.377950
0.310891
0.125698
-0.220178
0.130517
0.783624
0.726982
0.352150
-0.580266
-0.108806
0.637538
0.837370
0.970423
0.803312
-0.028488
-0.412654
-0.286579
-0.426239
-0.424637
0.020505
0.364554
0.123373
-0.173977
0.317541
0.039938
-0.929000
-1.473059
-1.404886
-1.014851
-1.025430
-1.006549
-0.193890
0.042391
-0.314681
-0.401646
-0.544550
-0.895854
-0.408537
-0.340848
-0.332656
0.106443
-0.106696
0.087262
0.631664
0.715358
1.063074
1.362579
1.355637
0.962655
0.233773
-0.119271
0.085716
0.877278
0.854458
1.205596
1.434190
2.073817
2.254862
1.857379
1.634723
1.989812
2.047086
1.607396
1.174027
1.559563
1.124327
1.237785
1.591589
1.585900
1.902870
1.958606
1.374725
1.645158
2.462101
2.132405
1.141172
0.983156
0.566178
0.608743
1.249123
0.899761
0.077582
-0.080950
0.403397
0.459583
0.811763
0.623960
0.047328
-0.136514
-0.037983
0.152028
0.056082
0.548384
0.472928
-0.057082
-0.632850
-0.766289
-0.352446
-0.421780
-0.360255
-0.308492
-0.010357
0.126983
-0.283006
0.187668
0.133674
-0.293205
-0.316641
-0.046614
0.350255
0.481274
0.409927
0.330075
0.164715
-0.039030
-0.203931
-0.342120
-0.032175
0.289823
0.363477
0.166287
-0.157227
-0.481360
-0.477595
-0.204352
-0.150885
0.358643
0.709237
0.948971
1.391756
1.570089
1.708157
1.511078
1.067900
1.405447
1.722834
1.859552
1.910529
1.796850
1.657958
1.407497
1.272361
1.358179
1.313444
1.241625
1.337457
1.635263
2.339375
2.120945
2.000202
2.163924
1.603102
1.153072
0.965504
0.943342
0.542429
0.857482
1.012796
1.019226
0.824461
0.611985
0.571468
0.738587
0.487192
-0.036457
-0.289134
0.051059
0.626854
0.871205
0.385734
0.426389
0.025321
-0.697946
-0.762294
-0.712437
-0.523203
0.018289
0.398428
0.231554
-0.702540
-1.694480
-2.118777
-1.845190
-1.453435
-1.151232
-1.390813
-1.255729
-0.543274
-0.362196
-0.844686
-1.099503
-1.025021
-1.227457
-1.321441
-1.404884
-1.728159
-1.662350
-1.464926
-1.703073
-2.117909
-1.975343
-1.234489
-1.320494
-1.592545
-0.660274
-0.165807
-0.332179
-0.009918
-0.120605
-0.162635
0.575643
0.621876
-0.938841
-0.540750
0.711482
0.144308
0.425570
0.666118
0.507913
1.325791
1.665677
1.594597
2.058912
2.582484
2.447085
2.223386
1.860284
1.508385
1.512554
1.290789
1.888266
2.300948
2.368828
1.602720
0.668896
0.453121
0.306798
0.531353
0.745705
0.094195
-0.027717
0.322993
0.786919
0.610118
0.505672
0.218124
0.487093
1.001578
0.139884
-0.289463
0.349976
0.632405
0.517658
0.445991
0.425771
0.199907
-0.125807
-0.811142
-1.304616
-0.712905
-0.358631
0.054021
-0.030195
0.121764
0.193104
0.380287
0.385555
0.632656
0.742935
0.847133
1.197201
1.292054
1.576819
1.671352
0.808442
0.146056
-0.042924
0.078718
-0.062369
-0.260809
-0.197941
-0.317269
-0.488869
-0.720306
-0.954847
-1.036737
-1.030328
-0.853826
-0.333882
-0.603269
-0.586583
-0.540428
-0.404338
-0.812834
-1.263371
-1.125107
-0.839468
-0.603146
-0.578051
-0.330512
-0.204880
-0.020722
-0.432450
0.174460
0.531151
0.341022
0.198773
0.348346
0.574380
0.652721
0.254222
0.168716
-0.452414
-0.984948
-1.072073
-0.976600
-1.042742
-0.905526
-1.010258
-0.898532
-1.120951
-1.304934
-1.550819
-1.260981
-1.254166
-1.182181
-1.553634
-1.481591
-1.305664
-0.626202
-0.782012
-1.016604
-1.582725
-1.650419
-1.565753
-1.303130
-1.440522
-1.638194
-1.653234
-1.421532
-0.815682
-0.280064
0.275308
0.418994
0.183397
0.222894
0.146997
