0.686092
1.207288
1.294077
1.357738
0.909821
0.319684
0.385375
0.389045
0.464879
0.694804
0.874117
0.912248
1.045310
1.016811
0.966531
1.176643
1.022515
0.655812
-0.072150
-0.272516
-0.135824
0.513184
1.228914
2.001438
2.534562
2.527695
2.238441
2.051970
2.173262
1.764622
1.057780
0.585939
0.302182
0.075767
0.078497
0.006792
-0.307128
-0.315215
-0.485598
-0.890034
-1.269989
-1.100214
-0.884859
-1.470464
-1.925582
-1.524038
-0.555044
0.385652
0.330781
-0.649755
-1.378130
-1.440392
-1.332374
-1.400399
-1.697927
-2.195671
-2.249735
-1.658274
-1.045195
-0.580880
-0.711438
-0.966214
-0.722822
-0.177489
0.063486
-0.142275
-0.039384
0.077903
0.536956
1.041128
0.789025
0.453590
0.522120
0.659971
0.558549
0.430179
0.511620
0.768075
0.792059
0.679388
0.396754
0.093874
-0.169328
-0.514470
-0.498420
-0.819574
-0.568550
-0.019222
0.146281
-0.174144
-0.742546
-1.189398
-1.237746
-1.526828
-1.055086
-0.173197
0.159911
-0.549485
-0.944636
-0.961520
-0.374868
0.244276
0.301358
0.248275
0.411543
0.143243
-0.311145
-0.376869
-0.475821
-0.422008
-0.106932
0.423958
0.399967
-0.061481
-0.512641
-0.858868
-1.004380
-1.074992
-0.809672
-0.329529
-0.290089
-0.684176
-0.778157
-1.335626
-1.986705
-1.890854
-1.825420
-1.827316
-2.104567
-1.718817
-0.657497
-0.604016
-0.739855
-0.653633
-0.791070
-0.643150
-0.070349
0.643260
1.237945
2.320723
2.654863
2.331704
1.608917
0.839109
0.223834
-0.461329
-0.993251
-1.169762
-0.497455
-0.149133
-0.514783
-0.818546
-1.143429
-1.141558
-0.888946
-0.747190
-0.832172
-0.616294
-0.288563
-0.716065
-1.027876
-0.790251
-0.487326
-0.220670
0.220838
0.575594
0.848074
0.354745
-0.343323
-0.549824
-0.638847
-0.383150
-0.461237
-0.198688
-0.115004
-0.294042
-0.026965
0.136811
0.144364
0.021375
0.321651
0.610704
0.721806
0.409823
0.371527
0.735917
0.782415
0.582111
0.155682
-0.431247
-0.222406
0.376575
0.138229
-0.026629
-0.309698
-0.091235
0.531318
0.893682
0.871297
0.674964
0.519392
0.187405
-0.054047
-0.567546
-0.861592
-0.862519
-1.178146
-1.427881
-1.438186
-1.090144
-0.534152
-0.299212
-0.416703
-0.542005
-0.583887
-0.750792
-0.862248
-1.351092
-1.639789
-1.421709
-1.105699
-1.017777
-1.334691
-0.789612
-0.253524
-0.190543
0.275024
0.838268
0.981564
1.207262
1.469834
1.500588
1.132265
0.577552
0.161829
-0.081824
0.231662
0.447017
0.281564
0.022495
-0.341277
-0.971826
-1.145758
-1.529721
-1.645581
-1.335551
-1.399272
-1.704697
-1.924540
-2.085748
-1.899556
-1.351959
-1.064197
-0.768460
-0.274061
0.218649
0.085813
-0.521591
-0.681361
-0.572286
-0.266912
-0.132073
0.119504
0.186998
0.040238
-0.090762
-0.164906
-0.233241
-0.323188
-0.096700
0.651511
0.341977
-0.161321
-0.287955
0.023189
-0.388665
-1.109180
-0.815599
-0.656529
-0.367815
-0.385912
-0.638904
-0.633537
-0.485602
-0.113463
-0.214919
-0.192274
0.376729
0.313182
0.214020
-0.004685
-0.308416
-0.187609
-0.215224
-0.024747
0.031073
0.259202
0.714501
0.574243
-0.162429
-0.492898
-0.538094
-0.941261
-1.442525
-1.343576
-1.068319
-1.111324
-1.115553
-0.659166
-0.175239
0.498278
0.843860
0.921854
0.867156
0.631400
0.313686
-0.025111
-0.229004
-0.091677
0.548400
0.832803
0.819214
1.171323
1.318685
1.170830
1.108533
1.381643
1.974862
2.123537
1.626174
1.626632
1.781933
2.278672
2.451271
1.841083
1.467072
1.427654
1.588493
1.454352
1.358534
1.364220
1.009770
0.487621
0.412072
0.662646
0.856156
0.987773
0.483739
-0.042966
-0.218925
-0.175027
0.027783
0.276831
0.606065
0.414837
0.385866
0.639383
1.131130
2.072685
2.645816
2.880028
2.606611
2.160193
2.175956
2.228706
1.643856
0.700468
0.098221
-0.280914
-0.219364
-0.278353
-0.499099
-0.493201
-0.381919
-0.368080
0.329907
0.782019
0.619956
0.147632
-0.020540
-0.019538
-0.260622
-0.378370
-0.833564
-1.431445
-1.146030
-0.504546
-0.184250
-0.463161
-1.127175
-1.472361
-1.684135
-1.634291
-1.090403
-0.414138
0.197181
0.366794
0.198208
0.345056
0.639946
0.069718
-0.790722
-1.168840
-0.884106
-0.406203
0.030798
-0.473801
-0.779927
-0.170433
1.127760
2.074829
2.392648
1.937758
1.731973
2.034610
1.872864
1.590218
0.967278
0.566192
0.212927
0.300624
0.478117
0.065519
-0.166284
-0.255601
-0.511955
-0.273650
-0.005701
0.228373
0.399687
0.762492
0.931927
0.773616
0.493803
0.625390
0.776210
1.089041
1.267317
0.825048
0.535814
0.354378
0.165463
-0.171904
-0.123757
0.336014
0.568422
0.609747
0.778930
0.844495
1.011124
1.156372
0.709205
0.941290
1.183764
0.640103
0.071336
0.169939
0.016302
-0.394882
-0.445084
-0.350776
-0.015631
0.038782
0.380815
0.289583
0.186650
0.326489
0.268624
0.339480
0.170928
0.222795
0.326618
0.592362
0.996436
1.297469
1.101523
0.876428
1.195522
1.923857
2.208959
2.223343
2.097365
1.945242
1.358016
0.765160
0.583661
0.458505
0.132552
-0.448228
-0.225720
0.351154
0.861128
0.921014
0.406193
-0.184965
-0.722707
-0.877035
-0.683279
-0.454124
-0.742505
-1.323616
-1.725148
-1.640584
-1.456023
-1.497420
-1.907195
-1.960623
-1.999045
-1.909608
-1.525116
-1.802103
-2.145529
-1.987486
-1.804637
-2.084387
-2.103385
-2.272661
-2.273474
-2.622851
-3.088853
-3.126412
-3.150975
-2.679031
-2.104968
-1.342269
-0.958250
-1.117437
-1.481442
-1.607459
-1.841912
-2.096528
-1.996909
-1.216704
-0.836631
-0.724797
-0.535497
-0.709431
-0.391653
-0.049766
-0.358740
-0.566772
-0.345033
-0.168337
-0.359882
-0.255650
-0.148893
-0.299787
-0.806744
-1.008363
-1.188038
-1.145443
-0.377375
0.942288
1.683131
1.712113
1.761849
1.850666
2.289646
2.514497
1.980617
1.360694
0.959741
0.423258
0.342521
0.428338
0.109931
0.327203
0.193562
0.284414
0.224419
0.047138
-0.037646
-0.070760
-0.110625
0.051893
0.144478
-0.062773
-0.447052
-0.667747
-0.427601
-0.011135
-0.332811
-0.309006
0.240467
1.139143
1.484868
1.083363
0.704157
0.645759
0.609904
0.366695
-0.037310
-0.520666
-0.594031
-0.462636
-0.351074
-0.130378
0.030457
-0.191327
-0.267971
-0.490021
-0.388247
-0.398553
-0.583525
-0.598211
-0.317728
-0.355958
0.027794
-0.097254
-0.393272
-0.280407
-0.175354
-0.149113
-0.024821
-0.223648
-0.804065
-1.140110
-1.076434
-0.825142
-0.574051
-0.340013
-0.384275
-0.408180
-0.189908
0.040390
0.083271
-0.083349
-0.232439
-0.230182
0.472265
1.253790
1.146441
0.934091
0.780707
0.488231
0.038863
-0.197287
-0.095650
0.007667
0.059774
0.411166
0.569323
0.199706
0.054844
0.015633
0.206563
0.544200
0.975335
0.835661
0.102886
-0.387719
-0.801579
-0.569324
-0.113455
0.100922
0.556694
1.174807
1.501249
1.402146
1.415747
1.118652
0.761803
0.459891
0.474885
0.781408
1.374236
1.618730
1.347302
0.895764
0.634016
-0.222654
-0.976418
-1.495372
-2.071189
-2.097008
-1.706450
-1.618890
-1.369848
-0.711131
-0.432806
-0.003651
0.445310
0.862248
0.957255
0.775784
0.697467
0.672301
0.446744
-0.100874
-0.702278
-0.270466
0.595717
1.555927
2.094055
2.116928
1.976036
1.353107
0.935086
0.729671
0.611374
0.743621
0.939321
1.400016
1.504173
1.559259
1.747461
2.022536
1.754675
0.723395
0.207582
0.194277
0.553624
0.866424
1.286593
1.275206
1.200398
1.209666
1.143482
1.244731
0.980441
0.445895
0.384979
0.547104
0.518850
0.217935
0.160736
-0.324103
-0.921493
-1.174006
-1.203284
-1.078799
-0.347304
0.428326
0.549221
0.133772
0.083278
-0.394464
-0.520744
-0.328899
0.440946
0.783522
0.248755
0.021202
0.253426
0.410220
0.407413
0.252194
0.156365
0.092402
0.185250
0.025351
-0.536913
-0.093604
0.486138
0.410209
0.591453
1.001506
1.274953
1.720920
1.723125
1.700706
1.174616
0.180240
-0.407217
-0.613400
-0.490986
0.021021
0.179749
-0.629114
-0.933248
-0.570335
0.129659
0.639086
1.104275
1.039647
0.695104
0.455816
0.216600
0.473533
0.153747
-0.637379
-0.374779
-0.275321
-0.067105
0.200965
0.435594
0.634063
0.750087
0.403840
0.048082
0.332907
1.019229
1.026619
0.617948
0.446139
0.290985
0.212865
0.480647
0.634409
0.647649
1.085723
1.032583
0.650529
0.083500
0.095393
0.299462
-0.041294
0.111526
0.087256
-0.228242
-0.176322
0.112726
-0.330633
-0.790957
-1.033051
-1.129678
-0.387004
0.125118
0.156185
-0.212603
-0.839090
-1.043628
-1.248866
-1.282848
-0.965876
-0.580880
-1.107867
-1.674067
-1.287433
-1.241506
-1.692934
-2.142862
-2.200622
-1.929019
-1.647691
-1.202982
-1.372215
-1.126166
-0.440102
0.564257
1.497699
1.912459
1.987773
1.706355
1.485419
0.978599
0.703142
0.441479
-0.339774
-0.677601
-0.739874
-0.847172
-0.256353
-0.078592
-0.183152
-0.190272
0.446998
0.609709
0.830664
0.928448
0.980340
0.523794
0.319844
0.288745
-0.118937
-0.396464
-0.096576
0.543345
1.184959
1.728180
1.935114
1.860459
1.295264
0.779695
0.522738
0.175811
-0.040391
0.223426
0.428050
0.351323
-0.031439
-0.810322
-1.095573
-0.811620
-1.117100
-1.064788
-0.952799
-0.898932
-1.002999
-0.602649
-0.267349
-0.214529
0.446633
1.991580
2.206835
1.785072
0.900536
-0.244538
-0.879061
-1.635990
-2.057146
-2.028482
-1.348852
-0.788261
-1.089730
-1.083958
-1.134577
-1.347293
-1.709980
-2.079519
-1.873255
-1.380053
-0.996898
-0.837651
-0.926801
-1.457537
-1.296081
-0.969221
-0.959357
-0.700486
-0.268625
-0.215140
-0.467114
-0.672515
-0.664592
-0.397194
-0.051119
0.355988
0.457155
-0.225926
-0.150320
0.269113
0.363485
0.224722
0.779004
1.082090
0.737066
0.321527
-0.191783
-0.411333
-0.714177
-1.222829
-1.060184
-0.769219
-0.700884
-0.751436
-0.663032
-0.072466
0.879701
1.559899
1.351412
1.040742
1.477100
1.891940
1.853412
0.884423
-0.021986
-0.132838
-0.090150
0.344062
0.435712
0.106818
-0.235929
-0.243021
-0.541499
-0.950989
-0.601695
-0.731450
-0.839825
-1.012209
-1.214430
-1.166784
-0.471750
0.351325
0.123911
-0.571303
-1.365916
-1.683125
-1.525259
-1.458792
-1.807526
-2.488269
-2.352321
-1.336686
-0.636125
-0.146974
0.203260
0.001254
-0.210922
-0.457880
-0.485738
0.009203
0.514303
0.745339
0.722434
0.777805
0.870645
0.248861
-0.051002
-0.122521
-0.017051
-0.157504
-0.385584
-0.561969
-0.940602
-1.366866
-0.924970
-0.190606
0.763745
1.578593
1.806221
1.587055
1.384564
1.265183
1.101874
0.660359
0.416205
-0.077729
-0.772702
-0.860773
-0.873808
-0.647892
0.094951
0.459630
