-0.272530
-0.192681
-0.237041
-0.360025
0.665025
1.370372
-0.135780
0.770589
0.195600
0.579089
0.401952
1.065202
1.993734
1.559211
0.470646
1.226845
0.760382
0.108596
0.726608
0.280175
0.356502
0.825779
0.566594
-0.061362
0.248051
-0.298077
0.037633
0.665117
0.226643
0.920979
0.714678
0.786235
0.966955
0.205136
-0.164728
-0.399119
-0.457874
-0.724896
-1.632101
-0.987657
-1.131725
-0.602617
-1.741794
-1.322412
-2.288440
-3.036851
-1.631989
-1.714122
-1.685187
-1.712856
-1.385853
-1.162127
-0.986667
-0.210790
-1.251235
0.386871
0.988563
1.568278
1.685852
1.077653
1.851679
1.025600
0.787398
0.812022
0.575333
1.844405
1.610351
1.056447
-0.390916
-0.015389
-0.671266
-0.219479
1.226135
-0.182980
-0.668647
-0.617680
-0.503387
-0.552712
-0.372152
0.101932
-0.943127
-0.346278
0.200377
0.020289
-0.259463
1.155779
-0.053081
0.134536
0.509356
-0.194474
0.430517
0.760822
1.024227
2.382390
1.463180
0.572253
-0.231685
0.190021
-0.054151
-0.710595
-0.673028
0.649156
-1.157252
-0.565701
0.161315
0.067412
0.687287
-0.076159
-1.445572
-1.016735
-0.598791
-0.922428
-1.007740
-1.369805
-1.319596
-0.907679
-0.823144
-1.065263
-0.693714
-0.130182
-0.776862
-0.468138
0.485809
0.432578
1.191265
1.955698
1.480273
1.412999
1.998676
1.343001
0.615283
0.561059
0.213512
0.043117
-0.757653
-0.249214
-1.344149
-1.519209
-1.333596
-0.748441
-0.331612
-1.954970
-1.013452
-1.377037
-0.607510
-1.439965
-0.273001
0.508631
0.120238
0.312582
-0.721428
0.207560
-0.472374
-0.214379
0.024216
0.159140
0.418042
-0.909200
-0.164480
0.485240
0.027840
1.018793
0.782496
0.305172
-0.194427
-0.417037
0.037057
0.719432
1.123319
1.767961
0.424024
0.593431
1.718901
0.567089
1.038492
1.386049
1.281107
1.068107
0.562499
1.208915
0.269829
-0.719996
-0.285215
-0.447874
-1.062588
-0.785294
0.313695
-0.964137
-0.774600
-0.756886
-2.137955
-1.913909
-2.362993
-1.416952
-1.656904
-1.435159
-1.049713
-1.361166
-2.142821
-1.497969
-0.801087
-0.973377
-0.224151
-0.839364
-0.733072
-0.189334
-0.215835
0.706849
0.481428
0.233572
0.585258
-0.284729
0.194275
-0.129418
0.712916
0.095027
-0.394823
0.452416
-0.505421
-0.300553
-0.567630
0.113167
0.058380
0.823755
1.061716
1.435437
1.398145
2.541629
2.153151
2.982819
1.893944
1.607489
1.386549
1.769872
1.687923
1.746982
0.757302
0.226159
0.254723
-0.095747
-0.861834
-1.885166
-0.855828
-1.252875
-1.126749
-2.157818
-1.480208
-1.152325
-1.611724
-1.446663
-0.596876
-1.361345
-0.429769
-0.610446
0.749898
0.845491
-0.454883
0.425088
0.592009
0.224801
-0.461597
0.470579
-0.026628
0.502603
-0.683608
-1.601911
-0.877863
-0.838518
-0.941593
0.904327
0.145636
-1.076124
0.162387
-0.880522
1.053247
1.168195
0.475962
1.268034
0.056635
1.259079
1.467926
-0.334301
0.729091
0.441046
0.125642
0.424229
0.231466
1.385808
1.159784
0.492023
0.339689
-0.018381
0.007727
0.294271
-0.423906
-0.118896
0.012115
-0.485766
-0.056190
0.632847
-0.288652
0.270210
0.788217
-0.782294
-0.724206
0.280558
-0.509151
0.189331
-0.329835
-1.452963
-0.302187
-0.626961
-0.490670
-0.595253
0.282552
1.056919
-0.251682
-0.045840
-0.297056
-0.089325
-0.114944
0.075782
-0.823967
-0.167374
-0.821289
-0.223431
-0.641393
-1.199899
-1.007553
-0.686012
-0.469812
0.074315
-0.264228
-0.542198
-0.174911
0.050820
0.864310
-0.125540
-1.247059
-0.029642
-0.432185
-1.842476
-0.894407
-0.296038
-0.704168
0.071802
-0.495373
-1.014867
-0.218512
-0.106371
0.115369
-0.852421
0.418080
-0.766625
0.106751
0.752587
-0.692122
0.360374
0.407594
0.660856
0.254672
1.182604
0.541674
0.704690
0.895634
-0.405045
-0.312159
-0.480539
0.367191
1.383473
0.388847
-1.910934
0.570966
-1.392192
-0.979763
-0.560858
-2.434296
-0.837912
-0.676365
-0.873370
0.297818
0.327505
0.224090
0.479723
0.048518
1.096208
1.174578
1.001370
1.674633
1.176931
1.348223
0.197943
0.006753
0.392481
0.431409
0.022711
0.673192
0.440626
0.084976
0.452225
0.378998
1.303516
0.712164
0.669346
1.172366
0.526207
0.361743
0.920259
1.145979
0.569345
0.446202
0.469892
-0.172460
0.176969
1.009414
-0.344364
-1.132387
-0.320548
-0.914670
-1.174656
0.316549
0.014500
-0.537216
-0.030908
-0.133736
-0.706302
0.870142
1.475555
1.081359
0.885609
0.880469
-0.579995
0.977712
-0.216765
0.189802
0.476628
-0.696690
-0.788490
-0.676557
-0.444884
-0.889939
-0.350041
-1.273071
-0.713703
1.122159
-0.004435
-0.510336
-0.315935
-0.859362
-0.024311
-0.479586
-0.018511
-0.135452
0.711783
0.625994
0.554912
1.603391
1.412574
-0.120926
0.460614
-0.501559
0.098183
1.044395
0.800788
0.807383
0.123953
0.510172
0.265464
-0.688624
-0.568805
0.372872
-0.705221
-1.064459
1.531439
0.529731
0.005202
0.001026
0.013252
-0.391876
0.102666
0.290944
0.552810
0.588461
0.581837
-0.561673
-0.399983
-0.283090
-0.154237
-0.887039
-0.344695
-0.584159
-1.619833
-1.348899
-1.757255
-1.758828
-2.234924
-1.388238
-2.450548
-1.748832
-0.116042
-0.373111
-0.798550
-0.918766
-0.952303
-0.193668
-0.759413
0.049864
0.462075
-0.367244
1.144101
0.389560
0.563995
1.513217
2.108288
0.604661
-0.135499
1.821894
1.379212
1.875386
2.367108
1.291326
1.368190
2.288498
3.228486
2.110710
2.382594
2.716423
0.994626
0.985345
0.680518
0.437569
-0.257606
-0.026361
0.629396
1.513702
1.526902
0.675966
-0.687365
-0.379810
-0.257312
-0.467300
0.551344
0.095585
0.616493
0.135280
0.103423
-0.111761
0.116551
-1.100860
-0.141575
-0.206043
-0.710462
-1.133397
0.199037
0.775765
0.028827
0.001441
0.209501
0.244247
0.511824
0.212717
-1.283574
-1.447653
-1.534781
-1.399344
-1.909193
-2.237715
-1.195349
-1.398006
-0.945541
-0.437517
-0.544863
0.021032
0.181416
1.237181
1.149130
0.054028
0.521569
0.359543
0.821700
0.811180
0.833294
0.119062
2.285765
-0.131524
-0.604422
1.007290
-0.128475
0.516527
1.486896
0.783303
0.385587
1.501792
1.015365
0.979381
1.532701
0.936829
0.202851
0.768636
0.989486
0.097447
-0.449166
0.203359
-0.561825
-1.026208
-0.905555
-1.204893
-0.801960
-0.906376
-1.954199
-2.260113
-1.804273
-2.283714
-1.235472
-2.055108
-2.003566
-1.296593
-1.824028
-1.654403
-1.092929
-0.940117
-1.268735
0.450357
-0.167056
-0.613086
-0.975194
-0.256037
-0.163398
-0.076712
-0.289010
-1.027493
-0.322349
0.823546
0.389074
0.326147
0.838263
0.769401
0.029582
0.436445
0.838743
0.562642
0.516615
0.306999
-0.223433
0.115615
0.149037
-0.403530
0.517769
-1.154701
-0.753980
-0.602719
-1.014861
-0.723238
-1.395100
-0.326263
-0.692335
-0.893932
-0.866419
-0.751354
-0.600273
-0.972164
-0.211404
-1.716315
-1.542554
-1.000421
-1.896541
-1.641920
-0.801607
-1.449602
-1.188704
-1.686696
-0.660180
-1.400473
0.194212
0.821358
1.369007
0.958244
1.118599
0.017894
0.664740
-0.131684
0.856562
1.072622
1.454170
0.575566
0.370822
0.616057
0.252505
0.677438
0.209746
0.332004
0.969932
0.481127
0.721549
1.002483
0.254821
0.284655
0.716213
0.887453
1.322176
2.039062
1.661173
0.666811
0.746406
1.969745
0.736699
-0.120032
0.973548
-0.376342
0.189495
0.823376
-0.501710
-1.070295
-0.439235
-0.957644
-1.272697
-1.383624
-0.538856
-2.567882
-2.963168
-1.469497
-1.233259
-0.260341
-1.037709
-1.962955
-1.664930
-1.552048
-0.154122
-0.444760
0.220152
0.290638
0.903121
0.959707
0.742249
2.014543
2.005720
1.662767
1.375818
0.475037
0.598529
1.275797
1.125564
0.756222
0.156258
-0.108999
0.456509
-0.745426
-0.559085
0.129477
-0.283696
1.656423
1.272655
0.493788
0.125295
1.009071
1.792674
2.175022
2.144192
1.983238
1.048612
1.369694
0.323588
1.032337
1.763272
1.392244
0.931602
1.759306
1.555666
0.758454
1.502373
1.256513
1.199990
0.926861
0.744068
0.334751
0.333099
0.177022
-0.482169
-0.231595
-0.729522
-0.906547
-1.730737
-1.225523
-0.939761
-1.336361
-2.531043
-1.435681
-1.206178
-1.654628
-1.183084
-0.033105
-0.160964
-0.190992
-0.155783
-0.515156
-0.096185
0.600845
1.512438
1.190870
1.754266
1.608081
1.352891
0.699340
1.070761
0.593118
0.858273
0.658305
0.748873
0.422241
0.050735
0.679761
-0.968616
-0.974738
-0.434096
0.822749
1.218776
1.655725
0.875531
-0.415410
-0.464602
-0.171177
0.160202
1.175441
0.171380
-0.074215
-0.346475
-0.059644
-0.408180
-0.420952
0.151421
-0.327101
-0.361105
0.305867
-1.276073
-1.331670
-1.040466
-1.442510
-2.101130
-1.670867
-1.143646
-1.080406
-0.418039
0.609367
0.142278
-0.195251
-0.026614
0.164405
0.904074
0.227078
0.265542
0.468826
-0.057670
-0.113602
-0.357488
-1.381540
-0.348529
-1.959840
-1.476373
-1.331275
-1.776978
-1.653371
-1.508215
-1.759363
-0.441867
-0.240801
0.064266
-0.072673
-0.287489
0.314328
0.197411
0.938829
-0.371242
-0.057102
0.489479
0.262112
1.004519
0.754618
0.531558
1.318803
0.370721
1.461866
0.201091
0.650066
1.116458
0.775776
0.805855
-0.022786
-0.107134
0.485675
1.003532
0.744124
0.882212
0.218385
-0.198305
-0.161042
0.672489
-0.041181
0.395207
1.010533
0.757886
0.659871
-0.026681
0.751471
0.772412
0.352186
0.651206
0.912871
0.733127
0.686549
0.007612
0.660347
0.434846
-0.284109
-0.211632
0.167564
-0.388212
-0.187252
0.293411
0.263609
-0.024799
-0.550655
-1.011391
-1.094869
-0.708434
-1.041181
-1.044569
-0.420971
0.440524
0.130058
-0.868920
-0.197215
0.402335
0.545367
0.307480
0.982435
-0.013250
-0.402790
0.086752
-0.489328
-0.442373
-0.682592
-0.627779
-0.952386
-1.669752
-0.853428
-0.707042
-0.788550
-0.163749
-0.543996
0.059891
-0.089248
0.515898
0.662745
0.660621
1.611221
0.964178
0.449763
1.077614
0.619219
0.417629
0.993862
0.112362
0.456725
0.688228
0.507593
0.556149
0.228689
-0.290801
-0.601906
-1.297452
0.129384
-0.960010
-0.408409
-0.694839
-0.541848
-0.334236
0.757389
1.072966
0.414019
0.555359
-0.377105
-0.525761
-0.103887
-0.329262
-0.510408
-0.990684
-1.904011
-2.048908
-2.318420
-1.825861
-2.196504
-2.640033
-3.441277
-3.070679
-3.048937
-2.218957
-2.285614
-1.686695
-0.808743
-1.891846
-1.131597
-0.919560
0.432722
-0.464281
-0.043169
1.211326
1.226353
1.334357
1.620880
0.585845
0.149446
0.918595
1.272880
0.626167
0.007985
0.116205
-0.101816
0.520643
1.008829
1.949837
1.821328
2.852212
2.098920
1.932500
