-0.130058
-0.421639
-0.850112
-0.813456
0.517022
-0.042525
-0.074379
0.143650
0.080145
0.076346
-0.289328
-0.412446
-0.427883
1.252595
1.547384
0.493342
0.050033
0.041064
0.005873
0.353068
0.596682
0.526952
-0.342513
-0.602841
-0.662600
0.699338
-0.341576
-0.050703
0.086747
-0.768828
0.223777
0.318043
0.208212
-0.399111
-0.016671
0.702974
0.730343
-0.289810
-0.055874
0.036762
0.997330
0.725665
1.200075
0.537321
0.274769
1.183462
0.823054
0.540899
0.932440
0.909044
1.618233
0.700103
0.416182
1.126479
1.634450
1.957332
1.230971
0.856067
-0.763088
-0.793164
0.261474
0.244033
-0.254548
0.217862
0.750759
0.842397
0.391391
0.147106
0.228795
0.616237
0.396057
-0.102979
-0.145933
-0.319527
-0.141520
0.187907
0.331352
0.215717
-0.437667
-1.231556
-2.533499
-2.817151
-2.515890
-2.609900
-2.832456
-2.052687
-1.152512
0.049253
-0.343063
-0.478724
-0.492897
-0.428681
0.221554
-0.181094
-0.776245
-0.979485
-0.589533
0.080476
0.141749
0.647919
1.364117
1.451686
1.037702
0.973431
0.814102
-0.265562
-0.155155
-0.930825
-0.952908
-0.642619
-0.682857
-0.386023
-0.352087
-0.130247
-0.356781
-0.656217
-0.778794
0.230870
-0.470854
-0.077761
0.140203
0.306751
0.710741
1.148800
1.500319
1.372426
1.566363
0.471388
1.212725
0.508901
0.042499
0.241316
0.959260
0.708594
0.102794
-0.643490
-0.889029
-0.500652
-0.306777
-0.096849
-0.150614
-0.340964
-0.533945
-0.213376
-0.231530
0.434699
1.938028
1.810114
1.314244
0.439311
-0.276294
0.820110
0.261793
0.423865
-0.216807
-0.031918
-0.185527
-0.117569
-0.390732
-1.122403
-0.715557
0.160170
1.019210
0.463607
0.112109
0.341239
0.523993
0.519128
-0.100144
-0.698453
0.341813
1.350849
1.560289
1.334629
0.003904
-0.269313
-0.187594
-0.871164
-0.947674
-1.724532
-2.267416
-1.834540
-2.183228
-1.981986
-2.311753
-1.601192
-1.113805
-0.256881
0.179322
0.497453
1.311168
2.013269
1.395144
1.723862
1.617719
0.916057
0.536458
0.474849
0.219108
-0.020081
-0.474846
-0.861188
-1.163963
-1.477387
-0.574737
-0.151774
-0.546100
-0.546374
-0.568956
-0.460570
-0.570354
-0.977281
-1.675347
-1.206748
-0.683342
-0.075625
-0.294510
-0.797450
-0.286167
0.009141
1.027862
1.293841
0.413413
1.333258
1.353646
1.775679
1.339933
1.296332
0.950564
0.808003
-0.598253
-1.744087
-1.792240
-2.039438
-1.076766
-1.369501
-1.081573
-0.751013
-1.152989
-0.565500
-0.516935
-0.450080
0.537182
1.144395
1.214577
1.409223
0.862054
1.382243
1.168634
0.901115
1.174425
1.423981
0.286630
0.075846
0.057082
-0.292666
0.165132
-0.708018
-0.448901
-1.016158
-1.042784
-1.952823
-2.588017
-2.507061
-2.620076
-2.236313
-1.258352
-0.691999
1.165969
2.093965
1.646818
1.752913
1.823726
1.370114
1.341220
1.797187
2.035564
2.221929
1.966551
1.553053
1.167740
1.586021
1.014204
1.106646
-0.090909
-0.268274
-0.710614
-0.088162
-0.343783
-1.730722
-1.619816
-1.552993
-1.201461
0.209058
-0.094717
-0.420785
0.277027
-0.230376
-0.353336
0.517215
-0.035495
-0.198305
0.325880
0.387868
0.304418
-0.038290
-0.685939
0.244200
0.240200
0.033222
-0.212052
0.440808
-0.034881
0.098805
0.252355
0.133140
-0.371019
0.538748
0.794634
0.681869
-0.188163
-0.924850
-1.148407
-1.329926
-1.010178
0.101415
-0.022981
-0.534013
-0.662437
-0.262599
-0.516268
-0.008633
-0.048192
-0.153891
-1.036066
-0.956296
-1.233795
-1.316271
-1.111217
-0.584109
0.112370
1.143979
1.878817
2.122515
1.422201
1.248974
1.641844
1.925961
1.586488
1.325074
1.146686
1.461789
2.246154
2.040847
1.719589
1.719741
1.701727
1.119231
0.110235
0.157023
-0.048205
-0.755441
-0.458959
-0.828901
-0.637102
-0.449671
-1.056449
-1.412919
-1.553735
-2.002466
-1.550404
-0.346974
-0.841617
-0.314101
-0.871953
-0.292817
1.012931
1.618628
1.643382
1.573707
1.456566
1.548720
0.661163
-0.874920
-1.625662
-1.856659
-1.598419
-0.319796
-0.464894
-1.126730
-1.378964
-1.938761
-2.117531
-1.742613
-2.058707
-0.913057
0.639453
0.929997
1.516881
1.835229
1.023387
0.902948
0.497494
-0.390537
-0.729650
-1.591019
-1.869267
-0.740498
-1.431823
-1.147009
-0.555468
0.442608
1.681742
-0.039286
-0.332176
0.552331
0.179966
0.122404
0.186907
-0.248193
-0.251099
-0.176510
0.182484
-0.090079
0.701265
0.883506
0.627687
0.404335
-1.000321
-0.519540
-0.393062
-0.746389
-1.261077
-1.242509
-0.637738
0.315139
0.715947
1.376793
1.279087
2.223937
1.723365
0.474587
-0.420963
-0.754288
-0.579285
-1.622539
-1.825063
-1.640653
-1.065357
-0.966414
-0.398479
-0.558213
-0.145692
0.093886
0.089126
0.196971
-0.264721
-0.918123
-0.806426
-1.039428
-0.918174
0.473050
0.440377
-0.193643
0.360675
1.131267
1.839142
1.600182
0.810224
0.719280
0.505965
0.273177
0.884524
0.453350
0.364240
0.757606
0.170158
-0.236781
-0.671704
-0.169308
0.139447
0.075107
0.009222
-0.173061
0.007406
0.286019
0.183005
-0.428471
-0.705642
-0.918280
-1.005509
-0.781864
-0.191260
0.064238
0.092550
0.882809
0.965280
0.912169
0.950230
1.655092
1.881109
1.853271
1.722578
1.228993
0.909968
0.702077
0.354750
-0.899988
-1.432494
-0.925265
-0.922329
0.813956
0.735016
0.378645
0.473893
0.190135
0.221460
0.399256
-0.332854
-0.330366
-0.276023
-0.585555
0.184142
-0.470814
-1.349854
-0.938485
0.078274
-1.097267
-0.721367
0.239095
0.155857
1.209211
1.231549
1.323455
1.244124
1.842440
1.239368
0.344182
0.315562
0.495536
0.391555
0.006485
0.737435
0.421250
0.663299
0.925289
0.136372
-0.393289
0.286498
-0.247895
-0.510046
-0.677599
-0.252472
0.027811
-0.063440
-0.040133
0.696148
0.787832
1.218586
1.643800
0.504456
-0.407797
-0.631543
-0.841311
-1.896420
-1.889287
-2.094841
-2.075686
-1.975696
-0.974900
-0.267551
0.914927
0.793684
1.206556
1.555688
1.148695
0.627684
-0.340183
-0.218334
-0.468248
-0.608616
-1.424628
-1.536007
-1.686672
-1.407977
-0.887336
-1.032441
-1.333362
-1.206823
-0.932876
-0.745361
-0.402055
-0.665690
-0.463797
-0.266319
0.023273
1.442958
2.508776
1.411020
0.302501
-0.627853
-1.127241
-0.969271
-2.012605
-1.845623
-0.624353
-0.270904
-0.192496
0.129544
1.058629
0.717510
1.176156
1.504547
1.187506
1.426063
0.813043
0.574208
-0.219043
-0.193522
-0.077189
-1.261044
-1.883448
-1.348296
-0.740780
-0.094298
0.666417
1.250011
0.750790
-0.192012
0.988374
0.929604
0.094671
-0.336157
-0.159567
-1.037708
-1.195798
-0.759197
-1.638448
-1.371436
-1.241320
-1.422198
-1.174214
-1.140483
-1.185530
-0.848263
1.407476
0.639187
0.538699
1.446381
1.489310
1.349842
0.955777
0.553402
0.764453
1.158197
2.039380
2.161544
2.537200
2.248403
1.664342
0.943179
-1.109140
-2.315114
-1.292208
-0.645065
-1.299267
-0.887047
-1.166566
-2.003954
-0.454060
0.014354
1.387994
2.123922
1.401163
0.857423
0.667917
0.706369
0.634079
1.397552
1.839641
1.849406
1.608896
0.589909
0.077698
-0.502014
-1.111245
-1.423073
-1.161356
0.045200
0.660638
-0.076553
-0.269164
-0.197865
-0.256823
-1.290232
-1.093998
-0.502092
-0.881816
-0.141613
-0.888551
-0.863085
-0.330194
0.479077
1.241728
1.219271
0.896614
0.664014
0.412875
0.833564
0.165113
-0.129047
-0.316341
-0.375139
-0.594368
-0.800250
-0.763386
-0.571332
0.643658
0.294628
0.237528
0.393333
0.482958
1.108940
0.607277
0.748568
0.874890
0.751082
0.579526
-0.894682
-1.342706
-0.600491
-0.858294
-0.558702
0.047180
0.706254
-0.179603
-1.310734
-1.110061
-0.856773
-1.477534
-0.635859
-0.493427
0.393095
0.501105
0.634756
0.549586
0.780377
1.136485
0.232583
0.231698
0.379541
0.111730
0.190829
-0.733942
-1.073382
-1.333782
-1.367248
-0.854277
-0.688580
-1.187292
-1.225267
-0.210746
0.044268
0.134189
0.835687
0.607141
0.439370
0.061362
0.473348
-0.167636
-0.117398
-0.624285
-0.294139
-0.608696
-0.109176
-0.190922
-0.163530
-0.700315
-1.196352
-0.547434
-0.685679
-0.432656
-0.591065
-0.674607
-0.837385
-0.717184
-0.752374
-0.061016
0.337992
1.737777
0.929518
1.208558
0.947934
0.946268
1.185272
1.065537
-0.116716
-0.790163
-1.018010
-1.224012
-1.082342
-0.638573
-1.596824
-2.021164
-0.643418
-0.089580
0.728905
1.567208
1.008681
0.361975
1.446776
2.045254
1.727249
1.558354
1.068227
0.616155
0.454414
-0.263142
-0.161295
-0.164691
-1.266149
-1.692538
-2.171654
-1.194912
-0.689019
0.078337
0.875638
0.294021
0.507417
1.343522
1.563784
1.253743
0.442044
0.125460
0.650294
0.838845
1.360763
0.909361
0.494739
-0.175005
0.119211
-1.082331
-1.001281
-0.772162
-1.827420
-1.620247
-2.667052
-2.954070
-2.897936
-2.394665
-1.121547
-0.387003
0.324473
1.152768
1.825083
2.013620
2.287725
2.028869
0.981924
0.813105
0.159268
0.599237
0.696065
0.013506
-0.085835
-0.245064
0.068353
0.117121
0.036935
-0.955723
-0.799268
0.413906
0.246614
-0.101931
1.204366
0.378007
1.187365
1.248244
1.042444
0.964249
0.163624
0.122950
-0.399210
-0.442750
-0.581158
-0.364854
-0.215993
-1.230806
-1.492054
-0.781672
0.650796
1.473547
1.089421
0.661058
0.879315
0.472650
0.514183
-0.564123
-1.277711
-1.401865
-0.171481
-0.024897
-0.165132
-0.167281
0.000377
0.423439
0.585425
0.673734
0.674182
-0.084152
-0.482065
-1.103154
-1.139682
0.386804
0.254718
-0.174384
-0.201281
-0.426720
-1.181389
-0.536671
-0.758463
-0.965044
-1.437295
-1.387228
-0.965104
-0.040737
-0.816002
-0.648647
0.027894
0.138903
0.228265
0.269826
0.108351
-0.061506
0.312340
-0.391266
0.126940
0.736675
1.580228
1.583733
1.084771
0.848216
0.745515
1.792957
1.181458
0.913923
0.961566
0.792583
0.433655
1.156169
0.405772
0.207627
0.356710
0.604215
0.795519
1.375939
1.768078
1.015276
0.212430
0.161093
-0.001122
-0.278236
0.126012
-0.727295
-0.788909
-1.217313
-0.855780
-1.556838
-0.911016
-0.554173
-0.530236
0.169507
0.053548
-0.988894
-0.144503
-0.892310
-0.321018
0.047206
0.096631
0.104162
0.161547
-0.541689
-1.114375
-0.579996
-0.617265
-1.441984
-1.424653
-0.750987
0.026589
0.259335
-0.226727
0.205972
0.647639
-0.006069
-0.275032
-0.477219
-0.346356
0.056547
0.721967
0.983424
0.652867
-0.592817
-0.398970
-0.847147
-1.466221
-1.416380
-1.228203
-1.615370
-1.981708
-1.184187
-1.168618
-0.619689
-0.150906
0.756887
0.012839
-0.136812
0.119829
-0.182459
-0.217643
0.083138
0.623611
0.643650
0.610788
0.832775
