-0.015982
0.326238
0.411621
0.027946
-0.322008
-0.233685
-0.413443
-0.010327
-0.306481
-0.400785
-0.829720
-0.602786
0.239353
0.419051
0.265067
-0.403993
0.051179
0.598833
0.318885
-0.272599
-0.101203
0.196860
0.685499
0.349492
-0.183235
-0.874175
-0.177507
-0.189457
0.304228
-0.046677
0.497976
1.215678
1.346196
1.516798
1.028996
1.020070
-0.045902
0.049255
0.222321
0.053142
-0.978017
-1.319949
-1.472685
-0.699941
-0.750575
-0.558856
-0.668434
-0.630785
-0.490282
-0.354346
-0.513671
-0.558352
-1.168213
-1.421015
-1.327016
-1.489983
-0.042850
0.274617
0.805209
0.538711
0.527877
1.059441
1.215596
1.243929
1.316950
1.380325
1.277791
0.377908
-0.635683
-0.394691
-0.295448
-0.735731
-1.579737
-0.948811
-0.855283
-0.836645
-0.659691
-0.710077
-0.295075
0.657607
1.780838
2.088702
2.103741
1.925397
1.827688
1.317988
0.739802
-0.396519
-0.427592
-0.853552
-1.394614
-1.570671
-0.512676
-0.422411
-0.188323
0.627348
0.539501
-0.139239
-0.557295
-0.584129
-0.529471
-0.444411
0.021536
0.090757
-0.020054
0.185521
-0.051494
-0.024512
-0.571923
-0.974960
-1.485981
-1.426915
-1.378028
-1.309075
-0.164601
0.767507
1.537127
1.203556
1.292926
1.913765
1.840866
1.569551
1.247004
0.362416
0.635026
0.306568
0.356629
0.247368
-0.144678
-0.044350
-0.219308
-0.543819
-0.872389
-0.718584
-1.082875
-0.704112
-1.122756
-1.457675
-1.722879
-0.995444
-0.880431
-0.549216
0.255889
0.548390
0.928024
0.728465
0.739550
0.883851
0.528036
-0.194818
-0.507280
-0.860302
-0.865371
-1.219053
-1.159950
-0.890061
-0.217590
0.110184
0.372611
0.353262
0.581549
0.756499
0.861265
-0.288687
-0.249142
0.027004
-0.080055
0.382681
-0.452609
-0.653338
-1.208433
-1.413915
-0.941860
-0.654291
-1.634088
-1.790772
-1.325641
-0.745807
0.170386
0.518568
1.106288
0.860484
1.425153
1.726643
1.774140
1.515354
1.589787
1.349607
1.544179
0.974163
0.151112
-0.313387
-0.400289
0.242001
0.252143
0.556254
0.371466
0.265641
0.296128
0.619783
0.886343
0.935772
0.083879
-0.382466
-1.125594
-0.717487
-0.721283
-0.778497
-0.317290
0.147110
1.320947
1.001298
0.964200
1.077536
0.695276
1.010323
0.849196
-0.120095
-0.348132
-1.210953
-1.849507
-2.521083
-2.056742
-1.928764
-1.764298
-0.581461
-0.387916
-0.040928
0.706131
1.488001
1.595293
2.536438
1.858502
2.005649
1.319576
0.469389
-0.175348
-0.789397
-1.861981
-2.095791
-2.539603
-2.902392
-2.323743
-2.210373
-0.808805
0.190533
0.071799
-0.170957
0.393787
0.503070
1.050758
0.826441
0.422171
0.034196
-0.204613
-0.712208
-0.815699
-0.928517
-0.631701
0.292367
0.350064
1.008539
1.809336
2.034273
1.998538
1.921346
1.213030
0.388758
-0.337088
-1.183438
-1.279750
-0.930349
-0.350679
-0.098658
0.250662
-0.361526
-0.433850
-0.261081
0.655306
-0.542755
-0.656361
-0.639820
-0.327937
-0.175807
0.333423
1.154018
1.537412
1.205596
1.737107
1.475035
1.374190
1.521512
1.018490
0.596310
-1.397170
-2.034192
-1.805305
-1.694316
-1.076413
-0.729144
-0.212532
-0.045133
0.497030
1.104086
1.501320
1.475281
1.355664
0.946438
0.486029
-0.207939
-0.620176
-1.003546
-1.334020
-1.391847
-1.402666
-1.500340
-1.572523
-1.206747
-0.637852
-0.762409
-0.276640
-0.076024
-0.297816
-0.060236
-0.188177
-0.135117
-1.106902
-1.638666
-1.667930
-0.493289
-0.019563
0.379952
0.169146
0.151577
0.305496
0.860335
0.904706
-0.002560
0.462851
0.625724
0.595316
0.723804
0.244672
0.331186
0.995199
0.942822
0.854272
0.600397
-0.056542
-0.818651
-0.941472
-0.940401
-1.222617
-1.227853
-0.679037
-0.369917
-0.305390
-0.260205
-0.383276
0.296775
0.918936
0.638089
0.296637
0.529169
-0.012373
0.048167
-0.323268
-0.486607
-0.443769
-0.090466
0.234598
0.196636
0.302108
0.749391
0.713449
-0.037433
0.248442
-0.326904
-0.272863
-0.255542
0.064246
-0.074050
0.517185
1.113655
1.583264
2.033616
2.055926
2.146977
1.915612
1.730949
1.127463
1.093085
0.736747
0.867155
0.070977
-1.116122
-1.507636
-1.916975
-1.861195
-1.305910
-1.754750
-1.049751
-0.258693
0.732454
1.415371
1.923612
2.370868
2.232255
2.106147
1.919254
0.866148
-0.185967
-0.432031
-0.410573
-0.154443
0.582240
0.986755
0.774131
1.067961
1.684201
1.993936
1.495276
0.670371
0.255277
-0.349081
-0.349672
-0.981685
-0.500309
-0.565095
-1.084928
-1.123451
-2.109810
-2.287940
-1.787889
-1.358100
-1.239045
-1.358811
-1.035968
-0.722536
-1.025734
-0.559753
-0.406382
0.585045
0.436960
0.326770
0.321722
0.397510
0.351797
0.070807
-0.254113
-0.619796
-1.582147
-2.937974
-3.012519
-3.394700
-3.205334
-2.962899
-1.199813
-0.190417
0.283380
0.442671
0.065235
0.499671
0.570277
0.962352
0.618521
-0.187753
-0.440546
-1.013326
-1.138426
-0.724811
-1.539898
-1.064364
-1.406361
-0.903554
-0.919249
-0.332619
0.545437
0.506320
1.131928
1.288550
0.767845
1.109669
1.440978
1.262635
1.735626
1.174899
0.654776
-0.028546
-0.109054
-0.099439
-0.571212
-0.594326
0.049962
0.059931
0.437847
0.456405
0.508735
0.450673
0.502721
0.694403
-0.370910
-0.149873
-0.819291
-0.231143
-0.317234
-0.394567
0.400199
0.872725
0.846768
0.461295
0.335634
0.364311
0.075403
0.125992
0.707717
0.792675
0.933698
0.850780
0.685774
-0.390020
-0.446720
0.041290
0.883323
0.705783
0.616192
-0.348540
-1.139725
-0.759639
-0.353625
0.292727
0.365922
0.392986
-0.659209
0.084616
0.124553
0.559912
0.839259
0.813434
0.559028
0.949402
0.338100
-0.935248
-0.965218
-1.047125
-0.300179
0.593183
1.033721
0.532905
0.625628
0.663455
0.826248
0.271593
0.096758
-0.272123
-0.799044
-1.418951
-1.964189
-2.823441
-2.908256
-2.450415
-1.884929
-1.041082
0.393641
1.182883
1.822139
1.768995
1.756211
2.362164
1.681295
1.763229
0.293227
-0.836764
-1.294236
-1.720307
-2.024468
-2.979979
-1.976492
-0.833446
-0.382620
-0.276174
0.248456
0.078194
0.365185
0.261664
0.608467
0.471404
0.547975
0.235641
0.046310
0.419019
0.581325
0.548551
0.132063
-0.332389
-0.484300
-0.095592
-0.649199
-0.684962
-0.763724
0.048719
0.525719
0.723589
1.494095
1.159922
1.536374
1.631062
1.381102
0.832868
0.649864
0.640682
0.418508
-0.370534
-0.593865
-0.817361
-0.402440
-0.106557
0.704628
0.390923
0.243643
1.018893
1.180599
0.873998
1.015662
0.412663
-0.972848
-1.647620
-1.069789
-0.307782
0.020690
0.396147
0.225465
0.942566
1.145872
0.710701
0.295047
0.307407
0.101562
-0.156373
-0.131985
-1.205550
-1.015062
-0.294646
-0.018276
-0.563791
-1.116203
-1.397876
-0.695733
-0.788783
-0.742272
-0.689043
-0.343059
-0.835435
-1.465460
-2.275139
-2.953449
-2.723866
-2.126315
-1.312099
-1.205033
-0.472430
0.332584
1.099647
0.924729
0.568023
0.745088
0.838692
0.528858
0.321973
0.281793
0.303779
0.634058
0.162132
0.319928
0.717401
1.339491
1.117901
0.300696
-0.855664
-1.201810
-0.617389
0.437184
0.693965
0.879921
0.842227
1.080714
1.303101
1.101079
0.201833
-0.098084
0.669397
1.046370
1.727236
1.740497
1.910175
1.450979
1.649782
1.691863
1.317747
0.885915
1.069968
0.367554
-0.058697
-1.121179
-1.696988
-1.363761
-0.832760
-0.707357
-0.301117
-0.393592
-1.077892
-0.798084
-0.633220
-0.413123
-0.333780
-0.525364
-0.546303
-0.823920
-0.933824
-0.979115
-1.110647
-0.951384
-0.195794
0.027349
0.858076
0.973786
0.818687
0.758302
1.161220
1.051617
0.742262
0.414478
-0.075848
-0.817952
-1.968870
-1.912252
-0.641137
-0.412560
-0.327885
-0.107867
0.109555
0.676637
0.938928
0.970854
0.600737
0.800922
0.359715
0.456512
-0.528889
-0.804207
-0.857136
-0.426563
0.751958
1.449451
1.580468
1.373925
1.662646
1.414129
1.466714
1.068057
0.104709
-1.416603
-1.841628
-1.524518
-1.617308
-1.776690
-1.411963
-1.062627
-0.451788
-0.042664
0.587029
1.492713
1.048468
1.615123
1.252085
0.471790
-0.297678
0.013909
0.357815
-0.403985
-0.803955
-1.627754
-1.753400
-0.867647
-0.700284
0.003656
0.836418
1.341098
1.827665
1.702765
1.578165
1.326718
1.138677
0.182310
-0.267934
-0.268499
-0.777855
-1.132613
-0.821781
-0.278981
-0.355426
0.157300
-0.029275
0.188919
0.046564
0.073091
-0.185114
-0.733546
-0.969014
-1.608419
-1.721658
-1.076890
-0.793097
-0.599345
-0.436448
-0.127118
0.463217
0.855359
0.787886
0.444995
0.872812
1.492748
1.534896
0.689788
-0.273631
-2.047948
-1.673770
-1.334612
-1.105219
-0.154888
0.562126
1.425710
1.992128
2.295717
2.075374
1.433648
0.265294
0.263054
-1.008320
-1.338234
-1.511388
-2.017314
-2.536022
-2.376036
-1.256131
-0.637650
-0.097161
0.311983
0.331484
0.869608
1.353415
0.959258
1.489226
1.166141
0.426052
-0.067350
-0.174499
-0.685700
-0.536068
0.042407
0.412515
-0.187352
-0.438241
0.545799
0.536363
0.829160
0.850655
0.677890
0.541718
0.220973
-0.083308
-0.154898
-0.596563
-0.614763
-0.546160
-0.568047
-0.739111
-0.842201
-0.595788
-0.575892
-0.880088
-1.527214
-1.859447
-1.439853
-0.679645
-0.942686
-0.257358
0.481865
0.923824
1.040175
0.484001
0.399174
0.693017
0.589675
-0.104092
-0.780057
-0.904747
-0.528049
-0.142045
0.156628
-0.026984
0.401382
0.347112
1.089001
1.118215
0.155418
0.308862
-0.005768
-0.597634
-0.055254
-0.200771
-0.435133
-0.357251
-0.967577
-0.501973
-0.914886
-0.450897
-0.405776
0.221432
0.852969
1.156192
0.910405
0.806522
0.770545
0.534992
-0.055147
-0.229216
-0.187765
-0.461073
-0.612557
-1.087082
-0.732658
-0.469818
-0.137950
-0.011520
0.397929
0.320506
0.227543
-0.253485
-0.569049
-0.467065
-0.326893
-0.317099
-0.875935
-0.538526
-0.265442
0.248301
-0.358570
0.305564
0.390205
0.771900
1.024371
0.984962
0.450170
0.466144
-0.255580
-0.921436
-0.838111
-0.822593
-0.311720
0.101897
0.701368
0.508603
0.723616
0.904927
1.236111
0.964998
1.423348
1.065563
0.444260
0.252589
0.133459
0.268537
0.358514
-0.021194
0.387497
0.418535
0.407858
0.831723
0.598169
0.394774
-0.153644
-0.160815
-0.265960
0.883463
1.196835
1.046731
1.064513
0.871319
0.939824
1.269723
1.118184
0.261432
0.893151
0.446470
0.651226
-0.023688
-0.331454
-0.853111
-1.528252
-1.425278
-1.118040
-0.475870
-0.330403
0.136649
0.731001
0.146098
-0.242913
0.352067
0.052235
0.723091
0.181636
0.235119
0.344199
0.649014
0.621601
0.185346
-0.549116
-0.577023
-0.735599
-1.025530
-1.498075
-1.905749
-2.457543
