0.255381
0.373324
0.004563
-0.528272
-0.926202
-0.749451
-0.960445
-0.765793
-1.291187
-1.119609
-0.979537
0.296466
0.918007
0.390779
-0.072177
-0.660105
-0.406762
0.232099
0.372760
-0.046852
-0.300743
-0.854721
-0.212820
0.214581
-0.493934
-0.105702
0.619318
0.051560
-0.382338
-0.786625
-0.713105
-0.433621
-0.271338
-0.165590
-0.739495
-0.747162
-0.987078
-0.970825
-0.213535
0.050788
-0.312185
-0.169187
-0.421536
0.105580
-0.226472
-0.358239
-0.305519
0.283942
0.724747
0.608985
0.418873
0.539770
0.563486
-0.097491
-0.549823
-1.562521
-1.174383
-1.252031
-0.645940
-0.862188
-0.954979
-0.238604
0.226886
0.820085
1.281884
1.727281
2.157849
2.673793
2.582431
1.471757
0.929515
0.590653
0.167009
-0.593098
-2.157758
-2.413997
-2.017927
-1.137738
-0.178012
0.390607
1.247865
1.343342
1.443468
1.615806
2.057082
1.922446
1.524861
0.935406
1.345789
1.035184
1.222479
1.288012
1.691157
1.334598
0.512114
0.257058
0.150582
-0.362983
-0.210320
-0.417615
-1.266556
-0.622457
-0.443548
-0.529595
-0.848058
-0.978339
-1.713281
-1.158447
-0.886473
-1.353397
-1.855356
-2.334719
-1.919172
-1.368535
-0.758004
-0.764439
-0.415887
-0.252904
-0.698553
-0.988662
-1.256868
-1.019397
-0.751462
-1.216641
-0.439403
0.003208
0.622785
0.948219
1.324232
0.793736
0.394833
0.293346
-0.547078
-0.933092
-0.906662
-0.741398
-0.496103
-0.242420
-0.175608
0.944180
0.710832
0.175271
0.468610
0.363472
0.899545
0.757789
-0.136049
-0.246134
0.341338
-0.237524
0.043318
-0.181823
-0.199562
-0.242521
0.104515
-0.120056
-0.808526
-0.534855
-0.411459
-0.244267
-0.160196
-0.038914
0.267322
0.496484
0.361775
0.582561
0.277616
0.729164
1.212946
1.154113
0.140764
-0.213025
-0.765416
-0.423517
-0.720693
-0.615608
-0.352138
-0.318352
1.016185
1.148905
1.385099
1.016529
1.565682
1.922361
2.353324
2.793349
2.412058
2.327393
2.454180
1.614549
1.400608
1.215516
0.749465
0.764426
0.310351
-0.151101
-0.654853
-0.971579
-1.668125
-1.488615
-1.261699
-0.479784
-0.005907
0.273964
-0.128180
0.253779
0.257313
0.549358
0.901721
-0.208080
-0.216283
-0.125306
-0.178587
-0.134855
-0.492368
-0.772807
-0.411074
-0.792258
-0.787871
-1.250338
-1.076823
-0.937205
-1.330027
-1.815510
-2.172151
-1.615936
-1.286368
-0.782644
-0.916664
-0.381680
-0.347573
0.290680
0.424057
0.494959
-0.029731
-0.288118
-0.121668
-0.102764
-0.905577
-0.361842
-0.692844
-1.292436
-1.529822
-2.303126
-1.773917
-0.598856
-0.085663
-0.181118
0.194502
0.415263
0.860610
0.976020
1.152331
1.339552
1.423693
1.569140
0.518297
-0.719655
-0.197416
-1.059247
-1.728378
-0.872290
-0.683971
-0.331279
-0.360624
-0.277198
-0.260349
-0.304695
-0.132993
-0.026394
0.133603
0.562527
0.975093
1.283872
1.333688
0.532272
0.455524
0.459949
0.606389
0.410418
0.543942
0.281383
-0.292202
-0.391941
-0.627668
-0.225691
-0.151117
-0.714997
-0.009233
0.970516
0.956906
1.397773
0.894560
1.138458
0.847185
0.836947
0.454582
-0.439984
-1.100479
-1.338745
-1.100048
-0.801960
-0.806303
-0.468766
0.461352
0.799797
1.313332
1.302320
1.125817
1.044811
0.742248
0.024219
-0.468401
-1.271847
-1.113280
-1.500950
-1.399784
-1.611293
-1.305896
-0.732270
-0.150195
1.108644
1.666310
1.491307
0.595182
-0.629296
-1.208094
-0.546971
-0.576770
-0.218218
0.169672
0.815496
0.487006
1.118283
1.096816
1.275535
1.134532
-0.119981
0.150447
-0.026417
-0.425945
-1.184553
-1.461552
-1.351394
-0.674427
-0.459750
-0.289493
-0.402979
-0.708512
-1.133906
-0.638512
-0.912315
-0.959810
-0.686873
-0.692759
-0.789275
-0.529399
0.068745
-0.174367
-0.122491
-0.680766
-0.834594
-1.134552
-1.618011
-2.076239
-1.819584
-1.246076
-0.436820
-0.107180
0.127552
0.550660
1.247820
1.827217
2.272802
2.693290
2.649301
2.707532
1.948705
1.627977
0.178037
-0.007477
-0.549729
-0.506744
-0.745848
-0.849599
-0.505842
-0.932813
-0.358047
0.034663
0.553438
0.592378
1.566087
2.247652
2.675467
2.483293
2.390787
1.656796
0.902268
0.598016
0.787832
0.073267
-0.396143
0.345509
0.392623
0.271520
-0.140336
-0.643635
-1.000535
-0.782716
-0.352054
-0.106023
-0.414174
-0.697672
-0.025550
0.731417
0.863026
1.068628
0.364334
-0.493269
0.410073
1.142066
0.929342
0.792203
-0.074247
-1.598231
-1.791030
-2.085025
-1.439612
-1.415438
-1.277459
-0.595531
-0.455587
0.727526
1.858914
2.375150
1.767544
0.536017
-0.089457
-0.365234
-0.167142
-0.569815
-1.036567
-0.715410
-0.808357
-0.289210
0.532617
1.360760
1.412047
1.364649
1.264001
1.025588
1.178764
0.890432
1.088808
0.727452
0.291575
-0.422620
0.048149
-0.696956
-1.165599
-1.342657
-1.314296
-1.353292
-2.100988
-2.032215
-2.716460
-2.827000
-1.836516
-0.918641
-0.487783
-0.015196
-0.227927
0.784465
-0.070114
-0.504034
-0.798454
-0.669996
0.353477
0.870296
1.138358
0.953106
0.620245
0.652144
0.487856
-0.180776
-0.006893
-0.658255
-0.079789
-0.510459
-0.605861
-0.593452
-0.310625
-0.153026
-0.218686
-0.478264
-0.225769
0.644359
0.699501
1.095650
0.517394
0.272477
-0.319396
0.028648
0.065444
-0.003052
-0.745694
-1.125587
-0.849409
-0.670786
-0.508567
-0.040839
0.010454
-0.052575
-0.290695
-0.774548
0.085156
-0.176230
-0.197984
0.072341
0.804658
0.474490
0.214408
-0.127349
0.395426
0.915886
1.460112
1.440757
0.780538
-0.071109
-0.052044
0.242609
0.153246
0.364697
-0.580450
-0.547209
-1.135429
-1.007549
-1.056797
-0.348341
-0.278266
-0.465397
-0.349888
-0.079994
0.448653
1.010908
0.780704
0.259821
0.692444
0.381139
0.385292
-0.584344
-0.878361
-0.968665
-1.175360
-1.337175
-1.311311
-1.299213
-1.390564
-1.194753
-0.181969
0.174490
0.466694
1.088915
1.652346
1.737944
2.207277
1.857926
1.118103
1.191173
0.406725
0.219579
-0.942424
-1.981136
-1.417349
-0.633196
0.113875
0.749929
1.550813
1.493907
1.187071
0.124035
0.165389
0.337628
-0.251543
-1.293181
-1.729327
-1.233147
-0.587059
0.067611
0.124515
0.563118
1.130402
1.455829
1.437850
1.809379
1.162034
-0.508709
-1.328149
-0.639038
0.475571
1.229982
1.515051
1.931200
1.362252
0.229825
-0.710210
-0.776196
-0.425931
-0.695713
-0.622326
-0.271036
-0.061191
-0.424185
-0.877547
-0.949496
-0.471455
-0.127940
0.544793
0.093875
-0.078427
0.172591
0.174681
0.095148
-0.565378
-0.444265
-0.960224
-0.544089
0.125538
0.746876
0.034464
0.461776
0.357237
0.172828
-0.045638
-0.185102
0.241339
1.271421
1.679018
1.833218
1.583676
0.969169
0.638590
0.750169
1.904134
0.536135
0.345797
-0.439281
-0.904119
-1.474525
-1.794575
-1.733249
-1.336076
-1.622999
-1.713306
-1.367159
-1.141962
-0.311592
-0.624585
-0.137835
0.447339
1.017706
1.218817
1.456514
0.519408
0.095273
-0.454656
-0.075808
-0.061684
-0.285584
0.053687
-0.096003
-0.535229
-0.161756
0.667446
1.305569
1.489468
1.052555
0.362287
-0.710724
-1.771417
-2.112607
-2.343835
-2.416365
-1.749445
-1.337593
-0.595695
0.038179
0.173870
-0.321354
-0.864268
-0.331376
0.121420
1.103066
2.140957
3.254955
2.800836
1.658629
0.871632
0.615552
0.211579
0.607863
0.802542
0.220640
-0.381070
-0.958946
-0.673711
-0.881709
-1.196482
-1.000818
-0.934971
-1.464122
-0.781239
-0.668944
-0.685096
-0.684475
-0.363067
-0.014741
0.223276
0.463816
0.227413
0.632455
0.997531
1.160175
0.418448
-0.182421
-0.424075
-0.521243
-0.403969
0.422129
0.295852
0.030228
-0.640849
-0.380741
-0.685708
-0.649768
0.050967
0.428675
0.973543
1.361907
1.625949
1.617141
2.102034
0.759410
0.139524
-0.017052
0.020104
-0.869753
-0.841145
-0.619785
-0.867231
-0.741307
-0.700581
-0.342821
0.663401
1.094634
0.672440
0.457641
0.263428
1.151738
1.154262
0.852359
0.460267
0.050805
-0.136518
-0.982904
-1.267922
-1.126709
-1.090030
-1.104710
-0.513568
-0.220966
-0.373648
-0.806552
-0.060269
0.543948
0.833130
0.487441
-0.166789
-0.691688
-0.570634
-0.310273
-0.171173
-0.315934
-0.019270
0.555200
0.649070
1.257074
0.843804
0.941205
0.431461
-0.643643
-0.572861
-0.613128
-1.082055
-0.686263
-0.600054
0.186869
1.061181
1.511408
1.505111
0.782779
1.651141
1.528277
1.603414
1.073473
0.460638
-0.478987
-0.104212
0.711420
0.327460
-0.636068
-1.185400
-1.211036
-0.987809
-0.330381
-0.163473
0.156116
-0.211878
-0.572512
-0.870201
-0.557570
-0.109139
0.026267
0.426365
0.317760
0.084220
0.428421
0.458705
-0.096866
0.094028
0.288505
0.193941
0.117456
0.014639
-0.523527
-0.445617
-1.539081
-1.645582
-2.022331
-1.957552
-1.789960
-1.191221
-0.310990
-0.209651
-0.112892
-0.213536
0.786888
1.542507
2.312436
2.390242
2.041056
1.307795
0.643374
-0.006487
-0.506519
-1.080198
-0.560181
0.223290
0.949721
0.797736
0.676590
-0.028905
0.234702
1.013051
0.547002
0.327660
-0.115969
0.131059
0.522898
0.900777
0.742259
0.278233
-0.699070
-0.817410
-0.837071
-1.037280
-1.052783
-1.913739
-2.182546
-1.606917
-1.037568
-0.694889
-0.156554
0.618969
1.323737
2.044537
2.099817
1.851419
2.086934
1.223555
-0.626570
-2.105968
-2.330554
-2.077353
-1.785665
-0.838120
0.120901
0.922050
2.208963
1.821442
0.694050
0.549381
0.681605
0.612613
-0.541978
-1.564384
-2.134986
-1.955300
-1.247713
-0.713617
-0.239106
-0.698629
-0.803610
-1.222580
-0.316383
-0.796073
-0.258853
-0.566100
-0.026393
0.811757
0.982083
0.330458
-0.168128
0.064126
0.067754
0.682610
0.284731
0.244312
0.478156
0.577327
0.295105
-0.215034
-0.549083
-0.156218
-0.100016
0.654610
-0.172787
0.366195
1.010695
0.643235
0.942318
1.564427
1.756008
1.202950
0.761258
0.618019
0.755939
0.969891
1.473163
0.372017
0.353798
-0.460651
-0.600749
-0.943205
-1.765699
-2.524744
-2.834015
-2.103797
-2.176725
-0.934040
-1.273359
-1.043304
-0.519276
0.008745
0.500541
0.967637
0.372378
0.426674
0.554094
-0.068345
0.283222
0.982850
1.054234
0.782903
0.707303
-0.395624
-0.907251
-1.206371
-1.260191
-1.624115
-1.028021
-1.111211
-0.582568
-0.595828
-0.447929
-0.264536
-0.529584
-0.130096
0.380294
0.749860
0.586535
0.965936
0.154026
0.511900
1.005292
1.041164
0.338611
-0.212032
-1.095964
-1.144756
-1.041948
-0.957816
-0.032337
0.131256
-0.425326
0.175215
1.342174
1.722988
2.046612
1.345877
1.749029
0.754138
0.627578
0.584826
0.017522
0.166220
0.486021
0.470144
1.174927
1.631692
1.105530
0.467675
0.815200
-0.008814
