0.645602
0.295005
-0.172129
-0.988078
-1.588448
-1.856243
-1.573182
-0.824194
0.033333
0.614603
1.224417
1.444798
1.252285
1.225713
0.712012
-0.010354
-0.385613
-0.616959
-0.958089
-1.182828
-0.971180
-0.493748
0.134706
0.971324
1.498845
1.784049
1.572583
0.590363
-0.360084
-0.611555
-0.084984
0.218906
0.295648
0.185981
-0.094435
-0.429339
-0.739244
-1.138704
-1.243902
-0.898236
-0.299195
0.183994
0.481378
0.988397
1.381084
0.792491
-0.290004
-1.146054
-1.347346
-1.076265
-0.868221
-0.803745
-0.795551
-0.364273
0.195910
0.851380
1.358214
1.407351
1.249454
0.872326
0.347325
0.067281
-0.236060
-0.655594
-0.947878
-1.064431
-0.805172
-0.520743
-0.033700
0.271946
0.518795
0.870155
0.900795
0.762052
0.291334
-0.107873
-0.546525
-0.954577
-0.971542
-1.107041
-1.018045
-0.538508
-0.004330
0.585192
0.595807
0.538001
0.425290
0.199826
0.052794
-0.015443
0.017709
0.406548
0.492066
0.355822
0.413868
0.072655
-0.676831
-1.006929
-0.917878
-0.548737
-0.505354
-0.536224
-0.331678
-0.041549
0.124510
0.401362
0.890798
1.472059
1.486331
0.907874
-0.203038
-0.924169
-1.523534
-1.446547
-1.195508
-1.126241
-1.164620
-1.227200
-0.920384
-0.526089
-0.255540
0.131086
0.345448
0.677520
0.911118
0.961313
0.751689
0.265258
-0.024909
0.068860
0.009048
-0.330912
-0.546714
-0.576868
-0.387592
-0.256823
-0.322720
0.104211
0.758305
1.337698
1.809508
1.998419
1.679676
1.099158
0.064263
-0.509316
-0.417532
-0.398052
-0.809093
-0.627132
-0.052353
0.593209
1.090022
0.989593
0.913223
0.773704
0.942679
1.315671
1.401638
1.324752
1.143770
0.901932
0.580776
0.130720
-0.315314
-0.351463
-0.470288
-0.889404
-1.143056
-1.054292
-0.760387
-0.300194
-0.256590
-0.368251
-0.352452
-0.502429
-0.771877
-0.822072
-0.515999
-0.288402
-0.174595
-0.226649
-0.420098
-0.791449
-1.173039
-1.258957
-1.364288
-1.586088
-1.457285
-0.703311
0.437247
0.975870
1.339761
1.636117
1.470125
0.780682
-0.338141
-1.442822
-2.078283
-1.652107
-0.805580
0.249103
1.015574
1.016173
0.760029
0.868144
0.925297
0.757688
0.221372
-0.385038
-0.845526
-0.988860
-0.493409
0.158673
0.717454
0.818588
0.718790
1.009317
1.257060
1.220208
1.224261
0.655227
0.287296
0.555776
0.902053
1.056050
0.384870
-0.609994
-1.503371
-1.371432
-0.341730
0.242800
-0.161280
-0.492215
0.003350
0.922448
1.352733
1.338902
0.628793
-0.119713
-0.393941
-0.349330
-0.096895
-0.186677
-0.390013
-0.083962
0.425822
0.911483
1.142184
0.954289
0.725540
0.032131
-0.595278
-1.065072
-1.678478
-2.002974
-1.646133
-1.163064
-0.486808
0.134178
0.909456
1.065254
0.495404
-0.013085
-0.283706
-0.311755
-0.150690
-0.469159
-0.914095
-0.639988
-0.114798
0.401896
0.671020
1.224638
1.682633
1.249780
0.315403
-0.599207
-0.849340
-0.156182
0.697257
0.774273
0.908054
1.075700
1.060586
0.582094
0.051372
-0.579585
-0.941562
-1.276859
-1.402723
-1.086993
-0.532735
0.120845
0.440393
0.729737
1.260066
1.404424
1.020239
0.223256
-0.411392
-0.729617
-1.333568
-1.533779
-1.333613
-0.729328
-0.439872
-0.172491
0.278386
0.759131
0.557132
0.466199
0.447431
0.015558
-0.525297
-1.079440
-1.450000
-1.688342
-1.671325
-1.730359
-1.544865
-1.278088
-0.641707
-0.221420
-0.002959
-0.265656
-0.372004
-0.511875
-0.647327
-0.715240
-0.901800
-0.723196
-0.080200
0.951142
1.497195
1.311206
0.607792
-0.164700
-0.899898
-1.747070
-2.192107
-1.980187
-1.683472
-1.317642
-0.561459
-0.377633
-0.195687
0.128342
0.684986
0.817701
0.899130
1.032513
1.072985
0.634159
0.331272
0.097826
0.095069
-0.018898
0.136339
0.719478
1.563208
2.266327
2.442011
1.996856
1.314643
0.823555
0.533012
0.250033
-0.551625
-0.632988
-0.220536
-0.056077
0.036454
0.890865
1.768359
1.982560
1.865510
1.543423
0.865403
-0.323979
-1.294248
-1.947440
-2.195139
-1.921331
-1.412429
-0.662615
0.318647
0.875360
1.115141
0.851622
0.393009
0.298676
0.246749
-0.092700
-0.344490
-0.777910
-1.289574
-1.572114
-1.380117
-0.699785
-0.126764
0.444260
0.633757
0.567326
0.438879
0.276910
0.105474
0.016680
0.005449
-0.130709
-0.337255
-0.319525
-0.308347
0.016139
0.515756
1.107654
1.456762
1.688936
1.818659
1.577171
1.053372
0.868432
0.585186
0.332351
0.253174
0.156891
0.122762
0.256627
-0.005498
-0.133481
-0.507204
-0.382023
-0.085893
0.292348
0.619419
0.503964
-0.027194
-0.725124
-1.027828
-1.034977
-0.596871
-0.049873
0.220930
0.426830
0.357087
-0.391517
-1.398758
-2.267753
-2.592953
-2.736862
-2.410718
-1.354330
0.248797
1.643451
2.493868
2.890704
2.523916
1.536607
0.194701
-1.158484
-2.283845
-2.795944
-2.282616
-0.804714
0.556728
1.319409
1.349470
1.063382
0.875913
0.715842
0.348618
-0.072449
-0.559858
-1.291043
-1.733168
-1.734364
-1.321916
-0.745381
-0.124673
0.042470
-0.174051
-0.368203
-0.606443
-0.843746
-0.868941
-0.712855
-0.332200
-0.268669
-0.519742
-0.560461
-0.780890
-0.659160
-0.481565
-0.381316
0.058975
0.419793
0.461773
0.351794
-0.043838
-0.254723
-0.091873
0.291437
0.414725
0.509812
0.424705
0.517106
-0.104004
-0.657589
-0.721206
-0.425643
0.332051
1.248949
1.881089
2.100773
1.937315
1.282051
0.274544
-0.455887
-0.797728
-0.548972
-0.145706
0.245660
0.912487
1.564548
1.594751
1.398692
1.198746
1.009495
0.597668
0.121000
-0.778882
-1.504148
-1.621049
-0.764416
0.669388
2.003840
2.850225
3.344939
3.236109
2.698143
1.728400
0.415949
-0.717941
-1.597149
-1.776954
-1.549370
-0.994517
-0.192750
0.399534
0.741571
0.776142
0.723364
0.766471
0.815940
0.325734
0.023563
0.014635
0.247969
0.435432
0.088980
-0.788322
-1.394367
-1.983626
-2.161615
-2.032292
-2.113927
-2.013850
-1.659891
-1.262619
-0.737560
-0.414718
-0.433815
-0.465018
-0.562095
-0.543221
-0.531921
-0.516901
-0.577317
-0.619161
-0.414543
0.203605
0.931888
1.057482
0.597570
0.134385
-0.163256
-0.365801
-0.183438
0.068286
0.245482
0.324078
0.373775
0.250255
0.200729
0.354337
0.666879
1.053444
1.080030
1.152859
0.960311
0.557188
0.306363
0.256419
0.517756
0.686063
0.539451
0.569973
0.494343
0.566928
0.623910
0.156617
-0.189108
-0.173921
-0.563594
-0.682256
-0.574673
-0.364750
0.150072
0.089394
-0.277782
-0.069022
0.566389
0.797476
0.967870
0.929154
0.468159
-0.207657
-0.774015
-1.116583
-1.174126
-0.909470
-0.395507
-0.054145
0.090461
-0.160107
-0.755376
-1.182704
-1.044095
-0.822912
-0.510115
0.074109
0.184890
0.072285
-0.510979
-0.967357
-0.860425
-0.565121
-0.049070
0.508795
0.876752
0.784544
1.099922
1.384902
1.145751
0.337476
-0.354488
-1.041593
-1.301565
-1.195559
-0.774424
0.122913
0.910662
1.392623
1.139346
0.599095
0.078607
-0.154057
-0.148374
0.125031
0.387976
0.605127
0.349962
0.293331
0.215488
0.172022
0.076833
0.083418
-0.118407
-0.354702
-0.562885
-0.685042
-0.280916
-0.047077
0.034765
0.298679
0.542974
0.349502
-0.143410
-0.684618
-0.585681
-0.475116
0.011816
0.532687
0.723711
0.720474
0.522209
0.767433
0.768724
0.521816
0.131452
-0.250017
-0.450038
-0.411014
-0.179424
0.100382
0.024255
0.027832
-0.043428
0.464155
0.967310
0.553931
0.064914
-0.755242
-1.372353
-1.270573
-0.665792
-0.173459
0.478040
0.990585
1.182295
0.816448
0.210554
-0.186245
-0.710980
-1.006538
-0.879179
-0.264547
0.445510
1.081701
1.061068
0.508341
0.102452
-0.316317
-0.660523
-0.868798
-1.202710
-1.312106
-1.480141
-1.309242
-0.586767
0.333688
0.950488
0.934951
0.660642
0.230097
-0.265151
-0.429297
-0.232872
0.000201
0.087772
-0.453637
-1.368225
-2.096785
-1.762205
-1.140046
-0.783811
-0.361153
0.373882
0.961525
1.259889
1.329744
0.973169
0.623558
0.082579
-0.504275
-1.245109
-1.646675
-1.868818
-1.586917
-0.677669
0.323002
1.216071
1.767069
1.945514
1.310302
0.288844
-0.708929
-1.815765
-2.371248
-2.487611
-2.129718
-1.320227
-0.191536
0.917088
1.917612
2.667663
3.188249
3.047368
2.253847
0.990544
-0.136685
-0.908972
-1.147683
-0.870555
-0.055897
0.903347
1.851183
1.845935
1.379148
0.801060
0.593936
0.470659
0.234607
-0.111192
-0.448576
-0.528602
-0.472604
-0.170512
-0.072877
0.153078
0.538397
0.713743
0.580824
0.511605
0.263234
-0.025804
-0.247706
-0.607584
-0.890232
-0.544614
-0.069149
0.405247
0.371760
0.108514
0.071323
0.484044
0.747171
0.359564
-0.323872
-0.559351
0.028670
0.797255
1.466611
1.224404
0.929496
0.888016
0.825131
0.421020
-0.231548
-0.706965
-0.709296
-0.172427
0.431502
1.163885
1.763566
2.083412
1.945278
1.302628
0.329117
-0.469747
-1.094966
-1.133253
-0.512685
0.191277
0.927756
1.575523
1.733436
1.386260
0.544967
-0.289241
-0.619028
-0.745468
-0.374100
0.180950
0.334826
0.359595
0.600447
0.762412
0.636356
0.027812
-0.619052
-1.047380
-1.506491
-1.961742
-1.645955
-1.123812
-0.695814
-0.061974
0.410949
0.633596
0.644088
0.411926
-0.117064
-0.820055
-1.866400
-2.245393
-2.467550
-2.337623
-1.418888
-0.152318
0.886461
1.456301
1.566028
1.066927
0.462481
-0.721750
-1.560972
-2.157815
-2.319961
-1.735035
-0.840839
-0.461000
-0.311490
0.193499
0.647826
0.785269
0.406432
-0.422682
-1.815021
-2.772756
-2.448687
-1.427550
-0.631677
-0.055642
0.798935
1.622241
1.803327
1.230430
0.431006
-0.336784
-1.049300
-1.301398
-0.975672
-1.277303
-1.707216
-1.281377
-0.060520
1.003374
1.639452
1.787763
1.934058
1.302722
0.562473
-0.092240
-0.560626
-0.848909
-1.141879
-0.977314
-0.513233
0.058459
0.677850
0.953055
1.036243
1.179806
0.635706
-0.207240
-1.431759
-2.330764
-2.129797
-1.276760
-0.075340
1.134793
1.926345
2.140572
1.996416
1.521006
0.783671
0.282599
-0.532063
-1.181697
-0.853503
-0.808893
-0.597416
-0.052609
0.790973
1.609253
2.024057
2.201519
2.264438
2.310994
1.853076
1.045883
0.229676
-0.312366
-0.639377
-0.879287
-1.454006
-1.736671
-1.379097
-0.531189
-0.049550
-0.324957
-0.463429
-0.328699
-0.102353
-0.087317
-0.017081
-0.238285
-0.490947
-0.420917
0.126806
0.235627
0.173160
-0.011774
-0.145837
-0.592512
-0.518665
-0.178980
-0.245344
-0.541988
-1.079379
-0.848744
-0.141394
0.614448
1.128276
1.392369
1.596353
1.626419
1.020625
-0.008987
-0.522728
-0.571909
-0.650959
-0.896405
-0.929707
-0.763617
-0.417908
-0.345959
-0.525768
-0.601392
-0.360306
-0.232561
0.175520
0.014594
