-0.503598
-0.448004
-0.350458
-0.399550
-0.756606
-1.324162
-1.712954
-1.436444
-0.309558
0.795670
1.507647
1.826065
1.526595
1.224390
0.798261
0.198300
-0.666540
-1.201519
-1.343185
-1.113631
-0.659518
-0.331297
-0.225066
-0.365329
-0.413985
-0.178025
0.130614
0.426584
0.607099
0.674581
0.486922
0.323553
0.179507
-0.048055
-0.208696
-0.554246
-0.671623
-0.724899
-0.604857
-0.319911
-0.032772
0.020421
0.057412
0.265760
0.729513
0.937030
0.873593
0.583236
-0.066742
-0.464678
-0.570430
-0.795307
-1.135146
-1.608695
-1.354781
-0.330116
0.848289
1.719345
1.659164
1.143364
0.918360
0.824823
0.572615
-0.050063
-0.844122
-1.214901
-1.277316
-1.114045
-0.923409
-1.157435
-1.229377
-0.661934
0.470993
1.533794
2.181934
2.060713
1.494453
0.744338
-0.028892
-0.486639
-0.897747
-0.918315
-0.547480
-0.477787
-0.748151
-1.353763
-2.003164
-2.121362
-1.480723
-0.359464
0.569210
1.516581
2.004030
2.099926
1.802958
1.177730
0.282388
-0.753031
-1.096634
-1.277884
-1.588866
-1.680996
-1.440447
-1.062782
-0.650756
-0.216575
0.393349
0.872883
1.092926
1.308185
0.875510
0.490166
0.204065
-0.147413
-0.493073
-0.782801
-1.298426
-1.904025
-1.859298
-1.189186
-0.344175
0.943307
2.228983
2.712451
2.420637
1.908220
1.250150
0.431028
-0.155596
-0.562794
-1.027232
-1.306836
-1.481917
-1.782467
-1.419483
-0.619052
0.084840
0.710949
1.389817
1.868551
2.052530
2.000568
1.807102
1.464478
0.676197
-0.143008
-1.520711
-3.095354
-3.846666
-3.489090
-2.253533
-0.682190
0.488688
1.305789
1.727209
1.680928
1.263984
1.085901
1.017549
1.024564
1.011660
1.157817
0.822885
0.452945
-0.259597
-1.118008
-1.974727
-2.525646
-2.385932
-1.480417
-0.477349
0.246818
0.693992
1.081903
1.508215
1.522101
1.232864
0.917866
0.343572
-0.158857
-0.757941
-1.216010
-1.305951
-1.057723
-0.608259
0.153905
0.758651
0.987358
1.226064
1.292462
1.193858
1.359348
1.725396
1.623317
0.934194
0.158185
-0.626863
-1.468399
-1.435668
-0.664673
-0.103020
0.559957
1.194124
1.332860
1.327029
1.136674
0.833716
0.414464
-0.235268
-0.804168
-0.837521
-0.540395
-0.200705
0.199413
0.661859
1.229642
1.493658
1.458207
1.523258
1.423578
0.873981
0.475205
0.034420
-0.366336
-0.289887
-0.095394
-0.304820
-0.640946
-0.755594
-0.715406
-0.348747
-0.210422
-0.196729
-0.261255
-0.473710
-0.404780
-0.186650
-0.545222
-1.065717
-1.064094
-0.877055
-0.634752
-0.012222
0.398851
0.787565
1.181567
1.400711
1.043910
0.820431
0.596156
-0.078912
-0.721954
-0.966870
-1.079833
-1.380771
-1.372496
-1.145885
-1.092109
-0.947971
-0.779057
-0.413495
-0.283642
-0.339812
-0.137999
0.190898
0.304800
0.298067
-0.034659
-0.262169
-0.797851
-1.128189
-1.329199
-0.968224
0.048190
0.777084
1.043694
1.032314
0.897029
0.961625
0.838592
0.575185
0.499488
0.541790
0.754718
0.538600
-0.339494
-1.540149
-2.615332
-2.778110
-2.364704
-1.363508
0.351975
1.501871
1.973255
1.959644
1.572735
1.177187
0.881604
0.358040
-0.159646
-0.681053
-1.011605
-1.578589
-1.814303
-1.651942
-1.291805
-1.120434
-0.830269
-0.179248
0.983054
1.928419
2.132909
1.839061
1.479453
1.166615
0.983173
0.606363
0.478941
-0.060053
-0.868416
-1.406038
-1.669976
-1.489105
-1.209724
-0.751392
-0.417314
-0.370953
-0.350116
-0.256249
0.240991
0.917281
1.065774
0.768621
0.376737
-0.000039
-0.014409
-0.109430
-0.677716
-1.147375
-1.362966
-1.384881
-0.934515
-0.346430
-0.186521
-0.532305
-0.794885
-0.297036
0.320006
0.573673
0.335970
0.195823
0.100178
-0.212465
-0.643996
-0.962616
-0.603202
-0.124625
0.334132
0.528979
1.009429
1.638206
1.876412
1.814903
1.583970
1.159107
0.476405
0.029677
-0.412166
-0.937649
-1.354229
-1.294231
-1.019099
-0.732254
0.184411
0.914986
1.647567
2.173300
2.115336
1.625118
0.781509
0.046993
-0.565038
-0.978571
-1.165956
-1.091644
-0.611379
-0.147535
0.313838
0.515946
0.371712
0.063554
-0.431136
-0.752171
-0.758252
-0.759773
-1.120013
-1.129738
-0.673101
-0.309176
0.042662
0.584957
1.055438
1.074689
0.536042
0.019906
-0.454980
-0.800012
-1.010389
-1.228661
-1.204089
-0.824599
-0.327893
0.162784
0.566637
0.977207
1.464185
1.892159
1.878278
1.363670
0.821611
0.253586
0.104429
0.008320
0.142811
0.286177
0.346058
0.385530
0.562836
0.829263
0.929984
0.692061
0.451528
-0.064110
-0.649922
-0.793609
-0.541839
-0.148951
-0.172605
-0.143862
-0.078276
-0.130930
-0.370522
-0.840852
-0.950984
-0.804489
-0.800994
-1.081153
-1.038805
-0.546346
0.026704
0.712274
1.310540
1.389056
1.294575
0.819116
0.245846
-0.474373
-1.082729
-1.567327
-2.064562
-2.166385
-1.762474
-0.922626
-0.114843
0.389777
0.883923
1.118235
1.295557
1.209201
0.591753
0.012657
-0.610610
-1.152750
-1.203657
-1.084932
-1.155361
-0.952572
-0.335355
0.732130
1.354089
1.520342
1.568731
1.165557
0.553512
-0.162259
-0.380111
-0.410369
-0.287478
-0.080112
-0.460745
-1.195874
-1.163453
-0.599741
0.037417
0.469446
0.834287
1.076412
0.985512
0.590785
0.276886
0.067233
-0.027676
-0.062105
-0.399449
-0.608171
-0.460896
-0.419582
-0.324213
-0.031818
0.073782
0.280795
0.548993
0.861281
1.112999
1.050265
0.996806
0.580165
-0.232762
-0.998702
-1.484438
-1.431346
-0.694849
0.273575
0.815897
1.121669
1.239247
1.214086
0.918597
0.435908
-0.170817
-0.708092
-1.031995
-0.782049
-0.490488
-0.345190
-0.074330
0.344963
0.961164
1.287238
1.329987
1.290925
0.831791
0.312817
0.141064
-0.145356
-0.719265
-1.370499
-1.399829
-0.910546
-0.421566
0.159728
0.875699
1.116770
1.087258
0.892049
0.437753
-0.050414
-0.201573
-0.046413
-0.056227
-0.711892
-1.143008
-1.281918
-1.427961
-1.114141
-0.628236
-0.267698
-0.043408
0.076879
0.094309
0.012640
-0.005659
0.034885
0.299145
0.452877
0.190304
0.274702
0.157005
-0.085003
-0.538818
-0.722091
-0.399703
0.117422
0.637550
1.154367
1.389642
0.873637
0.123735
-0.430327
-0.631438
-0.773975
-0.659843
-0.480765
-0.449980
-0.115610
0.347849
0.804577
0.962655
0.950335
0.996732
1.006616
0.799431
0.205544
0.005968
-0.199896
-0.457764
-0.293163
0.201677
0.819419
1.355567
1.592541
1.650812
1.175200
0.364766
-0.011025
0.216785
0.459126
0.400036
0.282780
-0.158706
-0.677247
-0.565306
-0.371751
-0.091035
0.155647
0.258221
0.112440
-0.356222
-0.569832
-0.546284
-0.464073
-0.384316
-0.171065
0.019735
-0.252698
-0.397221
-0.407835
-0.643322
-1.156938
-1.455866
-1.252897
-0.606480
-0.006405
0.274298
0.245773
0.128431
0.165694
0.453545
0.498568
0.457862
0.382204
0.086039
-0.165515
-0.435156
-0.758410
-1.125714
-1.487806
-1.215629
-0.501649
-0.151477
0.177974
0.277325
0.400300
0.605836
0.781008
1.180625
1.403097
1.545997
1.077229
0.256574
-0.670409
-1.573591
-1.967229
-1.618392
-0.755936
0.203685
0.765304
0.878158
1.444162
1.891141
1.790256
1.364588
0.658230
0.100386
-0.514439
-1.351012
-2.063362
-2.471122
-2.500487
-2.070737
-1.078579
0.154288
1.137914
1.850172
2.126632
2.170313
2.095054
1.332908
0.294978
-0.374521
-0.757634
-0.919774
-0.885120
-0.970902
-0.741317
-0.668835
-0.807449
-0.797798
-0.379328
0.243844
0.387482
0.191271
0.206143
0.181362
0.127937
0.073225
-0.074414
-0.018722
-0.212652
-0.880108
-1.317884
-0.986958
-0.416322
-0.092214
0.423233
0.941771
1.447468
1.758145
1.451482
0.813438
0.223063
-0.249535
-1.078604
-1.847144
-2.227669
-2.086329
-1.832156
-1.346352
-0.511662
0.361515
1.122724
1.840433
1.895101
1.527934
1.170666
0.968677
0.833991
0.509758
0.077287
-0.266207
-0.646267
-0.918508
-1.244461
-1.315144
-1.147323
-0.645300
0.329762
1.354783
1.493021
1.321214
1.168864
1.080669
0.999507
0.417396
-0.273126
-0.885632
-1.150321
-1.126859
-0.756656
-0.076057
0.403037
0.656297
0.557452
0.287199
-0.239901
-0.671267
-0.734004
-0.679189
-0.651444
-0.882482
-0.998260
-0.600691
0.058854
0.559754
0.694125
0.548943
0.349798
0.162163
-0.149660
-0.297896
-0.122883
0.001427
-0.333338
-0.584181
-0.529566
0.127842
0.705803
0.773558
0.249025
0.116000
0.426889
1.015573
1.785538
2.395357
2.389098
1.909365
1.267500
0.480265
-0.266378
-0.976513
-1.415645
-1.475560
-1.236681
-0.948272
-0.391422
0.268266
0.844093
1.097842
1.000830
0.937839
0.913952
0.821698
0.591151
-0.107042
-0.898128
-1.317462
-1.861486
-2.112029
-1.914822
-1.347463
-0.653335
0.396552
1.572118
1.855534
1.676416
1.569615
1.376528
1.109788
0.431483
-0.376585
-0.931403
-0.971105
-0.676637
-0.206675
0.083617
0.417466
0.786275
0.944894
0.970881
0.655349
0.484320
0.661237
0.761664
0.238669
-0.465911
-0.969506
-1.185213
-1.056657
-0.786622
-0.302386
0.321879
1.113052
1.690286
1.870532
1.582137
1.051449
0.564540
0.080991
-0.783676
-1.771135
-2.444035
-2.452886
-1.863966
-1.203105
-0.252844
0.730501
1.361479
2.025006
2.070448
1.492542
0.740548
-0.141753
-1.129381
-1.913885
-2.083248
-1.771189
-1.471279
-1.504933
-1.510357
-1.295217
-0.923091
-0.386731
0.045932
0.117914
0.588253
0.857330
0.857266
0.852355
0.653113
0.241534
-0.401148
-0.984350
-1.273070
-1.202622
-0.829257
-0.582171
-0.137705
0.211155
0.509927
0.891451
1.158002
0.964074
0.587980
-0.109395
-0.647032
-0.934489
-1.128515
-1.462293
-1.706833
-1.303082
-0.649566
0.109204
0.651652
0.882339
0.939045
1.082713
1.122754
1.036666
1.012903
0.586275
0.294918
0.120800
-0.145222
-0.066691
0.234879
0.200755
0.097958
-0.041550
-0.141586
-0.362331
-0.334960
0.100533
0.584737
0.703251
0.738283
0.594941
0.344847
0.155545
-0.093631
-0.773358
-1.513094
-1.692181
-1.178256
-0.446307
-0.010326
0.012938
0.095143
0.441309
0.805285
0.961432
0.750523
0.514678
0.141194
-0.029514
0.113602
0.512519
0.713976
0.438336
0.069329
0.175026
0.350249
0.443248
0.806682
1.122497
0.927589
0.456200
-0.295094
-0.806099
-0.924120
-0.844843
-0.789621
-1.222638
-1.544589
-1.644318
-1.117310
-0.137362
0.821072
0.707037
0.362153
-0.131330
-0.578770
-0.488853
-0.194166
0.069435
0.304683
0.352899
0.416073
0.212589
0.018020
-0.093099
0.081744
0.546814
0.717097
0.372957
-0.171713
-0.368440
-0.404790
-0.308009
-0.322932
-0.274180
-0.282345
-0.254564
-0.394796
-0.465260
-0.217402
-0.005744
-0.131496
-0.070488
0.057783
0.133301
0.194200
-0.047543
-0.128055
-0.400306
