-2.788165
-0.616655
0.111418
0.080219
0.419488
0.506889
0.647167
0.589621
1.057759
1.158169
0.824601
0.401692
-0.046814
-0.198526
0.299800
0.858667
1.123330
0.421881
0.318168
0.104672
-0.529109
-0.728185
-0.585428
-1.533797
-1.586079
-0.733154
-0.463709
-0.394919
-0.300378
0.248651
0.844279
1.048975
0.931278
-0.630623
-0.565079
-0.798195
-0.807839
0.251002
0.270888
-0.697343
-1.106098
-1.599307
-1.130102
0.006945
0.707979
0.232917
0.727896
0.887646
-0.090051
-0.490884
0.296189
-0.036085
0.132147
1.051783
0.701213
0.705686
0.805996
0.319207
-0.072077
-0.245638
-0.653202
-0.730790
0.710982
1.743150
1.293317
0.659083
0.100335
-0.481980
-1.602954
-0.394544
1.073073
0.324286
0.812745
1.043405
1.440019
1.305290
-0.781207
0.234631
0.810549
-0.186765
-0.587038
-0.942996
-0.364747
0.815437
1.627339
0.753221
1.330437
1.725414
0.718048
-0.189595
-0.035431
0.038843
-1.732772
-1.772795
-0.415905
-0.049610
-0.547124
0.092439
0.497104
0.525525
0.696786
0.840485
0.564778
0.280273
-0.184869
-1.028074
-1.172177
-1.325797
-1.989221
-2.236071
-1.981995
-1.491622
-0.799299
-0.872362
-1.083748
0.140660
0.509594
1.151518
1.467465
2.128226
2.589034
1.522960
0.720517
-0.145535
-0.910153
-1.467619
-1.715319
-1.781744
-0.411600
0.934556
1.240111
1.348620
1.814177
2.351688
2.055622
1.059112
0.079416
-0.099839
-0.478306
-1.489425
-0.819674
-0.200288
-0.591914
-0.567789
-0.217363
0.161263
-0.748471
-1.048246
-1.546028
-1.787457
-1.371427
-1.304241
-1.549168
-1.609111
-0.905116
0.000305
-0.325120
-0.276694
-0.291251
-0.677234
-0.719840
0.893240
1.032124
0.617499
0.942074
0.493679
0.727862
0.331701
-0.049962
-1.020557
-0.682874
0.792006
1.319594
0.379353
-0.090733
-0.495182
-1.580207
0.180692
1.524362
0.966700
1.806246
2.214504
2.307377
2.404551
2.409949
2.213238
1.888245
1.061738
-0.705702
-0.630039
-1.128825
-0.993694
-0.347122
-0.979277
0.017451
0.615878
0.896940
0.744437
-0.355404
-0.571640
-0.835517
-0.446042
0.559236
0.559158
0.214386
0.054766
-0.079354
1.368013
2.105818
1.021515
0.265148
0.588700
0.532938
-0.341360
-0.837372
0.152084
0.608893
0.701174
1.162991
1.227933
-0.319586
0.302028
1.477218
0.720425
-0.327016
-0.836980
-1.067875
-1.262277
-2.262311
-1.270523
-0.994558
-1.980666
-1.506650
-0.951023
-1.931017
-1.235126
-0.480035
0.478946
1.014959
0.820427
0.654340
-0.456711
-0.592770
0.187074
0.191384
0.300628
0.476555
-0.227584
0.836485
1.414565
0.615529
0.395413
0.247659
-1.260863
-2.093438
-0.977482
-0.438931
-0.750973
-0.541771
-1.494172
-0.777062
0.240910
0.932313
1.257622
1.465096
1.772926
1.440807
0.116635
0.338847
0.318764
-0.522038
-0.732831
-0.416023
-0.445747
-1.010916
-2.109055
-1.449357
-0.719457
-0.848292
-1.247926
-0.921434
-0.649707
-1.223207
-0.950173
-0.717986
-0.018279
-0.083482
0.633220
1.126063
0.816466
0.672880
0.302095
0.625500
0.524167
-0.296878
-0.834862
-0.437736
0.157794
-0.680566
0.617978
2.175923
1.860247
1.173643
1.159301
0.421260
0.727546
0.505432
0.634839
0.158070
-0.608083
0.267448
0.760637
0.279388
-0.577740
-1.383596
-0.072280
0.399632
0.204175
0.258263
0.580088
0.520280
-0.329730
-0.308847
0.161146
0.841348
0.522373
-0.538375
-0.307847
0.444267
0.366978
-0.021566
0.943026
1.279052
0.722979
0.360431
0.140963
-0.130173
0.384945
0.148432
0.448986
0.913689
0.416481
0.401328
0.536271
0.875757
0.300169
-0.055912
-0.470614
-0.983235
-1.123445
-1.563754
-0.933190
-1.076241
-1.719902
-1.298398
0.047795
0.729007
1.090855
1.458258
0.389012
0.510103
1.051078
0.835482
0.357150
-0.816456
-1.641820
-0.685852
0.174216
0.202902
0.212364
-0.486434
-0.406017
-0.250078
-0.046240
0.613093
0.210749
0.706785
1.523972
1.531401
1.060584
0.443477
-0.361738
-1.416874
-1.882527
-0.506888
-0.017805
-0.410448
0.005152
0.272532
0.601004
0.540294
-0.359012
1.059271
1.569422
0.884964
1.388365
1.016556
1.008366
0.387992
-0.061760
-0.741874
1.209087
2.568027
1.768524
1.184374
0.493287
0.280875
-0.151796
0.524791
0.538679
-1.374071
-0.534797
0.442073
-0.330173
-0.428872
-0.250870
0.259874
-0.530209
-0.477299
0.395683
0.576286
-0.143553
-0.440349
-0.474646
-0.602581
-1.178689
0.015577
0.592676
-0.286276
0.804198
1.174487
0.517265
0.090524
-0.488465
-0.939995
-0.607129
-0.689261
-0.629660
-0.515046
-0.605239
-0.040280
-0.243024
0.113792
1.088146
1.277310
0.736312
0.400418
0.428999
0.644210
0.096851
-0.375233
-0.619620
-0.356980
-0.091652
-0.325761
-0.321777
-0.307389
0.151802
0.515599
-0.424376
-0.362669
-0.360400
-1.065416
-0.850900
-0.134443
0.175472
0.584259
0.563432
-0.627623
-0.439254
-0.582307
-1.046224
-0.636118
-0.228572
-0.064461
-0.414204
-0.372427
-0.415422
-0.009587
0.470641
0.417661
0.486349
-0.354358
-1.193497
-0.786087
0.727296
0.670578
0.374037
0.247432
0.010471
-0.436714
-0.175562
0.854232
0.126697
-0.456869
0.210719
0.377947
0.308259
0.752336
0.183816
-0.561278
-0.354876
-0.059468
0.672206
0.467647
0.063879
0.004268
-0.211993
-0.258020
-0.854531
-1.185402
0.059341
0.949691
0.648743
0.776018
0.474058
0.603326
0.900292
0.460053
-0.248722
0.152864
0.141179
-0.621309
-0.626469
-0.520331
-0.187241
-0.115124
0.066760
0.054892
1.384848
2.398773
1.978805
1.665693
0.399245
0.004234
-0.329513
-0.867512
-1.193070
-1.108602
0.162809
0.968970
1.168622
1.786009
1.256737
0.474199
0.090835
-0.605309
-1.351628
-0.219596
0.517463
0.729495
0.750391
0.330733
0.337693
0.153886
-0.488679
-0.583907
-0.915421
-0.559838
-0.215524
-1.243490
-1.710425
-1.274709
-0.983082
-1.401221
-0.659830
-0.467740
-0.055458
0.205784
-1.058574
-1.216871
-1.298379
-1.372015
-0.046498
0.490824
-0.333812
-0.190791
0.531016
0.333766
-0.447058
-0.595121
-1.019184
-0.331839
-0.286464
0.338824
0.823998
0.133810
-0.325213
-0.111183
-0.387604
-0.723974
0.315370
0.854961
0.094373
0.263191
0.280353
0.575361
0.702089
0.256839
1.016373
1.305506
0.203669
0.163499
0.168743
0.481983
0.498861
0.236504
-0.028559
-0.120676
0.476959
0.531207
-0.009209
0.275571
0.530461
-0.717407
0.195017
0.519688
0.804719
1.755298
1.616632
1.552552
0.473262
0.052442
-0.518435
-0.325175
0.860572
0.418555
-0.467325
-1.043118
-1.499996
-1.717566
-0.630638
0.146077
-0.132032
0.074070
0.734783
0.198514
0.645755
1.226085
1.180388
1.262709
0.769788
0.421184
0.229113
0.371940
-0.286472
-0.369769
1.175433
1.536530
1.020472
0.641762
0.708162
1.024520
-0.707853
-0.066272
0.614723
0.111764
0.315169
0.422558
0.568168
-0.009656
-0.407085
0.309687
0.348182
0.276070
0.083948
0.081816
0.319967
0.587240
0.395610
-1.229637
-0.471854
0.148019
-0.726782
-0.832349
-0.651031
-0.179287
-0.040459
1.324604
2.082015
1.789777
2.212726
1.547247
0.008358
-0.476847
-0.704199
-0.750505
-0.457070
-0.716948
-0.324345
-0.181478
-1.103971
-1.261198
-1.316265
-1.666422
-1.496733
-0.549378
-1.029597
-0.401776
-0.004742
-0.462332
0.003619
0.045114
-0.122675
0.252305
-0.015291
-0.958677
-1.283881
-1.433618
-1.120410
-0.965461
-1.118048
-1.109354
-1.114935
-0.130030
0.037176
0.428867
0.843043
0.009876
-0.539780
-0.211618
-0.161889
0.099404
0.804492
-0.066799
0.902756
1.237035
0.692050
0.710081
0.637698
0.957251
0.323002
-0.592814
0.787065
1.550457
1.472412
1.986832
1.106744
0.112484
0.132944
-0.498341
-1.060877
-0.791029
-1.217837
-1.977227
-1.874407
-0.608841
0.351908
-0.148273
-0.020385
0.024598
-0.666210
-1.281859
-1.830803
-1.833177
-2.014994
-1.642140
-1.921395
-0.785546
-0.111874
-0.162299
0.297412
0.429596
1.411541
1.653738
1.239271
0.696840
1.020616
0.914059
0.679727
-0.148643
-0.723527
-0.885904
-1.985636
-0.863004
-0.487280
-0.582692
0.174245
0.256371
0.072499
0.698442
0.397226
-0.459203
-1.743867
-2.409168
-1.445643
-0.933907
-0.635321
-0.320752
-0.314776
0.559777
0.627330
0.866995
1.491259
1.975749
2.208228
2.105422
1.828245
2.133565
1.243610
0.496582
1.098501
1.239749
0.478877
0.861377
1.223895
0.136069
0.816475
0.602230
-0.572724
-0.330472
-0.560221
-0.556688
-0.544425
-0.260932
1.154287
1.996523
2.328081
2.995021
3.015872
2.035187
0.947132
0.965653
0.273911
-0.736541
-1.183899
-1.798049
-1.796800
-0.260782
0.185287
0.275731
0.689106
0.572874
0.187528
0.241771
0.573862
-0.389637
-0.085417
0.388117
0.254222
-0.100065
-0.355802
-0.798150
-1.266659
-0.988887
-0.845989
-0.897129
-0.404055
-1.255310
-1.265383
-1.567000
-1.723808
-1.859532
-0.846568
-0.119262
-0.801479
0.157939
0.551043
1.089832
1.739332
1.662952
1.725268
1.078228
0.940394
-0.241892
0.029888
0.761195
0.489374
-0.102873
-0.892252
-1.158180
-0.728291
-0.894792
-1.321024
-0.192289
0.592605
0.330919
0.531333
0.650932
0.729471
0.652964
0.345140
0.567214
0.117872
0.560754
1.394534
1.025633
1.071034
0.500905
-1.279287
-0.560688
0.584478
0.230772
-0.044322
-1.080664
-0.912680
-0.126509
0.222732
1.449785
1.786498
0.771986
0.315518
0.071450
-0.277910
-0.912890
-1.140786
-0.274615
-0.750337
-0.137915
0.594044
0.343967
0.367714
0.652109
0.623945
1.537226
1.415767
0.448260
-0.527746
-0.230204
-0.493521
-0.879609
-0.169760
0.345267
0.586888
0.678078
0.355711
-0.406621
-0.346209
-1.037218
-1.542537
-0.549923
0.408002
0.679673
-0.092661
-0.351022
-0.031578
-0.467515
-0.493942
-0.662050
-0.535634
-0.817122
-0.456973
-0.396835
-0.346764
-0.450830
-0.273990
-0.535794
0.113326
0.326973
-0.246714
0.678297
1.393460
1.226773
2.046693
2.820460
2.330291
2.882795
3.329880
2.166557
0.857805
-0.262753
-1.283381
-2.325055
-2.800864
-3.617404
-3.531384
-2.164402
-1.724422
-1.301041
0.096887
1.409170
1.838217
1.369546
1.626900
2.015910
1.054212
0.827336
0.914498
0.264887
0.254016
-0.571591
0.162904
1.116385
0.341899
-0.681681
-0.659450
-0.304121
-0.256026
-0.184303
0.225281
-0.269934
-0.089329
0.368821
0.193208
-0.673513
-1.288510
-1.263877
-1.361769
-1.848015
-2.499379
-1.951396
-2.099013
-1.977674
-2.067854
-1.955208
-1.332293
-1.587738
-1.914081
-2.225388
-2.757657
-3.004587
-2.280805
-1.817016
-2.181945
-3.150147
-3.093449
-2.375333
-1.930181
-1.742331
-1.101886
-0.926156
-0.041141
-0.366723
-0.308087
