0.345336
1.023368
0.240828
-0.584314
-1.208382
-1.213493
-0.578433
0.465132
0.068487
0.191568
-0.083035
-0.697661
0.013749
0.863402
0.125324
-0.966213
-0.948199
-0.579901
0.117302
1.579176
0.947611
-0.762151
-0.818128
-0.041518
-0.588794
-1.455123
-1.216632
-0.678316
-2.064975
-2.114281
-1.214841
0.036898
-0.455412
-2.560593
-3.045562
-2.138792
-1.301588
-1.029475
-1.231429
-2.129910
-2.109402
-1.196933
-0.608371
-0.655731
-0.490091
-0.281160
-1.236396
-0.930879
-0.747086
-1.701445
-1.308015
-1.202975
-1.865903
-2.333180
-1.531998
-1.265775
-0.808397
0.098749
0.101134
-0.267011
-1.837814
-0.914922
-0.563741
-0.693643
-0.473389
-0.900757
-1.645275
-0.308704
0.648080
0.967591
0.073531
-0.767773
-2.180338
-0.941304
0.463768
0.014025
-0.681683
-0.516593
0.189669
-0.294076
0.054861
-0.019707
-0.525414
-1.387634
-0.472871
-0.139169
0.369687
-1.540602
-0.454907
1.209225
0.788190
0.000766
-0.071170
0.314004
0.513809
0.302373
0.626591
0.011253
0.246121
0.595231
0.573007
-0.094342
0.030042
-0.122662
-0.524875
0.351000
0.431389
0.438311
-0.035443
0.038400
0.014585
-0.815882
0.032220
0.600190
0.325558
-1.868072
-1.041095
-0.162515
-2.049999
-1.589073
-0.112725
-0.817850
-1.556357
-1.764837
-1.579046
-0.941587
-0.907847
-0.923669
0.534537
0.092342
-1.061227
-0.010143
0.370468
-0.024498
-0.573101
-1.179770
-1.877973
-0.507401
1.120109
0.856402
0.017363
-0.704895
0.028010
0.209995
0.191624
-0.027727
-0.055632
0.533018
-0.319700
-0.309317
0.122215
0.388310
0.714289
0.437733
1.183536
0.763086
0.447793
1.392966
2.502071
1.152081
-0.796041
0.018235
1.634395
0.884105
0.062801
-0.926415
-0.844693
1.050387
1.475373
0.532045
-0.160170
-0.653842
-1.113326
-0.289321
1.041729
1.018214
-0.083675
-0.578455
-0.805426
-0.339461
-1.343472
-0.088905
-0.186636
0.090019
0.186783
-0.896528
-0.017637
0.741867
-0.222504
0.047080
0.466909
0.313602
0.066179
-0.371648
-0.013653
-0.164274
-0.268122
-0.703090
-0.408414
1.090443
1.383514
1.183973
1.605748
1.207136
0.960142
1.516079
2.580549
1.539549
0.773132
0.680157
0.690306
1.608332
1.070620
0.345835
0.758841
0.046898
0.667209
0.157761
0.984144
1.381419
1.393953
1.359522
1.414092
1.060674
1.103403
0.560362
0.797124
0.717100
0.783164
-0.478804
-0.462818
1.099422
0.970213
0.349174
-0.144647
-0.362365
0.779315
0.654178
0.946414
0.219115
0.099375
-0.222369
0.387043
0.441667
0.719100
1.447178
0.220196
-0.797911
0.133602
0.011050
0.763822
0.002563
-0.051723
0.301647
0.714709
1.553820
1.015927
1.253717
0.025824
0.277924
1.628757
1.017471
1.086827
1.446829
1.211400
0.962865
1.559964
0.896586
-0.057089
1.541500
0.586554
0.945196
1.621859
1.045218
1.798677
0.771907
0.788909
1.368169
1.169307
-0.476951
-1.342628
0.390829
1.044390
0.651118
0.134228
-0.327122
-0.613818
0.311907
0.951547
0.685530
-0.146671
0.761397
1.885554
1.453140
0.888235
0.188986
0.038896
0.913061
1.816548
1.187151
1.644117
2.300997
2.296980
2.627637
2.325963
1.458858
0.777288
0.472225
1.020343
1.195883
1.089676
0.056472
0.327377
0.668629
1.605792
0.993155
0.385920
0.065890
0.434715
1.773937
1.141783
-0.713886
-1.066319
0.630563
0.532700
-0.370681
0.597387
-0.304604
-0.703653
0.494158
1.209981
0.480319
-0.350197
-0.134659
0.548861
-0.175427
-0.002961
0.348030
-0.116855
0.852863
0.802084
-0.332808
-0.573992
0.989450
1.968963
2.156186
1.433322
0.080681
1.215395
2.370694
1.466126
1.091175
1.704407
0.991869
0.694561
1.441146
2.395010
1.529566
0.631292
0.159201
0.695056
1.551216
0.460897
-0.140542
1.201155
1.736589
1.517826
0.973106
1.372526
1.722503
1.892348
1.294349
0.508838
1.114131
1.467808
1.604263
2.346988
1.479638
1.002329
1.796046
0.169960
0.794315
1.059982
-0.341459
0.325299
0.907745
0.517157
-0.318262
-0.393023
0.570129
1.254199
0.473980
0.329900
0.466599
-0.330976
-0.109217
0.501894
-0.006835
-0.445150
0.111071
0.843500
0.768711
0.346184
0.285010
0.380980
1.170971
0.656237
0.179805
0.469823
0.780273
0.814433
0.281323
-0.378651
0.344499
0.321641
-0.248957
-0.332807
0.202768
-0.120950
0.261198
-0.604978
-1.286920
-0.674664
0.579467
0.277758
-1.143864
-1.063201
-0.092267
0.324063
0.170280
-0.719487
-0.361089
-0.723736
-1.348985
-2.169967
-0.885590
-1.317615
-1.283648
-0.088452
-0.514500
-1.744846
-1.890500
-0.852336
-0.034530
-0.557279
-2.334443
-1.658849
-0.444499
-0.200234
-1.369016
-1.121220
-1.850423
-2.375891
-1.529073
-0.184122
-0.900511
-2.127088
-1.593105
-1.125390
-1.648154
-2.061488
-1.933784
-1.146073
-1.411648
-2.380004
-2.909827
-2.040294
-1.625002
-1.823289
-1.574402
-0.638403
-0.708985
-1.842697
-0.963745
-0.027720
-2.035379
-2.337111
-1.267696
-1.664342
-1.588436
-1.166535
-1.151496
-1.728962
-1.085367
-1.712641
-2.715188
-1.530787
-0.918027
-0.764435
-0.825186
-2.207374
-1.852396
-1.047456
-0.780999
-2.581427
-0.934181
0.279740
-0.622271
-0.268590
-0.026112
-0.354662
-1.617737
-2.312855
-1.770936
-0.099681
-0.966752
-1.895759
-1.728611
-1.821283
-1.561353
-1.153132
-1.967715
-1.392323
-0.799802
-2.204528
-3.446971
-2.577731
-2.445616
-1.541531
-2.362085
-2.311053
-1.240980
-1.503301
-1.783516
-1.195731
-1.228647
-0.734111
-1.006980
-0.917735
-1.161755
-1.299421
-1.143272
-0.382226
-0.276614
-0.310729
-0.753283
-0.879287
-0.804827
-1.013686
-1.256786
-0.730473
-0.623382
-1.597118
-2.125596
-1.741301
-1.015986
0.038531
0.117297
-0.449821
-1.282481
-0.771522
0.082609
0.013354
-0.279262
-0.861348
-0.765480
-0.531718
-0.869232
-1.507199
0.055005
0.103011
-0.967072
-0.557047
0.090332
-0.415479
-0.377987
0.355010
1.052402
-0.228324
0.072741
0.015824
0.430553
0.474790
0.849269
0.689498
0.479283
0.406243
0.274693
0.593221
0.732588
0.156680
1.001568
0.902355
0.829020
0.006828
0.510168
0.584095
-0.383513
-0.940517
-0.414023
-0.094291
-0.291872
-0.435579
-0.153947
-0.843678
-0.795355
-0.451137
0.151715
-0.053074
-0.740926
-1.384136
-1.415883
-0.806083
0.071368
-0.859120
-2.007974
-1.786260
-1.762438
-1.582238
-1.237589
-1.038228
-1.243208
-1.170626
0.160555
0.859375
0.558668
0.109053
-0.555674
-0.210933
0.601353
0.760319
-0.509717
0.696700
0.554193
0.607307
-0.041242
0.205530
0.010042
-0.470035
1.002451
1.119788
1.247187
0.106578
-0.303434
0.105685
0.980514
1.710915
0.515637
0.432381
0.884050
1.183507
0.635348
-0.250993
0.521480
1.532120
1.118827
0.609406
1.085354
0.882069
-0.015378
-0.750183
0.116686
-0.203174
-1.055490
-0.401529
0.432124
0.034694
-0.146190
0.229459
0.287580
0.432159
1.083054
0.444594
0.202794
1.631451
1.549252
0.246351
0.147066
0.080700
1.019317
1.431615
-0.012717
0.456690
0.509912
0.187245
0.182981
0.142584
0.423739
0.454629
0.539425
-0.820401
-0.250442
0.549420
0.652344
0.223133
0.464908
0.614328
0.475035
1.183214
0.064750
-0.131015
-0.275373
-1.164232
-1.019932
0.390386
-0.931673
-0.752237
-0.129614
-0.514990
-0.242246
-1.164690
-1.517784
-0.850995
-0.168250
-0.907584
-0.926145
-0.704229
-0.832849
-1.297408
-0.869854
-0.383838
0.183861
0.269507
-0.434350
0.458831
1.470342
2.547882
2.185216
0.856197
0.821939
1.168335
0.983564
0.925471
0.807070
1.584103
2.078462
1.195772
1.193092
1.401284
1.541907
1.667476
0.879467
0.218357
0.586152
0.401115
0.426200
0.593465
0.397741
0.021322
-0.149584
-0.027709
-0.537750
-0.912560
-0.340582
-0.866074
-0.085685
0.354703
0.513716
-0.210037
-0.819506
0.699251
1.053918
-0.316312
-0.389027
-0.129260
0.215647
-0.656755
-0.161555
0.162517
-0.794365
-0.698869
0.877105
0.474921
-1.222861
0.664704
1.190019
-0.725621
0.055271
0.364844
-0.294694
-0.164723
0.546725
0.328630
-0.269565
-0.072630
-0.656917
-0.478141
-0.294558
0.679736
1.776291
1.367452
0.994527
0.856326
0.786297
1.249450
0.735787
0.778025
0.193478
0.503130
0.886954
0.331477
0.501907
0.611122
-0.345226
0.217430
-0.400744
-0.399357
1.051433
1.608599
-0.054073
-0.210208
0.976987
1.137833
0.610986
0.818467
1.113031
0.575847
1.051831
1.315325
0.504108
0.402817
0.844900
1.231552
0.799509
0.748124
0.742486
0.098759
-0.183137
1.084891
1.529796
0.817727
0.718157
0.642772
1.146490
0.978456
0.532749
0.849273
1.146777
0.430924
0.004103
0.728718
1.120426
0.308743
0.466775
1.117697
0.392985
0.695088
1.905896
1.761614
1.549438
1.185852
1.075238
0.299488
0.107923
-0.121529
1.013757
0.476931
-0.047021
-0.108244
-0.736195
-1.067389
-0.835750
-1.234212
-1.377722
-1.067406
-0.909258
-0.362496
-1.117911
-2.189335
-1.708185
-1.206928
-0.113349
0.172112
-0.007932
0.094526
-0.047940
0.031570
0.639933
-0.041198
1.047507
2.395372
1.854514
0.965551
0.259025
-1.601876
-0.986907
-0.931264
-0.898138
-0.757652
-0.297098
-0.219413
-1.112721
-1.305521
-0.847901
-0.807858
-0.100206
-1.023462
-1.160597
-0.085316
0.042842
0.634047
0.327851
-1.078827
0.766797
2.089632
1.123862
1.649023
1.809277
1.457166
0.813259
1.372408
0.659202
0.649932
1.442247
0.447799
0.240945
0.536151
0.447764
-0.126796
-0.195956
-1.045121
-0.279143
1.289670
1.079965
0.019263
0.327508
0.427914
0.045851
0.472020
0.839162
1.650494
0.883512
-0.384458
-0.986174
-0.542942
0.619426
0.697675
-0.365261
-0.969729
-0.230483
0.250183
-0.531491
-0.346452
0.384931
0.355484
-0.109467
0.112563
-0.127094
0.194764
0.476420
0.718697
0.412082
0.934853
0.963374
1.191330
1.465525
1.307208
1.113397
0.225251
-0.380987
0.772839
1.003318
1.256931
0.955028
0.555959
-0.610670
-0.680614
-0.211433
-0.858855
-0.912854
-0.285404
-1.074440
-1.558188
-0.700288
-0.079882
-0.172043
-0.698919
-0.120020
0.427818
0.790600
0.119019
0.193253
-0.146127
-0.394314
-0.820343
-0.633506
-0.609585
-0.827889
-0.797897
-2.138817
-2.300390
-1.261413
-0.322157
-0.739596
-1.060900
-0.874062
-0.594738
-0.647559
-0.543320
-0.942984
-0.368588
0.859549
0.294483
-0.264765
0.018006
-0.067343
0.158448
-0.339143
0.040858
-0.046887
-1.015918
-1.050209
-0.846899
-0.839264
-1.291497
-0.890581
-0.459984
-0.579024
-0.509573
-0.220990
-0.402156
-0.328023
-0.039301
-0.365825
0.460444
1.082720
0.304940
0.746837
0.953036
0.801251
1.122614
0.901399
1.290178
1.172085
