-0.550963
-0.483733
-0.542624
-0.240715
-0.276699
-0.496423
-0.305188
0.852243
1.085759
0.712066
-0.663389
-0.991223
-0.133241
0.483350
-0.243923
-0.926719
-1.062683
-1.183345
-1.046390
-0.444916
-0.126705
-0.169848
-0.345702
0.083475
0.122066
-0.480781
-0.859458
-0.675824
-0.273318
-0.062190
-0.076635
-0.575002
-0.560667
-0.972179
-0.965885
-0.941798
-0.344182
-0.480964
-1.142168
-1.433776
-1.146397
-0.800576
-0.684900
-0.327066
-0.011887
0.093296
0.217972
-0.247126
-0.750834
-0.571228
-0.387904
0.211216
1.787449
2.251482
1.273124
0.452338
-0.853165
-1.413044
-1.430289
-0.976497
-0.139798
0.524427
0.643898
0.932676
1.250379
1.557241
1.056780
0.582572
1.054360
1.318079
1.567015
1.060267
0.720175
0.846452
0.243009
-0.392164
-0.052105
-0.625070
-0.689104
0.055645
-0.005686
1.298181
1.915108
2.229499
2.517630
2.306740
2.154904
2.064100
1.726851
1.770366
1.272552
0.701925
0.725619
1.181789
1.488705
1.630910
2.019755
1.209418
0.270746
-0.318348
-0.409063
-0.837532
-0.837073
-0.101797
1.298859
1.590106
0.868466
0.734151
-0.090544
-0.681398
-0.975644
-1.079989
-0.917089
-0.733060
0.106878
0.059521
-0.016588
0.752056
1.411143
1.041943
0.507227
0.349678
-0.171509
-0.762829
-0.515951
-0.422512
-0.592034
-0.430641
-0.264431
-0.373586
-0.734032
-0.473030
0.224793
0.715386
0.942064
0.938537
0.387540
-0.248508
0.272697
0.404701
0.549501
1.293908
0.676967
-0.477502
-0.450018
-0.689424
-0.576935
-0.921762
-0.862030
0.215802
1.805035
2.400192
0.931619
0.432334
1.058221
0.758373
0.849231
1.585775
2.132129
1.786808
1.011952
0.388811
-0.334083
-0.239542
0.168572
0.662165
-0.606111
-1.520789
-0.914475
-0.194084
0.039451
-0.337754
-1.047077
-1.528108
-1.056810
-0.693041
-0.615031
-0.909307
-1.671085
-1.757918
-1.851403
-1.773247
-1.747128
-0.745589
0.282140
0.239543
-0.434844
-0.907351
-0.723518
-0.513616
-0.366051
0.336011
0.155592
-0.406521
-1.094871
-1.383277
-1.099280
-1.030021
-0.360744
-0.221237
-1.155921
-1.249532
0.110403
0.867921
-0.115916
-0.453577
-0.640351
-0.752762
-1.621129
-1.595575
-0.343716
-0.049063
-0.600815
-0.103173
-0.417083
-0.719179
-0.793580
-0.825610
-0.381775
0.504580
1.853236
1.955570
0.521432
-0.222957
0.101580
-0.525503
-1.229276
-0.686610
-0.418967
-0.217498
0.102905
0.309207
0.430063
0.772718
0.266966
-0.702500
-1.470131
-1.219478
0.235340
0.766520
0.269657
-0.830873
-1.750376
-1.935770
-1.984893
-0.588483
0.108014
-0.261773
-1.101085
-0.997483
-1.620137
-1.560354
-1.410967
-2.158739
-1.720827
-0.801712
0.026833
0.401978
0.030671
-0.425053
-0.677368
-0.200262
0.447957
0.740935
0.995527
1.109430
0.771142
0.798756
0.456522
0.002079
-0.092687
-0.561650
-0.154095
-0.100464
-0.271358
0.408157
0.531019
0.325814
-0.857601
-1.663948
-0.947239
-0.567701
-0.307022
0.294153
0.129610
-0.354591
-0.055660
-0.364798
-1.990849
-2.295654
-0.815161
-0.237818
0.326314
0.042965
0.186396
0.918918
0.238963
-0.072329
1.037485
1.998076
1.838063
1.106315
1.246581
1.989774
1.978291
1.214042
0.213688
-0.679320
-1.535817
-1.419024
-0.705670
-0.237730
-0.703016
-0.082358
0.179127
-0.644652
-1.150922
-1.296588
-0.432449
-0.340410
0.715886
0.803951
0.241143
-0.584529
-0.801366
-0.746993
-0.056053
0.125855
-0.527615
-1.227471
-1.124844
-1.157854
-0.290650
0.603614
0.207382
1.028028
1.350076
0.884776
0.392471
-0.023091
0.675963
1.178249
1.202193
1.025187
1.025543
0.703645
0.745594
0.627303
0.193415
0.082651
-0.353284
-0.989401
-1.601695
-1.307497
-1.192244
-0.826972
-0.409520
-0.428330
0.587968
1.094277
1.387522
1.129960
1.586335
1.445623
1.144482
0.597233
0.326666
-0.243683
0.524089
0.307986
0.084636
1.101016
0.550844
-0.064674
-0.272664
-0.513908
0.410279
0.686703
0.141838
-0.096872
0.019526
-0.744192
-0.496574
0.752073
1.341746
1.125358
0.935160
0.828874
0.638457
1.333693
0.862195
1.286786
1.057465
0.652606
1.064712
0.131914
0.046960
0.187572
-0.460716
0.488888
0.198725
-0.227109
0.240490
0.862170
0.949831
1.618637
2.587052
1.638690
0.597412
-0.077079
-0.489067
-0.217679
-0.740644
-0.312119
-0.200290
-0.653956
0.405874
1.321069
1.517606
0.668718
0.511486
-0.668289
-1.575319
-1.786900
-1.697985
-1.398472
-0.711170
0.405968
-0.720326
-1.349484
-1.839527
-1.920089
-1.334717
-0.979575
-0.583606
-0.994984
-0.694563
-0.794231
-0.490937
0.026260
-0.001599
0.186315
-0.012718
-0.378454
-0.709964
-0.588459
-0.544501
-0.694063
-0.589579
-0.687809
-0.141777
0.162431
-0.040945
-0.155977
-0.161029
-0.301360
-0.050556
-0.352843
-0.474795
-0.340524
-0.312787
-0.718781
-1.771937
-1.709227
-0.497831
-0.685376
-2.249098
-2.422540
-2.502864
-2.397611
-1.507085
-1.283321
-0.709307
-1.022469
-2.107299
-2.565749
-3.190516
-3.007085
-2.011281
-1.488532
-1.794256
-1.587047
-1.650458
-0.808941
0.584399
0.332777
-0.051231
0.700270
1.282866
1.319921
0.946420
0.802157
1.178176
1.370850
1.148616
0.232371
-0.008899
0.937933
1.278375
1.678727
1.994398
1.846510
1.506078
1.229600
0.600084
0.063080
-0.150803
0.215307
0.005137
-0.216095
-0.838043
-1.339868
-0.838015
0.553642
1.270905
1.550538
1.440990
1.449385
1.702391
1.662225
0.718427
0.640488
0.669201
0.280955
0.513178
0.885584
0.410807
-0.421361
-0.571833
-0.196850
-0.523077
-1.018320
-1.091700
-0.817281
0.164780
0.108096
0.704158
1.461721
1.025562
-0.039498
-0.527121
-0.767636
-0.736419
-0.449158
-0.253730
-0.060982
0.365899
-0.678898
-1.636846
-0.546163
0.625356
1.250547
1.995435
2.091817
1.732643
1.780754
1.348216
1.966825
2.217805
2.025496
0.996598
-0.599931
-0.952229
-0.270997
-0.163561
-0.657442
-0.122857
0.466872
-0.239590
-1.862764
-2.026979
-1.134408
-0.939497
-0.882783
-1.035398
-0.789862
0.113317
1.229428
1.724828
0.948146
-0.283280
-0.727377
-0.239824
0.199325
-0.334267
-0.934550
-0.071913
0.296343
-0.205136
-0.046618
-0.073981
-1.013764
-1.424663
-0.379348
-0.212458
-0.024189
-0.436583
-1.511175
-0.589711
-0.637734
-1.050449
-0.761013
-0.646892
-1.002739
-1.043022
-0.614494
0.664432
0.449950
0.191833
-0.171284
0.156440
1.387146
1.335806
1.229812
0.892583
1.305070
1.319801
0.775752
0.619953
0.425496
1.104629
0.687207
0.138720
0.389682
1.172188
0.866245
0.770020
1.410152
1.361493
0.969219
0.572979
0.617163
0.826286
0.732682
0.248874
0.117013
0.557479
0.657806
0.624406
1.182253
-0.475730
-0.560401
1.155630
0.858701
0.810169
0.297201
-0.150191
-0.437595
-0.736248
-0.300386
0.225301
1.311978
1.516281
0.830694
0.314919
-0.055326
0.283811
1.061614
0.971713
0.357495
-0.176601
-0.025412
1.339594
1.291386
0.587928
0.169886
-0.390062
0.227951
0.437671
0.138164
-0.031218
-0.040235
-0.249580
-0.112021
-0.673433
-1.881417
-1.932833
-1.174008
0.247023
1.048387
0.454865
0.529747
1.178403
2.172109
2.118915
2.418410
2.091459
0.844344
0.325990
0.090216
-0.521764
-0.686600
-0.251422
0.499996
0.550882
-0.290803
-0.846329
-1.294783
0.248235
1.573747
2.245618
1.568626
0.436965
-0.225727
0.602603
1.920918
1.763440
0.707915
-0.536864
-1.471585
-1.813948
-1.037142
-0.005028
-0.573795
-1.254724
-1.387919
-0.880612
-0.076096
1.479647
1.919845
1.103842
0.610881
0.243421
0.217595
-0.058404
0.162004
1.685933
1.523835
1.185078
0.475544
-0.316267
0.100789
0.310690
0.423567
-0.241724
-1.144054
-1.282762
-1.715397
-1.661485
-0.507538
0.428243
0.511570
-0.509863
-1.678665
-1.775407
-1.150504
-0.209347
0.780108
1.064614
1.667200
1.388050
1.224584
0.944252
1.169682
1.415560
0.878318
0.628370
-0.364220
-1.402970
-0.494280
-0.374292
0.252970
0.059715
-0.756107
-0.362573
-0.035444
0.436781
0.241328
-0.525238
-0.481088
0.118299
0.738046
-0.443850
-1.729489
-0.637042
-0.267530
0.025048
0.380076
-0.057794
0.356158
-0.163696
-1.023954
-0.898627
-0.566158
-0.342207
0.236853
0.828587
0.684766
0.106146
-0.678128
-0.866671
-1.089668
-1.245034
-0.866809
-0.146654
-0.490018
-0.745689
-0.947148
-1.409575
-1.184596
-1.444708
-1.491726
-1.652285
-1.684036
-1.060526
-0.929822
-0.648438
-0.601099
-0.725694
0.374027
1.381300
2.073022
1.833095
0.747548
-0.125482
-0.986991
-1.402832
-0.784733
-1.385907
-1.380831
-0.599472
-0.429336
-0.624569
-0.403274
0.360185
0.043942
0.086507
0.278642
-0.040447
-1.299222
-1.670100
-1.184469
-0.463033
-0.446193
-0.154049
0.174821
-0.340336
-0.847697
-0.794444
-0.263813
0.429184
0.589728
0.468652
0.630310
1.007028
0.051448
-0.038468
-0.204251
0.222325
0.787640
1.237264
0.622610
-0.172208
0.005583
0.414054
0.987190
0.822361
-0.143857
-0.467193
-0.662328
-0.594738
-0.578111
-0.550106
-0.508493
0.322156
1.052850
0.298383
-1.478704
-1.054617
-0.250841
-0.368789
0.611785
1.761838
0.418970
-0.640647
-0.787022
-0.031326
0.759722
0.358351
-0.353188
-0.833917
-1.182725
-0.992812
-0.204636
0.503963
0.527072
0.660068
0.467196
-0.004771
0.283432
0.431544
0.931912
1.618243
1.089032
0.705645
-0.408379
-1.070714
-0.306924
0.639715
0.914277
0.768600
1.126730
1.679449
0.891635
-0.246401
-1.075975
-0.266630
0.143547
0.045331
-0.082401
-1.043201
-1.312561
-0.448997
0.075157
0.311189
0.239239
0.479282
1.160959
1.233546
0.771693
0.748657
1.664024
1.992588
1.273314
-0.331996
-2.137885
-1.946154
-1.793466
-1.054493
-0.401069
-0.084884
-0.624577
-1.467541
-1.149676
-1.234607
-1.542182
-1.685586
-1.326191
-1.684737
-1.838856
-3.229718
-3.656157
-2.873062
-1.221467
-1.446622
-0.570750
-0.004928
-0.633831
-1.112260
-1.232728
-1.352940
-1.159839
-0.568361
-1.345579
-1.490165
-1.139820
-1.470667
-0.689743
0.346336
0.948701
0.377989
0.175369
-0.299236
-0.522093
0.800396
0.982550
-0.317474
-0.477911
0.042673
-0.362039
-0.638475
0.060863
1.874120
1.892273
1.866277
0.463993
0.161433
-0.196876
-0.372376
0.441184
1.157516
0.427011
0.489659
1.152029
1.126036
0.676117
0.672956
1.320965
1.646407
0.994263
-0.041887
0.617110
0.753508
0.362984
0.338304
0.709058
1.123902
1.467848
1.378119
1.531296
1.888198
1.405312
1.091486
1.384494
1.044390
0.288325
-0.354348
-0.083691
0.481834
0.783031
-0.042549
-0.867252
-0.835413
-0.311535
0.887103
1.666503
1.289692
0.881677
1.083017
1.978676
0.904117
-0.911493
-1.216847
-0.864783
