0.756709
0.829161
0.778359
1.048722
0.799665
0.596164
0.136709
-0.925768
-1.350745
-1.906955
-1.253567
0.145834
0.076304
-0.206980
-0.226088
0.215789
0.936475
0.618526
0.320023
-0.205063
-0.768256
-0.804604
-0.749746
0.063406
0.310303
0.391441
0.469665
0.635836
0.781288
0.343346
-0.084462
-0.531439
-0.738566
-0.488557
-0.052118
0.186923
0.519855
0.605001
1.062243
1.219212
1.056231
1.157304
1.258966
1.157322
0.596724
-0.158544
0.170512
0.810731
0.564928
-0.338014
-0.797208
-1.097563
-1.363781
-1.576422
-0.988925
-0.673650
-0.371966
-0.026864
0.382627
0.788791
0.274352
-0.186555
0.132377
-0.025048
-0.373964
-0.307520
-0.546030
-0.552148
-0.336679
-0.521346
-0.934369
-1.394528
-1.485991
-1.583981
-1.924411
-0.802191
0.359021
0.685570
0.203721
-0.387398
-1.292088
-1.164558
-1.248936
-1.601966
-1.545135
-1.529014
-1.882983
-1.753560
-0.784657
-0.743695
-0.987312
-1.292228
-1.691492
-1.696745
-1.630250
-1.291371
-0.723410
-0.614443
-0.195687
-0.515413
-1.023853
-1.203914
-0.564490
0.318851
0.104357
-0.269886
-0.713211
-0.617193
-0.729803
-0.421808
0.576903
1.120312
0.640347
0.166629
-0.132152
0.255157
-0.027248
-0.392450
-0.430675
-0.546659
-1.253712
-1.191980
-0.385146
0.993111
1.215174
0.440551
0.080041
0.022996
0.170849
0.064372
-0.264913
0.400682
0.191808
-0.633313
-1.495269
-0.441757
0.543951
0.606465
0.021987
-0.705419
-1.212808
-0.962301
0.177709
0.616680
0.210204
-0.225106
-0.329279
0.209498
0.470524
-0.030160
-0.490596
-1.010511
-1.071168
-0.677977
-0.747625
-0.592855
-0.930645
-1.110611
-1.683656
-1.784482
-1.213171
-0.074421
0.967379
0.620015
0.562359
-0.046305
-0.350477
0.090248
1.064675
0.658505
0.025172
0.320780
0.521208
1.141280
1.353126
1.471750
0.699067
0.650695
1.439956
1.998336
1.913710
1.551393
1.779326
1.206622
0.864011
0.395398
0.000715
0.433238
1.023872
0.358130
-0.143528
-0.565462
-0.521390
0.455207
1.318242
1.691872
1.521432
0.521711
-0.567178
-0.859258
0.200104
1.175431
0.717398
-0.294910
-0.136567
0.408862
0.243030
0.564240
0.620041
0.008713
-0.969314
-1.332902
-0.138519
0.945887
1.721439
1.657162
0.526829
0.496393
0.682962
-0.209041
-1.524809
-2.277250
-1.670306
-1.499815
-1.206723
-0.503401
-0.083015
0.195279
0.651074
1.046177
1.760818
1.528922
1.011458
0.260094
0.007064
0.822955
1.189108
0.986012
1.030549
1.092100
1.280024
1.765280
2.623918
2.666645
2.414157
0.932831
-0.344837
-0.045796
0.885092
1.824144
2.314753
2.161002
2.299000
2.255899
2.018239
1.793086
1.695412
2.243558
1.901972
1.701374
1.685771
1.486191
-0.260938
-1.273634
-1.466857
-0.935894
-0.601613
-0.362576
-0.257383
-0.251986
0.514077
0.732906
0.469622
-0.117052
-0.698979
-1.142677
-1.030070
-0.367533
0.044992
1.226273
1.454631
0.737072
-0.300996
-0.605984
-0.756794
-0.986856
-0.717169
-0.145597
-0.140903
0.007187
-0.125542
-0.876612
-1.421684
-1.047777
-1.131123
-1.303835
-1.289096
-1.158822
-1.001834
-0.762745
-0.694639
-0.936633
-1.656593
-1.827100
-1.622839
-1.475863
-0.688324
0.623978
1.542309
1.860056
1.872691
1.661261
1.235888
0.315128
-0.075581
-0.396720
-0.649167
-0.361653
-0.426682
-0.553915
-1.074359
-1.421099
-1.079866
-0.135398
0.093317
-0.073792
-0.080643
0.092537
0.560085
0.981923
1.072747
0.827644
-0.293502
-0.966750
-0.689808
-0.155677
0.565890
0.985721
0.744826
0.787340
0.150891
0.188074
-0.211849
0.046729
0.679922
0.814207
0.428415
-0.313462
0.141530
0.035567
0.068972
0.340855
0.629178
0.684016
0.581318
0.280359
0.446006
0.638134
0.081115
-0.735017
-1.115005
-0.921500
-0.502156
-0.200348
-0.894182
-1.394678
-1.008993
-0.888421
-0.399534
-0.173362
-0.588582
-1.566549
-1.646628
-0.512761
-0.277017
-0.070671
-0.291176
-0.886300
-0.956098
-0.960078
-0.856611
-0.280657
0.151368
-0.622307
-1.567213
-1.978210
-1.515647
-0.978270
-0.304339
-0.734770
-1.376412
-2.049251
-2.473350
-2.624154
-1.609556
-0.341193
-0.422442
-0.717592
-0.878987
-0.650856
-0.277800
-0.458661
-0.676709
-1.381746
-2.364621
-2.815956
-2.564215
-1.941693
-0.977765
-0.743233
-0.693381
-0.440348
-0.486858
-0.101609
0.416513
0.002826
-0.940648
-1.381132
-1.416820
-0.705285
0.006700
0.845657
1.294535
0.891202
0.755731
0.818677
1.023320
0.757197
0.576978
0.425627
0.621685
0.762654
1.084364
1.198296
0.707386
0.970446
0.396279
1.153364
1.853638
1.265274
0.395663
0.129521
0.374724
0.895417
1.227594
0.493528
0.540313
0.406471
0.709509
0.612960
-0.158133
-0.941519
-1.128979
-0.594307
-0.172561
-0.303318
0.139202
0.502247
0.175688
-0.338134
-0.311654
0.591090
1.109143
1.166619
0.792520
-0.011964
0.687802
1.163523
1.297155
1.188571
0.728862
-0.771573
-0.875858
0.115080
1.670539
2.313551
1.741986
0.643929
0.061526
0.533219
1.738290
2.353502
1.664992
0.308692
-1.185139
-1.417919
-0.919326
-0.870649
-0.548246
-0.939538
-1.493435
-1.622421
-1.916808
-1.312760
-0.452126
-0.023565
0.391110
0.193498
0.078071
0.650209
0.719226
0.584740
0.066673
-0.181418
-0.327724
0.027489
0.893578
1.017563
0.615564
-0.432464
-0.571833
0.031508
0.694455
0.471692
0.701680
0.538030
0.434430
0.015771
0.034991
0.635085
1.256226
0.123878
-0.690772
-0.830729
-0.839126
-0.287269
-0.076965
0.440528
0.301534
0.225278
0.564244
0.751517
1.113853
0.510480
0.126055
0.284613
0.406689
0.037762
0.488620
0.365223
0.774265
0.983437
0.161434
-0.426974
-0.672032
-0.070116
0.528411
1.067942
1.472394
1.194022
0.347413
-0.571351
-1.595213
-1.506875
-0.559104
-0.309935
-0.704236
-0.773001
-1.183071
-0.724664
0.885233
1.348714
1.669096
1.652354
0.266516
-0.821762
-1.608954
-1.920307
-1.291705
-0.223185
0.899001
1.291780
1.257775
1.942242
2.652979
2.657777
1.780116
0.039663
-1.210686
-1.502666
-1.138440
-0.259891
0.826015
1.440081
0.952103
1.043101
1.195776
1.109058
0.225195
-0.690600
-1.782095
-2.006578
-2.170533
-1.640995
-1.484797
-0.039631
1.068837
2.002104
2.844461
2.376271
1.362193
0.566326
0.032956
-0.719545
-1.179605
-1.636378
-1.745414
-0.456736
1.000406
1.519268
1.817439
1.668503
0.988835
0.034641
-1.125057
-2.020708
-2.002889
-1.223483
-0.943184
-0.693956
-0.502175
0.387936
0.735840
0.752130
0.617634
0.342599
-0.168754
-0.227526
-0.912227
-1.260970
-0.558782
0.326955
0.515408
0.008593
-0.005222
0.080137
0.053171
-0.490705
-0.729670
-0.429972
-0.241896
-0.108989
-0.455431
-0.300123
0.081771
0.673821
0.477496
0.222648
0.170309
-0.067094
0.198897
-0.307836
-0.545839
-0.105569
0.057447
-0.274343
-0.170657
-0.317060
0.023681
0.525004
0.243837
-0.257695
-0.715355
-0.758459
0.088590
0.556052
0.894532
0.398760
-0.260717
-0.114205
0.372812
0.796277
1.029721
0.516754
0.219163
0.603753
1.189262
1.237055
0.628889
-0.123052
-0.457606
0.245776
-0.016773
-0.173497
-0.643338
-0.375377
-0.462392
-0.319736
0.270594
0.900754
0.345288
0.195288
0.381477
0.219566
-0.363107
-0.067028
0.912369
0.498128
-0.011183
-1.139789
-1.586113
-1.145540
-0.692035
-0.233997
-0.329710
-0.820514
-0.325803
-0.014106
-0.294712
-0.509200
-0.396635
-0.753236
-1.088548
-0.546583
0.534843
0.628650
0.884121
0.972862
0.897294
0.228773
0.114588
0.730243
0.827445
-0.041403
-0.716468
-1.369365
-2.101245
-2.241181
-1.697834
-1.076619
-0.952810
-0.783210
-0.804555
-0.693523
-0.450580
-0.214337
0.718578
0.751663
-0.051697
-1.337549
-2.602205
-2.305695
-0.687558
0.581336
0.914621
0.626069
0.416823
1.104554
0.938960
0.209862
-0.041503
-0.400822
-0.870406
-1.305967
-1.718577
-1.780394
-2.008401
-1.423137
0.179890
1.433677
1.325607
0.838355
0.453998
0.131582
-0.366997
-0.706131
-0.483850
-0.023945
-0.082135
-1.312228
-1.612338
-0.196981
0.841996
0.729014
0.235272
-0.276606
-1.075984
-1.390669
-1.147638
-0.132427
0.243858
0.308107
-0.000122
-0.330151
-0.130244
0.401545
-0.118291
-1.103961
-1.421619
-0.432776
0.243974
0.046021
-0.303674
-1.029948
-1.437456
-0.263582
0.566427
1.024043
1.451841
1.439999
2.053268
2.006071
1.864096
0.987681
0.064139
-0.241362
-0.414154
-0.587731
-0.695453
-0.961311
-2.166726
-3.024510
-3.671847
-2.754037
-0.993812
0.136912
-0.463325
-1.170587
-1.069634
-1.068240
-0.569038
-0.415260
-0.597415
0.244456
0.091424
-0.204858
-0.381710
-0.627712
-0.275772
0.059093
0.357071
0.374717
-0.034833
-0.230990
-0.383108
-0.290039
0.511574
1.106519
0.732189
0.158550
-0.064417
0.291060
0.604328
1.392554
1.098829
0.650414
0.142707
-0.213235
-0.245441
0.050395
0.238990
-0.104057
-0.398672
-0.658879
-0.497170
0.022779
0.722322
0.904303
1.036486
1.069207
0.706938
0.301155
0.533038
0.567899
0.688039
0.295607
0.246370
0.325262
0.079225
-0.247367
0.280359
0.317729
0.302146
0.570621
1.308180
0.960294
0.582145
0.456557
0.301334
0.499794
1.550921
1.451447
0.778112
0.220300
0.009474
0.455972
0.369494
-0.233656
-0.669448
-0.829538
-0.904298
-1.085794
-1.302980
-0.515412
0.191108
0.237619
0.054802
-0.730519
-0.919633
-0.457496
-0.380567
-0.698883
-1.043967
-1.335358
-0.876883
-0.358156
-0.256421
-0.521639
-0.826464
-0.307770
0.091825
-0.151859
-1.062571
-0.801328
0.047597
0.825769
1.043620
1.031580
0.678166
0.044348
-0.830595
-0.629592
-1.177922
-1.406473
0.534219
1.857270
2.243531
1.322329
0.508931
0.255068
0.114172
1.104886
2.036658
2.542801
2.041861
1.337876
0.988419
0.887083
1.844106
2.981893
4.262278
4.299900
2.675333
0.779052
-0.698970
-1.805759
-1.709284
-1.222457
-0.390356
0.776348
1.092545
1.054554
1.167138
0.666377
0.961292
0.431783
-0.293595
-0.007376
-0.341213
-0.853400
-0.950146
-1.133655
-1.141194
-0.071741
0.920212
1.297675
1.386358
0.814015
0.652105
0.500273
0.675421
0.244538
-1.077134
-2.120458
-1.926240
-0.655392
0.129441
0.013684
0.277071
0.382606
0.399050
-0.267271
-0.852092
-0.673538
-0.270985
-0.682275
-1.319859
-1.150150
-0.854028
-0.601192
0.154659
-0.093038
-0.608127
-0.325954
0.499903
0.831123
0.992241
0.885401
-0.039942
-0.961732
-1.488406
-1.503536
-0.518517
0.599572
0.287853
0.445505
1.134475
0.955088
0.622864
0.262035
0.571859
0.885681
1.342317
1.396097
0.154421
-0.203081
-0.551659
-0.281223
-0.097766
0.504060
1.227925
0.848370
0.353694
0.672079
