1.207157
1.304123
1.802349
1.656677
1.261390
1.081597
0.889888
0.565268
0.388686
-0.260147
0.085300
1.594587
1.532035
1.136027
1.495103
0.804987
0.676978
1.666721
1.777886
1.838129
0.298860
-0.428950
-0.021510
0.289906
0.138559
-0.348164
-0.465786
0.021883
0.997752
2.250119
1.752958
0.344182
0.147164
-0.217538
-0.013418
0.376978
0.655936
1.071302
1.264636
1.740984
0.898625
0.800392
1.226237
0.248461
0.144261
-0.132185
0.327502
0.686749
-0.222280
-0.631146
0.794359
0.380313
-1.971933
-3.026048
-2.035903
-1.241293
0.613867
1.448043
1.788421
1.039687
-1.339099
-2.087560
-1.477367
-1.062470
-1.178102
-0.063917
-0.068087
-1.131082
-1.312688
-1.465852
-1.462530
-1.661874
-1.364448
-1.624452
-1.740065
-0.451680
0.515904
1.313006
0.033897
-1.677565
-2.070175
-1.781514
-1.704627
-2.004195
-0.873301
-0.696932
-1.708502
-1.602090
-0.794136
-0.578932
-0.435414
-0.679987
-0.643785
-1.164440
-2.349765
-1.726451
-1.074650
-1.346666
-1.001884
-0.190557
0.092617
-0.240621
-0.058921
-0.207968
-1.104757
-1.068437
-1.076769
0.260821
0.703027
0.062154
1.217258
1.671246
1.479979
0.897555
0.290242
0.983289
0.747205
-0.804584
-1.547992
-1.264370
-0.990491
-0.255307
0.259543
0.887743
0.708177
-0.674509
-0.421296
0.089283
-0.153112
-0.618592
-0.894455
0.374366
1.279812
0.250734
-2.607068
-2.459638
-1.110328
-1.043007
-0.456284
-0.698494
-1.479341
-2.165405
-1.742927
0.225203
0.573624
1.081594
-0.400629
-0.827911
-0.100594
-0.677568
-0.870091
-0.239194
0.250850
0.393278
-1.441904
-0.772829
-1.214772
-2.252114
-1.694849
-1.065628
-0.761460
-0.148869
0.717386
0.401368
0.692004
0.200346
0.129847
0.316220
0.760914
0.423346
-0.266170
-0.015329
0.317525
0.641900
0.269657
0.897421
0.454228
-0.269529
0.902473
1.188720
1.474244
2.206842
2.722096
0.838686
-0.166674
0.666889
0.717644
0.943345
1.072953
0.497354
0.439703
0.623002
0.823069
1.106864
1.301421
1.254006
1.275692
0.975741
-0.454043
-0.676995
0.197042
1.176664
0.098211
-1.280800
-0.821114
-0.358284
0.049471
0.842049
1.232551
1.088894
0.474938
-0.339499
0.465284
1.342790
1.452448
1.571312
0.987194
1.311610
0.917907
-0.175034
-1.956444
-2.212733
-0.289694
-1.036583
-1.155841
0.664999
0.834167
-0.539523
-0.694088
0.161240
0.746273
0.393989
0.174404
0.255068
0.206582
1.588718
1.549178
0.474595
0.844964
0.550487
0.009449
0.414108
0.760296
0.792962
1.307852
0.638360
-0.067143
0.706628
0.580069
0.456965
1.025102
1.089444
1.386989
0.823336
0.451869
0.618148
-0.002515
0.784244
0.667830
-0.376247
-0.382233
0.170191
-1.103540
-1.605522
-1.412148
-1.142039
-0.140156
0.239590
-0.230222
-0.597234
0.222670
0.610098
0.400852
0.628395
0.318576
-0.581481
-1.016604
-0.468629
0.415656
1.230472
1.243803
0.468696
-0.571294
-0.302962
0.276645
-0.095467
-0.765317
-0.280303
-0.102995
0.199558
0.992745
1.247013
-0.078724
-0.847630
-0.391232
-1.386732
-0.854238
-0.428964
-0.313525
-0.464424
-0.403077
-0.958666
-1.548248
-1.151580
-0.797808
-1.405563
-1.108851
0.514147
1.979637
1.354042
0.303280
-0.403031
-0.583541
-0.459100
0.129324
1.116415
1.248886
0.940877
-0.536607
-1.168139
-1.231077
-0.640846
0.009601
0.075010
-0.084691
-0.237158
-0.416306
-0.248022
0.849189
1.366259
1.609518
1.044269
-0.589820
-1.504227
-1.449670
-0.833758
0.305651
1.341078
1.126070
0.617039
-0.435813
-1.274491
-1.242330
-1.751766
-1.243011
-0.591138
0.330425
-0.097399
-0.249055
0.177514
0.046710
0.454345
0.858083
1.078060
1.008510
0.417141
0.370165
1.049720
0.424960
-0.437340
-0.430924
-0.082722
0.453562
0.543493
-0.720851
-0.965107
-1.193410
-0.907082
-0.141997
1.100653
0.758943
-0.732320
-0.810901
0.112148
-0.045161
0.837514
0.830847
-0.714162
-0.412482
0.649054
0.372389
0.132195
0.824116
0.008527
-0.934623
-1.102916
-1.432201
-1.528230
-0.800755
-0.808703
-0.808267
-1.004102
-1.363976
-2.001282
-1.508334
-0.655138
-0.380986
-0.266958
0.144516
0.334562
1.174683
1.360771
0.627407
0.053917
-0.231613
-0.246688
-0.722837
-1.447058
-0.293101
-0.278086
-0.235784
0.170040
1.032835
0.981094
1.381630
0.860919
0.265510
-0.628273
-0.842556
0.093782
0.524502
0.518219
0.891938
1.094611
1.499804
1.383366
1.564021
1.136567
1.326576
1.190963
1.017986
1.318052
1.764306
1.337424
1.101302
2.028529
1.736123
1.472740
1.695122
1.040551
0.338094
-0.100059
0.108011
0.730295
0.994214
1.111048
1.348879
0.715265
0.420411
0.847912
0.052182
-0.945019
-0.753872
-0.303719
-0.480077
-0.951940
-1.110668
0.255202
-0.379257
-0.624145
-0.775003
-0.741433
0.009250
0.411730
0.664203
-0.166907
-0.118014
0.618168
0.710305
1.177167
0.631498
0.080086
0.734686
1.030703
1.416349
1.944262
1.462845
0.584331
-0.260117
-0.061643
0.571650
1.440419
1.068527
0.303416
0.122000
-0.259510
-0.204388
-0.690216
-0.586436
-0.734489
-0.489834
-0.765619
-1.185097
-1.203267
-0.840859
-0.346542
0.518248
-0.523241
-1.859453
-1.933070
-0.834423
-0.414300
-0.475317
-1.021843
-1.312217
-1.389481
-0.322030
0.320959
-0.005995
-0.509500
-0.970878
-0.653589
-0.834166
-1.207159
0.403156
-0.064659
-0.870820
-1.045634
-1.025755
-0.530765
-0.212468
-0.087144
0.859802
-0.667006
-1.937284
-1.479675
-1.110098
-0.147396
0.438682
0.752657
1.737186
2.249896
2.210673
0.460415
-0.757360
0.250971
1.072821
1.662007
1.676569
-0.557984
-0.738003
0.507961
0.355349
0.928080
1.084535
1.411340
1.544110
0.944132
1.110444
0.711540
0.534440
-0.584729
-1.442945
-1.014098
-0.935227
-1.282884
-0.902784
-1.474031
-1.995443
-1.981495
0.053066
0.810818
0.912894
1.429365
0.646239
-0.259474
-0.732645
-1.163108
-0.828101
0.757831
2.385711
1.841643
0.401194
0.422877
1.188651
0.817666
0.087083
-1.163083
-0.791239
-0.710060
-0.588558
0.521407
0.551269
0.357671
-0.406651
-0.329433
-0.896829
-0.605915
0.423675
1.617224
2.113272
0.670324
-0.179925
-0.618603
-1.006136
-0.519272
0.743098
1.694146
2.224992
2.369003
2.056942
1.760283
0.787681
-0.201105
-0.046640
-0.770280
-2.097551
-1.039544
0.320567
1.103986
0.819258
0.179917
0.693004
-0.477596
-2.155010
-2.532786
-1.619032
-1.325730
-1.455735
-1.244251
-1.446012
-1.253381
-1.503072
-1.135469
-1.062024
-0.923852
-0.812858
-0.346273
-0.923736
-1.714839
-1.129547
-0.586885
-0.791434
-0.669479
-0.497202
-0.980342
-0.660110
-0.396250
-0.581252
-0.496720
0.009544
-0.065242
-1.052566
-0.743888
-0.954071
-0.649900
-0.639604
-0.296712
0.037432
-0.149835
-0.107981
-0.913193
-1.815603
-1.618861
-0.790675
0.014006
0.477064
0.161614
0.082861
0.494080
0.060828
-0.891886
-1.453573
-1.132815
-0.958949
-0.930280
-0.476845
-0.699307
-1.071340
0.092995
0.686703
0.706497
1.074369
0.469305
-0.303242
-0.168005
0.123488
-0.034124
-0.861363
-0.936838
-0.527279
0.048235
-0.535443
-0.664886
-0.688439
-0.836193
-0.913578
-0.781861
-0.114705
-1.023519
-1.830924
-1.247093
0.506519
1.621613
0.281764
-0.531819
0.274338
0.089043
-0.343138
-1.275933
-1.456590
-1.284386
-0.917334
0.168251
0.087034
-0.470784
0.295679
1.080196
1.036761
0.504518
1.127170
1.001462
0.012906
1.162600
1.181567
0.383792
0.968593
0.665212
-0.654946
-1.232845
-0.470209
0.579363
0.683210
0.331680
-0.046472
-0.600494
-0.662465
-0.399025
-0.118407
0.903942
0.106758
-0.276451
0.413007
0.532073
1.084942
1.621420
1.323257
1.181534
1.037632
0.502082
0.363273
0.282358
1.442915
2.837951
2.749191
1.598574
0.525847
1.268651
0.954692
-0.191071
-0.744002
-0.503998
-0.898913
-1.272069
-1.257730
-1.122623
-1.666333
-1.527036
0.331887
1.374490
0.914893
0.522688
0.925392
0.114005
-1.030814
-1.134626
-0.050874
0.509163
0.470451
-0.357345
-0.063597
0.758783
0.529279
-0.461672
0.007380
0.471691
-0.380001
-0.997255
-0.426584
0.240220
0.729301
0.599820
0.352488
-0.436908
-0.108171
0.877328
0.634435
-0.729074
-1.355986
-0.347095
0.386266
0.239639
0.848711
0.041302
-0.654726
1.024096
1.183465
0.867757
1.043269
1.372852
2.766926
2.712511
2.256284
1.714188
1.464839
0.858897
-0.005917
-0.163944
0.827282
-0.077345
-1.779405
-2.493121
-3.042426
-2.475941
-0.819620
1.013660
0.132804
-0.615837
-0.494658
-0.857884
-0.444946
-0.498456
-0.309910
0.751138
0.982190
0.178758
-0.686000
-0.700083
-0.390764
0.045383
0.110735
0.125708
-0.052076
-0.034491
0.038167
-0.218874
-0.274682
0.555541
0.252155
0.147554
0.832192
0.585354
0.132992
0.798259
0.733051
0.352544
-0.071167
-0.164373
0.353224
-0.308685
-0.534319
-0.096596
-0.325284
-0.354964
-0.921741
-0.675227
0.081040
0.408815
0.878316
0.898989
-0.282239
-0.428332
0.274220
0.293190
0.395136
-0.093480
0.222075
0.458817
0.448260
0.719597
0.972714
0.275535
-0.271950
-0.210350
0.235069
0.116760
0.496335
0.050199
-0.615754
0.069120
1.477569
1.945142
2.106239
0.932426
-0.502506
0.399935
-0.009434
-0.694597
-0.544378
-0.315764
0.515942
0.188585
-1.205561
-1.099909
-0.005264
0.030649
-0.665836
-0.765972
-0.002927
0.201669
-0.274352
-0.208447
0.747631
1.041721
0.917816
-0.244724
-1.393160
-1.441180
-1.880288
-0.573487
1.173640
1.508212
0.760249
0.433520
-0.112815
0.335101
0.512868
1.047506
1.126277
0.776018
-0.316661
-0.489220
-0.406101
-0.058706
0.855698
1.047668
1.895475
1.138646
0.289331
-0.449665
-0.402981
0.755913
1.175076
2.669536
2.081681
1.148284
1.014418
0.564037
1.563631
1.987813
3.573099
3.962322
2.435292
0.681216
0.170152
-0.192050
-0.446298
0.126063
-0.445328
0.350026
0.260985
0.755881
1.198093
0.412258
0.662512
-0.657064
-1.962413
-1.549686
-1.128962
-1.549436
-1.281199
-1.253097
-1.613202
-1.441652
-0.975066
-0.665431
0.110291
-0.368275
-0.321651
-0.078924
0.073273
-0.126143
-1.042321
-1.722387
-1.720251
0.037296
0.328201
0.049530
0.262353
0.178582
0.019200
-0.535548
-1.035377
-1.064308
-0.726273
-0.364145
-0.883879
-1.613620
-1.546378
-1.345980
0.519388
-0.387701
-0.821230
-0.408454
0.094098
-0.183971
0.288825
0.923464
-0.176420
-1.114176
-1.203809
-1.747408
-0.943429
-0.543125
-0.453847
-0.688081
-0.648302
-0.446724
-1.068262
-1.360216
-1.635128
-0.657679
-0.093306
-0.221006
-1.592837
-2.083844
-1.328887
-0.558053
-0.405933
0.086960
0.874539
1.090243
0.666943
0.392204
