0.364596
-0.330916
-1.084890
-1.813570
-2.175109
-1.803259
-1.461310
-1.016542
-0.650559
-0.496894
-0.371475
-0.435334
-0.332099
0.316985
0.814652
0.936540
0.939648
0.755494
0.479119
0.013315
-0.462427
-0.746107
-0.658124
-0.215207
0.088796
0.312310
0.018638
0.100172
0.429975
0.527143
0.272835
-0.045165
-0.094962
0.359860
1.166682
2.050361
2.558995
2.674855
2.599028
2.027934
1.408346
0.608135
-0.377447
-1.339103
-1.903692
-2.027312
-1.630598
-1.258065
-0.908801
-0.520472
-0.121263
0.156892
0.272727
0.323369
0.504464
1.027401
0.996830
0.725661
0.491199
0.191766
0.365418
0.928973
1.513253
1.860940
1.226247
0.408626
-0.068241
-0.489255
-1.314371
-1.743646
-1.714554
-1.021930
0.029482
0.865648
1.038819
0.744738
0.267573
-0.773332
-1.850221
-2.644866
-2.643669
-2.196140
-1.627945
-0.939828
0.258559
1.231065
1.751331
1.488949
0.825667
0.338377
-0.320014
-0.951167
-1.204097
-1.236042
-1.167132
-0.865354
-0.146588
0.893718
1.545833
1.638832
1.399727
1.138484
1.117271
0.836119
0.305600
-0.246528
-0.484231
-0.318263
0.066168
0.469799
1.047711
1.142628
1.064840
0.885874
0.811382
0.647682
0.652186
0.527318
0.093907
-0.053771
-0.071405
-0.377240
-0.507154
-0.035572
0.274466
0.159557
-0.435983
-1.108346
-1.659328
-1.301527
-0.745292
-0.139284
0.092671
-0.615041
-1.472371
-1.667526
-0.853438
0.307068
0.742118
0.357406
-0.314028
-0.752577
-0.507448
0.265461
1.432252
1.916208
1.704825
1.409074
1.083561
0.707163
0.325821
0.074788
-0.077264
-0.172492
0.065195
0.300618
0.385754
-0.057779
-0.684018
-1.099723
-1.017421
-0.747042
-0.559186
-0.479624
-0.550704
-0.453082
0.034622
0.495924
0.613872
0.475450
0.245683
0.163201
0.250624
0.420373
0.510204
0.688046
0.842052
0.551238
0.268860
0.219234
-0.161529
-0.468220
-0.608634
-1.112058
-1.086301
-0.282891
0.705248
0.929328
0.596554
0.182589
-0.401100
-0.699954
-1.083311
-1.270381
-0.923838
0.075901
1.122603
1.605796
1.857817
1.785199
1.600189
1.282552
0.685646
-0.035312
-0.854195
-1.499238
-1.530462
-1.327112
-0.940444
-0.499596
0.041046
0.558635
1.050951
1.345776
1.090217
0.571847
-0.128499
-0.529304
-0.519710
-0.223770
0.367076
0.992319
1.267683
1.276931
1.031463
0.598716
0.497150
0.663590
0.490454
0.274813
0.078181
-0.306903
-0.649681
-0.532538
-0.144682
-0.052687
-0.580637
-1.054590
-0.911750
-0.777419
-0.618017
-0.651747
-0.656137
-0.805209
-1.121434
-1.211273
-1.110063
-0.740285
-0.599119
-0.110089
0.441814
0.581762
0.332886
0.376201
0.217732
-0.323055
-0.867247
-1.291688
-2.073678
-2.236472
-1.828453
-1.223001
-0.480112
0.215922
0.765616
0.761011
0.918287
0.848142
0.962685
1.391870
1.666239
1.383059
1.434760
1.487777
1.278189
1.078453
0.699298
0.753181
0.614022
0.611282
0.280482
-0.141899
-0.328959
0.023365
0.356072
0.183934
-0.232516
-0.382460
-0.460346
-0.051290
0.110510
0.356454
0.877282
1.215509
1.692997
1.848633
1.288649
0.342945
-0.630790
-1.618004
-2.231126
-2.531777
-2.529301
-2.442157
-2.232945
-1.717349
-0.955271
-0.136017
0.392350
0.548470
0.403400
0.229163
0.314101
0.666897
0.339205
-0.022297
-0.118068
-0.131056
-0.353331
-0.077179
-0.229087
-0.470277
-0.733985
-0.679228
-0.182257
-0.038628
-0.368433
-0.626304
-0.330446
0.155013
0.738955
1.129953
1.273750
0.945335
0.200399
-0.469239
-0.738616
-1.130807
-1.452174
-1.603167
-1.259035
-0.728208
-0.443958
-0.068492
0.524102
1.283955
2.020025
2.603525
2.909964
2.735794
1.454223
0.057913
-0.952124
-0.901413
-0.346017
-0.286102
-0.470983
-0.460151
-0.133580
0.347267
0.745042
1.213328
1.688141
1.950584
1.640872
0.878328
0.256289
-0.115615
-0.699491
-1.534915
-1.762130
-1.608797
-1.294632
-0.808089
-0.374874
-0.033817
0.419078
1.082009
1.288943
1.289033
1.349703
1.316124
0.794610
0.031187
-0.904929
-1.341287
-1.572032
-1.665457
-1.271897
-0.623067
-0.186396
-0.083369
0.150583
0.277353
0.653269
0.859419
0.843048
0.841325
1.238529
1.373963
1.269079
0.768650
-0.040778
-0.481281
-0.538847
0.088497
0.585051
0.582493
0.280136
-0.126665
0.123262
0.526117
0.450247
0.156409
-0.525173
-1.163249
-2.071208
-2.389374
-2.106009
-1.398139
-0.797250
-0.886262
-1.023422
-1.046485
-0.598438
-0.167674
-0.065214
-0.236819
-0.496353
-0.586245
-0.378102
-0.137072
0.273416
0.662141
0.752092
-0.006702
-0.721732
-0.420767
0.349399
1.219984
1.219987
0.888384
0.376762
-0.049869
-0.001796
0.305319
-0.204713
-0.920147
-1.452949
-1.763055
-1.657378
-1.299010
-0.120680
0.926761
1.359706
1.248834
1.114671
1.183124
1.399207
1.463897
1.330894
1.181268
0.955633
0.430229
0.169301
0.339385
0.688446
1.083165
1.433487
1.447450
1.142264
1.087491
0.736566
0.244615
-0.177822
-0.349190
-0.371529
-0.428065
-0.460658
-0.066841
0.339189
0.424496
0.308639
-0.029726
-0.542905
-0.751397
-0.438429
0.087379
0.301657
0.298726
-0.079741
-0.784968
-0.899008
-0.602126
-0.233328
-0.192267
-0.086935
0.080531
-0.210018
-0.561940
-0.819037
-0.688260
-0.389529
-0.053795
-0.062384
-0.291500
-0.679561
-0.628806
0.013016
0.812672
1.577897
2.323166
2.178742
0.838109
-0.443919
-1.055719
-1.086704
-0.950190
-0.847169
-0.827042
-0.609202
-0.028658
0.379782
0.500497
0.215454
-0.405422
-0.942129
-1.024112
-0.478430
0.184660
0.025844
-0.252870
-0.087677
0.376152
0.492650
0.431434
0.417077
0.691225
0.789609
0.758049
0.600493
0.437157
0.128303
-0.127117
0.099555
0.386323
0.744886
0.788755
0.362790
0.028572
-0.306705
-0.621866
-0.849923
-1.301417
-1.351021
-1.143437
-0.724906
-0.736834
-0.708842
-0.597325
-0.663945
-0.705335
-0.399822
0.193366
0.448409
0.443861
0.233008
-0.156409
-0.634260
-0.781739
-0.698869
0.005574
0.535309
1.248042
1.662569
1.660087
1.475407
1.406497
1.151284
0.706649
0.514076
0.182477
-0.552396
-1.138189
-1.496815
-1.339520
-0.291184
1.202711
2.118621
1.894977
0.794981
-0.346877
-1.061974
-1.511156
-2.101518
-2.217507
-1.968459
-1.385668
-0.949516
-0.012128
1.707122
3.515885
4.136574
3.366705
1.794326
0.458756
-0.637046
-1.557159
-2.489010
-2.852883
-2.549003
-1.682248
0.215104
2.053870
3.221373
3.372568
2.936237
1.929264
1.016305
0.480637
0.130465
-0.708541
-1.585599
-2.086218
-1.614304
-0.851303
0.007537
0.343339
0.156517
-0.055860
-0.101941
0.299500
0.789116
0.655624
0.259761
0.030224
0.493732
1.203853
1.287124
1.101480
0.930302
0.778957
0.920913
0.870638
0.653220
0.062220
-0.565702
-0.665320
-0.037951
0.630599
0.541342
-0.230438
-1.204849
-2.130495
-2.277278
-1.864802
-1.388964
-1.443395
-1.720940
-1.738881
-1.221604
-0.073797
1.149611
1.857023
1.721452
1.144023
0.529316
0.012438
-0.248668
-0.490815
-0.642954
-0.692702
-0.661629
-0.578938
-0.391573
-0.282729
0.239218
0.621579
0.764604
0.553537
0.386778
-0.010520
-0.070530
-0.055026
-0.146361
-0.036471
0.330713
0.440531
0.490689
0.598288
0.526117
0.389824
0.179746
-0.042951
-0.327410
-0.474719
-0.521989
-0.407150
-0.046104
-0.240514
-0.499091
-0.540529
-0.563995
-0.644237
-1.339494
-1.935577
-2.254510
-2.490812
-2.050523
-1.466758
-0.565525
0.039708
0.519891
0.794715
1.060700
0.986143
0.482966
-0.097662
-0.220569
-0.125696
0.041015
0.386534
0.542101
0.323701
-0.229843
-0.812412
-1.024224
-0.405575
-0.127775
-0.433904
-0.848752
-1.007034
-1.377328
-1.570629
-1.777442
-1.881597
-1.835250
-1.790385
-1.852715
-1.991747
-2.063670
-1.660457
-0.959315
-0.680075
-0.557092
-0.351132
0.145464
0.373607
0.533328
0.652481
1.072258
1.256114
1.482211
1.875446
2.236306
2.330133
1.966121
1.641149
1.573001
1.649106
1.324220
0.847752
0.424671
0.555541
0.478633
0.306401
0.124096
-0.284789
-0.690656
-0.696618
-0.303198
-0.025178
-0.038429
-0.197324
-0.354384
-0.756676
-1.243584
-1.801748
-1.850643
-1.662560
-1.343823
-0.820056
0.012736
0.861330
1.619233
2.012987
2.065958
1.983641
1.509217
0.792890
0.069328
-0.395280
-0.639910
-0.958069
-0.920988
-0.395589
0.041026
0.108240
0.026685
0.245984
0.182565
-0.209166
-0.626947
-0.828097
-0.992333
-0.905035
-0.831449
-0.679608
-0.068612
0.644509
0.834287
0.884920
1.061498
0.938258
0.551040
0.079557
-0.261922
-0.491722
-0.577776
-0.351742
-0.039497
0.073524
0.005799
0.215214
0.164340
0.110647
0.229810
0.845902
1.298368
1.625203
1.503910
1.186934
0.985310
0.953333
0.698110
0.255652
-0.274403
-0.538300
-0.536308
-0.519451
-0.168663
-0.161013
-0.210152
-0.139959
0.075423
-0.034832
-0.243559
-0.731860
-1.020800
-1.341260
-1.302531
-1.113323
-1.039628
-0.945744
-0.604987
-0.233673
-0.123016
0.018103
0.174579
0.505531
0.680521
0.432043
0.166069
-0.227052
-0.501050
-0.523947
-0.469165
-0.558610
-0.536178
-0.413321
-0.323969
-0.381499
-0.378474
-0.428945
-0.417918
-0.082789
0.303698
0.603617
0.659845
0.759533
0.643579
0.709853
0.884114
0.929451
0.669308
0.188869
-0.367095
-0.603695
-0.591732
-0.642795
-0.678016
-0.578041
-0.393506
-0.342035
0.027177
0.534382
0.866320
0.873876
0.545108
0.193350
0.072612
0.191943
-0.074571
-0.555134
-0.905182
-0.897513
-0.115100
0.179050
0.323912
0.450793
0.601466
0.497688
0.066575
-0.156452
-0.253659
0.011748
0.338492
0.725902
0.719963
0.877642
0.987287
1.009670
1.144398
1.037220
0.809089
0.687285
0.372426
0.043451
-0.483527
-1.001740
-1.430104
-1.636359
-1.820261
-1.851661
-1.843755
-1.739261
-1.540903
-1.372909
-1.227439
-0.762419
-0.134641
0.079646
0.447092
0.850158
1.119877
1.185007
1.257594
1.405803
1.661287
1.973005
1.793023
1.321456
0.896839
0.729265
0.581192
0.558583
0.012268
-0.928248
-1.615148
-1.632061
-1.017058
-0.609877
-0.229632
-0.251439
-0.440380
-0.484908
-0.175501
0.369283
0.589439
0.353094
0.098966
0.198079
0.511316
0.571395
0.557074
0.363292
-0.062700
-0.711982
-1.218508
-1.464948
-1.271816
-0.569755
-0.125803
0.176652
0.321085
0.610576
0.759006
0.907650
0.805408
0.758803
0.735279
1.082526
0.754356
0.319426
0.303243
0.043035
-0.158839
-0.352211
-0.424782
-0.546990
-0.454691
-0.262506
-0.266504
-0.498685
-0.523656
-0.718352
-0.863784
-0.771716
-0.620874
-0.464134
-0.162648
0.215100
0.406294
0.279974
-0.185169
-0.434776
-0.430902
-0.314081
-0.128748
0.151493
0.227141
0.139908
0.077290
-0.293733
