0.023309
0.050233
0.487745
0.794337
0.985701
0.721492
0.203690
-0.074500
-0.558317
-0.670127
-0.200400
0.208424
-0.017981
-0.914118
-1.167748
-1.007842
0.039273
0.885588
1.058755
1.098991
1.057655
0.691691
-0.084324
-1.128399
-1.594378
-1.426601
-1.102972
-0.888497
-0.577091
-0.960529
-0.992553
-0.999051
-1.108679
-1.159510
-1.263209
-1.765724
-2.452686
-2.593253
-2.644210
-2.675014
-2.137522
-1.123106
-0.619615
-0.250415
-0.361485
-0.681903
-0.999000
-1.329811
-1.373507
-1.165511
-1.476185
-1.504462
-1.272934
-0.936178
-0.350050
-0.577747
-0.751211
-1.020248
-0.810740
-0.119372
0.535093
0.410025
0.222291
0.397043
0.772931
1.388531
1.868700
1.860075
1.564142
0.722023
-0.538187
-1.679258
-1.652967
-0.817325
0.211106
0.973844
1.375332
1.899587
2.705748
2.814149
2.514568
2.225079
1.720297
0.779730
-0.622295
-1.503392
-1.500015
-1.006853
-0.502526
-0.173737
0.565195
1.241903
1.358879
1.108148
0.929658
0.453018
0.360839
-0.242230
-0.685577
-1.377072
-2.157524
-2.192615
-1.746910
-0.736710
0.321446
1.064960
1.424469
0.788469
-0.223873
-0.457130
-0.636274
-0.644784
-1.008853
-1.517175
-1.567021
-1.456151
-1.291334
-0.767639
-0.400063
-0.133513
0.449409
0.676352
0.956402
0.918324
0.692338
0.986048
1.463403
1.429446
0.801806
0.302821
-0.354642
-0.371196
0.394873
1.242039
2.058287
1.838069
0.531581
-0.592117
-1.106377
-0.623325
0.179662
0.919923
0.191697
-0.906221
-1.883986
-2.298280
-1.546628
-0.325508
0.498480
1.286031
1.466725
1.365400
0.956089
0.354591
-0.457763
-1.345804
-1.657747
-1.217178
-0.384253
0.375638
1.041295
1.760299
1.665573
1.268815
0.990504
0.827143
-0.335298
-1.432636
-2.172431
-2.111873
-1.670087
-1.495197
-1.354696
-1.086622
-0.569874
0.009302
0.182495
0.490325
0.661183
0.616782
0.275485
-0.161814
-0.028748
0.144330
-0.062568
-0.614918
-0.728614
-0.423673
0.013686
0.308585
0.868913
1.338839
1.210857
0.626945
0.280759
-0.806091
-2.016381
-2.429023
-2.468128
-2.209502
-1.283209
-0.159473
0.529828
0.983535
1.593633
1.876451
2.079047
2.303271
1.902497
0.706596
-0.117440
-0.808766
-1.286236
-0.916151
0.187445
0.577794
1.213117
1.526910
1.534208
1.366992
0.585660
-0.324255
-0.193185
-0.186150
0.001499
-0.157270
-0.678446
-0.776025
-0.665604
-0.513541
0.022901
0.575169
0.933186
0.562710
-0.220603
-1.213304
-1.439977
-1.323055
-0.987861
-0.208702
0.434912
1.012314
1.466326
1.888737
2.186289
1.519285
0.533605
-0.104258
-1.135777
-1.994559
-2.348175
-2.019718
-1.668701
-1.037291
-0.402273
0.338693
0.920131
1.511982
2.441563
2.467963
1.787422
1.023899
0.208013
-0.271368
-0.469740
-0.314077
-0.580037
-0.397996
-0.384854
-0.605400
-0.789024
-1.071675
-1.193746
-1.619700
-1.400316
-0.491865
-0.006830
0.336882
0.547089
0.181822
-0.426272
-0.722910
-0.775524
-1.124107
-1.113085
-0.488513
0.712465
1.196951
0.906819
0.670973
0.484664
0.205441
-0.100118
-0.609529
-1.389641
-1.347485
-0.843095
-0.459469
0.048507
0.315465
0.322094
0.783864
0.935906
0.993278
1.448387
0.910112
0.245624
-0.377672
-0.603479
-0.417468
0.160441
0.639918
0.547596
0.428156
0.418752
0.307419
0.768117
0.534064
0.071305
-0.187190
0.313769
0.825277
0.712125
0.529592
-0.172964
-0.456032
-0.092636
0.101286
0.010248
-0.095756
-0.660388
-0.600677
-0.038409
0.864180
1.617882
1.294631
0.874503
0.955044
0.939263
0.600219
0.846291
1.075260
0.742220
0.626494
0.597540
0.321372
-0.114188
-0.806904
-1.555675
-1.755512
-0.948056
0.834741
1.846515
2.263904
1.980194
1.646955
1.279847
0.523610
0.151025
-0.480839
-1.021208
-1.207521
-1.532404
-1.335001
-1.104262
-0.525243
0.001458
0.032417
0.442434
0.439104
0.268547
0.297751
-0.386918
-0.940462
-1.227453
-1.499298
-1.237721
-1.056348
-0.829402
-0.685871
-1.025317
-1.207793
-0.907269
-0.021808
0.891467
1.184963
1.395144
0.949586
-0.123072
-0.784112
-1.075150
-0.624580
0.073504
0.313417
0.807828
0.733757
0.418652
0.495807
0.100748
-0.484539
-0.712263
-0.323959
0.448049
0.655503
0.232840
-0.144108
-0.013001
0.211508
0.373819
0.163015
-0.025743
-0.412045
-0.395770
0.073446
0.265660
0.484224
0.356295
0.127657
0.105612
0.238250
0.141640
0.295872
0.193783
-0.274379
-0.931182
-1.155005
-0.476256
0.458102
1.487021
2.109081
2.186719
1.908201
1.373078
0.442449
0.125277
0.025594
-0.491408
-1.553778
-3.115618
-4.224484
-3.919668
-2.571133
-0.828309
0.447869
1.235497
1.146196
0.621509
0.785709
1.604496
2.285517
2.520603
2.403109
1.223530
-0.055721
-0.945977
-1.550478
-1.571714
-1.829042
-1.832890
-1.037123
-0.237002
0.023564
0.383160
0.907299
1.251213
0.925594
0.509580
-0.409766
-1.132022
-1.273844
-1.272743
-0.778674
-0.117454
0.817597
1.117223
0.843409
0.754673
0.406781
0.083814
-0.307110
-0.917444
-1.305367
-1.615498
-1.406555
-0.718573
0.042026
0.647742
1.025289
1.248828
1.242097
1.122350
1.294339
1.295013
0.984992
0.348676
-0.530363
-0.988194
-1.017751
-0.476553
0.322882
0.817818
0.838819
0.523526
0.615249
0.232086
0.069015
0.764738
0.720389
0.354451
-0.277013
-1.385332
-2.363039
-2.853946
-1.784442
-0.367527
0.628799
1.062569
0.783061
0.859182
1.096434
0.952765
0.842877
0.523594
0.380021
0.252873
0.491259
1.089600
0.888240
0.379683
-0.355687
-0.624460
-0.298421
-0.255706
-0.380401
-1.062989
-1.562392
-1.947781
-1.828873
-1.081488
-0.190816
0.456085
1.316065
1.323175
1.063934
0.848494
0.371637
-0.212042
-1.243512
-1.240237
-0.940716
-0.644270
-0.182288
0.034260
0.089896
0.054456
0.351309
0.582277
1.028301
1.119093
0.591894
-0.140320
-0.624631
-1.159032
-1.485649
-1.536082
-1.095611
-0.726920
0.046225
0.835093
1.330422
1.844040
1.895725
1.520744
0.377010
-0.605699
-0.596374
-0.033000
0.528949
0.491722
0.388872
0.616805
0.521473
0.825598
1.236414
1.658527
1.697478
0.566957
-0.917411
-1.612957
-1.688957
-0.886823
0.255555
0.796685
1.295636
1.167243
0.706813
0.503928
0.465187
0.400210
0.019226
-1.080783
-2.191082
-2.194223
-1.690299
-0.857539
-0.158388
0.337493
0.655430
1.112374
1.532811
1.380556
0.497433
-0.935600
-2.334745
-3.002408
-2.356165
-1.302548
-0.362515
0.339717
0.488219
0.616427
1.222443
1.718774
2.104786
1.909936
1.160935
0.789698
0.040778
-1.002568
-1.377116
-1.557937
-1.795007
-2.043591
-1.530924
-0.672931
-0.080832
0.099138
0.000371
0.054733
0.068265
0.088202
0.349730
0.677409
0.789352
0.630809
0.432228
0.286388
0.298037
-0.529505
-1.177725
-1.241156
-0.812650
-0.080990
0.387429
1.188161
1.333802
1.377372
1.564619
1.815458
2.028229
1.724459
0.667287
-0.336820
-1.036230
-1.282831
-0.946375
0.036527
0.338332
0.527550
0.731188
1.077264
1.270355
1.146039
0.605881
0.291053
-0.235933
-0.540617
-1.168962
-1.743918
-1.444840
-1.040410
-0.349469
0.057749
0.289246
0.668129
0.745021
0.183616
-0.183463
-0.746125
-1.345839
-1.324504
-1.273485
-1.583521
-1.528683
-1.133043
-0.491824
0.373464
0.606467
0.495620
0.892510
0.637446
0.915319
0.677766
0.024880
0.060931
0.320409
0.467962
0.593109
0.073891
-0.567157
-0.679727
-0.703581
-0.510942
-0.086691
0.261334
0.211367
0.079736
0.187322
0.551169
0.845283
0.288326
-0.524946
-0.944660
-0.796928
-0.357126
-0.163589
-0.382996
-1.064785
-1.620123
-1.167009
-0.267454
0.212983
0.168927
0.250562
0.404889
0.863687
1.044638
1.305269
1.717380
1.474833
0.823834
0.433322
0.410680
0.681390
0.611285
0.227659
0.125657
-0.391304
-0.729393
-0.336103
-0.258861
-0.058583
0.254767
0.320631
0.059396
-0.398327
-0.513860
-0.673627
-1.021311
-1.192095
-0.674820
-0.344496
-0.043075
-0.248425
-0.378667
-0.202542
0.116125
0.352107
0.659883
0.505151
0.414326
0.392657
0.003703
0.109267
0.523355
1.069225
1.171910
0.987154
1.028474
1.093031
1.174126
0.947060
0.721910
0.127661
-0.309179
-0.787566
-0.978117
-0.818805
-0.406240
0.129348
0.287438
0.411540
0.543797
0.617890
0.569876
0.052600
-0.222825
0.063703
-0.146264
-0.219360
0.254759
0.568804
0.416908
0.263897
0.363151
0.117936
0.171667
0.284924
-0.261373
-0.940749
-1.403950
-1.520134
-1.314048
-1.183608
-0.933383
-0.592562
-0.004888
0.358359
0.297378
0.310140
0.155334
0.156122
0.026139
0.098003
0.669074
0.637223
0.194295
-0.343660
-0.844646
-0.605069
-0.697335
-0.391385
-0.004459
0.206615
0.478791
0.682501
0.895808
0.928232
0.703317
0.261032
-0.241090
-0.241986
-0.057420
-0.237179
-0.537418
-0.235677
0.002353
0.110670
0.440131
0.360031
0.239330
-0.074083
-0.248969
-0.258229
-0.696287
-1.413692
-1.712917
-1.309689
-1.047126
-0.737080
-0.460494
-0.187678
0.679381
1.008061
0.972258
1.105051
0.754392
0.610131
0.624949
0.478523
0.306619
0.184391
0.112704
-0.143145
-0.206502
-0.260948
-0.278583
-0.364305
-0.328258
-0.104462
-0.338389
-0.444908
-0.471526
-0.661224
-0.464533
0.026394
0.536105
0.669994
0.905523
0.868926
1.142542
1.205108
0.883675
0.765901
0.273310
0.107634
-0.103942
0.052039
0.192015
-0.284056
-0.667350
-0.648285
-0.308512
-0.129281
0.220901
0.675167
0.783840
0.610790
0.032723
-0.395354
-0.276263
0.337540
0.709058
0.617872
0.460982
0.340039
0.341975
0.392328
0.464044
-0.019108
-0.238355
-0.523981
-0.650173
-0.350570
-0.057799
0.385355
0.459713
0.675783
0.969897
1.048733
1.117401
1.189183
0.827376
0.577107
0.506900
0.359880
-0.170671
-0.498048
-0.546582
-0.665821
-1.049178
-0.973613
-0.707557
-0.640830
-0.740556
-0.466827
-0.564067
-0.684480
-0.804004
-0.954752
-1.008692
-1.044535
-1.425903
-1.775259
-1.663656
-1.387206
-1.105573
-0.202375
0.741304
1.266477
1.337489
0.952251
0.169874
-0.301810
-0.284124
0.289555
0.361258
0.302635
0.537356
0.821648
0.791989
0.488508
0.260467
0.227701
-0.233809
-0.755605
-0.543849
-0.114089
-0.028596
0.319751
0.390441
0.296756
0.535827
0.602207
0.707608
0.840396
0.717882
0.895900
1.049107
0.717727
0.260452
-0.230917
-0.162207
-0.172462
-0.110795
0.303305
1.288588
1.823015
1.989817
2.273437
1.281087
0.138150
-0.472442
-0.794783
-1.111928
-1.320632
-1.570244
-1.428419
-1.468423
-1.429834
-0.832850
-0.561208
0.030377
0.546319
1.042153
1.462088
1.467268
0.944092
0.771213
0.518084
0.118288
-0.246242
-0.446318
-0.266726
