-0.128154
0.149993
0.120497
-0.227512
0.419832
0.715880
0.385830
0.897294
1.210739
1.391638
1.057540
0.512733
0.399532
1.248842
1.442203
0.512933
-0.345520
-1.040007
-1.243930
-0.946259
-0.186682
1.009651
2.279242
2.432350
1.948215
1.150720
0.594329
-0.131527
-0.828126
-0.478925
-0.175163
-0.302622
0.116424
0.271449
-0.596260
-0.903768
-0.904135
-0.767740
-0.375261
0.166776
0.291489
0.446324
0.990147
1.444676
1.743511
1.602089
1.348457
0.722342
0.655869
0.388446
0.380713
-0.133814
0.221230
-0.083457
-0.473389
-0.590411
-0.504965
-0.565197
-0.359517
-0.469158
-0.754482
-0.831750
-1.005999
-1.560198
-1.683968
-1.322886
-1.758803
-1.890130
-0.934653
-0.233728
0.059518
0.538742
0.464944
-0.364134
-0.662144
-0.546772
-0.517459
-0.297724
-0.112311
0.057164
0.066599
-0.029763
0.011821
-0.497765
-0.661582
-0.492229
-0.369598
-0.314141
0.463554
1.088139
1.171148
1.156743
1.336661
1.185683
1.262774
0.994737
0.262258
-0.196945
-0.647708
-0.420824
0.022271
1.143815
1.713755
1.273601
0.673154
0.294236
0.261294
-0.130341
-0.280905
0.299579
0.024564
-0.341390
-0.080741
0.663930
1.410171
1.346930
1.133537
1.354879
0.629986
0.921715
0.876784
-0.066257
-1.279855
-2.513968
-2.861531
-2.761962
-1.791168
-0.315733
0.950293
2.059892
1.868718
1.019604
0.434582
0.447445
0.531068
0.779001
0.761863
0.674882
0.705329
0.511430
0.927262
0.892694
0.946463
1.370627
1.036071
0.982518
0.259934
-0.209557
-0.349930
-0.780906
-1.440508
-1.711858
-1.401088
-0.918116
-0.055300
0.339251
0.330127
0.892826
0.884206
0.528368
-0.795709
-0.748483
-0.895657
-1.623834
-1.464654
-1.131014
-0.455596
-0.499551
0.359842
1.042884
0.901893
0.820901
0.450174
0.156206
0.245862
-0.508203
0.106461
0.812744
0.370962
-0.403955
-0.103508
0.518981
0.491242
0.643386
1.029834
0.413150
-0.467801
-1.410284
-1.441765
-1.107276
-0.948391
-1.045277
-0.184969
0.679678
0.852831
0.823455
0.954708
1.021674
0.257685
0.775357
0.674959
-0.180680
-0.648575
-0.772732
-0.655936
-0.925543
-0.027088
-0.151994
-0.769540
-0.732285
-0.711043
-0.368742
-0.165590
-0.417511
0.107303
0.359330
0.048747
-0.289564
-0.747902
-1.006685
-0.566068
-0.323888
-0.825480
-0.697190
-0.293858
-0.183996
0.072800
0.394186
0.801571
0.450447
0.336365
0.364741
-0.022679
-0.123611
0.078039
0.546607
1.022055
0.852504
0.077496
-0.484967
-0.434875
-1.073693
-1.548456
-1.015516
-0.792690
-0.173929
0.305453
0.967548
1.493969
1.462497
1.505135
1.070776
0.907289
0.351107
-0.082350
0.118967
-0.043980
-1.013277
-1.581634
-2.129539
-2.001415
-1.296720
-0.907906
-1.059972
-0.307528
0.403566
0.228441
0.627574
1.001256
1.012703
0.845929
0.763493
0.925652
1.441681
1.425703
1.060883
0.752203
0.107222
0.080887
0.227299
0.116989
0.720631
1.346504
1.044721
0.590420
0.610503
0.342974
0.146297
0.402802
0.742782
0.455582
0.611585
0.844309
0.647384
0.152852
-0.016137
0.057270
0.065055
0.262495
0.909890
1.038109
0.927005
0.338798
-0.279084
-0.753283
-1.231230
-0.848010
-0.401524
-0.633579
-0.583318
-0.867469
-0.481541
-0.506997
-0.455940
-0.117170
-0.287797
-0.752751
-0.290365
0.055131
-0.344341
-0.628488
-0.778925
-0.012570
0.764378
0.973047
1.239388
1.328824
1.041348
0.782479
0.969540
-0.018903
-0.983700
-1.526863
-2.249473
-1.908131
-1.227176
-0.346055
0.010052
-0.016062
0.283860
-0.043657
-0.163448
0.142976
-0.038146
-1.494209
-2.154128
-2.469844
-1.770816
-0.924215
-0.526185
0.013349
0.174965
0.325712
-0.675266
-1.114338
-0.687565
-0.314159
0.399009
0.176295
-0.443782
0.016430
-0.035430
-0.650515
-0.932623
-1.163622
-0.976538
-0.518657
-0.353342
-0.660268
0.040110
1.068183
1.228551
1.464886
1.434519
1.110597
0.694291
0.276116
-0.384532
-0.387823
-0.403844
-0.457887
-0.388060
-0.160025
-0.204686
0.381272
0.717527
0.454097
0.590865
0.467146
0.154185
0.057135
-0.189914
-1.347535
-2.505866
-3.273661
-3.034988
-1.523951
-0.465305
-0.017821
0.607141
0.726574
0.384354
-0.070715
-0.455767
-0.402101
-0.631011
-1.135334
-1.377148
-0.891145
-0.273110
-0.209659
0.017701
0.511367
0.881977
1.180543
1.048629
1.558439
1.912380
1.877705
0.905560
0.520126
0.403247
0.480616
1.052576
1.215727
0.986183
0.386249
-0.172003
-0.817658
-1.267656
-1.500290
-1.342005
-1.344497
-1.485988
-1.857788
-1.540739
0.131357
1.432951
2.080638
2.486261
2.134056
1.978488
1.841796
1.691817
1.141236
0.179038
-0.158378
-0.490719
-0.992485
-1.353520
-1.577291
-1.523744
-1.342859
-0.611627
0.015456
0.730945
0.698470
0.888396
0.997169
0.105840
-0.309620
-1.084912
-0.767554
-0.195882
-0.017391
-0.282575
-0.333328
-0.338264
-0.274160
-0.140320
0.565263
0.387300
-0.119014
-0.673965
-0.798931
-1.101958
-0.767984
0.104699
0.078410
0.533981
0.886502
0.877573
1.340312
1.192892
0.608975
0.371558
-0.810437
-2.227737
-2.238399
-2.249876
-1.962816
-1.461263
-1.105781
-0.877791
0.139447
1.369861
2.190272
1.792320
1.332870
1.270789
1.211014
0.539078
-0.064597
-0.511339
-0.630810
-0.645493
-0.045759
0.001896
-0.327380
-0.478893
-0.071847
0.182262
0.834083
1.660314
1.847123
0.798835
0.644956
0.566827
0.684075
0.578290
-0.347374
-0.635399
-0.543065
-0.530434
-0.489615
-0.824011
-0.723199
-0.325910
-0.521463
-0.011943
0.043963
-0.276085
-0.211113
-0.523147
0.537113
1.647235
2.112061
2.293110
1.680285
1.056209
0.056896
-0.851828
-0.721711
-0.297804
-0.277860
-0.426006
-0.858007
-0.097838
0.732435
1.197071
1.421622
1.313613
0.943765
1.148964
0.507641
0.023332
-0.325883
-0.696186
-0.910114
-0.665462
0.203399
1.101980
2.275417
2.828187
2.395828
2.248788
1.875116
0.951194
0.404686
-0.359997
-1.448584
-2.076471
-2.302856
-2.184460
-1.465579
-0.156890
0.362223
0.406715
0.701311
0.424736
-0.048831
-0.665980
-0.312717
-0.735312
-1.258790
-1.316488
-1.883697
-2.290682
-1.953240
-1.127602
0.346285
1.285131
1.414791
1.359532
1.514731
1.511640
0.728042
0.195668
-0.023431
-0.494504
-1.134105
-1.789594
-2.030414
-2.074590
-1.493031
-0.531230
0.117662
0.961375
1.313527
1.140128
0.789323
0.485971
-0.316217
-0.713769
-0.569727
-0.630667
-0.415647
-0.139914
0.003700
0.000408
-0.035444
-0.156961
0.020797
-0.090779
-0.628251
-1.434084
-1.540096
-1.286353
-0.425470
1.113783
2.128277
2.232540
1.966942
1.583048
1.145209
0.765648
-0.016392
-0.876488
-0.794569
-0.774202
-0.979824
-1.166019
-1.719561
-1.078228
-0.617629
-0.451310
0.266689
0.639175
0.657202
0.246008
1.088238
1.750244
1.469286
1.488644
0.959530
0.125474
-0.982261
-1.046339
-0.895250
-1.272686
-1.975286
-2.077253
-1.746057
-1.062906
-0.149732
0.368721
0.588342
0.582998
0.170282
-0.337505
-0.625947
-0.680499
-0.401048
-0.056801
0.046368
0.644134
0.995559
1.320230
1.610030
1.600392
1.047837
0.114544
-0.903399
-1.253474
-1.494526
-1.964271
-1.653444
-1.042456
-0.497669
0.106694
0.960957
1.156760
0.913481
1.347696
1.369092
0.592503
0.160530
0.166075
-0.238663
-0.682232
-0.484790
-0.642919
-0.771850
0.339989
1.338941
1.037750
1.382949
1.339573
1.242695
0.958406
0.311217
-0.433481
-1.195932
-1.601046
-1.769665
-0.788657
-0.401438
-0.234937
0.207392
0.072187
0.155072
-0.158716
-0.453257
0.010184
0.338054
0.639806
0.892357
1.369607
1.219003
1.915263
2.240705
1.803456
1.853254
1.860500
1.629165
1.044946
0.735166
0.666659
0.597202
1.048729
1.457933
1.090631
-0.002746
0.176365
0.300986
-0.055662
-0.098347
-0.307464
-0.240870
0.012790
0.365447
-0.150901
-0.491720
-0.624019
-1.259769
-0.554271
-0.144905
0.314508
0.602729
0.105288
0.313776
0.586816
-0.121884
0.032181
0.067109
-0.483827
-0.698442
-0.686020
-0.682103
-0.098075
-0.120657
-0.388440
-0.282604
-0.473696
-0.541188
-0.520986
-0.361550
-0.176755
-0.347610
0.104506
-0.240717
-1.296004
-1.878139
-1.737235
-1.589779
-1.389211
-1.213371
-0.735374
-0.569305
-0.214478
0.382930
0.459261
0.312848
-0.393768
-1.171956
-1.496639
-1.565736
-1.239727
-0.270915
0.084439
-0.127781
-0.232698
0.238910
0.354318
0.857348
1.300251
1.148040
0.853130
0.596923
0.140949
0.485797
1.011003
1.093409
0.940264
1.561223
1.734778
1.466279
0.969008
0.758344
0.307925
0.068347
-0.284333
-0.720306
-1.433173
-1.962676
-1.422743
-1.047654
-1.407219
-0.534395
-0.048466
0.160971
0.399097
0.056412
-0.203943
-0.136083
0.294372
0.152070
-0.267942
-0.026757
0.466733
0.280581
0.394907
0.794602
0.516963
-0.180802
-1.006971
-1.224498
-1.406769
-1.953689
-1.019241
0.204489
0.544635
0.392479
0.847185
1.697807
2.353610
2.010234
1.220995
0.802061
0.455015
0.175279
0.243035
-0.183449
-0.144400
0.273729
-0.109466
-0.182518
-0.287816
-0.382843
-0.140956
0.061502
0.107148
0.232143
0.662491
0.918340
0.835191
0.338845
0.088778
-0.091930
-0.804463
-0.811466
-0.858913
-1.018071
-0.604430
-0.299469
0.458620
1.362623
1.687233
1.227653
0.819361
0.182821
-0.545516
-1.158160
-0.753412
-0.925927
-1.417711
-1.508650
-1.503749
-1.052856
0.212972
1.034232
0.713159
0.415523
0.104753
-0.295334
-0.654549
-1.546913
-1.698458
-0.827516
-0.192408
-0.124389
-0.117071
-0.013395
-0.154515
-0.046221
0.116586
-0.470238
-0.981538
-1.340740
-1.612724
-1.127406
-0.040377
0.118228
-0.360156
-0.730012
-1.573790
-1.928270
-1.712490
-1.494911
-0.785312
0.378161
0.722368
0.870214
1.072180
0.377048
0.503980
0.980512
1.886623
2.515373
2.330263
1.972359
1.147849
0.499608
-0.102694
-0.724414
-1.477626
-1.392175
-1.108358
-1.410737
-1.642920
-1.490459
-0.604512
0.219302
0.503747
0.203972
0.157196
0.590862
-0.014516
-0.438694
-1.037558
-1.633248
-1.991776
-1.200048
-0.165042
-0.019152
-0.075586
-0.788147
-1.114236
-0.401559
-0.315488
-0.594521
-0.708616
-1.060401
-0.876303
-0.176648
0.311748
0.166485
0.592308
1.076826
0.790741
0.313664
0.051273
-0.405615
-0.891535
-0.964374
-1.113384
-1.537796
-1.382964
-1.381819
-0.951018
-0.594176
-0.408113
-0.183239
-0.197438
0.483916
0.886041
0.170712
-0.534600
-0.866926
-1.018854
-0.784730
-0.194186
0.861783
1.774624
2.226954
2.495530
2.818051
2.683604
2.622268
2.329204
1.603306
0.728329
0.463656
-0.150633
-0.912899
-1.441550
-1.432958
-1.182061
-1.214803
-1.370626
-0.694537
-0.080719
0.080373
0.473489
