0.341397
1.042505
0.936195
0.242087
0.158575
0.354244
0.383232
0.741395
0.787873
0.889240
0.611964
1.084778
1.332715
1.513583
1.113794
1.407039
1.092136
2.297900
2.299237
0.351789
-0.845145
-0.712795
-0.881270
-0.264950
0.742318
0.578824
0.352502
0.070680
0.708989
1.061646
1.525174
0.120540
-0.439093
-0.035256
0.434251
-0.155637
-0.684659
-0.855647
-0.003169
1.033417
1.234274
0.731439
0.309152
0.315831
-0.329852
-0.716933
-1.746616
-1.429405
-1.245874
-1.545151
-1.371336
-0.259865
0.577428
1.525341
0.823107
-0.049010
0.162888
0.530752
0.995655
0.855719
-0.320054
-0.694691
-0.030771
-0.163296
-0.078507
-0.561390
-0.417951
0.381730
0.926400
0.670273
0.921241
0.723869
0.824442
0.658774
-0.144310
-0.496076
-0.914803
-0.858233
-1.003565
-0.494587
-0.694338
-0.385196
-0.320684
-0.338740
-0.846869
-0.707950
-0.986802
-0.865466
-0.462311
-0.181739
-0.640939
-1.916149
-1.894584
-1.128482
0.049395
0.077741
-0.083289
-0.845684
-0.430472
-0.525930
-0.255117
-0.238025
-0.465910
0.573868
0.471446
-0.549279
-0.523337
0.692192
0.829618
0.749965
0.564102
0.824526
0.735131
0.683062
0.729703
0.750048
0.488912
0.213606
1.192547
1.522492
0.739999
0.383603
0.142644
-0.049900
-0.266672
-0.982972
-1.036068
-2.213417
-1.948406
-1.219735
-0.785110
-0.748356
-0.295242
0.130148
0.701499
0.192514
-0.736981
-0.707817
-0.811658
-1.733093
-2.265070
-1.657773
-1.520239
0.219865
0.118746
-0.045098
-0.295594
0.211875
1.499595
2.638453
1.973460
0.592521
-0.197042
-0.347114
0.257765
0.100808
0.976002
1.124469
1.061300
0.346118
-0.196455
0.130761
0.779643
0.530774
0.471817
0.207228
0.218905
-0.101886
-0.706108
-0.354116
-0.060024
0.432643
-0.163966
-0.620687
-0.558445
-0.567106
-0.785082
0.204345
0.164539
-0.176960
-0.533524
-1.091274
-1.051479
-0.649911
-0.688765
-1.344556
-0.827431
-1.209246
-0.575667
-0.799802
-0.869049
-1.305207
-1.212120
0.130836
-0.106784
-1.369498
-1.461285
-1.701073
-0.885039
-0.496388
-0.720969
-0.283375
0.048028
0.514506
0.379598
0.006794
-0.410793
-0.418656
-1.012366
-1.872820
-2.696689
-2.825967
-1.955298
-1.159186
-1.435557
-0.859033
-0.463583
1.094303
2.417530
0.884836
0.128513
0.123793
0.669983
1.762101
1.040966
-0.427697
0.165485
0.548852
0.030973
-1.336152
-1.393815
-1.242130
-0.880121
0.074052
-0.334778
-0.187931
0.471314
1.060114
0.824042
0.702516
0.957970
0.212712
-1.226199
-1.516180
-1.497253
-0.618701
0.345665
0.560862
1.283171
2.725451
3.130240
2.436129
1.650346
0.914287
0.839408
0.470427
0.879099
1.084282
1.150393
0.422836
0.278752
1.318943
1.502877
1.514813
1.480115
1.428968
1.694282
2.677358
2.338913
1.215887
-0.786597
-0.775844
-0.674038
0.295096
-0.248911
-0.291895
0.426915
0.587522
-0.113687
-1.746690
-1.647814
-0.319779
0.687806
0.143357
0.193559
1.225026
1.790534
1.209196
-0.044198
-1.178586
-0.270278
0.880418
1.422303
0.497551
0.191286
-0.548417
-0.907010
0.479585
0.650288
0.163478
-0.268229
0.323805
-0.522076
-1.390858
-2.810177
-1.737852
-1.228360
-1.200041
-1.395272
-1.717754
-0.907445
0.190037
1.088561
1.093063
-0.265979
-1.308207
-0.214822
0.518858
0.765890
-0.314394
-0.612457
-0.604212
-0.348098
-0.393424
-1.109841
-2.176394
-2.067556
-2.262567
-1.132817
-0.172011
0.528786
1.548127
1.529719
0.344153
-0.780687
-0.394799
0.842910
1.620758
0.688616
-0.509287
-0.493008
0.385945
-0.450853
-0.523114
-0.299282
-0.264399
-0.666023
-1.688230
-1.486694
-0.812525
0.256745
1.598717
3.378376
2.458935
1.061972
0.304990
0.314141
-0.921933
-1.967402
-2.230002
-1.518317
-0.216029
0.171359
-0.374606
-0.536347
0.573733
1.468427
2.085369
1.649575
1.222762
1.293824
-0.188536
-2.090406
-2.061024
-1.188505
-0.258770
-0.028265
-0.328190
-0.065491
-0.308343
-0.112338
0.262637
1.986833
2.084389
2.101845
1.800076
1.185304
0.745592
0.775593
0.600121
0.717728
0.770969
0.148142
-0.583012
-0.884357
-0.473580
-0.264464
0.339745
0.464601
0.518422
-0.198784
0.023773
-0.532640
0.086555
0.879621
1.187885
0.794170
-0.223179
-0.104578
-0.552641
-0.850196
-0.577899
0.584170
0.823241
0.758569
-0.298006
-0.765153
-1.046630
-1.077703
-1.402390
-0.142439
0.159497
-0.232448
0.400672
0.934215
1.431596
1.373257
1.080276
-0.344081
-0.178311
-0.149313
0.135037
0.226590
0.922495
-0.202576
-0.225181
0.150681
-0.506476
-0.333839
0.015020
-0.275740
-0.931244
-1.270135
-1.771493
-1.014538
-0.061904
0.074022
0.196543
0.127681
-0.005210
0.675321
0.112406
0.452963
0.405288
-0.113844
-0.331797
-0.330117
0.013929
1.205842
1.115558
0.117059
0.082401
-0.446503
-0.456169
-2.012976
-1.971528
-1.071299
-0.197607
-0.201976
0.368649
1.096763
1.725333
2.249429
1.045436
0.614085
-0.243765
-0.575381
-1.285138
-1.745470
-1.678295
-1.056230
-0.848098
-0.775797
-0.735485
-0.238455
-0.799355
-1.285536
-0.574005
-0.367528
-1.190263
-1.833401
-0.417492
-0.263602
-0.230373
0.325351
0.649485
-0.162571
-0.017922
-0.280799
-0.877130
-0.684206
-0.640220
0.051630
0.628161
0.226428
0.482191
1.013082
-0.230803
-1.372398
-0.989172
0.201751
0.299654
-0.467354
-0.331234
0.577055
-0.209842
0.214047
0.658939
0.140928
0.108459
0.026008
0.703868
0.429380
0.888097
0.521356
-0.425573
-0.883317
-0.171610
0.519344
0.572466
0.176225
-0.403984
-0.242907
0.105399
-0.143803
0.241149
0.811767
0.629568
0.796709
0.326688
0.475176
0.520672
1.236851
0.618310
-0.094372
-0.469677
0.004051
0.218792
0.140387
0.053630
-0.684535
-0.731958
-0.412840
0.026257
-0.404879
-0.245230
0.303346
1.123262
1.460784
1.325830
0.178862
0.249219
0.812966
1.442401
0.676335
-0.507274
-0.945763
-0.272754
0.705494
-0.011372
0.297376
1.701562
2.336570
0.639124
-0.146256
0.387706
-0.038756
-0.587030
-0.588356
-0.666875
-0.040013
-0.293158
-0.497879
0.049642
-0.442187
-1.041540
-1.189935
-1.056521
-0.679148
0.227300
0.270177
0.308657
-0.627700
-0.317550
-0.580860
-0.789893
-0.498173
0.140614
0.663684
1.200701
1.757946
0.924959
0.254301
-0.161460
0.308360
0.456710
0.981764
1.252867
0.647618
-0.648577
-0.571405
0.572312
1.611672
1.917443
1.445656
0.570356
0.726545
0.750240
0.141405
0.355966
0.300240
-0.081410
-0.913220
-0.945568
-0.795722
0.325583
0.856721
1.030106
1.323121
1.113149
0.259629
-0.081946
0.125808
0.199918
0.792660
0.714937
-0.201606
-0.976427
-0.431498
0.243624
0.530662
-0.680976
-0.565621
-0.257981
-0.726076
-1.717418
-2.757761
-2.942501
-2.079825
-1.383128
-2.021437
-1.820282
-1.893954
-1.537587
-1.017019
0.441364
1.058549
0.755942
-0.004139
-0.028539
0.084388
-0.362000
-0.731121
-0.224146
0.441510
-0.360314
-1.571137
-1.541328
-1.101936
-1.475824
-0.778111
-0.350662
-0.227387
-1.112064
-1.164746
-0.158144
0.511455
0.236357
0.307729
-0.441527
-1.059343
-2.171828
-2.781420
-1.368857
-1.028119
-1.232011
-2.238384
-2.613130
-2.380200
-2.050178
-1.479839
-0.823458
0.737174
1.672847
1.364436
0.980751
0.500552
0.382245
0.729490
0.829274
0.128823
-0.359228
0.762457
0.419895
-0.469534
-0.708520
0.715463
1.720145
2.889560
2.548597
1.342806
1.212171
1.158520
1.863632
1.511568
0.895133
0.420922
0.478372
0.475709
1.183639
1.082845
1.324460
1.108134
0.957795
1.594769
2.391196
2.297106
1.259295
0.774065
0.015923
0.734593
0.487682
0.258153
-0.322346
-1.267619
-1.781360
-0.999071
0.533812
0.916072
0.047190
0.103571
0.985298
2.100918
2.068923
1.364871
0.097055
-0.349392
-0.066281
-0.582051
-1.103556
-0.719920
0.045477
-0.585582
-0.320875
0.089176
-0.044877
-0.554626
-1.732601
-1.976146
-0.955886
0.195332
0.373072
0.720128
0.253385
0.198944
-0.575702
-1.044877
-0.054560
1.006145
1.106665
0.050932
-0.884041
-0.506466
-0.387581
0.002414
-0.340402
-0.781942
-0.532803
-0.341946
0.370107
-0.880524
-2.231477
-2.420424
-1.882361
-1.546685
-0.927630
-1.545053
-0.658468
0.409188
1.074105
1.292493
-0.228808
-0.297283
-0.250976
-0.995268
-1.432563
-0.875699
-1.375978
-1.652832
-1.736652
-1.162979
-0.401866
0.136414
-0.070247
0.020043
0.151417
0.303642
0.217793
-0.881200
-0.933136
-1.200154
-0.493262
-0.763241
-1.201836
-0.725226
0.143049
0.816455
2.373146
4.095355
3.725379
1.508953
1.985309
2.754851
1.816286
0.713574
-0.754958
-1.064168
-0.881568
-0.204103
0.552669
1.086277
2.089713
2.901740
2.201516
1.832042
2.083611
1.973898
1.962132
1.195258
0.760672
0.588284
0.505954
0.455412
1.028578
1.375158
1.697708
0.805535
0.452972
1.217995
1.523792
1.222064
0.923868
0.864664
0.079305
-0.702473
-0.704838
-0.130711
-0.453361
-0.585038
-0.317659
-0.170029
-0.642940
-0.177530
-0.675106
-0.779000
-0.598061
-0.641461
-0.427224
0.100927
0.492742
-0.199553
-0.114256
0.411866
0.399926
0.330963
0.203656
-0.542106
-0.708643
-1.293053
-1.083808
-0.786629
-0.501178
-0.867898
-0.651256
-0.906443
-1.446052
-0.413196
0.672093
1.042996
0.924183
1.295830
0.700148
0.542428
0.137581
-0.070866
0.000423
0.372147
-0.331527
-0.967515
-0.821662
-0.054687
-0.330543
-0.679053
-0.589514
-1.193707
-0.479185
-0.163566
-0.129797
-0.621593
-1.326511
-1.125299
-0.655463
-0.782524
0.065409
-0.077812
0.096825
0.178545
0.730612
1.546064
0.497632
-0.080770
-0.303895
-0.384036
-0.785464
-0.348882
0.524322
0.801725
0.311104
0.187382
0.440145
-0.065004
-0.342532
-0.820373
-0.681076
-0.738455
-0.399148
0.622756
0.118099
-0.538126
0.666225
0.998418
0.572742
0.193126
0.158273
0.273900
0.134960
-0.810184
-1.129050
-1.275280
-1.164447
-0.816066
-1.077736
-0.449888
-0.325735
-0.257960
0.439805
1.274504
0.322594
-0.264251
-0.492450
0.370507
0.649007
0.956325
1.208284
-0.005504
-0.651537
-0.700796
-0.632352
-1.160832
-1.609179
-1.762010
-1.060282
-0.121154
0.605922
-0.296016
-0.004854
-0.322735
-0.039764
-0.055682
-1.225364
-1.557424
-1.144587
0.036697
0.190202
0.363874
-0.304929
0.131724
1.308317
0.716193
-0.412552
-0.100554
-0.317332
-0.899922
-1.514122
-1.046386
-0.207640
0.631545
0.107809
0.163104
0.457986
0.426055
1.187624
-0.024035
-1.128714
-1.391978
-0.106967
0.359195
0.511681
0.886650
0.168369
-0.285767
-0.414617
0.269621
0.981367
1.740654
1.246558
0.193806
-0.306868
0.509663
1.125746
1.271067
1.017450
1.366724
0.634577
