-0.853425
-1.992571
-1.617661
-0.461902
0.234798
-0.067404
-0.046658
0.651927
1.421297
1.936123
2.043132
1.176993
0.155741
-0.904779
-1.772802
-2.459007
-2.387630
-2.580799
-2.591509
-1.305703
0.668700
1.531345
1.588311
1.729728
1.542886
0.826516
0.216484
-0.427463
-1.172243
-1.676253
-1.053580
0.047550
0.543148
0.974736
1.456196
1.781807
2.011199
1.900503
0.567105
-1.094242
-1.555710
-0.868124
-0.719386
-1.156858
-1.013801
-0.249245
1.102848
1.469506
1.298271
1.532128
1.659367
1.104873
0.063241
-0.907933
-1.244763
-0.801164
-0.346919
-0.383308
-0.661568
-0.470784
0.189012
0.968292
1.591857
1.351532
0.358974
-0.137922
-0.189474
-0.516163
-1.165017
-1.627678
-1.887280
-1.426358
-0.158544
0.621841
1.245847
0.988222
0.531438
0.417731
0.165322
-0.075560
-0.672408
-1.207622
-0.722120
0.015611
0.120373
0.074323
0.479908
0.424236
-0.483071
-0.733214
-0.165768
0.705064
0.857256
0.052647
-0.320494
0.293289
0.626088
1.130807
1.587946
1.525457
0.983226
-0.040314
-0.648561
-0.358269
0.612936
0.784317
-0.096137
-1.175530
-1.225566
-0.392262
0.362095
0.240091
0.176110
0.735287
1.216764
0.777458
-0.305554
-0.188430
0.366734
0.163543
-0.396493
-0.660288
-0.375958
-0.054064
0.393050
0.773602
1.471702
1.379749
0.233928
-0.437457
-0.283489
-0.414300
-0.989031
-0.990081
-0.298926
0.678021
1.368576
1.252751
0.747825
1.295810
1.962448
1.503948
0.563704
-0.751288
-1.734342
-2.459670
-2.487657
-2.720885
-2.997988
-2.185831
-0.878277
-0.068532
0.434164
1.388766
1.830371
1.427129
1.009004
0.818508
0.165111
-0.058683
-0.449893
-1.266012
-2.014873
-2.201725
-1.502001
-0.504303
0.246020
0.921184
1.111415
1.517533
1.416710
0.870286
0.454927
0.279342
0.617739
0.757017
0.301336
-0.939878
-1.413532
-1.049850
-0.406016
0.384782
0.701300
0.537724
-0.092345
0.034789
0.105181
-0.459039
-1.044256
-1.190119
-0.940008
-0.507334
0.158638
0.517535
0.801352
0.654027
0.291565
0.262558
0.677862
1.092719
0.789456
0.061055
0.295325
0.626286
-0.060895
-0.775777
-0.774961
-0.178331
0.307417
0.445183
0.600293
1.240937
1.855409
1.968331
1.174180
0.393887
0.231750
-0.151634
-0.557458
-0.301552
0.358762
0.815083
0.769568
-0.392365
-1.356536
-1.057703
-0.647649
-0.536200
-0.607178
-0.081427
0.776314
1.187465
1.152662
1.378828
1.831046
1.639374
1.360579
0.580367
-0.630196
-2.209778
-2.338193
-1.381940
-0.319879
0.217417
0.222259
0.240050
0.322068
0.476086
0.257040
-0.796777
-1.554445
-1.009698
-0.370467
-0.289193
-0.633752
-0.886183
-0.899199
-0.609772
-0.867946
-1.097773
-0.601490
-0.293431
-0.141433
0.029993
0.456187
1.155667
1.040065
-0.208613
-0.605037
0.380533
1.199284
1.067306
-0.043981
-1.448146
-1.095531
-0.233080
-0.169588
-0.363047
-0.419760
0.963105
1.636131
0.791471
-0.137078
-0.375448
0.280194
0.282291
-0.511643
-1.227306
-1.076992
0.205828
0.998594
0.908542
0.228584
-0.142305
-0.064730
-0.140274
-0.236907
-0.443217
-0.760372
-0.948759
-1.103537
-0.982405
0.053159
0.618433
0.801349
0.663941
0.577604
0.152724
0.315586
0.387372
0.365056
-0.202382
-0.606710
-0.152521
0.966718
0.817274
-0.352484
-1.174429
-1.739550
-1.453720
-1.064768
-1.495298
-1.309079
0.142318
1.573098
2.302299
2.223114
1.783794
1.245392
0.437531
-0.704772
-1.322303
-0.741936
0.358886
0.758366
-0.024511
-0.933818
-0.670961
0.465776
1.412294
1.130090
0.711740
0.863491
0.360807
-0.229633
-0.219221
0.083962
0.405601
0.564379
0.912969
0.924776
-0.369611
-1.501943
-0.664613
0.884286
1.238623
0.939665
0.954046
1.698291
2.103857
1.120782
-0.190418
-0.657997
-0.731608
-0.678634
-0.332145
-0.448261
-0.483927
-0.213918
-0.519391
-0.320144
0.411150
0.993430
0.420948
-0.441278
-0.674891
-0.661211
-1.161005
-1.866202
-1.292259
-0.122038
0.283091
-0.138345
-0.667913
-1.097715
-1.607453
-1.741991
-1.151848
-0.533935
-0.653718
-1.311464
-2.018164
-1.265239
-0.135930
0.559093
1.135262
1.561297
1.688307
1.335389
0.774565
0.264156
-0.472672
-0.719607
-0.875805
-1.806529
-2.339519
-1.722304
-0.055892
1.367307
1.948557
1.744422
1.348652
0.841990
0.707596
0.498375
0.341536
-0.129549
-0.316450
-0.623840
-0.859123
-0.879668
-0.230073
0.536834
0.693192
0.042197
-0.794726
-1.124546
-0.574770
0.206709
0.616273
0.340257
-0.058461
-0.292608
-0.687695
-0.140065
0.283087
0.095326
0.518192
0.630113
0.422997
0.654226
1.514782
2.165340
1.812348
1.012797
0.949800
0.910388
0.128150
-0.802682
-0.900787
-0.576609
-0.385950
-0.881276
-1.214992
-0.699174
-0.410016
-0.123694
0.270920
0.236603
0.323279
0.647320
0.907650
0.980122
0.984808
1.386403
1.116457
0.108131
-0.308157
-0.296747
-0.490576
-1.028518
-1.198376
-0.989077
-0.349539
0.240771
1.119389
1.481393
1.278841
1.103667
0.857860
-0.032379
-0.916279
-0.561959
0.069107
-0.171562
-0.130754
0.414495
0.757897
0.739828
0.447807
0.292966
0.555690
0.671649
0.256105
-0.984198
-1.799683
-1.627248
-1.221131
-0.958324
-0.640286
-0.508042
-0.482379
0.004055
0.413776
0.271713
-0.156215
-0.532647
0.235422
0.925498
0.748793
0.102758
-0.123928
0.083588
-0.272871
-1.124093
-1.227596
-1.069677
-0.751264
-0.516831
0.047637
0.585069
0.025714
-0.322035
-0.450512
-0.116549
0.253136
0.382324
0.141046
-0.266377
-0.522216
-0.357745
-0.022350
0.092934
0.182190
0.160949
0.445193
0.996150
1.156702
0.368575
-0.270411
-0.908926
-1.458301
-1.836008
-1.379702
-0.097531
0.236127
-0.009618
-0.149811
-0.066252
-0.139980
0.364565
0.615698
0.535687
0.253648
0.404735
0.524769
0.623535
0.314241
0.110659
0.465036
0.848680
0.165850
-0.617785
-0.775312
-0.735910
-0.695637
-0.264643
0.365428
0.751342
0.395387
0.019903
-0.167981
-0.147028
-0.000255
-0.114308
-0.194751
-0.200284
-0.421039
-0.421989
-0.201769
0.380706
0.647595
0.498156
-0.014812
0.084133
0.999305
2.083114
2.175758
1.552587
1.165550
0.914035
0.199657
-0.167913
-0.708225
-1.047973
-0.732061
-0.211967
-0.048621
-0.259109
-0.331469
0.046939
0.195600
-0.138934
-0.596511
-0.571565
-0.020241
0.355545
0.249887
0.413164
0.841267
1.056528
0.978981
-0.069386
-1.642834
-2.134614
-1.123085
-0.126806
-0.104029
-0.376846
-0.822643
-0.717050
-0.687612
-1.125834
-1.294445
-1.033003
-0.245028
0.714099
0.983669
0.454364
0.007320
-0.007113
-0.242842
-0.836075
-1.530770
-1.857178
-1.755678
-1.058757
-0.859747
-0.621032
-0.289135
0.213070
1.001425
1.523270
1.871520
1.975721
1.723088
0.833046
-0.192418
-0.922093
-0.880259
-0.589348
-0.003103
0.409657
0.228271
0.149889
-0.007955
0.282477
0.071717
-0.457742
-0.917484
-0.848250
-0.274520
0.197398
0.094710
-0.034036
0.442402
0.794880
0.833666
0.848534
0.726313
0.320878
0.335839
0.726657
0.841285
0.204175
-0.873455
-1.301983
-0.908249
-0.266537
0.538488
0.992396
1.546164
1.709203
0.913496
0.400909
0.400443
0.736225
1.073193
0.948981
0.745896
0.563452
0.442619
0.203759
-0.034337
-0.403462
-0.529675
-0.271096
0.397800
0.349555
0.124201
0.225143
0.481003
-0.214574
-0.456831
-0.194387
-0.068660
-0.402403
-0.884949
-1.694712
-2.084202
-1.742689
-1.379464
-0.966820
-0.322538
-0.120630
-0.110943
-0.592808
-0.551690
-0.411129
-0.364096
-0.148198
0.315679
0.466343
-0.083489
-0.680843
-1.164060
-1.376924
-1.211943
-0.823078
-0.033142
0.911857
1.625407
1.760881
1.202791
0.837498
1.371742
1.783332
1.524613
0.602382
-0.598473
-1.148745
-1.873502
-3.327020
-4.554378
-4.316308
-2.680934
-1.208154
-0.266434
0.414581
0.797792
1.380787
1.937413
1.799937
1.247470
0.636103
0.249218
0.186959
-0.059685
-0.088514
-0.557010
-0.786316
-0.510713
0.034448
0.453951
1.014347
1.196013
0.566367
-0.063217
-0.066353
-0.154422
-0.013888
0.221778
0.203973
0.449089
0.428541
0.474122
0.309403
-0.257107
-1.022457
-1.123814
0.369771
2.536360
3.442690
2.786225
1.996578
1.840296
1.261613
-0.347046
-1.977437
-1.949662
-1.339477
-0.778553
-0.242755
0.386829
0.904460
1.478912
2.174219
2.424167
1.789698
0.990644
0.499292
0.433049
0.675740
0.690745
-0.146566
-1.399683
-2.480596
-2.239449
-0.797410
0.337935
1.342660
1.697292
1.655362
1.641051
1.228688
0.654285
-0.193380
-1.310851
-2.318485
-2.144010
-1.327021
-1.282844
-1.645662
-0.990767
0.149000
1.044447
2.024826
2.763529
2.657725
1.698109
0.136476
-1.240222
-2.006036
-2.350095
-2.460365
-2.580003
-2.210383
-1.622439
-1.118070
-0.687188
-0.371221
0.009186
0.426880
0.837099
0.479988
-0.196880
-0.675495
-1.207098
-2.294713
-2.974791
-3.045232
-2.801977
-1.954022
-0.139074
1.693021
2.296505
1.511593
0.387458
-0.149028
-0.402815
-0.454267
-0.044995
-0.008664
0.240394
0.171865
0.598125
1.166402
1.471028
1.101291
0.473964
0.272340
0.624341
0.704120
0.855603
0.361097
0.418359
0.632350
0.356044
0.094891
0.250472
0.460259
0.507431
0.541738
0.542594
0.220297
-0.014612
-0.031858
-0.151224
-0.316378
-0.244271
-0.429323
-0.407547
-0.075279
0.237229
0.239336
-0.157707
-0.499739
-1.003364
-0.704976
-0.161257
0.373107
0.917594
1.124960
1.197778
0.774072
0.374794
0.146804
0.176792
0.287408
0.684793
1.113969
0.990550
0.451545
-0.143201
-0.391178
-0.702607
-1.528567
-1.584492
-1.012472
-0.863810
-0.233272
0.642810
0.437075
0.303965
0.468053
0.339457
-0.206839
-0.851835
-0.934566
-0.608183
-0.079421
0.463865
0.578668
0.381594
0.637298
0.283699
-0.334929
0.054536
-0.106721
-0.903177
-0.522833
0.074429
-0.473655
-0.946664
-0.721351
-0.070136
0.594695
0.509040
0.561479
1.094686
1.044352
0.699961
-0.200684
-0.559888
0.233453
0.578641
-0.322351
-0.549757
-0.224931
0.216922
0.092628
-0.452884
-1.283258
-1.702335
-1.060949
-0.173353
0.079443
0.110960
0.329180
0.607639
1.245963
1.146012
0.767781
0.243648
-0.233113
-0.176021
0.480949
0.668921
-0.238586
-0.470575
0.641780
1.533724
0.278496
-1.400967
-1.430864
-0.416974
-0.244117
-0.888775
-1.306745
-1.212650
-0.992250
-0.553874
0.076586
0.093772
-0.325012
-0.335708
-0.188979
-0.258328
-0.215842
-0.158997
-0.178940
-0.384531
0.107022
0.817672
0.774728
0.786668
1.117389
0.635903
-0.736682
-0.660137
0.498672
1.008714
0.308462
-0.229562
-0.442591
-0.342351
-0.042572
0.198449
-0.410051
-0.574294
-0.467370
-0.197920
-0.256348
-0.329369
