0.309877
0.700162
0.042203
-0.428266
-0.373129
-0.248295
-0.914612
-1.026736
-0.322451
-0.225337
-0.053728
0.326649
0.750696
0.663676
0.978499
1.351971
1.365240
1.362812
1.512871
1.161605
0.329452
-0.233809
-0.650151
-0.337133
-0.168050
-0.383330
-0.343349
0.057636
0.240920
0.733933
0.047661
-0.555189
-0.260963
0.221392
0.398969
-0.161237
-0.367833
-0.397872
-0.562411
-0.149062
0.083872
-0.070731
0.271863
0.143038
-0.295837
-0.514967
0.267014
0.507481
0.446874
-0.347432
-1.324091
-1.430241
-1.904923
-2.199542
-1.979899
-1.725924
-0.869130
-0.036781
0.186690
0.428335
0.202086
0.519189
0.732518
0.932106
0.352518
0.084064
0.265775
0.279153
0.204835
0.000933
0.123813
0.324955
0.891550
1.399811
1.052846
0.361963
0.406057
0.392210
0.465555
0.876332
0.527648
0.187518
-0.039615
-0.091419
-0.425359
-0.798656
-0.700906
-0.528494
-0.312904
0.071772
0.473328
-0.106741
-0.688104
-0.426581
-0.156823
0.168752
0.157870
0.212428
1.056001
1.341133
1.672112
1.346782
1.073339
0.261286
-0.299552
-0.545955
-0.560945
-1.101682
-1.022202
-0.509425
-0.486569
0.371076
1.268126
1.811917
0.997633
-0.372831
-0.726262
-1.297341
-1.120008
-0.683075
-0.948657
-1.211100
-1.344159
-0.826867
-0.454610
-0.134298
0.376803
0.238055
0.907179
1.304455
1.287167
0.597799
0.263364
0.467366
0.863385
0.785106
0.363061
0.003143
-0.466923
-1.254835
-1.458004
-1.362986
-1.455066
-1.330047
-1.181057
-0.938180
-0.665270
0.043079
0.340402
0.890933
0.642606
0.108426
0.565170
1.013226
0.899938
0.839528
0.516473
0.433424
0.361663
0.221057
-0.092780
-0.283344
-0.694155
-0.983908
-0.901357
-0.629697
0.357672
0.474517
1.031044
1.870084
2.046321
1.296706
0.718533
0.342092
-0.513915
-1.387426
-1.810065
-2.219584
-2.284533
-2.891608
-3.531200
-2.522522
-1.065180
0.097123
0.630594
1.660270
2.511491
2.390268
2.258524
1.972466
1.553397
1.387742
0.693791
-0.630350
-1.082881
-0.971040
-0.750053
-0.485827
-0.222264
0.567690
0.280544
0.648291
1.213602
1.808792
1.905389
1.975717
2.075447
0.982556
0.279554
0.073678
-0.016260
0.188820
-0.314085
-1.380012
-2.062932
-1.957482
-1.860178
-1.094799
-0.165617
0.782056
1.610236
1.864980
1.578006
1.465750
0.642762
0.210668
-0.124366
-1.142288
-1.660153
-1.542743
-1.902691
-2.416470
-1.542657
-0.869436
-0.480735
0.814470
2.110280
2.154350
2.023822
1.419147
1.310451
1.112774
1.035499
0.495113
-0.919763
-2.460032
-3.169851
-2.891323
-2.471257
-1.654226
-1.014923
-0.452876
0.282782
0.737859
0.846172
1.431676
1.015913
-0.091275
0.353545
0.908286
0.136216
-0.730814
-1.186032
-1.216253
-0.131744
0.401390
0.990667
1.414207
1.027872
0.605697
0.660020
0.546719
0.112870
-0.255472
-1.076857
-1.573248
-1.729920
-2.001538
-1.794013
-1.903077
-2.239553
-2.629306
-2.497783
-1.312093
-0.479080
0.430905
1.390512
2.295233
2.461828
1.882174
1.615035
1.149850
0.458621
-0.312870
-1.514330
-1.518690
-1.008118
-0.987945
-0.887669
-0.301557
0.482962
0.809783
1.112574
1.359661
1.053214
0.583956
0.062939
0.142862
0.166828
0.266231
-0.035029
-0.250184
-0.061106
0.187210
-0.339161
-0.325790
-0.173900
-0.706998
-0.595999
0.040628
0.211991
0.679507
0.968026
1.627063
2.275741
1.219738
0.286264
-0.565777
-0.427441
-0.098105
-0.454255
-0.820770
-1.221884
-0.704474
0.318713
0.754864
0.400285
0.867160
1.509559
1.664733
1.189097
0.876640
0.358857
-0.079538
-0.454055
-0.658699
-0.415048
-0.327207
-0.309621
-0.021378
0.715149
1.409051
1.874822
1.028869
-0.588195
-1.833773
-2.108132
-2.059457
-1.507118
-1.160534
-0.338117
1.032548
1.490429
1.581544
2.116278
1.978314
1.622344
0.443085
0.461061
0.223903
0.022854
-0.026113
0.089742
0.524757
-0.119004
-0.720383
-0.664728
-0.857681
-1.184007
-0.976453
-0.934274
-0.645847
-0.669660
-1.239231
-1.149495
-0.095915
1.058210
2.496686
2.361648
1.359508
0.268524
-0.077365
-0.508460
-1.121420
-1.156960
-1.281166
-1.190547
-0.863478
-0.941784
-0.449780
0.277976
0.638299
0.483876
0.003927
-0.089020
-0.067975
-0.336966
-0.092003
-0.549578
-0.585002
-0.358694
-0.218240
-0.561567
-0.315525
0.133636
0.136613
0.328259
0.722652
1.140980
0.953260
0.480008
-0.364621
-1.009663
-0.889643
-0.422247
-0.230481
-0.152155
0.660315
1.011965
0.949641
1.261302
0.871548
0.313523
-0.306790
-0.396313
-0.202600
-0.457656
-0.854855
-0.545840
0.004315
0.597448
0.935682
1.178304
1.902328
1.484475
1.433620
0.734572
0.385931
-0.181682
-0.868310
-0.975433
-0.847845
-0.054108
-0.545212
-0.807298
-0.180489
0.506721
0.918926
0.279446
-0.187532
-0.539543
-1.130816
-0.899196
-0.900180
-0.978116
-1.416145
-1.879550
-1.322293
-0.654144
0.174599
0.425071
0.842092
1.716327
2.358443
2.120214
1.947287
1.247870
0.154578
-0.747410
-1.514501
-1.889825
-1.946292
-1.244355
-0.769000
0.100410
0.179737
0.222578
0.578047
0.329492
1.033813
0.962512
0.631026
0.730308
0.890452
0.244508
-0.355110
-0.000217
0.203641
0.009886
-0.264453
-0.459012
-0.171435
-0.257821
-0.364795
-0.404852
-0.268931
0.025371
0.629656
0.210418
-0.565220
-0.984651
-0.851766
-0.246250
0.224096
0.272186
-0.079265
-0.672711
-0.066507
0.335747
-0.007613
-0.068684
-0.126601
-0.274680
0.033491
-0.252883
-0.513246
-0.398109
-0.255031
-0.202897
-0.427372
-1.024282
-0.981064
-0.564405
-0.286741
-0.941284
-1.082862
-0.651029
0.355974
1.170413
1.180187
1.239834
1.289119
0.948352
0.681925
0.239121
0.564816
0.127095
-0.400441
-0.162685
-0.168857
-0.137675
-0.724855
-1.436862
-1.125905
-0.226813
0.370161
0.513293
0.473525
0.787471
1.081011
1.105459
0.657733
0.155933
0.134356
0.217134
0.141759
-0.138112
-0.779063
-1.253626
-1.039140
-0.366885
0.374051
0.606956
-0.173255
-0.322856
0.202206
0.966983
1.684896
1.589837
0.260089
-0.090958
0.182895
0.664136
1.120681
1.053640
-0.046863
-1.436602
-1.915219
-0.557456
0.935515
1.294531
0.933893
0.741168
1.352905
1.337447
1.024139
0.406291
-0.063996
-0.045775
-0.044030
-0.172024
-0.082149
0.418331
1.491388
1.511610
1.464503
1.192676
0.686376
-0.253107
-0.840696
-0.825407
-0.973723
-0.712104
-0.996884
-1.299286
-1.699035
-1.676762
-0.843815
-0.466305
-0.376613
0.225001
0.554603
0.415931
0.123017
-0.055613
0.109675
-0.121695
0.068482
-0.013479
-0.612130
-1.190755
-0.425785
-0.121626
-0.242516
-0.474909
-0.764881
-0.880969
-1.160800
-1.988920
-2.515609
-2.484715
-1.653848
-1.066422
-0.083490
1.258781
1.682516
1.069026
0.620786
-0.181785
-0.792715
-1.321755
-1.441528
-1.974998
-2.003917
-1.613879
-0.811585
0.406677
0.898438
1.386492
1.898184
1.810342
1.660526
1.038222
0.773063
0.354397
0.353314
0.018673
0.237217
0.265462
0.438141
1.190435
1.748220
2.683726
2.131051
0.804329
0.087465
-0.121009
0.481526
0.755403
-0.002961
-0.467377
-0.620915
0.169431
1.201945
1.534946
1.798672
2.021070
1.792914
1.111617
-0.151029
-1.031350
-0.951787
-0.709506
-1.013410
-1.497828
-1.294464
-1.186616
-0.242002
1.268555
2.400668
2.367696
1.640319
0.778449
-0.248597
-0.799631
-0.911950
-1.062205
-1.898832
-2.160949
-2.452253
-2.405729
-1.110167
-0.609023
-0.901665
-1.057500
-0.533435
-0.365158
-0.258924
0.146742
0.332051
0.490093
1.188356
0.885437
0.269278
-0.134685
-0.468540
-1.069234
-1.369895
-1.631673
-1.590383
-1.087167
-0.150137
-0.265660
-0.616707
-1.059172
-0.702610
0.172248
0.589328
0.635608
0.814993
0.994184
0.965179
0.836339
0.787618
0.245976
-0.167759
-0.374847
-0.128262
-0.156631
0.171723
0.356101
0.312505
0.552961
0.841682
0.386739
-0.046817
-0.326335
0.710636
1.712250
1.478788
1.129267
0.848462
0.988150
1.468201
1.567598
1.118868
0.742179
0.300952
-0.184683
-1.028410
-1.207629
-1.126472
-1.510957
-1.250352
-0.758698
-0.899634
-0.677615
-0.218967
-0.051711
0.272451
0.835807
1.052441
1.057861
0.981600
0.646096
-0.297548
-1.746004
-1.870713
-1.698079
-1.613509
-1.423647
-1.314822
-0.891376
-0.539763
-0.401448
0.056386
0.249715
-0.083285
-0.231440
-0.193667
0.026144
0.280550
0.026861
-0.145598
-0.165587
0.478393
0.569613
0.547265
0.687381
0.765584
0.743242
0.874392
1.301123
1.593200
1.788497
1.402185
1.169660
1.368831
0.403407
-0.467617
-1.120688
-1.518048
-2.014802
-1.879596
-1.825739
-1.494435
-0.436973
0.876875
1.244921
1.720611
1.522312
1.331448
1.105871
0.343635
-0.675192
-1.041232
-1.012148
-1.524539
-1.456572
-1.838402
-2.433305
-1.574023
-0.940372
-0.505534
-0.245243
0.170398
0.567180
0.814364
0.755313
0.242136
-0.951549
-1.125471
-0.722482
-1.096145
-1.505083
-1.191050
-0.670864
0.508243
0.931546
0.568808
1.152505
1.916853
1.386322
1.359589
0.989268
0.459050
0.327357
0.175537
0.670433
0.588465
-0.201317
-0.699573
-0.666141
0.195113
1.208891
1.201627
1.125875
1.034757
1.325563
1.358298
1.299996
1.142048
0.656395
0.267129
0.261564
0.484343
0.497487
0.006894
-0.763615
-1.067019
0.368978
0.891197
0.361899
0.121233
-0.463235
-0.773371
-0.756008
-0.840152
-0.143303
-0.069772
-0.417187
-0.221063
0.181804
0.670948
1.438751
1.122227
0.011018
-0.631825
-0.396759
-0.361945
-0.159631
-0.023290
-0.171981
-0.015777
-0.332207
-0.066833
-0.516298
-0.897073
-0.637202
-0.394717
-0.464543
-0.910355
-0.785725
-0.709648
-0.242014
-0.017286
0.009907
0.157198
0.437586
0.435797
0.738186
1.086572
0.484349
-0.046372
0.204993
0.394959
-0.064767
-0.149936
0.333629
0.798789
0.983933
0.855751
0.917532
0.877274
1.298302
1.065455
0.361275
0.647531
-0.027965
-1.189677
-1.600809
-1.260368
-1.182013
-0.964844
-0.902001
-0.570480
-0.227282
0.100443
0.707566
0.334114
1.033000
1.052001
0.898904
0.798812
0.409815
0.510943
0.469996
-0.127013
-0.881693
-1.252840
-0.613868
0.521367
0.517656
-0.089299
-0.974729
-0.957614
-0.507851
-0.295041
-0.315444
-0.705543
-0.447336
0.061629
-0.492397
-1.226247
-1.174267
-0.174335
0.119629
-0.319894
0.031645
0.142320
-0.669986
-1.100806
-0.367580
-0.466549
-0.317518
0.427688
0.511901
0.589790
1.336584
1.466756
0.367964
-0.459418
-0.335621
-0.360087
-0.114639
-0.336670
-0.140709
-0.038934
-0.288020
-0.378433
-0.718724
0.102668
0.803968
0.642777
0.007904
-0.854883
-0.720045
-0.357978
-0.444876
-0.377901
-0.646412
-1.121809
-1.294197
-0.748204
