0.913167
0.466408
0.469881
0.423043
0.051261
-0.437730
-0.868639
-0.952936
-1.094717
-1.631044
-1.667522
-0.898152
-0.269417
0.652668
1.542956
1.901653
1.722438
1.720253
1.860777
1.128984
-0.058438
-0.784565
-1.181751
-0.899978
-0.573471
-0.373753
-0.506499
-0.511036
-0.531586
-0.250953
0.103727
-0.056670
0.618353
1.069438
1.437186
1.096048
0.483035
-0.139768
-0.495799
-0.320434
-0.313061
-0.873609
-1.144274
-0.872296
-0.682857
-0.683389
-0.547254
-0.325204
0.232798
0.102360
-0.405724
-0.692417
-0.726269
-0.418083
-0.231555
-0.014102
0.386083
0.157312
-0.422836
-0.581983
-0.212252
0.089995
0.293204
-0.100531
-1.043682
-0.891890
-0.093399
0.508837
0.621885
0.252803
-0.215565
-0.051298
0.295652
1.157699
0.423990
-0.428209
-0.574071
-0.226639
0.626280
1.423079
1.289131
0.982953
0.986423
1.333239
1.010269
0.657437
0.357567
0.332819
0.133441
0.097464
0.076660
-0.074424
-0.035550
0.194284
0.420318
0.336743
0.130203
-0.202942
0.415639
0.497968
0.020223
0.115250
0.650353
0.886202
0.387012
-0.256293
-0.488876
-0.407845
-0.533023
-0.841551
-1.220031
-0.622332
-0.191499
0.101287
-0.232664
-0.319539
-0.053120
-0.184917
-0.210840
0.199260
0.342461
-0.084926
-1.193912
-1.717500
-1.387987
-0.880536
-0.195763
-0.146300
0.264895
0.448154
0.438197
0.391037
0.494624
0.504043
0.489304
0.598907
0.781095
0.440325
-0.213120
-1.180750
-1.576979
-1.491445
-1.366640
-1.029246
-0.490468
-0.266249
-0.397252
-0.108313
0.372854
0.890774
1.257448
0.990131
1.210124
1.411005
1.112423
0.850146
0.913607
1.035573
0.959783
0.237433
-0.078631
-0.649228
-1.221363
-0.919968
-0.441038
-0.185282
-0.049816
-0.107803
0.612280
1.586676
1.756412
0.632317
-0.708618
-1.053067
-0.682442
-0.529824
-0.336799
-0.328970
-0.393082
-0.950651
-1.520754
-0.967070
0.170341
0.502541
0.437355
1.189929
1.214112
0.919274
0.986396
0.897486
0.885768
0.725457
0.831734
0.157127
-0.244607
0.064127
-0.124828
-0.466019
-0.223178
0.341554
0.684431
0.655596
0.619050
0.963873
0.842730
0.692557
0.366483
-0.043922
-0.676752
-0.496596
-0.408803
-0.021864
-0.092312
-0.691907
-0.553355
-0.447300
-0.522819
-0.401649
0.074894
0.180229
-0.018760
-0.548313
-0.632401
-0.761279
-0.743251
-0.969065
-1.304147
-1.663803
-1.747860
-0.849726
-0.201253
0.319894
0.971343
0.424970
-0.607813
-0.588683
-0.169954
0.454326
0.140101
-0.628949
-0.737966
-0.724793
-0.412077
-0.330752
-0.671047
-1.332234
-1.414662
-1.327067
-0.735389
-0.359908
-0.515281
-0.560369
0.113049
0.533913
0.637001
0.585139
0.784212
1.136644
1.744919
2.047683
1.515790
0.696123
-0.343088
-0.741218
-0.299239
0.607702
1.154936
0.962863
0.215975
-0.388752
-0.334263
0.153917
0.145631
0.190732
0.193503
0.516782
1.359372
1.508334
0.509233
-0.977368
-1.892753
-2.271631
-2.158680
-1.226445
-0.229647
0.246387
0.750374
1.210599
1.382746
1.237624
1.351439
1.315006
1.648367
1.499374
0.766546
0.352293
0.024983
-0.940500
-1.417863
-1.643659
-1.488483
-0.756031
-0.455617
-0.255475
-0.548130
-0.582684
-0.292765
0.178235
0.992312
1.087439
0.990551
0.774491
0.950278
0.802744
0.486481
0.110652
-0.331605
-0.833849
-1.127399
-1.307643
-1.743578
-1.896125
-1.422883
-0.610500
0.383591
0.579829
0.307323
0.512782
1.429812
2.114219
2.198179
2.065053
1.276934
0.556665
-0.281610
-0.861444
-1.191824
-1.137009
-0.710712
-0.352021
0.012424
-0.100088
-0.228695
-0.077902
-0.043970
0.345291
0.783647
1.278552
1.901353
2.183287
2.076095
1.537143
0.764864
-0.817116
-1.940765
-2.347969
-2.825220
-2.787050
-2.447328
-1.916152
-1.142353
-0.437136
-0.199302
-0.089315
0.431204
1.296139
1.953878
1.848005
1.881044
1.858717
1.475184
0.644288
-0.246235
-0.652751
-1.260218
-1.829541
-1.796238
-1.789943
-1.707205
-1.126961
-0.487385
0.570300
1.751594
2.042652
2.151399
2.565535
2.665601
3.218239
2.495376
0.137857
-1.715010
-2.661352
-3.094161
-3.263619
-3.306903
-2.626248
-1.330774
-0.210194
0.140733
0.802737
1.502571
1.849431
1.502527
0.648947
-0.019310
-0.618510
-1.304387
-1.685240
-2.310683
-2.342571
-1.751090
-1.214329
-0.348605
0.305443
0.776961
1.577588
1.952657
2.138704
1.958736
1.385054
0.504110
-0.317752
-1.134292
-1.453315
-1.622786
-1.837924
-1.739388
-0.980049
-0.444476
-0.270278
0.015862
0.828579
0.916449
0.965024
1.097857
1.075631
0.621301
0.033452
0.109294
0.233464
-0.407369
-0.277256
0.559348
1.430188
1.245204
0.794744
0.907627
0.784905
0.442705
-0.214545
-0.524436
-0.212858
0.344044
0.115463
-0.120463
0.044723
0.095548
1.062367
1.279222
1.252366
0.727536
-0.046209
-0.219967
0.194959
0.495891
-0.139824
-0.585062
-0.645514
-0.415225
-0.242601
-0.202664
0.009579
0.256749
-0.137721
-0.385704
-0.350252
-0.001818
-0.035915
-0.308043
-0.627579
-1.173233
-1.229710
-0.553053
0.105130
0.719022
0.396962
0.233217
0.154151
-0.277491
0.187750
0.713739
0.600895
0.521510
0.867999
1.045462
0.691233
0.808366
0.772788
0.210512
-0.036444
-0.621828
-0.964261
-1.047690
-1.531930
-1.753441
-1.805429
-1.152640
-0.378376
0.031132
-0.110466
-0.510391
-0.373994
0.215826
1.049509
1.267101
0.742799
0.006273
-0.038206
-0.277466
-0.777671
-0.613560
-0.474557
-1.023707
-1.134140
-0.807340
-0.254819
-0.139982
0.191129
0.226886
0.035990
-0.113481
0.122148
0.491634
0.336942
-0.448993
-0.975471
-0.777881
-0.405652
-0.234674
-0.051553
0.198865
0.243230
0.329927
0.494733
0.669526
1.322590
1.310834
1.240600
1.061175
0.842094
-0.107856
-0.849924
-0.906292
-0.232927
0.407663
0.781900
0.725211
0.897249
0.983253
1.253038
1.662910
1.439862
0.572258
-0.059701
-0.401036
-0.884800
-1.355923
-1.955076
-1.977771
-1.166472
-0.325375
0.178432
0.607196
0.691822
0.753756
0.641901
0.149973
-0.580845
-1.059865
-0.750212
-0.689547
-1.016425
-1.757962
-1.920387
-2.183003
-2.021400
-1.119580
-0.150948
0.924851
1.543503
1.669878
1.339591
1.357262
1.716778
1.506261
1.027421
0.432166
-0.019166
-0.025129
-0.017972
-0.127596
-0.631268
-0.765331
-0.333621
-0.113107
0.052343
0.195532
0.116523
0.029706
0.265304
0.863655
0.915675
0.763322
0.878050
0.774569
0.004557
-0.565586
-0.968221
-0.830703
-0.536443
0.235398
0.745621
0.631963
0.548234
0.168327
-0.261865
-0.689248
-0.725969
-0.423077
-0.585300
-0.527105
-0.204054
0.671107
0.764618
0.353088
0.064094
-0.653043
-0.904942
-1.273729
-1.770228
-1.933376
-1.365512
-0.825631
-0.300566
0.367898
0.614217
0.253022
-0.015274
0.004399
-0.163232
-0.858672
-1.168739
-1.042110
-1.051265
-1.093608
-0.371397
0.179833
0.082664
0.550031
1.060876
1.768822
2.212881
2.018276
1.374883
0.379846
0.154181
0.196039
0.212841
-0.127232
-0.331687
0.575833
1.505006
2.599792
2.270858
0.812815
0.122762
-0.283994
-0.112682
0.341770
0.215723
-0.224698
-0.368516
-0.033732
0.732548
1.268274
1.516746
1.924840
1.730548
0.881535
-0.316599
-1.148228
-1.082192
-1.083263
-1.750240
-1.596293
-0.609352
-0.079661
0.416375
0.432634
0.703903
1.079024
0.598493
-0.210881
-0.786702
-0.911650
-0.433776
-0.956876
-1.934706
-2.181730
-1.859408
-1.828801
-1.005656
-0.116341
0.407145
0.058954
0.530708
0.682188
0.581073
-0.037376
-0.460737
-0.520786
-0.454425
-0.344850
-0.342906
-0.532185
-0.860703
-1.041503
-1.104256
-0.957586
-0.538100
0.144984
0.645442
1.350753
1.231471
0.591680
-0.054193
-0.020009
-0.262719
-0.620032
-1.223088
-1.247440
-0.694505
0.386661
1.152102
1.631371
2.034698
2.651918
3.278449
2.674030
1.783717
1.151501
0.527689
-0.042775
-0.373049
-0.793769
-1.206432
-1.497309
-1.311543
-0.578625
-0.007450
0.858263
1.010148
1.163901
1.826212
2.326034
2.315504
1.768317
0.550843
-0.122221
-0.336283
-0.716738
-0.857122
-1.608111
-1.350955
-1.088324
-1.625439
-2.015794
-1.591777
-0.867819
-0.351241
0.009508
0.232487
0.445362
0.955635
1.429386
0.754237
-0.414456
-1.139192
-1.382945
-1.509268
-1.742857
-1.442644
-1.027812
-0.891243
-0.564425
-0.129887
0.246452
0.356919
0.032413
-0.147079
-0.145935
0.296573
0.450485
-0.114988
-0.537620
-0.143453
0.146559
0.525495
0.876317
1.154690
1.336848
1.668348
1.692750
1.758867
1.350103
0.794456
0.748291
0.714039
0.193670
-0.651997
-1.290070
-1.445517
-1.313563
-1.377567
-1.306704
-0.592638
0.218481
0.664639
0.810474
0.654075
0.874583
1.101806
1.078814
0.550086
-0.226236
-0.386942
-0.349631
-0.647806
-1.176837
-1.323748
-1.684847
-0.888955
-0.470532
-0.433410
0.604596
1.400267
1.571769
1.406617
0.746349
0.250822
-0.092750
-0.249312
-0.673466
-1.026608
-1.197942
-0.909710
-0.632586
-0.504448
0.101298
-0.022924
0.339400
0.667537
0.380919
0.756112
0.793781
0.490830
0.169972
-0.393716
-0.723926
-0.628978
-0.597771
-0.871870
-1.437635
-0.803117
0.378926
1.372907
1.709216
2.020600
2.507213
2.766959
2.720122
1.965142
0.898633
0.110170
-0.136331
-0.143703
-0.334201
-0.618259
-0.946458
-1.017327
0.140311
1.222943
0.735305
0.535437
0.599502
0.500251
0.116826
-0.380316
-0.309644
-0.614539
-1.140779
-1.560010
-1.781945
-1.566377
-1.032719
-0.547527
-1.002491
-1.198849
-0.975954
-0.523238
0.473730
0.798809
0.074766
-0.363624
-0.479693
-0.032905
-0.448686
-0.797056
-0.152895
0.453243
0.564753
0.343384
0.253246
0.119419
0.557152
1.180865
1.238978
1.000440
0.870644
1.065838
1.343488
1.454849
0.496827
-0.200026
-0.198444
-0.229771
-0.649193
-0.714670
-0.442543
0.386411
0.957735
1.039072
1.094686
0.867308
1.066322
0.856717
0.599599
0.666223
0.423514
-0.273555
-0.671597
-0.561862
-0.289019
-0.082336
-0.233681
-0.930085
-1.217004
-1.101778
-0.538540
-0.481266
-0.189652
-0.577170
-0.535038
-0.636352
-0.817822
-0.732253
-0.364534
-0.339745
-1.047103
-1.190044
-0.390141
0.698906
1.116983
0.941698
0.324595
-0.266966
-0.654581
-1.238760
-1.695239
-2.091144
-2.044426
-1.760486
-1.478039
-0.958211
0.089041
0.831577
1.124187
1.335506
1.477634
1.380456
1.031490
0.626856
0.505662
0.028708
-0.432916
-0.346682
-0.653133
-0.993244
-0.922378
-0.411750
-0.833053
-0.633385
-0.128496
0.023923
0.295139
0.696637
1.255295
1.166982
0.538101
0.254403
0.144805
0.125276
0.357521
0.184450
0.180740
-0.601512
-1.070367
-0.946711
-0.850694
-0.970271
-0.801713
-0.453931
-0.204471
-0.061684
