-0.672875
-0.847035
-0.858745
-0.300767
-0.266124
-0.181154
0.535193
0.607251
0.653118
0.273249
0.245213
1.102891
0.369397
0.311285
-0.059194
0.054412
-0.083325
-0.675383
-0.866081
-0.521436
0.373144
-0.019331
-0.162582
0.644354
1.496521
1.937961
1.969170
1.512101
0.311894
-0.818772
-0.999777
-0.975456
-1.064986
-1.319514
-1.195294
-0.701507
-0.405854
0.310637
0.638190
0.628980
0.494241
0.678972
0.769789
0.975163
0.966016
0.076435
-0.560511
-0.688645
-1.318162
-1.130420
-1.513705
-1.438863
-1.029291
-0.349637
-0.199087
0.270425
1.013578
1.294932
1.302652
1.176743
1.018122
0.501624
-0.234965
-0.537573
-0.351665
-0.242195
-0.258500
-0.544426
-0.302754
0.443150
0.234377
0.519041
0.915205
0.825471
0.139143
-0.047839
0.279242
0.265462
-0.126575
0.309416
0.361272
0.273556
-0.324973
-0.508409
-0.299454
-0.264627
0.098894
0.072685
-0.073360
-0.248605
-0.707376
-0.225923
0.401537
-0.303802
-0.562044
-0.629949
-0.785014
-0.745874
-1.040841
-0.397991
-0.610357
-0.393323
0.007118
0.476372
0.679484
0.357895
0.492318
1.148583
0.170394
-0.358327
-1.228772
-1.813320
-1.928622
-1.109641
-1.524700
-1.591469
-0.360746
0.128355
-0.337959
0.261623
1.257241
1.371534
0.836080
0.307629
0.121696
-0.539483
-1.658337
-2.347466
-2.179131
-2.196640
-1.912721
-1.358542
-1.293326
-1.001739
-1.020241
-0.338451
-0.191193
-0.442293
-0.328922
0.151377
0.599165
0.664903
0.454963
0.840202
1.387470
1.113404
0.713929
0.766808
0.531821
0.029961
-0.289440
-0.066568
-0.783082
-1.359357
-1.290134
-0.890497
-0.085738
0.151987
1.134103
1.183727
1.110001
1.125062
1.282928
1.078978
0.547092
0.441251
0.095377
-0.262363
-0.612524
-1.062424
-1.529511
-1.169493
-0.245343
0.526696
1.110336
1.681168
1.534323
1.543996
1.793578
1.667411
1.520793
0.157202
-0.898200
-0.675260
-1.186147
-1.504128
-2.237994
-1.730119
-1.232236
-0.400516
0.634439
0.370838
1.507282
2.353210
2.040812
1.086534
0.649724
0.686276
0.131340
-0.496599
-0.546268
0.007551
-0.333803
-0.659166
-0.741438
-1.137608
-1.366613
-0.796457
-0.397247
-0.247998
-0.018514
0.419248
1.250680
1.394649
1.951120
1.730241
1.506594
1.005746
0.029243
-0.490982
-0.798720
-1.061725
-1.853511
-1.639386
-0.588760
-0.891902
-0.537497
-0.360300
0.017878
0.837768
0.734974
0.822315
1.139439
1.461015
1.434066
1.448769
0.431443
0.018470
-0.957410
-1.526881
-1.603461
-1.888565
-1.795761
-2.024814
-2.124338
-1.574187
-0.298396
0.636479
0.929283
0.908234
0.767221
1.013289
1.228461
1.397207
1.472779
0.993813
0.703986
0.967643
1.129247
0.627417
0.531863
0.517482
0.492812
0.031990
-0.243917
-0.313655
-0.199056
0.096105
0.418457
0.122892
-0.281625
0.082771
0.224001
0.557456
0.721583
0.523648
0.710455
-0.215455
-0.958107
-1.035127
-1.713314
-1.248533
-1.158315
-0.773022
-0.042833
-0.587732
-0.067204
0.711153
1.271964
1.164149
0.679190
1.093907
1.202577
0.515651
-0.173565
-0.326350
-1.006258
-1.582758
-1.362902
-1.100772
-1.143507
-1.354553
-1.436857
-0.825845
-0.449586
0.110640
1.222615
1.426252
1.148240
0.922573
1.449275
1.297694
0.691224
-0.314948
-0.093630
-0.674061
-1.600742
-1.529616
-2.190815
-2.484054
-2.070270
-1.154414
0.966037
1.277147
0.990106
2.321683
3.001449
2.853295
2.654563
1.110563
-0.315245
-0.568816
-0.407728
-0.640853
-1.407577
-1.547152
-0.613119
-0.876990
-1.607714
-1.940426
-0.940298
-0.864821
-0.492088
0.379774
1.151051
1.745419
2.507139
2.570638
2.289809
1.311182
0.789692
0.238680
-0.326051
-1.210695
-1.008812
-0.993999
-1.483379
-0.859867
-0.472932
-0.377898
-0.837952
-0.915001
-0.743076
-0.233771
-1.039680
-1.872440
-1.529003
-1.610373
-1.743412
-1.465373
-1.457628
-1.196309
0.210805
0.362773
0.947068
1.855858
1.301893
1.904284
2.414310
2.262723
2.883725
2.346719
1.447473
0.465134
0.383168
0.676194
0.151952
0.414736
0.615144
0.502406
1.065466
1.263367
0.959554
0.976914
0.212861
-0.167678
-0.691100
-1.345375
-1.396110
-1.200527
-0.248648
0.298625
0.338086
1.035538
0.972024
1.130664
1.676250
1.106339
0.197360
0.320436
-0.409423
-1.048090
-0.990994
-0.520755
-0.644387
-0.936130
-0.507601
0.063771
-0.675694
-0.511733
0.186323
0.775029
0.323864
0.402684
0.578450
0.711803
0.621942
-0.288408
-0.485115
-0.376449
-1.193305
-1.317447
-1.555913
-1.245001
-0.124027
0.600293
0.420379
0.584176
1.240033
1.475859
1.148949
0.204970
0.228777
-0.300776
-0.295348
0.553680
0.802432
0.560515
0.311928
0.127174
0.346198
0.582067
-0.044699
-0.234773
-1.154074
-1.311513
-1.571291
-1.285366
-0.989110
-1.459784
-1.409517
-0.495823
0.256210
0.258317
-0.388785
-0.254584
0.159242
-0.042055
0.127744
0.408014
-0.155281
-0.600546
-1.317746
-1.314936
-0.745959
-0.866296
-0.612902
-0.487912
-0.085077
0.562108
0.891475
0.999326
0.752586
0.790459
0.805077
1.155140
0.593704
0.100945
-0.367595
-0.614807
0.073843
0.138310
-0.084699
0.321989
1.199952
1.226546
0.585752
0.871598
0.590649
0.400850
0.116557
0.166506
0.696437
-0.114867
-0.288769
-0.487125
-0.431810
-0.304738
-0.004390
-0.102429
0.047382
-0.006172
-0.024453
-0.582517
-0.552051
-0.353811
-0.174689
0.097108
0.373997
-0.010439
-0.049886
-0.681047
-1.229079
-1.310358
-1.066400
-1.394129
-1.313079
-0.475413
-0.293144
-0.004251
-0.122739
0.645138
1.818311
1.271008
1.113349
0.719521
1.314160
0.689480
-0.514660
-0.658332
-0.764649
-0.730552
-0.228331
0.326700
0.018257
-0.203390
-0.064842
-0.280818
-0.116328
0.467686
0.785154
-0.065969
-1.002058
-0.786925
-0.456592
-0.186962
-0.824519
-0.555457
-0.190658
-0.282012
-0.413440
-0.430108
-0.042085
-0.059818
-0.152952
0.087308
0.333594
0.035106
-0.587050
-0.582787
-0.407992
-0.481576
-0.170039
-0.267041
-0.370542
-0.154167
0.079740
-0.751934
-1.408078
-1.155618
-1.400719
-1.356715
-1.022983
-0.852742
-1.047294
-0.631476
0.176788
0.881685
1.089279
1.391950
0.902340
0.504524
0.665642
-0.091177
-0.692265
-0.761427
-0.160572
0.543736
0.405954
0.112659
-0.417985
-0.797876
-0.746123
-0.882306
-0.572439
-0.013303
0.978789
0.626340
0.120494
1.039572
1.492279
0.797816
0.093941
0.336905
-0.023410
0.140761
0.008588
-0.002083
-0.036784
-0.563019
-0.585377
-0.355251
-0.007017
0.821400
0.842623
0.515593
0.795496
-0.107485
-0.756659
-0.877679
-0.246232
-0.156350
0.203074
-0.175048
-0.041342
0.935315
0.999746
0.806147
0.378772
-0.283724
-1.147105
-2.046092
-3.114276
-3.906044
-3.118713
-2.227380
-1.619419
0.129131
2.224996
2.834124
2.908087
3.119676
2.309850
1.406452
0.495538
-0.720598
-1.790924
-2.182311
-2.136319
-1.480851
-0.213221
1.010029
2.199605
2.605063
2.754783
3.045760
2.512675
1.337609
-0.410496
-1.320006
-2.714120
-3.357101
-2.850535
-1.612895
-0.177553
1.682348
1.978168
1.954976
2.883889
2.355066
1.292937
0.595621
-0.183848
-1.384108
-2.477012
-1.407694
0.518670
1.395298
1.804752
1.956610
2.375829
2.282702
1.709431
0.908784
0.573643
-0.169051
-0.679935
-0.464294
-1.038581
-1.431276
-0.567008
-0.630309
-0.345180
0.414614
0.473373
1.132249
1.324190
1.184670
1.001963
0.504563
-0.350344
-1.071234
-1.456889
-1.216571
-0.735399
-0.077630
0.186374
0.555068
0.688126
0.521149
0.482187
0.378401
-0.127778
-0.558247
-0.250136
0.253426
0.866768
0.807721
0.477650
0.800049
0.857089
-0.111849
-0.484149
-0.284236
-0.595948
-0.789952
-0.770884
-0.928643
-1.192488
-1.065515
-0.792613
0.071487
-0.015539
-0.194042
0.314710
0.469839
0.919101
0.648268
-0.550738
-1.505023
-1.378873
-1.260723
-0.651585
-0.747018
-0.915578
-0.480343
0.944917
1.076869
0.887738
1.168303
1.221686
1.028824
0.538559
0.579572
0.502972
0.044986
-0.659953
-0.969273
-0.719834
-0.571163
-0.107581
0.241703
0.121780
0.157346
-0.090778
-0.190391
0.258408
0.872313
0.247957
0.032917
-0.751795
-1.188795
-0.740810
-1.090207
-1.323733
-1.093799
-0.627650
-0.421474
-0.450459
-0.392632
-0.852989
-1.072307
-0.775057
-0.382106
-0.433315
-0.261344
-0.126910
-0.059988
0.280990
1.042996
1.047487
0.930388
0.310700
0.336892
0.616850
0.620995
0.390306
-0.214838
-0.852390
-0.206497
0.073940
-0.128399
-0.124150
0.373149
0.951648
0.683141
0.370379
0.063271
-0.167477
-0.482627
-0.055103
0.408677
0.801615
0.748922
0.346114
-0.750180
-1.044770
-0.719879
-0.316196
0.456369
1.057758
0.631258
0.620763
0.826449
1.590548
0.891056
0.174562
0.406216
0.010459
-0.696549
-0.963225
-0.808714
-1.397922
-1.387400
-1.205211
-1.061748
-0.195465
0.566731
0.376093
0.607235
0.807563
1.130017
1.113640
0.557866
-0.463032
-1.130664
-1.360443
-1.423989
-0.980044
-0.492325
-0.969843
-1.765162
-1.542663
-0.231966
0.394524
0.762822
0.671076
0.414258
0.462861
0.402649
0.145832
0.241170
0.263479
-0.314375
-1.227457
-1.377974
-0.395844
0.279078
0.779062
0.215593
-0.562116
-0.674336
0.165623
-0.109251
-0.266296
0.034021
-0.252779
0.731282
1.670634
1.313810
1.724661
1.793550
1.868757
1.851976
0.562025
0.050171
-0.528924
-0.738207
-0.399497
-1.231411
-1.031081
-0.010513
0.268900
1.194191
2.173080
1.804405
1.915590
1.912276
0.895496
-0.110075
-0.704593
-1.052352
-1.302821
-1.340956
-1.120583
0.097586
-0.657551
-1.069298
-0.149420
-0.129961
-0.033473
0.541577
0.036711
-0.058951
-0.323709
-0.459912
-0.879694
-1.070186
-0.284365
-0.580800
-1.108891
-0.868542
-0.550062
-0.477244
0.431136
0.561863
0.095525
0.923557
0.967110
0.848239
0.682543
0.003483
0.931847
0.019070
-0.573097
-0.439009
-0.485518
-0.434313
0.127976
0.351819
0.211492
0.151829
-0.088464
-0.527186
-0.337520
0.038029
-0.315609
-0.529563
-0.550218
-0.513391
-0.465679
0.136465
-0.266742
-0.189803
0.275549
0.492415
0.317898
0.344140
0.408851
-0.143788
-0.140967
-0.527937
-0.969813
-1.097323
-0.383638
-0.373903
-0.211019
0.232787
1.393849
1.856362
1.593584
0.915400
0.974060
1.204328
1.242461
0.463197
-0.067901
-0.665069
-0.566668
-0.932879
-1.053481
-0.910852
-1.288454
-1.061032
-0.663425
0.000420
0.060092
0.554667
0.774738
1.307577
1.430173
1.443222
1.233688
1.361617
0.799696
-0.238095
-0.251514
-0.621792
-0.352733
-0.120800
0.086566
-0.522429
-0.037935
0.142238
-0.152200
0.430948
0.524234
0.036068
0.268278
-0.125980
-0.014504
-0.049602
0.127710
0.215862
