-1.422310
-1.875716
-1.163022
-1.034956
-0.963247
-0.731949
-1.202835
-1.381044
-1.303372
-1.454728
-1.262607
-1.173362
-1.225296
-1.061670
-1.209274
-1.575822
-1.468577
-1.015939
-1.038853
-0.927340
-1.243193
-0.647050
-0.648008
-0.299392
-0.507600
-0.385620
-0.326058
0.009802
0.495436
1.790146
2.100547
2.095514
2.467026
2.074262
1.693796
1.228327
0.790026
0.468334
1.508819
1.255377
0.284458
-0.860033
-1.397401
-0.798314
-0.075595
0.127447
-0.001141
0.393960
1.057762
1.295227
1.430491
1.391560
1.056896
1.216325
0.164452
-0.103421
-0.719734
-0.822324
-1.166965
-0.481672
-0.245685
-0.175830
-0.390165
0.559284
0.660900
0.636850
0.031162
-0.443696
0.071758
-0.068851
-0.845720
-1.235481
-0.122324
0.097430
1.841233
1.443534
0.474709
1.122492
0.689214
-0.137195
-0.244503
-0.490831
-0.489494
-1.184504
-1.784371
-1.047900
-1.478540
-1.142441
-0.832194
0.212046
0.548103
1.243485
1.335464
1.556832
1.344218
0.272114
-0.049680
-0.533254
-1.039307
-1.568206
-1.707068
-1.051619
-0.337291
-0.739292
0.604207
0.906543
0.833182
0.540099
0.983250
0.981259
0.405507
-0.102602
0.276633
0.677461
0.035122
0.535039
0.878905
0.906201
0.926351
0.606712
0.333635
-0.008533
0.076629
0.460298
-0.076309
-0.018915
-0.187032
-0.145608
0.666954
0.957778
1.022028
0.544524
0.261369
0.368988
0.929209
0.406046
1.031127
0.410523
0.522605
0.959291
0.715282
0.060133
0.186984
-0.344593
-0.461635
-0.927096
-1.877316
-1.940051
-0.653890
0.125748
-0.630302
-0.308155
-0.435476
0.071754
0.095171
0.055751
-0.336803
-0.869892
-1.406343
-2.536900
-2.862709
-2.612298
-1.590117
-0.578228
-0.457020
-0.477664
0.108137
0.855902
1.208994
0.427868
0.518556
0.305411
0.230051
0.555832
1.101922
0.466953
0.809826
0.590545
-0.067179
0.543593
1.150138
1.534068
1.305195
1.168794
1.125784
1.371380
0.906219
1.306922
0.325746
0.018054
-0.187558
-0.553747
-0.252744
-1.319924
-0.421316
2.044025
2.357271
1.955994
2.046426
0.607437
-0.088473
-0.926457
-1.603091
-1.767941
-1.244662
0.061804
0.559231
0.620208
0.851070
0.431421
0.312012
0.665122
-0.240593
-0.068686
-0.668582
-1.215390
-1.805517
-1.281105
-0.649888
-0.398593
0.267607
0.857584
0.309778
0.130545
0.796521
1.491202
1.387844
0.570661
1.032930
1.080167
0.647264
-0.451199
-0.742955
-0.914302
-0.693679
-0.713656
-0.975220
-0.326375
-0.002451
0.471909
0.311287
0.071604
0.259913
-0.088491
-0.678720
0.180344
-0.537316
-0.997856
-1.370655
-1.013557
-1.093688
-0.911244
-0.770237
0.639833
1.759214
1.333594
1.058378
1.107073
1.158396
1.140678
0.527055
-0.170085
0.562028
0.545342
-0.615868
-1.495885
-1.665480
-1.355171
-0.378821
0.478529
0.706056
0.723497
1.272151
1.879115
1.679559
1.269181
0.322356
0.352843
-0.176173
-0.569065
-1.690378
-0.924252
0.076697
-0.154418
-0.426115
0.666613
1.154938
0.000269
-0.111838
0.137443
0.137258
-0.166702
-0.866470
-0.969598
-0.242409
-0.790581
-1.100168
-1.816740
-0.460004
-0.022980
-0.132389
-0.715495
-0.815267
-0.602530
-0.591497
-0.208054
0.023158
0.018466
-0.181165
0.200646
0.104048
-0.544353
-1.539802
-1.696474
-0.803204
0.412782
1.269969
0.983690
0.289363
-1.027378
-0.694593
-0.294518
0.518228
0.356559
-0.083400
-0.094512
-0.045993
-0.868870
-0.285139
-0.912705
-0.740054
-0.932190
-1.022171
-1.377427
-1.590565
-1.532807
-1.270532
-1.222473
-0.888273
-0.296521
-1.206079
-0.751748
-1.215921
-0.585524
-0.125263
-0.260301
-1.130925
-1.060185
-1.505346
-1.786366
-2.117683
-2.029981
-1.312250
-0.322269
0.394839
1.190708
1.793868
1.167200
0.805679
-0.006070
0.436875
1.139178
1.546509
1.404667
0.650301
-0.476165
-0.467190
0.261280
0.674345
1.046703
0.491088
0.275355
-0.675770
-0.653160
-0.036776
-0.062881
-0.304881
0.834047
1.137606
2.250091
2.459370
2.123151
2.362505
1.897732
2.015798
2.421712
1.479350
0.627874
0.446353
-0.744990
-0.493001
-0.305637
-0.348589
-0.123649
-0.020285
-0.835986
-0.791085
-1.962552
-2.110706
-1.937025
-1.998707
-0.545867
1.003658
1.924632
2.768699
3.047110
2.338312
2.410188
2.412552
2.263402
1.807179
1.053330
-0.296659
-1.109874
-0.985838
-0.509799
-0.478078
-0.802635
-0.226628
-0.383277
0.105648
-0.075808
0.288263
0.730890
1.008542
0.471957
0.954211
1.266032
1.298302
1.481503
1.255158
0.611261
-0.153242
0.081374
-0.529672
-0.843320
-1.552302
-1.299255
-1.313948
-0.696399
-0.716142
-0.745997
-0.058624
0.537053
-0.602502
-0.116081
0.471965
-0.120783
-0.181424
0.016134
-0.187919
-0.480841
-0.039046
-0.101263
-0.181485
0.300965
0.588851
0.188683
0.057170
-0.820814
-0.316887
-0.358906
-0.338782
-0.007264
-0.147479
0.086904
-0.096827
0.184475
0.274240
0.509221
0.168257
1.037231
0.716028
0.432406
-0.788557
-1.335062
-1.438055
-1.427566
-0.737734
-0.698768
-1.044153
-0.147554
0.201164
0.177112
0.269754
-0.081938
0.242675
0.112925
0.145709
-0.326673
-0.758748
-0.806905
-1.047122
-1.653373
-0.983230
-1.333880
-0.659906
0.121242
0.020126
0.497636
0.397311
0.437870
0.300115
0.788444
0.067761
-0.087231
0.133093
0.494161
0.026837
-0.700419
-1.446972
-0.974066
-0.168957
-0.175608
0.682678
0.278490
0.598985
0.516458
0.556082
0.069493
0.505704
1.131757
1.155387
0.299633
0.136201
0.276315
0.983350
1.308438
1.459339
1.318328
1.196990
1.605894
1.503923
1.635991
0.988099
0.304819
-0.374325
-0.553624
-1.080996
-0.902519
-1.035146
-0.838510
-0.751741
-0.303647
-0.190840
0.052666
-0.194348
-0.741926
-1.182113
-0.478077
0.710981
-0.556083
-0.764973
-0.745493
-0.448956
-0.660235
-0.029802
0.516860
0.469151
-0.045337
-0.060799
-0.111688
-0.950662
-1.080486
-0.876710
-0.808244
-0.281556
0.662808
1.039154
1.521202
1.772117
1.733959
1.186719
0.131935
-0.193105
-0.372876
-0.404085
0.193028
1.063955
0.951347
0.732723
0.060226
-0.033969
0.026656
1.018165
1.073316
0.572077
-1.022781
-0.229305
0.863864
0.852926
0.319849
-0.033801
0.582720
0.542319
0.358458
0.483634
0.241746
0.390998
0.745629
0.191562
0.412700
-0.533260
-0.926842
-0.908134
-0.591948
-0.765861
-1.156764
-0.396023
0.158124
0.986861
0.861731
0.538177
-0.111538
0.251252
0.549453
-0.112182
-0.728673
-0.702601
-0.948826
-1.064544
-1.466275
-1.253027
-1.359234
-1.203291
-0.669319
-0.960218
-0.524297
-0.465197
-0.043031
-0.005797
0.004423
0.425419
0.770754
0.983923
0.193773
-0.066134
0.212941
-0.822855
-1.378619
-1.160180
-0.897503
-0.805481
-0.605945
0.375561
0.200250
0.103084
0.168164
0.076155
-0.447875
-0.823038
-0.725292
-0.201093
-0.823130
-1.378689
-0.715898
-0.701374
-0.345004
0.028176
0.264986
-0.396694
-0.005713
-0.850721
-0.973697
-1.220062
-0.527074
0.073935
0.719142
1.072212
0.689128
0.529578
0.089528
-0.015350
0.014770
-0.183692
-1.240398
-0.372084
0.339252
0.508872
0.461889
1.023518
0.684459
0.358823
-0.145120
-0.194450
0.011804
-0.472449
-1.585863
-1.596625
-0.356888
-0.416468
0.383544
0.302759
0.004630
0.331149
0.880896
0.345398
0.062467
-0.108842
0.051062
-0.022301
0.055829
1.298156
1.982436
1.407892
1.771515
1.164605
0.121639
-0.312207
-0.921599
-0.580337
-0.835781
-1.048451
-0.556942
0.219653
0.111660
-0.321368
0.296560
0.470330
0.492188
0.378015
0.317455
0.116949
0.133537
-0.091417
-0.180220
-0.157046
0.661556
0.425534
0.402279
0.309711
0.740381
1.608126
1.890443
0.836864
0.630724
0.649885
0.063103
-0.009542
0.246221
0.601678
-0.649490
-0.657048
-1.245748
-0.600232
-0.891660
-0.855912
-0.220675
0.232021
0.274271
-0.786033
-0.431416
-0.220586
-0.366541
-0.760862
-0.268804
-0.643796
-0.551057
-1.176325
-0.571226
0.627621
1.418882
0.699104
0.039169
-0.022323
-0.042639
0.247121
0.553398
1.005264
0.902511
0.639558
0.802488
1.043043
1.464762
1.160723
0.778877
0.033913
-0.631271
-0.577751
-1.097590
-1.077936
-1.969319
-1.938673
-1.457469
-1.199038
-0.441014
-0.630674
-0.220645
-0.597402
-0.343366
-0.933110
-0.668090
-0.652500
-0.447574
-0.870624
-0.976114
-0.096221
-0.019660
0.426297
1.272846
1.189260
0.871652
2.039290
2.480741
3.210440
1.979959
1.615968
0.824674
0.076135
-0.576407
-0.161057
-0.613254
-0.761995
-1.117302
-0.594843
-1.279608
-2.220987
-0.685523
0.748596
1.365428
1.173856
1.328612
0.947945
0.130033
-1.769840
-1.527882
-0.339613
0.132201
0.235450
-0.595400
-0.820160
-0.628195
-1.081093
-0.805688
-0.213748
0.045361
-0.073825
-0.098052
0.061944
-0.092638
0.184141
0.231183
0.128238
-0.151220
-0.259198
-0.670396
-1.255633
-1.790377
-2.476909
-1.709107
-0.682652
-0.415852
0.471706
2.754217
3.928445
4.292304
3.418933
1.858138
1.880291
1.682760
0.182522
-0.673019
-0.090709
-0.003537
-0.326633
-0.909048
-0.911546
-0.435842
-0.585329
-1.451794
-1.147035
-0.942891
-0.756811
-1.258160
-0.972733
1.362292
2.629177
2.756407
2.459262
1.333734
1.754616
2.029538
1.765917
0.734751
-0.140164
0.032254
-0.987975
-1.153576
-1.061021
-0.737060
-1.022822
-0.805032
-1.048981
-0.715073
-0.683385
-0.947208
-1.157275
-0.795436
-0.146548
-0.097165
-0.197915
0.134331
0.134580
-1.178200
-1.611381
-1.459158
-1.196086
-1.692526
-0.985546
-0.280673
0.173872
0.701793
0.765796
1.725996
1.894606
1.328692
1.396526
1.970178
1.101090
0.616263
0.080830
0.032269
-0.311706
-0.840252
-1.260927
-0.987607
-1.319871
-0.944318
-0.226089
-0.750164
-0.191941
0.483902
0.722866
1.208869
2.147400
1.720679
0.902540
-0.107106
-0.262740
-0.458276
-1.073765
-1.829724
-1.545627
-1.561099
-2.246539
-1.680712
-1.116851
0.032938
-0.130243
0.311433
0.383275
0.879205
0.028049
-0.180743
-0.665164
-0.475507
-0.427629
-0.953916
-1.412714
-0.271806
0.255507
0.608395
0.276127
0.656920
1.116949
1.333343
1.545243
0.948871
0.837853
1.209882
0.712601
0.029381
-0.185431
-0.306681
-0.366017
-0.588033
-1.456531
-2.172033
-1.745867
-0.250039
-0.100591
0.836316
0.508729
0.874574
1.180320
1.594466
2.251431
1.879978
0.970025
0.874581
0.619142
0.274843
0.122263
0.214893
0.125267
-0.300045
-0.127387
-0.733131
-0.427745
0.074344
0.434498
0.889585
1.748777
1.495562
0.887780
0.342168
-0.464409
-0.028265
-1.705605
-3.066504
-2.290249
-1.955224
-1.712579
-0.451451
-0.078333
1.364597
1.072259
0.678280
1.010871
1.243478
0.266337
-0.865265
-1.054721
-0.895944
