0.221296
-0.146836
-0.748548
-1.139427
-1.417465
-1.570383
-0.780589
-0.097504
0.462212
0.853826
1.515438
1.751778
1.706760
1.993483
2.210355
2.102787
2.034230
1.223161
0.368496
-0.558877
-1.152093
-1.521543
-1.519055
-0.405523
0.098499
0.193427
0.238097
0.330781
0.208181
0.061860
-0.024138
0.149488
0.280577
0.303510
0.158740
0.126408
0.635874
0.716006
0.368384
-0.336041
-0.432844
-0.833993
-0.578590
-0.448539
-0.054276
0.102647
-0.007326
-0.373928
-0.517767
-0.488080
-0.214582
0.093132
0.166087
0.129736
0.132427
0.581947
0.599364
1.201353
1.095136
0.810415
0.654806
0.036200
-0.633498
-1.057639
-1.657173
-1.670004
-1.482659
-1.696912
-1.453226
-0.891561
-0.167114
0.348948
0.556992
0.569186
0.632648
0.674318
1.254028
1.087538
1.242529
1.084383
0.817157
0.286376
-0.561756
-0.620643
-0.757876
-1.007904
-1.021931
-0.929059
-0.676138
0.154499
0.922187
1.478608
1.378017
1.220508
1.391757
1.726914
1.477631
1.266088
1.369014
1.292119
1.170642
0.338752
-0.264883
-0.756290
-1.541398
-1.811513
-1.531508
-1.260448
-0.561525
-0.220861
-0.177263
0.098387
-0.090374
-0.271429
-0.291237
-0.405565
-0.474358
-0.445902
-0.429686
-0.183238
-0.399767
-0.164951
-0.102910
0.034718
0.116292
0.001059
-0.143958
-0.285005
-1.148616
-1.247128
-1.030744
-1.411804
-0.968094
-0.532718
-0.256247
-0.344730
-0.180729
-0.492808
-0.060322
0.281388
0.259381
0.571620
0.654246
0.558982
0.816817
0.616591
0.197403
0.153396
0.332773
0.443558
0.006250
0.097603
0.008106
-0.432881
-0.255875
0.048183
-0.103088
0.310619
0.389081
0.328429
0.069467
0.274251
0.247649
0.038421
0.474988
0.626275
0.581061
0.159249
0.278750
0.002145
-0.092773
-0.093183
0.172231
0.253545
0.518570
0.685755
0.286811
0.442863
0.594942
0.253419
-0.275542
0.033435
-0.134531
-0.570357
-0.769634
-0.074784
-0.781672
-1.463363
-1.232603
-0.479339
-0.322010
-0.103283
-0.022443
0.139050
0.187403
-0.379408
-0.301716
-0.292112
-0.393701
-0.686340
-0.736211
-1.068317
-1.105946
-1.064230
-0.300823
-0.108346
0.621274
1.177272
0.694738
1.022101
1.762235
2.039992
2.150511
2.298512
1.667365
0.891505
-0.080601
-0.840319
-2.017770
-2.157801
-2.302999
-1.498886
0.246118
1.619433
1.638741
1.180692
0.768211
0.620747
-0.014600
-0.477046
-0.150603
-0.188658
-0.081171
-0.219067
-0.884242
-1.410485
-1.117300
-0.433727
0.162744
0.205472
-0.091676
0.044716
0.028380
0.103241
-0.355535
-0.513391
-0.412878
0.220602
0.421043
0.356400
0.124011
-0.064946
-0.458376
-0.669998
-1.122044
-0.951146
-0.995020
-0.949301
-0.404347
0.252980
1.279930
1.568100
1.466234
1.610965
1.525715
0.814276
0.167585
-0.757992
-1.147520
-1.810424
-2.127723
-1.942545
-1.849822
-1.199934
-0.521045
0.501571
1.092485
1.627194
1.889242
1.234044
0.160496
-0.065672
-0.112585
-0.298581
-0.859522
-0.832555
-0.449340
0.326351
0.920683
1.127798
1.127649
0.883029
0.326338
-0.428226
-0.014126
0.235753
0.490294
0.084738
-0.696186
-1.035514
-0.445514
0.431636
1.194103
1.865667
2.207155
1.840860
1.352212
0.683262
-0.303881
-0.839338
-1.582145
-2.268676
-2.401409
-2.033550
-1.162993
-0.197363
0.153438
0.778741
1.408206
1.385097
0.984587
0.638214
0.281682
-0.358541
-1.058206
-1.574023
-0.879668
-0.201969
0.090160
0.427909
0.902515
1.093379
1.537793
1.087179
0.411966
-0.548922
-1.015932
-1.484184
-1.560738
-0.761710
0.204710
0.580081
0.548793
0.707374
0.580576
0.820667
0.468779
0.186683
-0.507356
-0.568873
-0.845253
-0.603529
-0.707222
-0.759722
-0.686295
-0.885215
-1.068258
-1.230301
-0.339385
-0.476010
-0.794437
-0.581178
-0.263144
-0.380533
-0.148159
0.120559
0.634705
0.707548
1.207875
0.832712
0.220907
0.057020
0.144023
0.158997
0.483905
1.305608
1.449877
0.842440
0.405423
-0.397696
-1.071985
-0.997057
-0.804431
-0.332499
-0.082561
0.066445
0.496326
0.502113
0.704813
0.766387
0.465500
-0.552488
-0.913221
-1.251980
-1.007413
0.021587
0.722807
0.793892
0.664990
0.798139
0.916418
0.564885
-0.716244
-1.340964
-2.353601
-2.801217
-3.197168
-2.965029
-1.777989
-0.377260
0.108036
0.851011
1.621153
1.828875
1.447808
0.816953
-0.177926
-0.778023
-0.992571
-0.621454
-0.073061
0.113448
0.232067
-0.089788
-0.047229
-0.140016
-0.594634
-0.853842
-0.837650
-0.696644
-0.045921
0.953549
1.691032
2.215683
2.079338
1.833369
1.104533
0.320328
-0.185440
0.140406
0.121276
-0.412937
-1.726055
-1.588941
-0.988484
-0.600285
0.202275
1.068454
1.694372
1.359456
1.033837
0.462317
0.149536
-0.233095
-0.468781
-0.587461
-0.365514
-0.526143
-0.628744
-0.489353
-0.416349
-0.107880
0.412000
0.339754
0.226911
0.070018
0.261178
0.490820
0.563061
1.252596
1.310742
0.992973
0.392191
-0.007204
0.195208
0.607848
0.696102
0.539884
0.917425
1.126403
1.026071
0.394754
-0.328735
-0.845241
-0.773997
-1.231396
-1.483577
-1.429826
-0.738357
0.063236
0.732612
1.194206
1.507870
1.365477
0.400273
-0.540507
-1.351022
-1.413403
-1.323639
-0.774706
-0.355006
0.013417
-0.103926
0.618371
0.729436
0.446540
0.288069
-0.089714
-0.456063
-0.870199
-0.628279
-0.589980
-0.646068
-0.154234
0.368611
0.385615
0.307740
-0.259120
-0.220746
-0.605843
-0.768213
-1.116839
-0.768521
-0.443340
-0.222855
0.061046
0.458910
0.888420
1.013115
0.721989
0.272331
0.242933
0.328770
0.774063
0.769324
0.742588
0.205755
-0.103184
-1.024803
-1.714102
-1.811166
-0.474387
0.254025
0.766320
1.354340
1.711620
2.010137
1.743826
0.898874
0.115755
-0.112296
-0.269819
-0.437929
-0.925940
-1.203963
-1.373996
-1.531722
-1.269408
-0.471571
0.128230
0.299916
0.258962
-0.241844
-0.181683
-0.188813
0.215056
0.632419
1.043655
0.487593
-0.309476
-1.463704
-1.671950
-1.092140
-0.229540
0.025553
0.384563
0.698454
0.665587
0.685178
0.578328
1.241907
1.391702
1.154491
0.864239
0.638603
0.014646
-0.705060
-0.793827
-0.171481
0.023711
0.018146
0.092827
0.318397
0.469039
-0.241545
-1.061084
-1.292906
-1.322912
-1.706483
-1.417860
-1.014531
-0.323155
-0.070588
0.633020
0.648076
0.385870
-0.083378
-0.404469
-0.822315
-1.564593
-1.901738
-1.996011
-0.922951
0.226629
0.347451
0.587436
1.230222
1.253960
1.462362
1.109288
0.354300
0.030997
0.031488
0.104174
-0.119094
-0.196292
0.070026
0.585508
0.461923
-0.041038
-0.343636
-0.506536
-1.010455
-1.081305
-0.919547
-0.696436
-0.731214
-0.493641
-0.319854
-0.085828
0.267608
0.479004
0.049378
-0.293725
-0.020483
0.500259
0.922509
1.149262
0.904074
0.143326
-0.152119
-0.741782
-0.820363
-1.133560
-1.063993
-0.207829
0.801488
1.068821
1.191538
1.876042
1.672928
1.829332
1.843514
1.922294
0.897487
-0.223751
-1.257664
-2.091260
-2.653141
-2.622377
-1.907980
-1.090163
-0.687107
-0.165665
0.168561
0.328708
1.030730
1.425607
1.904397
1.543804
0.823783
0.228111
-0.360031
-0.759057
-0.801980
-0.994553
-1.219623
-1.092082
-1.268644
-1.788400
-1.839662
-1.205573
-0.427853
0.168443
0.589394
1.357930
1.772837
1.890650
1.584866
1.384327
1.163881
0.723073
0.021203
-0.613099
-0.397409
0.059866
0.420653
0.927711
1.263117
0.953557
0.727753
-0.317291
-1.334395
-2.630740
-2.855006
-2.444715
-1.446792
-0.620214
-0.312468
0.040907
0.633593
0.927128
0.765766
0.456313
0.452898
0.546076
0.393584
0.035277
-1.168516
-2.201054
-2.272344
-0.763463
0.751638
1.656909
1.835921
1.854064
1.708082
1.245578
0.347646
-0.134313
0.148498
0.326592
0.485151
0.011380
-0.650875
-1.059779
-0.853397
-1.184885
-1.324251
-0.954465
0.226428
0.850860
1.191674
1.739298
1.764243
1.821196
1.351510
1.429404
0.929445
0.399299
-1.005881
-2.554963
-3.127774
-2.657989
-2.029352
-1.206268
-0.488859
-0.248858
0.121276
0.552010
0.853803
0.810539
1.007380
0.339399
-0.576853
-1.397569
-1.661313
-1.696195
-0.988037
-0.402228
0.291535
0.601009
0.974562
1.203630
1.253432
1.524447
1.536472
1.705036
1.408388
1.270474
0.782893
-0.195303
-0.854343
-0.873531
-0.881450
-0.130118
0.235714
0.307071
0.323682
0.326895
0.259627
-0.325277
-0.728762
-0.370233
0.207287
-0.272825
-0.898299
-2.029039
-1.946893
-1.290290
-0.110074
0.711008
1.094986
1.151311
0.900205
0.684905
0.440768
0.145917
-0.401600
-0.757643
-0.576014
0.552641
1.250418
1.948232
1.274971
0.462411
-0.441135
-1.068799
-1.324755
-1.476717
-1.147449
-0.992960
-0.346811
0.707814
1.842712
2.374192
2.278274
2.094082
1.715863
0.587366
-0.358674
-1.160288
-1.243136
-0.964352
-0.376419
0.467932
0.846153
1.436192
1.393891
0.316566
-0.717205
-1.503364
-2.477811
-3.185258
-4.258232
-3.968772
-2.656793
-0.535505
0.993378
2.174394
2.316657
1.967199
1.431717
0.843198
0.592903
0.146825
-0.859154
-2.171499
-2.637489
-1.820414
-0.571023
0.597396
1.576807
2.345366
2.742990
1.567526
0.730663
0.000001
-0.568386
-0.783149
-0.944806
-0.730110
-1.274773
-1.245713
-0.942471
-0.300028
0.067156
0.766867
0.841353
0.591902
-0.141758
-0.466911
-0.495349
0.105911
0.809482
0.945931
1.280560
1.064832
1.067132
0.596708
0.350965
0.279325
0.447409
0.240142
0.230536
0.181917
0.054605
-0.512818
-0.796328
-1.242899
-1.044993
-0.458736
-0.074684
0.355795
0.330069
0.552706
1.117483
1.414485
1.231730
1.361464
1.104945
1.062623
0.614657
0.031120
-0.656197
-0.949645
-1.049143
-1.095683
-0.869687
-0.619865
-0.177121
-0.314582
-0.451500
-0.570633
-0.493325
-0.826996
-0.968764
-0.596291
-0.705316
-1.017613
-1.002759
-0.771667
-0.207231
0.952330
1.249898
1.188611
0.625298
0.204211
-0.091759
-0.404653
-0.860245
-0.467628
-0.468054
-0.138897
-0.021806
-0.030593
0.011180
0.097822
0.061135
-0.041039
-0.133345
-0.188369
-0.116750
-0.310733
-0.289268
-0.292764
0.213553
0.579578
0.832518
0.457090
0.570299
0.692046
0.700056
0.434575
0.044540
0.201668
0.516574
0.954679
0.445178
0.124909
0.080539
-0.182573
0.067220
0.358384
0.087773
0.246702
0.433092
0.805723
0.922679
0.523050
0.327203
0.231003
0.114676
-0.156286
-0.564199
-0.735337
-0.774024
-0.925725
-0.344159
-0.104749
0.017207
-0.294638
-0.281232
-0.485014
-0.124943
-0.053858
0.314121
0.826539
1.175078
1.268167
1.050008
0.980656
0.323496
-0.860445
-1.574016
-1.097337
-0.832178
-0.642299
-0.713681
-0.355342
0.550206
1.005394
0.352479
0.150959
