0.736755
-0.128478
0.274117
1.219218
1.942989
1.957877
1.408714
-0.579400
-0.690425
0.031480
-0.478352
-0.576922
-1.121500
-1.670195
-1.788086
-1.395031
-0.130106
-0.601719
0.216344
0.962237
1.039997
1.339869
1.508954
0.947813
0.948134
-0.623926
-0.246333
0.345532
-1.442418
-1.421001
-1.839599
-1.334034
-1.370643
-1.181175
-1.491487
-1.023692
-1.517766
-0.938411
0.216218
0.850136
-0.745574
0.022684
1.109300
0.738488
-0.203235
0.119116
-0.323275
-0.853736
-1.663003
-0.800410
-0.195710
-0.056954
-0.651065
-1.020376
-2.184062
-1.404724
1.445146
1.876114
0.770849
1.154793
-0.499267
0.386433
2.721054
2.799997
1.038630
1.858990
0.545312
-0.333837
1.241020
1.965006
0.851160
-0.802833
-1.762756
-2.583854
-1.521007
1.186357
1.428440
-0.403000
-2.082086
-0.906082
-2.170999
-0.864915
1.292718
-0.598707
0.098227
0.849863
0.169432
-0.738178
0.012732
0.337215
-0.233958
-0.348277
-1.614340
-2.770510
-3.267156
-1.268218
0.817225
0.773894
1.209292
1.799491
0.345921
-0.479686
0.920759
2.265976
1.653342
1.052089
0.996713
-0.400538
-0.040149
0.797819
0.841088
0.781390
0.094173
-0.252271
-1.604781
0.781125
1.379383
0.907726
1.257085
-0.331238
-0.379498
0.520053
0.914875
0.384962
0.465920
0.518187
-0.458873
-0.598849
0.043703
0.279188
0.660549
0.448999
-1.443415
-0.511445
1.262581
0.175004
0.004519
0.527925
0.957145
0.129879
-0.058577
0.417919
-0.333208
-0.094504
0.827898
0.795817
0.546427
-0.163759
-0.152370
-0.542305
0.023447
-1.052278
-0.307954
-0.412362
-0.903207
0.065070
-1.084822
-0.840867
0.403392
-0.323317
-0.080424
-1.043594
0.096412
-0.277886
-0.344479
-0.194340
-0.739101
-1.490981
-0.539248
-0.647136
-1.407832
-0.075228
-0.811578
-1.064131
-0.301226
0.364525
-0.031354
-1.376176
-1.391897
-0.231127
-0.089579
-0.282816
0.050368
-0.548801
-0.579939
-1.223295
-1.758264
0.731131
2.126491
0.874541
0.530801
1.247757
1.161354
-0.511263
0.369870
1.473599
0.884207
0.227230
0.293031
-0.663908
-0.880035
1.623110
0.252666
1.127214
1.718223
0.576230
0.633827
-0.147380
0.206859
-1.134526
-1.733080
-2.123865
-1.514282
0.298931
0.005745
-0.764237
0.437140
1.682683
1.513868
1.374895
1.564077
-0.137289
-0.904869
-0.541706
-1.522306
-0.810500
-0.553352
-1.032968
-0.330506
-0.456194
0.201037
0.996414
1.602970
1.299482
1.139210
-0.382826
-1.424879
0.919809
1.178526
0.721050
0.426147
-1.104750
-2.787205
-1.213298
0.830778
1.673893
0.440619
0.236185
-0.231402
-1.128686
0.973418
1.119136
-0.104416
0.851955
0.569938
-1.093346
-0.137109
1.407856
0.115837
-0.231562
-0.712099
-0.925829
-1.026996
-0.383477
0.531627
-0.174457
0.183604
-0.568403
0.211406
1.719614
0.738214
0.588745
0.347555
-1.673504
-1.333008
-0.151476
-0.398154
-1.200500
0.059332
0.075579
-1.656377
0.285321
1.405246
0.054189
-1.335657
-0.309137
-0.595331
-0.991875
0.431098
1.136530
0.469868
0.227096
-1.991581
-0.407742
0.669727
1.584251
1.503600
1.267739
1.159231
-0.677196
-0.258270
-0.054255
-0.297362
0.535851
-0.125073
-0.988412
-1.806741
-0.637659
0.548793
0.517274
0.946441
-0.068100
0.466648
-0.168034
-0.303814
-0.511872
-0.663601
-0.876150
-0.751320
-0.274373
-0.005360
-0.015870
0.963318
0.161244
-0.199818
0.954485
-0.855775
-1.516205
-0.559768
0.275312
-1.253144
-1.063698
0.210348
-0.070177
-0.073777
1.138820
0.342014
-0.455964
0.634526
0.594232
0.053798
0.759583
0.895163
-0.780363
0.426821
0.831720
0.649109
0.702404
0.680103
0.952317
-1.321499
-0.248472
0.981642
-0.236854
0.002651
0.804931
1.456523
1.962213
1.180019
0.711194
1.395005
1.439950
1.089109
0.139472
0.203463
-0.362989
-0.519229
-1.280071
-0.950156
-0.322723
-0.096760
-0.426046
0.160186
-0.658102
-0.169014
0.479868
0.956295
1.519824
0.586240
-1.543909
-1.046640
-0.472396
0.218656
0.353776
0.101941
-0.083441
-1.989667
-1.650658
1.216623
0.944481
0.812491
1.301838
0.777237
-0.725412
-0.316041
1.205052
1.234479
0.305264
-0.489213
-0.523579
-2.738985
-0.421894
1.472572
0.352672
-0.319110
-0.596620
-1.322811
-0.759159
-0.081053
0.309353
-0.042164
0.028705
-0.539981
-1.166905
0.620994
1.161281
1.840192
1.244569
1.531563
0.733499
0.111373
0.629724
0.080931
0.594650
0.470259
-1.121472
-1.572660
0.169618
-0.814080
-1.174014
-1.361353
-2.535590
-2.470120
-1.616223
-0.251977
-0.662669
-0.552765
0.668424
0.666352
2.322753
2.137134
0.773827
0.970268
0.439833
-1.463651
0.587890
1.217759
-1.088559
-0.967143
0.200056
-0.622980
-0.523688
-0.167610
0.119163
-0.447992
-0.232509
0.154382
0.494839
1.059513
-0.468413
-0.562588
-1.089578
0.592754
0.854320
0.575697
0.253354
-0.556674
-1.161914
-0.423704
0.260629
-0.514799
-0.996802
-0.260024
-0.156515
-0.455531
-0.046008
1.207923
1.053025
-0.238650
0.135384
-0.797321
-1.923716
-0.309003
1.677745
1.248623
0.628045
0.544401
0.097865
-2.048560
-0.919755
0.411080
-0.630385
-0.152509
0.705970
0.414499
0.147326
1.175836
0.780661
0.536498
0.581405
-0.668342
-0.802563
-0.252512
-0.035564
0.241290
-1.039225
-0.530004
1.427856
1.897421
0.819898
0.893359
0.431487
-1.457067
-0.635701
0.882958
0.399952
-0.510465
-0.239914
0.797933
-0.084137
0.254601
1.241636
0.587544
0.243754
0.295954
-0.921928
0.139428
0.732341
0.522832
0.067273
-0.712239
-2.074426
-1.322735
-1.547324
-1.218762
-0.578781
-0.944945
-0.751670
-0.499927
1.315327
1.219067
1.545969
1.435753
-0.388608
-0.304956
-1.616540
-0.820519
-0.584903
0.742667
1.631757
0.738931
0.082725
-0.417370
-0.401811
-0.511112
1.319617
1.163135
1.090219
0.715631
-1.188500
-0.684865
-0.058996
1.610124
1.003336
0.662993
-0.102585
-1.188086
-0.446621
-0.831850
0.209988
0.397491
-0.142430
-1.233262
-0.543809
0.042609
-0.934120
-1.122463
-0.821834
-1.302360
-2.574658
-2.416147
-1.100965
-0.336622
0.375080
0.317763
0.198414
1.150406
1.395558
0.180317
0.707291
0.368524
-0.890390
0.166616
0.982628
-0.055842
-0.869206
0.233746
0.537220
-0.509950
1.109503
1.676402
0.196416
-1.552397
1.145365
2.160074
-0.099679
0.767630
0.448965
-0.798855
-0.035884
1.462374
1.702114
-0.898732
-1.590725
-0.970939
-2.399038
-3.094118
-1.404230
-0.197704
0.951527
0.702127
-0.118621
0.881630
0.953766
0.398936
0.822202
-0.246501
-0.401432
-0.690711
0.476402
1.342487
-0.985340
-0.485688
-0.056127
-1.061987
-1.007174
0.124701
2.359920
0.699573
1.265098
1.615849
-0.173876
0.399509
1.225387
-0.003079
-1.152529
-1.566615
-0.841693
-0.751763
0.159493
0.866042
0.947346
0.369477
1.724869
2.627076
0.977385
0.979317
-0.255012
-0.799736
-0.786898
-3.154724
-0.999883
0.347285
0.925211
2.240987
1.961329
1.601773
0.774419
0.383485
1.080496
2.122658
1.268110
0.001828
-0.480418
-1.481734
-3.488890
-1.125874
-0.234151
-0.425479
-0.450130
-0.831466
-1.755940
-1.173192
2.096544
2.553809
0.696484
-0.026767
-0.400076
-0.242051
1.241590
0.857520
0.986939
1.092272
-0.981975
-0.397576
-0.468043
-2.055684
-1.105614
0.090590
0.391360
0.172578
-0.431533
-1.128102
-1.590982
-0.710424
-0.589849
-1.064918
-0.728317
0.770946
0.463724
0.406259
0.535484
0.359208
1.238847
2.016001
0.756917
-0.752119
-0.931529
-0.959368
-1.108530
-0.020444
0.270874
-0.222525
0.303497
-0.366403
-1.440274
-0.591905
0.385526
0.523817
0.665437
0.094834
-1.240330
-1.569580
0.161932
-0.660171
-1.141976
-0.453709
0.087043
0.528903
1.216961
1.664266
-0.325134
-0.667641
-0.971214
0.037806
-0.867911
-0.496446
1.340719
-0.297238
0.403004
0.408596
-0.304711
-0.466353
-0.589378
0.601773
0.158415
-0.974220
1.102592
1.772804
0.246907
-0.147905
0.980727
0.412288
-1.121005
0.835843
0.819616
-0.301285
-0.729616
-0.695520
0.231843
0.198108
-0.011462
-0.149357
-0.312412
-0.055366
-0.869884
0.534640
0.000124
-1.129959
-0.548609
-1.192973
-1.385723
0.484518
1.545038
0.761335
0.863687
-0.457407
-0.290204
-0.417824
0.944877
0.794230
0.823183
1.168883
-0.683070
-0.191047
-1.278281
0.417887
0.322001
0.005221
0.508309
-0.724841
-2.138481
-0.372743
0.482942
-0.110295
-0.253516
0.458757
0.669555
-0.082049
0.236342
1.740899
1.556031
0.604090
0.493369
-0.255740
-0.636027
-0.045191
0.828574
-0.048070
-1.401256
-0.887680
0.232468
-1.241182
-0.548550
-0.716850
0.642784
0.245962
-0.210343
1.368538
1.217706
0.877991
1.697828
-0.160322
-0.280039
-0.986539
-1.792224
-1.720785
-1.237037
-2.112228
-0.066317
1.827368
1.698466
0.449778
0.226576
1.143319
-0.351500
-0.309384
0.776046
0.067533
0.498040
0.638473
0.524764
1.390603
0.855114
0.456670
-0.255678
-0.953238
-1.680555
-0.996400
-0.657503
-1.349425
-2.196144
-0.728069
0.020938
1.438804
2.162491
2.330487
2.860821
0.565669
-0.123146
0.283669
0.776767
-0.250674
-1.654076
-2.092620
-1.926178
-2.423474
-0.149369
0.286285
0.239782
1.245666
0.459049
-0.414802
0.780457
-0.418223
-0.280512
1.083657
0.445077
0.019114
0.438066
0.876324
-0.279515
0.025519
0.122361
0.820618
-0.043726
-0.544754
0.407531
-1.256451
-0.723578
-0.967447
-0.372049
0.294659
0.088944
1.245895
0.864307
0.571323
0.008185
-1.106313
0.116748
0.646425
-0.937902
-1.889762
-1.129286
-0.321687
-2.766825
-1.039865
0.754538
-0.093332
-0.297774
-0.719025
-0.761010
-0.372498
1.214524
1.532165
1.240934
0.975555
0.429481
-0.345989
0.068580
0.507910
-0.628223
-0.264208
0.117440
-0.638976
-0.303620
0.555445
0.925107
1.816667
1.340113
1.188222
0.917687
2.144287
0.629139
0.424578
0.197121
-0.861819
1.053062
1.592460
0.948663
-0.503251
0.719543
1.219007
-0.953732
-0.337653
0.653384
1.361355
-0.218933
-0.088710
0.476398
-1.614730
-0.336316
0.234631
-0.624386
-1.102981
0.059946
-0.104058
-0.407307
-0.656164
-0.362242
0.749875
-0.962207
0.212137
1.614938
1.061216
0.717276
-0.469841
-0.534996
-1.873760
0.474463
2.096723
0.669185
0.250577
-0.293569
-2.061798
-2.070703
-0.885958
-1.182637
-0.899944
-0.296793
-1.157663
-1.086520
0.131060
0.528653
0.290441
0.787109
0.082200
-1.068103
-0.990825
0.413169
0.534203
-1.108293
-1.428202
0.535661
0.059883
-1.202597
-1.170644
0.337665
0.350306
-1.390200
0.226193
0.990500
-0.161585
0.163065
-0.878383
-0.072038
0.524384
0.379563
-0.024533
-0.002155
0.230047
0.181909
0.200441
1.166831
