-1.514692
-1.360967
-1.796071
-0.881908
-1.216755
-0.518114
-0.362683
-2.591656
0.151831
0.366059
-0.844616
-1.397319
-0.830421
0.242755
-0.474215
-1.313318
-0.234187
-0.782540
1.132541
1.566144
-0.221391
-2.292921
0.237939
2.333482
0.274225
-0.389665
-1.763096
0.579333
1.660131
0.004445
-0.498337
-2.225663
1.083913
1.363585
-1.990852
0.284262
0.941992
-0.240605
0.564241
-1.062925
-2.153074
1.208698
1.133556
-0.319869
-0.303406
-0.039325
1.124054
0.442119
-1.101370
-0.185623
0.329316
1.289888
1.144033
0.129108
-1.730355
-0.177272
1.131051
1.993133
-0.986810
0.108538
-0.084766
1.098125
1.557873
-0.471120
-0.654853
0.143877
0.679579
0.033850
-0.427486
-0.532483
0.126263
-0.121748
0.523626
-0.283329
-0.126994
0.317794
-0.378330
-0.673399
0.102197
0.867841
-0.538044
-0.496419
0.000718
0.613953
0.321240
-0.633642
-0.798563
-1.714512
-1.177753
-0.600803
-0.608238
-1.136293
-1.666061
-0.383516
0.417251
-0.595333
-0.240381
-1.467674
-1.220593
0.177616
0.123074
0.004687
0.418314
0.023045
-0.482898
0.333751
0.884457
0.861065
0.831286
0.818446
0.602386
0.674635
0.494579
0.701692
0.597762
1.320642
0.698720
-1.003392
2.256318
3.037026
1.983970
1.665631
1.533984
0.823125
0.970022
2.243090
0.810914
1.193034
1.190619
-0.211727
-0.507984
-0.223314
1.616986
-0.607237
-0.637797
0.103923
0.139586
0.553116
0.693437
-0.696129
-0.401271
-0.277905
0.401627
0.784818
-0.714185
0.312351
-0.451005
-0.202375
-0.512769
0.176754
-0.624070
0.377881
0.482453
-0.663283
0.515236
0.399254
0.214157
-0.325361
-1.215065
-0.057277
0.596937
1.254463
-0.040441
-0.648590
-0.295160
-0.134837
-0.066059
0.296787
0.497477
0.177268
-1.856141
0.371323
0.502241
-0.339758
0.435609
0.676798
0.960669
0.799715
-1.397728
2.129439
1.808077
0.594069
0.896054
-0.116121
2.108880
1.800103
0.089859
0.955078
1.714896
1.488723
-0.322738
1.312511
1.203140
0.267597
-0.419154
-0.209394
1.055953
-0.652601
-0.368645
-2.163141
0.444316
-0.685903
-0.583673
-0.146265
-0.259239
-0.094228
-0.763998
-1.476834
-1.506627
0.002352
0.090534
0.394839
-1.982324
-1.323145
-0.006820
-2.031247
-1.546433
1.067808
0.729409
-1.498436
-1.012509
0.396589
1.158784
0.165763
0.468601
0.130716
-0.024216
0.828802
0.806637
0.531748
0.162467
1.517513
2.206164
0.431920
1.014909
2.108344
0.456253
1.055098
-0.189202
1.025923
-0.412898
-0.327349
-0.148622
-0.015154
-1.221426
-1.921142
-3.457200
0.251660
0.329253
-2.431381
-1.391260
-1.257667
-0.991543
-2.346410
-1.309286
-0.301881
-1.012749
0.036178
-0.921290
-1.422813
-1.587667
-0.941089
-0.911262
-0.476046
-0.625233
-0.797341
-0.669052
-1.700931
-1.920209
-1.491795
-0.417014
0.432753
-0.525127
-0.767881
-1.172746
0.589507
0.360830
0.112666
-1.014680
-0.208165
-0.202200
0.509552
1.073921
0.481308
-0.982519
-0.147501
1.306233
1.862196
0.733736
-0.076639
0.064926
-0.429228
0.918238
0.307201
-2.469511
-0.904506
0.451209
-0.306840
-0.294394
-1.440630
-1.011212
0.384920
0.794314
0.042933
0.581484
0.518634
0.366105
1.098112
1.392296
0.544258
0.872865
0.807881
2.265265
1.663765
1.362867
1.712616
0.912812
-0.095680
1.642974
0.350487
0.582284
0.232387
0.883003
-0.133966
-0.270255
0.337129
-1.224939
-0.117773
-1.565989
-0.720455
-0.925070
-0.039684
0.334594
-0.299080
0.097584
0.060365
-0.243002
0.622386
0.170710
0.846856
0.592235
-0.029988
1.126723
0.392592
-0.543119
-0.288636
0.291039
-0.354752
1.813440
0.034599
0.165351
1.722324
-0.147138
-0.551181
0.851320
0.103705
-0.131546
0.120955
0.502741
0.138578
0.313311
-1.724921
0.979647
0.864687
0.785555
1.735774
1.597938
1.639264
-0.034641
2.324311
1.499662
1.249708
0.281119
2.080233
0.300331
0.705065
1.067882
-1.001378
-0.391248
0.058268
1.024910
-0.669337
-0.665426
-0.374983
-1.395497
-1.477657
-1.480333
-0.782563
-0.106273
-0.981896
-1.347948
-1.506003
-1.593232
-2.493382
-0.773922
0.472705
-1.027419
-0.844287
-1.163196
-1.322032
-1.195742
0.555769
-0.237520
0.027099
0.692196
-2.680938
-0.093577
2.067029
-0.251985
-0.938846
0.200608
-0.556374
-0.305334
-0.038096
-1.664109
-0.532272
0.251209
-1.473766
0.338974
0.370838
-1.086169
-0.354866
0.612065
-1.317461
-0.788835
-0.354839
-1.464046
-1.832946
-0.384828
0.544799
-0.934489
-2.244992
-1.452698
1.216339
-0.239034
-1.429808
-1.579043
-0.149093
0.157687
-0.316740
-0.864688
0.604665
0.014797
-0.044899
0.239376
-0.898400
-2.301316
0.028353
1.093213
-0.314413
-0.214825
-1.756678
1.423589
0.632848
-0.528340
1.140802
0.759222
-0.074186
0.629778
0.437809
-0.473582
0.952511
1.727337
1.624863
0.512360
0.341166
1.220959
1.346304
0.380738
0.664197
0.919226
-0.030131
1.072662
0.676915
-1.000335
0.971654
1.153810
0.024295
0.296610
0.426799
0.441168
-1.496078
1.101792
0.681870
0.126783
0.670110
-0.255409
0.516815
-0.093784
-0.112051
1.366365
1.074899
-0.603057
-1.187531
0.442846
0.374654
0.423530
-0.135897
-0.970300
1.124034
0.293700
-0.627719
-0.968149
0.519020
0.865878
-0.589729
0.283488
1.012249
0.186613
-0.172574
-0.041148
-0.647691
0.802709
0.053409
0.756776
0.452955
1.044618
0.680519
-0.019149
0.864329
0.865012
-0.120807
0.073893
3.142735
2.743830
0.640636
0.134074
1.461697
1.393110
-0.632578
1.452326
1.655384
-0.695830
0.582474
-0.130485
0.089393
-0.075807
0.286892
1.218232
-0.953335
-1.415612
-2.279107
-0.513055
-0.692844
-1.623802
-1.239456
-1.888133
-1.416331
-0.775223
-1.766334
-1.908141
-0.314861
-1.176218
-0.639235
0.617812
-0.578390
1.395595
1.765780
0.720291
1.957712
0.469504
-0.359913
0.992611
1.463972
1.006523
0.719908
-0.024743
0.119511
0.980793
0.775521
-0.039993
-0.016606
0.815502
0.723691
-0.172094
-1.582919
-1.932568
-1.362043
-1.166210
-0.268893
0.838169
-1.142106
-1.722206
-1.099673
0.261574
0.368464
-1.109894
0.451802
0.496875
0.197005
0.257913
-0.104262
-0.472137
0.173244
-0.467028
-0.680136
-0.160675
-0.667435
0.088771
-0.471362
-0.877367
0.362301
0.055111
-0.013196
0.393025
-0.044815
-0.736116
-1.679245
0.844689
-0.336649
-0.124403
0.593525
0.031368
-3.511165
0.375121
1.340532
-0.925481
-0.984150
-0.833158
-1.124070
-1.802144
-0.639828
-1.281878
-3.058000
-2.125150
-1.312054
-1.825221
-1.696755
-0.730471
-1.105557
-1.881447
-1.686632
-0.618176
-0.164745
-0.439794
0.002845
0.083828
0.512989
0.400520
0.742148
1.543133
1.409070
0.020471
0.566549
1.183849
0.978674
1.053971
2.809189
2.353059
1.876577
1.236988
1.523996
1.759875
1.481972
1.286737
0.803022
1.219342
1.367859
-0.898093
1.107256
1.453061
0.544944
0.959988
0.998304
2.656356
2.079070
-0.778382
0.951729
1.270193
0.782644
-0.082930
0.456068
1.699879
1.311320
0.834074
0.827875
2.037061
-0.436350
0.855149
-0.215403
0.642647
1.294319
0.693747
0.219997
0.349900
-1.089681
-1.425290
-0.498999
-2.083165
-0.773446
-1.185370
-2.332039
-1.832638
-3.387866
-1.457525
-1.683686
-1.572824
-1.170553
-3.414505
-1.202583
-1.300220
-1.675766
-0.024202
-0.870938
-0.318439
-0.539483
-0.825400
0.300950
0.355586
0.826560
0.410595
0.835569
0.999513
1.077965
1.747535
0.411756
2.773280
3.900034
1.307210
1.824429
2.213397
0.657141
1.200413
1.881943
1.012260
0.053191
-0.276975
-0.701417
0.159232
0.557928
-0.603439
-0.679362
-0.225814
-0.652387
-0.013669
-0.637347
-1.025093
-0.515587
-0.793434
-0.168538
0.101180
-0.653710
-0.281177
-0.385982
-1.271069
0.098815
0.255009
-0.509399
-1.080199
-1.317249
-0.959223
-1.662543
-1.303140
-0.716495
-1.473116
-1.331810
-0.143804
-0.302400
-0.914128
-0.179487
-0.197740
0.450084
0.348542
-0.680338
-0.866795
-0.876293
0.811722
-0.036553
-0.895254
0.176455
0.034604
0.218236
0.112665
-0.123133
0.583880
-0.504510
-2.253290
0.227835
0.966605
0.875583
-0.634761
0.046267
0.273303
0.619994
-0.683328
0.123643
0.660050
0.850370
-0.190665
1.974549
1.307861
1.344455
1.291967
0.077983
0.152419
1.679396
1.995683
0.859555
0.241185
0.567486
0.252116
-0.165638
0.039024
0.876379
0.891583
-0.374443
-0.606728
-0.549567
0.796034
-0.051508
-0.867314
-0.079802
-0.401335
-0.817364
-0.158423
0.170206
-1.452260
0.151909
1.021677
-0.432205
0.161579
1.059687
0.691701
-0.209369
0.227860
0.619126
-0.616823
-1.216323
1.296067
0.941703
0.619024
0.268697
-0.127114
-0.143187
0.380406
-0.592536
-0.230543
-1.101090
-0.698104
0.382398
-0.059628
-1.298516
-0.956652
0.002707
-0.674569
0.204786
0.403290
0.061586
-0.273788
-0.255257
0.213573
-0.583974
-0.407897
0.523382
-1.257758
-0.404078
0.520697
0.599234
-0.097467
-0.854834
-0.527399
0.387952
0.718981
-0.423737
0.326038
-1.102183
0.477615
0.937258
-0.418388
-0.455449
0.207887
0.764259
-0.030967
0.265490
-0.280786
-0.133787
-0.025388
-0.344329
-0.160990
0.741326
0.479997
0.360200
0.066188
-0.407168
0.105751
0.146811
1.000083
0.823585
-0.213769
-1.093150
0.320350
1.638676
0.581906
-1.121610
-0.301084
0.911341
-0.026957
-1.191401
-0.541133
0.908517
0.619044
-0.558080
-0.632773
-0.231721
0.111908
0.077523
0.758815
0.522469
0.110748
1.039262
0.285229
-0.099528
0.539692
0.627987
0.699681
-0.435138
0.651710
0.638802
-0.125771
-0.637954
-0.053027
-0.468735
-0.343161
-1.488143
-0.081460
0.054111
-0.383691
-0.700382
-0.529797
-1.560521
-0.491771
-0.144115
0.092809
-0.879662
-0.608603
0.235396
0.176138
-0.175595
0.278338
0.069360
-0.090496
1.024211
0.803006
1.076626
0.857765
-0.175100
0.859899
1.557687
0.014337
1.034918
0.285134
0.583952
-0.283076
0.534147
1.574700
-0.933465
0.201777
1.572364
0.679425
-0.367807
0.937184
0.730009
0.256101
0.416855
-1.194538
1.188482
0.215078
-1.130802
0.472323
0.627149
-0.686165
-0.894501
-0.408344
0.427629
-1.129175
-1.000620
-0.212615
-1.505475
-1.828875
-1.361087
-1.248661
-1.974037
-1.580992
-0.801685
-1.263873
-0.899664
-1.051469
-1.056659
0.147929
-0.292030
-0.841135
-0.102087
0.242278
-0.675618
-0.109938
-0.139837
-0.784072
-0.998140
-0.399810
1.064585
-0.163277
-0.253205
-0.371886
-0.027480
0.900724
1.007817
0.469749
0.652454
0.204638
0.116155
-0.492516
0.487657
0.121872
-0.248819
0.583336
-0.827441
-1.057403
0.779108
1.687126
-0.043623
0.905086
0.007588
-0.584018
1.076782
