1.218883
1.265895
1.724788
1.010204
0.028013
-0.092092
-0.595015
0.503396
-0.055024
-0.698430
-0.718582
0.479376
-0.521245
-0.847873
-0.264328
-0.328526
-0.776753
-0.484460
-0.283898
-0.432482
0.455311
0.985634
0.072852
-0.574250
-0.229748
0.434659
0.823133
0.001509
-0.079538
0.297927
0.446541
0.893818
0.678348
-0.329976
0.905438
0.472187
0.142793
0.282211
-0.025217
1.299481
1.528676
1.595991
0.645198
-0.179751
0.718923
0.891790
0.381213
0.207492
0.181855
0.334330
-0.531746
-0.799715
-0.267529
-0.029829
-0.343978
-0.549955
-0.687432
-0.553751
-0.519691
-0.965729
-0.397249
-0.218563
0.801046
0.172861
0.098814
-0.253969
-0.408118
0.157397
0.198405
0.585520
-0.466671
-0.090402
-0.062120
-0.653895
0.037362
0.504195
-0.445395
-0.329006
0.588093
-0.337987
0.061859
0.308781
0.594515
-0.350621
-0.188958
-0.042854
0.774622
1.069488
1.125441
-0.366126
-0.929007
0.121626
0.607069
0.078657
1.547339
0.683643
-0.248908
0.379167
0.699652
0.169316
0.091629
0.084455
0.454572
0.668207
0.854275
-0.358779
-0.819591
-0.831974
-1.228700
-0.231195
-1.221358
-0.560828
-0.499676
-0.543291
-0.138911
-0.959297
-0.589378
-0.595660
-0.371794
-1.588827
-1.613962
-0.311660
-0.842965
-0.766447
-0.171575
-0.494430
-0.799621
-0.072921
-0.034514
0.463856
0.406644
-0.782203
-1.230015
0.119515
-0.101150
-0.644195
-0.301925
0.287082
0.023539
-0.350913
-0.123779
-0.312824
-0.267303
-0.430083
0.363377
-0.545432
1.227763
0.331416
-0.110691
-0.045702
-0.618266
0.293150
0.410664
-0.325074
-0.095016
-0.077838
-0.695772
0.187655
0.540866
-0.342388
-0.708167
-0.329221
-0.292242
0.107735
0.584954
0.615236
-0.386320
-0.739508
-0.615106
0.168821
0.383453
0.434752
0.803600
-0.739508
-0.901282
0.171775
-0.190088
-0.596488
-0.792652
-1.604894
-2.635887
-1.582285
-1.350182
-2.078097
-2.181285
-1.370598
-1.242795
-2.365706
-2.731975
-1.647450
-0.929056
-1.486545
-1.663290
-1.531552
-0.863073
-0.970964
-0.262988
0.419660
-0.072078
1.358136
0.184428
0.377503
0.523114
0.572765
0.636119
0.308317
0.964339
0.725697
0.683262
1.545437
1.118626
-0.589371
0.750926
1.507390
0.808045
0.847902
1.512285
1.223463
-0.279535
0.424374
1.011807
0.293594
-0.793626
-0.394702
-0.124770
-0.257007
-0.884326
-1.086488
-0.909498
-1.134364
-0.790379
-0.861224
-1.860381
-2.183194
-2.400015
-1.634940
-0.215653
-0.420359
-0.717919
-0.451436
-0.156046
0.153410
-0.123451
-0.470014
0.865209
0.936688
1.666884
0.931004
0.369601
1.570301
2.431420
2.058767
0.869715
1.842318
2.016714
0.934959
1.000979
1.395488
1.860786
2.058324
1.818230
1.644963
1.119373
1.207841
1.412430
1.469250
1.141430
2.089750
1.896971
0.532442
0.062396
-0.030124
0.950262
1.011141
1.148343
-0.182128
0.242661
0.082044
-0.371773
-0.010168
-0.585462
-0.624074
-0.726877
-0.148608
0.314497
-1.002309
-1.141203
-1.047411
-0.262923
-0.505314
-0.527861
-0.298900
-0.411992
0.890558
1.672172
1.306151
-0.222837
-0.150715
0.372266
0.563390
0.059856
0.568428
0.057236
-0.788682
-0.058200
-1.752539
-0.661723
-1.093825
-1.565821
-0.637505
-1.055178
-1.111094
-1.927107
-2.059584
-1.779590
-1.833822
-1.513936
-0.928498
-1.719245
-1.908302
-0.880008
-0.331212
-1.175927
-0.086859
0.047127
0.208903
0.573923
-0.084741
0.395314
0.338768
1.292503
0.573620
0.226238
1.084626
0.399147
-0.336255
0.664531
-0.280984
0.018967
0.247289
0.561792
1.285520
-0.630742
-0.212104
1.341765
-0.135264
0.471344
1.021045
0.456476
1.517979
-0.593373
-0.913318
-0.116098
0.016982
-0.543950
-0.300719
0.244695
-0.489929
-1.352799
-0.819111
-0.044115
0.528518
-0.340204
-0.207298
-0.648127
-0.566025
-0.439546
-0.912057
-0.711552
-1.165862
-0.740946
0.190141
0.092463
-0.283968
-0.020656
-0.350835
0.092672
0.647212
-0.286648
-0.016374
0.083750
-0.479430
-0.119575
0.096041
0.820583
0.891193
0.704950
-0.249784
-0.229800
0.872979
0.383038
0.340252
0.184659
0.559625
-0.956558
-0.494180
0.641471
-0.707654
0.099079
0.909432
0.375564
-0.182996
0.000444
-0.034594
0.146567
1.193882
0.851141
-0.604772
-0.025527
0.402858
0.165421
1.452883
0.898562
0.205893
0.297486
0.106715
0.258440
1.396750
0.904380
0.111221
0.010681
0.843738
1.303851
1.093099
1.653246
0.552331
0.754306
0.249840
1.155354
0.166138
0.575733
0.131565
0.582928
-0.185412
-0.226015
0.782201
0.736298
0.573966
0.651423
-0.170055
-0.043816
0.172892
0.104085
0.389047
0.976337
0.830531
0.452753
0.118163
0.873933
1.438061
0.329398
0.858542
-0.447896
-0.657017
-0.101456
-0.861167
-0.138432
-0.710279
-1.354268
-0.408583
-0.549596
-1.618849
-2.005679
-1.239759
-1.172439
-0.890134
-1.246983
-1.042311
0.442933
-0.450899
-0.603409
0.045321
-0.192040
0.135269
0.481946
-1.081127
-0.446428
0.643813
-0.422168
-0.778558
-0.726714
-0.036538
-0.578109
0.105702
0.998341
-0.770613
-0.087938
-0.613729
-0.050573
0.100556
-0.534604
-0.381679
-0.390216
-0.097058
-0.015749
-0.107639
-0.011847
0.441819
0.321442
0.053076
-0.749144
-0.222032
0.496404
-1.199597
-0.147958
0.498745
-0.211315
-0.502355
0.515478
0.587708
0.764416
0.400480
-0.623693
0.685280
0.066607
-0.141835
-0.450966
-0.021037
0.227641
0.537465
-0.310667
-0.808114
-0.921732
-1.459226
-1.308350
-0.630255
0.414488
-0.805480
-1.543670
-1.323243
-1.141706
0.048918
-0.126248
-0.494041
0.433812
-0.696333
-1.249282
-0.732676
0.343429
0.741798
0.797135
0.666725
0.436047
1.258502
0.730162
0.881373
0.864121
1.181835
1.000683
1.058569
1.903682
-0.500679
0.252393
1.355853
-1.329392
-1.621308
-1.722469
-1.565282
-2.126765
-2.563240
-1.801553
-2.227248
-1.405569
-2.391279
-2.125679
-2.330614
-1.744622
-1.518219
-1.052339
-1.365681
-1.938232
-1.357785
0.139765
-0.475284
0.072624
1.460317
1.884662
2.134404
2.053852
1.492382
0.708774
1.890065
2.517607
1.971478
0.820339
0.237837
0.482143
1.393138
-0.615963
-0.558755
0.236565
-0.221697
-0.182861
-0.222608
0.491137
0.041903
0.771315
0.565182
-0.493897
0.672578
0.281930
-0.432404
0.661510
0.736191
-0.097216
-0.856049
0.321654
0.588291
0.691923
1.057298
0.442474
0.183172
0.878190
2.361348
0.945416
-0.534755
1.646229
2.083578
1.235804
1.571959
2.575628
2.615976
3.697168
3.720660
3.236004
2.059901
3.277573
3.111426
2.325403
1.812116
2.885023
1.912044
0.494833
0.749774
1.660880
0.493676
0.191930
-0.613948
-1.102295
0.024900
-1.382327
-1.869973
-0.268301
-2.377198
-2.602646
-2.368740
-0.688059
-2.486611
-3.271595
-2.861235
-2.704103
-3.154898
-3.585072
-1.469442
-1.888025
-2.597965
-0.212605
-2.663486
-0.836660
-1.070323
-2.198232
-1.454172
-0.519148
0.582569
-1.250511
-1.671352
-0.983735
-1.651424
-1.348701
-0.605124
-1.301302
-1.096436
-1.497681
-2.217780
-2.157498
-1.113965
-1.033088
0.024368
-0.142303
-0.599037
-0.830684
-1.131998
-1.268375
-0.812249
0.425185
1.980425
1.335744
1.592231
3.316770
1.024206
1.906931
3.290415
2.881229
2.698435
1.644112
1.858613
1.834180
2.417628
1.957201
1.981080
1.998157
0.780870
0.590443
1.369605
0.541339
0.742209
1.033045
0.324049
-0.843373
-0.360160
0.652128
-0.368273
-1.369564
-0.372118
-0.017844
-0.779112
-1.417384
-1.974870
-0.936481
-1.856900
-0.787221
0.294719
0.474239
-0.905032
-0.658522
-0.742657
-0.514821
0.350130
0.502652
0.695313
-0.390761
-0.149885
0.824221
0.258573
-0.269807
0.253774
0.269536
0.432440
-0.093297
-1.365656
-1.247635
-0.660483
0.068250
0.825556
1.023968
0.369450
0.420026
-0.225475
0.082013
1.426793
0.686272
0.440220
0.217400
0.125324
0.324285
-0.323515
0.081503
0.741330
0.760981
-0.381259
-0.381016
0.369789
-0.712876
-0.021232
-0.546915
-0.925213
-0.600351
-0.354790
-0.076958
0.891944
0.142765
-0.319964
-0.298425
-0.420465
-0.835807
-0.442743
0.500195
0.918006
0.349796
-1.400304
-0.482550
-0.591118
-0.778197
-1.019131
-0.541230
-1.001841
0.095495
0.543722
-0.714763
-1.283603
-0.206033
-0.346829
-1.130166
-0.884492
-0.606563
-1.313056
-0.862555
-0.323632
-0.839650
-0.572969
-0.063138
0.368017
-0.419022
-0.508257
0.034359
0.300177
0.120239
-0.340242
0.648759
0.202486
-0.177609
0.490275
0.725162
0.544541
0.237818
-0.205998
0.708301
-0.081089
-0.790812
-0.475020
0.328850
-0.236678
-1.271289
-0.944725
-0.832426
-0.613771
0.132083
1.226787
-0.447099
-0.759018
-0.634808
-0.367655
-0.050924
1.103395
1.114382
0.515682
0.859423
0.552309
0.526765
0.596214
-0.377160
0.588663
1.075594
-0.126935
0.039355
-0.516258
-0.030190
-0.022126
0.745440
0.266571
-0.821399
0.205046
0.413920
-0.463843
0.485343
0.101693
0.475596
0.410322
-0.566283
-0.722677
0.228001
0.416509
0.179432
0.573771
-0.708313
0.733091
1.456163
-0.207764
0.237585
0.570447
0.592890
0.035438
0.377458
-0.414069
0.094963
0.840991
-0.312675
-0.621232
0.400839
-0.074956
-0.119033
-0.680592
-0.224131
-0.502168
-1.001131
-0.926970
-0.149629
-0.599142
-0.914321
-0.733993
-0.018318
0.228516
1.099456
-0.039799
0.185591
0.807683
0.070787
0.632152
0.203201
0.256552
0.787591
0.200009
0.426949
0.451046
-0.445217
-0.702772
-1.394760
-1.345674
-0.155479
-1.000510
-0.427891
-0.605890
-0.972043
-1.362039
-0.905630
-0.192963
-0.453005
-0.278575
0.607186
0.649093
0.721284
0.686825
1.214701
1.402373
1.540303
1.040554
1.485126
1.424922
0.089285
0.986946
0.648737
-0.127490
0.757106
0.471487
0.461375
-0.634088
-1.479482
-0.714235
-1.104390
-0.532013
-0.223035
-0.474840
-0.919900
-0.926327
-0.164715
-0.843536
0.004965
-1.356405
-1.006560
-0.292948
-0.047531
-0.888129
-1.044471
-0.448512
-0.425487
-0.850353
-1.927198
-2.345915
-0.960638
-0.076113
0.281742
-0.331004
-0.255562
0.442035
0.554424
-0.558482
0.389352
0.848509
0.740050
0.767667
0.960873
1.034121
1.653287
0.650178
1.611835
1.393511
1.390156
1.367228
1.548021
1.078090
0.998296
1.106534
1.827738
1.254520
1.185207
0.599170
0.768691
0.407006
-0.430572
0.089407
0.015915
1.579019
-0.092866
0.407823
0.317345
0.071446
0.967124
1.188427
0.081615
0.526005
1.835668
2.218119
-0.238097
-1.394228
-0.087847
0.043726
0.903044
0.980864
0.890194
0.613214
-0.571381
0.058546
0.600410
-0.646633
-0.029460
1.181174
0.739247
-1.360572
0.266065
0.015645
-0.441211
0.078109
-0.555989
-0.410438
