1.918861
0.724652
-0.271328
0.515125
0.145783
1.001814
2.171416
0.279202
0.274006
1.543637
1.105081
0.121235
-0.490115
1.564757
2.269913
0.575063
-0.234303
-0.564744
-0.039936
1.266443
2.093361
0.685282
-1.393650
-2.078716
1.392184
2.807481
0.414646
-0.621730
-1.422965
-0.634594
0.610652
0.497590
-0.452521
-0.595918
-0.420172
-0.767878
-0.159898
-0.063825
0.609509
1.255931
-0.103379
-1.365656
-1.473263
0.479674
1.312039
0.473240
-0.373659
-0.800186
-0.115912
0.479987
0.633855
0.721835
1.405225
0.024521
-0.318171
0.294785
-0.310158
1.009518
1.325667
0.244743
1.986383
1.872196
0.085218
-0.806060
0.885021
1.638019
1.475308
0.641314
-1.421807
-0.654331
2.352721
2.642868
1.614652
0.529028
-1.747279
-0.661132
1.021971
0.185038
-0.364526
-1.103308
0.007203
1.033576
0.691516
-0.022647
-0.124855
1.301172
2.239416
1.748564
1.180666
-0.251085
-0.380697
0.535611
0.683852
-0.526795
-0.970021
-1.809061
-0.559510
0.261422
0.277285
-0.565708
-0.076606
1.319517
-0.293992
-1.735162
-1.649348
-0.187678
-0.400138
-2.025101
-1.350422
-0.526841
0.344525
-0.178033
-0.995300
-0.531888
-1.270154
-1.750201
-0.687229
0.046847
-0.699719
-0.971957
-0.418662
0.226819
0.902976
0.456767
-0.186077
-0.892933
-0.591428
0.439734
1.599883
0.348362
-0.923336
-0.230312
-0.644510
-0.615486
-1.224630
-1.303527
0.218490
0.823067
-0.141943
-1.312654
-1.070523
1.024081
1.760279
-0.724339
-1.526752
1.571901
1.716709
-0.549291
-1.315073
-1.807970
-1.480290
-0.900466
-0.575830
-1.104134
0.560638
1.131877
-1.009079
-1.179824
0.506707
1.487550
1.570333
-0.246678
-0.623696
-0.394013
0.528359
0.876289
1.741224
1.890436
0.226564
-1.140297
-0.869417
0.712549
1.769775
0.613911
0.167506
0.466170
0.825870
0.752357
-0.600293
-1.882691
-1.636151
-0.749586
0.329138
0.189738
-1.287130
-0.550626
1.611118
0.644071
-1.306121
-0.227314
0.227957
-0.148236
0.410298
-1.615510
-1.192685
0.298356
0.908940
0.173802
-0.205119
-0.553741
0.135193
0.880476
0.382459
0.245021
-0.136560
-1.090385
-0.384099
0.727232
1.525054
1.829938
0.568817
0.675021
0.826866
0.208357
-0.317146
-0.539893
0.477810
0.162746
-0.129408
0.020501
-0.014632
-0.173776
-0.184068
1.311420
1.723424
0.606230
-0.572027
0.479920
0.587069
-0.254052
0.304173
-0.335521
-2.148393
-0.737930
0.496272
-0.139861
-1.245131
-0.831225
-0.301796
0.524575
0.167119
-0.942722
-3.045093
-0.873131
0.319754
0.028252
-0.526435
-1.221181
-0.984518
-0.793141
0.524630
1.130470
0.385285
-0.822963
-1.166489
-0.458936
0.995519
0.564624
-0.804863
-0.382074
-1.117100
-1.925408
0.088038
1.145317
1.216064
1.728722
1.006607
-0.618112
-0.462119
1.668727
0.522349
-1.108867
0.012388
0.782443
1.256448
0.651704
-0.006322
0.165343
0.636686
-0.931592
-0.714264
-0.256843
-0.722545
0.248609
1.049788
1.223251
0.372588
-0.426802
-0.955278
-0.471037
-1.592152
-0.297366
1.371046
-0.864868
-1.055712
0.016604
0.060776
1.648839
0.634211
0.323081
-0.736644
0.254250
0.293773
-0.262580
-0.245994
0.514730
-0.223340
0.098434
0.860028
0.533153
0.523711
-0.017054
-0.629317
-0.116560
0.551006
1.381651
1.237595
-0.052631
-0.421008
-0.458760
-0.199796
0.689452
-0.037956
-0.070511
0.367774
-0.726653
0.238274
0.809929
-1.368035
-0.084767
0.832555
-0.366161
-0.294861
-0.903112
-0.352670
1.082531
0.327506
-1.006681
-0.883140
-1.301560
0.783578
0.171122
-0.154436
0.727636
0.924123
0.235255
-0.150360
0.140327
0.733371
0.720591
0.121372
-2.519094
-2.565886
0.412997
1.775499
-0.525891
-2.522980
-0.912405
1.271432
1.549768
-0.326597
-1.800490
0.118233
1.284222
0.958411
-1.316848
-1.399881
1.159560
1.292417
0.771262
-0.838343
-0.511445
-0.080179
-0.259925
-1.043315
-1.452144
0.495408
0.680395
0.235047
-0.957318
-1.580360
-1.003970
0.883549
0.372339
0.907231
1.817341
0.418987
-2.367464
-1.909152
0.766725
1.646322
1.540387
0.686184
-0.461147
-0.679035
0.300972
1.391688
0.977306
-0.606573
0.012546
1.058523
1.311187
-0.331295
0.119052
-1.183874
-1.374425
0.855202
0.117852
0.584429
1.038026
-0.500544
0.456730
-0.015187
-0.238483
0.757210
-1.729013
-0.567622
0.488965
-0.052783
-0.136847
-0.703485
-0.806888
0.014767
0.766433
0.094018
-0.470544
-1.294075
-1.593220
1.082338
1.698331
-0.290738
-0.545951
-1.904508
0.185053
2.073858
1.276380
-0.053081
-0.661664
-0.770059
-0.803901
-0.668149
0.611355
0.554486
-0.681503
-0.946715
-0.607290
-0.262763
1.043077
1.084946
0.963405
0.900262
-0.426365
-0.723438
-0.072359
0.116697
1.350824
0.423274
-0.291821
-0.349808
0.342036
0.104639
-0.045559
0.664338
0.265044
0.040305
-0.867516
-1.292773
0.743324
0.939006
-0.725344
-0.873254
0.639225
1.328725
0.092689
-0.532333
-2.118241
-0.433764
0.806757
-0.415008
-2.287679
-1.892192
-0.752073
0.049444
0.194064
-1.282612
-0.322929
1.187768
0.818430
0.702208
0.066222
0.375033
0.233706
-1.283444
-0.369612
0.970736
1.065237
-0.109625
-0.798830
-0.607194
-0.182145
1.226435
1.305656
-1.252930
-1.338435
-0.575048
0.911802
1.184709
0.724709
0.838741
-0.220010
0.523030
1.015038
0.580749
-1.106212
-0.959758
-1.415039
-1.431120
0.439090
0.614840
-0.738316
-0.444573
-0.518094
-0.221446
-0.694919
-0.192635
0.748415
-0.510401
0.032303
-0.606353
-0.536641
0.407836
-0.438458
-1.383105
-0.173635
1.117522
0.759966
0.411971
-0.644619
-1.160150
-0.929858
1.130067
1.531125
1.114335
-0.994836
0.014457
1.471169
2.069790
2.992057
2.765014
1.416986
-0.529900
-0.739667
1.645083
2.434638
0.950245
-0.863138
0.034045
1.674135
0.191563
-0.456775
-0.026834
1.341099
0.904937
0.429731
0.436891
-0.736995
-0.287174
-0.383488
1.115022
1.739931
0.210117
-0.690712
-0.457970
0.610202
1.425760
1.169374
0.068710
-1.182374
-1.347532
-0.233244
0.767458
1.129676
0.470490
-0.207556
-0.929447
-1.324102
-0.841425
1.152396
0.081853
-0.854857
-1.032461
-1.856462
-1.292769
-1.160003
-2.218821
-0.500718
1.416138
-0.089110
-2.124480
-0.576339
1.700222
0.121357
-0.353731
-1.414578
-0.310218
-0.485819
-0.586409
-0.321782
-1.182266
-0.593470
-0.481178
-0.064905
1.024588
-0.098271
-0.410264
-0.776604
-0.490252
0.568754
-0.143100
-1.079219
-0.334585
1.447226
2.354909
1.537830
-1.104799
-0.503805
1.030510
0.073483
-0.198104
-0.222357
-1.236622
-2.216196
-0.884800
1.280243
1.316839
0.107527
-0.740905
-0.194990
0.595751
0.009762
-1.795067
-0.739692
0.040257
-0.633719
-2.126065
-1.519842
-0.039968
1.133178
1.967816
1.226131
0.555469
1.356114
0.087140
1.034286
0.732574
-0.900227
-1.046244
-0.498671
0.012061
0.179922
-1.485925
-1.245307
-1.773536
-0.892156
1.176695
1.368952
-0.111189
-0.212907
0.001843
-0.974871
-0.406831
-0.269325
-0.179215
0.514354
0.354476
-0.075697
-1.210096
-0.285738
-0.048546
-0.916159
0.253329
0.653765
-1.059490
0.398352
1.505165
0.599316
0.440864
-0.534164
-1.305872
0.173810
1.904934
1.641918
0.325567
-1.898848
-0.742395
2.883748
3.057027
-0.144823
-1.007226
-0.959599
1.397729
1.946521
0.066612
-1.264419
-0.540729
-2.135335
-0.499790
1.576883
0.980686
0.469928
-2.061593
-1.527652
0.236887
0.481102
-0.546331
-0.060399
-0.505601
-1.794119
-0.756275
1.084179
0.747113
-0.685550
-1.736555
-0.321680
0.408646
-0.194811
-0.276990
0.493497
0.946386
-0.912409
-0.745830
0.281017
1.049583
-0.292855
0.412569
-0.078462
-0.934072
-0.776293
0.293042
0.010653
-0.950371
-0.247294
-0.088962
0.801537
0.177555
-0.477189
-1.585196
-1.043027
-0.082399
-0.421699
-0.527700
-0.747867
0.002761
0.397350
0.389792
0.553738
1.826483
2.083098
1.846411
0.725656
-1.436807
-0.856571
1.126151
2.051439
1.122343
0.001179
-1.739328
-1.339910
2.003424
3.503200
1.927245
0.504846
-1.288224
-0.376545
0.430950
0.486171
0.154420
-0.198455
-0.199049
-1.246789
-1.601486
1.001661
2.179306
0.824991
-0.485493
-1.950650
-1.301782
0.186097
0.546645
0.345945
-0.251555
-0.954443
-1.871242
-0.851279
0.637699
0.034469
-0.300768
0.234498
0.620914
-0.457640
-0.690675
-0.112344
0.383750
0.142101
-0.855848
-0.620481
1.295569
1.267826
-0.313200
-0.996557
-1.012403
0.806395
0.798711
-0.296593
-0.423151
-1.705605
-0.464673
1.884381
0.785627
-0.610584
-0.464242
-2.150341
-1.129117
2.073075
1.520808
-1.815179
-0.343860
1.263006
-0.137595
-1.303490
0.344917
0.183412
-1.145770
0.207298
0.896659
-1.061377
-0.608593
1.140232
0.058673
-1.370217
-0.205045
0.830531
-0.430902
0.030806
-0.200225
0.619556
-0.051233
-0.481002
0.707525
0.901446
0.116441
-1.242417
-1.685194
-0.279103
0.366719
0.338456
0.795430
0.026362
-0.655016
-1.432531
-0.468699
1.358463
0.243980
-1.505774
-1.221599
-0.910689
0.825339
0.697017
-0.002849
-0.818301
0.127559
1.035078
0.248598
0.338122
0.307885
-1.004685
-0.530050
0.232646
0.176620
0.150389
0.521928
-0.600147
-0.523446
1.053426
0.629705
-0.380501
0.492323
0.817186
0.240176
-0.928838
-0.087136
0.849338
-0.239397
-1.010864
0.368624
0.576367
-0.043292
-0.181052
0.326269
-0.470560
-1.136726
-0.689679
-0.738608
1.229899
2.145412
-1.254917
-0.484460
1.325670
0.576759
0.214220
0.218583
-0.447506
-0.385884
-0.414710
-0.965287
-0.076069
0.463706
-0.430566
-0.475439
-1.024089
0.347006
0.562898
1.137497
1.806265
-0.211913
-1.793583
-0.016415
0.095329
0.136115
0.378875
0.527658
0.095691
-0.201362
0.683703
0.489756
-0.116549
0.646981
0.923646
-1.415074
-0.945269
-0.639167
-0.906937
0.482492
2.050315
0.366302
-1.147857
0.032571
1.669834
0.184303
0.502271
0.589216
-0.297790
-0.953996
-0.975775
0.351358
-0.046266
-0.492616
-2.090860
-0.680775
1.478576
0.764546
-1.715486
-0.913222
1.396377
1.798146
-0.020813
-0.235122
-0.743035
-1.065021
-2.028484
-1.402530
0.924037
1.628364
1.310233
-0.485399
-0.666462
1.026896
0.629064
-0.594757
0.132180
0.639021
-1.106642
-0.834936
1.238197
1.086520
-0.475762
-1.031698
-0.397772
-0.703771
-0.708590
0.954754
0.060068
0.054552
-0.744294
-1.504637
-2.636461
-0.805708
1.287327
1.074531
0.284918
-1.403581
-0.826814
-0.750600
-0.557590
1.744400
2.330559
0.475325
-1.319233
-2.022618
-1.896714
-0.538406
0.122874
-0.067809
-1.200155
-0.369395
1.043898
-0.117555
-0.758495
0.259737
0.451761
1.569218
2.080536
0.150488
-0.355986
