-1.238654
-1.410251
0.039130
0.896464
0.746981
0.145040
-0.722645
-0.798056
-0.119386
0.684166
0.957620
0.697684
0.414008
-0.150561
-0.759101
-0.906725
-0.754426
-0.320553
-0.151810
-0.346220
-0.471764
0.095794
0.802383
1.276887
0.329176
-0.222178
-0.263679
-0.071804
0.429055
0.426105
0.331082
0.525374
0.316816
-0.030851
0.195915
0.071842
-0.508463
-0.899210
-0.697093
-0.363471
0.419383
0.819505
0.679928
0.327676
-0.288945
-0.874759
-0.795738
-0.161704
0.563243
0.843087
0.532468
-0.384028
-1.027942
-0.594585
-0.354163
-0.747267
-1.196294
-1.192456
-0.615408
-0.977612
-1.436691
-0.926088
-0.022362
-0.159468
-1.193957
-1.578230
-1.275967
-0.474278
0.076034
-0.462908
-0.130719
0.933609
1.132873
0.908226
1.362720
1.076417
0.522949
1.110064
2.253025
2.492266
2.412243
1.545012
1.287930
1.044963
0.574798
-0.811751
-1.635656
-1.581938
-1.466767
-0.602818
0.412216
0.913636
1.782814
2.087653
1.853264
1.437778
0.499089
-0.988883
-1.636658
-1.365165
-0.735591
-0.463016
-0.171558
-0.326736
-0.724414
-0.194219
1.055222
1.839754
1.200915
-0.276860
-1.360072
-1.522510
-0.547886
0.381955
0.438047
0.164961
-0.152135
0.113946
0.322893
0.646854
0.535689
0.189134
-0.130059
0.297250
1.339549
1.116327
0.319580
-0.394227
-0.766123
-0.689493
0.219828
0.943030
1.259039
0.966498
1.016863
1.085915
0.004169
-1.078953
-0.802297
0.050462
0.014312
-0.674877
-0.914181
-0.214782
0.628861
-0.107707
-1.125874
-0.664502
0.385070
1.609686
2.031749
1.601292
0.999110
0.481329
-0.598138
-1.049911
-0.589644
-0.645882
-0.673114
-1.259707
-1.307013
-0.941412
-0.913834
-1.280998
-2.119084
-2.355970
-2.099979
-1.242956
-0.165700
0.791065
1.137523
0.463111
-1.058847
-2.216298
-2.789122
-2.730076
-2.088550
-0.828406
0.628857
1.677864
1.145799
0.932197
1.656024
1.658157
0.937146
0.005912
0.091589
0.723272
0.925367
0.622638
0.531753
1.399851
1.941147
1.681507
1.540835
1.611873
1.048301
0.433061
0.130418
-0.312589
-1.300359
-1.865495
-1.490290
-0.492330
0.368623
0.499591
-0.281213
-0.701253
-0.514380
-0.627819
-1.072194
-1.449495
-0.916715
-0.534342
-0.543427
-0.845980
-0.888803
-0.608282
-0.133539
0.242813
0.212874
-0.162371
-0.864954
-1.145993
-1.294243
-1.895319
-1.721358
-1.370859
-0.546330
-0.105136
0.796854
1.840003
2.027020
1.639839
1.199162
0.722077
-0.361518
-1.022254
-0.526386
0.203394
1.099725
2.046751
2.725571
2.303118
1.974739
1.253106
0.362431
-0.005231
0.493039
0.563315
0.042941
-0.366282
-0.316045
0.329742
0.054057
-0.898975
-1.033814
0.126164
1.229972
1.590805
1.146316
0.604454
-0.179142
-0.667613
-0.580348
-0.601715
-1.192969
-1.250777
-0.886476
-0.340290
0.728807
1.528483
0.951034
0.408777
-0.021674
-0.637713
-0.966624
-0.919199
-0.834896
-0.834523
-0.719756
-0.286087
0.138729
0.197998
-0.132334
-0.600885
-0.847916
-1.531815
-1.357594
0.111625
1.020390
0.646703
-0.240752
0.100179
0.201198
-0.611783
-1.569768
-1.366597
-0.296423
-0.191332
-0.378332
-0.292797
-0.073086
-0.454224
-0.943856
-1.150723
-0.920453
-0.676994
-0.712141
-0.280173
0.055087
0.202969
0.262558
0.254741
-0.744717
-1.203072
-0.718945
-0.362639
-0.671344
-0.888702
-0.554771
0.425727
0.670142
0.118592
-0.155383
-0.381717
-0.832365
-0.594763
-0.180193
0.467519
0.635865
0.090414
-0.002165
-0.107784
-0.570535
-0.055426
1.346195
2.510248
2.660985
2.449753
0.911925
-0.215919
-0.818891
-1.723969
-1.302528
-0.328056
-0.492447
-0.965816
-0.535915
0.978749
2.068935
2.380723
1.984216
1.436335
0.664309
0.744390
1.382463
1.264310
0.529891
-0.642062
-1.057603
-0.935173
-0.654049
-0.332619
0.100764
0.723826
0.272423
-0.488187
-0.816694
-0.622621
-0.155592
0.245240
0.784607
1.231350
1.585452
0.878527
0.174692
0.075935
0.514410
1.525778
1.567704
0.447140
-0.677547
-1.517107
-1.846667
-1.182949
0.407595
1.221184
0.796611
-0.324402
-0.707704
-0.504036
-0.257481
-0.042443
0.193194
-0.926339
-2.075986
-2.094703
-1.071660
-0.781038
-0.632405
-0.651369
-0.234501
0.189775
0.382083
0.302883
-0.377438
-0.142887
-0.038165
-0.137947
0.420235
0.648336
0.372664
0.249969
0.525748
1.216434
0.678939
0.523946
1.011641
1.234391
1.016827
0.377842
0.084710
0.203584
0.521056
1.821096
2.947890
2.052209
0.091469
-1.140280
-1.511525
-1.847248
-1.745558
-1.745793
-2.350547
-2.369609
-1.557118
-0.482682
0.062251
0.204567
0.224309
-0.002400
-0.084626
-0.141176
-0.299537
-0.196530
-0.106666
-0.301792
-0.767863
-0.758745
-0.163677
0.508724
-0.033017
-0.716577
-0.983813
-1.083562
-0.927752
-0.666964
-0.750674
-0.534023
0.344530
1.004491
0.904031
0.557589
-0.065298
-0.217701
-0.096978
-0.174912
0.248889
0.128338
-0.071466
0.526226
0.920374
0.512600
0.043595
0.201046
0.522303
0.942712
1.222762
1.684999
1.511352
1.106129
0.956779
1.158912
1.444822
0.806639
-0.293457
-0.941294
-1.259528
-1.054207
-1.159022
-0.661180
0.263267
0.594146
0.287681
-0.446206
-0.956702
-0.995952
-0.580888
-0.541358
-0.586653
0.364608
1.808617
2.046286
1.337926
0.226112
-0.929729
-2.045574
-2.094830
-1.096633
0.040816
0.333170
0.278007
0.639078
0.826934
1.439491
2.117050
1.822129
0.674423
0.107766
-0.013737
0.069184
-0.235728
-0.513466
-0.207489
0.326863
0.403808
-0.587598
-0.740295
-0.129334
0.412844
1.017715
1.160767
0.352831
-0.711237
-0.681128
0.227728
0.894278
1.246397
1.037108
0.642971
-0.195232
-0.902657
-0.744626
-1.480804
-2.324974
-2.058241
-1.368358
-0.977527
-1.193057
-1.344375
-1.449098
-1.070642
-0.379742
-0.431838
-1.074666
-1.601832
-1.687557
-1.232169
-0.551648
-0.000647
-0.089795
-0.304689
-0.066400
0.785846
1.821757
2.064657
1.261276
-0.186170
-1.245604
-1.528631
-1.511193
-1.038067
-1.027265
-1.171233
-0.478441
-0.024229
0.404066
0.545976
0.119763
0.221677
0.846595
0.506097
-0.371117
-0.289869
0.222537
0.164702
-0.480994
-0.498387
-0.347985
-0.072298
1.237705
1.628593
1.457103
1.097514
0.603926
0.200414
0.113948
0.353321
0.145660
-0.459018
0.393502
1.133606
0.948415
0.345297
-0.212279
-0.670241
-1.011228
-0.435032
-0.017613
0.285443
-0.375602
-1.516886
-1.453283
-0.332686
1.411304
2.470582
2.482584
1.563866
0.357231
-0.553218
-1.136157
-1.662804
-1.019093
-0.027892
-0.092413
-0.134563
1.005452
2.346897
2.990169
2.873663
1.609380
-0.230565
-1.662188
-2.115168
-1.825405
-0.721664
-0.016647
0.150775
0.061345
0.934718
1.614121
2.115051
2.263171
2.033352
1.122963
-0.864180
-2.907618
-3.688515
-3.289180
-2.471087
-1.604835
-1.039797
-0.667869
-0.373106
0.233820
0.895982
1.609834
1.412187
0.437855
-0.012423
-0.037276
0.468346
0.254552
-0.298160
0.111026
0.910649
0.782210
0.706296
0.622993
0.688420
1.041699
0.642969
-0.325143
-1.029172
-0.724345
0.705076
1.223918
1.361717
1.259325
0.575482
-0.263761
-0.449331
-0.609703
-0.370249
0.152164
0.282813
0.211718
0.400581
0.456485
0.160744
-0.191889
-0.034197
-0.019205
-1.241956
-2.334812
-1.425708
0.039948
0.289048
-0.329919
-1.021260
-0.817362
-0.013622
0.465637
1.065795
1.198400
0.250689
-0.622844
-0.879616
-0.862429
-0.593212
0.082650
1.015230
0.660646
0.014971
-0.536832
-0.770331
-0.231217
-0.240493
-0.568251
-0.835370
-0.310467
0.196362
0.159507
-0.258268
-0.193662
-0.138945
0.014955
0.104835
0.234341
-0.079467
-0.454540
-0.457011
0.201146
0.432504
-0.052496
-0.660574
-0.103221
1.116479
1.938548
1.377796
0.251641
-1.063105
-1.599168
-0.732430
0.956229
2.243472
1.930176
1.142851
0.862722
0.711888
0.767248
0.553677
0.221664
-0.126136
-0.771171
-1.679021
-1.505454
-0.957055
-0.710052
-1.147765
-1.590995
-1.057517
-0.196514
0.301869
0.033209
-0.867362
-1.042458
-1.123069
-1.043819
-0.876419
-0.836112
0.082912
0.584937
0.777953
0.851301
0.260174
-0.191797
-0.018704
0.826894
0.874161
-0.162842
-0.859263
-0.420911
0.777987
1.955371
1.432787
-0.212755
-1.449445
-1.037152
-0.285750
0.335708
0.686404
0.479406
0.199802
0.438619
0.866183
1.222657
1.040314
0.480574
0.181059
0.253647
0.731995
0.584922
0.309469
0.438180
-0.143719
-0.347672
0.150725
0.965332
1.111480
0.581056
-0.442450
-0.837164
-0.677545
-0.150364
0.106705
0.103433
0.382924
0.274073
-0.380969
-0.179244
-0.227402
-0.515435
0.479836
1.088521
0.260471
-0.380798
-0.157787
0.206493
-0.704098
-0.905236
-0.242828
-0.017387
0.543766
0.213663
-0.743270
-0.861713
-0.224833
0.127903
-0.404569
-0.253016
0.328799
-0.074575
-0.535262
-0.840939
-0.524657
0.111776
0.118647
-0.653775
-0.813605
-0.190629
0.599143
0.717717
0.184331
-0.201011
-0.292916
-0.434964
-0.634365
-0.285958
0.281946
0.612036
1.218525
0.997832
0.358688
-0.592781
-0.892065
-0.393587
-0.125961
-0.162342
0.047254
0.038728
0.371884
0.654655
0.785058
0.787304
0.217183
-0.167653
-0.238728
-0.089637
0.400522
0.645760
0.055399
-0.796373
-1.004695
-0.778067
-0.665471
-0.759024
-0.321519
0.199153
0.263705
0.628003
1.081452
0.755613
-0.181054
-0.423326
-0.203077
-0.382723
0.113893
1.125473
0.949699
0.169016
0.093985
-0.247679
-0.593359
0.438224
1.448283
1.601824
0.446608
-0.707141
-0.855166
-0.515931
0.418693
0.547612
0.164106
0.291796
0.647562
0.329245
0.272994
1.276545
1.515807
0.943193
-0.169691
-1.679143
-2.085753
-1.410912
-0.635564
0.017817
0.071992
-0.465026
-0.618537
0.188863
0.152124
-1.257358
-1.682166
-1.283598
-0.968372
-0.440365
0.436088
1.214025
1.613920
1.114470
0.030446
-0.154461
-0.133924
-0.399403
-1.078825
-1.335447
-0.382353
0.023263
0.637054
1.341723
2.195709
2.514582
1.708952
0.528679
-0.401948
-0.966459
-0.498033
-0.067741
-0.140029
-0.467867
-0.786720
-0.688594
0.002167
0.876852
0.772783
0.104840
-0.329534
0.290255
0.777215
0.068462
-0.888819
-2.157448
-2.449012
-1.669557
-1.169373
-0.149437
0.813462
0.568404
0.211590
-0.013568
-0.863323
-1.754913
-1.264077
0.115390
0.427091
0.229003
-0.006893
-0.183842
-0.405751
0.302062
0.632510
1.621418
2.671474
2.572665
1.212122
-0.331765
-0.607868
0.249577
1.113580
1.173976
1.098048
0.678888
-0.744716
-1.347311
-1.035850
0.202292
2.020252
3.210949
2.580520
1.559376
0.459942
0.186558
-0.091128
0.033671
0.574456
0.773194
0.560580
-0.214382
-2.000743
-3.033801
-2.644532
-1.772091
