-2.309824
-0.877939
0.047738
0.662820
-0.533954
-0.449058
-0.874392
0.655681
1.058790
-1.222033
-1.915850
-1.821236
-0.538738
0.004317
-0.103464
0.138018
1.138867
1.056972
0.242966
-0.612164
-1.375712
-1.296799
0.151046
0.513713
-2.036008
-2.089562
-0.515795
-0.282089
0.522599
-0.093490
-0.418768
-0.996928
0.378839
1.593101
2.062254
2.106541
1.006922
0.337613
-0.427513
-0.029134
0.692764
0.558601
-0.010840
-0.223553
0.464963
0.979555
0.860707
-0.009086
-0.359234
0.997269
0.427232
-0.666399
-2.642647
-1.913243
-0.410732
-0.268127
-0.397929
-0.402060
0.479675
1.283659
0.740297
-0.292652
-0.644589
-1.817732
-1.828241
-1.071242
0.300577
1.059733
0.698824
-0.550281
-2.181792
-2.331713
-0.878707
-0.340003
0.206676
0.073284
-0.193814
-0.129277
-1.823078
-3.554626
-2.428654
-1.423398
-1.712119
-1.186686
-0.122701
-0.961133
-1.937578
-0.853046
0.094396
-0.094379
-1.124277
-0.336426
-0.524842
-0.158172
-0.029609
-0.728808
0.173195
1.240966
0.282832
-0.401758
-1.279826
0.044591
2.012925
1.641657
1.172065
0.376665
-0.576402
-0.048889
1.029022
1.710397
1.638359
0.642875
1.185082
1.465425
1.527048
0.404239
-0.575105
-0.266725
1.183398
0.957626
0.237633
0.843609
0.257441
-1.473540
-1.650030
0.323527
1.404971
0.347085
-0.100243
0.800866
1.076932
-0.095908
-1.741045
-0.662723
1.209193
1.292250
1.632279
1.768457
1.084210
0.468757
0.012042
-1.013325
-1.705626
-1.066607
0.551935
0.287267
-0.527135
0.426449
1.266934
0.284103
-0.231239
-0.329896
-0.034296
-0.041658
0.087215
-0.248110
-0.098965
0.032719
0.196356
0.117896
-0.531105
2.130267
3.382736
1.950352
-0.048609
-0.943097
-0.453383
-0.263511
0.613207
1.755276
0.542491
-0.262889
-0.247200
-0.399677
-0.060084
-0.384898
0.175891
1.257966
2.158200
1.775591
0.942309
0.078687
0.128767
0.142961
-0.299397
-1.012114
-1.518698
-0.149252
0.102582
0.550293
1.249885
0.453570
0.676756
-0.042819
-0.622304
-0.736280
-2.006198
-1.116708
-0.041763
-0.152663
-0.118646
-0.182967
-0.141939
-0.389278
-0.587526
-2.041993
-0.941364
0.388066
0.205470
0.274163
-0.653135
-1.508497
-2.095571
-1.849592
-1.664127
-1.224961
-1.886083
0.072100
1.850614
0.890682
0.464791
0.224418
-0.008131
-0.149781
0.683050
0.578401
-0.425737
-0.613748
0.366372
1.700141
1.964479
1.179394
0.583846
-0.893017
-2.428508
-2.782649
-1.020449
-0.393750
-1.242085
-0.786268
-1.343475
-1.024925
0.392453
-0.320934
-0.513680
1.056660
1.014038
1.207770
1.411395
0.476010
-1.169813
-0.647966
1.027404
1.188734
0.458479
-0.468102
-0.410578
0.574377
0.052823
-0.951996
0.139866
1.114689
0.391889
0.832986
0.123213
-1.121719
-0.602014
0.351188
-0.034018
-1.217572
-1.564067
-0.795598
-0.461525
-0.507117
-1.039480
-0.555402
-0.121675
-0.677171
-0.391026
-0.191274
0.755704
1.075096
0.372686
-0.578846
-0.372412
-0.332206
0.393469
1.417189
1.228137
0.328430
0.984762
0.934039
0.698813
0.710370
1.039921
0.486937
0.166922
0.821583
1.689768
1.813272
1.389028
1.480241
1.131998
0.075606
0.506558
-0.348961
0.124406
-0.400429
-0.445612
0.273277
0.272079
1.255960
2.341717
1.124763
-0.660768
-1.613731
-0.239907
0.780778
-0.393633
-1.053691
-1.469710
-1.122590
-0.227751
-0.475046
-0.186228
0.965907
1.036372
1.322167
2.228203
1.782253
0.765509
-0.292120
-1.021830
-1.547510
0.343065
1.367126
0.397780
-0.444095
-1.083388
-0.733798
-0.121671
-0.640177
-1.564724
-0.217981
1.288526
1.226853
0.422424
-0.340439
-0.438796
-0.466145
-0.391545
-1.033494
-1.296556
0.081309
0.591661
0.289353
-0.572689
-1.318493
-1.378391
-0.745376
-0.242795
0.100878
0.635415
0.406590
0.116028
0.657403
-0.284184
0.026007
0.858829
0.500059
0.250087
0.298569
-0.295210
-0.170971
0.459987
0.225139
-0.407567
-1.130126
-0.209930
0.185971
-0.168056
1.540909
1.216767
0.016352
-0.983825
-1.621521
-1.554701
-0.784171
-0.072729
-0.594679
-0.841827
-0.397529
-0.109727
0.351166
0.030818
-0.495187
0.961981
0.948215
0.153517
0.089866
-0.560696
-0.791561
-1.512278
-1.204179
-0.155190
0.356242
0.153374
0.230350
-0.244540
-1.381553
-0.311532
0.569524
0.240861
-0.715653
-1.398011
0.033637
0.808574
0.021287
-0.209793
-0.357984
-0.203554
0.056521
-0.087982
0.248464
0.220032
0.133916
-0.972638
-0.007208
1.116020
1.082129
2.059874
1.254608
1.573338
1.578859
0.866098
0.031231
-0.231093
0.023872
0.269041
0.451879
0.891766
0.000700
0.098189
1.867755
1.897027
1.211996
0.089182
0.244362
0.088213
-0.510424
0.392997
1.201780
0.775717
0.372563
-0.148196
-0.268178
0.320787
1.033105
0.522114
0.170176
-0.209105
-0.232965
-0.556018
0.856102
1.542906
0.559417
-0.315282
-0.813501
-0.716952
-0.454563
-0.900046
-1.412008
0.679930
1.619646
0.258257
-0.156134
-0.581564
-1.702441
-1.172139
-0.015299
-0.024847
-0.315873
-0.897044
-1.251863
-0.110700
0.739519
0.043402
0.087691
-0.690816
-0.033549
0.250657
0.031814
0.522485
-1.517957
-1.077670
-0.131582
-0.335320
0.027770
0.717591
0.559989
0.098116
-0.395941
-1.513592
-1.831598
-1.455610
-1.743786
-0.464172
0.230400
-0.054358
0.108907
0.041020
-0.225693
-0.089827
0.136438
-0.250164
-1.535663
-1.728837
-0.462874
0.187700
0.731145
0.189296
-0.311819
-1.085955
-0.810431
0.152644
1.182391
0.676932
0.923428
2.155430
2.280631
1.907035
1.412456
0.579203
-0.577334
0.168017
0.998565
-0.150304
-0.778650
0.650023
2.426664
1.548065
0.152802
-0.882831
-0.689840
-0.959882
-1.365677
-0.848450
-1.850380
-0.776495
0.388621
0.206610
0.282885
0.125567
-1.074458
-1.737990
0.141155
0.940078
0.429715
-0.851382
-0.659952
0.187539
0.288373
0.246723
0.937801
1.130655
-0.061784
-0.786510
-0.724260
0.603170
-0.044037
-0.780030
-0.155454
0.000347
0.201090
-0.183062
-0.774118
-0.224863
0.090987
0.475590
0.575426
-1.130799
-1.012087
-1.409904
-1.029008
-1.136420
-1.132644
-0.396243
-0.355225
-0.768889
0.628160
0.546647
0.680489
1.748608
1.137876
0.506038
-0.688534
-1.572436
-1.069809
0.015354
-1.046260
-0.135301
1.490985
0.745844
-0.077780
-0.990874
-0.427651
1.468588
2.477072
2.343541
1.213299
-0.259772
-0.040813
0.019540
-0.114942
-0.613401
0.649148
1.301948
0.302419
1.849692
2.857223
1.773693
0.876103
0.450720
0.811770
0.773125
0.499121
-1.163586
-3.048577
-2.073701
-1.115167
-1.445916
0.907839
2.170537
2.303569
1.776163
0.896887
-0.228563
-0.409234
-1.028449
-0.737382
0.081720
0.066738
-0.151289
0.229155
1.177590
1.518633
0.989356
-0.615904
-2.748182
-2.071351
-1.113630
-2.316632
-1.645735
-1.010723
-0.656173
-1.145379
-1.371731
-2.142496
-1.172883
1.919582
3.218531
2.584745
1.364199
0.101705
-1.166897
-2.512293
-1.565076
-1.309243
-1.210008
-1.110998
-0.419569
0.204576
0.739236
-0.202774
0.594506
1.371442
0.646525
1.056691
0.815082
-0.111165
-0.306600
-1.096354
-0.709883
-0.709356
-1.444154
-1.231927
-0.473908
0.053100
0.479593
-0.056948
-0.401003
-1.030322
-0.846463
-0.412311
-1.660502
-1.151931
-0.679721
-0.754363
-0.047360
0.433187
0.008999
0.655809
0.810716
-0.242332
-0.543286
0.618640
0.498601
0.072098
-0.022865
0.806741
1.315286
-0.327710
-0.639203
-0.039858
0.215072
-0.026676
0.105685
0.947617
0.737142
-0.255040
0.845117
2.684046
2.273756
1.619830
1.322458
0.790573
-0.163540
-0.180646
0.542918
-0.321239
0.503034
1.265359
0.673102
1.268359
0.526747
0.139767
-0.181345
-1.331027
-0.291733
0.679668
0.022588
0.915895
1.391879
0.157840
-1.062115
-1.501482
-2.198103
-0.139337
1.765212
0.616430
-0.382678
-0.922786
-1.173849
-1.157078
-1.768892
-1.123308
-0.386466
0.232606
0.886391
1.585049
1.665312
0.730563
0.147196
-0.250294
-1.072277
0.023122
-0.031467
-0.453043
-0.347787
-0.454679
0.151131
0.618662
0.507788
-0.113424
-0.092226
0.198216
0.114311
-0.010293
-0.004330
0.587903
1.248532
1.035683
0.400247
-0.104066
-0.294426
-0.906378
-0.720200
1.169139
1.319873
0.183354
1.069659
1.808472
1.424248
0.369254
-0.368604
0.320194
0.432939
0.249185
-0.576837
0.168418
0.423603
0.308681
0.271534
-0.714303
-1.646414
-1.095961
-1.186278
-1.021301
-1.239483
-1.285392
-0.508734
-0.126843
0.286160
-0.376258
-0.201758
0.608368
0.310820
0.514968
-1.575628
-1.902950
-0.448821
0.810814
-0.472161
-1.038357
-0.658896
0.474803
-0.116723
-2.297863
-1.628065
0.225708
0.774538
0.948721
1.132967
0.791602
-0.157112
-0.949870
-1.690596
-0.827755
0.331085
0.342163
-1.303632
-1.936100
-0.430266
0.523512
1.604723
1.234143
0.594658
-0.468664
-0.668458
-1.181417
-0.553061
0.797119
-0.286900
0.858118
1.632172
0.966433
1.257505
1.297568
0.459775
-1.556675
-0.079243
0.511291
-0.174836
0.585451
1.457855
1.347892
-0.424629
-2.477636
-1.161987
0.415008
0.259750
0.050171
-0.571911
-0.847228
-0.693315
-0.887010
-1.355938
-0.813521
0.924002
0.707612
0.687579
0.777410
0.272455
-1.350014
-0.988071
1.916463
2.251191
0.720134
-0.585367
-0.779678
0.300370
-0.281339
-0.960997
-1.147679
-0.442663
-0.731173
-1.679642
-0.881628
-0.489446
-0.905018
-0.498188
0.801917
2.320786
1.505303
-0.323154
-1.725940
-1.533920
-2.149337
-2.111568
-1.052132
0.202935
0.616825
0.715276
0.662271
0.403211
-0.260882
-1.260236
-0.227491
1.123377
0.100092
-0.435512
-1.115607
-1.006524
0.647875
1.383812
2.594183
1.891456
0.236013
-0.103280
1.484065
1.903188
0.236591
0.201147
0.346280
-0.967800
-0.702257
0.078440
-0.107061
0.528127
0.637433
1.314832
1.347037
1.279848
0.242678
0.668936
0.355435
-1.259036
-0.755790
0.768749
1.848738
1.150978
-1.263462
-1.663513
-2.291118
-0.798322
0.651177
0.551688
1.282459
0.418620
0.731034
0.447681
0.062097
-0.517821
-0.006988
-0.404104
-0.577061
0.314755
0.932778
0.606702
-0.277312
-1.306504
-0.720066
0.774998
1.089533
1.149111
0.246204
-0.980990
0.433466
0.360765
-0.737086
0.058787
0.198262
-0.413569
0.137689
0.927397
0.746162
0.317998
0.082634
0.604922
1.406134
0.939921
0.158852
-0.059131
-0.317313
-0.897633
-0.398162
-0.589910
-0.606448
0.280661
0.092809
-0.303967
-0.037765
0.070136
-0.214330
-0.476045
0.223511
-0.216630
-0.169208
-0.435445
0.776857
1.434185
0.419789
0.937942
1.631950
0.699994
-1.183886
-1.143031
-0.695898
1.272902
2.374819
0.255223
-1.368550
0.512484
1.139762
