0.495933
0.811563
0.366910
-0.758474
-1.269717
-0.465545
0.127115
0.599054
0.646397
0.282553
-0.050695
0.512222
0.371775
0.107539
-0.420530
-0.681164
-0.873453
-0.704597
-0.154126
-0.146992
0.332904
0.287734
0.353137
0.571448
0.693164
0.430641
0.202806
-0.171546
-0.091377
-0.050714
-0.022263
0.348449
0.119926
-1.192917
-1.664404
-0.800961
-0.071604
-0.088080
-0.662283
-0.886499
-0.699786
-0.876653
-0.826167
0.017386
1.013786
0.661494
-0.248587
-0.657566
-0.713751
-0.381137
0.516109
0.389318
-0.192387
-0.684102
-0.595440
-0.116487
0.101764
0.431772
0.054232
-0.306004
-0.723460
-1.207054
-0.386551
1.222773
1.459014
1.070557
0.268345
-0.385448
-0.044937
0.870814
0.828563
0.230322
-0.657363
-0.672596
0.069325
0.374366
0.116838
-0.118892
-0.257289
-0.965461
-1.265016
-1.374661
-1.021559
0.205193
0.523727
-0.080940
-1.055739
-1.920802
-1.179015
0.082474
0.573067
-0.065113
-0.890615
-0.657407
0.504137
0.670313
0.505854
-0.216391
-0.575149
-0.413034
0.100234
0.899750
0.646293
-0.176156
-0.709993
-0.002436
0.785901
0.391265
0.336409
-0.139384
-0.874119
-0.274093
0.565496
0.672366
0.101870
-0.428613
0.075190
0.950333
0.309967
-0.329056
-0.098555
-0.336065
-0.391549
0.337166
1.010763
0.602655
-0.993475
-1.569924
-1.204367
-0.032145
0.627346
0.256017
-0.021338
0.176736
-0.215030
-0.230927
-0.407695
-0.726823
-0.855454
0.007167
-0.003413
0.011045
-0.108261
-0.179417
0.141431
0.451106
0.828284
1.345992
0.998254
0.405984
0.452418
0.026219
0.084879
-0.603461
-0.960470
-0.349065
0.614935
0.728274
0.196683
-0.375957
-0.486709
0.653886
0.669197
0.119474
0.258265
0.410289
0.815983
0.416005
-0.019732
-0.138952
0.406319
0.158355
-0.074478
0.173525
0.013900
0.650286
0.679073
-0.061933
-0.070035
-0.134643
-0.624139
-0.825752
-1.109657
-0.463748
0.414531
0.646402
0.223783
0.060994
-0.531427
-0.189256
0.295882
0.923917
1.058598
0.404089
0.152159
0.969411
1.189066
1.017389
0.267538
-0.667378
-0.995562
0.619059
1.866231
1.053869
0.367891
0.322375
0.932513
1.204104
1.089979
0.669390
-0.666528
-1.628337
-1.472526
-0.309562
0.480115
-0.280672
-0.732255
0.046038
0.563391
0.263646
-0.289527
-0.022637
-0.247360
-0.948063
-1.316259
-0.937724
-0.372328
-0.285208
-0.827910
-0.674187
0.262202
0.900891
0.919219
1.040474
0.089500
-0.943111
-0.841730
-0.519045
0.183247
-0.151099
-0.793136
-0.555467
0.109656
0.472734
0.645637
0.232416
0.661976
0.649089
-0.540886
-1.340806
-1.140320
-0.242347
0.833138
0.938959
-0.452781
-1.580616
-1.041028
0.258626
0.381848
-0.358325
-0.638581
0.275560
0.437740
0.013173
-1.080340
-0.833359
0.133781
0.761226
0.565624
-0.508550
-0.660352
-0.052851
0.797469
0.165890
-0.440988
-0.762015
-1.217042
-2.092773
-2.160639
-1.176893
0.551209
1.263961
0.994973
1.302900
0.573244
-0.357483
-0.622331
0.096750
0.472719
-0.069384
-0.434227
-0.206820
0.373837
0.379728
-0.253375
-0.357908
-0.050918
0.185160
0.179917
0.360998
0.184615
0.230160
0.062367
-0.570406
-0.227472
-0.009592
-0.429307
-0.686559
-1.082995
-1.522336
-1.883160
-2.892165
-4.279445
-4.991707
-4.948871
-4.457611
-4.807383
-5.203339
-5.057659
-4.701743
-4.046347
-3.449406
-2.670071
-1.231467
0.280000
0.902914
1.581949
2.637130
2.239162
1.894791
2.636497
2.906069
3.446141
3.858112
3.988172
3.503935
3.653167
3.871769
3.836990
3.213285
2.265519
1.770854
1.684533
1.930239
2.670875
2.422054
0.957699
0.513498
0.504004
1.480601
1.641929
0.973157
0.745721
1.228192
2.434819
3.394056
3.345730
2.179815
1.598139
2.065840
2.563610
2.510136
1.425005
0.708887
1.303207
1.002152
0.999173
0.774612
1.234323
1.774270
1.448550
0.571742
-0.098741
0.569175
0.740377
-0.544051
-1.326604
-1.744729
-1.812822
-1.731249
-1.076816
-0.390098
-0.112207
0.378687
0.510422
0.737663
1.300048
2.000721
1.430676
0.758488
-0.154616
-0.495343
-0.244744
-0.543946
-1.481250
-2.415549
-1.891485
-1.285779
-0.717241
-0.098900
0.095782
0.396670
0.671791
0.169016
-0.016537
-0.050324
-0.860532
-0.824225
-0.568896
-0.914609
-0.412126
-0.079612
-0.422912
-0.987107
-1.054342
-0.671948
0.240036
0.238087
-0.456059
-0.325781
0.061591
-0.521885
-1.327654
-1.279986
-0.873461
0.059016
-0.423715
-1.848935
-1.922847
-0.734661
0.180643
0.429175
0.619004
0.213052
-0.724824
-0.686474
0.045023
0.347584
0.391985
-0.571331
-1.187316
-1.503371
-0.673954
0.225955
0.558956
0.136405
-0.394113
-0.187020
-0.138885
-0.029761
-0.279472
-0.323930
-0.150836
-0.441560
-0.756593
-0.624527
-0.214337
-0.011802
0.157909
0.324896
-0.442956
-0.821889
-0.121991
-0.044469
-0.385967
-0.891872
-1.427808
-1.305566
-0.227791
-0.215213
-0.032548
0.511802
1.479292
2.220727
1.439836
0.067153
-0.325061
0.691072
1.087639
0.206885
-0.234313
0.161160
0.647706
0.395419
0.391610
0.736151
1.232579
0.579449
-0.636861
-0.450435
0.350995
0.236782
-0.305007
-1.515993
-1.864351
-0.420654
0.934246
1.000410
0.451585
-0.059877
-0.126798
-0.069332
-0.059036
-0.271167
0.006554
0.041519
-0.198327
0.269742
0.550032
0.944179
1.234500
0.493583
0.086209
-0.188024
-0.339557
0.321641
-0.109119
-0.894060
-1.450099
-1.198898
-0.092590
0.773128
0.676792
-0.037033
-0.161627
0.399433
0.593995
0.275098
-0.579319
-1.108095
-1.395230
-1.215850
-0.313791
1.135450
1.876896
0.978491
-0.027793
-0.964657
-0.703694
0.469469
0.604764
-0.381240
-1.248671
-1.308697
-0.787046
0.122996
0.027257
-0.111360
0.578502
0.384379
-0.011750
-0.109458
-0.290324
-0.054907
-0.908791
-1.135648
-0.213157
0.734257
0.855337
0.826642
0.623899
0.430853
0.793558
1.049388
0.996563
0.890455
0.877411
1.046339
0.780317
0.178721
-0.318153
0.007532
0.533309
0.145254
-0.072762
0.676814
1.223386
1.639769
1.265630
0.386340
-0.383933
-0.515086
-0.188714
-0.068808
0.390351
0.682148
-0.003600
-0.717053
-0.378815
0.966314
1.551433
0.819560
0.232787
-0.354595
-1.252257
-0.724501
0.155555
0.101225
-0.329741
-0.528686
0.191205
0.848511
0.198338
-0.498512
-0.745090
-0.571217
-0.603632
-0.670116
-1.052330
-0.355722
0.342523
0.296546
-0.362223
-0.550742
-0.700594
-0.260725
-0.032471
-0.329247
-0.503452
-0.525986
0.024412
0.253591
-0.244627
-0.857663
-0.453990
-0.243938
-0.469336
-0.553722
-0.734508
-1.025031
-1.200392
-1.176057
-0.686639
0.083284
0.231059
0.172306
-0.305528
-0.450491
-0.268424
-0.207940
-0.459401
-0.344186
0.443269
-0.146090
-0.799438
-0.578383
-0.307399
0.071506
-0.066144
-0.184830
-0.133139
0.093505
0.102277
-0.829206
-0.962081
0.387099
1.240388
0.268876
0.083128
0.171781
-0.367850
-0.130476
-0.245739
-0.392475
0.290493
1.122315
0.834082
0.376536
0.551503
0.677030
0.821059
-0.060118
-1.134617
-1.525863
-1.782446
-1.878881
-2.078807
-1.694017
-1.018253
-0.034636
0.397067
0.543386
0.568097
0.464948
-0.149260
-1.137019
-0.487266
0.650304
1.122400
0.824095
0.786607
1.198567
1.234240
1.152956
0.590764
-0.261953
-0.698216
-0.201025
0.505004
0.423732
0.071955
0.289025
0.316158
0.489805
0.518463
0.122491
0.386300
1.233710
1.396099
1.300798
0.753566
0.131235
-0.068257
-0.648578
-0.624700
0.472648
1.134504
1.010251
0.840414
0.283836
0.388344
0.649639
0.577205
-0.245220
-1.636280
-2.061720
-1.280364
0.024016
0.462177
-0.259577
-0.464347
0.805462
1.478177
1.210622
0.319764
-0.361210
-0.588563
-0.435769
0.252651
0.825095
0.705535
0.520878
0.294772
0.242873
-0.441417
-0.253228
0.386808
0.236933
-0.768467
-1.508774
-1.277232
-0.882508
-0.803118
-0.816924
0.103860
1.014078
0.565056
-0.348757
-0.518897
-0.009224
-0.214646
-1.011722
-1.453669
-2.032266
-2.211630
-0.956372
0.389308
0.789272
-0.125674
-0.318957
0.573292
0.941541
0.972182
1.089610
0.594658
0.689247
1.335695
0.289513
-0.525052
-0.498132
-0.097189
0.537766
0.704194
0.081377
-0.813026
-1.489842
-0.800765
-0.379315
0.248066
0.472021
0.099690
-0.114850
0.784468
0.681563
-0.021653
-0.033680
0.764273
1.219231
0.885784
0.093694
-0.457229
-0.111180
0.433630
0.078447
-0.912760
-1.217197
-1.083754
-0.237491
0.272305
0.221598
-0.261534
-0.151033
0.743957
1.178734
0.923089
-0.043048
0.056104
0.557449
-0.047802
-0.534475
-0.012717
0.512094
1.043580
1.093692
0.763251
0.533035
-0.664180
-1.316473
-1.532657
-0.769537
0.113162
0.352073
0.701131
1.147387
0.852941
0.568002
0.682282
-0.041693
-1.185067
-1.462128
-1.195261
-1.101645
-0.780190
-0.572192
-0.669980
-0.490092
-0.025844
-0.068932
1.102381
1.222844
0.410649
-0.429287
-0.388259
-0.407440
-0.781360
-1.525902
-2.019124
-1.415335
-0.269976
0.667747
0.606077
0.877292
0.695306
0.875424
1.133486
1.124881
0.797725
0.424848
-0.116670
-0.156378
-0.412488
-0.695560
-0.471439
-0.593859
-0.589415
-0.589742
-0.722496
0.230395
1.168743
0.938810
0.029997
-0.354517
0.686651
1.542674
1.218958
-0.189942
-0.935849
-0.017763
1.432710
1.203923
0.253779
-0.348701
-0.949736
-0.573829
-0.601381
-0.965603
-0.708971
0.091543
1.046816
0.683483
-0.326642
-0.492392
-0.699836
-0.752623
-0.480592
-0.053550
0.399757
0.389473
-0.115438
-0.242528
-0.201894
-0.440117
-0.653360
-0.758633
-0.015412
-0.048761
-0.336793
-0.704580
-0.649682
-0.233511
0.074904
-0.298831
-1.351393
-1.229074
-0.307403
0.690778
0.190091
-0.418984
-0.488066
0.309781
1.282797
1.142797
0.445644
0.864135
0.522285
-0.149699
-0.407471
-0.048098
0.482899
0.591989
0.903427
0.905431
0.479536
-0.393210
-0.696444
-1.329639
-1.206256
0.151175
0.729888
0.735817
1.005013
1.657978
1.735120
1.572945
0.918094
0.061944
-0.516444
-0.683713
-0.065864
-0.043889
-0.856416
-1.274035
-1.336646
-0.592306
-0.198829
-0.151520
-0.444234
-0.489522
0.248543
0.431100
-0.081824
-1.040879
-1.272701
-0.415614
0.387549
0.555251
0.385202
0.185067
0.817726
1.439380
1.399122
1.343771
0.319490
-0.213521
0.154125
1.105874
1.705281
1.568053
0.845283
0.082923
-0.400711
-0.676682
-0.774299
-1.034425
-0.812758
-0.223901
-0.320748
-1.009647
-1.584551
-1.036724
-0.247998
0.240732
-0.201058
-1.005287
-1.048683
0.562496
1.322821
0.918297
0.431744
-0.036551
0.338282
0.687973
0.369265
0.293580
0.294562
0.026695
0.073189
-0.005864
-0.178260
0.212235
-0.103040
-0.272238
-0.198130
0.158645
