0.659588
0.596530
0.099834
-0.727204
-0.510494
0.085267
0.377299
0.435160
0.326181
0.358706
0.711949
0.982609
0.267327
-0.389801
-0.782617
-1.109101
-1.091926
-0.524411
0.317855
0.609124
0.685272
1.132178
1.633567
2.219997
2.156176
1.369746
0.309679
-0.262744
0.224161
0.543754
0.576812
0.709037
0.094366
-0.589887
-0.504358
0.138263
0.373089
-0.530648
-1.103838
-0.815202
-0.377881
-0.505227
-0.611943
-0.576826
-0.570535
-0.251937
-0.208654
-0.658745
-1.140895
-1.482143
-1.122238
-1.061979
-1.190588
-1.115442
-0.458390
0.193524
0.060355
-0.135404
-0.554482
-0.674982
-0.537993
-0.440260
0.327079
1.372093
1.390805
0.496889
-0.564318
-0.475285
0.817291
1.522689
0.604589
-1.025075
-0.927963
0.394683
0.945611
0.138694
-1.687352
-2.311438
-1.085845
0.019821
0.241684
-0.577678
-1.505569
-1.771043
-1.078990
0.092807
0.097872
-0.832033
-0.714569
0.668961
1.312550
0.537566
-0.511098
-0.620940
0.530820
0.932405
1.104306
1.026027
0.620471
0.005125
-0.054502
0.386480
0.338664
-0.278623
-0.831183
-0.595284
-0.305430
-0.152010
0.254415
0.492483
0.098144
-0.492200
-0.754421
-0.378800
-0.213127
-0.611819
-0.543571
0.099095
0.382625
0.065590
-0.075501
-0.561952
-0.908907
-0.068829
0.580154
-0.155428
-1.333967
-1.778339
-1.060852
-0.179112
0.022152
0.040925
0.417657
0.871520
1.027007
0.864120
0.736847
0.343069
0.254634
0.896677
0.598745
0.613351
0.691510
0.211124
0.139160
0.374716
0.646286
1.162121
0.899145
0.746266
0.493582
0.178323
0.208005
-0.300166
-0.548837
0.211003
1.064909
0.553329
-0.439359
-0.737921
-0.232841
0.630248
0.792730
0.384354
0.774586
1.035499
0.730221
0.122610
-0.052253
-0.129715
-0.166301
-0.197575
-0.213788
0.116217
-0.141781
-0.411435
-0.251840
-0.667476
-0.980361
-0.875482
-0.924975
-0.628397
-0.988434
-1.112440
-0.753603
-0.119737
0.312210
-0.107874
-1.144355
-0.733974
1.104553
1.708216
0.770216
-0.458220
-0.786859
0.575507
1.044907
0.614247
0.024104
-1.267356
-1.802341
-0.597934
1.078172
1.654490
1.013333
0.841692
1.154802
1.215569
1.125097
0.203865
-1.258442
-1.984307
-1.565131
-0.408180
0.185523
0.079492
0.208667
0.192593
0.422040
0.345092
0.064755
0.101294
-0.207770
-1.015152
-1.877651
-2.194031
-1.336839
-0.361319
-0.895136
-1.512312
-0.825548
0.513599
0.964356
0.765543
0.219706
-0.246025
-0.034158
0.206552
0.135777
-0.117514
0.312079
1.088926
1.277596
0.201142
-0.263355
0.617115
1.969734
2.549384
1.229891
-0.982486
-1.725814
-0.620774
0.469013
0.389582
-1.087729
-1.495800
-0.350033
0.480351
0.278771
-0.409786
-0.615750
-0.079694
0.790020
0.922010
-0.041957
-0.608746
-0.652844
-0.205259
0.385976
0.340421
-0.059190
-0.635761
-0.431791
-0.158658
-0.481858
-0.435258
-0.476764
-0.976862
-0.869997
0.162082
0.998077
0.939028
-0.003454
-0.526372
-0.917040
-1.174738
-0.919493
0.372173
1.408374
0.997137
-0.321368
-0.738256
0.285560
0.882986
0.397837
-0.426221
-0.339875
0.124595
0.125001
0.406813
-0.170290
-0.722322
-0.106885
0.169572
-0.315571
-1.050567
-1.361172
-0.944789
-0.918993
-1.521439
-2.509111
-3.071553
-3.174395
-3.535845
-3.925796
-4.283115
-4.543406
-4.411780
-4.025103
-3.764615
-3.149644
-2.728144
-2.175394
-0.996583
0.398826
0.994485
1.315228
1.759522
1.288048
1.162276
2.133704
2.773901
3.028022
3.042707
3.153089
3.094750
3.189640
3.212345
3.347106
3.036907
2.190524
1.670361
1.604059
1.642053
1.598885
0.965358
0.323503
0.294065
0.434386
0.712523
1.131597
1.226462
1.209954
1.296394
1.912532
2.628364
2.753328
1.152496
0.271026
0.489822
1.458187
1.259896
0.449223
0.358614
1.097764
2.059010
2.780515
2.766138
2.373482
1.298077
0.323125
0.108444
-0.252191
-0.507538
-0.969110
-1.325716
-1.161526
-0.579021
-0.632214
-0.863809
-0.367408
0.602269
0.528789
0.293248
0.531164
1.439392
1.717969
1.204286
0.188168
-0.750157
-0.852101
-0.672437
-0.479431
-0.842106
-1.390674
-1.213429
-0.091366
0.382373
0.387610
0.416253
0.695356
0.617382
0.373776
0.125530
0.114063
0.236983
-0.497815
-0.766183
-0.430887
-0.095011
0.733656
0.253583
-1.032717
-0.866691
1.003262
2.347052
2.145288
0.507503
-0.463414
0.206822
1.062160
0.478068
-0.867668
-1.725190
-1.705990
-0.862284
-0.780669
-1.099912
-1.132195
-0.840552
-0.316218
0.022534
0.466277
0.611550
0.214017
-0.208490
-0.258240
-0.175084
0.151379
-0.432639
-1.498633
-2.184719
-2.016778
-1.495151
-0.944080
-0.646759
-0.435553
-0.446247
-0.706098
-0.913646
-0.803141
-0.523889
-0.243651
-0.600222
-1.125724
-1.182062
-0.596421
-0.311712
-0.324210
-0.212355
-0.651471
-0.777059
-0.391049
-0.318493
-0.118453
0.236803
-0.006006
-0.065253
0.125942
0.269690
0.401210
0.229272
0.648115
0.761191
0.329408
0.493929
0.362976
0.375100
-0.067242
-0.570883
-0.459364
-0.166259
0.061940
0.027538
-0.433697
-0.332873
0.621938
0.421045
-0.782708
-0.942974
-0.353382
-0.427224
-0.972955
-1.735283
-1.859774
-1.081411
0.243122
1.203689
1.536224
1.294341
0.493152
-0.067016
0.096020
0.687901
1.190775
0.765789
0.151342
1.085732
1.594670
1.752130
1.376310
0.237103
-0.220225
-0.430230
-0.551894
0.231230
0.514274
-0.349590
-0.762503
-0.434388
-0.067020
0.127116
-0.093677
-0.472946
-0.272340
0.144186
-0.018602
-0.715035
-1.355335
-0.861117
-0.457798
-0.610580
-1.130707
-0.802558
-0.104699
0.274979
0.126881
-0.715837
-0.826647
-0.116637
0.132220
-0.144345
-0.482784
-0.521808
0.152461
0.832827
0.768075
0.369595
0.588544
0.743268
0.289872
0.068081
0.236543
0.565865
0.380247
0.216908
0.451924
0.406194
0.648997
1.229957
1.227062
0.040479
-0.586035
0.039908
0.586679
0.506086
0.046590
0.029333
0.283734
0.275572
-0.094743
-0.142179
-0.344231
-0.770881
-0.031799
1.563852
2.108770
1.529251
-0.077913
-1.177909
-0.562909
0.369223
0.301325
-0.647251
-0.447162
0.806236
1.318106
0.930715
0.151895
-0.175531
0.270873
0.320351
-0.274489
-0.562721
-0.775664
-0.088624
0.713203
1.107465
0.927660
0.338482
0.284561
0.471704
0.125708
-0.237158
-0.406319
-0.579805
-0.611536
-1.096965
-1.531981
-1.177726
-0.515105
-0.384194
-0.139029
0.015550
-0.083970
-0.200640
-0.339166
-0.864049
-0.838080
-0.105497
0.160285
-0.427694
-0.807363
-0.222189
0.375525
0.392074
-0.363398
-0.579781
-0.428011
-0.334319
-0.304956
-0.287434
0.077508
0.206856
-0.284098
-0.334792
-0.085653
0.112844
-0.054740
-0.314062
-0.503508
-0.412160
0.011746
-0.122282
-0.453827
-0.740603
-0.394065
0.488685
0.843892
0.455554
-0.693570
-0.976337
-0.519889
-0.176571
0.009696
-0.028697
-0.125443
0.348858
1.102842
1.469483
0.786481
-0.073353
-0.917710
-0.287126
1.104854
1.733081
1.235314
0.295879
-0.032455
0.344058
0.300511
0.259227
-0.392287
-1.001943
-1.359031
-1.428464
-0.525065
-0.083939
-0.619752
-0.778286
-0.597948
-0.316042
0.000440
-0.094775
-1.458256
-2.051347
-0.956935
0.488814
1.123221
0.597191
0.124265
0.155693
0.803797
1.502487
1.211506
0.109723
-0.793378
-0.864581
-0.360432
0.157487
-0.099981
-0.541067
-0.664582
-0.236681
-0.068800
0.092032
0.589043
0.488108
0.028537
-0.040080
-0.004846
0.258147
-0.057867
-1.081457
-1.350383
-0.097596
0.837441
0.453469
0.318629
0.229135
0.611388
0.500892
0.293116
-0.483970
-1.674583
-1.547733
-0.677934
0.004376
0.185168
0.536423
1.874079
3.124724
3.491208
2.701035
1.437222
0.934328
0.762286
0.733338
0.644242
0.454845
-0.085539
-0.954744
-1.420427
-0.877198
0.233135
0.818751
0.417032
-0.565998
-0.856516
0.070372
1.267875
1.261719
0.128330
-1.236174
-0.989875
0.292238
0.259241
-0.730940
-1.299303
-0.608561
0.131229
0.121200
-0.369456
-0.647134
-0.452442
0.501551
1.327399
0.559560
-1.310644
-1.908485
-0.958933
-0.378257
-0.343683
-0.848138
-1.212838
-0.686271
-0.040067
0.216469
0.795411
1.256579
1.709248
2.191444
2.185021
1.564287
0.886792
-0.361934
-1.191033
-1.320951
-0.852491
-0.388360
-0.668999
-0.381728
0.589593
0.216811
-0.747988
-0.756648
-0.018131
0.776388
0.990452
0.403540
-0.762931
-1.414010
-0.424375
-0.099485
-0.695239
-1.511861
-1.415782
-0.347912
-0.119725
-0.745223
-1.690492
-1.741410
-0.630124
0.137217
0.256037
-0.300733
-0.233523
0.426138
0.116666
-0.389367
-0.283075
-0.044078
0.031544
-0.100573
-0.195425
0.223626
0.363058
0.179565
0.032241
0.152509
0.354694
0.244774
0.517018
0.998145
0.773569
0.412802
0.343645
-0.051297
0.286691
0.680389
0.140481
-0.540924
-0.612345
-0.306961
-0.213369
-0.361591
-0.010590
0.408520
1.272807
1.519300
0.926213
0.594938
1.213558
1.780330
0.602492
-1.296420
-1.815603
-0.926572
0.226078
0.181748
-0.615688
-0.714875
-0.399970
0.196588
0.260262
0.262503
0.014330
-0.266699
-0.055036
0.370794
0.762688
0.689338
0.678375
0.123375
-0.908306
-1.505921
-1.900195
-1.340390
-0.177028
0.271536
0.189436
0.059830
1.129162
2.494268
2.109657
0.468639
-0.526926
0.596790
1.948176
1.615282
-0.427559
-2.649232
-2.955805
-0.627824
0.988929
0.591954
-0.678989
-0.952620
0.803631
2.018726
1.998248
0.982928
-0.361179
-1.139602
-1.221495
-0.615346
0.144419
-0.325677
-1.593648
-1.823964
-1.491897
-1.082837
-0.802964
-0.142510
0.426104
0.414666
0.362905
0.552380
0.747546
0.437268
-0.409103
-1.578385
-2.201623
-1.373106
-0.701165
-0.260164
-0.321986
-0.461834
0.241430
0.828442
0.948393
0.418409
-0.100300
0.339888
0.375695
-0.406819
-0.735479
-0.459977
0.082164
0.459384
0.830869
1.114248
0.496354
-0.455849
-1.136916
-1.310868
-1.074875
-0.501434
-0.202693
-0.030243
0.630451
1.559115
1.757588
1.628294
0.988721
0.208257
-0.081889
-0.505194
-0.199212
-0.200125
-0.974371
-1.438969
-1.479823
-1.209092
-0.761816
-0.420686
-0.341129
-0.520983
0.330037
1.357490
1.568913
0.419833
-0.647332
-0.606655
0.577369
1.425989
0.996487
-0.174161
0.159227
1.216758
1.633770
1.299302
-0.207871
-0.591642
0.430236
1.123924
1.408209
1.157976
0.334691
-0.083703
-0.002739
0.084678
-0.452480
-0.946778
-0.480170
0.263434
0.336770
-0.617751
-1.187295
-0.633051
0.098836
0.311856
-0.157679
-0.610416
-0.342971
1.010399
1.730291
1.144566
0.638546
0.734645
1.458887
1.710666
1.018518
0.370826
0.093807
-0.111632
-0.250518
-0.324205
-0.448331
-0.142040
-0.225979
-0.646475
-0.445869
0.113872
