1.427322
1.365723
0.583649
-0.405910
-0.638674
-0.036983
0.555168
0.611377
0.201326
-0.812987
-1.060470
-0.341793
0.144072
0.091739
-0.303636
-0.496310
-1.084112
-1.106337
-0.398350
0.200243
0.561851
0.534536
0.436657
0.448591
1.133138
1.530964
1.507817
0.484241
-0.498893
-1.063997
-0.594676
0.426875
0.701300
-0.133350
-1.081975
-1.327461
-1.229681
-0.946020
-0.632329
0.242812
0.531938
-0.045786
-0.453511
0.028836
0.477731
0.509904
-0.174170
-1.074826
-1.414049
-1.016287
-0.197982
0.451659
0.612463
-0.053174
-0.878481
-0.817048
-0.207789
0.485396
0.204243
-0.511453
-0.674359
-0.439104
0.325532
1.083650
1.258798
0.667980
0.063534
-0.428231
-0.469225
0.071800
0.188308
0.036608
-0.178426
-0.039690
0.218294
0.594851
0.250866
-0.521489
-1.219238
-1.747362
-1.376426
-1.161430
-1.047838
-0.278037
0.854740
1.145697
0.117483
-0.677527
0.176462
1.270233
1.337556
0.561377
-0.055479
-0.027671
-0.051182
-0.078212
0.095960
0.152792
0.182976
0.304405
1.283459
1.880949
0.946717
-0.710687
-1.557771
-0.581318
0.454577
0.903365
1.011876
0.656164
0.106885
0.109107
0.142485
0.520123
0.390503
-0.304706
-0.524211
-0.167720
-0.345861
-0.376416
0.090463
-0.089937
-0.282054
0.115487
0.322577
-0.278675
-1.472294
-1.609251
-1.186082
-0.009457
0.782527
0.950619
1.336635
1.189615
0.599831
-0.007408
-0.139046
-0.676864
-0.623293
0.319978
0.312802
-0.419074
-1.248471
-1.299322
-0.467138
0.360222
0.789874
0.728683
0.616244
0.915013
1.248348
0.632203
-0.069579
-1.178994
-1.443439
-0.240535
0.628137
0.414503
-0.430924
-0.714345
-0.797509
-0.387095
0.517061
0.700261
0.802903
0.322145
-0.269193
-1.017264
-1.491821
-0.835932
-0.279040
-0.761033
-0.636386
-0.153646
0.174208
0.798205
0.818236
-0.184546
-0.489960
0.205911
0.437492
0.287350
-0.222830
0.109502
0.321074
0.200626
0.183254
0.357954
0.507938
0.468227
0.237633
-0.334678
-1.127103
-0.874683
-0.021600
0.147334
-0.429561
-0.559577
0.360268
0.551186
-0.139924
-0.417261
-0.224797
-0.089228
-0.005374
0.110811
0.271404
0.921759
1.430128
1.855281
1.445213
0.128635
-0.942580
-0.964280
-0.372057
-0.195254
-0.083411
0.052277
0.438268
0.808328
0.837457
0.886129
-0.173257
-1.885922
-2.756160
-1.730890
-0.416400
0.396771
0.736683
1.001242
0.957333
0.688885
0.553172
0.793550
0.381291
-0.241828
-0.911110
-0.818062
0.004392
0.496642
0.019926
-0.246270
0.101074
0.666685
0.646771
0.041710
-0.528323
-0.389248
-0.089574
0.203949
0.352548
0.280715
0.341797
0.419197
-0.176855
-1.171843
-1.212417
-0.386214
0.003614
0.045688
-0.163719
-0.370765
-0.098505
0.625313
0.995353
1.029275
0.559414
0.133934
0.136242
-0.367764
-0.926134
-0.470887
0.613990
0.736934
0.428033
0.483488
0.143210
-0.809183
-1.006869
-0.418046
0.428477
0.516079
0.016304
0.690223
0.888085
-0.107292
-0.601172
-0.654021
-0.666454
-0.330310
-0.457563
-0.584156
-0.148903
0.302196
0.569153
0.340523
-0.172113
-0.293641
-0.296860
-0.012625
-0.442722
-0.556779
-0.384399
-0.261627
-0.005542
0.155296
-0.158672
-0.496798
-0.937874
-1.412321
-1.828296
-3.022838
-4.797259
-5.624327
-4.994120
-4.326683
-4.291338
-4.887646
-5.524782
-4.961695
-3.582227
-2.841709
-2.262760
-1.786884
-0.659158
-0.195274
1.347569
3.170589
3.165173
2.309867
2.118027
2.468280
2.872516
3.330092
3.875783
3.960496
4.069506
4.085746
3.615942
3.150051
2.887467
2.367589
1.856626
1.594950
1.851274
2.258555
2.649823
2.615691
2.608621
2.743938
2.716935
1.919349
0.857958
0.330900
1.236512
1.955087
2.069897
1.197395
0.909384
1.262614
1.636800
1.594932
1.079192
0.543087
0.096454
-0.127741
0.165270
0.444064
0.639857
0.746024
0.502759
-0.303104
-0.806627
-0.606612
-0.032375
-0.100332
-0.684675
-1.442046
-1.939374
-1.878002
-1.088988
-0.720643
-0.807507
-0.739288
0.101471
1.164184
1.883791
1.813004
1.237070
0.734338
-0.099962
-0.356508
-0.167778
-0.390594
-1.240808
-1.942230
-1.847780
-1.390468
-1.109400
0.098622
0.688268
0.614957
0.373830
0.142470
0.446069
0.718257
0.114177
-0.304809
-1.005984
-1.115479
-0.588370
-0.486586
-0.743663
-1.166626
-1.216011
-0.924888
-0.092938
0.646332
0.719124
0.813975
0.505654
-0.675045
-1.131452
-0.948589
-0.939657
-1.133048
-1.346016
-1.371661
-0.977087
-0.534041
-0.742329
-0.555139
-0.114300
0.326046
0.219473
0.543974
0.496142
0.277556
-0.135388
-0.859122
-1.174774
-1.561718
-1.388017
-1.011632
-0.463408
-0.032614
0.316371
0.617162
0.504333
0.140991
0.400341
0.816068
0.797701
-0.459512
-0.843478
-0.299821
0.153606
-0.142983
-0.609177
-0.634904
-0.766393
-0.453852
0.220984
-0.015826
-0.269437
-0.351644
-0.602781
-0.809099
-0.303128
0.447492
0.434845
0.101094
0.675717
1.380097
1.687747
1.404704
0.518578
0.237406
0.385474
0.321453
0.585471
0.584034
0.058559
-0.426669
-0.283640
-0.175736
0.195358
-0.295257
-0.611992
0.121524
0.720469
0.785497
0.826632
0.067212
-0.939176
-1.196419
-0.772996
-0.570053
-0.088195
0.716762
0.961465
0.407453
-0.029482
-0.186049
-0.275163
-0.547893
-0.429154
0.366842
0.726356
0.874776
0.645655
-0.057621
-0.215142
-0.421482
-0.685115
-0.933971
-1.402718
-1.244617
-0.620099
-0.581706
-0.499089
-0.298295
0.223962
0.582288
0.637477
0.760071
0.011503
-0.527590
-0.870612
-0.819958
-0.881521
-1.043164
-0.369982
0.712780
1.713783
1.638709
0.441201
-1.003356
-1.404467
-0.528660
0.167497
0.175175
0.122482
-0.070176
0.021649
0.554911
1.079048
0.975071
1.045657
0.455022
-0.438171
-0.808985
-0.348276
0.572507
0.380523
-0.234427
-0.140027
0.418241
0.509814
0.490646
0.338930
0.043621
0.313025
0.800891
0.760850
0.681114
0.967345
1.243225
1.194497
0.594991
0.074183
0.170173
0.265785
0.125461
0.262562
0.676295
0.340715
-0.686564
-0.521219
-0.436944
-0.417284
-0.366980
-0.274027
0.260589
1.051344
1.716809
1.053211
0.072353
0.028308
0.440271
0.582888
-0.112919
-1.000141
-1.439674
-1.366207
-0.673730
-0.014841
-0.056690
-0.083119
0.065372
0.455613
0.351840
-0.433923
-1.102946
-1.285167
-1.453769
-1.627973
-1.528075
-0.922796
-0.552708
-0.625351
-0.805393
-0.704117
-0.993869
-0.955384
-0.626409
-0.309158
-0.384318
-0.513345
-0.528003
-0.412664
-0.096128
0.124007
-0.481882
-0.773846
-0.317963
0.554177
1.233289
1.245226
0.435577
-0.585627
-1.162205
-1.241640
-0.219439
0.483900
0.736076
0.232261
-0.468972
-0.482765
0.155559
0.561575
0.500120
0.343864
-0.244393
-0.881036
-0.865778
-0.365940
-0.080242
0.265383
0.918940
1.104718
1.272781
0.983382
0.435560
0.334498
0.896735
1.387734
1.109557
0.823258
0.444673
-0.105849
0.070924
0.278190
0.466266
1.275080
1.750810
1.388175
0.449181
0.131362
0.223435
0.182021
0.269871
-0.088512
-0.385477
-0.729412
-0.949996
-0.947442
-1.252687
-1.045376
0.135941
0.460259
0.425477
0.741979
1.256274
0.941212
-0.096592
-0.498466
-0.685692
-0.482798
0.035605
0.304325
0.170029
-0.243842
-0.300861
0.018278
0.416212
0.240003
-0.130992
-0.051941
0.182764
0.217442
0.080324
-0.642112
-0.957415
-0.787398
-0.486878
0.455063
1.090389
1.064737
0.844998
0.584214
0.413792
0.409675
-0.174005
-1.195514
-1.564209
-1.217144
-0.863650
-0.397550
-0.065862
0.162748
0.951316
1.044691
0.277173
-0.914401
-0.935405
-0.053979
0.328996
0.211395
-0.179544
-0.478586
0.176789
0.534064
0.779249
0.407621
-0.250282
-0.421012
-0.603156
-0.535798
-0.408957
-0.202768
-0.191607
-0.064056
0.044565
-0.319191
-0.772311
-1.035509
-1.145729
-1.301156
-0.813874
-0.046744
0.099233
-0.587128
-0.899724
-0.655750
0.177086
0.436685
0.493173
0.514443
0.155570
-0.740051
-1.189188
-1.076525
-0.616807
0.295280
1.089917
1.349323
1.048276
0.361266
-0.380276
-0.605639
-0.030541
0.589070
0.973870
0.752549
0.231112
-0.322535
-0.807805
-1.119184
-1.247812
-1.095094
-0.469338
-0.044506
0.379519
0.153790
-0.057118
0.307362
0.473960
0.349298
0.666154
1.130131
0.673013
0.306958
-0.365064
-0.445545
-0.454502
-0.006119
1.080232
2.023470
1.728173
1.014838
1.121071
1.974192
1.559620
0.221836
-0.600967
-0.798928
-0.909314
-1.122825
-1.309355
-1.075831
-0.544722
0.126007
0.897917
1.600948
1.623391
1.101826
0.732582
0.278340
0.063168
0.009943
-0.043836
-0.393522
-1.103015
-2.093265
-2.265362
-2.418530
-2.013552
-1.578532
-0.859471
0.245304
1.168704
1.283484
1.023233
0.355842
-0.006431
0.375306
0.129984
-0.426960
-0.929919
-0.730482
-0.068189
0.169825
0.177419
0.107409
-0.053140
-0.447967
-0.775984
-0.197546
-0.254374
-0.563237
-0.448952
-0.121047
-0.136752
-0.270766
0.060504
0.433675
0.439507
0.554683
0.661127
0.761053
0.963026
0.679528
0.669218
0.568292
-0.180025
-0.871838
-1.151626
-1.106761
-0.539491
0.159712
0.392045
0.703393
0.607998
0.313269
0.609002
0.658128
0.627850
0.442344
-0.170682
-0.404273
-0.541945
-0.208337
0.133837
-0.553931
-1.163449
-0.978386
0.452195
1.683080
2.252535
1.390732
0.046503
-0.999410
-0.720096
-0.143026
0.033809
-0.069585
-0.062510
-0.236786
-0.804023
-0.669160
-0.200015
0.088700
0.494714
0.402754
0.572800
0.760311
0.600452
-0.225094
-0.764343
-0.732678
0.129208
0.563687
0.485291
0.301054
-0.019022
0.065252
0.536798
0.727729
0.588175
0.365488
-0.213007
-1.147569
-1.204482
-1.111442
-0.959957
-0.737399
-0.298254
0.396502
0.695414
0.975413
0.724588
0.499959
0.958863
1.148194
0.647061
-0.287554
-0.909141
-0.957611
-0.578321
-0.495068
-0.793034
-1.113022
-1.619244
-1.402596
-1.132929
-1.041047
-0.321073
-0.331198
-0.471915
-0.415905
-0.075430
0.129849
0.155708
-0.335471
-0.975870
-0.815439
-0.495398
0.263483
0.723049
0.854218
0.986497
1.237892
1.351124
1.200930
1.238284
1.316948
0.985872
0.647703
0.488426
0.105031
0.428725
1.145282
1.637048
1.494580
1.172036
0.299919
-0.740454
-0.711093
0.201389
0.915472
1.171650
-0.191497
-1.331791
-1.351844
-0.492983
0.102071
0.445185
0.054209
-0.367668
-0.283927
-0.342189
-0.567774
-0.912147
-1.339806
-0.748364
0.219524
-0.296326
-0.725860
-0.315771
-0.171624
0.193755
-0.135965
-0.738386
-0.621325
0.734951
1.008138
0.558167
0.045706
-0.155779
0.125466
0.385881
0.293702
0.087946
0.091519
0.038590
0.068986
-0.141387
-0.418446
-0.123409
0.235798
0.257771
-0.133065
-0.609329
