-0.211642
0.127438
0.481558
0.660265
0.850732
0.856867
-0.196749
-0.934812
-0.902084
-0.613621
-0.303351
-0.324976
-0.427771
-0.348421
0.090193
0.318263
0.722317
0.834289
0.669371
0.407454
0.074457
-0.069564
0.110088
0.772501
0.981368
0.806477
0.389510
-0.252591
-0.468773
-0.706966
-0.814243
-0.566911
0.331725
1.300720
0.722944
-0.018952
-0.067216
0.049714
0.063981
0.447230
1.098402
1.245929
0.623589
-0.264562
-0.917909
-0.366541
-0.056800
-0.590060
-0.889516
-0.274644
-0.342999
-0.029531
0.377856
0.708758
0.637009
0.429209
-0.083734
-0.521932
-0.373832
-0.218192
-0.097978
-0.017168
-0.389049
-1.033258
-1.143930
-0.225635
0.678266
-0.023927
-0.845812
-0.885317
-0.520457
0.000090
-0.053017
0.072208
0.694857
1.289934
0.455524
-0.492316
-0.451137
-0.389059
0.202285
0.654620
0.882993
0.381716
0.204479
-0.063954
0.733007
1.740453
1.840978
1.232889
0.630931
0.336887
0.055883
-0.310278
-0.594957
-0.360791
-0.075615
0.636263
0.928000
0.509905
0.061640
-0.331402
-0.239427
0.133066
-0.355791
-0.542213
-0.546415
-0.674170
-0.050949
-0.102061
0.201801
0.859606
0.494563
0.303268
0.319952
-0.690532
-1.413463
-1.231508
-0.462456
0.170394
0.577931
0.676569
0.109089
-0.457803
-0.799667
-0.671498
-0.016789
0.514167
0.363926
-0.432023
-0.386948
0.155752
0.363571
0.237335
0.505733
0.230634
-0.278887
-0.494437
-0.576449
-0.661763
-0.403949
0.001627
-0.068701
0.021993
-0.166872
-0.747872
-0.764791
-0.560503
-0.530025
-0.531283
-0.234412
0.009634
0.173713
0.376392
0.278787
0.425841
0.665734
-0.182232
-0.538194
-0.006558
0.839322
0.681741
-0.226357
-0.327546
0.286766
0.519177
0.254270
-0.280583
-0.831318
-0.642431
-0.281295
-0.180125
0.458468
0.884895
1.176940
0.675662
-0.097849
-0.199804
-0.210677
0.406158
0.616428
0.484970
0.427537
0.454422
-0.014950
-0.509672
-0.390965
-0.106573
-0.107929
-0.403032
-0.867780
-1.113542
-1.421824
-1.069466
0.080543
0.367391
-0.138987
0.137697
0.020624
0.055096
0.102115
-0.797813
-1.280156
-1.028809
-0.687538
-0.713470
-0.700530
-0.649318
0.192531
0.825154
0.979321
0.994371
0.312965
0.162548
0.031531
0.061173
0.298035
0.022557
-0.032495
0.162585
0.051669
-0.040891
-0.056000
0.271925
0.290969
0.274935
0.647321
1.242905
1.285131
0.863425
0.165388
0.054259
0.458619
0.541412
-0.082381
-0.237451
-0.175093
0.170470
1.159688
1.461807
0.521175
-0.499187
-0.326485
-0.095353
-0.771148
-1.303429
-1.280589
-0.106177
1.342725
1.208024
0.416894
0.089907
0.011960
0.340063
0.994735
0.373919
-0.316248
-0.107267
0.106370
-0.117141
-0.301739
-0.745868
-1.026913
-0.122800
0.465341
0.228378
-0.194289
-0.575557
-0.442132
-0.357720
-0.191991
-0.051243
0.386698
0.102590
0.086202
0.526529
0.620370
0.436095
0.132835
-0.264070
-0.962277
-0.752915
-0.013942
0.051674
0.095997
0.396024
0.225207
0.185182
-0.082281
-0.445083
-0.431343
-0.279334
0.501027
0.506727
0.343695
0.532782
0.081434
-0.421752
-0.686148
-0.566216
-0.290689
-0.390553
0.288590
0.794098
0.756723
0.632194
0.223377
-0.333022
-0.978309
-1.786716
-2.149685
-2.800066
-3.830482
-4.293038
-3.992923
-3.529913
-4.024638
-4.556773
-4.598890
-4.627827
-4.728020
-4.079652
-2.392405
-1.062041
-0.728020
-0.190431
0.637238
1.053047
1.171017
1.723858
2.731175
3.171775
3.266631
2.752303
2.056048
2.132707
2.881523
2.898243
2.881169
2.996451
3.553820
4.012315
3.822809
2.672487
2.372472
2.336048
3.076653
3.836560
3.830370
3.160300
2.612219
1.907621
1.496490
0.643253
0.003041
-0.805925
-1.094735
-1.471817
-1.597627
-0.885311
0.368537
1.116669
1.315964
0.972975
-0.209117
-0.668249
-0.281526
0.623439
0.271666
-0.686760
-1.295319
-0.826806
0.301881
0.605964
0.456615
0.924057
0.935659
0.531606
-0.171753
-0.642419
-0.204420
0.389699
0.185971
-0.282486
-0.198460
0.084853
0.066653
-0.653742
-1.032835
-0.425377
0.541378
0.706006
0.612172
0.679933
0.847969
1.143752
1.620716
0.849609
-0.077110
-0.319802
-0.590904
-0.657566
-0.609596
-0.820941
-0.427450
0.207637
-0.059665
-0.298841
-0.393337
-0.489206
-0.938897
-1.108868
-0.942187
-0.397565
-0.045269
0.220834
0.300956
0.160955
0.220874
0.300218
0.415761
-0.497847
-0.773572
-0.351859
-0.603130
-1.166695
-0.961436
-0.589581
-0.496952
-0.368130
-0.817107
-0.912287
-0.520060
0.001910
0.434298
0.455569
0.018178
-0.304635
-0.801374
-1.446349
-1.337175
-1.025097
-1.004361
-1.196795
-0.709370
-0.453542
-0.009048
0.514647
0.414605
0.489497
0.061956
-0.485241
-0.500074
-0.032522
-0.108373
0.107297
-0.152812
-0.944444
-1.091033
-0.328782
0.732686
0.354195
-0.227756
-0.301160
0.003727
0.849241
1.549213
1.366083
0.887932
0.364837
0.089668
-0.332727
-0.745803
-1.041539
-0.375390
0.821142
1.092992
0.843022
0.579642
0.786437
0.624577
-0.033798
-0.362465
-0.526964
-0.536911
-0.969375
-0.510528
-0.027628
-0.047116
-0.451260
-0.317368
-0.650942
-0.219401
0.288464
0.577634
0.088254
-0.843957
-1.576216
-1.149317
0.347778
1.348091
1.248500
0.338991
-0.189866
-0.267892
-0.117410
-0.010945
-0.227709
-0.302192
-0.561496
-0.896039
-1.123792
-0.476937
0.258608
0.548465
0.065238
-0.476595
-0.070316
0.087209
-0.011850
-0.204853
-0.423312
0.037699
0.355196
-0.122168
-0.145004
-0.679007
-0.898185
-0.809257
-0.106532
0.504186
0.363901
-0.227001
-0.586950
0.035400
1.024824
1.020200
0.005737
-0.483101
-0.106829
0.246109
0.388010
0.344360
0.438525
0.254831
-0.454808
-0.383952
0.049488
0.638192
1.300181
1.295353
0.572685
-0.069060
0.090042
0.841943
0.562539
-0.407409
-0.705902
-0.491787
0.020828
-0.244643
-0.903730
-1.326212
-0.896554
-0.538603
-0.872510
-0.884747
-0.508020
0.371783
1.023435
0.825270
0.517548
0.469831
0.348239
-0.051159
-0.602563
-0.901442
-1.153787
-0.746168
-0.147937
0.266044
1.098649
1.570556
1.252572
0.902317
0.966763
0.639844
-0.097545
-0.530376
-1.611555
-2.270203
-1.701666
-0.912663
0.012973
0.343908
0.693624
0.619664
0.711939
0.423447
-0.365246
-0.414076
-0.638869
-1.074062
-0.612166
-0.637779
-0.920535
-0.551148
0.064491
0.072509
-0.130399
-0.589459
-0.611974
-0.129034
0.009036
0.440759
0.994147
0.744976
0.018294
-0.093420
-0.365358
-0.918974
-1.171312
-0.454075
0.589987
0.858797
0.475666
0.458246
0.530918
0.801704
1.273124
0.768248
-0.004421
-0.073970
-0.090178
-0.128975
0.486087
0.964934
0.611308
0.465300
0.369579
0.201883
-0.507796
-1.043919
-1.429989
-0.808379
0.253863
0.432410
0.294548
0.473251
0.654971
1.473517
1.487950
1.234565
1.408325
1.053192
-0.686236
-1.958522
-1.936746
-1.267479
-0.943094
-0.112133
1.225389
1.796210
2.094719
1.364792
-0.182511
-1.288554
-1.201996
-0.699249
-0.358284
-0.395791
0.214331
0.948171
1.598107
2.208108
2.145229
1.365163
0.309369
-0.429084
-0.437379
-0.542698
-0.434203
-0.153382
0.295699
0.798372
1.718382
1.370262
0.157452
0.071008
-0.525229
-1.077228
-1.846979
-2.728719
-2.378074
-0.656811
0.475137
0.453517
0.651927
0.716097
0.920340
0.820527
0.564055
-0.204919
-0.876497
-0.989243
-0.719859
-0.673662
-0.109878
0.264403
0.596504
0.891247
1.262755
1.384363
0.735638
-0.559282
-1.542972
-2.286667
-2.630518
-2.484080
-2.576700
-2.108645
-1.020180
0.243079
1.398524
2.049925
2.294371
1.758180
0.522689
-0.368826
-0.582187
-0.578665
-1.571910
-2.434420
-1.429898
-0.185743
1.073153
1.446852
1.024538
0.686719
0.397248
0.182254
0.324701
-0.220736
-1.309650
-1.894776
-1.242669
-0.553121
0.404274
0.796375
0.439501
-0.066643
-0.070259
0.633014
0.873713
0.171147
-0.138519
-0.170315
-0.651530
-1.027229
-0.024683
0.631797
1.020825
1.247072
1.260387
1.025154
0.551800
0.773951
1.023531
0.543425
0.015614
-0.974039
-1.381711
-1.224724
-1.016672
-0.554605
0.040216
0.739522
1.099417
0.299843
-0.471140
-0.333667
-0.565567
-0.841997
-0.339319
0.639637
1.369953
1.556415
0.914950
0.148688
0.035606
0.050074
-0.484078
-0.541732
-0.873551
-1.208112
-0.953105
-0.688190
-0.380309
0.064981
0.592478
0.875328
1.619185
1.583951
0.428634
-0.230755
-0.301556
-0.608829
-0.969572
-1.290460
-1.455008
-1.116598
-0.248565
-0.048066
-0.810358
-0.184766
0.232924
0.558564
1.018705
1.403331
1.213624
-0.012008
-0.848873
-1.690721
-2.061759
-2.016170
-1.905246
-1.516143
-0.630982
-0.373968
-0.265056
0.051385
0.475619
0.186861
0.746286
0.417263
-0.297942
-0.225311
0.081846
0.380232
-0.061388
-0.148359
0.695612
1.690040
1.697947
0.721683
-0.599186
-1.077555
-0.839055
-0.328840
-0.113259
0.273470
0.636370
0.925957
0.909720
0.654678
1.335246
1.400374
1.011213
0.327265
-0.105234
0.109944
0.155352
-0.355717
-1.015601
-1.230383
-0.969372
-0.531217
0.008589
0.449615
0.823609
1.308213
1.247528
0.856755
0.897144
0.766750
0.894266
0.280162
-0.666287
-1.611052
-2.538302
-1.824075
-1.023407
-1.253252
-1.215250
-0.113934
1.184825
1.873841
1.430367
1.198946
1.434648
0.800192
0.266587
-0.003277
0.239980
-0.296139
-1.053731
-0.484670
-0.342035
-0.359452
-0.068811
0.967924
1.248514
0.974454
0.543870
0.203019
-0.042377
-0.276225
-0.423697
-0.762235
-0.578548
-0.548308
-0.444532
0.464080
0.921125
0.894992
0.353154
0.169094
0.066281
0.237280
0.236436
-0.367828
-0.618977
-0.522319
0.084967
0.163955
-0.097678
-0.422282
-0.160427
-0.197994
-0.854973
-1.925349
-2.273810
-1.421644
0.161717
0.853182
0.544584
0.509804
0.882989
0.709202
-0.532071
-1.511820
-1.516117
-0.881323
-0.149239
0.695106
0.802257
0.751289
0.470451
-0.190529
-0.965848
-1.173400
-1.265802
-1.611765
-1.065940
-0.713708
-0.622304
0.042606
1.375422
2.176330
1.657484
1.371807
1.354959
0.527445
-0.025541
-0.812877
-0.776439
-0.312053
0.184115
0.413714
0.538364
0.725863
1.012995
1.380049
0.893155
0.372932
0.084265
-0.032214
-0.423685
-0.788500
-0.636665
-0.266783
0.091389
-0.197129
-0.544668
-0.427049
-0.065585
-0.200440
-1.211755
-1.949575
-0.877077
-0.409489
-0.330326
-0.668032
-1.237485
-1.350184
-1.217888
-0.100105
-0.031079
0.378875
0.873105
1.000573
0.797285
0.113084
0.236485
0.472899
0.755456
0.736773
0.473012
0.151980
-0.025676
0.224330
-0.073360
-0.290499
0.183962
-0.202175
-0.251019
0.819474
1.023288
0.385195
-0.137514
0.049312
0.068550
-0.540250
-0.435306
