-2.274845
-2.190598
-1.989042
-1.702861
-1.460440
-1.273013
-1.306760
-1.026797
-0.566103
-0.437148
-0.527013
-0.292688
-0.741356
-1.095231
-0.684597
-0.331507
-0.022019
-0.035877
-0.140219
-0.086660
0.365264
0.430837
0.401156
0.525713
0.824472
0.667540
0.498219
0.522247
0.078483
-0.020144
-0.162600
-0.328824
-0.240867
-0.269858
-0.374034
-0.692717
-0.660114
0.241771
1.242687
0.997001
0.757103
0.599734
0.470341
0.658735
0.501691
0.547091
0.616248
0.669019
0.963497
0.990206
0.830178
0.730719
0.804931
0.740732
0.243786
0.328960
0.207478
0.170183
-0.193293
-0.719802
-0.821760
-0.762031
-1.166554
-1.167927
-0.978284
-0.384342
0.096163
0.260819
0.363494
0.505701
0.372763
0.285773
0.469847
0.405982
0.280141
0.214009
0.317450
0.638272
0.710424
0.768310
0.658077
0.094330
0.308267
0.597253
0.410937
0.200808
-0.215784
-0.599557
-0.751935
-1.006038
-1.080599
-0.346080
0.003208
-0.454533
-0.815441
-0.444829
-0.483586
-1.080895
-0.764021
-0.467381
-0.694717
-0.883129
-0.908517
-0.611076
-0.708325
-1.264695
-1.777077
-2.025199
-1.321667
-0.853760
-0.926121
-1.191340
-1.078099
-0.233535
0.020124
-0.236571
-0.220555
0.055798
-0.295429
-0.579188
-0.646605
0.031291
0.066579
0.183133
0.016436
-0.089209
0.273334
-0.093010
-0.894411
-0.974218
-0.564483
-0.562171
-0.300870
0.233698
0.455597
0.670862
0.968079
0.958102
1.143005
1.377572
1.451974
1.111876
0.869571
0.815067
0.737466
1.117103
1.675807
2.138133
2.876330
2.775214
2.169776
2.057695
1.857406
1.514437
0.882297
0.250467
-0.621007
-1.291129
-1.466395
-1.288123
-1.237897
-1.696446
-1.411881
-0.783694
-1.160476
-1.229515
-0.898052
-1.045113
-1.191152
-0.961196
-0.498683
-0.671338
-0.760064
-0.401048
-0.330933
-0.318136
-0.200300
0.032503
0.519227
1.076844
1.125606
1.133182
1.527022
1.294620
0.974837
0.783097
0.418056
0.150807
0.057781
0.559043
0.361720
0.204183
0.381618
0.529635
0.185986
0.300947
0.039278
-0.238718
-0.274778
-0.209134
-0.145854
-0.300550
-0.073355
0.103226
0.490164
0.979758
0.667433
0.477643
0.388825
0.159653
-0.086856
-0.256184
0.130295
0.278951
0.211048
-0.083406
-0.819612
-0.551223
-0.365573
-0.769141
-0.818888
-0.997726
-0.866598
-0.845343
-1.024947
-0.638394
-0.420512
-0.613857
-0.295724
-0.213782
0.017569
0.114585
0.279783
-0.309448
-0.446543
0.048253
0.517549
0.995953
0.539822
0.350444
0.968556
0.611691
0.407976
0.452995
0.138969
0.094651
0.256964
0.531497
0.471458
0.265002
0.391841
0.031580
-0.995405
-1.436108
-1.153649
-0.910649
-0.676810
-0.378273
-0.307333
-0.339146
-0.489166
-0.303794
-0.159759
-0.126948
-0.134607
0.249296
0.456175
-0.171440
-0.714925
-0.212728
0.278299
0.434063
0.357379
0.557214
0.736252
1.317404
0.970323
0.268316
-0.160090
-0.505567
-0.557265
-0.633938
-0.820504
-0.513918
-0.085217
-0.300243
-0.183560
0.310018
0.998806
1.215035
0.360913
0.143429
0.497265
0.371226
0.405129
0.258774
-0.080397
0.005940
0.201959
0.506386
0.352532
-0.139278
-0.387284
-0.332180
-0.497779
-0.722945
-0.935699
-1.245618
-0.670314
0.051014
0.584012
0.885955
0.406177
0.462140
0.381004
-0.034676
-0.958645
-1.309775
-1.254921
-1.457777
-1.394816
-0.566550
0.033040
0.454044
0.633877
0.414585
0.320399
0.129299
-0.042297
0.067908
-0.467244
-1.047242
-0.852832
-0.138364
0.238098
0.004759
0.158749
-0.221107
-0.608479
-0.772678
-1.222866
-1.142309
-1.071545
-1.175224
-1.233258
-0.647982
-0.285326
-0.325361
-0.152398
-0.151510
0.160120
0.560455
1.047686
1.036683
0.977502
1.242949
1.556617
1.739269
1.869464
1.468644
1.555927
1.684762
0.738163
-0.135690
-0.604333
-0.431604
0.119706
-0.054134
-0.562525
-0.602384
-0.179990
-0.200790
-0.181716
0.482308
0.325113
0.228738
0.147719
-0.141518
-0.616456
-0.710142
-0.229734
0.221691
0.784076
1.255796
1.478554
1.753738
1.683664
1.828278
1.651924
1.342429
0.676351
0.146118
-0.419747
-0.765304
-0.936239
-1.012761
-0.539595
-0.398771
-0.290090
0.036515
-0.251710
-0.203330
-0.513543
-0.864607
-0.648259
-0.681509
-0.736384
-0.580828
-0.246541
0.293061
0.403910
0.359473
0.614882
0.667097
0.498649
0.238070
-0.822482
-0.789057
-0.345529
-0.818242
-0.846032
-1.126582
-1.568747
-1.061620
-0.713450
-0.410994
-0.134136
-0.863121
-1.410264
-0.996185
-0.982292
-1.207658
-1.310830
-1.034581
-0.534325
-0.879318
-0.572311
0.195369
0.589730
0.623596
0.589382
0.433769
0.105261
-0.495712
-0.758488
0.064696
0.385703
0.055827
0.011572
-0.060706
-0.168044
-0.284023
0.244176
0.632170
0.547719
0.470627
0.353626
0.509578
0.993491
0.999075
0.980178
0.887093
0.971540
0.789595
0.417488
0.290643
-0.135524
-0.233357
0.068044
-0.060762
-0.656628
-0.950673
-0.756041
0.024935
0.657712
0.533496
0.434404
0.488801
0.706194
-0.020169
-0.561130
-0.419941
-0.508311
-1.339275
-1.362800
-0.602935
-0.013171
0.015076
-0.230852
-0.162868
0.173162
0.467078
0.420777
0.055916
0.305352
0.812904
0.822972
0.180898
0.287426
0.675340
0.697484
0.593614
0.535239
0.294922
0.021640
-0.064402
-0.105370
-0.340977
-0.395320
-0.258047
-0.107409
-0.096410
0.123341
0.220577
0.128353
-0.078219
-0.142761
0.053448
0.140654
0.267297
-0.037478
0.229848
0.863518
1.329864
1.474504
1.292229
1.155310
0.672335
0.506853
0.164958
-0.410975
-0.521189
-0.390272
-0.726755
-0.566616
-0.000087
-0.068525
-0.173823
-0.025637
-0.217016
-0.030639
-0.486748
-0.657179
-0.461959
-0.253205
0.018873
-0.020215
0.121605
-0.062477
-0.303937
0.030879
-0.004796
0.037648
0.054081
-0.487745
-0.349795
0.062197
-0.321416
-0.430188
-0.296445
-0.291925
-0.097113
0.325731
0.378743
0.061936
0.166445
-0.111096
-0.398640
-0.128223
-0.175716
-0.248103
0.077885
0.110887
-0.348880
-0.336960
0.096378
-0.156321
0.003493
0.390394
0.528298
0.452142
0.012557
-0.272329
0.061460
0.435969
0.106637
-0.076260
0.015008
0.079515
-0.073164
-0.644419
-1.023184
-0.452541
0.394679
0.896877
0.740938
0.347835
0.193299
0.098299
-0.297658
-0.393742
-0.067142
0.329489
0.381532
-0.189932
-0.444270
-0.372819
-0.060043
-0.153407
-0.410658
0.159423
0.921971
1.208878
0.686235
0.642039
0.948507
0.652793
0.464127
0.309576
-0.055309
-1.189030
-2.169327
-2.925371
-3.323464
-3.583262
-3.548285
-2.920109
-2.505863
-2.344253
-1.611271
-1.386516
-0.913262
-0.347768
-0.661314
-0.325397
0.340207
0.901329
0.901672
0.472099
0.390522
0.470911
0.306761
-0.030500
-0.503445
-0.879145
-0.691570
-0.303443
0.049095
0.125225
0.447695
0.484467
0.067651
0.264583
0.351054
0.339487
-0.072644
-0.184139
0.209368
0.574161
0.422872
0.343171
0.272808
0.271700
-0.330396
-0.686083
-0.699568
-0.716258
-0.383195
0.065817
0.446442
0.789269
1.228569
1.511806
1.213640
0.853128
1.109408
1.809342
2.348997
2.451110
2.253473
2.077426
1.883160
1.676219
1.401807
0.992352
0.824604
0.827340
0.783411
0.719383
0.757679
0.857802
1.316810
1.167432
0.737050
1.046077
1.233378
1.164528
1.348129
1.022063
0.288356
-0.022842
-0.343058
-0.158071
0.171175
0.312063
0.324114
0.021102
0.107260
-0.119909
-0.684518
-0.490893
-0.447244
-0.622443
-0.842373
-0.702054
-0.893903
-0.436088
-0.088345
-0.384882
-0.913042
-1.186013
-0.845103
-0.257969
-0.303148
-0.771563
-1.031714
-0.953785
-0.363732
-0.090846
-0.249447
-0.104914
-0.077527
-0.101071
-0.638142
-0.864940
-0.769488
-0.432324
-0.793855
-0.829367
-0.397447
0.041115
-0.237086
-0.790361
-0.755254
-0.513267
0.193834
0.116774
0.431793
0.307890
0.045231
0.442854
0.868613
0.594690
0.505258
0.700902
0.961025
1.069466
0.711233
0.550306
0.578443
0.275715
0.169551
-0.038408
-0.149039
0.291996
0.323071
-0.353326
-0.616035
-0.770927
-0.292641
0.158592
-0.065689
-0.700753
-1.392424
-1.631611
-1.508734
-1.113631
-0.755905
-0.869256
-0.611363
-0.034102
0.289662
0.364768
0.358856
0.490671
0.470910
0.329486
0.413221
0.415288
0.158712
-0.263480
-0.813726
-0.565044
0.126257
0.276529
0.004479
-0.213928
-0.312695
-0.271759
-0.713918
-0.616226
-0.231411
-0.085744
0.213530
0.690086
0.648884
0.231704
0.322143
0.499571
0.739404
0.545035
0.147980
-0.214999
-0.401888
-0.333328
-0.669021
-0.645087
-0.432228
-0.204820
-0.689469
-1.065046
-0.546087
-0.234151
0.344338
0.153023
-0.117162
0.098200
-0.042061
-0.130248
-0.014744
-0.009266
0.212705
0.392924
0.517300
0.227467
0.689318
1.031375
0.668367
0.486519
0.321805
0.267601
0.157936
0.057234
0.148851
-0.199102
-0.275260
-0.172818
0.026164
0.046299
0.386162
0.347786
0.763350
1.356800
1.647885
1.128035
0.558884
0.751915
0.756267
0.638212
1.111987
0.977149
0.747028
0.302526
-0.255796
-0.135608
-0.135924
-0.461340
-0.453146
-0.846274
-0.867084
-0.408241
-0.149494
-0.431318
-0.800556
-1.210926
-1.071504
-1.006824
-1.111577
-1.187757
-1.131305
-0.853305
-0.493520
0.036549
0.254543
0.856365
1.061233
0.512742
0.209388
0.028175
-0.284566
-0.246600
-0.280083
-0.074843
-0.359078
-0.556322
-0.031863
-0.102738
-0.613350
-1.189580
-0.998271
-0.700348
-0.769583
-0.514657
-0.535226
-0.478914
-0.599416
-1.036654
-1.110203
-1.283310
-1.802686
-2.065390
-2.698400
-3.555499
-3.572462
-3.331515
-2.840107
-2.807303
-3.238733
-3.571443
-4.056582
-4.108945
-3.804615
-3.343816
-3.179367
-2.858210
-2.584991
-2.379466
-1.978236
-1.399075
-1.141681
-0.708125
0.094126
0.884349
1.417616
1.780172
2.522084
2.925565
2.935391
3.120395
3.388501
3.010467
2.921048
2.701970
2.319615
2.364087
2.152087
2.329947
2.530193
2.833342
2.978422
2.494957
2.607351
2.470559
2.099190
2.258243
2.446736
2.694005
2.809958
2.882946
2.758507
2.380730
2.225851
2.156248
1.907234
1.858734
1.632741
1.567985
1.967796
1.672098
1.358733
1.426581
1.554444
1.606172
1.446940
1.642007
1.180572
0.680162
1.202764
1.437560
1.478256
1.537378
0.988798
0.804765
1.267875
1.204950
0.575498
0.259700
-0.145822
-0.411610
-0.620637
-0.677044
-0.665562
-0.759610
-0.912679
-0.301713
-0.098523
0.152402
0.179384
0.075303
0.438720
0.657885
0.596195
0.687107
0.757169
0.085444
-0.288117
-0.422099
-0.572056
-0.829466
-1.481135
-1.536101
-1.511374
-1.474237
-1.538707
-1.890219
-1.942951
-1.609215
-1.293911
-1.332156
-1.104475
-0.848860
-0.570624
-0.478468
-0.762949
